400.0 1.15656738983e-69
400.01 1.93813390695e-69
400.02 3.24504204706e-69
400.03 5.42850934761e-69
400.04 9.07328523736e-69
400.05 1.51520798575e-68
400.06 2.52815472523e-68
400.07 4.21462327477e-68
400.08 7.02000764716e-68
400.09 1.16826165336e-67
400.1 1.94252389986e-67
400.11 3.22712904722e-67
400.12 5.35660973805e-67
400.13 8.88356722372e-67
400.14 1.47200231216e-66
400.15 2.43698751233e-66
400.16 4.03108381216e-66
400.17 6.66214474994e-66
400.18 1.10009455113e-65
400.19 1.81497093741e-65
400.2 2.99180338573e-65
400.21 4.92742628562e-65
400.22 8.10832102709e-65
400.23 1.33310834404e-64
400.24 2.18989691036e-64
400.25 3.59422787067e-64
400.26 5.89401526989e-64
400.27 9.65696413142e-64
400.28 1.58086102543e-63
400.29 2.58565441651e-63
400.3 4.22543065099e-63
400.31 6.89914368719e-63
400.32 1.12549381879e-62
400.33 1.83448747475e-62
400.34 2.98751503837e-62
400.35 4.86103963091e-62
400.36 7.9026352258e-62
400.37 1.28362575619e-61
400.38 2.08318875186e-61
400.39 3.37786690648e-61
400.4 5.47242927973e-61
400.41 8.85811868012e-61
400.42 1.43260526813e-60
400.43 2.31491636755e-60
400.44 3.73738449774e-60
400.45 6.02870407508e-60
400.46 9.71636600568e-60
400.47 1.56461495721e-59
400.48 2.51729899205e-59
400.49 4.04655864389e-59
400.5 6.49921026976e-59
400.51 1.04293934066e-58
400.52 1.67217306666e-58
400.53 2.67871870851e-58
400.54 4.28742671945e-58
400.55 6.85630331419e-58
400.56 1.09548654112e-57
400.57 1.74883075873e-57
400.58 2.78940922241e-57
400.59 4.44529302691e-57
400.6 7.07802787422e-57
400.61 1.12602454013e-56
400.62 1.7898109255e-56
400.63 2.84243254245e-56
400.64 4.51021132386e-56
400.65 7.1503504517e-56
400.66 1.13261283089e-55
400.67 1.79250072144e-55
400.68 2.83439852626e-55
400.69 4.47802176816e-55
400.7 7.06862918986e-55
400.71 1.11482811238e-54
400.72 1.75672724214e-54
400.73 2.76582356806e-54
400.74 4.35079201115e-54
400.75 6.83810687646e-54
400.76 1.07380929456e-53
400.77 1.6847759163e-53
400.78 2.64107567414e-53
400.79 4.13659742305e-53
400.8 6.47335435985e-53
400.81 1.01213680683e-52
400.82 1.58114889153e-52
400.83 2.46791404675e-52
400.84 3.84867292238e-52
400.85 5.9967465138e-52
400.86 9.33563988535e-52
400.87 1.45209892126e-51
400.88 2.25669063835e-51
400.89 3.50406024443e-51
400.9 5.43619233381e-51
400.91 8.42639426863e-51
400.92 1.30500582532e-50
400.93 2.01932786082e-50
400.94 3.1219427651e-50
400.95 4.82243906651e-50
400.96 7.44273015464e-50
400.97 1.14768184176e-49
400.98 1.76821251458e-49
400.99 2.72189345953e-49
401.0 4.18631107473e-49
401.01 6.43303010272e-49
401.02 9.87696200713e-49
401.03 1.51514743617e-48
401.04 2.3222561402e-48
401.05 3.55622357722e-48
401.06 5.44116262838e-48
401.07 8.31798376964e-48
401.08 1.27048090826e-47
401.09 1.93883981828e-47
401.1 2.95623823646e-47
401.11 4.50360862346e-47
401.12 6.85497012903e-47
401.13 1.04249553553e-46
401.14 1.58404149278e-46
401.15 2.40482022388e-46
401.16 3.64772752422e-46
401.17 5.52822712242e-46
401.18 8.3709177941e-46
401.19 1.26643816306e-45
401.2 1.9143379716e-45
401.21 2.89119211632e-45
401.22 4.36273667424e-45
401.23 6.57755915888e-45
401.24 9.9081879804e-45
401.25 1.4912395891e-44
401.26 2.24245803468e-44
401.27 3.36918560603e-44
401.28 5.05765569895e-44
401.29 7.58572856418e-44
401.3 1.13676069336e-43
401.31 1.70201941767e-43
401.32 2.54614823981e-43
401.33 3.80563009149e-43
401.34 5.68320304135e-43
401.35 8.47975851e-43
401.36 1.2641467986e-42
401.37 1.88293464554e-42
401.38 2.80218430449e-42
401.39 4.16660046943e-42
401.4 6.19000120014e-42
401.41 9.1880493781e-42
401.42 1.36263525243e-41
401.43 2.01910838608e-41
401.44 2.98925770517e-41
401.45 4.42171548675e-41
401.46 6.53494511562e-41
401.47 9.64976654747e-41
401.48 1.42368982635e-40
401.49 2.09863865986e-40
401.5 3.09089084885e-40
401.51 4.5483448094e-40
401.52 6.68723839746e-40
401.53 9.82344783436e-40
401.54 1.44179924277e-39
401.55 2.11431336687e-39
401.56 3.09783034996e-39
401.57 4.53491986996e-39
401.58 6.63292852623e-39
401.59 9.69314545771e-39
401.6 1.41529787564e-38
401.61 2.06468922904e-38
401.62 3.0094369023e-38
401.63 4.38267740176e-38
401.64 6.37701559961e-38
401.65 9.27084172634e-38
401.66 1.3466184694e-37
401.67 1.95431101176e-37
401.68 2.83378243504e-37
401.69 4.10547149846e-37
401.7 5.94269294862e-37
401.71 8.59463136246e-37
401.72 1.2419237396e-36
401.73 1.79302488148e-36
401.74 2.58643409244e-36
401.75 3.72769377676e-36
401.76 5.36787944483e-36
401.77 7.72305257075e-36
401.78 1.11019416665e-35
401.79 1.59452966566e-35
401.8 2.28817891061e-35
401.81 3.28073435173e-35
401.82 4.69976200632e-35
401.83 6.72673592258e-35
401.84 9.61959091554e-35
401.85 1.37446137885e-34
401.86 1.9621499384e-34
401.87 2.79869488207e-34
401.88 3.98843600969e-34
401.89 5.67902023566e-34
401.9 8.07919175938e-34
401.91 1.14838134455e-33
401.92 1.63090270792e-33
401.93 2.31416164545e-33
401.94 3.28082481729e-33
401.95 4.64725072685e-33
401.96 6.57707628479e-33
401.97 9.30022309667e-33
401.98 1.31394615012e-32
401.99 1.85475042535e-32
402.0 2.6158757055e-32
402.01 3.68614523094e-32
402.02 5.18981040183e-32
402.03 7.30052772768e-32
402.04 1.02607883596e-31
402.05 1.44089029931e-31
402.06 2.02164463513e-31
402.07 2.83401686439e-31
402.08 3.96938985529e-31
402.09 5.55480468426e-31
402.1 7.76671811575e-31
402.11 1.08500066876e-30
402.12 1.51441945805e-30
402.13 2.11196184885e-30
402.14 2.94272493253e-30
402.15 4.09672659809e-30
402.16 5.69833538441e-30
402.17 7.91922613354e-30
402.18 1.09961636507e-29
402.19 1.52553914955e-29
402.2 2.11460489171e-29
402.21 2.92859165305e-29
402.22 4.05239826227e-29
402.23 5.60259375923e-29
402.24 7.73908930824e-29
402.25 1.06810585599e-28
402.26 1.47286331891e-28
402.27 2.02924418026e-28
402.28 2.79337913165e-28
402.29 3.84192756165e-28
402.3 5.27949244061e-28
402.31 7.24867928757e-28
402.32 9.9437297006e-28
402.33 1.36289829487e-27
402.34 1.86638527101e-27
402.35 2.55365875e-27
402.36 3.49098623627e-27
402.37 4.76822921509e-27
402.38 6.50713511609e-27
402.39 8.87250468731e-27
402.4 1.20872182181e-26
402.41 1.64524356408e-26
402.42 2.23747273006e-26
402.43 3.04024801605e-26
402.44 4.12747060585e-26
402.45 5.59864173053e-26
402.46 7.58761134583e-26
402.47 1.02742751017e-25
402.48 1.39001989254e-25
402.49 1.87894710095e-25
402.5 2.53765047308e-25
402.51 3.42430757518e-25
402.52 4.61676152446e-25
402.53 6.21907550905e-25
402.54 8.37024037638e-25
402.55 1.12557319784e-24
402.56 1.51228369075e-24
402.57 2.03009567719e-24
402.58 2.72284836891e-24
402.59 3.64883411539e-24
402.6 4.88549412296e-24
402.61 6.53561683975e-24
402.62 8.73551238018e-24
402.63 1.16657830753e-23
402.64 1.55655016536e-23
402.65 2.07508580661e-23
402.66 2.76396608861e-23
402.67 3.67835019237e-23
402.68 4.89099421063e-23
402.69 6.49777900788e-23
402.7 8.62494704319e-23
402.71 1.14385677858e-22
402.72 1.51569066442e-22
402.73 2.00665731996e-22
402.74 2.65435841124e-22
402.75 3.5080811187e-22
402.76 4.63237173104e-22
402.77 6.1116839917e-22
402.78 8.05641985694e-22
402.79 1.06107725264e-21
402.8 1.39629000669e-21
402.81 1.8358110001e-21
402.82 2.41159302083e-21
402.83 3.16521912658e-21
402.84 4.15075650258e-21
402.85 5.43844129597e-21
402.86 7.11943198808e-21
402.87 9.31193548923e-21
402.88 1.21690950756e-20
402.89 1.58891374623e-20
402.9 2.07284139438e-20
402.91 2.70181454885e-20
402.92 3.51859038468e-20
402.93 4.57831425889e-20
402.94 5.95204492136e-20
402.95 7.73126417746e-20
402.96 1.00336405592e-19
402.97 1.30103888595e-19
402.98 1.68556586542e-19
402.99 2.18185000457e-19
403.0 2.82180998909e-19
403.01 3.64631643264e-19
403.02 4.70765529483e-19
403.03 6.07265583623e-19
403.04 7.82665866998e-19
403.05 1.00785448387e-18
403.06 1.29671036696e-18
403.07 1.66690882612e-18
403.08 2.14093963271e-18
403.09 2.74739251052e-18
403.1 3.52257874856e-18
403.11 4.51257490502e-18
403.12 5.77579605283e-18
403.13 7.38623273454e-18
403.14 9.43751899032e-18
403.15 1.20480400282e-17
403.16 1.53673392004e-17
403.17 1.95841472429e-17
403.18 2.49364350646e-17
403.19 3.17239882016e-17
403.2 4.03241206455e-17
403.21 5.1211293295e-17
403.22 6.49815841327e-17
403.23 8.23831811288e-17
403.24 1.04354344277e-16
403.25 1.3207062156e-16
403.26 1.67003519035e-16
403.27 2.10993334559e-16
403.28 2.66339488656e-16
403.29 3.35912449544e-16
403.3 4.23292282749e-16
403.31 5.32939995613e-16
403.32 6.70409237601e-16
403.33 8.42607611963e-16
403.34 1.05811891753e-15
403.35 1.32760014845e-15
403.36 1.66427012814e-15
403.37 2.08451035311e-15
403.38 2.60860310762e-15
403.39 3.26163734216e-15
403.4 4.07461938042e-15
403.41 5.08583346186e-15
403.42 6.34250671582e-15
403.43 7.90284472705e-15
403.44 9.83851778436e-15
403.45 1.22376946705e-14
403.46 1.52087410074e-14
403.47 1.88847233766e-14
403.48 2.34288894727e-14
403.49 2.90413293439e-14
403.5 3.59670644287e-14
403.51 4.45058609059e-14
403.52 5.50241233703e-14
403.53 6.79692958362e-14
403.54 8.38872816833e-14
403.55 1.03443494898e-13
403.56 1.27448274778e-13
403.57 1.56887538587e-13
403.58 1.92959715597e-13
403.59 2.37120206119e-13
403.6 2.9113484628e-13
403.61 3.57144139677e-13
403.62 4.37740348385e-13
403.63 5.36059926777e-13
403.64 6.55894242572e-13
403.65 8.01822072269e-13
403.66 9.79367996526e-13
403.67 1.19519157108e-12
403.68 1.45731302897e-12
403.69 1.77538230169e-12
403.7 2.16099935481e-12
403.71 2.62809524664e-12
403.72 3.19338496901e-12
403.73 3.87690505497e-12
403.74 4.70265118301e-12
403.75 5.6993336203e-12
403.76 6.90127138569e-12
403.77 8.3494495421e-12
403.78 1.00927681212e-11
403.79 1.21895159263e-11
403.8 1.4709107948e-11
403.81 1.77341314719e-11
403.82 2.13627532822e-11
403.83 2.57115488117e-11
403.84 3.09188238158e-11
403.85 3.7148510337e-11
403.86 4.45947315845e-11
403.87 5.34871451011e-11
403.88 6.40971904977e-11
403.89 7.6745387384e-11
403.9 9.18098512452e-11
403.91 1.09736220266e-10
403.92 1.31049214904e-10
403.93 1.563660848e-10
403.94 1.86412234917e-10
403.95 2.22039365153e-10
403.96 2.64246505723e-10
403.97 3.14204385042e-10
403.98 3.73283628424e-10
403.99 4.4308735548e-10
404.0 5.25488822581e-10
404.01 6.2267484523e-10
404.02 7.37195834644e-10
404.03 8.72023394702e-10
404.04 1.03061655081e-09
404.05 1.2169978228e-09
404.06 1.43584051127e-09
404.07 1.69256874223e-09
404.08 1.99347201116e-09
404.09 2.34583618547e-09
404.1 2.75809316742e-09
404.11 3.23999168869e-09
404.12 3.80279200687e-09
404.13 4.45948760487e-09
404.14 5.22505735954e-09
404.15 6.11675204948e-09
404.16 7.15441951607e-09
404.17 8.36087328043e-09
404.18 9.76230995541e-09
404.19 1.13887813797e-08
404.2 1.32747280437e-08
404.21 1.54595810805e-08
404.22 1.7988440858e-08
404.23 2.09128410444e-08
404.24 2.42916079207e-08
404.25 2.81918256955e-08
404.26 3.26899196346e-08
404.27 3.78728699651e-08
404.28 4.38395707411e-08
404.29 5.07023491848e-08
404.3 5.85886624303e-08
404.31 6.76429901209e-08
404.32 7.8028942921e-08
404.33 8.99316087317e-08
404.34 1.03560160222e-07
404.35 1.19150749224e-07
404.36 1.36969715574e-07
404.37 1.57317140145e-07
404.38 1.80530774025e-07
404.39 2.06990378214e-07
404.4 2.37122510571e-07
404.41 2.71405799374e-07
404.42 3.10376745383e-07
404.43 3.54636097069e-07
404.44 4.0485584636e-07
404.45 4.617868951e-07
404.46 5.26267445209e-07
404.47 5.99232168405e-07
404.48 6.8172221415e-07
404.49 7.74896117281e-07
404.5 8.80041669528e-07
404.51 9.98588821716e-07
404.52 1.13212368599e-06
404.53 1.28240370966e-06
404.54 1.45137409453e-06
404.55 1.6411855371e-06
404.56 1.85421336705e-06
404.57 2.09307816219e-06
404.58 2.36066791888e-06
404.59 2.6601618575e-06
404.6 2.99505594184e-06
404.61 3.36919019075e-06
404.62 3.78677785851e-06
404.63 4.25243655828e-06
404.64 4.77122139972e-06
404.65 5.34866020763e-06
404.66 5.99079088353e-06
404.67 6.70420096587e-06
404.68 7.4960694371e-06
404.69 8.37421081739e-06
404.7 9.34712157473e-06
404.71 1.04240288699e-05
404.72 1.16149416421e-05
404.73 1.29307040262e-05
404.74 1.43830510777e-05
404.75 1.59846667626e-05
404.76 1.77492441511e-05
404.77 1.96915477327e-05
404.78 2.18274777466e-05
404.79 2.41741363996e-05
404.8 2.67498958131e-05
404.81 2.95744675165e-05
404.82 3.26689732728e-05
404.83 3.60560169915e-05
404.84 3.97597574495e-05
404.85 4.38059815091e-05
404.86 4.82221774836e-05
404.87 5.30376082662e-05
404.88 5.82833837986e-05
404.89 6.39925324183e-05
404.9 7.02000705838e-05
404.91 7.69430704374e-05
404.92 8.42607246259e-05
404.93 9.21944077616e-05
404.94 0.000100787733865
404.95 0.000110086609097
404.96 0.000120139279049
404.97 0.000130996369826
404.98 0.000142710922133
404.99 0.000155338417531
405.0 0.000168936796028
405.01 0.000183566464111
405.02 0.000199290292363
405.03 0.000216173601732
405.04 0.000234284137573
405.05 0.000253692030534
405.06 0.000274469743403
405.07 0.000296692003012
405.08 0.000320435716338
405.09 0.000345779869959
405.1 0.000372805412057
405.11 0.000401595116216
405.12 0.000432233426302
405.13 0.000464806281796
405.14 0.000499400922995
405.15 0.000536105675617
405.16 0.0005750097144
405.17 0.000616202805418
405.18 0.000659775026929
405.19 0.000705816468709
405.2 0.000754416909934
405.21 0.000805665475843
405.22 0.00085965027353
405.23 0.000916458007396
405.24 0.000976173574938
405.25 0.00103887964373
405.26 0.00110465621064
405.27 0.0011735801444
405.28 0.00124572471311
405.29 0.00132115909797
405.3 0.0013999478953
405.31 0.00148215060849
405.32 0.00156782113222
405.33 0.00165700723116
405.34 0.00174975001552
405.35 0.00184608341629
405.36 0.00194603366276
405.37 0.00204961876524
405.38 0.00215684800624
405.39 0.00226772144298
405.4 0.00238222942472
405.41 0.00250035212815
405.42 0.00262205911426
405.43 0.00274730891016
405.44 0.00287604861923
405.45 0.0030082135632
405.46 0.00314372695941
405.47 0.00328249963679
405.48 0.00342442979366
405.49 0.00356940280076
405.5 0.00371729105226
405.51 0.00386795386783
405.52 0.00402123744848
405.53 0.00417697488835
405.54 0.00433498624501
405.55 0.00449507866999
405.56 0.00465704660119
405.57 0.00482067201865
405.58 0.00498572476447
405.59 0.00515196292769
405.6 0.00531913329416
405.61 0.00548697186147
405.62 0.00565520441832
405.63 0.00582354718721
405.64 0.00599170752932
405.65 0.00615938470963
405.66 0.00632627071998
405.67 0.0064920511576
405.68 0.00665640615583
405.69 0.00681901136377
405.7 0.0069795389708
405.71 0.0071376587718
405.72 0.00729303926858
405.73 0.00744534880239
405.74 0.00759425671244
405.75 0.00773943451491
405.76 0.00788055709662
405.77 0.00801730391748
405.78 0.00814936021563
405.79 0.00827641820895
405.8 0.00839817828668
405.81 0.00851435018475
405.82 0.0086246541384
405.83 0.0087288220059
405.84 0.00882659835701
405.85 0.00891774152008
405.86 0.00900202458203
405.87 0.00907923633529
405.88 0.0091491821665
405.89 0.00921168488169
405.9 0.00926658546327
405.91 0.0093137437544
405.92 0.00935303906683
405.93 0.00938437070863
405.94 0.00940765842886
405.95 0.00942284277657
405.96 0.0094298853722
405.97 0.00942876908988
405.98 0.00941949814971
405.99 0.00940209811966
406.0 0.0093766158274
406.01 0.00934311918271
406.02 0.00930169691189
406.03 0.0092524582061
406.04 0.00919553228598
406.05 0.0091310678855
406.06 0.00905923265869
406.07 0.00898021251288
406.08 0.00889421087308
406.09 0.00880144788219
406.1 0.00870215954226
406.11 0.00859659680225
406.12 0.00848502459822
406.13 0.00836772085192
406.14 0.00824497543427
406.15 0.00811708909995
406.16 0.00798437239997
406.17 0.00784714457874
406.18 0.00770573246249
406.19 0.00756046934559
406.2 0.00741169388167
406.21 0.0072597489859
406.22 0.007104980755
406.23 0.00694773741104
406.24 0.00678836827527
406.25 0.00662722277758
406.26 0.00646464950704
406.27 0.00630099530874
406.28 0.00613660443159
406.29 0.00597181773152
406.3 0.00580697193404
406.31 0.00564239895963
406.32 0.00547842531511
406.33 0.00531537155358
406.34 0.00515355180499
406.35 0.00499327337913
406.36 0.00483483644203
406.37 0.00467853376663
406.38 0.00452465055758
406.39 0.00437346435022
406.4 0.00422524498261
406.41 0.00408025463948
406.42 0.00393874796631
406.43 0.00380097225129
406.44 0.00366716767261
406.45 0.00353756760783
406.46 0.00341239900207
406.47 0.00329188279097
406.48 0.00317623437426
406.49 0.00306566413546
406.5 0.00296037800266
406.51 0.00286057804534
406.52 0.0027664631017
406.53 0.00267822943086
406.54 0.00259607138402
406.55 0.0025201820885
406.56 0.00245075413833
406.57 0.00238798028517
406.58 0.0023320541229
406.59 0.00228317075946
406.6 0.00224152746923
406.61 0.00220732431946
406.62 0.00218076476401
406.63 0.00216205619794
406.64 0.00215141046648
406.65 0.00214904432194
406.66 0.00215517982241
406.67 0.0021700446662
406.68 0.00219387245615
406.69 0.0022269028882
406.7 0.00226938185902
406.71 0.00232156148751
406.72 0.00238370004568
406.73 0.00245606179455
406.74 0.00253891672124
406.75 0.00263254017379
406.76 0.00273721239091
406.77 0.00285321792416
406.78 0.00298084495079
406.79 0.00312038447593
406.8 0.00327212942367
406.81 0.00343637361689
406.82 0.0036134106467
406.83 0.00380353263288
406.84 0.00400702887759
406.85 0.00422418441513
406.86 0.00445527846173
406.87 0.00470058276974
406.88 0.00496035989157
406.89 0.00523486135967
406.9 0.00552432578949
406.91 0.00582897691314
406.92 0.0061490215526
406.93 0.00648464754171
406.94 0.00683602160732
406.95 0.00720328722046
406.96 0.00758656242932
406.97 0.00798593768637
406.98 0.00840147368277
406.99 0.00883319920348
407.0 0.00928110901745
407.01 0.00974516181732
407.02 0.0102252782237
407.03 0.0107213388694
407.04 0.0112331825787
407.05 0.0117606046583
407.06 0.0123033553141
407.07 0.012861138211
407.08 0.0134336091895
407.09 0.0140203751559
407.1 0.0146209931593
407.11 0.0152349696703
407.12 0.0158617600745
407.13 0.0165007683941
407.14 0.0171513472485
407.15 0.0178127980654
407.16 0.018484371552
407.17 0.0191652684341
407.18 0.0198546404711
407.19 0.0205515917517
407.2 0.0212551802744
407.21 0.0219644198165
407.22 0.02267828209
407.23 0.0233956991858
407.24 0.0241155663014
407.25 0.0248367447487
407.26 0.025558065234
407.27 0.0262783314027
407.28 0.0269963236372
407.29 0.0277108030965
407.3 0.0284205159818
407.31 0.0291241980129
407.32 0.0298205790977
407.33 0.030508388173
407.34 0.0311863581973
407.35 0.0318532312718
407.36 0.0325077638642
407.37 0.0331487321114
407.38 0.0337749371719
407.39 0.0343852106024
407.4 0.0349784197268
407.41 0.0355534729711
407.42 0.0361093251318
407.43 0.0366449825481
407.44 0.0371595081487
407.45 0.0376520263402
407.46 0.0381217277094
407.47 0.0385678735082
407.48 0.0389897998933
407.49 0.0393869218918
407.5 0.0397587370657
407.51 0.0401048288508
407.52 0.0404248695443
407.53 0.0407186229193
407.54 0.0409859464459
407.55 0.0412267930995
407.56 0.0414412127406
407.57 0.0416293530506
407.58 0.0417914600139
407.59 0.0419278779344
407.6 0.0420390489821
407.61 0.0421255122649
407.62 0.0421879024234
407.63 0.0422269477522
407.64 0.0422434678502
407.65 0.0422383708088
407.66 0.0422126499459
407.67 0.0421673801
407.68 0.0421037134989
407.69 0.0420228752218
407.7 0.0419261582733
407.71 0.0418149182947
407.72 0.0416905679356
407.73 0.0415545709142
407.74 0.0414084357952
407.75 0.0412537095161
407.76 0.0410919706945
407.77 0.0409248227515
407.78 0.0407538868844
407.79 0.0405807949274
407.8 0.0404071821356
407.81 0.0402346799305
407.82 0.0400649086459
407.83 0.0398994703106
407.84 0.0397399415077
407.85 0.0395878663468
407.86 0.0394447495869
407.87 0.0393120499469
407.88 0.0391911736369
407.89 0.0390834681475
407.9 0.0389902163264
407.91 0.0389126307761
407.92 0.0388518486002
407.93 0.038808926526
407.94 0.0387848364287
407.95 0.0387804612795
407.96 0.0387965915377
407.97 0.0388339220057
407.98 0.03889304916
407.99 0.0389744689718
408.0 0.0390785752269
408.01 0.0392056583496
408.02 0.0393559047362
408.03 0.039529396597
408.04 0.0397261123058
408.05 0.0399459272507
408.06 0.0401886151778
408.07 0.0404538500177
408.08 0.0407412081796
408.09 0.0410501712976
408.1 0.041380129409
408.11 0.0417303845435
408.12 0.0421001546992
408.13 0.0424885781791
408.14 0.0428947182598
408.15 0.0433175681626
408.16 0.0437560562957
408.17 0.0442090517333
408.18 0.0446753698985
408.19 0.0451537784143
408.2 0.045643003087
408.21 0.0461417339844
408.22 0.0466486315745
408.23 0.0471623328852
408.24 0.0476814576507
408.25 0.0482046144071
408.26 0.048730406504
408.27 0.0492574379949
408.28 0.0497843193768
408.29 0.0503096731446
408.3 0.0508321391322
408.31 0.0513503796117
408.32 0.0518630841243
408.33 0.0523689740204
408.34 0.0528668066862
408.35 0.0533553794389
408.36 0.0538335330741
408.37 0.054300155052
408.38 0.0547541823123
408.39 0.055194603709
408.4 0.055620462062
408.41 0.0560308558224
408.42 0.056424940353
408.43 0.056801928829
408.44 0.0571610927635
408.45 0.0575017621698
408.46 0.0578233253714
408.47 0.0581252284741
408.48 0.0584069745185
408.49 0.0586681223304
408.5 0.0589082850921
408.51 0.0591271286561
408.52 0.0593243696263
408.53 0.0594997732327
408.54 0.0596531510262
408.55 0.0597843584218
408.56 0.0598932921172
408.57 0.0599798874176
408.58 0.0600441154934
408.59 0.0600859806004
408.6 0.0601055172907
408.61 0.0601027876403
408.62 0.060077878522
408.63 0.0600308989466
408.64 0.0599619774982
408.65 0.0598712598838
408.66 0.0597589066201
408.67 0.0596250908739
408.68 0.0594699964737
408.69 0.0592938161065
408.7 0.0590967497121
408.71 0.0588790030833
408.72 0.0586407866814
408.73 0.058382314669
408.74 0.0581038041643
408.75 0.0578054747161
408.76 0.0574875479969
408.77 0.057150247709
408.78 0.0567937996964
408.79 0.0564184322544
408.8 0.0560243766239
408.81 0.0556118676582
408.82 0.0551811446477
408.83 0.0547324522865
408.84 0.0542660417616
408.85 0.0537821719487
408.86 0.0532811106927
408.87 0.0527631361543
408.88 0.0522285382009
408.89 0.051677619822
408.9 0.0511106985469
408.91 0.0505281078454
408.92 0.0499301984902
408.93 0.0493173398614
408.94 0.0486899211751
408.95 0.048048352617
408.96 0.0473930663653
408.97 0.0467245174866
408.98 0.0460431846914
408.99 0.0453495709369
409.0 0.0446442038654
409.01 0.0439276360705
409.02 0.0432004451824
409.03 0.0424632337684
409.04 0.0417166290438
409.05 0.0409612823924
409.06 0.0401978686961
409.07 0.039427085476
409.08 0.0386496518485
409.09 0.037866307302
409.1 0.0370778103007
409.11 0.0362849367256
409.12 0.0354884781601
409.13 0.0346892400341
409.14 0.0338880396373
409.15 0.0330857040154
409.16 0.0322830677639
409.17 0.0314809707345
409.18 0.0306802556689
409.19 0.0298817657765
409.2 0.0290863422727
409.21 0.028294821893
409.22 0.0275080343997
409.23 0.0267268000982
409.24 0.0259519273767
409.25 0.0251842102861
409.26 0.0244244261751
409.27 0.0236733333927
409.28 0.0229316690734
409.29 0.0222001470164
409.3 0.0214794556702
409.31 0.0207702562337
409.32 0.0200731808819
409.33 0.0193888311262
409.34 0.0187177763146
409.35 0.0180605522784
409.36 0.0174176601307
409.37 0.0167895652191
409.38 0.016176696236
409.39 0.0155794444869
409.4 0.0149981633182
409.41 0.0144331677021
409.42 0.0138847339773
409.43 0.0133530997436
409.44 0.0128384639057
409.45 0.0123409868618
409.46 0.0118607908324
409.47 0.011397960323
409.48 0.0109525427148
409.49 0.0105245489756
409.5 0.0101139544849
409.51 0.00972069996414
409.52 0.00934469250562
409.53 0.00898580669068
409.54 0.00864388579012
409.55 0.00831874303802
409.56 0.00801016297095
409.57 0.00771790282456
409.58 0.00744169397948
409.59 0.00718124344898
409.6 0.00693623540078
409.61 0.00670633270575
409.62 0.00649117850681
409.63 0.00629039780122
409.64 0.0061035990302
409.65 0.00593037567013
409.66 0.00577030781972
409.67 0.00562296377822
409.68 0.00548790161011
409.69 0.00536467069181
409.7 0.00525281323676
409.71 0.00515186579522
409.72 0.00506136072573
409.73 0.00498082763539
409.74 0.00490979478648
409.75 0.00484779046721
409.76 0.00479434432469
409.77 0.00474898865841
409.78 0.00471125967281
409.79 0.00468069868757
409.8 0.0046568533046
409.81 0.00463927853076
409.82 0.00462753785533
409.83 0.00462120428161
409.84 0.00461986131192
409.85 0.00462310388529
409.86 0.00463053926728
409.87 0.00464178789142
409.88 0.00465648415148
409.89 0.00467427714422
409.9 0.00469483136184
409.91 0.00471782733354
409.92 0.00474296221565
409.93 0.00476995032944
409.94 0.00479852364618
409.95 0.00482843221842
409.96 0.00485944455713
409.97 0.00489134795354
409.98 0.00492394874534
409.99 0.00495707252621
410.0 0.00499056429817
410.01 0.00502428856599
410.02 0.00505812937315
410.03 0.00509199027865
410.04 0.00512579427443
410.05 0.00515948364285
410.06 0.00519301975414
410.07 0.00522638280357
410.08 0.00525957148854
410.09 0.0052926026256
410.1 0.00532551070796
410.11 0.0053583474039
410.12 0.00539118099689
410.13 0.0054240957684
410.14 0.00545719132451
410.15 0.00549058186785
410.16 0.00552439541633
410.17 0.00555877297065
410.18 0.00559386763271
410.19 0.00562984367712
410.2 0.00566687557856
410.21 0.00570514699766
410.22 0.00574484972857
410.23 0.00578618261133
410.24 0.00582935041273
410.25 0.00587456267911
410.26 0.00592203256518
410.27 0.00597197564291
410.28 0.00602460869451
410.29 0.00608014849427
410.3 0.00613881058347
410.31 0.00620080804317
410.32 0.0062663502696
410.33 0.00633564175705
410.34 0.00640888089311
410.35 0.00648625877119
410.36 0.00656795802535
410.37 0.00665415169244
410.38 0.00674500210635
410.39 0.00684065982942
410.4 0.00694126262573
410.41 0.00704693448108
410.42 0.00715778467417
410.43 0.00727390690347
410.44 0.00739537847419
410.45 0.00752225954916
410.46 0.00765459246789
410.47 0.00779240113705
410.48 0.00793569049605
410.49 0.00808444606059
410.5 0.00823863354721
410.51 0.00839819858092
410.52 0.00856306648849
410.53 0.00873314217866
410.54 0.00890831011106
410.55 0.00908843435447
410.56 0.00927335873514
410.57 0.00946290707535
410.58 0.00965688352168
410.59 0.00985507296256
410.6 0.0100572415336
410.61 0.0102631372091
410.62 0.0104724904785
410.63 0.0106850151031
410.64 0.0109004089529
410.65 0.0111183549179
410.66 0.0113385218909
410.67 0.0115605658179
410.68 0.0117841308105
410.69 0.0120088503162
410.7 0.0122343483409
410.71 0.0124602407174
410.72 0.0126861364149
410.73 0.0129116388826
410.74 0.0131363474204
410.75 0.0133598585717
410.76 0.0135817675292
410.77 0.0138016695488
410.78 0.0140191613632
410.79 0.0142338425885
410.8 0.0144453171171
410.81 0.0146531944891
410.82 0.0148570912368
410.83 0.0150566321929
410.84 0.0152514517591
410.85 0.0154411951265
410.86 0.015625519442
410.87 0.0158040949165
410.88 0.0159766058679
410.89 0.0161427516946
410.9 0.0163022477757
410.91 0.0164548262928
410.92 0.0166002369707
410.93 0.0167382477343
410.94 0.0168686452781
410.95 0.016991235548
410.96 0.0171058441334
410.97 0.0172123165688
410.98 0.0173105185461
410.99 0.0174003360362
411.0 0.0174816753229
411.01 0.0175544629503
411.02 0.0176186455858
411.03 0.0176741898011
411.04 0.0177210817758
411.05 0.0177593269268
411.06 0.0177889494672
411.07 0.0178099919006
411.08 0.0178225144546
411.09 0.0178265944598
411.1 0.0178223256799
411.11 0.0178098175975
411.12 0.0177891946635
411.13 0.0177605955144
411.14 0.0177241721648
411.15 0.0176800891813
411.16 0.017628522842
411.17 0.0175696602906
411.18 0.0175036986881
411.19 0.0174308443693
411.2 0.0173513120085
411.21 0.0172653238003
411.22 0.0171731086586
411.23 0.0170749014403
411.24 0.0169709421945
411.25 0.016861475444
411.26 0.0167467494988
411.27 0.0166270158062
411.28 0.0165025283385
411.29 0.0163735430193
411.3 0.0162403171906
411.31 0.0161031091192
411.32 0.0159621775447
411.33 0.0158177812656
411.34 0.0156701787651
411.35 0.0155196278734
411.36 0.0153663854656
411.37 0.0152107071923
411.38 0.0150528472407
411.39 0.0148930581229
411.4 0.0147315904889
411.41 0.0145686929609
411.42 0.0144046119842
411.43 0.0142395916936
411.44 0.0140738737885
411.45 0.0139076974163
411.46 0.0137412990582
411.47 0.0135749124146
411.48 0.0134087682871
411.49 0.0132430944538
411.5 0.0130781155343
411.51 0.012914052843
411.52 0.0127511242268
411.53 0.0125895438863
411.54 0.012429522178
411.55 0.0122712653975
411.56 0.0121149755405
411.57 0.0119608500434
411.58 0.0118090815018
411.59 0.0116598573685
411.6 0.0115133596299
411.61 0.0113697644644
411.62 0.0112292418816
411.63 0.0110919553471
411.64 0.010958061392
411.65 0.010827709213
411.66 0.0107010402632
411.67 0.0105781878384
411.68 0.0104592766623
411.69 0.0103444224734
411.7 0.0102337316174
411.71 0.010127300651
411.72 0.0100252159577
411.73 0.00992755338283
411.74 0.00983437789001
411.75 0.00974574324339
411.76 0.00966169171988
411.77 0.0095822538547
411.78 0.00950744822411
411.79 0.00943728126838
411.8 0.00937174715831
411.81 0.009310827708
411.82 0.0092544923363
411.83 0.00920269807917
411.84 0.00915538965471
411.85 0.00911249958212
411.86 0.00907394835572
411.87 0.00903964467446
411.88 0.00900948572719
411.89 0.00898335753324
411.9 0.0089611353377
411.91 0.00894268406031
411.92 0.00892785879618
411.93 0.0089165053667
411.94 0.00890846091805
411.95 0.00890355456472
411.96 0.00890160807501
411.97 0.00890243659503
411.98 0.00890584940774
411.99 0.0089116507229
412.0 0.00891964049399
412.01 0.00892961525763
412.02 0.00894136899106
412.03 0.00895469398312
412.04 0.00896938171394
412.05 0.00898522373867
412.06 0.00900201257049
412.07 0.0090195425581
412.08 0.00903761075317
412.09 0.00905601776295
412.1 0.00907456858384
412.11 0.00909307341146
412.12 0.00911134842308
412.13 0.00912921652875
412.14 0.00914650808716
412.15 0.00916306158303
412.16 0.00917872426291
412.17 0.00919335272643
412.18 0.00920681347055
412.19 0.00921898338469
412.2 0.00922975019465
412.21 0.00923901285398
412.22 0.00924668188144
412.23 0.00925267964375
412.24 0.009256940583
412.25 0.00925941138852
412.26 0.00926005111329
412.27 0.00925883123523
412.28 0.00925573566408
412.29 0.00925076069483
412.3 0.00924391490882
412.31 0.00923521902406
412.32 0.00922470569639
412.33 0.00921241927339
412.34 0.00919841550303
412.35 0.00918276119946
412.36 0.00916553386804
412.37 0.00914682129242
412.38 0.00912672108599
412.39 0.00910534021052
412.4 0.00908279446473
412.41 0.00905920794539
412.42 0.00903471248401
412.43 0.00900944706164
412.44 0.0089835572047
412.45 0.00895719436456
412.46 0.00893051528355
412.47 0.00890368134995
412.48 0.00887685794468
412.49 0.00885021378199
412.5 0.00882392024668
412.51 0.00879815072996
412.52 0.00877307996622
412.53 0.00874888337283
412.54 0.00872573639469
412.55 0.00870381385554
412.56 0.00868328931766
412.57 0.00866433445151
412.58 0.00864711841681
412.59 0.00863180725633
412.6 0.00861856330372
412.61 0.00860754460646
412.62 0.00859890436483
412.63 0.00859279038812
412.64 0.0085893445685
412.65 0.00858870237374
412.66 0.00859099235915
412.67 0.00859633569942
412.68 0.00860484574108
412.69 0.00861662757589
412.7 0.00863177763568
412.71 0.00865038330923
412.72 0.00867252258134
412.73 0.0086982636948
412.74 0.00872766483532
412.75 0.00876077384012
412.76 0.00879762793033
412.77 0.00883825346782
412.78 0.00888266573664
412.79 0.0089308687497
412.8 0.00898285508113
412.81 0.00903860572457
412.82 0.00909808997829
412.83 0.00916126535724
412.84 0.00922807753289
412.85 0.00929846030129
412.86 0.00937233557988
412.87 0.00944961343377
412.88 0.00953019213197
412.89 0.00961395823422
412.9 0.00970078670899
412.91 0.00979054108311
412.92 0.00988307362382
412.93 0.00997822555333
412.94 0.0100758272968
412.95 0.0101756987636
412.96 0.0102776496628
412.97 0.0103814798522
412.98 0.0104869797223
412.99 0.0105939306136
413.0 0.0107021052687
413.01 0.010811268318
413.02 0.0109211767985
413.03 0.0110315807062
413.04 0.0111422235799
413.05 0.0112528431168
413.06 0.0113631718179
413.07 0.0114729376627
413.08 0.0115818648111
413.09 0.0116896743309
413.1 0.0117960849494
413.11 0.0119008138269
413.12 0.0120035773499
413.13 0.0121040919407
413.14 0.0122020748822
413.15 0.0122972451539
413.16 0.012389324277
413.17 0.0124780371644
413.18 0.0125631129728
413.19 0.0126442859548
413.2 0.0127212963041
413.21 0.0127938909946
413.22 0.0128618246054
413.23 0.0129248601313
413.24 0.0129827697731
413.25 0.0130353357049
413.26 0.0130823508136
413.27 0.013123619409
413.28 0.0131589578979
413.29 0.013188195422
413.3 0.0132111744535
413.31 0.013227751347
413.32 0.0132377968437
413.33 0.0132411965263
413.34 0.0132378512199
413.35 0.0132276773397
413.36 0.0132106071802
413.37 0.0131865891468
413.38 0.0131555879272
413.39 0.0131175846012
413.4 0.0130725766893
413.41 0.0130205781386
413.42 0.0129616192468
413.43 0.0128957465236
413.44 0.0128230224916
413.45 0.0127435254262
413.46 0.0126573490367
413.47 0.0125646020901
413.48 0.0124654079801
413.49 0.0123599042422
413.5 0.0122482420191
413.51 0.0121305854786
413.52 0.0120071111868
413.53 0.0118780074407
413.54 0.0117434735632
413.55 0.0116037191647
413.56 0.0114589633744
413.57 0.0113094340468
413.58 0.0111553669455
413.59 0.0109970049108
413.6 0.0108345970134
413.61 0.010668397699
413.62 0.0104986659291
413.63 0.0103256643199
413.64 0.0101496582863
413.65 0.0099709151919
413.66 0.00978970351114
413.67 0.00960629200641
413.68 0.00942094892347
413.69 0.00923394120877
413.7 0.0090455337518
413.71 0.00885598865516
413.72 0.00866556453518
413.73 0.00847451585533
413.74 0.00828309229461
413.75 0.00809153815273
413.76 0.00790009179378
413.77 0.00770898512951
413.78 0.00751844314349
413.79 0.00732868345668
413.8 0.00713991593516
413.81 0.00695234234013
413.82 0.00676615602018
413.83 0.00658154164571
413.84 0.00639867498489
413.85 0.00621772272069
413.86 0.00603884230789
413.87 0.00586218186921
413.88 0.00568788012919
413.89 0.00551606638462
413.9 0.00534686050978
413.91 0.00518037299518
413.92 0.00501670501775
413.93 0.00485594854092
413.94 0.0046981864426
413.95 0.00454349266918
413.96 0.00439193241355
413.97 0.0042435623152
413.98 0.00409843068042
413.99 0.00395657772056
414.0 0.0038180358065
414.01 0.00368282973724
414.02 0.00355097702093
414.03 0.00342248816628
414.04 0.00329736698278
414.05 0.00317561088788
414.06 0.00305721121953
414.07 0.00294215355251
414.08 0.00283041801714
414.09 0.00272197961887
414.1 0.00261680855747
414.11 0.00251487054468
414.12 0.00241612711904
414.13 0.00232053595703
414.14 0.00222805117941
414.15 0.00213862365193
414.16 0.00205220127977
414.17 0.0019687292947
414.18 0.0018881505347
414.19 0.00181040571518
414.2 0.00173543369148
414.21 0.00166317171225
414.22 0.00159355566331
414.23 0.00152652030168
414.24 0.00146199947967
414.25 0.00139992635875
414.26 0.00134023361313
414.27 0.001282853623
414.28 0.00122771865729
414.29 0.0011747610461
414.3 0.00112391334276
414.31 0.00107510847561
414.32 0.0010282798896
414.33 0.000983361677907
414.34 0.0009402887036
414.35 0.000898996711703
414.36 0.000859422431715
414.37 0.000821503670888
414.38 0.000785179398478
414.39 0.000750389821224
414.4 0.000717076450326
414.41 0.000685182160191
414.42 0.000654651239254
414.43 0.00062542943315
414.44 0.000597463980569
414.45 0.000570703642083
414.46 0.000545098722285
414.47 0.000520601085552
414.48 0.000497164165772
414.49 0.000474742970355
414.5 0.000453294078866
414.51 0.000432775636624
414.52 0.000413147343587
414.53 0.000394370438871
414.54 0.000376407681219
414.55 0.000359223325775
414.56 0.000342783097462
414.57 0.000327054161304
414.58 0.000312005089999
414.59 0.000297605829063
414.6 0.000283827659834
414.61 0.000270643160642
414.62 0.000258026166431
414.63 0.000245951727093
414.64 0.000234396064809
414.65 0.000223336530622
414.66 0.000212751560504
414.67 0.000202620631139
414.68 0.000192924215646
414.69 0.000183643739442
414.7 0.000174761536437
414.71 0.000166260805735
414.72 0.00015812556902
414.73 0.000150340628749
414.74 0.000142891527309
414.75 0.000135764507255
414.76 0.000128946472719
414.77 0.000122424952105
414.78 0.000116188062138
414.79 0.000110224473322
414.8 0.000104523376886
414.81 9.90744532282e-05
414.82 9.38678419114e-05
414.83 8.88941132101e-05
414.84 8.41442412239e-05
414.85 7.96095785514e-05
414.86 7.52818325104e-05
414.87 7.11530428852e-05
414.88 6.72155611684e-05
414.89 6.34620312641e-05
414.9 5.98853716066e-05
414.91 5.64787586477e-05
414.92 5.32356116588e-05
414.93 5.01495787911e-05
414.94 4.72145243309e-05
414.95 4.44245170899e-05
414.96 4.17738198618e-05
414.97 3.92568798805e-05
414.98 3.68683202112e-05
414.99 3.46029320075e-05
415.0 3.2455667566e-05
415.01 3.04216341131e-05
415.02 2.84960882575e-05
415.03 2.66744310456e-05
415.04 2.49522035581e-05
415.05 2.33250829881e-05
415.06 2.17888791447e-05
415.07 2.03395313279e-05
415.08 1.89731055244e-05
415.09 1.76857918762e-05
415.1 1.64739023787e-05
415.11 1.53338687653e-05
415.12 1.42622405439e-05
415.13 1.32556831478e-05
415.14 1.23109761726e-05
415.15 1.14250116699e-05
415.16 1.05947924741e-05
415.17 9.81743054086e-06
415.18 9.09014527837e-06
415.19 8.4102618563e-06
415.2 7.77520947955e-06
415.21 7.18251961629e-06
415.22 6.62982417229e-06
415.23 6.11485360588e-06
415.24 5.63543497962e-06
415.25 5.1894899467e-06
415.26 4.77503267184e-06
415.27 4.39016768762e-06
415.28 4.03308768887e-06
415.29 3.70207126851e-06
415.3 3.39548059939e-06
415.31 3.11175906742e-06
415.32 2.84942886193e-06
415.33 2.60708852978e-06
415.34 2.38341049993e-06
415.35 2.17713858573e-06
415.36 1.98708547211e-06
415.37 1.81213019489e-06
415.38 1.65121561967e-06
415.39 1.50334592724e-06
415.4 1.36758411255e-06
415.41 1.24304950389e-06
415.42 1.12891530867e-06
415.43 1.02440619174e-06
415.44 9.28795892039e-07
415.45 8.41404882549e-07
415.46 7.61598078494e-07
415.47 6.8878259802e-07
415.48 6.22405579205e-07
415.49 5.61952056792e-07
415.5 5.06942901551e-07
415.51 4.56932824751e-07
415.52 4.1150844974e-07
415.53 3.70286452255e-07
415.54 3.3291177061e-07
415.55 2.99055886581e-07
415.56 2.68415177391e-07
415.57 2.40709338866e-07
415.58 2.15679879529e-07
415.59 1.93088685072e-07
415.6 1.72716652398e-07
415.61 1.54362392167e-07
415.62 1.37840998563e-07
415.63 1.22982884811e-07
415.64 1.09632682793e-07
415.65 9.76482049625e-08
415.66 8.68994666513e-08
415.67 7.72677667376e-08
415.68 6.86448245762e-08
415.69 6.09319710244e-08
415.7 5.40393913524e-08
415.71 4.78854177989e-08
415.72 4.23958695199e-08
415.73 3.75034376783e-08
415.74 3.31471134373e-08
415.75 2.92716566426e-08
415.76 2.58271030151e-08
415.77 2.27683077189e-08
415.78 2.00545232183e-08
415.79 1.7649009398e-08
415.8 1.55186739809e-08
415.81 1.36337413472e-08
415.82 1.19674479269e-08
415.83 1.04957624139e-08
415.84 9.19712912423e-09
415.85 8.0522328956e-09
415.86 7.04378400627e-09
415.87 6.15632166518e-09
415.88 5.37603470347e-09
415.89 4.69059817246e-09
415.9 4.0890246279e-09
415.91 3.56152895233e-09
415.92 3.09940563828e-09
415.93 2.69491752339e-09
415.94 2.34119503427e-09
415.95 2.03214505961e-09
415.96 1.76236863345e-09
415.97 1.52708666793e-09
415.98 1.32207302956e-09
415.99 1.14359430596e-09
416.0 9.88355659138e-10
416.01 8.53452208528e-10
416.02 7.36325430851e-10
416.03 6.34724105365e-10
416.04 5.46669371737e-10
416.05 4.70423504069e-10
416.06 4.04462038329e-10
416.07 3.47448921894e-10
416.08 2.98214383087e-10
416.09 2.55735245621e-10
416.1 2.1911743785e-10
416.11 1.87580469834e-10
416.12 1.6044367241e-10
416.13 1.37114012059e-10
416.14 1.17075313235e-10
416.15 9.98787362753e-11
416.16 8.51343739799e-11
416.17 7.25038437048e-11
416.18 6.16937642471e-11
416.19 5.24500181896e-11
416.2 4.4552710671e-11
416.21 3.78117449061e-11
416.22 3.20629432395e-11
416.23 2.71646501737e-11
416.24 2.29947607079e-11
416.25 1.94481235516e-11
416.26 1.64342743679e-11
416.27 1.38754592286e-11
416.28 1.17049129735e-11
416.29 9.86536120296e-12
416.3 8.30771824169e-12
416.31 6.98995664182e-12
416.32 5.87612666347e-12
416.33 4.93550673598e-12
416.34 4.14186817858e-12
416.35 3.47283948215e-12
416.36 2.9093572476e-12
416.37 2.43519246431e-12
416.38 2.0365422176e-12
416.39 1.70167815459e-12
416.4 1.42064413281e-12
416.41 1.18499643987e-12
416.42 9.87580821028e-13
416.43 8.22341297002e-13
416.44 6.84156408159e-13
416.45 5.68699094839e-13
416.46 4.72316925097e-13
416.47 3.91929819926e-13
416.48 3.24942808927e-13
416.49 2.69171683407e-13
416.5 2.22779704713e-13
416.51 1.8422377862e-13
416.52 1.52208726396e-13
416.53 1.25648473933e-13
416.54 1.03633145588e-13
416.55 8.54011925352e-14
416.56 7.03158091232e-14
416.57 5.78449975732e-14
416.58 4.7544733544e-14
416.59 3.90447644619e-14
416.6 3.20366408532e-14
416.61 2.6263639642e-14
416.62 2.15122887917e-14
416.63 1.76052459079e-14
416.64 1.43953204474e-14
416.65 1.17604608643e-14
416.66 9.59955509734e-15
416.67 7.82891591306e-15
416.68 6.37934232526e-15
416.69 5.19366509125e-15
416.7 4.22469856243e-15
416.71 3.43353329678e-15
416.72 2.78811413763e-15
416.73 2.26205719202e-15
416.74 1.83366653569e-15
416.75 1.48511772511e-15
416.76 1.20178048226e-15
416.77 9.71657378318e-16
416.78 7.849191037e-16
416.79 6.33520079521e-16
416.8 5.10880830624e-16
416.81 4.11625779938e-16
416.82 3.31367004097e-16
416.83 2.66526066832e-16
416.84 2.14187367364e-16
416.85 1.71977546054e-16
416.86 1.37966413298e-16
416.87 1.10585638852e-16
416.88 8.85620820687e-17
416.89 7.08631794503e-17
416.9 5.66522520162e-17
416.91 4.52519658122e-17
416.92 3.61144869181e-17
416.93 2.87971278336e-17
416.94 2.29424939065e-17
416.95 1.82623137945e-17
416.96 1.45242829576e-17
416.97 1.15413689696e-17
416.98 9.16312630615e-18
416.99 7.26864977191e-18
417.0 5.76086285825e-18
417.01 4.56189254929e-18
417.02 3.60932748225e-18
417.03 2.85319363269e-18
417.04 2.25351225797e-18
417.05 1.7783298721e-18
417.06 1.40213052053e-18
417.07 1.10455737966e-18
417.08 8.6938439329e-19
417.09 6.83689825556e-19
417.1 5.37192713077e-19
417.11 4.21720611316e-19
417.12 3.30783059731e-19
417.13 2.5923009007e-19
417.14 2.02979079714e-19
417.15 1.58796477691e-19
417.16 1.24123544272e-19
417.17 9.69373600721e-20
417.18 7.56400705514e-20
417.19 5.89707130173e-20
417.2 4.5935087604e-20
417.21 3.5750032037e-20
417.22 2.77991833403e-20
417.23 2.15978915542e-20
417.24 1.67654181752e-20
417.25 1.30029274743e-20
417.26 1.00760799671e-20
417.27 7.80127857282e-21
417.28 6.03481112323e-21
417.29 4.66428729932e-21
417.3 3.60189144028e-21
417.31 2.77907111377e-21
417.32 2.14235982606e-21
417.33 1.65009476361e-21
417.34 1.26984019819e-21
417.35 9.76366725812e-22
417.36 7.50067907694e-22
417.37 5.75720789496e-22
417.38 4.41516516532e-22
417.39 3.38302892499e-22
417.4 2.58993092626e-22
417.41 1.98104511542e-22
417.42 1.51399438516e-22
417.43 1.15605335084e-22
417.44 8.81972822873e-23
417.45 6.72289367611e-23
417.46 5.12013010115e-23
417.47 3.89609433364e-23
417.48 2.96211315183e-23
417.49 2.25007782052e-23
417.5 1.7077218948e-23
417.51 1.29497226739e-23
417.52 9.81132139806e-24
417.53 7.42708254212e-24
417.54 5.61736587857e-24
417.55 4.24493345565e-24
417.56 3.2050349848e-24
417.57 2.4177888786e-24
417.58 1.8223327908e-24
417.59 1.37233682523e-24
417.6 1.03256513762e-24
417.61 7.76243383899e-25
417.62 5.83045004063e-25
417.63 4.37552287011e-25
417.64 3.28081355784e-25
417.65 2.45785838718e-25
417.66 1.83973756265e-25
417.67 1.37587382108e-25
417.68 1.0280756004e-25
417.69 7.67529735162e-26
417.7 5.72517913875e-26
417.71 4.26684300374e-26
417.72 3.1772249167e-26
417.73 2.36381219485e-26
417.74 1.75712108721e-26
417.75 1.30501085906e-26
417.76 9.68389948533e-27
417.77 7.17976340775e-27
417.78 5.31855563326e-27
417.79 3.93641603532e-27
417.8 2.91093153442e-27
417.81 2.15073400744e-27
417.82 1.58768786832e-27
417.83 1.17102795595e-27
417.84 8.62964862082e-28
417.85 6.35393364071e-28
417.86 4.67429319175e-28
417.87 3.43568182389e-28
417.88 2.5230952011e-28
417.89 1.85130532577e-28
417.9 1.35720726616e-28
417.91 9.94118176038e-29
417.92 7.27534454163e-29
417.93 5.31976966614e-29
417.94 3.88647434211e-29
417.95 2.83688998224e-29
417.96 2.06896381473e-29
417.97 1.50760305609e-29
417.98 1.09760186371e-29
417.99 7.98410748663e-30
418.0 5.8027201595e-30
418.01 4.21367069061e-30
418.02 3.05712550567e-30
418.03 2.21610155274e-30
418.04 1.60505441388e-30
418.05 1.16148491867e-30
418.06 8.39771443735e-31
418.07 6.0664181511e-31
418.08 4.37851956803e-31
418.09 3.15751890917e-31
418.1 2.27503633757e-31
418.11 1.63777571831e-31
418.12 1.17799712566e-31
418.13 8.46560003771e-32
418.14 6.07847974748e-32
418.15 4.36069703446e-32
418.16 3.12565159764e-32
418.17 2.23845791201e-32
418.18 1.60169939381e-32
418.19 1.14508256424e-32
418.2 8.17930315584e-33
418.21 5.8374009013e-33
418.22 4.16242526648e-33
418.23 2.96549427503e-33
418.24 2.11091838952e-33
418.25 1.50130699888e-33
418.26 1.06682034075e-33
418.27 7.57420017378e-34
418.28 5.37286566344e-34
418.29 3.80801717228e-34
418.3 2.69659376944e-34
418.31 1.90790114143e-34
418.32 1.34871417339e-34
418.33 9.52593661897e-35
418.34 6.72231975377e-35
418.35 4.73973823753e-35
418.36 3.33897572138e-35
418.37 2.35015159704e-35
418.38 1.65273112575e-35
418.39 1.16126743512e-35
418.4 8.15240977977e-36
418.41 5.71825433162e-36
418.42 4.0074180177e-36
418.43 2.80601208965e-36
418.44 1.96308064764e-36
418.45 1.37217801925e-36
418.46 9.5831103049e-37
418.47 6.68692155529e-37
418.48 4.66197223234e-37
418.49 3.24740794528e-37
418.5 2.26010037785e-37
418.51 1.57160108293e-37
418.52 1.09189436173e-37
418.53 7.57953634727e-38
418.54 5.2568836989e-38
418.55 3.64282082396e-38
418.56 2.52215030642e-38
418.57 1.7447284031e-38
418.58 1.20589198957e-38
418.59 8.32746281062e-39
418.6 5.74567035874e-39
418.61 3.96088672632e-39
418.62 2.72814752863e-39
418.63 1.87744400674e-39
418.64 1.29089181621e-39
418.65 8.86821909728e-40
418.66 6.08704753675e-40
418.67 4.17446366321e-40
418.68 2.86034480656e-40
418.69 1.95821244351e-40
418.7 1.33944515355e-40
418.71 9.15406046887e-41
418.72 6.25066654476e-41
418.73 4.26444578899e-41
418.74 2.90684970124e-41
418.75 1.97973138875e-41
418.76 1.34714292056e-41
418.77 9.1589310575e-42
418.78 6.22156466245e-42
418.79 4.22258267045e-42
418.8 2.86338941588e-42
418.81 1.94002078154e-42
418.82 1.31327616268e-42
418.83 8.88238213386e-43
418.84 6.00242244748e-43
418.85 4.0527272302e-43
418.86 2.73395841089e-43
418.87 1.84272337801e-43
418.88 1.24094376119e-43
418.89 8.34964030459e-44
418.9 5.61315643927e-44
418.91 3.77025077682e-44
418.92 2.53021276532e-44
418.93 1.69655349967e-44
418.94 1.13658465613e-44
418.95 7.60781127594e-45
418.96 5.08793301628e-45
418.97 3.39974819613e-45
418.98 2.26973853707e-45
418.99 1.51400958061e-45
419.0 1.00903243757e-45
419.01 6.71901088655e-46
419.02 4.4702238798e-46
419.03 2.9715080845e-46
419.04 1.97355062205e-46
419.05 1.30961408592e-46
419.06 8.68284637361e-47
419.07 5.75181102686e-47
419.08 3.8068942556e-47
419.09 2.51744928652e-47
419.1 1.66331444841e-47
419.11 1.09802366946e-47
419.12 7.24223739513e-48
419.13 4.77262732693e-48
419.14 3.14243282827e-48
419.15 2.06727472623e-48
419.16 1.35879549921e-48
419.17 8.92346894786e-49
419.18 5.85513679777e-49
419.19 3.83852247959e-49
419.2 2.51428695942e-49
419.21 1.64546750406e-49
419.22 1.07593860277e-49
419.23 7.02925634502e-50
419.24 4.58833359914e-50
419.25 2.99243208937e-50
419.26 1.94992242032e-50
419.27 1.26950400394e-50
419.28 8.25799336416e-51
419.29 5.36708775937e-51
419.3 3.48519093918e-51
419.31 2.26119579107e-51
419.32 1.46579580025e-51
419.33 9.49363411905e-52
419.34 6.14349090692e-52
419.35 3.97211361274e-52
419.36 2.56597143028e-52
419.37 1.65617293723e-52
419.38 1.06802953671e-52
419.39 6.88152283891e-53
419.4 4.43005951017e-53
419.41 2.84943186996e-53
419.42 1.83117861175e-53
419.43 1.17578211371e-53
419.44 7.54304509346e-54
419.45 4.83493089555e-54
419.46 3.0964035087e-54
419.47 1.98129226077e-54
419.48 1.26666930894e-54
419.49 8.09099001208e-55
419.5 5.16373319713e-55
419.51 3.29268084372e-55
419.52 2.09777638296e-55
419.53 1.33534184653e-55
419.54 8.49277148641e-56
419.55 5.39672304469e-56
419.56 3.42637218446e-56
419.57 2.17351505664e-56
419.58 1.37757255799e-56
419.59 8.7234851295e-57
419.6 5.51936709203e-57
419.61 3.48909060312e-57
419.62 2.20373275571e-57
419.63 1.39068675765e-57
419.64 8.76846199682e-58
419.65 5.52384191766e-58
419.66 3.47682451495e-58
419.67 2.18649260831e-58
419.68 1.37384256682e-58
419.69 8.62481196779e-59
419.7 5.40985986559e-59
419.71 3.39036228201e-59
419.72 2.12290183621e-59
419.73 1.3281203465e-59
419.74 8.3017310578e-60
419.75 5.18469964429e-60
419.76 3.23520836728e-60
419.77 2.01699408454e-60
419.78 1.25640803283e-60
419.79 7.81952723806e-61
419.8 4.86243715925e-61
419.81 3.0210034349e-61
419.82 1.87530602518e-61
419.83 1.16309929205e-61
419.84 7.20750821886e-62
419.85 4.46248956642e-62
419.86 2.76053332089e-62
419.87 1.70621001205e-62
419.88 1.05364834906e-62
419.89 6.50103656074e-63
419.9 4.00768185601e-63
419.91 2.46846845034e-63
419.92 1.51909745379e-63
419.93 9.34044146779e-64
419.94 5.73816303232e-64
419.95 3.52210319e-64
419.96 2.1600061152e-64
419.97 1.32352332108e-64
419.98 8.10274045954e-65
419.99 4.95628156613e-65
420.0 3.02903105301e-65
420.01 1.84958882657e-65
420.02 1.12841895609e-65
420.03 6.87842910918e-66
420.04 4.18920748385e-66
420.05 2.54916641605e-66
420.06 1.54984482772e-66
420.07 9.41460190819e-67
420.08 5.71398920879e-67
420.09 3.46497881294e-67
420.1 2.09935296812e-67
420.11 1.27084930577e-67
420.12 7.68645981617e-68
420.13 4.64496428066e-68
420.14 2.80454303629e-68
420.15 1.69186439677e-68
420.16 1.01974763413e-68
420.17 6.14106330046e-69
420.18 3.69503157663e-69
420.19 2.22134720996e-69
420.2 1.33425381059e-69
420.21 8.00726440497e-70
420.22 4.80124203325e-70
420.23 2.87638319107e-70
420.24 1.72172425347e-70
420.25 1.02968447546e-70
420.26 6.15273832606e-71
420.27 3.67330032914e-71
420.28 2.19112998896e-71
420.29 1.30588087194e-71
420.3 7.77611528663e-72
420.31 4.62642507727e-72
420.32 2.75012281219e-72
420.33 1.63336165651e-72
420.34 9.69251175547e-73
420.35 5.74664049783e-73
420.36 3.40420287608e-73
420.37 2.01483994345e-73
420.38 1.19148720293e-73
420.39 7.03982599822e-74
420.4 4.155833888e-74
420.41 2.45119661301e-74
420.42 1.44451424205e-74
420.43 8.50529185519e-75
420.44 5.0035739876e-75
420.45 2.94100080787e-75
420.46 1.72716438503e-75
420.47 1.01343504153e-75
420.48 5.94130533364e-76
420.49 3.48009852833e-76
420.5 2.03668994872e-76
420.51 1.19091842088e-76
420.52 6.95765384666e-77
420.53 4.06132117959e-77
420.54 2.36862095022e-77
420.55 1.38021743471e-77
420.56 8.03568981725e-78
420.57 4.6743640388e-78
420.58 2.71672458225e-78
420.59 1.57758368156e-78
420.6 9.1529883719e-79
420.61 5.30587639454e-79
420.62 3.07308843899e-79
420.63 1.77834779855e-79
420.64 1.02821055316e-79
420.65 5.93979046468e-80
420.66 3.4283401529e-80
420.67 1.97706249715e-80
420.68 1.13914918409e-80
420.69 6.5578959439e-81
420.7 3.77200406147e-81
420.71 2.16772154744e-81
420.72 1.24468240391e-81
420.73 7.14064295088e-82
420.74 4.09298165641e-82
420.75 2.34404525012e-82
420.76 1.3412690293e-82
420.77 7.66813083896e-83
420.78 4.38012843264e-83
420.79 2.49981510455e-83
420.8 1.42545214976e-83
420.81 8.12121692854e-84
420.82 4.62288714719e-84
420.83 2.62923366638e-84
420.84 1.494062585e-84
420.85 8.48266093722e-85
420.86 4.81192820015e-85
420.87 2.72728096587e-85
420.88 1.54441615909e-85
420.89 8.7382105496e-86
420.9 4.93974335216e-86
420.91 2.79003710107e-86
420.92 1.57448774234e-86
420.93 8.87753313442e-87
420.94 5.00114023321e-87
420.95 2.81494215898e-87
420.96 1.58304635083e-87
420.97 8.89490878793e-88
420.98 4.99359227574e-88
420.99 2.80096945355e-88
421.0 1.56973874595e-88
421.01 8.78961992838e-89
421.02 4.91741120762e-89
421.03 2.74869574265e-89
421.04 1.53511362157e-89
421.05 8.56600046068e-90
421.06 4.77572569364e-90
421.07 2.66026173155e-90
421.08 1.48058407095e-90
421.09 8.23313981686e-91
421.1 4.57426816455e-91
421.11 2.53922663221e-91
421.12 1.40833191134e-91
421.13 7.80427003855e-92
421.14 4.32099007522e-92
421.15 2.39033054908e-92
421.16 1.32116289367e-92
421.17 7.29589349699e-93
421.18 4.02554157511e-93
421.19 2.21918679473e-93
421.2 1.22232618411e-93
421.21 6.72673134935e-94
421.22 3.69866300962e-94
421.23 2.03193194018e-94
421.24 1.11531428006e-94
421.25 6.11658592405e-95
421.26 3.35154157939e-95
421.27 1.83486389408e-95
421.28 1.0036604494e-95
421.29 5.485212774e-96
421.3 2.9951864299e-96
421.31 1.63409745137e-96
421.32 8.90749850964e-97
421.33 4.85129044638e-97
421.34 2.63986979745e-97
421.35 1.4352628722e-97
421.36 7.79657940352e-98
421.37 4.23155972069e-98
421.38 2.29467167736e-98
421.39 1.24326683451e-98
421.4 6.73026019051e-99
421.41 3.64018178812e-99
421.42 1.96715238309e-99
421.43 1.06212748315e-99
421.44 5.72979392179e-100
421.45 3.08833974569e-100
421.46 1.66316314046e-100
421.47 8.94887300045e-101
421.48 4.81089136914e-101
421.49 2.58408305895e-101
421.5 1.38679127198e-101
421.51 7.43600105989e-102
421.52 3.98374470122e-102
421.53 2.13239309309e-102
421.54 1.14042504936e-102
421.55 6.0938244831e-103
421.56 3.25339539176e-103
421.57 1.73543145773e-103
421.58 9.24914943833e-104
421.59 4.92515428536e-104
421.6 2.62036382742e-104
421.61 1.39292285395e-104
421.62 7.3980326705e-105
421.63 3.92580874641e-105
421.64 2.08144885598e-105
421.65 1.10262049972e-105
421.66 5.83593026079e-106
421.67 3.08615572793e-106
421.68 1.63060696394e-106
421.69 8.60804366218e-107
421.7 4.54028737442e-107
421.71 2.39268725096e-107
421.72 1.25983085746e-107
421.73 6.62769111611e-108
421.74 3.48366183637e-108
421.75 1.82950429883e-108
421.76 9.59963212125e-109
421.77 5.03268164315e-109
421.78 2.63613738174e-109
421.79 1.37962270512e-109
421.8 7.21400334115e-110
421.81 3.76891252368e-110
421.82 1.96734030109e-110
421.83 1.02604552857e-110
421.84 5.34659746436e-111
421.85 2.78363351386e-111
421.86 1.44800592058e-111
421.87 7.52579408152e-112
421.88 3.90803133369e-112
421.89 2.02762415194e-112
421.9 1.05109165164e-112
421.91 5.44399139699e-113
421.92 2.81720198853e-113
421.93 1.45660653751e-113
421.94 7.52471812351e-114
421.95 3.88384535826e-114
421.96 2.00289109425e-114
421.97 1.03199229324e-114
421.98 5.31274883991e-115
421.99 2.73266144069e-115
422.0 1.40435234827e-115
422.01 7.21090963904e-116
422.02 3.69936969464e-116
422.03 1.89622176913e-116
422.04 9.71122986922e-117
422.05 4.96916082563e-117
422.06 2.54047885146e-117
422.07 1.29769259832e-117
422.08 6.62295468664e-118
422.09 3.37718967081e-118
422.1 1.7206115483e-118
422.11 8.75858455708e-119
422.12 4.45460021039e-119
422.13 2.26363943863e-119
422.14 1.14928961666e-119
422.15 5.83009225047e-120
422.16 2.95491561409e-120
422.17 1.4963681357e-120
422.18 7.57103986161e-121
422.19 3.82733367379e-121
422.2 1.9331289851e-121
422.21 9.75548917469e-122
422.22 4.91882059263e-122
422.23 2.47797332099e-122
422.24 1.24725709319e-122
422.25 6.27247661976e-123
422.26 3.15170697184e-123
422.27 1.58225445134e-123
422.28 7.93652762725e-124
422.29 3.97748408987e-124
422.3 1.99163652539e-124
422.31 9.96403916965e-125
422.32 4.98063231923e-125
422.33 2.48746656047e-125
422.34 1.2412341975e-125
422.35 6.18833657285e-126
422.36 3.08260467327e-126
422.37 1.53421226832e-126
422.38 7.62916104454e-127
422.39 3.79045920027e-127
422.4 1.88161420321e-127
422.41 9.33239369202e-128
422.42 4.62465385974e-128
422.43 2.28975558286e-128
422.44 1.13272042816e-128
422.45 5.59860788848e-129
422.46 2.76478320778e-129
422.47 1.36416162063e-129
422.48 6.72503088594e-130
422.49 3.31242803832e-130
422.5 1.63013035079e-130
422.51 8.01533959494e-131
422.52 3.93772364699e-131
422.53 1.932823746e-131
422.54 9.47901005477e-132
422.55 4.64469742854e-132
422.56 2.27392210871e-132
422.57 1.1122885155e-132
422.58 5.43604489121e-133
422.59 2.65443642602e-133
422.6 1.29504641748e-133
422.61 6.31280033961e-134
422.62 3.07455654838e-134
422.63 1.49612069071e-134
422.64 7.27401991123e-135
422.65 3.53350780102e-135
422.66 1.71498898851e-135
422.67 8.31649498266e-136
422.68 4.02942462585e-136
422.69 1.95060554862e-136
422.7 9.4345151612e-137
422.71 4.55925025109e-137
422.72 2.20135957596e-137
422.73 1.06197001903e-137
422.74 5.11867125043e-138
422.75 2.46505112887e-138
422.76 1.18609189473e-138
422.77 5.70209511176e-139
422.78 2.73888809718e-139
422.79 1.3144311197e-139
422.8 6.30267755471e-140
422.81 3.01950712125e-140
422.82 1.44534238856e-140
422.83 6.91240433292e-141
422.84 3.30302028076e-141
422.85 1.5769468623e-141
422.86 7.52222969861e-142
422.87 3.58508812029e-142
422.88 1.70717008332e-142
422.89 8.12227071808e-143
422.9 3.86101814092e-143
422.91 1.83379141925e-143
422.92 8.70205337615e-144
422.93 4.12588635953e-144
422.94 1.95450368462e-144
422.95 9.25080310736e-145
422.96 4.37467802112e-145
422.97 2.06698089896e-145
422.98 9.75776927591e-146
422.99 4.6024421571e-146
423.0 2.16895152413e-146
423.01 1.02125704345e-146
423.02 4.80445352256e-147
423.03 2.25827403205e-147
423.04 1.06055451514e-147
423.05 4.97637461914e-148
423.06 2.33301133085e-148
423.07 1.09280919921e-148
423.08 5.11441009784e-149
423.09 2.39150045629e-149
423.1 1.11729820166e-149
423.11 5.21544588951e-150
423.12 2.43241403504e-150
423.13 1.13346279629e-150
423.14 5.27716594958e-151
423.15 2.45481035026e-151
423.16 1.14092961299e-151
423.17 5.29814050752e-152
423.18 2.45816937311e-152
423.19 1.13952497385e-152
423.2 5.27788112607e-153
423.21 2.44241283538e-153
423.22 1.12928160871e-153
423.23 5.21685960934e-154
423.24 2.40790726113e-154
423.25 1.11043738733e-154
423.26 5.11648973774e-155
423.27 2.35544979346e-155
423.28 1.08342613693e-155
423.29 4.97907281719e-156
423.3 2.28623758175e-156
423.31 1.04886103998e-156
423.32 4.80770997093e-157
423.33 2.2018223709e-157
423.34 1.00751149939e-157
423.35 4.60618584138e-158
423.36 2.10405269767e-158
423.37 9.60274689778e-159
423.38 4.37882979021e-159
423.39 1.99500669915e-159
423.4 9.08143262385e-160
423.41 4.13036169646e-160
423.42 1.87691893833e-160
423.43 8.52170823439e-161
423.44 3.86572999977e-161
423.45 1.75210483071e-161
423.46 7.93436853872e-162
423.47 3.5899496975e-162
423.48 1.62288621067e-162
423.49 7.33012683738e-163
423.5 3.30794760013e-163
423.51 1.49152132086e-163
423.52 6.7192998619e-164
423.53 3.02442132914e-164
423.54 1.36014207091e-164
423.55 6.11153028954e-165
423.56 2.74371738729e-165
423.57 1.23070083396e-165
423.58 5.51555636129e-166
423.59 2.46973224115e-166
423.6 1.10492837922e-166
423.61 4.93903493096e-167
423.62 2.20583884113e-167
423.63 9.84303828048e-168
423.64 4.38842096428e-168
423.65 1.95483947597e-168
423.66 8.70036820376e-169
423.67 3.86890331799e-169
423.68 1.7189444181e-169
423.69 7.63061432556e-170
423.7 3.38439375928e-170
423.71 1.4997745513e-170
423.72 6.6404083512e-171
423.73 2.9375637927e-171
423.74 1.29838514682e-171
423.75 5.73381244827e-172
423.76 2.52992204982e-172
423.77 1.11530721002e-172
423.78 4.91253425591e-173
423.79 2.16192381882e-173
423.8 9.50602371516e-174
423.81 4.17619830702e-174
423.82 1.83310374662e-174
423.83 8.03927138619e-175
423.84 3.5226544741e-175
423.85 1.54222278906e-175
423.86 6.74602425585e-176
423.87 2.94830489163e-176
423.88 1.28742103313e-176
423.89 5.61684603812e-177
423.9 2.44843259145e-177
423.91 1.06636896332e-177
423.92 4.64034802297e-178
423.93 2.01751755904e-178
423.94 8.76410970744e-179
423.95 3.80383788876e-179
423.96 1.64952881748e-179
423.97 7.14696288523e-180
423.98 3.09390417799e-180
423.99 1.33818421776e-180
424.0 5.78293965912e-181
424.01 2.4969228887e-181
424.02 1.0771726369e-181
424.03 4.64289869032e-182
424.04 1.9994788494e-182
424.05 8.60336075771e-183
424.06 3.69864940424e-183
424.07 1.58870005694e-183
424.08 6.81811572521e-184
424.09 2.92355008268e-184
424.1 1.25250774562e-184
424.11 5.36134821244e-185
424.12 2.29293277556e-185
424.13 9.79788509538e-186
424.14 4.18308870545e-186
424.15 1.78437248974e-186
424.16 7.60497299482e-187
424.17 3.23842278142e-187
424.18 1.37782204217e-187
424.19 5.85701616988e-188
424.2 2.48761650877e-188
424.21 1.05563589713e-188
424.22 4.47577846499e-189
424.23 1.89603664674e-189
424.24 8.02506547576e-190
424.25 3.39370551551e-190
424.26 1.43391509478e-190
424.27 6.05335900671e-191
424.28 2.5532488132e-191
424.29 1.07600318916e-191
424.3 4.53062055354e-192
424.31 1.90601158366e-192
424.32 8.01156006463e-193
424.33 3.36459165082e-193
424.34 1.41179404356e-193
424.35 5.91880511037e-194
424.36 2.47925071683e-194
424.37 1.0376014437e-194
424.38 4.33874773259e-195
424.39 1.81268334561e-195
424.4 7.56664226616e-196
424.41 3.15579055387e-196
424.42 1.3150336145e-196
424.43 5.47506461786e-197
424.44 2.27753655686e-197
424.45 9.46597114975e-198
424.46 3.9308702503e-198
424.47 1.63093237507e-198
424.48 6.76093734517e-199
424.49 2.80028079042e-199
424.5 1.15883062405e-199
424.51 4.79139591852e-200
424.52 1.97937402158e-200
424.53 8.16991213782e-201
424.54 3.36922968516e-201
424.55 1.38824962051e-201
424.56 5.71515773145e-202
424.57 2.35078326784e-202
424.58 9.66096866207e-203
424.59 3.96691110433e-203
424.6 1.62745120361e-203
424.61 6.67094247797e-204
424.62 2.73205934261e-204
424.63 1.11793556689e-204
424.64 4.57053596684e-205
424.65 1.86698660008e-205
424.66 7.61971948606e-206
424.67 3.10713754269e-206
424.68 1.26591832322e-206
424.69 5.15317161641e-207
424.7 2.09588398226e-207
424.71 8.51693991953e-208
424.72 3.45798926889e-208
424.73 1.40277304231e-208
424.74 5.68558155927e-209
424.75 2.30242816329e-209
424.76 9.31581802604e-210
424.77 3.76599393774e-210
424.78 1.5211146503e-210
424.79 6.13858104859e-211
424.8 2.47512850553e-211
424.81 9.97128712404e-212
424.82 4.01354747609e-212
424.83 1.61409577126e-212
424.84 6.48565596154e-213
424.85 2.60376765346e-213
424.86 1.04441778849e-213
424.87 4.18571838094e-214
424.88 1.67605961925e-214
424.89 6.70552263808e-215
424.9 2.68039942254e-215
424.91 1.07050847746e-215
424.92 4.27173613537e-216
424.93 1.70310897939e-216
424.94 6.7842863675e-217
424.95 2.70016072868e-217
424.96 1.07373911511e-217
424.97 4.26610602242e-218
424.98 1.69351180038e-218
424.99 6.71689442767e-219
425.0 2.66178228317e-219
425.01 1.05390205244e-219
425.02 4.16918995765e-220
425.03 1.64788472557e-220
425.04 6.50767245679e-221
425.05 2.56772350235e-221
425.06 1.01226574115e-221
425.07 3.98716799156e-222
425.08 1.56912752957e-222
425.09 6.16986500962e-223
425.1 2.42391169995e-223
425.11 9.51440513465e-224
425.12 3.73138617426e-224
425.13 1.46211815017e-224
425.14 5.72424813212e-225
425.15 2.23912400741e-225
425.16 8.75107798752e-226
425.17 3.41718644121e-226
425.18 1.33321290034e-226
425.19 5.19701598482e-227
425.2 2.02410161053e-227
425.21 7.87651819829e-228
425.22 3.06238623205e-228
425.23 1.18962301847e-228
425.24 4.61724018489e-229
425.25 1.79052045638e-229
425.26 6.93744926355e-230
425.27 2.68561692569e-230
425.28 1.03875235927e-230
425.29 4.01424332193e-231
425.3 1.54995495357e-231
425.31 5.97940777489e-232
425.32 2.30473490751e-232
425.33 8.87579984568e-233
425.34 3.41521251275e-233
425.35 1.31296055353e-233
425.36 5.04323651895e-234
425.37 1.93548899675e-234
425.38 7.42157002664e-235
425.39 2.8433124392e-235
425.4 1.08837132986e-235
425.41 4.16249105657e-236
425.42 1.59057168268e-236
425.43 6.07263099327e-237
425.44 2.31645703656e-237
425.45 8.82867073635e-238
425.46 3.36194112061e-238
425.47 1.27911207458e-238
425.48 4.86240138665e-239
425.49 1.84678665251e-239
425.5 7.0081979476e-240
425.51 2.65717223327e-240
425.52 1.00659962328e-240
425.53 3.80993471609e-241
425.54 1.44079441727e-241
425.55 5.4439009222e-242
425.56 2.05514335214e-242
425.57 7.75171400106e-243
425.58 2.92130615746e-243
425.59 1.09996817395e-243
425.6 4.13815618121e-244
425.61 1.55545463079e-244
425.62 5.84159617529e-245
425.63 2.19194385996e-245
425.64 8.2177142341e-246
425.65 3.07819660911e-246
425.66 1.15203424374e-246
425.67 4.307825811e-247
425.68 1.60943926383e-247
425.69 6.00779026389e-248
425.7 2.24067385061e-248
425.71 8.34961097725e-249
425.72 3.10869095468e-249
425.73 1.156411948e-249
425.74 4.29804841492e-250
425.75 1.5960766676e-250
425.76 5.92188414958e-251
425.77 2.19527927626e-251
425.78 8.13098876077e-252
425.79 3.00898939011e-252
425.8 1.11255544748e-252
425.81 4.11004318569e-253
425.82 1.51703226733e-253
425.83 5.59457324414e-254
425.84 2.06140261279e-254
425.85 7.58896225586e-255
425.86 2.79142315081e-255
425.87 1.02587080781e-255
425.88 3.76689383102e-256
425.89 1.38196740713e-256
425.9 5.0656587938e-257
425.91 1.85523008989e-257
425.92 6.78864873718e-258
425.93 2.48194760101e-258
425.94 9.06620618523e-259
425.95 3.30888967658e-259
425.96 1.20659826249e-259
425.97 4.39609244244e-260
425.98 1.60027510674e-260
425.99 5.82031105557e-261
426.0 2.115053969e-261
426.01 7.67927860873e-262
426.02 2.78575621178e-262
426.03 1.00969336727e-262
426.04 3.6564497692e-263
426.05 1.32298046786e-263
426.06 4.782676054e-264
426.07 1.72747675221e-264
426.08 6.23414888267e-265
426.09 2.24784230553e-265
426.1 8.09800841834e-266
426.11 2.91483730899e-266
426.12 1.04827234363e-266
426.13 3.76667065713e-267
426.14 1.35227457355e-267
426.15 4.85060408329e-268
426.16 1.73840309439e-268
426.17 6.22484951979e-269
426.18 2.2270549894e-269
426.19 7.96080042503e-270
426.2 2.84319236863e-270
426.21 1.01456404102e-270
426.22 3.61723229009e-271
426.23 1.28853744855e-271
426.24 4.58607764462e-272
426.25 1.63083293739e-272
426.26 5.79430374252e-273
426.27 2.0569169333e-273
426.28 7.29551511993e-274
426.29 2.58534724597e-274
426.3 9.15388635108e-275
426.31 3.23829092009e-275
426.32 1.14458992958e-275
426.33 4.04210593699e-276
426.34 1.42622871119e-276
426.35 5.0279896017e-277
426.36 1.77101924001e-277
426.37 6.23269536255e-278
426.38 2.19155429046e-278
426.39 7.69931839531e-279
426.4 2.70256431604e-279
426.41 9.47814850772e-280
426.42 3.3211974256e-280
426.43 1.16275867569e-280
426.44 4.06731864051e-281
426.45 1.42151196025e-281
426.46 4.96382602381e-282
426.47 1.73183414347e-282
426.48 6.03698026461e-283
426.49 2.10260129291e-283
426.5 7.31674316698e-284
426.51 2.54391389043e-284
426.52 8.83711924436e-285
426.53 3.06720452513e-285
426.54 1.06364932741e-285
426.55 3.6853430118e-286
426.56 1.27579552481e-286
426.57 4.4127359971e-287
426.58 1.52496026982e-287
426.59 5.26541765283e-288
426.6 1.81648089168e-288
426.61 6.26112760155e-289
426.62 2.15624441917e-289
426.63 7.41937179057e-290
426.64 2.55070358794e-290
426.65 8.76146164662e-291
426.66 3.00688520217e-291
426.67 1.03105265261e-291
426.68 3.53238923454e-292
426.69 1.2091494249e-292
426.7 4.13537699337e-293
426.71 1.41310343934e-293
426.72 4.82454667199e-294
426.73 1.64574590528e-294
426.74 5.60909462862e-295
426.75 1.91005759529e-295
426.76 6.49866083433e-296
426.77 2.20914891981e-296
426.78 7.50325707722e-297
426.79 2.54623435013e-297
426.8 8.63317672903e-298
426.81 2.92460085484e-298
426.82 9.89888516911e-299
426.83 3.34757011812e-299
426.84 1.13108903224e-299
426.85 3.81845443342e-300
426.86 1.28795932008e-300
426.87 4.34050631456e-301
426.88 1.46151188403e-301
426.89 4.91686203485e-302
426.9 1.65271285871e-302
426.91 5.5504794916e-303
426.92 1.86246153049e-303
426.93 6.24407099488e-304
426.94 2.09156837269e-304
426.95 7.00003179059e-305
426.96 2.34073188546e-305
426.97 7.82036534306e-306
426.98 2.61051459843e-306
426.99 8.70660661573e-307
427.0 2.90131866052e-307
427.01 9.65974479133e-308
427.02 3.21336150291e-308
427.03 1.06801470591e-308
427.04 3.5466521163e-309
427.05 1.17674852563e-309
427.06 3.9009685291e-310
427.07 1.29206672768e-310
427.08 4.27583710649e-311
427.09 1.41377752449e-311
427.1 4.67051430984e-312
427.11 1.54160124859e-312
427.12 5.08397155805e-313
427.13 1.67516613056e-313
427.14 5.51488381656e-314
427.15 1.81400535123e-314
427.16 5.96162250807e-315
427.17 1.95755554855e-315
427.18 6.4222532544e-316
427.19 2.10515689938e-316
427.2 6.89453885615e-317
427.21 2.256054923e-317
427.22 7.37595049267e-318
427.23 2.40940499442e-318
427.24 7.86364763234e-319
427.25 2.56429951505e-319
427.26 8.35465007118e-320
427.27 2.71983138036e-320
427.28 8.84377506056e-321
427.29 2.8754620588e-321
427.3 9.3378407064e-322
427.31 3.01380043963e-322
427.32 9.88131291682e-323
427.33 2.96439387505e-323
427.34 9.88131291682e-324
427.35 4.94065645841e-324
427.36 0.0
427.37 0.0
427.38 0.0
427.39 0.0
427.4 0.0
427.41 0.0
427.42 0.0
427.43 0.0
427.44 0.0
427.45 0.0
427.46 0.0
427.47 0.0
427.48 0.0
427.49 0.0
427.5 0.0
427.51 0.0
427.52 0.0
427.53 0.0
427.54 0.0
427.55 0.0
427.56 0.0
427.57 0.0
427.58 0.0
427.59 0.0
427.6 0.0
427.61 0.0
427.62 0.0
427.63 0.0
427.64 0.0
427.65 0.0
427.66 0.0
427.67 0.0
427.68 0.0
427.69 0.0
427.7 0.0
427.71 0.0
427.72 0.0
427.73 0.0
427.74 0.0
427.75 0.0
427.76 0.0
427.77 0.0
427.78 0.0
427.79 0.0
427.8 0.0
427.81 0.0
427.82 0.0
427.83 0.0
427.84 0.0
427.85 0.0
427.86 0.0
427.87 0.0
427.88 0.0
427.89 0.0
427.9 0.0
427.91 0.0
427.92 0.0
427.93 0.0
427.94 0.0
427.95 0.0
427.96 0.0
427.97 0.0
427.98 0.0
427.99 0.0
428.0 0.0
428.01 0.0
428.02 0.0
428.03 0.0
428.04 0.0
428.05 0.0
428.06 0.0
428.07 0.0
428.08 0.0
428.09 0.0
428.1 0.0
428.11 0.0
428.12 0.0
428.13 0.0
428.14 0.0
428.15 0.0
428.16 0.0
428.17 0.0
428.18 0.0
428.19 0.0
428.2 0.0
428.21 0.0
428.22 0.0
428.23 0.0
428.24 0.0
428.25 0.0
428.26 0.0
428.27 0.0
428.28 0.0
428.29 0.0
428.3 0.0
428.31 0.0
428.32 0.0
428.33 0.0
428.34 0.0
428.35 0.0
428.36 0.0
428.37 0.0
428.38 0.0
428.39 0.0
428.4 0.0
428.41 0.0
428.42 0.0
428.43 0.0
428.44 0.0
428.45 0.0
428.46 0.0
428.47 0.0
428.48 0.0
428.49 0.0
428.5 0.0
428.51 0.0
428.52 0.0
428.53 0.0
428.54 0.0
428.55 0.0
428.56 0.0
428.57 0.0
428.58 0.0
428.59 0.0
428.6 0.0
428.61 0.0
428.62 0.0
428.63 0.0
428.64 0.0
428.65 0.0
428.66 0.0
428.67 0.0
428.68 0.0
428.69 0.0
428.7 0.0
428.71 0.0
428.72 0.0
428.73 0.0
428.74 0.0
428.75 0.0
428.76 0.0
428.77 0.0
428.78 0.0
428.79 0.0
428.8 0.0
428.81 0.0
428.82 0.0
428.83 0.0
428.84 0.0
428.85 0.0
428.86 0.0
428.87 0.0
428.88 0.0
428.89 0.0
428.9 0.0
428.91 0.0
428.92 0.0
428.93 0.0
428.94 0.0
428.95 0.0
428.96 0.0
428.97 0.0
428.98 0.0
428.99 0.0
429.0 0.0
429.01 0.0
429.02 0.0
429.03 0.0
429.04 0.0
429.05 0.0
429.06 0.0
429.07 0.0
429.08 0.0
429.09 0.0
429.1 0.0
429.11 0.0
429.12 0.0
429.13 0.0
429.14 0.0
429.15 0.0
429.16 0.0
429.17 0.0
429.18 0.0
429.19 0.0
429.2 0.0
429.21 0.0
429.22 0.0
429.23 0.0
429.24 0.0
429.25 0.0
429.26 0.0
429.27 0.0
429.28 0.0
429.29 0.0
429.3 0.0
429.31 0.0
429.32 0.0
429.33 0.0
429.34 0.0
429.35 0.0
429.36 0.0
429.37 0.0
429.38 0.0
429.39 0.0
429.4 0.0
429.41 0.0
429.42 0.0
429.43 0.0
429.44 0.0
429.45 0.0
429.46 0.0
429.47 0.0
429.48 0.0
429.49 0.0
429.5 0.0
429.51 0.0
429.52 0.0
429.53 0.0
429.54 0.0
429.55 0.0
429.56 0.0
429.57 0.0
429.58 0.0
429.59 0.0
429.6 0.0
429.61 0.0
429.62 0.0
429.63 0.0
429.64 0.0
429.65 0.0
429.66 0.0
429.67 0.0
429.68 0.0
429.69 0.0
429.7 0.0
429.71 0.0
429.72 0.0
429.73 0.0
429.74 0.0
429.75 0.0
429.76 0.0
429.77 0.0
429.78 0.0
429.79 0.0
429.8 0.0
429.81 0.0
429.82 0.0
429.83 0.0
429.84 0.0
429.85 0.0
429.86 0.0
429.87 0.0
429.88 0.0
429.89 0.0
429.9 0.0
429.91 0.0
429.92 0.0
429.93 0.0
429.94 0.0
429.95 0.0
429.96 0.0
429.97 0.0
429.98 0.0
429.99 0.0
