400.0 1.99865445664e-70
400.01 3.34652300855e-70
400.02 5.59852506298e-70
400.03 9.35787308316e-70
400.04 1.56280354337e-69
400.05 2.60768624523e-69
400.06 4.34740397102e-69
400.07 7.2414972775e-69
400.08 1.20517595491e-68
400.09 2.00399326336e-68
400.1 3.32939841765e-68
400.11 5.52661221816e-68
400.12 9.16591719182e-68
400.13 1.51885592046e-67
400.14 2.51466964823e-67
400.15 4.15976708343e-67
400.16 6.8751281954e-67
400.17 1.13531480062e-66
400.18 1.87316274319e-66
400.19 3.08786592654e-66
400.2 5.08586785516e-66
400.21 8.36942112608e-66
400.22 1.37609837654e-65
400.23 2.2606183918e-65
400.24 3.7104684503e-65
400.25 6.08490696224e-65
400.26 9.97017666739e-65
400.27 1.63220790929e-64
400.28 2.66975749637e-64
400.29 4.36306681536e-64
400.3 7.12419216439e-64
400.31 1.16225948622e-63
400.32 1.89449858907e-63
400.33 3.08538373191e-63
400.34 5.02050954356e-63
400.35 8.16225429572e-63
400.36 1.32585538785e-62
400.37 2.15181983765e-62
400.38 3.48930850195e-62
400.39 5.6532285402e-62
400.4 9.15118698878e-62
400.41 1.48006922581e-61
400.42 2.39172002862e-61
400.43 3.86155624244e-61
400.44 6.22928356976e-61
400.45 1.00400887202e-60
400.46 1.61681642413e-60
400.47 2.60140269875e-60
400.48 4.1819436173e-60
400.49 6.71695552043e-60
400.5 1.07792981425e-59
400.51 1.72835204726e-59
400.52 2.76883862796e-59
400.53 4.43186777187e-59
400.54 7.08760745328e-59
400.55 1.13249483617e-58
400.56 1.807992053e-58
400.57 2.88390212133e-58
400.58 4.59608686616e-58
400.59 7.3184591419e-58
400.6 1.16432651948e-57
400.61 1.8507750604e-57
400.62 2.93938315137e-57
400.63 4.6642570299e-57
400.64 7.39490265803e-57
400.65 1.17140253869e-56
400.66 1.85397371567e-56
400.67 2.93173490056e-56
400.68 4.63201048621e-56
400.69 7.31203199815e-56
400.7 1.1532682745e-55
400.71 1.8173824064e-55
400.72 2.86144897682e-55
400.73 4.50141864713e-55
400.74 7.07516410462e-55
400.75 1.11108514684e-54
400.76 1.74333913241e-54
400.77 2.73300312439e-54
400.78 4.28077192868e-54
400.79 6.69927436546e-54
400.8 1.0475075247e-53
400.81 1.63647829971e-53
400.82 2.55438916096e-53
400.83 3.98370881957e-53
400.84 6.20742990336e-53
400.85 9.66406346765e-53
400.86 1.50325077148e-52
400.87 2.33629032151e-52
400.88 3.62782138724e-52
400.89 5.62844849438e-52
400.9 8.72479453267e-52
400.91 1.35128026056e-51
400.92 2.09102569531e-51
400.93 3.23293534345e-51
400.94 4.99411318772e-51
400.95 7.70803105212e-51
400.96 1.18864520443e-50
400.97 1.8314064612e-50
400.98 2.81929781037e-50
400.99 4.33631555628e-50
401.0 6.66383930223e-50
401.01 1.02317958214e-49
401.02 1.56965037127e-49
401.03 2.40590071726e-49
401.04 3.6844798746e-49
401.05 5.6376536082e-49
401.06 8.6187503318e-49
401.07 1.31647896666e-48
401.08 2.00912640695e-48
401.09 3.06354533432e-48
401.1 4.66729308486e-48
401.11 7.10443504712e-48
401.12 1.08048249471e-47
401.13 1.64183547311e-47
401.14 2.49267263975e-47
401.15 3.7811557898e-47
401.16 5.73069913665e-47
401.17 8.67789434233e-47
401.18 1.31293981997e-46
401.19 1.98471885157e-46
401.2 2.99762209985e-46
401.21 4.52354048501e-46
401.22 6.82030495584e-46
401.23 1.02743136205e-45
401.24 1.54641322608e-45
401.25 2.32553031425e-45
401.26 3.4941550077e-45
401.27 5.24548974003e-45
401.28 7.86780575142e-45
401.29 1.17908449586e-44
401.3 1.76546836888e-44
401.31 2.64118404795e-44
401.32 3.94785417821e-44
401.33 5.89586122202e-44
401.34 8.79745622774e-44
401.35 1.31156762934e-43
401.36 1.95365546502e-43
401.37 2.90756194648e-43
401.38 4.32348233128e-43
401.39 6.42335778579e-43
401.4 9.53485845748e-43
401.41 1.41413248928e-42
401.42 2.09550963685e-42
401.43 3.10250819381e-42
401.44 4.58944240855e-42
401.45 6.78313755443e-42
401.46 1.00167085237e-41
401.47 1.47789357534e-41
401.48 2.1786376192e-41
401.49 3.20885836449e-41
401.5 4.72215034909e-41
401.51 6.9430898474e-41
401.52 1.01997487185e-40
401.53 1.49709676664e-40
401.54 2.19550274634e-40
401.55 3.21693147179e-40
401.56 4.70948422833e-40
401.57 6.88856239723e-40
401.58 1.00671736288e-39
401.59 1.46997596489e-39
401.6 2.14455219692e-39
401.61 3.12598378531e-39
401.62 4.55261089438e-39
401.63 6.62457556223e-39
401.64 9.63117547454e-39
401.65 1.39902103826e-38
401.66 2.03045284418e-38
401.67 2.94432185498e-38
401.68 4.26580864482e-38
401.69 6.17505983115e-38
401.7 8.93109445119e-38
401.71 1.29060073228e-37
401.72 1.86338607022e-37
401.73 2.68805093952e-37
401.74 3.87432328674e-37
401.75 5.57927710305e-37
401.76 8.02756293843e-37
401.77 1.15401969084e-36
401.78 1.65754921316e-36
401.79 2.37872017781e-36
401.8 3.41070371302e-36
401.81 4.88616742396e-36
401.82 6.99385149474e-36
401.83 1.0002030657e-35
401.84 1.42916926801e-35
401.85 2.04034152681e-35
401.86 2.91035375742e-35
401.87 4.1477484171e-35
401.88 5.90612648784e-35
401.89 8.40266005533e-35
401.9 1.19441309524e-34
401.91 1.69635221905e-34
401.92 2.40713927413e-34
401.93 3.41279434724e-34
401.94 4.83440167024e-34
401.95 6.84225185995e-34
401.96 9.67562646725e-34
401.97 1.36704510417e-33
401.98 1.92979113231e-33
401.99 2.72183303905e-33
402.0 3.83562701714e-33
402.01 5.40051241854e-33
402.02 7.59726511127e-33
402.03 1.06783292297e-32
402.04 1.49959175622e-32
402.05 2.10410057171e-32
402.06 2.94973945299e-32
402.07 4.13165958538e-32
402.08 5.78214688098e-32
402.09 8.08495151372e-32
402.1 1.12950831493e-31
402.11 1.57661319689e-31
402.12 2.19879426263e-31
402.13 3.06385173488e-31
402.14 4.26554578438e-31
402.15 5.93342125413e-31
402.16 8.24630646042e-31
402.17 1.14508432784e-30
402.18 1.5886900787e-30
402.19 2.20223980707e-30
402.2 3.05009766792e-30
402.21 4.22072052584e-30
402.22 5.83556833509e-30
402.23 8.06126938383e-30
402.24 1.1126214335e-29
402.25 1.53431708875e-29
402.26 2.1140075538e-29
402.27 2.91019211712e-29
402.28 4.0027687238e-29
402.29 5.50076444531e-29
402.3 7.55282306055e-29
402.31 1.0361420183e-28
402.32 1.42021133192e-28
402.33 1.94495865533e-28
402.34 2.66128561536e-28
402.35 3.63828161446e-28
402.36 4.96963908334e-28
402.37 6.78230162213e-28
402.38 9.24811161421e-28
402.39 1.25994833749e-27
402.4 1.71504739261e-27
402.41 2.33250845062e-27
402.42 3.16952395615e-27
402.43 4.30317059818e-27
402.44 5.83722994475e-27
402.45 7.91131636839e-27
402.46 1.07130816477e-26
402.47 1.44945184072e-26
402.48 1.95937191146e-26
402.49 2.64638897301e-26
402.5 3.57120014931e-26
402.51 4.81502355925e-26
402.52 6.48643923909e-26
402.53 8.73047764398e-26
402.54 1.17406831413e-25
402.55 1.57751116896e-25
402.56 2.1177526343e-25
402.57 2.84054537429e-25
402.58 3.80672885325e-25
402.59 5.0971318664e-25
402.6 6.81904422565e-25
402.61 9.11475201912e-25
402.62 1.21727841302e-24
402.63 1.62427176809e-24
402.64 2.1654650747e-24
402.65 2.88447901725e-24
402.66 3.83890439962e-24
402.67 5.10470820967e-24
402.68 6.78200741604e-24
402.69 9.00262812123e-24
402.7 1.19399930417e-23
402.71 1.5822042587e-23
402.72 2.09481047584e-23
402.73 2.77109004093e-23
402.74 3.6625220708e-23
402.75 4.8365265475e-23
402.76 6.38132132899e-23
402.77 8.41223437935e-23
402.78 1.10798996582e-22
402.79 1.45808889669e-22
402.8 1.91714910351e-22
402.81 2.51855530113e-22
402.82 3.30575607192e-22
402.83 4.33524683466e-22
402.84 5.68042156919e-22
402.85 7.43654171317e-22
402.86 9.72714033044e-22
402.87 1.27122684914e-21
402.88 1.65991039594e-21
402.89 2.16555862599e-21
402.9 2.8227925235e-21
402.91 3.67630626237e-21
402.92 4.78374611004e-21
402.93 6.21939689709e-21
402.94 8.07889819929e-21
402.95 1.04852722468e-20
402.96 1.35966212316e-20
402.97 1.76159471998e-20
402.98 2.28036681862e-20
402.99 2.94935560381e-20
403.0 3.81130124459e-20
403.01 4.92088399727e-20
403.02 6.34799667194e-20
403.03 8.18189620954e-20
403.04 1.0536465613e-19
403.05 1.35568769682e-19
403.06 1.74280207313e-19
403.07 2.23851595163e-19
403.08 2.87273808239e-19
403.09 3.68345681292e-19
403.1 4.71887904339e-19
403.11 6.04012353524e-19
403.12 7.72460906186e-19
403.13 9.87031265926e-19
403.14 1.26011163944e-18
403.15 1.60735145898e-18
403.16 2.04850197474e-18
403.17 2.60846874689e-18
403.18 3.31862821182e-18
403.19 4.21847302661e-18
403.2 5.35766635506e-18
403.21 6.79860431287e-18
403.22 8.61960925225e-18
403.23 1.0918905426e-17
403.24 1.38195640352e-17
403.25 1.7475648197e-17
403.26 2.2079841758e-17
403.27 2.78729112718e-17
403.28 3.51554305034e-17
403.29 4.43022946592e-17
403.3 5.57806710461e-17
403.31 7.01721786428e-17
403.32 8.82002667484e-17
403.33 1.10763979192e-16
403.34 1.38979553679e-16
403.35 1.74231625509e-16
403.36 2.18236192842e-16
403.37 2.73117971074e-16
403.38 3.41505333579e-16
403.39 4.26646725341e-16
403.4 5.32553269065e-16
403.41 6.64173289187e-16
403.42 8.27605692259e-16
403.43 1.03036060373e-15
403.44 1.28167742015e-15
403.45 1.59291255052e-15
403.46 1.97801166031e-15
403.47 2.45408427862e-15
403.48 3.04210228025e-15
403.49 3.76774812587e-15
403.5 4.66244397055e-15
403.51 5.76459899545e-15
403.52 7.12111976797e-15
403.53 8.78923731751e-15
403.54 1.08387151883e-14
403.55 1.33545153082e-14
403.56 1.64400134557e-14
403.57 2.0220873839e-14
403.58 2.48497133279e-14
403.59 3.05117107686e-14
403.6 3.74313462626e-14
403.61 4.58804900793e-14
403.62 5.61881019389e-14
403.63 6.87518498082e-14
403.64 8.40520143603e-14
403.65 1.02668112305e-13
403.66 1.25298750583e-13
403.67 1.52785315874e-13
403.68 1.86140212283e-13
403.69 2.26580486961e-13
403.7 2.75567831895e-13
403.71 3.34856123516e-13
403.72 4.0654786414e-13
403.73 4.93161125162e-13
403.74 5.97708866491e-13
403.75 7.23792826095e-13
403.76 8.75714544353e-13
403.77 1.05860651825e-12
403.78 1.27858697898e-12
403.79 1.54294236349e-12
403.8 1.86034221773e-12
403.81 2.24109203913e-12
403.82 2.69743045428e-12
403.83 3.24387815043e-12
403.84 3.89764715624e-12
403.85 4.67912041903e-12
403.86 5.61241317741e-12
403.87 6.72602940601e-12
403.88 8.05362864465e-12
403.89 9.63492085086e-12
403.9 1.15167095716e-11
403.91 1.37541067598e-11
403.92 1.64119460104e-11
403.93 1.95664249175e-11
403.94 2.33070117076e-11
403.95 2.77386563658e-11
403.96 3.29843521943e-11
403.97 3.91881002311e-11
403.98 4.65183362721e-11
403.99 5.51718885103e-11
404.0 6.53785431092e-11
404.01 7.74063055096e-11
404.02 9.15674570365e-11
404.03 1.08225519583e-10
404.04 1.2780325595e-10
404.05 1.50791849971e-10
404.06 1.77761429064e-10
404.07 2.09373112474e-10
404.08 2.46392791474e-10
404.09 2.89706873349e-10
404.1 3.40340249371e-10
404.11 3.99476778493e-10
404.12 4.68482613292e-10
404.13 5.48932733246e-10
404.14 6.42641092929e-10
404.15 7.51694839523e-10
404.16 8.78493105573e-10
404.17 1.02579093943e-09
404.18 1.1967489978e-09
404.19 1.39498969268e-09
404.2 1.62466055892e-09
404.21 1.89050568942e-09
404.22 2.19794617284e-09
404.23 2.55317056396e-09
404.24 2.9632365203e-09
404.25 3.43618485031e-09
404.26 3.98116733916e-09
404.27 4.60858984802e-09
404.28 5.33027232245e-09
404.29 6.15962749509e-09
404.3 7.11186022801e-09
404.31 8.20418961101e-09
404.32 9.45609611361e-09
404.33 1.08895962818e-08
404.34 1.25295476748e-08
404.35 1.44039869516e-08
404.36 1.6544504246e-08
404.37 1.89866572033e-08
404.38 2.17704283042e-08
404.39 2.49407293554e-08
404.4 2.85479572996e-08
404.41 3.26486057707e-08
404.42 3.7305937106e-08
404.43 4.25907198199e-08
404.44 4.85820368372e-08
404.45 5.53681700855e-08
404.46 6.3047567346e-08
404.47 7.17298975629e-08
404.48 8.15372011052e-08
404.49 9.26051417661e-08
404.5 1.05084367563e-07
404.51 1.19141987669e-07
404.52 1.34963173046e-07
404.53 1.52752888587e-07
404.54 1.72737764769e-07
404.55 1.95168116965e-07
404.56 2.20320120728e-07
404.57 2.48498151407e-07
404.58 2.800372965e-07
404.59 3.15306049132e-07
404.6 3.54709190941e-07
404.61 3.98690872499e-07
404.62 4.4773789914e-07
404.63 5.02383229762e-07
404.64 5.632096957e-07
404.65 6.30853946262e-07
404.66 7.06010626865e-07
404.67 7.89436794923e-07
404.68 8.81956577749e-07
404.69 9.84466075685e-07
404.7 1.09793851248e-06
404.71 1.22342963358e-06
404.72 1.36208335156e-06
404.73 1.51513763605e-06
404.74 1.68393064397e-06
404.75 1.86990708352e-06
404.76 2.07462480339e-06
404.77 2.29976159619e-06
404.78 2.54712220239e-06
404.79 2.81864549853e-06
404.8 3.11641185022e-06
404.81 3.44265060758e-06
404.82 3.79974771715e-06
404.83 4.1902534212e-06
404.84 4.61689001134e-06
404.85 5.08255959987e-06
404.86 5.59035186822e-06
404.87 6.14355174789e-06
404.88 6.74564698535e-06
404.89 7.40033553778e-06
404.9 8.11153274307e-06
404.91 8.88337820247e-06
404.92 9.72024231095e-06
404.93 1.06267323657e-05
404.94 1.16076981794e-05
404.95 1.26682371213e-05
404.96 1.38136985054e-05
404.97 1.50496872412e-05
404.98 1.63820666605e-05
404.99 1.78169604301e-05
405.0 1.93607534584e-05
405.01 2.10200917015e-05
405.02 2.28018807745e-05
405.03 2.47132832713e-05
405.04 2.67617146961e-05
405.05 2.89548379129e-05
405.06 3.13005560171e-05
405.07 3.38070035378e-05
405.08 3.64825358813e-05
405.09 3.93357169309e-05
405.1 4.23753047216e-05
405.11 4.56102351153e-05
405.12 4.90496034078e-05
405.13 5.27026438083e-05
405.14 5.65787067375e-05
405.15 6.06872339036e-05
405.16 6.50377311256e-05
405.17 6.96397388824e-05
405.18 7.45028005834e-05
405.19 7.96364285667e-05
405.2 8.50500678468e-05
405.21 9.07530576501e-05
405.22 9.6754590793e-05
405.23 0.000103063670971
405.24 0.000109689068055
405.25 0.000116639271491
405.26 0.000123922441942
405.27 0.000131546361313
405.28 0.000139518381319
405.29 0.000147845370794
405.3 0.000156533661927
405.31 0.000165588995666
405.32 0.00017501646652
405.33 0.000184820467026
405.34 0.000195004632151
405.35 0.000205571783929
405.36 0.00021652387664
405.37 0.000227861942847
405.38 0.000239586040638
405.39 0.000251695202406
405.4 0.000264187385526
405.41 0.00027705942529
405.42 0.000290306990465
405.43 0.000303924541831
405.44 0.000317905294087
405.45 0.000332241181455
405.46 0.000346922827379
405.47 0.000361939518627
405.48 0.000377279184166
405.49 0.000392928379109
405.5 0.000408872274054
405.51 0.000425094650091
405.52 0.000441577899745
405.53 0.000458303034084
405.54 0.000475249696203
405.55 0.000492396181261
405.56 0.00050971946321
405.57 0.00052719522832
405.58 0.000544797915583
405.59 0.000562500763993
405.6 0.000580275866727
405.61 0.000598094232139
405.62 0.000615925851486
405.63 0.000633739773233
405.64 0.000651504183748
405.65 0.000669186494152
405.66 0.000686753433055
405.67 0.000704171144834
405.68 0.000721405293106
405.69 0.000738421168974
405.7 0.000755183803616
405.71 0.000771658084705
405.72 0.000787808876167
405.73 0.000803601140703
405.74 0.00081900006451
405.75 0.000833971183578
405.76 0.00084848051094
405.77 0.000862494664232
405.78 0.000875980992894
405.79 0.00088890770434
405.8 0.000901243988433
405.81 0.000912960139567
405.82 0.000924027675713
405.83 0.000934419453742
405.84 0.000944109780388
405.85 0.000953074518223
405.86 0.000961291186035
405.87 0.000968739053031
405.88 0.000975399226326
405.89 0.0009812547312
405.9 0.000986290583667
405.91 0.000990493854927
405.92 0.000993853727316
405.93 0.000996361541456
405.94 0.000998010834303
405.95 0.000998797367902
405.96 0.00099871914867
405.97 0.000997776437133
405.98 0.000995971748055
405.99 0.000993309840993
406.0 0.000989797701363
406.01 0.000985444512151
406.02 0.000980261616485
406.03 0.000974262471314
406.04 0.000967462592534
406.05 0.000959879491913
406.06 0.000951532606258
406.07 0.000942443219302
406.08 0.000932634376815
406.09 0.000922130795543
406.1 0.000910958766543
406.11 0.000899146053597
406.12 0.000886721787356
406.13 0.000873716355938
406.14 0.0008601612927
406.15 0.000846089161946
406.16 0.00083153344333
406.17 0.000816528415747
406.18 0.000801109041482
406.19 0.000785310851432
406.2 0.000769169832165
406.21 0.000752722315642
406.22 0.000736004872341
406.23 0.000719054208596
406.24 0.000701907068877
406.25 0.000684600143772
406.26 0.000667169984391
406.27 0.000649652923891
406.28 0.000632085006813
406.29 0.000614501926877
406.3 0.00059693897388
406.31 0.000579430990303
406.32 0.000562012338197
406.33 0.000544716876922
406.34 0.00052757795225
406.35 0.000510628397354
406.36 0.000493900546144
406.37 0.000477426259411
406.38 0.00046123696421
406.39 0.000445363706883
406.4 0.000429837220109
406.41 0.00041468800434
406.42 0.000399946423979
406.43 0.000385642818599
406.44 0.000371807629535
406.45 0.000358471542123
406.46 0.000345665643854
406.47 0.000333421598708
406.48 0.000321771837891
406.49 0.000310749767207
406.5 0.00030038999125
406.51 0.000290728554609
406.52 0.000281803200232
406.53 0.000273653645089
406.54 0.000266321873231
406.55 0.000259852446334
406.56 0.00025429283174
406.57 0.000249693748021
406.58 0.000246109527999
406.59 0.00024359849913
406.6 0.000242223381087
406.61 0.000242051700331
406.62 0.00024315622135
406.63 0.000245615394209
406.64 0.000249513817919
406.65 0.000254942719065
406.66 0.000262000445001
406.67 0.000270792970815
406.68 0.000281434419121
406.69 0.000294047591606
406.7 0.0003087645111
406.71 0.000325726972777
406.72 0.000345087102925
406.73 0.000367007923529
406.74 0.000391663920732
406.75 0.00041924161503
406.76 0.000449940130851
406.77 0.000483971762941
406.78 0.000521562536775
406.79 0.000562952759967
406.8 0.000608397561431
406.81 0.000658167414807
406.82 0.000712548642432
406.83 0.000771843895921
406.84 0.000836372609162
406.85 0.00090647141935
406.86 0.000982494551434
406.87 0.00106481416119
406.88 0.00115382063188
406.89 0.00124992281942
406.9 0.00135354824063
406.91 0.0014651431992
406.92 0.00158517284382
406.93 0.0017141211528
406.94 0.00185249083965
406.95 0.00200080317377
406.96 0.00215959771076
406.97 0.0023294319268
406.98 0.00251088075152
406.99 0.00270453599419
407.0 0.00291100565816
407.01 0.00313091313866
407.02 0.00336489629957
407.03 0.00361360642487
407.04 0.00387770704127
407.05 0.00415787260866
407.06 0.00445478707562
407.07 0.00476914229812
407.08 0.00510163631974
407.09 0.00545297151275
407.1 0.00582385258011
407.11 0.00621498441903
407.12 0.00662706984804
407.13 0.00706080719989
407.14 0.00751688778392
407.15 0.00799599322242
407.16 0.00849879266641
407.17 0.00902593989753
407.18 0.00957807032344
407.19 0.0101557978757
407.2 0.0107597118196
407.21 0.011390373487
407.22 0.012048312944
407.23 0.0127340256063
407.24 0.0134479688165
407.25 0.0141905583978
407.26 0.0149621652007
407.27 0.0157631116589
407.28 0.0165936683717
407.29 0.0174540507325
407.3 0.0183444156208
407.31 0.0192648581782
407.32 0.0202154086882
407.33 0.0211960295801
407.34 0.0222066125769
407.35 0.0232469760093
407.36 0.0243168623147
407.37 0.0254159357429
407.38 0.0265437802881
407.39 0.0276998978663
407.4 0.0288837067582
407.41 0.0300945403347
407.42 0.0313316460833
407.43 0.0325941849505
407.44 0.0338812310155
407.45 0.0351917715097
407.46 0.0365247071925
407.47 0.0378788530943
407.48 0.0392529396355
407.49 0.0406456141282
407.5 0.0420554426638
407.51 0.0434809123909
407.52 0.0449204341819
407.53 0.0463723456872
407.54 0.0478349147718
407.55 0.0493063433278
407.56 0.0507847714534
407.57 0.0522682819861
407.58 0.0537549053767
407.59 0.055242624886
407.6 0.0567293820871
407.61 0.0582130826499
407.62 0.0596916023857
407.63 0.061162793526
407.64 0.0626244912068
407.65 0.0640745201304
407.66 0.0655107013722
407.67 0.0669308593016
407.68 0.0683328285799
407.69 0.0697144612039
407.7 0.0710736335566
407.71 0.0724082534284
407.72 0.0737162669738
407.73 0.074995665564
407.74 0.0762444924998
407.75 0.0774608495475
407.76 0.078642903261
407.77 0.079788891057
407.78 0.0808971270062
407.79 0.0819660073099
407.8 0.0829940154307
407.81 0.0839797268468
407.82 0.0849218134043
407.83 0.0858190472423
407.84 0.0866703042677
407.85 0.0874745671616
407.86 0.0882309278998
407.87 0.0889385897741
407.88 0.0895968689035
407.89 0.0902051952291
407.9 0.0907631129874
407.91 0.0912702806628
407.92 0.0917264704214
407.93 0.0921315670324
407.94 0.092485566287
407.95 0.0927885729273
407.96 0.0930407981016
407.97 0.0932425563649
407.98 0.0933942622471
407.99 0.0934964264138
408.0 0.0935496514462
408.01 0.0935546272723
408.02 0.0935121262783
408.03 0.0934229981373
408.04 0.0932881643891
408.05 0.093108612808
408.06 0.0928853915989
408.07 0.0926196034574
408.08 0.0923123995364
408.09 0.0919649733572
408.1 0.0915785547049
408.11 0.0911544035475
408.12 0.0906938040172
408.13 0.0901980584909
408.14 0.0896684818065
408.15 0.0891063956494
408.16 0.0885131231419
408.17 0.0878899836659
408.18 0.0872382879483
408.19 0.086559333434
408.2 0.0858543999699
408.21 0.0851247458214
408.22 0.0843716040376
408.23 0.0835961791803
408.24 0.0827996444279
408.25 0.081983139064
408.26 0.081147766352
408.27 0.0802945918025
408.28 0.0794246418275
408.29 0.0785389027811
408.3 0.0776383203757
408.31 0.0767237994669
408.32 0.0757962041918
408.33 0.0748563584459
408.34 0.0739050466813
408.35 0.0729430150059
408.36 0.0719709725602
408.37 0.0709895931509
408.38 0.0699995171127
408.39 0.069001353374
408.4 0.0679956816987
408.41 0.0669830550746
408.42 0.0659640022213
408.43 0.064939030188
408.44 0.0639086270116
408.45 0.0628732644083
408.46 0.0618334004688
408.47 0.0607894823313
408.48 0.0597419488054
408.49 0.0586912329219
408.5 0.0576377643856
408.51 0.0565819719081
408.52 0.0555242854014
408.53 0.0544651380125
408.54 0.053404967985
408.55 0.0523442203305
408.56 0.0512833482999
408.57 0.0502228146438
408.58 0.0491630926545
408.59 0.0481046669838
408.6 0.0470480342338
408.61 0.0459937033204
408.62 0.0449421956083
408.63 0.0438940448241
408.64 0.0428497967494
408.65 0.0418100087034
408.66 0.0407752488225
408.67 0.039746095148
408.68 0.0387231345336
408.69 0.0377069613856
408.7 0.0366981762512
408.71 0.0356973842693
408.72 0.034705193501
408.73 0.0337222131553
408.74 0.0327490517293
408.75 0.0317863150791
408.76 0.0308346044395
408.77 0.0298945144113
408.78 0.0289666309321
408.79 0.0280515292498
408.8 0.0271497719139
408.81 0.0262619068024
408.82 0.0253884651979
408.83 0.02452995993
408.84 0.0236868835949
408.85 0.0228597068676
408.86 0.0220488769154
408.87 0.0212548159264
408.88 0.020477919759
408.89 0.0197185567221
408.9 0.0189770664931
408.91 0.0182537591772
408.92 0.017548914514
408.93 0.0168627812334
408.94 0.016195576562
408.95 0.0155474858819
408.96 0.0149186625393
408.97 0.0143092278023
408.98 0.013719270965
408.99 0.0131488495931
409.0 0.0125979899069
409.01 0.0120666872963
409.02 0.0115549069607
409.03 0.0110625846674
409.04 0.0105896276198
409.05 0.0101359154289
409.06 0.00970130117807
409.07 0.00928561257235
409.08 0.00888865316404
409.09 0.00851020364397
409.1 0.00815002318981
409.11 0.00780785086151
409.12 0.00748340703456
409.13 0.00717639486166
409.14 0.00688650175356
409.15 0.0066134008702
409.16 0.00635675261326
409.17 0.00611620611196
409.18 0.00589140069389
409.19 0.00568196733335
409.2 0.00548753006994
409.21 0.00530770739069
409.22 0.00514211356945
409.23 0.00499035995767
409.24 0.00485205622146
409.25 0.00472681152
409.26 0.00461423562113
409.27 0.00451393995038
409.28 0.00442553857021
409.29 0.0043486490868
409.3 0.00428289348215
409.31 0.0042278988698
409.32 0.00418329817301
409.33 0.00414873072465
409.34 0.00412384278843
409.35 0.00410828800181
409.36 0.00410172774104
409.37 0.00410383140945
409.38 0.0041142766503
409.39 0.00413274948608
409.4 0.00415894438631
409.41 0.00419256426644
409.42 0.00423332042051
409.43 0.00428093239081
409.44 0.00433512777795
409.45 0.00439564199488
409.46 0.00446221796893
409.47 0.00453460579593
409.48 0.00461256235074
409.49 0.00469585085889
409.5 0.00478424043381
409.51 0.00487750558473
409.52 0.0049754257001
409.53 0.00507778451169
409.54 0.0051843695445
409.55 0.00529497155771
409.56 0.00540938398204
409.57 0.00552740235855
409.58 0.0056488237844
409.59 0.00577344637056
409.6 0.00590106871676
409.61 0.00603148940854
409.62 0.00616450654147
409.63 0.00629991727713
409.64 0.00643751743543
409.65 0.0065771011277
409.66 0.00671846043447
409.67 0.00686138513179
409.68 0.00700566246967
409.69 0.00715107700563
409.7 0.00729741049629
409.71 0.00744444184935
409.72 0.00759194713794
409.73 0.00773969967893
409.74 0.00788747017626
409.75 0.00803502693
409.76 0.00818213611123
409.77 0.00832856210238
409.78 0.00847406790223
409.79 0.00861841559415
409.8 0.00876136687581
409.81 0.0089026836477
409.82 0.009042128658
409.83 0.00917946619989
409.84 0.00931446285792
409.85 0.00944688829872
409.86 0.00957651610151
409.87 0.0097031246231
409.88 0.00982649789178
409.89 0.00994642652436
409.9 0.0100627086598
409.91 0.0101751509031
409.92 0.010283569273
409.93 0.0103877901455
409.94 0.0104876511876
409.95 0.0105830022732
409.96 0.0106737063735
409.97 0.0107596404163
409.98 0.0108406961052
409.99 0.0109167806936
410.0 0.0109878177054
410.01 0.011053747596
410.02 0.011114528348
410.03 0.0111701359958
410.04 0.011220565072
410.05 0.0112658289727
410.06 0.0113059602363
410.07 0.0113410107302
410.08 0.0113710517453
410.09 0.0113961739919
410.1 0.0114164874971
410.11 0.0114321214014
410.12 0.0114432236531
410.13 0.0114499606012
410.14 0.0114525164865
410.15 0.0114510928325
410.16 0.011445907738
410.17 0.0114371950733
410.18 0.0114252035843
410.19 0.0114101959079
410.2 0.0113924475022
410.21 0.0113722454989
410.22 0.0113498874818
410.23 0.0113256801975
410.24 0.0112999382069
410.25 0.0112729824829
410.26 0.011245138962
410.27 0.0112167370592
410.28 0.0111881081526
410.29 0.0111595840476
410.3 0.0111314954278
410.31 0.0111041703034
410.32 0.0110779324632
410.33 0.0110530999421
410.34 0.0110299835097
410.35 0.0110088851907
410.36 0.0109900968247
410.37 0.0109738986733
410.38 0.0109605580831
410.39 0.0109503282109
410.4 0.0109434468193
410.41 0.0109401351485
410.42 0.0109405968711
410.43 0.0109450171347
410.44 0.0109535616976
410.45 0.0109663761631
410.46 0.0109835853141
410.47 0.0110052925532
410.48 0.0110315794492
410.49 0.011062505394
410.5 0.0110981073681
410.51 0.0111383998183
410.52 0.0111833746458
410.53 0.0112330013037
410.54 0.0112872270044
410.55 0.0113459770325
410.56 0.0114091551624
410.57 0.0114766441774
410.58 0.0115483064852
410.59 0.0116239848274
410.6 0.0117035030781
410.61 0.0117866671247
410.62 0.0118732658291
410.63 0.0119630720598
410.64 0.0120558437921
410.65 0.0121513252676
410.66 0.0122492482085
410.67 0.0123493330795
410.68 0.0124512903897
410.69 0.0125548220296
410.7 0.012659622635
410.71 0.0127653809712
410.72 0.0128717813318
410.73 0.0129785049443
410.74 0.0130852313773
410.75 0.0131916399418
410.76 0.0132974110811
410.77 0.0134022277446
410.78 0.0135057767368
410.79 0.0136077500402
410.8 0.0137078461034
410.81 0.0138057710923
410.82 0.013901240098
410.83 0.0139939782991
410.84 0.0140837220725
410.85 0.0141702200517
410.86 0.0142532341265
410.87 0.0143325403839
410.88 0.0144079299863
410.89 0.0144792099849
410.9 0.014546204066
410.91 0.0146087532298
410.92 0.0146667163986
410.93 0.0147199709548
410.94 0.0147684132064
410.95 0.0148119587804
410.96 0.0148505429428
410.97 0.0148841208457
410.98 0.0149126677008
410.99 0.0149361788793
411.0 0.0149546699391
411.01 0.0149681765786
411.02 0.014976754519
411.03 0.0149804793142
411.04 0.0149794460903
411.05 0.0149737692146
411.06 0.0149635818956
411.07 0.0149490357153
411.08 0.0149303000941
411.09 0.0149075616905
411.1 0.0148810237365
411.11 0.01485090531
411.12 0.0148174405471
411.13 0.0147808777939
411.14 0.0147414787021
411.15 0.0146995172686
411.16 0.0146552788226
411.17 0.0146090589612
411.18 0.0145611624382
411.19 0.0145119020064
411.2 0.0144615972182
411.21 0.0144105731867
411.22 0.0143591593113
411.23 0.0143076879712
411.24 0.0142564931899
411.25 0.0142059092761
411.26 0.0141562694446
411.27 0.0141079044213
411.28 0.0140611410381
411.29 0.0140163008217
411.3 0.0139736985821
411.31 0.0139336410062
411.32 0.0138964252613
411.33 0.0138623376155
411.34 0.0138316520799
411.35 0.0138046290786
411.36 0.0137815141542
411.37 0.013762536712
411.38 0.013747908812
411.39 0.0137378240137
411.4 0.0137324562793
411.41 0.0137319589426
411.42 0.0137364637491
411.43 0.0137460799721
411.44 0.0137608936128
411.45 0.0137809666872
411.46 0.0138063366066
411.47 0.0138370156561
411.48 0.0138729905749
411.49 0.0139142222434
411.5 0.0139606454801
411.51 0.014012168951
411.52 0.0140686751953
411.53 0.0141300207678
411.54 0.0141960365007
411.55 0.0142665278854
411.56 0.0143412755733
411.57 0.0144200359976
411.58 0.0145025421118
411.59 0.0145885042458
411.6 0.0146776110759
411.61 0.0147695307056
411.62 0.0148639118532
411.63 0.0149603851425
411.64 0.0150585644905
411.65 0.0151580485871
411.66 0.0152584224597
411.67 0.0153592591164
411.68 0.0154601212594
411.69 0.0155605630625
411.7 0.0156601320014
411.71 0.0157583707304
411.72 0.0158548189954
411.73 0.0159490155732
411.74 0.0160405002279
411.75 0.0161288156749
411.76 0.0162135095407
411.77 0.0162941363107
411.78 0.016370259253
411.79 0.0164414523091
411.8 0.0165073019409
411.81 0.0165674089255
411.82 0.0166213900868
411.83 0.0166688799559
411.84 0.0167095323508
411.85 0.0167430218685
411.86 0.0167690452794
411.87 0.0167873228192
411.88 0.0167975993699
411.89 0.0167996455253
411.9 0.0167932585343
411.91 0.0167782631183
411.92 0.0167545121595
411.93 0.0167218872552
411.94 0.0166802991376
411.95 0.0166296879563
411.96 0.0165700234243
411.97 0.0165013048261
411.98 0.0164235608896
411.99 0.0163368495238
412.0 0.016241257424
412.01 0.0161368995488
412.02 0.0160239184713
412.03 0.0159024836109
412.04 0.0157727903498
412.05 0.0156350590407
412.06 0.0154895339116
412.07 0.0153364818752
412.08 0.0151761912499
412.09 0.0150089704014
412.1 0.0148351463103
412.11 0.0146550630782
412.12 0.0144690803767
412.13 0.0142775718522
412.14 0.0140809234917
412.15 0.0138795319621
412.16 0.0136738029289
412.17 0.0134641493657
412.18 0.0132509898619
412.19 0.0130347469372
412.2 0.0128158453724
412.21 0.0125947105633
412.22 0.0123717669064
412.23 0.0121474362229
412.24 0.0119221362298
412.25 0.0116962790619
412.26 0.0114702698534
412.27 0.0112445053834
412.28 0.0110193727904
412.29 0.0107952483613
412.3 0.0105724963971
412.31 0.0103514681614
412.32 0.010132500912
412.33 0.00991591701964
412.34 0.0097020231751
412.35 0.0094911096864
412.36 0.00928344986613
412.37 0.00907929950993
412.38 0.00887889646541
412.39 0.00868246029116
412.4 0.00849019200443
412.41 0.00830227391613
412.42 0.00811886955116
412.43 0.00794012365163
412.44 0.00776616226057
412.45 0.00759709288295
412.46 0.007433004721
412.47 0.00727396898019
412.48 0.00712003924232
412.49 0.00697125190187
412.5 0.00682762666154
412.51 0.00668916708295
412.52 0.00655586118823
412.53 0.00642768210821
412.54 0.006304588773
412.55 0.00618652664046
412.56 0.00607342845833
412.57 0.00596521505575
412.58 0.00586179615971
412.59 0.00576307123245
412.6 0.00566893032551
412.61 0.00557925494645
412.62 0.00549391893429
412.63 0.00541278933975
412.64 0.00533572730666
412.65 0.00526258895086
412.66 0.00519322623319
412.67 0.00512748782311
412.68 0.00506521994985
412.69 0.005006267238
412.7 0.00495047352459
412.71 0.00489768265486
412.72 0.00484773925417
412.73 0.00480048947348
412.74 0.00475578170602
412.75 0.0047134672731
412.76 0.00467340107678
412.77 0.0046354422177
412.78 0.00459945457613
412.79 0.00456530735468
412.8 0.00453287558123
412.81 0.00450204057064
412.82 0.00447269034415
412.83 0.00444472000533
412.84 0.0044180320718
412.85 0.00439253676186
412.86 0.00436815223555
412.87 0.00434480478959
412.88 0.00432242900605
412.89 0.00430096785456
412.9 0.0042803727481
412.91 0.00426060355266
412.92 0.00424162855104
412.93 0.00422342436148
412.94 0.00420597581163
412.95 0.00418927576904
412.96 0.00417332492894
412.97 0.00415813156072
412.98 0.00414371121443
412.99 0.00413008638899
413.0 0.00411728616356
413.01 0.00410534579437
413.02 0.00409430627864
413.03 0.00408421388809
413.04 0.00407511967427
413.05 0.00406707894811
413.06 0.00406015073646
413.07 0.00405439721822
413.08 0.00404988314285
413.09 0.00404667523436
413.1 0.00404484158356
413.11 0.00404445103179
413.12 0.00404557254925
413.13 0.0040482746109
413.14 0.00405262457347
413.15 0.00405868805638
413.16 0.00406652833007
413.17 0.00407620571468
413.18 0.00408777699231
413.19 0.00410129483597
413.2 0.00411680725799
413.21 0.00413435708099
413.22 0.00415398143415
413.23 0.00417571127733
413.24 0.00419957095569
413.25 0.00422557778712
413.26 0.00425374168465
413.27 0.00428406481595
413.28 0.00431654130173
413.29 0.00435115695453
413.3 0.00438788905962
413.31 0.00442670619886
413.32 0.00446756811886
413.33 0.00451042564386
413.34 0.00455522063414
413.35 0.00460188598998
413.36 0.00465034570149
413.37 0.00470051494385
413.38 0.00475230021774
413.39 0.00480559953415
413.4 0.00486030264285
413.41 0.00491629130322
413.42 0.00497343959626
413.43 0.00503161427621
413.44 0.00509067516002
413.45 0.00515047555276
413.46 0.00521086270699
413.47 0.00527167831362
413.48 0.00533275902206
413.49 0.00539393698705
413.5 0.00545504043942
413.51 0.00551589427819
413.52 0.00557632068098
413.53 0.0056361397299
413.54 0.00569517004987
413.55 0.0057532294564
413.56 0.00581013560967
413.57 0.00586570667196
413.58 0.00591976196517
413.59 0.0059721226257
413.6 0.00602261225328
413.61 0.00607105755114
413.62 0.00611728895443
413.63 0.00616114124412
413.64 0.00620245414376
413.65 0.00624107289629
413.66 0.0062768488186
413.67 0.00630963983141
413.68 0.00633931096217
413.69 0.00636573481902
413.7 0.00638879203382
413.71 0.00640837167256
413.72 0.00642437161147
413.73 0.00643669887754
413.74 0.00644526995212
413.75 0.00645001103668
413.76 0.0064508582798
413.77 0.00644775796469
413.78 0.00644066665696
413.79 0.00642955131214
413.8 0.00641438934298
413.81 0.00639516864667
413.82 0.00637188759213
413.83 0.00634455496796
413.84 0.00631318989164
413.85 0.00627782168073
413.86 0.00623848968724
413.87 0.00619524309597
413.88 0.0061481406885
413.89 0.00609725057392
413.9 0.00604264988797
413.91 0.00598442446242
413.92 0.00592266846613
413.93 0.00585748402009
413.94 0.00578898078808
413.95 0.00571727554524
413.96 0.00564249172657
413.97 0.00556475895761
413.98 0.00548421256951
413.99 0.00540099310079
414.0 0.00531524578804
414.01 0.00522712004801
414.02 0.00513676895318
414.03 0.00504434870334
414.04 0.0049500180953
414.05 0.00485393799308
414.06 0.00475627080067
414.07 0.0046571799397
414.08 0.00455682933386
414.09 0.0044553829023
414.1 0.00435300406382
414.11 0.00424985525374
414.12 0.00414609745516
414.13 0.00404188974631
414.14 0.00393738886545
414.15 0.00383274879479
414.16 0.00372812036465
414.17 0.00362365087918
414.18 0.00351948376439
414.19 0.0034157582398
414.2 0.00331260901406
414.21 0.00321016600551
414.22 0.00310855408796
414.23 0.00300789286223
414.24 0.00290829645355
414.25 0.002809873335
414.26 0.00271272617696
414.27 0.00261695172242
414.28 0.00252264068785
414.29 0.00242987768929
414.3 0.00233874119318
414.31 0.00224930349126
414.32 0.00216163069893
414.33 0.00207578277618
414.34 0.00199181357037
414.35 0.00190977087969
414.36 0.00182969653655
414.37 0.00175162650956
414.38 0.00167559102312
414.39 0.00160161469337
414.4 0.0015297166794
414.41 0.00145991084822
414.42 0.00139220595254
414.43 0.00132660581977
414.44 0.00126310955119
414.45 0.00120171172987
414.46 0.00114240263608
414.47 0.00108516846898
414.48 0.00102999157323
414.49 0.000976850669494
414.5 0.000925721087439
414.51 0.000876575000267
414.52 0.000829381659591
414.53 0.00078410762963
414.54 0.000740717019735
414.55 0.000699171714291
414.56 0.000659431599135
414.57 0.000621454783648
414.58 0.000585197817783
414.59 0.000550615903321
414.6 0.000517663098736
414.61 0.000486292517104
414.62 0.000456456516559
414.63 0.000428106882862
414.64 0.000401195003716
414.65 0.000375672034522
414.66 0.000351489055329
414.67 0.000328597218797
414.68 0.000306947889041
414.69 0.000286492771283
414.7 0.000267184032292
414.71 0.00024897441164
414.72 0.00023181732384
414.73 0.000215666951493
414.74 0.000200478329595
414.75 0.000186207421185
414.76 0.000172811184581
414.77 0.000160247632436
414.78 0.000148475882905
414.79 0.000137456203225
414.8 0.000127150046025
414.81 0.000117520078711
414.82 0.000108530206265
414.83 0.00010014558784
414.84 9.23326474921e-05
414.85 8.50590794477e-05
414.86 7.82938482643e-05
414.87 7.20071842667e-05
414.88 6.61705746281e-05
414.89 6.07567504633e-05
414.9 5.57396702953e-05
414.91 5.10945002466e-05
414.92 4.67975912989e-05
414.93 4.28264539512e-05
414.94 3.91597305979e-05
414.95 3.57771659303e-05
414.96 3.26595756567e-05
414.97 2.97888138156e-05
414.98 2.7147738947e-05
414.99 2.4720179367e-05
415.0 2.24908977778e-05
415.01 2.04455554283e-05
415.02 1.85706760237e-05
415.03 1.685360957e-05
415.04 1.52824963202e-05
415.05 1.38462309757e-05
415.06 1.2534427282e-05
415.07 1.13373831421e-05
415.08 1.02460463581e-05
415.09 9.25198109835e-06
415.1 8.34733517451e-06
415.11 7.52480820035e-06
415.12 6.77762069419e-06
415.13 6.0994841749e-06
415.14 5.48457229176e-06
415.15 4.92749301966e-06
415.16 4.42326194176e-06
415.17 3.9672766344e-06
415.18 3.55529216156e-06
415.19 3.18339767953e-06
415.2 2.84799414673e-06
415.21 2.545773128e-06
415.22 2.27369667822e-06
415.23 2.02897828576e-06
415.24 1.8090648528e-06
415.25 1.61161968621e-06
415.26 1.43450647035e-06
415.27 1.27577419064e-06
415.28 1.13364297526e-06
415.29 1.00649082079e-06
415.3 8.92841166523e-07
415.31 7.91351281686e-07
415.32 7.00801429177e-07
415.33 6.20084769387e-07
415.34 5.48197967735e-07
415.35 4.84232469856e-07
415.36 4.27366408856e-07
415.37 3.76857109707e-07
415.38 3.32034156631e-07
415.39 2.92292990254e-07
415.4 2.57089002275e-07
415.41 2.25932096527e-07
415.42 1.98381686419e-07
415.43 1.74042099978e-07
415.44 1.52558364912e-07
415.45 1.33612347404e-07
415.46 1.1691921958e-07
415.47 1.02224231894e-07
415.48 8.92997679065e-08
415.49 7.79426601962e-08
415.5 6.79717473498e-08
415.51 5.92256531871e-08
415.52 5.15607705242e-08
415.53 4.48494329128e-08
415.54 3.89782588736e-08
415.55 3.38466541861e-08
415.56 2.93654587958e-08
415.57 2.54557258539e-08
415.58 2.20476213092e-08
415.59 1.90794333361e-08
415.6 1.64966816935e-08
415.61 1.42513178806e-08
415.62 1.23010076767e-08
415.63 1.06084883315e-08
415.64 9.14099330921e-09
415.65 7.86973808214e-09
415.66 6.7694610245e-09
415.67 5.81801397193e-09
415.68 4.99599749053e-09
415.69 4.28643634246e-09
415.7 3.67449104455e-09
415.71 3.14720179474e-09
415.72 2.69326138909e-09
415.73 2.30281407227e-09
415.74 1.96727755812e-09
415.75 1.67918572605e-09
415.76 1.43204974478e-09
415.77 1.22023559991e-09
415.78 1.03885620596e-09
415.79 8.836764701e-10
415.8 7.51029843761e-10
415.81 6.37745051611e-10
415.82 5.4108182631e-10
415.83 4.58674602967e-10
415.84 3.88483240476e-10
415.85 3.28749939046e-10
415.86 2.77961615096e-10
415.87 2.3481707726e-10
415.88 1.981984213e-10
415.89 1.67146128103e-10
415.9 1.40837408299e-10
415.91 1.18567390092e-10
415.92 9.97327941874e-11
415.93 8.381778188e-11
415.94 7.03816998601e-11
415.95 5.90484786063e-11
415.96 4.9497470807e-11
415.97 4.14555424385e-11
415.98 3.46902523045e-11
415.99 2.90039763273e-11
416.0 2.42288509502e-11
416.01 2.02224259482e-11
416.02 1.68639309626e-11
416.03 1.40510724067e-11
416.04 1.16972882133e-11
416.05 9.72939738537e-12
416.06 8.08558962483e-12
416.07 6.71370758653e-12
416.08 5.56978065378e-12
416.09 4.61677467672e-12
416.1 3.82352694308e-12
416.11 3.16383985546e-12
416.12 2.61571044344e-12
416.13 2.16067601214e-12
416.14 1.78325898068e-12
416.15 1.47049634785e-12
416.16 1.21154128422e-12
416.17 9.97326132455e-13
416.18 8.20277635459e-13
416.19 6.74076538332e-13
416.2 5.53454851772e-13
416.21 4.54025046897e-13
416.22 3.72136295136e-13
416.23 3.04753590935e-13
416.24 2.49356215574e-13
416.25 2.03852531786e-13
416.26 1.66508553173e-13
416.27 1.35888120589e-13
416.28 1.10802848791e-13
416.29 9.02702888908e-14
416.3 7.34789924282e-14
416.31 5.9759367184e-14
416.32 4.85593883897e-14
416.33 3.94243762511e-14
416.34 3.19801754808e-14
416.35 2.59191781868e-14
416.36 2.09887208004e-14
416.37 1.6981461194e-14
416.38 1.37274058133e-14
416.39 1.10873103223e-14
416.4 8.94722244511e-15
416.41 7.21397369385e-15
416.42 5.81145860004e-15
416.43 4.67756686095e-15
416.44 3.76165627417e-15
416.45 3.0224731434e-15
416.46 2.42644257243e-15
416.47 1.94626421202e-15
416.48 1.55975999874e-15
416.49 1.24892957592e-15
416.5 9.99176708454e-16
416.51 7.98676345607e-16
416.52 6.37857256985e-16
416.53 5.08979543562e-16
416.54 4.05789955885e-16
416.55 3.23240959253e-16
416.56 2.57261975136e-16
416.57 2.0457328639e-16
416.58 1.62534793913e-16
416.59 1.29023215029e-16
416.6 1.02332470075e-16
416.61 8.10929555597e-17
416.62 6.42061852624e-17
416.63 5.07919239728e-17
416.64 4.01454666601e-17
416.65 3.17031488447e-17
416.66 2.50145286382e-17
416.67 1.9719971145e-17
416.68 1.55326031678e-17
416.69 1.2223799896e-17
416.7 9.61152330259e-18
416.71 7.55096077311e-18
416.72 5.92701734385e-18
416.73 4.64830020447e-18
416.74 3.64230340217e-18
416.75 2.85155691703e-18
416.76 2.230549871e-18
416.77 1.74327456309e-18
416.78 1.36126790545e-18
416.79 1.06205099063e-18
416.8 8.27887026423e-19
416.81 6.44793611185e-19
416.82 5.01758004405e-19
416.83 3.90114257665e-19
416.84 3.03049283364e-19
416.85 2.35211536952e-19
416.86 1.82401284923e-19
416.87 1.41325677988e-19
416.88 1.09405251255e-19
416.89 8.46211961033e-20
416.9 6.53949254191e-20
416.91 5.04931925617e-20
416.92 3.89534117886e-20
416.93 3.002493375e-20
416.94 2.31229103048e-20
416.95 1.77920835073e-20
416.96 1.36783904101e-20
416.97 1.05067174151e-20
416.98 8.06348856252e-21
416.99 6.18305000984e-21
417.0 4.73703292229e-21
417.01 3.62605095402e-21
417.02 2.77322594411e-21
417.03 2.1191439345e-21
417.04 1.61792916022e-21
417.05 1.23419104901e-21
417.06 9.40652301059e-22
417.07 7.16307814511e-22
417.08 5.44996972966e-22
417.09 4.1429750941e-22
417.1 3.14669306887e-22
417.11 2.38792273561e-22
417.12 1.81054774088e-22
417.13 1.37158747957e-22
417.14 1.03815180058e-22
417.15 7.85094666387e-23
417.16 5.9320800901e-23
417.17 4.47832693986e-23
417.18 3.37791249624e-23
417.19 2.54568580522e-23
417.2 1.91683623865e-23
417.21 1.44207890567e-23
417.22 1.08396893813e-23
417.23 8.14082556192e-24
417.24 6.1086305101e-24
417.25 4.57976358328e-24
417.26 3.43056817556e-24
417.27 2.56751411761e-24
417.28 1.91992124797e-24
417.29 1.4344247728e-24
417.3 1.07076933293e-24
417.31 7.98615721881e-25
417.32 5.95118661689e-25
417.33 4.43091136958e-25
417.34 3.29614520963e-25
417.35 2.44987195705e-25
417.36 1.81929955355e-25
417.37 1.3498602664e-25
417.38 1.00068453487e-25
417.39 7.41189628884e-26
417.4 5.48510884436e-26
417.41 4.0556917109e-26
417.42 2.99618336221e-26
417.43 2.21154411751e-26
417.44 1.63097232569e-26
417.45 1.20176995061e-26
417.46 8.84748534642e-27
417.47 6.50791879314e-27
417.48 4.78286539622e-27
417.49 3.51202785519e-27
417.5 2.57662670248e-27
417.51 1.88872536133e-27
417.52 1.38327929666e-27
417.53 1.01221949461e-27
417.54 7.40053763964e-28
417.55 5.40599450252e-28
417.56 3.94558750891e-28
417.57 2.87720967352e-28
417.58 2.0963080117e-28
417.59 1.52602773271e-28
417.6 1.10992467675e-28
417.61 8.0658164735e-29
417.62 5.85634849045e-29
417.63 4.24843751039e-29
417.64 3.07932340411e-29
417.65 2.230001298e-29
417.66 1.61353605006e-29
417.67 1.16647644533e-29
417.68 8.42552587621e-30
417.69 6.08053513002e-30
417.7 4.38440160904e-30
417.71 3.15865792664e-30
417.72 2.27362377945e-30
417.73 1.63515282637e-30
417.74 1.17495662586e-30
417.75 8.43546558955e-31
417.76 6.05090060689e-31
417.77 4.33665343962e-31
417.78 3.10536855965e-31
417.79 2.22175068119e-31
417.8 1.58818550377e-31
417.81 1.1343076685e-31
417.82 8.09439218817e-32
417.83 5.77113656743e-32
417.84 4.111139309e-32
417.85 2.9260838569e-32
417.86 2.08082269168e-32
417.87 1.47845160905e-32
417.88 1.04954940015e-32
417.89 7.44427462596e-33
417.9 5.27552418542e-33
417.91 3.73536100497e-33
417.92 2.64255036131e-33
417.93 1.86783149557e-33
417.94 1.31909430311e-33
417.95 9.30760027584e-34
417.96 6.5618051665e-34
417.97 4.62202900344e-34
417.98 3.25286267441e-34
417.99 2.28729678256e-34
418.0 1.60695248614e-34
418.01 1.12799527171e-34
418.02 7.91107038955e-35
418.03 5.54353691788e-35
418.04 3.88116731278e-35
418.05 2.71494797177e-35
418.06 1.8975113512e-35
418.07 1.32504607056e-35
418.08 9.24488043774e-36
418.09 6.44459074648e-36
418.1 4.48862280641e-36
418.11 3.12359417123e-36
418.12 2.17179995149e-36
418.13 1.50872038229e-36
418.14 1.04718019242e-36
418.15 7.26202605607e-37
418.16 5.0317367213e-37
418.17 3.48338708796e-37
418.18 2.40940212007e-37
418.19 1.66510091836e-37
418.2 1.14972918053e-37
418.21 7.93184591701e-38
418.22 5.46734784035e-38
418.23 3.76532841958e-38
418.24 2.59091246241e-38
418.25 1.78125599195e-38
418.26 1.22355545306e-38
418.27 8.39739719483e-39
418.28 5.75823592187e-39
418.29 3.94509924544e-39
418.3 2.70053699627e-39
418.31 1.8469964004e-39
418.32 1.26213463926e-39
418.33 8.61725693729e-40
418.34 5.87835916257e-40
418.35 4.00651627883e-40
418.36 2.72835843373e-40
418.37 1.85634911735e-40
418.38 1.2619484243e-40
418.39 8.57131140607e-41
418.4 5.8166999299e-41
418.41 3.94393514296e-41
418.42 2.67181624878e-41
418.43 1.80845258524e-41
418.44 1.22301387592e-41
418.45 8.26379166185e-42
418.46 5.5789317994e-42
418.47 3.76310609121e-42
418.48 2.53609541864e-42
418.49 1.70768763502e-42
418.5 1.14888086211e-42
418.51 7.72263080845e-43
418.52 5.18655835053e-43
418.53 3.48030239094e-43
418.54 2.33334205228e-43
418.55 1.56301646467e-43
418.56 1.04609810173e-43
418.57 6.99527820906e-44
418.58 4.6737048767e-44
418.59 3.11990446074e-44
418.6 2.08087034474e-44
418.61 1.38666790213e-44
418.62 9.23259150423e-45
418.63 6.14183993958e-45
418.64 4.08222636825e-45
418.65 2.7109367728e-45
418.66 1.79872764421e-45
418.67 1.1924361823e-45
418.68 7.89820855139e-46
418.69 5.22691892831e-46
418.7 3.45610275646e-46
418.71 2.28323831638e-46
418.72 1.50709127913e-46
418.73 9.93920354695e-47
418.74 6.54918604402e-47
418.75 4.31168262465e-47
418.76 2.83615497837e-47
418.77 1.86396110839e-47
418.78 1.22396063217e-47
418.79 8.03011503463e-48
418.8 5.26380508172e-48
418.81 3.44747833763e-48
418.82 2.25593720926e-48
418.83 1.47494621484e-48
418.84 9.63494132863e-49
418.85 6.28847993589e-49
418.86 4.10077554789e-49
418.87 2.67183745253e-49
418.88 1.73931315506e-49
418.89 1.13127774723e-49
418.9 7.3516432054e-50
418.91 4.7733503631e-50
418.92 3.0966057659e-50
418.93 2.00711491264e-50
418.94 1.29981717574e-50
418.95 8.41038775723e-51
418.96 5.43717712458e-51
418.97 3.51200121036e-51
418.98 2.26651995336e-51
418.99 1.46146409618e-51
419.0 9.4154367049e-52
419.01 6.06061225593e-52
419.02 3.89777032747e-52
419.03 2.50460765924e-52
419.04 1.60800308398e-52
419.05 1.03147276202e-52
419.06 6.61077482534e-53
419.07 4.23321843511e-53
419.08 2.70839938557e-53
419.09 1.73132439361e-53
419.1 1.10577789311e-53
419.11 7.05636556433e-54
419.12 4.49902031478e-54
419.13 2.86601560008e-54
419.14 1.82415971013e-54
419.15 1.16003443748e-54
419.16 7.37059619198e-55
419.17 4.67905411712e-55
419.18 2.96781777346e-55
419.19 1.88078913796e-55
419.2 1.1908764251e-55
419.21 7.53385055838e-56
419.22 4.76201783882e-56
419.23 3.00738305225e-56
419.24 1.89762411751e-56
419.25 1.19634199486e-56
419.26 7.53571070876e-57
419.27 4.74260331961e-57
419.28 2.98217480909e-57
419.29 1.87358373239e-57
419.3 1.17607990565e-57
419.31 7.37605702668e-58
419.32 4.62205825503e-58
419.33 2.89381176002e-58
419.34 1.81020955391e-58
419.35 1.13138688804e-58
419.36 7.06508096177e-59
419.37 4.40805350943e-59
419.38 2.74789596063e-59
419.39 1.71150206172e-59
419.4 1.06507031549e-59
419.41 6.62220845956e-60
419.42 4.11387534382e-60
419.43 2.55342508706e-60
419.44 1.58350276881e-60
419.45 9.81156411649e-61
419.46 6.07409217838e-61
419.47 3.75706080162e-61
419.48 2.3218747116e-61
419.49 1.43368272574e-61
419.5 8.84486149408e-62
419.51 5.45196091052e-62
419.52 3.35767102679e-62
419.53 2.06608062911e-62
419.54 1.27022337815e-62
419.55 7.80255161194e-63
419.56 4.78869207293e-63
419.57 2.93643833974e-63
419.58 1.79907211831e-63
419.59 1.10128563154e-63
419.6 6.73558135235e-64
419.61 4.11598621559e-64
419.62 2.51302292361e-64
419.63 1.53300192998e-64
419.64 9.34356617585e-65
419.65 5.68992239223e-65
419.66 3.46197344827e-65
419.67 2.10457707505e-65
419.68 1.27829076331e-65
419.69 7.75743560259e-66
419.7 4.70360041526e-66
419.71 2.84948499133e-66
419.72 1.72474955026e-66
419.73 1.04306030886e-66
419.74 6.30255307673e-67
419.75 3.8049356527e-67
419.76 2.29510116888e-67
419.77 1.38318434356e-67
419.78 8.32879183087e-68
419.79 5.01080685945e-68
419.8 3.01201431632e-68
419.81 1.80896478675e-68
419.82 1.08549269941e-68
419.83 6.50799804115e-69
419.84 3.89844698737e-69
419.85 2.33324081534e-69
419.86 1.39524736072e-69
419.87 8.33617008557e-70
419.88 4.97628949235e-70
419.89 2.96803091343e-70
419.9 1.76870301236e-70
419.91 1.05308911458e-70
419.92 6.26468219745e-71
419.93 3.72354561027e-71
419.94 2.21125090725e-71
419.95 1.31202793805e-71
419.96 7.77807012628e-72
419.97 4.6070649878e-72
419.98 2.72646881894e-72
419.99 1.61213142872e-72
420.0 9.52410263249e-73
420.01 5.62174835453e-73
420.02 3.31544974076e-73
420.03 1.95360702708e-73
420.04 1.15015317159e-73
420.05 6.76546834839e-74
420.06 3.97615919813e-74
420.07 2.33481983922e-74
420.08 1.36983007803e-74
420.09 8.02978160983e-75
420.1 4.70288633182e-75
420.11 2.75200325328e-75
420.12 1.60900397314e-75
420.13 9.39915913626e-76
420.14 5.48585850026e-76
420.15 3.19907124956e-76
420.16 1.86391857668e-76
420.17 1.08505979884e-76
420.18 6.31108635138e-77
420.19 3.66756892381e-77
420.2 2.12949271421e-77
420.21 1.23537197648e-77
420.22 7.16049498605e-78
420.23 4.14679013856e-78
420.24 2.39941175266e-78
420.25 1.38714295019e-78
420.26 8.01237687564e-79
420.27 4.6240788523e-79
420.28 2.66632329064e-79
420.29 1.53611628701e-79
420.3 8.84217475645e-80
420.31 5.08531438102e-80
420.32 2.92213470383e-80
420.33 1.67766934851e-80
420.34 9.62357023753e-81
420.35 5.51556215914e-81
420.36 3.15839947585e-81
420.37 1.80704116915e-81
420.38 1.03298198537e-81
420.39 5.89985259291e-82
420.4 3.36676874494e-82
420.41 1.91959285679e-82
420.42 1.09352489885e-82
420.43 6.22403375869e-83
420.44 3.53947554145e-83
420.45 2.01108119094e-83
420.46 1.14167898056e-83
420.47 6.47563138153e-84
420.48 3.66981308862e-84
420.49 2.07792316204e-84
420.5 1.17554358377e-84
420.51 6.64464371829e-85
420.52 3.75256631449e-85
420.53 2.11742855095e-85
420.54 1.19374857521e-85
420.55 6.72420089793e-86
420.56 3.78435793921e-86
420.57 2.12797953054e-86
420.58 1.19554629462e-86
420.59 6.71102817321e-87
420.6 3.76387713985e-87
420.61 2.10914058231e-87
420.62 1.18086249667e-87
420.63 6.60566955168e-88
420.64 3.6919692167e-88
420.65 2.06168832086e-88
420.66 1.15030143803e-88
420.67 6.41245052348e-89
420.68 3.57157771343e-89
420.69 1.98755837992e-89
420.7 1.10510462385e-89
420.71 6.13918344455e-90
420.72 3.407544514e-90
420.73 1.88971442229e-90
420.74 1.04706713875e-90
420.75 5.7966435407e-91
420.76 3.20628683605e-91
420.77 1.77195162705e-91
420.78 9.78419420067e-92
420.79 5.39786450734e-92
420.8 2.97538114449e-92
420.81 1.63865280763e-92
420.82 9.01685319496e-93
420.83 4.95731783061e-93
420.84 2.7230915432e-93
420.85 1.49451896843e-93
420.86 8.19529014807e-94
420.87 4.490047642e-94
420.88 2.45788340171e-94
420.89 1.34429727073e-94
420.9 7.34603629177e-95
420.91 4.01083258643e-95
420.92 2.18796168491e-95
420.93 1.19252804895e-95
420.94 6.49413339923e-96
420.95 3.53343836943e-96
420.96 1.92086811884e-96
420.97 1.04332902347e-96
420.98 5.66198535415e-97
420.99 3.07001082619e-97
421.0 1.6631628854e-97
421.01 9.00229779483e-98
421.02 4.86850564775e-98
421.03 2.63064166036e-98
421.04 1.42020625643e-98
421.05 7.66063661594e-99
421.06 4.12859245867e-99
421.07 2.22311987035e-99
421.08 1.19604483087e-99
421.09 6.42918242695e-100
421.1 3.45292982401e-100
421.11 1.85286367678e-100
421.12 9.93397117844e-101
421.13 5.32140160444e-101
421.14 2.84808462499e-101
421.15 1.52301245496e-101
421.16 8.1372513881e-102
421.17 4.34385903945e-102
421.18 2.31684738461e-102
421.19 1.23464710541e-102
421.2 6.57373163816e-103
421.21 3.49707391249e-103
421.22 1.85875163978e-103
421.23 9.87101087539e-104
421.24 5.23751896598e-104
421.25 2.77659987255e-104
421.26 1.47070206652e-104
421.27 7.78322917717e-105
421.28 4.11546248076e-105
421.29 2.17420849131e-105
421.3 1.1476446616e-105
421.31 6.05253635414e-106
421.32 3.18926851177e-106
421.33 1.67906873859e-106
421.34 8.83221391855e-107
421.35 4.64188519511e-107
421.36 2.4374904538e-107
421.37 1.27883691571e-107
421.38 6.70364670087e-108
421.39 3.51099963024e-108
421.4 1.83727498551e-108
421.41 9.60597059987e-109
421.42 5.0180161712e-109
421.43 2.6190667828e-109
421.44 1.36579274355e-109
421.45 7.11617700417e-110
421.46 3.70452385265e-110
421.47 1.92682273257e-110
421.48 1.00132449432e-110
421.49 5.19914142371e-111
421.5 2.69719368713e-111
421.51 1.39802954815e-111
421.52 7.24009523908e-112
421.53 3.74624279054e-112
421.54 1.93673978371e-112
421.55 1.00039229887e-112
421.56 5.16289292798e-113
421.57 2.66219344346e-113
421.58 1.37154421635e-113
421.59 7.05998420176e-114
421.6 3.63095910757e-114
421.61 1.86578973322e-114
421.62 9.57916717532e-115
421.63 4.91378916966e-115
421.64 2.51842485823e-115
421.65 1.28963018185e-115
421.66 6.59819417845e-116
421.67 3.37294071989e-116
421.68 1.72272532105e-116
421.69 8.79117809677e-117
421.7 4.48230940821e-117
421.71 2.28339106995e-117
421.72 1.16220429742e-117
421.73 5.91028424733e-118
421.74 3.00301825299e-118
421.75 1.52451354798e-118
421.76 7.73264935233e-119
421.77 3.91876353515e-119
421.78 1.98423685527e-119
421.79 1.00383348464e-119
421.8 5.07403615e-120
421.81 2.56253112028e-120
421.82 1.29302955614e-120
421.83 6.51885721196e-121
421.84 3.28366011051e-121
421.85 1.65260338721e-121
421.86 8.31003384136e-122
421.87 4.1750401732e-122
421.88 2.095763332e-122
421.89 1.05110845353e-122
421.9 5.26716026307e-123
421.91 2.63711609359e-123
421.92 1.31918491966e-123
421.93 6.5933452789e-124
421.94 3.29252948844e-124
421.95 1.6427718021e-124
421.96 8.18933276458e-125
421.97 4.07890424382e-125
421.98 2.0298419042e-125
421.99 1.00926364642e-125
422.0 5.01384332988e-126
422.01 2.48863153847e-126
422.02 1.23416763887e-126
422.03 6.11521064019e-127
422.04 3.02741807817e-127
422.05 1.49746641698e-127
422.06 7.40057553044e-128
422.07 3.65424458327e-128
422.08 1.80282445618e-128
422.09 8.88654577575e-129
422.1 4.37659375507e-129
422.11 2.15359087714e-129
422.12 1.05879987615e-129
422.13 5.20101700037e-130
422.14 2.55262123257e-130
422.15 1.25172288919e-130
422.16 6.13272827833e-131
422.17 3.00208486104e-131
422.18 1.46830378556e-131
422.19 7.1751764408e-132
422.2 3.50326478927e-132
422.21 1.70898029669e-132
422.22 8.32961368054e-133
422.23 4.05635892425e-133
422.24 1.97365666419e-133
422.25 9.59468115208e-134
422.26 4.66029277157e-134
422.27 2.2616196437e-134
422.28 1.09660354815e-134
422.29 5.31255498891e-135
422.3 2.57146692385e-135
422.31 1.24360413982e-135
422.32 6.00906757939e-136
422.33 2.9010534459e-136
422.34 1.39935558028e-136
422.35 6.74410231929e-137
422.36 3.24746089249e-137
422.37 1.56238270004e-137
422.38 7.51025400579e-138
422.39 3.60699501645e-138
422.4 1.73085294544e-138
422.41 8.29847926423e-139
422.42 3.975214495e-139
422.43 1.90259492522e-139
422.44 9.09820699288e-140
422.45 4.34699364142e-140
422.46 2.07513286752e-140
422.47 9.89752314149e-141
422.48 4.71661964012e-141
422.49 2.24573701274e-141
422.5 1.06834285798e-141
422.51 5.07792307828e-142
422.52 2.4114890655e-142
422.53 1.14421645422e-142
422.54 5.42443854148e-143
422.55 2.56936089388e-143
422.56 1.21595958106e-143
422.57 5.74959005749e-144
422.58 2.71630376205e-144
422.59 1.28216377299e-144
422.6 6.04689435596e-145
422.61 2.84934458012e-145
422.62 1.3414709654e-145
422.63 6.31017340784e-146
422.64 2.96568501941e-146
422.65 1.39261947822e-146
422.66 6.53376664635e-147
422.67 3.06279892796e-147
422.68 1.43448848283e-147
422.69 6.71273275569e-148
422.7 3.13852333465e-148
422.71 1.46613877197e-148
422.72 6.84303101157e-149
422.73 3.19113847366e-149
422.74 1.48684776511e-149
422.75 6.9216728911e-150
422.76 3.2194326982e-150
422.77 1.49613692841e-150
422.78 6.94683601139e-151
422.79 3.22274886289e-151
422.8 1.49379015639e-151
422.81 6.91793433151e-152
422.82 3.2010096955e-152
422.83 1.47986212954e-152
422.84 6.83564084142e-153
422.85 3.15472079007e-153
422.86 1.45467619635e-153
422.87 6.70186151141e-154
422.88 3.08495105976e-154
422.89 1.41881189438e-154
422.9 6.51966191e-155
422.91 2.99329170442e-155
422.92 1.37308278289e-155
422.93 6.29315043561e-156
422.94 2.88179589254e-156
422.95 1.318505771e-156
422.96 6.02732437223e-157
422.97 2.75290234987e-157
422.98 1.25626355561e-157
422.99 5.72788682086e-158
423.0 2.60934682344e-158
423.01 1.187662105e-158
423.02 5.40104386051e-159
423.03 2.45406590168e-159
423.04 1.11408531738e-159
423.05 5.05329198167e-160
423.06 2.29009789343e-160
423.07 1.03694904106e-160
423.08 4.69120588978e-161
423.09 2.12048539683e-161
423.1 9.5765656566e-162
423.11 4.32123621968e-162
423.12 1.94818384264e-162
423.13 8.77557493984e-163
423.14 3.94952560627e-163
423.15 1.77597971479e-163
423.16 7.97911603126e-164
423.17 3.58175002575e-164
423.18 1.60642138642e-164
423.19 7.198589265e-165
423.2 3.22299049e-165
423.21 1.44176462724e-165
423.22 6.4439686785e-166
423.23 2.87763818647e-166
423.24 1.28393390542e-166
423.25 5.72364724411e-167
423.26 2.54933415448e-167
423.27 1.13449969013e-167
423.28 5.04435579586e-168
423.29 2.24094270778e-168
423.3 9.94671119149e-169
423.31 4.41115151566e-169
423.32 1.95455616695e-169
423.33 8.6530267683e-170
423.34 3.82746873594e-170
423.35 1.69152713547e-170
423.36 7.46912966392e-171
423.37 3.29522247509e-171
423.38 1.45252359478e-171
423.39 6.39713274941e-172
423.4 2.81495361404e-172
423.41 1.23760152263e-172
423.42 5.43643424818e-173
423.43 2.38600394289e-173
423.44 1.04628954764e-173
423.45 4.58412370765e-174
423.46 2.00670939431e-174
423.47 8.77680301183e-175
423.48 3.83541118887e-175
423.49 1.67460052547e-175
423.5 7.30523561821e-176
423.51 3.18405781746e-176
423.52 1.38660057208e-176
423.53 6.03316936798e-177
423.54 2.62278911234e-177
423.55 1.13921301905e-177
423.56 4.94390616535e-178
423.57 2.14367632529e-178
423.58 9.28692453427e-179
423.59 4.01983598687e-179
423.6 1.73847505579e-179
423.61 7.51194338291e-180
423.62 3.24309642051e-180
423.63 1.39891435988e-180
423.64 6.02901144237e-181
423.65 2.59612022459e-181
423.66 1.11693321326e-181
423.67 4.80123897317e-182
423.68 2.06206880668e-182
423.69 8.84864343319e-183
423.7 3.79379578717e-183
423.71 1.62515548269e-183
423.72 6.95568005488e-184
423.73 2.97445901844e-184
423.74 1.2708669762e-184
423.75 5.42520198549e-185
423.76 2.3139578403e-185
423.77 9.86094835797e-186
423.78 4.19861100085e-186
423.79 1.78614333269e-186
423.8 7.59190363235e-187
423.81 3.22410204608e-187
423.82 1.36801413318e-187
423.83 5.79957409931e-188
423.84 2.45654843625e-188
423.85 1.03962873346e-188
423.86 4.39597211702e-189
423.87 1.85718555278e-189
423.88 7.83933776079e-190
423.89 3.30618513637e-190
423.9 1.39315254966e-190
423.91 5.86534944581e-191
423.92 2.46724809115e-191
423.93 1.03694438477e-191
423.94 4.35433480789e-192
423.95 1.82688784695e-192
423.96 7.65818170817e-193
423.97 3.20747410847e-193
423.98 1.34222203535e-193
423.99 5.61189170842e-194
424.0 2.34432550249e-194
424.01 9.78476173032e-195
424.02 4.08043354908e-195
424.03 1.7001454489e-195
424.04 7.07765774061e-196
424.05 2.94385727048e-196
424.06 1.22339768682e-196
424.07 5.07974922349e-197
424.08 2.10736907546e-197
424.09 8.73499469039e-198
424.1 3.61749883935e-198
424.11 1.49684857445e-198
424.12 6.18829556407e-199
424.13 2.55615944862e-199
424.14 1.0549419099e-199
424.15 4.35003612545e-200
424.16 1.79217697646e-200
424.17 7.37721832607e-201
424.18 3.03408743261e-201
424.19 1.24677262851e-201
424.2 5.11882331559e-202
424.21 2.09979420158e-202
424.22 8.6061128641e-203
424.23 3.5242041234e-203
424.24 1.44191209634e-203
424.25 5.89440846514e-204
424.26 2.40749494044e-204
424.27 9.82458582314e-205
424.28 4.00577757544e-205
424.29 1.63186085135e-205
424.3 6.64206511669e-206
424.31 2.7011384604e-206
424.32 1.09752463438e-206
424.33 4.45559204291e-207
424.34 1.80725849546e-207
424.35 7.32417719455e-208
424.36 2.96565838413e-208
424.37 1.19979518779e-208
424.38 4.84972173952e-209
424.39 1.95862024294e-209
424.4 7.90328000912e-210
424.41 3.18631135925e-210
424.42 1.28349082099e-210
424.43 5.16560311059e-211
424.44 2.07717465684e-211
424.45 8.34542979489e-212
424.46 3.35002550383e-212
424.47 1.34360382387e-212
424.48 5.38416129231e-213
424.49 2.15570140272e-213
424.5 8.62348594081e-214
424.51 3.44667891596e-214
424.52 1.37639316672e-214
424.53 5.49171386002e-215
424.54 2.18925830583e-215
424.55 8.71986625755e-216
424.56 3.47013486928e-216
424.57 1.37976967977e-216
424.58 5.48138809905e-217
424.59 2.17569603572e-217
424.6 8.62838670181e-218
424.61 3.41888658153e-218
424.62 1.35351632771e-218
424.63 5.35384775291e-219
424.64 2.11588591432e-219
424.65 8.3549179714e-220
424.66 3.29621738613e-220
424.67 1.29931129464e-220
424.68 5.11722242171e-221
424.69 2.01362728372e-221
424.7 7.91676206352e-222
424.71 3.10985263959e-222
424.72 1.22055046616e-222
424.73 4.78625004986e-223
424.74 1.87524812262e-223
424.75 7.34084082773e-224
424.76 2.87115466397e-224
424.77 1.12199541134e-224
424.78 4.38075823743e-225
424.79 1.7089572712e-225
424.8 6.66096013944e-226
424.81 2.59397733897e-226
424.82 1.00929758308e-226
424.83 3.92370186826e-227
424.84 1.52404040758e-227
424.85 5.91453593565e-228
424.86 2.29334070953e-228
424.87 8.88464743102e-229
424.88 3.43902655208e-229
424.89 1.3300089761e-229
424.9 5.13922139822e-230
424.91 1.98410108956e-230
424.92 7.65339231868e-231
424.93 2.94963222434e-231
424.94 1.13580944239e-231
424.95 4.36985264937e-232
424.96 1.67977774647e-232
424.97 6.45149799387e-233
424.98 2.47567152894e-233
424.99 9.49181336607e-234
425.0 3.63604350488e-234
425.01 1.39165845976e-234
425.02 5.32181740565e-235
425.03 2.03334460477e-235
425.04 7.76221590386e-236
425.05 2.960630177e-236
425.06 1.12825253277e-236
425.07 4.29588043403e-237
425.08 1.63426231365e-237
425.09 6.21176559635e-238
425.1 2.35902240004e-238
425.11 8.95102526382e-239
425.12 3.39341686233e-239
425.13 1.28536170499e-239
425.14 4.86448885183e-240
425.15 1.83938559333e-240
425.16 6.94915600247e-241
425.17 2.62310125073e-241
425.18 9.89285765542e-242
425.19 3.72779634715e-242
425.2 1.40348026163e-242
425.21 5.27939494648e-243
425.22 1.98420120068e-243
425.23 7.45093845848e-244
425.24 2.795502964e-244
425.25 1.04793090932e-244
425.26 3.9249041567e-245
425.27 1.46875437856e-245
425.28 5.49152550597e-246
425.29 2.05144816705e-246
425.3 7.6568793529e-247
425.31 2.8553987981e-247
425.32 1.06391137722e-247
425.33 3.96066259126e-248
425.34 1.47317368397e-248
425.35 5.47474342306e-249
425.36 2.03281240057e-249
425.37 7.54144459317e-250
425.38 2.79534554408e-250
425.39 1.0352379135e-250
425.4 3.8306153938e-251
425.41 1.4161871288e-251
425.42 5.23114127244e-252
425.43 1.93061629346e-252
425.44 7.11900336057e-253
425.45 2.62280583574e-253
425.46 9.65465584182e-254
425.47 3.55084050676e-254
425.48 1.30481591854e-254
425.49 4.79061246044e-255
425.5 1.75734303977e-255
425.51 6.44088824774e-256
425.52 2.35862389981e-256
425.53 8.62969284646e-257
425.54 3.15468277295e-257
425.55 1.15223154962e-257
425.56 4.20482130002e-258
425.57 1.53313019422e-258
425.58 5.58514230224e-259
425.59 2.03288663796e-259
425.6 7.39291634972e-260
425.61 2.68622344751e-260
425.62 9.7519662951e-261
425.63 3.53725166796e-261
425.64 1.28192743166e-261
425.65 4.64178087113e-262
425.66 1.67930484287e-262
425.67 6.07013233024e-263
425.68 2.19225207528e-263
425.69 7.91054733039e-264
425.7 2.85197877666e-264
425.71 1.02732949686e-264
425.72 3.69740427333e-265
425.73 1.32955966785e-265
425.74 4.77685917674e-266
425.75 1.71474978411e-266
425.76 6.15010864474e-267
425.77 2.20388298214e-267
425.78 7.89074461165e-268
425.79 2.82274180975e-268
425.8 1.00889980246e-268
425.81 3.60287031945e-269
425.82 1.28550253262e-269
425.83 4.58269501372e-270
425.84 1.63227258414e-270
425.85 5.80882281875e-271
425.86 2.06541480557e-271
425.87 7.33753446944e-272
425.88 2.60445426518e-272
425.89 9.23649137682e-273
425.9 3.27281182173e-273
425.91 1.15866730898e-273
425.92 4.09845513127e-274
425.93 1.44845607146e-274
425.94 5.11462956393e-275
425.95 1.80445789718e-275
425.96 6.3606724899e-276
425.97 2.24018057994e-276
425.98 7.88291301231e-277
425.99 2.77149534066e-277
426.0 9.73565743111e-278
426.01 3.4169618314e-278
426.02 1.19822584762e-278
426.03 4.19817900532e-279
426.04 1.4696263617e-279
426.05 5.14015987697e-280
426.06 1.79626345172e-280
426.07 6.27172709143e-281
426.08 2.1879025948e-281
426.09 7.62592495287e-282
426.1 2.6557108215e-282
426.11 9.24044213916e-283
426.12 3.2123912417e-283
426.13 1.11580377629e-283
426.14 3.87231727032e-284
426.15 1.34269617538e-284
426.16 4.65166342103e-285
426.17 1.61013587615e-285
426.18 5.56852896579e-286
426.19 1.92416429611e-286
426.2 6.64305018107e-287
426.21 2.29148293238e-287
426.22 7.89749633641e-288
426.23 2.7194805177e-288
426.24 9.35634404841e-289
426.25 3.21625242708e-289
426.26 1.10463241491e-289
426.27 3.79061041941e-290
426.28 1.29964348286e-290
426.29 4.45208069213e-291
426.3 1.52379145364e-291
426.31 5.21088816192e-292
426.32 1.78041679986e-292
426.33 6.0779248702e-293
426.34 2.07306387512e-293
426.35 7.06470045843e-294
426.36 2.40546218479e-294
426.37 8.18327277367e-295
426.38 2.78150108794e-295
426.39 9.44615685875e-296
426.4 3.20519741914e-296
426.41 1.08662108583e-296
426.42 3.68065561975e-297
426.43 1.24564977383e-297
426.44 4.21202009896e-298
426.45 1.42301221743e-298
426.46 4.80341970326e-299
426.47 1.62000425071e-299
426.48 5.45890435951e-300
426.49 1.83788583009e-300
426.5 6.18237416874e-301
426.51 2.07785747388e-301
426.52 6.97750146245e-302
426.53 2.34103458705e-302
426.54 7.84764658494e-303
426.55 2.62841995386e-303
426.56 8.79576842969e-304
426.57 2.94087476592e-304
426.58 9.8243310261e-305
426.59 3.2790886379e-305
426.6 1.09352077383e-305
426.61 3.64354914542e-306
426.62 1.21295848902e-306
426.63 4.03451149597e-307
426.64 1.34078668605e-307
426.65 4.45196901225e-308
426.66 1.47695848891e-308
426.67 4.89562516252e-309
426.68 1.62133119894e-309
426.69 5.36486791376e-310
426.7 1.77365864636e-310
426.71 5.85874720589e-311
426.72 1.93358465549e-311
426.73 6.37595634688e-312
426.74 2.10063787447e-312
426.75 6.91481810761e-313
426.76 2.27422820921e-313
426.77 7.47327624907e-314
426.78 2.45364508342e-314
426.79 8.04889314412e-315
426.8 2.63805772058e-315
426.81 8.63885407118e-316
426.82 2.82651759381e-316
426.83 9.2399786536e-317
426.84 3.01796343676e-317
426.85 9.84873916879e-318
426.86 3.21122907171e-318
426.87 1.04612965785e-318
426.88 3.40505102457e-319
426.89 1.10734933202e-319
426.9 3.59828009866e-320
426.91 1.16797118677e-320
426.92 3.7894835036e-321
426.93 1.23022345814e-321
426.94 3.95252516673e-322
426.95 1.28457067919e-322
426.96 3.95252516673e-323
426.97 1.48219693752e-323
426.98 4.94065645841e-324
426.99 0.0
427.0 0.0
427.01 0.0
427.02 0.0
427.03 0.0
427.04 0.0
427.05 0.0
427.06 0.0
427.07 0.0
427.08 0.0
427.09 0.0
427.1 0.0
427.11 0.0
427.12 0.0
427.13 0.0
427.14 0.0
427.15 0.0
427.16 0.0
427.17 0.0
427.18 0.0
427.19 0.0
427.2 0.0
427.21 0.0
427.22 0.0
427.23 0.0
427.24 0.0
427.25 0.0
427.26 0.0
427.27 0.0
427.28 0.0
427.29 0.0
427.3 0.0
427.31 0.0
427.32 0.0
427.33 0.0
427.34 0.0
427.35 0.0
427.36 0.0
427.37 0.0
427.38 0.0
427.39 0.0
427.4 0.0
427.41 0.0
427.42 0.0
427.43 0.0
427.44 0.0
427.45 0.0
427.46 0.0
427.47 0.0
427.48 0.0
427.49 0.0
427.5 0.0
427.51 0.0
427.52 0.0
427.53 0.0
427.54 0.0
427.55 0.0
427.56 0.0
427.57 0.0
427.58 0.0
427.59 0.0
427.6 0.0
427.61 0.0
427.62 0.0
427.63 0.0
427.64 0.0
427.65 0.0
427.66 0.0
427.67 0.0
427.68 0.0
427.69 0.0
427.7 0.0
427.71 0.0
427.72 0.0
427.73 0.0
427.74 0.0
427.75 0.0
427.76 0.0
427.77 0.0
427.78 0.0
427.79 0.0
427.8 0.0
427.81 0.0
427.82 0.0
427.83 0.0
427.84 0.0
427.85 0.0
427.86 0.0
427.87 0.0
427.88 0.0
427.89 0.0
427.9 0.0
427.91 0.0
427.92 0.0
427.93 0.0
427.94 0.0
427.95 0.0
427.96 0.0
427.97 0.0
427.98 0.0
427.99 0.0
428.0 0.0
428.01 0.0
428.02 0.0
428.03 0.0
428.04 0.0
428.05 0.0
428.06 0.0
428.07 0.0
428.08 0.0
428.09 0.0
428.1 0.0
428.11 0.0
428.12 0.0
428.13 0.0
428.14 0.0
428.15 0.0
428.16 0.0
428.17 0.0
428.18 0.0
428.19 0.0
428.2 0.0
428.21 0.0
428.22 0.0
428.23 0.0
428.24 0.0
428.25 0.0
428.26 0.0
428.27 0.0
428.28 0.0
428.29 0.0
428.3 0.0
428.31 0.0
428.32 0.0
428.33 0.0
428.34 0.0
428.35 0.0
428.36 0.0
428.37 0.0
428.38 0.0
428.39 0.0
428.4 0.0
428.41 0.0
428.42 0.0
428.43 0.0
428.44 0.0
428.45 0.0
428.46 0.0
428.47 0.0
428.48 0.0
428.49 0.0
428.5 0.0
428.51 0.0
428.52 0.0
428.53 0.0
428.54 0.0
428.55 0.0
428.56 0.0
428.57 0.0
428.58 0.0
428.59 0.0
428.6 0.0
428.61 0.0
428.62 0.0
428.63 0.0
428.64 0.0
428.65 0.0
428.66 0.0
428.67 0.0
428.68 0.0
428.69 0.0
428.7 0.0
428.71 0.0
428.72 0.0
428.73 0.0
428.74 0.0
428.75 0.0
428.76 0.0
428.77 0.0
428.78 0.0
428.79 0.0
428.8 0.0
428.81 0.0
428.82 0.0
428.83 0.0
428.84 0.0
428.85 0.0
428.86 0.0
428.87 0.0
428.88 0.0
428.89 0.0
428.9 0.0
428.91 0.0
428.92 0.0
428.93 0.0
428.94 0.0
428.95 0.0
428.96 0.0
428.97 0.0
428.98 0.0
428.99 0.0
429.0 0.0
429.01 0.0
429.02 0.0
429.03 0.0
429.04 0.0
429.05 0.0
429.06 0.0
429.07 0.0
429.08 0.0
429.09 0.0
429.1 0.0
429.11 0.0
429.12 0.0
429.13 0.0
429.14 0.0
429.15 0.0
429.16 0.0
429.17 0.0
429.18 0.0
429.19 0.0
429.2 0.0
429.21 0.0
429.22 0.0
429.23 0.0
429.24 0.0
429.25 0.0
429.26 0.0
429.27 0.0
429.28 0.0
429.29 0.0
429.3 0.0
429.31 0.0
429.32 0.0
429.33 0.0
429.34 0.0
429.35 0.0
429.36 0.0
429.37 0.0
429.38 0.0
429.39 0.0
429.4 0.0
429.41 0.0
429.42 0.0
429.43 0.0
429.44 0.0
429.45 0.0
429.46 0.0
429.47 0.0
429.48 0.0
429.49 0.0
429.5 0.0
429.51 0.0
429.52 0.0
429.53 0.0
429.54 0.0
429.55 0.0
429.56 0.0
429.57 0.0
429.58 0.0
429.59 0.0
429.6 0.0
429.61 0.0
429.62 0.0
429.63 0.0
429.64 0.0
429.65 0.0
429.66 0.0
429.67 0.0
429.68 0.0
429.69 0.0
429.7 0.0
429.71 0.0
429.72 0.0
429.73 0.0
429.74 0.0
429.75 0.0
429.76 0.0
429.77 0.0
429.78 0.0
429.79 0.0
429.8 0.0
429.81 0.0
429.82 0.0
429.83 0.0
429.84 0.0
429.85 0.0
429.86 0.0
429.87 0.0
429.88 0.0
429.89 0.0
429.9 0.0
429.91 0.0
429.92 0.0
429.93 0.0
429.94 0.0
429.95 0.0
429.96 0.0
429.97 0.0
429.98 0.0
429.99 0.0
