400.0 2.66692984253e-61
400.01 4.31987947806e-61
400.02 6.99125885316e-61
400.03 1.13047990438e-60
400.04 1.82639211495e-60
400.05 2.94814549596e-60
400.06 4.75474811311e-60
400.07 7.66178267492e-60
400.08 1.23354743914e-59
400.09 1.98429206377e-59
400.1 3.1891801133e-59
400.11 5.1212527682e-59
400.12 8.2166935273e-59
400.13 1.31716953722e-58
400.14 2.10964791119e-58
400.15 3.37599655181e-58
400.16 5.3978115877e-58
400.17 8.62297567016e-58
400.18 1.3763228262e-57
400.19 2.19486178553e-57
400.2 3.49717813205e-57
400.21 5.56739510836e-57
400.22 8.85543797415e-57
400.23 1.40731643648e-56
400.24 2.2345865835e-56
400.25 3.5450823368e-56
400.26 5.6192606633e-56
400.27 8.89929785999e-56
400.28 1.40817302229e-55
400.29 2.22628115118e-55
400.3 3.51663837809e-55
400.31 5.55007850101e-55
400.32 8.75173689465e-55
400.33 1.37883751934e-54
400.34 2.17047928073e-54
400.35 3.41367293567e-54
400.36 5.36428552515e-54
400.37 8.42220048987e-54
400.38 1.32118300221e-53
400.39 2.07073294049e-53
400.4 3.2427160357e-53
400.41 5.07361441723e-53
400.42 7.93139740453e-53
400.43 1.23881277541e-52
400.44 1.93323813088e-52
400.45 3.01431574529e-52
400.46 4.69586760762e-52
400.47 7.30914636669e-52
400.48 1.13668776628e-51
400.49 1.76619814984e-51
400.5 2.74196165818e-51
400.51 4.25311418185e-51
400.52 6.59138105403e-51
400.53 1.02063277148e-50
400.54 1.57901520164e-50
400.55 2.44076982625e-50
400.56 3.76956340711e-50
400.57 5.81673116909e-50
400.58 8.96789768427e-50
400.59 1.38142085881e-49
400.6 2.12610684909e-49
400.61 3.26939862926e-49
400.62 5.02312954215e-49
400.63 7.71089151522e-49
400.64 1.18265622005e-48
400.65 1.81232532804e-48
400.66 2.77483722585e-48
400.67 4.24485223475e-48
400.68 6.48800766172e-48
400.69 9.90795085568e-48
400.7 1.51175023922e-47
400.71 2.30462336575e-47
400.72 3.51029477768e-47
400.73 5.34208664494e-47
400.74 8.1227292975e-47
400.75 1.23400450359e-46
400.76 1.87307523543e-46
400.77 2.84064793731e-46
400.78 4.30430773961e-46
400.79 6.51647793014e-46
400.8 9.85703403265e-46
400.81 1.48971536044e-45
400.82 2.24948990268e-45
400.83 3.39381771978e-45
400.84 5.11583690065e-45
400.85 7.70492791551e-45
400.86 1.15942906247e-44
400.87 1.74318506791e-44
400.88 2.6185840873e-44
400.89 3.93018744752e-44
400.9 5.89364152214e-44
400.91 8.83034926348e-44
400.92 1.32189134398e-43
400.93 1.97713966346e-43
400.94 2.95462692352e-43
400.95 4.41155467231e-43
400.96 6.58118945491e-43
400.97 9.80936360827e-43
400.98 1.46083439409e-42
400.99 2.17362615011e-42
401.0 3.23141270125e-42
401.01 4.79980636768e-42
401.02 7.12325874534e-42
401.03 1.05622741301e-41
401.04 1.56480369249e-41
401.05 2.31625303916e-41
401.06 3.42559372636e-41
401.07 5.0618517265e-41
401.08 7.47320157971e-41
401.09 1.10237076421e-40
401.1 1.62469704024e-40
401.11 2.39243861912e-40
401.12 3.51992112382e-40
401.13 5.17426624274e-40
401.14 7.59955782882e-40
401.15 1.11519699132e-39
401.16 1.63507834415e-39
401.17 2.39524121798e-39
401.18 3.5057719268e-39
401.19 5.12674567828e-39
401.2 7.49072065296e-39
401.21 1.09352607068e-38
401.22 1.5949915772e-38
401.23 2.32440263447e-38
401.24 3.38444948609e-38
401.25 4.92366420772e-38
401.26 7.15669532896e-38
401.27 1.03934646692e-37
401.28 1.50810601329e-37
401.29 2.18638737874e-37
401.3 3.16698542155e-37
401.31 4.58341022491e-37
401.32 6.62758195504e-37
401.33 9.57514141739e-37
401.34 1.3821621616e-36
401.35 1.99340945811e-36
401.36 2.87248481879e-36
401.37 4.13563957153e-36
401.38 5.94910089886e-36
401.39 8.55034620752e-36
401.4 1.22783434547e-35
401.41 1.76164975427e-35
401.42 2.52535867965e-35
401.43 3.6170147959e-35
401.44 5.17608277563e-35
401.45 7.40075203169e-35
401.46 1.05724150851e-34
401.47 1.50902443031e-34
401.48 2.1519989172e-34
401.49 3.06627808184e-34
401.5 4.36520597796e-34
401.51 6.2089999513e-34
401.52 8.8239346712e-34
401.53 1.2529294698e-33
401.54 1.77752074083e-33
401.55 2.51957007822e-33
401.56 3.56830460001e-33
401.57 5.04918298476e-33
401.58 7.13845149227e-33
401.59 1.00834843345e-32
401.6 1.42311814373e-32
401.61 2.00675796702e-32
401.62 2.82730556861e-32
401.63 3.97991882095e-32
401.64 5.59756817232e-32
401.65 7.86589748023e-32
401.66 1.10438597947e-31
401.67 1.54923464266e-31
401.68 2.1713869705e-31
401.69 3.04075176679e-31
401.7 4.25449894715e-31
401.71 5.94757032339e-31
401.72 8.3071961192e-31
401.73 1.15929257373e-30
401.74 1.61642424782e-30
401.75 2.25185992402e-30
401.76 3.13437604659e-30
401.77 4.35897662394e-30
401.78 6.05677851781e-30
401.79 8.40857801893e-30
401.8 1.16634527937e-29
401.81 1.61642450705e-29
401.82 2.23824400072e-29
401.83 3.09658598911e-29
401.84 4.28038242575e-29
401.85 5.91160914942e-29
401.86 8.15741515634e-29
401.87 1.12466487281e-28
401.88 1.54923538802e-28
401.89 2.13223662593e-28
401.9 2.93208868456e-28
401.91 4.02849210918e-28
401.92 5.53008294382e-28
401.93 7.5848061477e-28
401.94 1.03939599357e-27
401.95 1.42311928486e-27
401.96 1.94681768065e-27
401.97 2.66092707306e-27
401.98 3.6338280678e-27
401.99 4.95814804871e-27
402.0 6.75924702322e-27
402.01 9.20663358238e-27
402.02 1.25293087634e-26
402.03 1.7036370535e-26
402.04 2.31446573309e-26
402.05 3.1415801606e-26
402.06 4.260585143e-26
402.07 5.77316625017e-26
402.08 7.81596475004e-26
402.09 1.05724303446e-25
402.1 1.42886364176e-25
402.11 1.92943632667e-25
402.12 2.60311784264e-25
402.13 3.50898021482e-25
402.14 4.72597829243e-25
402.15 6.35954782999e-25
402.16 8.55036129101e-25
402.17 1.14859363827e-24
402.18 1.54160127041e-24
402.19 2.06729010103e-24
402.2 2.76983885434e-24
402.21 3.70792800989e-24
402.22 4.95943036441e-24
402.23 6.62759577237e-24
402.24 8.84919856621e-24
402.25 1.18052606633e-23
402.26 1.5735151689e-23
402.27 2.09551126333e-23
402.28 2.78825684845e-23
402.29 3.70680097141e-23
402.3 4.9236760519e-23
402.31 6.53436495452e-23
402.32 8.66445030057e-23
402.33 1.14789550579e-22
402.34 1.51945348181e-22
402.35 2.00953777438e-22
402.36 2.65539206047e-22
402.37 3.50578148461e-22
402.38 4.62449959933e-22
402.39 6.09492494298e-22
402.4 8.02593595661e-22
402.41 1.05595820863e-21
402.42 1.3881023317e-21
402.43 1.82313970501e-21
402.44 2.392445909e-21
402.45 3.13680858742e-21
402.46 4.1092032356e-21
402.47 5.37837323579e-21
402.48 7.03344288741e-21
402.49 9.18985599328e-21
402.5 1.19970138206e-20
402.51 1.56480896242e-20
402.52 2.03926282872e-20
402.53 2.65527064242e-20
402.54 3.45436398437e-20
402.55 4.49004933328e-20
402.56 5.83119870752e-20
402.57 7.56638231682e-20
402.58 9.80939979042e-20
402.59 1.27063349837e-19
402.6 1.64445456563e-19
402.61 2.12641080153e-19
402.62 2.74723729088e-19
402.63 3.54624624316e-19
402.64 4.57367516938e-19
402.65 5.89366515137e-19
402.66 7.58803474909e-19
402.67 9.76105762904e-19
402.68 1.25455052103e-18
402.69 1.61102821265e-18
402.7 2.0670065329e-18
402.71 2.64974612099e-18
402.72 3.39383241507e-18
402.73 4.34310405088e-18
402.74 5.55307817633e-18
402.75 7.09399786373e-18
402.76 9.05465758931e-18
402.77 1.15472009195e-17
402.78 1.47131318167e-17
402.79 1.87308394666e-17
402.8 2.38250088207e-17
402.81 3.02783783127e-17
402.82 3.84464163121e-17
402.83 4.87756235574e-17
402.84 6.18263358327e-17
402.85 7.83011065382e-17
402.86 9.90800011309e-17
402.87 1.25264445064e-16
402.88 1.58231646485e-16
402.89 1.99702079901e-16
402.9 2.51823085853e-16
402.91 3.17272336878e-16
402.92 3.99385768911e-16
402.93 5.02315612579e-16
402.94 6.31225420338e-16
402.95 7.92530520813e-16
402.96 9.94194198625e-16
402.97 1.24609216561e-15
402.98 1.56046064076e-15
402.99 1.95244669143e-15
403.0 2.44078352626e-15
403.01 3.04861831514e-15
403.02 3.80452601301e-15
403.03 4.74374978842e-15
403.04 5.90971724687e-15
403.05 7.35589198476e-15
403.06 9.14803245809e-15
403.07 1.13669451109e-14
403.08 1.41118366722e-14
403.09 1.75043920755e-14
403.1 2.16937302639e-14
403.11 2.68624210409e-14
403.12 3.32337830505e-14
403.13 4.10807270822e-14
403.14 5.07364615004e-14
403.15 6.26074392983e-14
403.16 7.71890009015e-14
403.17 9.50842555792e-14
403.18 1.1702684972e-13
403.19 1.43908395265e-13
403.2 1.768114798e-13
403.21 2.17049355211e-13
403.22 2.66213609308e-13
403.23 3.26231369828e-13
403.24 3.99433879375e-13
403.25 4.88638620612e-13
403.26 5.97247572175e-13
403.27 7.29364647508e-13
403.28 8.89935922923e-13
403.29 1.08491691127e-12
403.3 1.32147189952e-12
403.31 1.60821126038e-12
403.32 1.95547369082e-12
403.33 2.37566154849e-12
403.34 2.8836388774e-12
403.35 3.49720337016e-12
403.36 4.23764544033e-12
403.37 5.13040981862e-12
403.38 6.20587768719e-12
403.39 7.50029038225e-12
403.4 9.05683918941e-12
403.41 1.09269497982e-11
403.42 1.31717946532e-11
403.43 1.58640718327e-11
403.44 1.90900952979e-11
403.45 2.29522485168e-11
403.46 2.75718616947e-11
403.47 3.30925822959e-11
403.48 3.96843193889e-11
403.49 4.75478547685e-11
403.5 5.69202280296e-11
403.51 6.80810190137e-11
403.52 8.13596695984e-11
403.53 9.71440079397e-11
403.54 1.1589016235e-10
403.55 1.38134079358e-10
403.56 1.64504891583e-10
403.57 1.95740416273e-10
403.58 2.32705105309e-10
403.59 2.76410812565e-10
403.6 3.2804079554e-10
403.61 3.88977425665e-10
403.62 4.60834146451e-10
403.63 5.45492291529e-10
403.64 6.45143456442e-10
403.65 7.62338209862e-10
403.66 9.00042032696e-10
403.67 1.06169948856e-09
403.68 1.2513077575e-09
403.69 1.47350080799e-09
403.7 1.73364564186e-09
403.71 2.03795222384e-09
403.72 2.39359890434e-09
403.73 2.80887536224e-09
403.74 3.29334533566e-09
403.75 3.85803167547e-09
403.76 4.51562655033e-09
403.77 5.28072995594e-09
403.78 6.17012003739e-09
403.79 7.20305912386e-09
403.8 8.40163980342e-09
403.81 9.79117583357e-09
403.82 1.14006431941e-08
403.83 1.32631771457e-08
403.84 1.54166317634e-08
403.85 1.79042090704e-08
403.86 2.07751656106e-08
403.87 2.40856050665e-08
403.88 2.78993663607e-08
403.89 3.22890175697e-08
403.9 3.73369669431e-08
403.91 4.31367033421e-08
403.92 4.97941795185e-08
403.93 5.74293528187e-08
403.94 6.61778991494e-08
403.95 7.61931173598e-08
403.96 8.76480425924e-08
403.97 1.00737788632e-07
403.98 1.15682140823e-07
403.99 1.32728422762e-07
404.0 1.5215466165e-07
404.01 1.74273078962e-07
404.02 1.99433934921e-07
404.03 2.28029757128e-07
404.04 2.60499985656e-07
404.05 2.97336068877e-07
404.06 3.39087046295e-07
404.07 3.86365656694e-07
404.08 4.39855011929e-07
404.09 5.00315878707e-07
404.1 5.6859461269e-07
404.11 6.45631791203e-07
404.12 7.32471592662e-07
404.13 8.30271972629e-07
404.14 9.40315688016e-07
404.15 1.06402222244e-06
404.16 1.20296066703e-06
404.17 1.35886361195e-06
404.18 1.53364210491e-06
404.19 1.72940173306e-06
404.2 1.94845988514e-06
404.21 2.19336425021e-06
404.22 2.46691260875e-06
404.23 2.77217397044e-06
404.24 3.11251111141e-06
404.25 3.49160456116e-06
404.26 3.91347808621e-06
404.27 4.38252571408e-06
404.28 4.90354033611e-06
404.29 5.48174392258e-06
404.3 6.12281937718e-06
404.31 6.8329440504e-06
404.32 7.61882492337e-06
404.33 8.4877354641e-06
404.34 9.44755414774e-06
404.35 1.05068046208e-05
404.36 1.16746974765e-05
404.37 1.29611735941e-05
404.38 1.43769489803e-05
404.39 1.59335610339e-05
404.4 1.76434161375e-05
404.41 1.95198384592e-05
404.42 2.15771198313e-05
404.43 2.38305705452e-05
404.44 2.62965708852e-05
404.45 2.89926231959e-05
404.46 3.19374042553e-05
404.47 3.51508176991e-05
404.48 3.86540462155e-05
404.49 4.24696032024e-05
404.5 4.66213835521e-05
404.51 5.11347131988e-05
404.52 5.60363970376e-05
404.53 6.13547647952e-05
404.54 6.71197144043e-05
404.55 7.33627524063e-05
404.56 8.0117030881e-05
404.57 8.7417380377e-05
404.58 9.53003382911e-05
404.59 0.000103804172125
404.6 0.000112968897023
404.61 0.000122836286988
404.62 0.000133449879145
404.63 0.000144854970406
404.64 0.000157098605921
404.65 0.00017022955863
404.66 0.0001842982993
404.67 0.000199356956375
404.68 0.000215459265037
404.69 0.000232660504831
404.7 0.000251017425285
404.71 0.000270588158929
404.72 0.000291432121208
404.73 0.000313609896765
404.74 0.00033718311167
404.75 0.000362214291189
404.76 0.000388766702755
404.77 0.000416904183894
404.78 0.000446690954894
404.79 0.000478191416122
404.8 0.000511469929964
404.81 0.00054659058746
404.82 0.000583616959813
404.83 0.000622611835058
404.84 0.000663636940276
404.85 0.000706752649871
404.86 0.000752017680556
404.87 0.000799488773782
404.88 0.000849220366527
404.89 0.000901264251437
404.9 0.00095566922749
404.91 0.00101248074245
404.92 0.00107174052852
404.93 0.00113348623276
404.94 0.00119775104387
404.95 0.00126456331721
404.96 0.00133394619989
404.97 0.00140591725796
404.98 0.00148048810781
404.99 0.00155766405395
405.0 0.00163744373554
405.01 0.00171981878382
405.02 0.00180477349312
405.03 0.0018922845076
405.04 0.00198232052641
405.05 0.00207484202962
405.06 0.00216980102742
405.07 0.00226714083507
405.08 0.00236679587591
405.09 0.00246869151488
405.1 0.00257274392467
405.11 0.00267885998679
405.12 0.00278693722946
405.13 0.00289686380428
405.14 0.00300851850339
405.15 0.00312177081867
405.16 0.0032364810443
405.17 0.00335250042383
405.18 0.00346967134272
405.19 0.00358782756689
405.2 0.00370679452775
405.21 0.00382638965392
405.22 0.00394642274923
405.23 0.00406669641687
405.24 0.00418700652873
405.25 0.00430714273894
405.26 0.00442688904031
405.27 0.004546024362
405.28 0.00466432320646
405.29 0.00478155632337
405.3 0.00489749141822
405.31 0.00501189389244
405.32 0.00512452761236
405.33 0.00523515570339
405.34 0.00534354136607
405.35 0.00544944871019
405.36 0.00555264360299
405.37 0.00565289452746
405.38 0.00574997344639
405.39 0.00584365666782
405.4 0.00593372570762
405.41 0.00601996814454
405.42 0.00610217846327
405.43 0.00618015888115
405.44 0.00625372015391
405.45 0.00632268235623
405.46 0.00638687563275
405.47 0.0064461409155
405.48 0.00650033060376
405.49 0.00654930920269
405.5 0.00659295391715
405.51 0.00663115519748
405.52 0.00666381723438
405.53 0.00669085840017
405.54 0.00671221163412
405.55 0.00672782477004
405.56 0.00673766080429
405.57 0.00674169810334
405.58 0.00673993054984
405.59 0.00673236762689
405.6 0.00671903444058
405.61 0.0066999716812
405.62 0.00667523552386
405.63 0.00664489746998
405.64 0.00660904413112
405.65 0.00656777695725
405.66 0.00652121191186
405.67 0.00646947909676
405.68 0.00641272232947
405.69 0.00635109867684
405.7 0.00628477794855
405.71 0.00621394215428
405.72 0.00613878492909
405.73 0.00605951093112
405.74 0.00597633521631
405.75 0.00588948259491
405.76 0.00579918697443
405.77 0.00570569069416
405.78 0.00560924385582
405.79 0.00551010365563
405.8 0.0054085337223
405.81 0.00530480346593
405.82 0.00519918744243
405.83 0.00509196473784
405.84 0.004983418377
405.85 0.00487383476062
405.86 0.00476350313444
405.87 0.00465271509429
405.88 0.00454176413002
405.89 0.00443094521135
405.9 0.00432055441817
405.91 0.00421088861731
405.92 0.00410224518776
405.93 0.00399492179535
405.94 0.00388921621811
405.95 0.00378542622251
405.96 0.00368384949069
405.97 0.00358478359816
405.98 0.00348852604104
405.99 0.00339537431153
406.0 0.0033056260195
406.01 0.00321957905822
406.02 0.00313753181118
406.03 0.00305978339692
406.04 0.00298663394822
406.05 0.00291838492161
406.06 0.00285533943275
406.07 0.0027978026129
406.08 0.00274608198138
406.09 0.00270048782846
406.1 0.00266133360306
406.11 0.00262893629919
406.12 0.00260361683493
406.13 0.00258570041756
406.14 0.00257551688826
406.15 0.00257340103982
406.16 0.00257969290049
406.17 0.00259473797738
406.18 0.00261888745261
406.19 0.00265249832571
406.2 0.00269593349552
406.21 0.0027495617755
406.22 0.00281375783627
406.23 0.00288890206941
406.24 0.00297538036725
406.25 0.00307358381327
406.26 0.00318390827869
406.27 0.00330675392078
406.28 0.0034425245794
406.29 0.00359162706863
406.3 0.00375447036099
406.31 0.00393146466262
406.32 0.0041230203782
406.33 0.00432954696546
406.34 0.0045514516798
406.35 0.00478913821036
406.36 0.00504300520978
406.37 0.00531344472083
406.38 0.00560084050399
406.39 0.00590556627085
406.4 0.00622798382949
406.41 0.00656844114845
406.42 0.00692727034739
406.43 0.00730478562302
406.44 0.00770128111995
406.45 0.00811702875723
406.46 0.00855227602169
406.47 0.00900724374051
406.48 0.00948212384586
406.49 0.00997707714532
406.5 0.0104922311124
406.51 0.0110276777117
406.52 0.0115834712746
406.53 0.0121596264404
406.54 0.0127561161793
406.55 0.0133728699135
406.56 0.0140097717515
406.57 0.014666658853
406.58 0.0153433199395
406.59 0.016039493966
406.6 0.0167548689693
406.61 0.0174890811069
406.62 0.0182417139008
406.63 0.0190122976981
406.64 0.0198003093615
406.65 0.0206051721988
406.66 0.021426256143
406.67 0.0222628781886
406.68 0.0231143030921
406.69 0.0239797443421
406.7 0.0248583654004
406.71 0.0257492812172
406.72 0.0266515600191
406.73 0.0275642253677
406.74 0.0284862584846
406.75 0.0294166008361
406.76 0.0303541569688
406.77 0.0312977975873
406.78 0.0322463628589
406.79 0.033198665933
406.8 0.0341534966578
406.81 0.0351096254767
406.82 0.0360658074829
406.83 0.0370207866122
406.84 0.0379732999505
406.85 0.0389220821299
406.86 0.0398658697901
406.87 0.0408034060753
406.88 0.0417334451422
406.89 0.0426547566476
406.9 0.0435661301887
406.91 0.0444663796674
406.92 0.0453543475477
406.93 0.0462289089796
406.94 0.0470889757602
406.95 0.0479335001045
406.96 0.0487614782004
406.97 0.0495719535218
406.98 0.0503640198759
406.99 0.0511368241639
407.0 0.0518895688334
407.01 0.0526215140059
407.02 0.0533319792623
407.03 0.0540203450743
407.04 0.0546860538701
407.05 0.0553286107269
407.06 0.0559475836857
407.07 0.0565426036844
407.08 0.0571133641127
407.09 0.0576596199897
407.1 0.0581811867737
407.11 0.0586779388123
407.12 0.0591498074462
407.13 0.0595967787827
407.14 0.0600188911568
407.15 0.0604162323008
407.16 0.0607889362469
407.17 0.0611371799875
407.18 0.0614611799214
407.19 0.0617611881162
407.2 0.0620374884175
407.21 0.0622903924377
407.22 0.0625202354585
407.23 0.0627273722814
407.24 0.0629121730606
407.25 0.0630750191548
407.26 0.0632162990312
407.27 0.0633364042577
407.28 0.0634357256165
407.29 0.063514649371
407.3 0.0635735537197
407.31 0.0636128054638
407.32 0.063632756919
407.33 0.0636337430959
407.34 0.0636160791722
407.35 0.0635800582782
407.36 0.0635259496135
407.37 0.0634539969091
407.38 0.063364417248
407.39 0.0632574002527
407.4 0.0631331076449
407.41 0.0629916731806
407.42 0.0628332029585
407.43 0.0626577760991
407.44 0.0624654457854
407.45 0.0622562406557
407.46 0.0620301665345
407.47 0.0617872084857
407.48 0.0615273331674
407.49 0.0612504914682
407.5 0.0609566214
407.51 0.0606456512204
407.52 0.0603175027584
407.53 0.0599720949118
407.54 0.0596093472864
407.55 0.0592291839436
407.56 0.0588315372255
407.57 0.0584163516213
407.58 0.0579835876441
407.59 0.0575332256827
407.6 0.057065269796
407.61 0.0565797514171
407.62 0.0560767329368
407.63 0.0555563111339
407.64 0.0550186204255
407.65 0.0544638359091
407.66 0.0538921761707
407.67 0.0533039058361
407.68 0.0526993378446
407.69 0.0520788354252
407.7 0.0514428137596
407.71 0.0507917413178
407.72 0.0501261408566
407.73 0.0494465900696
407.74 0.0487537218854
407.75 0.0480482244104
407.76 0.0473308405142
407.77 0.0466023670611
407.78 0.0458636537921
407.79 0.0451156018641
407.8 0.0443591620546
407.81 0.0435953326463
407.82 0.042825157001
407.83 0.0420497208422
407.84 0.0412701492603
407.85 0.0404876034611
407.86 0.0397032772765
407.87 0.0389183934587
407.88 0.0381341997802
407.89 0.0373519649618
407.9 0.0365729744531
407.91 0.0357985260877
407.92 0.0350299256392
407.93 0.0342684822996
407.94 0.0335155041059
407.95 0.032772293338
407.96 0.0320401419101
407.97 0.0313203267795
407.98 0.0306141053941
407.99 0.0299227111996
408.0 0.0292473492262
408.01 0.0285891917752
408.02 0.0279493742224
408.03 0.0273289909553
408.04 0.0267290914613
408.05 0.0261506765796
408.06 0.0255946949324
408.07 0.0250620395456
408.08 0.0245535446713
408.09 0.0240699828223
408.1 0.0236120620259
408.11 0.0231804233062
408.12 0.0227756383998
408.13 0.0223982077127
408.14 0.0220485585199
408.15 0.021727043414
408.16 0.0214339390035
408.17 0.0211694448644
408.18 0.0209336827437
408.19 0.0207266960186
408.2 0.0205484494071
408.21 0.020398828932
408.22 0.0202776421358
408.23 0.0201846185438
408.24 0.020119410373
408.25 0.0200815934848
408.26 0.0200706685754
408.27 0.020086062603
408.28 0.0201271304443
408.29 0.0201931567771
408.3 0.0202833581832
408.31 0.0203968854658
408.32 0.0205328261747
408.33 0.0206902073329
408.34 0.0208679983576
408.35 0.0210651141671
408.36 0.0212804184665
408.37 0.0215127272024
408.38 0.0217608121775
408.39 0.0220234048159
408.4 0.0222992000679
408.41 0.0225868604436
408.42 0.022885020163
408.43 0.0231922894119
408.44 0.023507258689
408.45 0.0238285032315
408.46 0.0241545875052
408.47 0.0244840697449
408.48 0.0248155065285
408.49 0.0251474573712
408.5 0.0254784893217
408.51 0.0258071815455
408.52 0.0261321298779
408.53 0.0264519513284
408.54 0.0267652885218
408.55 0.0270708140561
408.56 0.0273672347603
408.57 0.0276532958364
408.58 0.0279277848651
408.59 0.0281895356616
408.6 0.0284374319623
408.61 0.0286704109274
408.62 0.0288874664436
408.63 0.0290876522119
408.64 0.0292700846061
408.65 0.0294339452892
408.66 0.0295784835752
408.67 0.0297030185251
408.68 0.0298069407671
408.69 0.0298897140324
408.7 0.0299508763992
408.71 0.029990041239
408.72 0.0300068978606
408.73 0.0300012118489
408.74 0.0299728250973
408.75 0.0299216555338
408.76 0.0298476965422
408.77 0.0297510160829
408.78 0.0296317555178
408.79 0.0294901281449
408.8 0.0293264174534
408.81 0.0291409751061
408.82 0.0289342186626
408.83 0.0287066290548
408.84 0.0284587478284
408.85 0.0281911741665
408.86 0.0279045617111
408.87 0.0275996151992
408.88 0.0272770869329
408.89 0.0269377731018
408.9 0.0265825099772
408.91 0.026212169999
408.92 0.025827657776
408.93 0.0254299060192
408.94 0.0250198714311
408.95 0.0245985305705
408.96 0.0241668757146
408.97 0.0237259107385
408.98 0.0232766470331
408.99 0.0228200994805
409.0 0.0223572825055
409.01 0.0218892062237
409.02 0.0214168727008
409.03 0.0209412723418
409.04 0.0204633804249
409.05 0.0199841537934
409.06 0.0195045277212
409.07 0.0190254129611
409.08 0.0185476929881
409.09 0.0180722214462
409.1 0.0175998198074
409.11 0.0171312752481
409.12 0.0166673387488
409.13 0.0162087234205
409.14 0.0157561030597
409.15 0.0153101109336
409.16 0.014871338794
409.17 0.0144403361189
409.18 0.0140176095783
409.19 0.01360362272
409.2 0.0131987958701
409.21 0.0128035062415
409.22 0.012418088243
409.23 0.012042833981
409.24 0.0116779939432
409.25 0.0113237778563
409.26 0.0109803557047
409.27 0.0106478589014
409.28 0.0103263815967
409.29 0.0100159821148
409.3 0.00971668450397
409.31 0.00942848018958
409.32 0.00915132971463
409.33 0.00888516455702
409.34 0.00862988900959
409.35 0.00838538211026
409.36 0.00815149960982
409.37 0.00792807596491
409.38 0.00771492634411
409.39 0.00751184863539
409.4 0.00731862544386
409.41 0.0071350260688
409.42 0.00696080844985
409.43 0.00679572107265
409.44 0.00663950482484
409.45 0.00649189479393
409.46 0.00635262199928
409.47 0.00622141505108
409.48 0.00609800172981
409.49 0.00598211048062
409.5 0.00587347181739
409.51 0.00577181963232
409.52 0.00567689240735
409.53 0.00558843432455
409.54 0.00550619627316
409.55 0.00542993675179
409.56 0.00535942266482
409.57 0.00529443001277
409.58 0.00523474447685
409.59 0.00518016189877
409.6 0.00513048865706
409.61 0.00508554194212
409.62 0.00504514993226
409.63 0.00500915187385
409.64 0.00497739806877
409.65 0.00494974977318
409.66 0.00492607901148
409.67 0.00490626831011
409.68 0.00489021035582
409.69 0.00487780758352
409.7 0.0048689716989
409.71 0.00486362314121
409.72 0.00486169049193
409.73 0.00486310983481
409.74 0.00486782407339
409.75 0.00487578221162
409.76 0.00488693860358
409.77 0.00490125217829
409.78 0.00491868564537
409.79 0.00493920468754
409.8 0.00496277714553
409.81 0.00498937220135
409.82 0.00501895956519
409.83 0.00505150867152
409.84 0.00508698788967
409.85 0.00512536375375
409.86 0.00516660021699
409.87 0.00521065793501
409.88 0.00525749358238
409.89 0.0053070592068
409.9 0.00535930162451
409.91 0.00541416186077
409.92 0.00547157463861
409.93 0.00553146791876
409.94 0.00559376249366
409.95 0.00565837163773
409.96 0.005725200816
409.97 0.00579414745282
409.98 0.00586510076198
409.99 0.00593794163922
410.0 0.00601254261785
410.01 0.00608876788773
410.02 0.00616647337762
410.03 0.0062455069004
410.04 0.00632570836051
410.05 0.00640691002253
410.06 0.00648893683933
410.07 0.00657160683811
410.08 0.0066547315623
410.09 0.00673811656675
410.1 0.00682156196357
410.11 0.00690486301566
410.12 0.00698781077448
410.13 0.0070701927587
410.14 0.00715179366977
410.15 0.00723239614043
410.16 0.00731178151204
410.17 0.00738973063608
410.18 0.0074660246955
410.19 0.00754044604111
410.2 0.00761277903807
410.21 0.00768281091788
410.22 0.00775033263067
410.23 0.00781513969292
410.24 0.00787703302572
410.25 0.00793581977851
410.26 0.0079913141336
410.27 0.00804333808662
410.28 0.00809172219837
410.29 0.00813630631348
410.3 0.0081769402418
410.31 0.00821348439832
410.32 0.00824581039786
410.33 0.0082738016011
410.34 0.00829735360857
410.35 0.00831637469981
410.36 0.00833078621509
410.37 0.00834052287753
410.38 0.00834553305371
410.39 0.00834577895145
410.4 0.00834123675371
410.41 0.00833189668793
410.42 0.00831776303069
410.43 0.0082988540479
410.44 0.00827520187121
410.45 0.00824685231159
410.46 0.0082138646117
410.47 0.00817631113889
410.48 0.00813427702102
410.49 0.00808785972784
410.5 0.00803716860092
410.51 0.00798232433533
410.52 0.00792345841691
410.53 0.00786071251887
410.54 0.00779423786193
410.55 0.0077241945425
410.56 0.00765075083327
410.57 0.00757408246112
410.58 0.00749437186714
410.59 0.00741180745362
410.6 0.00732658282312
410.61 0.00723889601448
410.62 0.00714894874078
410.63 0.00705694563418
410.64 0.00696309350235
410.65 0.00686760060116
410.66 0.00677067592818
410.67 0.00667252854112
410.68 0.00657336690544
410.69 0.00647339827477
410.7 0.00637282810756
410.71 0.00627185952343
410.72 0.00617069280167
410.73 0.0060695249247
410.74 0.00596854916835
410.75 0.00586795474091
410.76 0.00576792647213
410.77 0.00566864455312
410.78 0.00557028432782
410.79 0.00547301613598
410.8 0.00537700520759
410.81 0.0052824116079
410.82 0.00518939023215
410.83 0.0050980908485
410.84 0.00500865818747
410.85 0.00492123207563
410.86 0.00483594761133
410.87 0.00475293537951
410.88 0.0046723217027
410.89 0.004594228925
410.9 0.00451877572534
410.91 0.00444607745663
410.92 0.00437624650667
410.93 0.00430939267702
410.94 0.00424562357567
410.95 0.00418504501928
410.96 0.00412776144081
410.97 0.00407387629838
410.98 0.00402349248094
410.99 0.00397671270671
411.0 0.00393363991022
411.01 0.00389437761388
411.02 0.00385903028028
411.03 0.00382770364129
411.04 0.00380050500057
411.05 0.00377754350587
411.06 0.00375893038808
411.07 0.00374477916407
411.08 0.00373520580041
411.09 0.00373032883572
411.1 0.00373026945937
411.11 0.0037351515445
411.12 0.0037451016339
411.13 0.00376024887737
411.14 0.00378072491936
411.15 0.00380666373646
411.16 0.00383820142396
411.17 0.00387547593169
411.18 0.00391862674898
411.19 0.00396779453957
411.2 0.00402312072689
411.21 0.00408474703104
411.22 0.00415281495864
411.23 0.00422746524727
411.24 0.0043088372663
411.25 0.00439706837627
411.26 0.00449229324926
411.27 0.00459464315278
411.28 0.00470424520003
411.29 0.00482122156967
411.3 0.00494568869826
411.31 0.00507775644881
411.32 0.00521752725909
411.33 0.0053650952735
411.34 0.00552054546229
411.35 0.00568395273236
411.36 0.00585538103364
411.37 0.00603488246541
411.38 0.00622249638699
411.39 0.00641824853707
411.4 0.00662215016636
411.41 0.00683419718797
411.42 0.00705436935022
411.43 0.00728262943639
411.44 0.00751892249603
411.45 0.00776317511243
411.46 0.00801529471076
411.47 0.0082751689114
411.48 0.00854266493283
411.49 0.00881762904855
411.5 0.00909988610202
411.51 0.009389239084
411.52 0.00968546877606
411.53 0.00998833346406
411.54 0.0102975687253
411.55 0.0106128872929
411.56 0.0109339789997
411.57 0.0112605108063
411.58 0.0115921269141
411.59 0.0119284489664
411.6 0.0122690763408
411.61 0.0126135865318
411.62 0.0129615356284
411.63 0.0133124588847
411.64 0.013665871386
411.65 0.0140212688098
411.66 0.0143781282816
411.67 0.0147359093253
411.68 0.0150940549054
411.69 0.0154519925625
411.7 0.0158091356365
411.71 0.0161648845771
411.72 0.0165186283392
411.73 0.0168697458565
411.74 0.0172176075931
411.75 0.0175615771662
411.76 0.0179010130354
411.77 0.0182352702533
411.78 0.0185637022722
411.79 0.0188856627991
411.8 0.0192005076936
411.81 0.0195075969008
411.82 0.0198062964117
411.83 0.020095980244
411.84 0.0203760324344
411.85 0.0206458490343
411.86 0.0209048401
411.87 0.0211524316695
411.88 0.0213880677156
411.89 0.021611212068
411.9 0.0218213502932
411.91 0.0220179915259
411.92 0.0222006702404
411.93 0.0223689479545
411.94 0.0225224148578
411.95 0.0226606913545
411.96 0.0227834295138
411.97 0.0228903144199
411.98 0.0229810654141
411.99 0.0230554372222
412.0 0.0231132209614
412.01 0.0231542450192
412.02 0.0231783758017
412.03 0.0231855183445
412.04 0.0231756167828
412.05 0.0231486546789
412.06 0.0231046552022
412.07 0.0230436811627
412.08 0.0229658348943
412.09 0.0228712579906
412.1 0.0227601308915
412.11 0.0226326723229
412.12 0.0224891385927
412.13 0.0223298227448
412.14 0.022155053575
412.15 0.0219651945142
412.16 0.0217606423841
412.17 0.0215418260302
412.18 0.0213092048397
412.19 0.021063267152
412.2 0.0208045285684
412.21 0.0205335301697
412.22 0.0202508366513
412.23 0.0199570343839
412.24 0.0196527294099
412.25 0.0193385453851
412.26 0.0190151214765
412.27 0.0186831102246
412.28 0.018343175383
412.29 0.0179959897428
412.3 0.0176422329549
412.31 0.017282589358
412.32 0.0169177458237
412.33 0.016548389628
412.34 0.0161752063584
412.35 0.0157988778662
412.36 0.015420080273
412.37 0.0150394820377
412.38 0.0146577420951
412.39 0.0142755080702
412.4 0.0138934145763
412.41 0.0135120816034
412.42 0.0131321130009
412.43 0.0127540950608
412.44 0.0123785952044
412.45 0.0120061607768
412.46 0.0116373179514
412.47 0.0112725707462
412.48 0.0109124001544
412.49 0.0105572633887
412.5 0.0102075932402
412.51 0.00986379755046
412.52 0.00952625879704
412.53 0.00919533378867
412.54 0.0088713534694
412.55 0.00855462282788
412.56 0.00824542090877
412.57 0.00794400092225
412.58 0.00765059044754
412.59 0.00736539172562
412.6 0.00708858203633
412.61 0.0068203141546
412.62 0.00656071688022
412.63 0.00630989563556
412.64 0.00606793312544
412.65 0.00583489005306
412.66 0.00561080588622
412.67 0.00539569966754
412.68 0.00518957086288
412.69 0.00499240024189
412.7 0.00480415078484
412.71 0.00462476861001
412.72 0.00445418391604
412.73 0.00429231193379
412.74 0.00413905388258
412.75 0.00399429792577
412.76 0.00385792012108
412.77 0.00372978536105
412.78 0.00360974829965
412.79 0.00349765426107
412.8 0.00339334012718
412.81 0.00329663520049
412.82 0.00320736203958
412.83 0.00312533726453
412.84 0.00305037232999
412.85 0.00298227426403
412.86 0.00292084637108
412.87 0.00286588889766
412.88 0.00281719965987
412.89 0.00277457463196
412.9 0.00273780849546
412.91 0.00270669514875
412.92 0.00268102817715
412.93 0.00266060128379
412.94 0.00264520868192
412.95 0.00263464544932
412.96 0.00262870784584
412.97 0.00262719359519
412.98 0.00262990213225
412.99 0.00263663481747
413.0 0.00264719511984
413.01 0.00266138877015
413.02 0.00267902388648
413.03 0.00269991107359
413.04 0.00272386349846
413.05 0.00275069694369
413.06 0.00278022984113
413.07 0.00281228328763
413.08 0.00284668104505
413.09 0.00288324952671
413.1 0.00292181777236
413.11 0.00296221741358
413.12 0.00300428263197
413.13 0.00304785011175
413.14 0.00309275898897
413.15 0.00313885079909
413.16 0.00318596942469
413.17 0.00323396104512
413.18 0.00328267408952
413.19 0.00333195919495
413.2 0.00338166917078
413.21 0.00343165897081
413.22 0.00348178567422
413.23 0.0035319084763
413.24 0.00358188869002
413.25 0.00363158975904
413.26 0.00368087728295
413.27 0.00372961905508
413.28 0.00377768511333
413.29 0.0038249478041
413.3 0.00387128185959
413.31 0.00391656448808
413.32 0.00396067547724
413.33 0.0040034973099
413.34 0.0040449152919
413.35 0.00408481769131
413.36 0.00412309588823
413.37 0.00415964453439
413.38 0.0041943617214
413.39 0.00422714915663
413.4 0.00425791234551
413.41 0.00428656077887
413.42 0.00431300812397
413.43 0.00433717241787
413.44 0.0043589762614
413.45 0.00437834701238
413.46 0.00439521697641
413.47 0.00440952359357
413.48 0.0044212096195
413.49 0.00443022329909
413.5 0.00443651853136
413.51 0.00444005502379
413.52 0.00444079843459
413.53 0.00443872050153
413.54 0.00443379915581
413.55 0.00442601861963
413.56 0.00441536948632
413.57 0.0044018487818
413.58 0.00438546000633
413.59 0.00436621315574
413.6 0.00434412472127
413.61 0.00431921766744
413.62 0.00429152138734
413.63 0.00426107163522
413.64 0.00422791043593
413.65 0.00419208597132
413.66 0.00415365244367
413.67 0.00411266991644
413.68 0.00406920413277
413.69 0.00402332631221
413.7 0.00397511292658
413.71 0.00392464545569
413.72 0.00387201012401
413.73 0.00381729761931
413.74 0.0037606027947
413.75 0.00370202435534
413.76 0.00364166453119
413.77 0.00357962873766
413.78 0.00351602522542
413.79 0.00345096472142
413.8 0.00338456006269
413.81 0.0033169258247
413.82 0.00324817794629
413.83 0.00317843335282
413.84 0.0031078095795
413.85 0.00303642439668
413.86 0.00296439543894
413.87 0.00289183983972
413.88 0.00281887387319
413.89 0.00274561260508
413.9 0.00267216955402
413.91 0.00259865636478
413.92 0.00252518249505
413.93 0.00245185491681
413.94 0.00237877783368
413.95 0.00230605241519
413.96 0.00223377654905
413.97 0.00216204461212
413.98 0.00209094726096
413.99 0.00202057124237
414.0 0.00195099922447
414.01 0.00188230964859
414.02 0.00181457660216
414.03 0.00174786971275
414.04 0.00168225406299
414.05 0.00161779012639
414.06 0.00155453372364
414.07 0.00149253599903
414.08 0.0014318434164
414.09 0.0013724977741
414.1 0.00131453623819
414.11 0.00125799139306
414.12 0.00120289130871
414.13 0.00114925962363
414.14 0.00109711564243
414.15 0.00104647444707
414.16 0.000997347020624
414.17 0.000949740382568
414.18 0.000903657734359
414.19 0.000859098614203
414.2 0.000816059059859
414.21 0.000774531778343
414.22 0.000734506321373
414.23 0.000695969265465
414.24 0.000658904395555
414.25 0.000623292891108
414.26 0.000589113513673
414.27 0.000556342794897
414.28 0.000524955224059
414.29 0.000494923434231
414.3 0.000466218386227
414.31 0.000438809549557
414.32 0.000412665079667
414.33 0.000387751990785
414.34 0.000364036323794
414.35 0.000341483308567
414.36 0.000320057520298
414.37 0.000299723029416
414.38 0.000280443544707
414.39 0.000262182549372
414.4 0.000244903429758
414.41 0.000228569596601
414.42 0.00021314459864
414.43 0.00019859222853
414.44 0.000184876621028
414.45 0.00017196234347
414.46 0.000159814478593
414.47 0.000148398699822
414.48 0.000137681339134
414.49 0.000127629447697
414.5 0.000118210849458
414.51 0.00010939418793
414.52 0.000101148966413
414.53 9.34455819256e-05
414.54 8.62553531312e-05
414.55 7.95505425591e-05
414.56 7.3304373432e-05
414.57 6.74910414185e-05
414.58 6.20857216321e-05
414.59 5.70645712054e-05
414.6 5.24047277645e-05
414.61 4.80843041286e-05
414.62 4.40823795556e-05
414.63 4.03789878492e-05
414.64 3.69551026344e-05
414.65 3.3792620102e-05
414.66 3.08743395102e-05
414.67 2.81839417224e-05
414.68 2.5705966047e-05
414.69 2.34257856335e-05
414.7 2.13295816646e-05
414.71 1.94043165725e-05
414.72 1.76377064901e-05
414.73 1.60181931382e-05
414.74 1.45349153309e-05
414.75 1.31776802715e-05
414.76 1.19369347931e-05
414.77 1.08037366887e-05
414.78 9.76972625791e-06
414.79 8.82709818758e-06
414.8 7.9685738689e-06
414.81 7.18737424318e-06
414.82 6.47719325538e-06
414.83 5.83217198463e-06
414.84 5.24687350984e-06
414.85 4.71625855945e-06
414.86 4.23566198449e-06
414.87 3.80077008627e-06
414.88 3.40759882181e-06
414.89 3.05247290292e-06
414.9 2.73200579852e-06
414.91 2.44308064325e-06
414.92 2.18283205069e-06
414.93 1.94862882402e-06
414.94 1.73805755313e-06
414.95 1.54890708312e-06
414.96 1.37915383601e-06
414.97 1.22694796454e-06
414.98 1.09060031461e-06
414.99 9.68570170909e-07
415.0 8.59453758764e-07
415.01 7.61973473743e-07
415.02 6.74967809918e-07
415.03 5.97381956803e-07
415.04 5.28259034716e-07
415.05 4.66731938119e-07
415.06 4.12015756583e-07
415.07 3.63400743235e-07
415.08 3.20245800998e-07
415.09 2.81972457448e-07
415.1 2.48059299828e-07
415.11 2.180368425e-07
415.12 1.9148280001e-07
415.13 1.68017739855e-07
415.14 1.47301090029e-07
415.15 1.29027477463e-07
415.16 1.12923374519e-07
415.17 9.87440317643e-08
415.18 8.62706763536e-08
415.19 7.5307956401e-08
415.2 6.56816128082e-08
415.21 5.72363610649e-08
415.22 4.98339665707e-08
415.23 4.33514980368e-08
415.24 3.76797445018e-08
415.25 3.27217824424e-08
415.26 2.83916803691e-08
415.27 2.46133291678e-08
415.28 2.13193872831e-08
415.29 1.84503306324e-08
415.3 1.59535978914e-08
415.31 1.37828225079e-08
415.32 1.18971434712e-08
415.33 1.0260587499e-08
415.34 8.8415158994e-09
415.35 7.61212992094e-09
415.36 6.54802892578e-09
415.37 5.62781620561e-09
415.38 4.83274771105e-09
415.39 4.14641938449e-09
415.4 3.55448917373e-09
415.41 3.04443016255e-09
415.42 2.60531158466e-09
415.43 2.22760479185e-09
415.44 1.90301152686e-09
415.45 1.62431210764e-09
415.46 1.38523136462e-09
415.47 1.18032038689e-09
415.48 1.00485232889e-09
415.49 8.54730707364e-10
415.5 7.2640878016e-10
415.51 6.1681874558e-10
415.52 5.23309633949e-10
415.53 4.43592883715e-10
415.54 3.7569470306e-10
415.55 3.17914416175e-10
415.56 2.68788081662e-10
415.57 2.27056749953e-10
415.58 1.91638797931e-10
415.59 1.61605842829e-10
415.6 1.36161794685e-10
415.61 1.14624657748e-10
415.62 9.6410736843e-11
415.63 8.10209453733e-11
415.64 6.80289478039e-11
415.65 5.70709016394e-11
415.66 4.78365924404e-11
415.67 4.00617807181e-11
415.68 3.35216019323e-11
415.69 2.80248806049e-11
415.7 2.34092370291e-11
415.71 1.95368804507e-11
415.72 1.62909961562e-11
415.73 1.35726458224e-11
415.74 1.12981109462e-11
415.75 9.39661836008e-12
415.76 7.80839487062e-12
415.77 6.4830051e-12
415.78 5.37793274944e-12
415.79 4.45737086988e-12
415.8 3.69119139749e-12
415.81 3.05406828e-12
415.82 2.52473205687e-12
415.83 2.08533682722e-12
415.84 1.7209232033e-12
415.85 1.41896315406e-12
415.86 1.16897464016e-12
415.87 9.62195666211e-13
415.88 7.913088655e-13
415.89 6.50209015694e-13
415.9 5.33806989692e-13
415.91 4.37864596275e-13
415.92 3.5885558208e-13
415.93 2.93848767218e-13
415.94 2.40409887575e-13
415.95 1.96519231119e-13
415.96 1.60502595271e-13
415.97 1.30973468082e-13
415.98 1.06784656418e-13
415.99 8.69878574889e-14
416.0 7.07999025847e-14
416.01 5.75745995395e-14
416.02 4.67792684066e-14
416.03 3.79752072566e-14
416.04 3.08014457541e-14
416.05 2.49612463642e-14
416.06 2.02108994594e-14
416.07 1.63504315879e-14
416.08 1.32159077532e-14
416.09 1.06730604553e-14
416.1 8.6120219419e-15
416.11 6.94297286515e-15
416.12 5.59255140689e-15
416.13 4.5008928394e-15
416.14 3.61919120066e-15
416.15 2.90769294372e-15
416.16 2.33404762573e-15
416.17 1.87195340802e-15
416.18 1.50004574223e-15
416.19 1.20098645905e-15
416.2 9.60717839173e-16
416.21 7.6785237227e-16
416.22 6.13174000892e-16
416.23 4.89230873156e-16
416.24 3.90003133308e-16
416.25 3.10632183414e-16
416.26 2.47200252756e-16
416.27 1.96551098417e-16
416.28 1.56144301447e-16
416.29 1.23936976695e-16
416.3 9.82878300539e-17
416.31 7.78794153532e-17
416.32 6.16551984836e-17
416.33 4.87686569645e-17
416.34 3.85421524765e-17
416.35 3.04337314769e-17
416.36 2.40103510315e-17
416.37 1.89263068262e-17
416.38 1.49058690421e-17
416.39 1.17293185278e-17
416.4 9.22172803025e-18
416.41 7.24395736632e-18
416.42 5.68543245588e-18
416.43 4.45836029442e-18
416.44 3.49309868888e-18
416.45 2.73445374309e-18
416.46 2.13872199036e-18
416.47 1.67132963363e-18
416.48 1.30495012591e-18
416.49 1.01800457957e-18
416.5 7.93468269967e-19
416.51 6.17921645201e-19
416.52 4.80796458843e-19
416.53 3.73777467343e-19
416.54 2.9032803526e-19
416.55 2.25314339206e-19
416.56 1.74707956119e-19
416.57 1.35350706337e-19
416.58 1.04768893917e-19
416.59 8.10267047762e-20
416.6 6.26106162462e-20
416.61 4.83383430348e-20
416.62 3.72871781157e-20
416.63 2.87376498755e-20
416.64 2.2129263105e-20
416.65 1.70257645696e-20
416.66 1.30879088155e-20
416.67 1.00521245285e-20
416.68 7.71381856308e-21
416.69 5.91432160091e-21
416.7 4.53069062337e-21
416.71 3.46775040128e-21
416.72 2.65188815216e-21
416.73 2.02621964654e-21
416.74 1.54682714601e-21
416.75 1.17983422382e-21
416.76 8.99133405646e-22
416.77 6.84622571745e-22
416.78 5.20837478643e-22
416.79 3.95892408323e-22
416.8 3.00660274012e-22
416.81 2.28138641428e-22
416.82 1.72959960555e-22
416.83 1.31013553537e-22
416.84 9.91541269787e-23
416.85 7.49772109809e-23
416.86 5.66463176196e-23
416.87 4.2760029687e-23
416.88 3.22498889822e-23
416.89 2.43020191441e-23
416.9 1.82970215679e-23
416.91 1.37639265351e-23
416.92 1.03449451956e-23
416.93 7.76851382481e-24
416.94 5.82869848278e-24
416.95 4.36947373592e-24
416.96 3.27273296349e-24
416.97 2.44915290984e-24
416.98 1.83123938709e-24
416.99 1.36803821526e-24
417.0 1.02111633623e-24
417.01 7.61510864488e-25
417.02 5.67415069942e-25
417.03 4.22424899129e-25
417.04 3.14211467495e-25
417.05 2.33516961072e-25
417.06 1.73395852299e-25
417.07 1.28642020569e-25
417.08 9.53566252962e-26
417.09 7.0622447245e-26
417.1 5.22586902997e-26
417.11 3.86365328001e-26
417.12 2.8540503892e-26
417.13 2.10643949896e-26
417.14 1.55331739203e-26
417.15 1.14444593281e-26
417.16 8.42469551641e-27
417.17 6.19636516976e-27
417.18 4.5534822688e-27
417.19 3.3432907689e-27
417.2 2.45261003464e-27
417.21 1.79765647373e-27
417.22 1.31646329398e-27
417.23 9.63240320571e-28
417.24 7.0418115555e-28
417.25 5.14349105408e-28
417.26 3.75366423229e-28
417.27 2.73701197311e-28
417.28 1.99398465973e-28
417.29 1.45141219408e-28
417.3 1.05556154431e-28
417.31 7.67008520581e-29
417.32 5.56853113314e-29
417.33 4.03928920924e-29
417.34 2.92747421761e-29
417.35 2.11984955101e-29
417.36 1.53370145559e-29
417.37 1.10866528382e-29
417.38 8.0072593334e-30
417.39 5.7781813231e-30
417.4 4.16602874955e-30
417.41 3.00107730524e-30
417.42 2.16001081112e-30
417.43 1.55331125165e-30
417.44 1.11605313386e-30
417.45 8.01189175608e-31
417.46 5.74657517762e-31
417.47 4.11819520325e-31
417.48 2.94868635101e-31
417.49 2.10947335811e-31
417.5 1.50779855605e-31
417.51 1.07680338801e-31
417.52 7.68339772101e-32
417.53 5.47764679961e-32
417.54 3.90174196811e-32
417.55 2.776814525e-32
417.56 1.97450849421e-32
417.57 1.40279737977e-32
417.58 9.95760031428e-33
417.59 7.06217114543e-33
417.6 5.00432594345e-33
417.61 3.54304559015e-33
417.62 2.5062921475e-33
417.63 1.77137473421e-33
417.64 1.25087236257e-33
417.65 8.82550054552e-34
417.66 6.22141958531e-34
417.67 4.38190980401e-34
417.68 3.08362225127e-34
417.69 2.16811693629e-34
417.7 1.52309862588e-34
417.71 1.06904784663e-34
417.72 7.49704385506e-35
417.73 5.25299213118e-35
417.74 3.67745391512e-35
417.75 2.57224017266e-35
417.76 1.79762700001e-35
417.77 1.25519567923e-35
417.78 8.75683315703e-36
417.79 6.10388721795e-36
417.8 4.25098635268e-36
417.81 2.95799002418e-36
417.82 2.05649416981e-36
417.83 1.42850591425e-36
417.84 9.91426184202e-37
417.85 6.87483861525e-37
417.86 4.76308586787e-37
417.87 3.29714535704e-37
417.88 2.28040274637e-37
417.89 1.57582793517e-37
417.9 1.0880022968e-37
417.91 7.50541318648e-38
417.92 5.17300830517e-38
417.93 3.56234125706e-38
417.94 2.45104700648e-38
417.95 1.68496752052e-38
417.96 1.15732464276e-38
417.97 7.94223329674e-39
417.98 5.445701738e-39
417.99 3.73068717235e-39
418.0 2.55356893933e-39
418.01 1.74634526243e-39
418.02 1.19326362786e-39
418.03 8.14641376155e-40
418.04 5.556742781e-40
418.05 3.78702254927e-40
418.06 2.57869070676e-40
418.07 1.75438289969e-40
418.08 1.19254089714e-40
418.09 8.09927123242e-41
418.1 5.49594488779e-41
418.11 3.72616909175e-41
418.12 2.52409974289e-41
418.13 1.70833968221e-41
418.14 1.15522268322e-41
418.15 7.80514451322e-42
418.16 5.26889993192e-42
418.17 3.55371596337e-42
418.18 2.39479992628e-42
418.19 1.61242498398e-42
418.2 1.08470979195e-42
418.21 7.29073580971e-43
418.22 4.89612976898e-43
418.23 3.28517293688e-43
418.24 2.20235492626e-43
418.25 1.47516344033e-43
418.26 9.87226324004e-44
418.27 6.601111515e-44
418.28 4.41002617509e-44
418.29 2.94366930741e-44
418.3 1.96318228496e-44
418.31 1.30814530615e-44
418.32 8.7091365808e-45
418.33 5.79319261807e-45
418.34 3.85021151349e-45
418.35 2.55667167662e-45
418.36 1.69624696588e-45
418.37 1.12441584948e-45
418.38 7.44712398553e-46
418.39 4.92803700703e-46
418.4 3.25824011711e-46
418.41 2.1523652036e-46
418.42 1.42060254153e-46
418.43 9.36813112842e-47
418.44 6.17244293046e-47
418.45 4.06335674682e-47
418.46 2.67261604367e-47
418.47 1.75635352292e-47
418.48 1.15321703242e-47
418.49 7.56543503764e-48
418.5 4.95884474102e-48
418.51 3.24751272303e-48
418.52 2.12493160919e-48
418.53 1.3891936758e-48
418.54 9.074117172e-49
418.55 5.92201785688e-49
418.56 3.86152442568e-49
418.57 2.51577387897e-49
418.58 1.63760126139e-49
418.59 1.06504625042e-49
418.6 6.92073968243e-50
418.61 4.49324709747e-50
418.62 2.91468638908e-50
418.63 1.88906588482e-50
418.64 1.22328068505e-50
418.65 7.91459821914e-51
418.66 5.11629253466e-51
418.67 3.30449884047e-51
418.68 2.13245354787e-51
418.69 1.37491957465e-51
418.7 8.85724688025e-52
418.71 5.70090684159e-52
418.72 3.66617234769e-52
418.73 2.35562171505e-52
418.74 1.51224431061e-52
418.75 9.69978498659e-53
418.76 6.21621451934e-53
418.77 3.98027993109e-53
418.78 2.54639033697e-53
418.79 1.62764644965e-53
418.8 1.03948663437e-53
418.81 6.63286992198e-54
418.82 4.22870887628e-54
418.83 2.69362931728e-54
418.84 1.7143188827e-54
418.85 1.09010698573e-54
418.86 6.92580679058e-55
418.87 4.39638134004e-55
418.88 2.78832937837e-55
418.89 1.76691853978e-55
418.9 1.11869762224e-55
418.91 7.07673016401e-56
418.92 4.47276716666e-56
418.93 2.82451366168e-56
418.94 1.78211120732e-56
418.95 1.12343941357e-56
418.96 7.07600683411e-57
418.97 4.45297814683e-57
418.98 2.79986193563e-57
418.99 1.75892127106e-57
419.0 1.10402756676e-57
419.01 6.92368284556e-58
419.02 4.33828566369e-58
419.03 2.71595679384e-58
419.04 1.69883538772e-58
419.05 1.06170404538e-58
419.06 6.62947864452e-59
419.07 4.13598552616e-59
419.08 2.57811552959e-59
419.09 1.60564477223e-59
419.1 9.99126077364e-60
419.11 6.21176258668e-60
419.12 3.85862996487e-60
419.13 2.39483251413e-60
419.14 1.48504935768e-60
419.15 9.20090104023e-61
419.16 5.69565348921e-61
419.17 3.52273917302e-61
419.18 2.17691336709e-61
419.19 1.34408127786e-61
419.2 8.29151031609e-62
419.21 5.110524646e-62
419.22 3.14717618668e-62
419.23 1.93642354006e-62
419.24 1.19042867046e-62
419.25 7.31189808845e-63
419.26 4.48725353656e-63
419.27 2.75140685088e-63
419.28 1.68559310816e-63
419.29 1.03174983039e-63
419.3 6.30986099437e-64
419.31 3.85557276594e-64
419.32 2.35386603434e-64
419.33 1.43581440612e-64
419.34 8.75061540291e-65
419.35 5.32847107442e-65
419.36 3.24183087444e-65
419.37 1.97061516689e-65
419.38 1.19684252939e-65
419.39 7.26266363758e-66
419.4 4.40330302108e-66
419.41 2.66738030772e-66
419.42 1.61441443753e-66
419.43 9.76267539715e-67
419.44 5.89856528874e-67
419.45 3.56080061629e-67
419.46 2.14769519904e-67
419.47 1.29425949662e-67
419.48 7.79280480761e-68
419.49 4.68802544362e-68
419.5 2.81779792932e-68
419.51 1.69220687372e-68
419.52 1.0153617232e-68
419.53 6.08711972093e-69
419.54 3.6460836045e-69
419.55 2.18205214693e-69
419.56 1.30475013549e-69
419.57 7.79494937489e-70
419.58 4.65289197867e-70
419.59 2.7749576779e-70
419.6 1.65353533621e-70
419.61 9.84451486509e-71
419.62 5.85597050016e-71
419.63 3.48038400188e-71
419.64 2.06670823155e-71
419.65 1.22618188792e-71
419.66 7.26865985987e-72
419.67 4.30504323786e-72
419.68 2.54755993805e-72
419.69 1.50624294374e-72
419.7 8.89793771913e-73
419.71 5.25179081389e-73
419.72 3.09705699803e-73
419.73 1.82479758846e-73
419.74 1.07424643138e-73
419.75 6.31854178697e-74
419.76 3.71324431907e-74
419.77 2.18028822565e-74
419.78 1.27908090154e-74
419.79 7.49731641257e-75
419.8 4.39073661561e-75
419.81 2.5691688799e-75
419.82 1.5020059044e-75
419.83 8.77352963348e-76
419.84 5.12036328596e-76
419.85 2.9857326873e-76
419.86 1.739501432e-76
419.87 1.01256375692e-76
419.88 5.88902890852e-77
419.89 3.42206861968e-77
419.9 1.98681514174e-77
419.91 1.1525238681e-77
419.92 6.67984084045e-78
419.93 3.86817417228e-78
419.94 2.23804928649e-78
419.95 1.29376974611e-78
419.96 7.47253667861e-79
419.97 4.31223915678e-79
419.98 2.48634471986e-79
419.99 1.43233156546e-79
420.0 8.24421868914e-80
420.01 4.74110051742e-80
420.02 2.7241595588e-80
420.03 1.56390237259e-80
420.04 8.97037201701e-81
420.05 5.14085067101e-81
420.06 2.94363014616e-81
420.07 1.68405089902e-81
420.08 9.62611184916e-82
420.09 5.4975642292e-82
420.1 3.13699219941e-82
420.11 1.788464334e-82
420.12 1.01875756559e-82
420.13 5.79809234888e-83
420.14 3.29703173718e-83
420.15 1.87320300186e-83
420.16 1.06333541961e-83
420.17 6.03086259358e-84
420.18 3.41752975711e-84
420.19 1.93494619714e-84
420.2 1.09458426354e-84
420.21 6.18661691082e-85
420.22 3.4936626438e-85
420.23 1.97120787523e-85
420.24 1.11123932605e-85
420.25 6.25902226853e-86
420.26 3.52232243024e-86
420.27 1.9805026935e-86
420.28 1.1126164679e-86
420.29 6.24509784661e-87
420.3 3.50232728764e-87
420.31 1.96244695087e-87
420.32 1.09865880477e-87
420.33 6.14541862701e-88
420.34 3.43450237729e-88
420.35 1.91778486602e-88
420.36 1.06994060545e-88
420.37 5.96407600389e-89
420.38 3.32162335598e-89
420.39 1.84833768648e-89
420.4 1.02762809285e-89
420.41 5.70839917448e-90
420.42 3.16822792541e-90
420.43 1.75688047807e-90
420.44 9.73400876849e-91
420.45 5.38846375052e-91
420.46 2.98031325613e-91
420.47 1.64695821105e-91
420.48 9.09341394832e-92
420.49 5.01643349857e-92
420.5 2.76494739815e-92
420.51 1.52265812354e-92
420.52 8.37802496976e-93
420.53 4.60579509644e-93
420.54 2.52982972912e-93
420.55 1.38835870192e-93
420.56 7.61264885082e-94
420.57 4.17055280506e-94
420.58 2.28283838858e-94
420.59 1.24847665438e-94
420.6 6.82196363899e-95
420.61 3.72444950528e-95
420.62 2.03160136892e-95
420.63 1.10723197424e-95
420.64 6.02923839751e-96
420.65 3.28027315362e-96
420.66 1.78312290429e-96
420.67 9.6844790309e-97
420.68 5.2552691483e-97
420.69 2.84929475741e-97
420.7 1.54348889865e-97
420.71 8.35397857122e-98
420.72 4.51759109934e-98
420.73 2.44086745401e-98
420.74 1.31766554399e-98
420.75 7.10705862537e-99
420.76 3.82999601007e-99
420.77 2.06219847075e-99
420.78 1.10939528215e-99
420.79 5.96301475638e-100
420.8 3.2023527461e-100
420.81 1.71828883628e-100
420.82 9.2118505486e-101
420.83 4.93425185989e-101
420.84 2.64070239074e-101
420.85 1.41202153032e-101
420.86 7.54374316699e-102
420.87 4.02676406503e-102
420.88 2.14757920238e-102
420.89 1.14436853901e-102
420.9 6.0926516064e-103
420.91 3.24093629694e-103
420.92 1.72249654543e-103
420.93 9.14681592606e-104
420.94 4.85294348516e-104
420.95 2.57255247977e-104
420.96 1.36253280436e-104
420.97 7.21030118076e-105
420.98 3.81226919242e-105
420.99 2.01389780119e-105
421.0 1.06295532184e-105
421.01 5.60552518546e-106
421.02 2.95352955022e-106
421.03 1.55485554622e-106
421.04 8.17828966142e-107
421.05 4.29792313677e-107
421.06 2.25672434933e-107
421.07 1.18391929832e-107
421.08 6.20568031543e-108
421.09 3.2499779401e-108
421.1 1.70057245954e-108
421.11 8.89065144597e-109
421.12 4.64403775116e-109
421.13 2.42371534805e-109
421.14 1.26383738805e-109
421.15 6.58452573196e-110
421.16 3.42753196586e-110
421.17 1.78263423468e-110
421.18 9.26332040367e-111
421.19 4.80944367925e-111
421.2 2.49486307313e-111
421.21 1.29307078896e-111
421.22 6.69609491532e-112
421.23 3.46453230563e-112
421.24 1.79098250625e-112
421.25 9.25042713202e-113
421.26 4.77370902023e-113
421.27 2.46135249379e-113
421.28 1.2679887462e-113
421.29 6.52650534647e-114
421.3 3.35636907745e-114
421.31 1.72457639886e-114
421.32 8.85357926049e-115
421.33 4.54128789435e-115
421.34 2.32735645308e-115
421.35 1.19170973535e-115
421.36 6.0967976941e-116
421.37 3.11642583136e-116
421.38 1.59160582711e-116
421.39 8.12153199279e-117
421.4 4.14060795628e-117
421.41 2.10918162449e-117
421.42 1.07346418601e-117
421.43 5.45864503762e-118
421.44 2.77335754119e-118
421.45 1.4078311963e-118
421.46 7.14034211322e-119
421.47 3.61835497186e-119
421.48 1.83200659939e-119
421.49 9.26758570682e-120
421.5 4.6841403809e-120
421.51 2.36546707213e-120
421.52 1.19351429625e-120
421.53 6.01675126186e-121
421.54 3.03054127732e-121
421.55 1.52511314156e-121
421.56 7.66845081936e-122
421.57 3.85244922632e-122
421.58 1.93370368228e-122
421.59 9.69765296237e-123
421.6 4.85922564276e-123
421.61 2.4327148596e-123
421.62 1.21685565031e-123
421.63 6.081498889e-124
421.64 3.03672814095e-124
421.65 1.51504282801e-124
421.66 7.55209804028e-125
421.67 3.76126594833e-125
421.68 1.87164801807e-125
421.69 9.30546390142e-126
421.7 4.62248586933e-126
421.71 2.29422954997e-126
421.72 1.13768454847e-126
421.73 5.63677323526e-127
421.74 2.79037762714e-127
421.75 1.38012719007e-127
421.76 6.82022899016e-128
421.77 3.36746053095e-128
421.78 1.66123007649e-128
421.79 8.18805535471e-129
421.8 4.03232443959e-129
421.81 1.98405578762e-129
421.82 9.75384846807e-130
421.83 4.79095225081e-130
421.84 2.3512098584e-130
421.85 1.15288147003e-130
421.86 5.64809037446e-131
421.87 2.76466381786e-131
421.88 1.35209352721e-131
421.89 6.60685616353e-132
421.9 3.22557157699e-132
421.91 1.57341116786e-132
421.92 7.66834222694e-133
421.93 3.7340872211e-133
421.94 1.8167331579e-133
421.95 8.83123701713e-134
421.96 4.28919362658e-134
421.97 2.08139006146e-134
421.98 1.00914834952e-134
421.99 4.88855229329e-135
422.0 2.36607893703e-135
422.01 1.14419990372e-135
422.02 5.52838522391e-136
422.03 2.66881457895e-136
422.04 1.28724797837e-136
422.05 6.20339947104e-137
422.06 2.98690212674e-137
422.07 1.43693111399e-137
422.08 6.90676402841e-138
422.09 3.31693530852e-138
422.1 1.59156029975e-138
422.11 7.63014702944e-139
422.12 3.65482367129e-139
422.13 1.74913634718e-139
422.14 8.3638187577e-140
422.15 3.99585090176e-140
422.16 1.90738186776e-140
422.17 9.09682285639e-141
422.18 4.33476480707e-141
422.19 2.06378785756e-141
422.2 9.81721449991e-142
422.21 4.66589778416e-142
422.22 2.21567406323e-142
422.23 1.05123603692e-142
422.24 4.98331476622e-143
422.25 2.36026144594e-143
422.26 1.11692913087e-143
422.27 5.28098381738e-144
422.28 2.49475423403e-144
422.29 1.17750948225e-144
422.3 5.55296288653e-145
422.31 2.61642832228e-145
422.32 1.23173313736e-145
422.33 5.7935948606e-146
422.34 2.72272219742e-146
422.35 1.27844560594e-146
422.36 5.99770209491e-147
422.37 2.81132619602e-147
422.38 1.31662258667e-147
422.39 6.16077113912e-148
422.4 2.88026577294e-148
422.41 1.34540725194e-148
422.42 6.27911848159e-149
422.43 2.92797459709e-149
422.44 1.36414219975e-149
422.45 6.3500288223e-150
422.46 2.95335369888e-150
422.47 1.37239440967e-150
422.48 6.37185862881e-151
422.49 2.95581355114e-151
422.5 1.36997188024e-151
422.51 6.34409946057e-152
422.52 2.93529683345e-152
422.53 1.35693105508e-152
422.54 6.2673976548e-153
422.55 2.89228065261e-153
422.56 1.33357463675e-153
422.57 6.14352930946e-154
422.58 2.82775809894e-154
422.59 1.30043990646e-154
422.6 5.97533191549e-155
422.61 2.74320013407e-155
422.62 1.25827817918e-155
422.63 5.76659631318e-156
422.64 2.64049985266e-156
422.65 1.20802649091e-156
422.66 5.52192471698e-157
422.67 2.52190206686e-157
422.68 1.15077300772e-157
422.69 5.2465622307e-158
422.7 2.38992186862e-158
422.71 1.08771793813e-158
422.72 4.9462104557e-159
422.73 2.24725628846e-159
422.74 1.02013190483e-159
422.75 4.62683241245e-160
422.76 2.09669336554e-160
422.77 9.49313780996e-161
422.78 4.29445803088e-161
422.79 1.94102287203e-161
422.8 8.76549922852e-162
422.81 3.95499894141e-162
422.82 1.78295261052e-162
422.83 8.03076544174e-163
422.84 3.61408028173e-163
422.85 1.62503366508e-163
422.86 7.3004670001e-164
422.87 3.27689582212e-164
422.88 1.46959728151e-164
422.89 6.58503000178e-165
422.9 2.94809102606e-165
422.91 1.31870524144e-165
422.92 5.89356786355e-166
422.93 2.63167683615e-166
422.94 1.17411473854e-166
422.95 5.233741088e-167
422.96 2.33097514011e-167
422.97 1.03725792566e-167
422.98 4.61168457096e-168
422.99 2.04859515148e-168
423.0 9.09235531474e-169
423.01 4.03199857613e-169
423.02 1.78643843502e-169
423.03 7.90823289361e-170
423.04 3.49779667002e-170
423.05 1.54572909644e-170
423.06 6.82489409925e-171
423.07 3.01080178229e-171
423.08 1.32706478455e-171
423.09 5.84420979413e-172
423.1 2.57148019296e-172
423.11 1.13048364046e-172
423.12 4.96556982335e-173
423.13 2.17920264313e-173
423.14 9.55542160045e-174
423.15 4.18625619162e-174
423.16 1.83242186345e-174
423.17 8.01399080162e-175
423.18 3.50183699941e-175
423.19 1.5288565111e-175
423.2 6.66900802454e-176
423.21 2.90656115781e-176
423.22 1.26567267394e-176
423.23 5.50664468497e-177
423.24 2.39373692004e-177
423.25 1.03965559359e-177
423.26 4.51155528366e-178
423.27 1.95608077697e-178
423.28 8.47365932209e-179
423.29 3.66757434816e-179
423.3 1.58602696306e-179
423.31 6.85276625703e-180
423.32 2.95831886945e-180
423.33 1.27599144132e-180
423.34 5.49888011949e-181
423.35 2.36768790076e-181
423.36 1.01858756644e-181
423.37 4.37820405615e-182
423.38 1.88025754493e-182
423.39 8.06793505867e-183
423.4 3.45884547474e-183
423.41 1.48157499345e-183
423.42 6.34073832808e-184
423.43 2.71131349258e-184
423.44 1.15835946676e-184
423.45 4.94459450613e-185
423.46 2.10883074352e-185
423.47 8.98620825807e-186
423.48 3.82591173855e-186
423.49 1.62748549712e-186
423.5 6.91708352789e-187
423.51 2.93732922026e-187
423.52 1.24625221678e-187
423.53 5.28302875675e-188
423.54 2.23760651644e-188
423.55 9.46908847103e-189
423.56 4.00365220005e-189
423.57 1.69132950203e-189
423.58 7.13877704347e-190
423.59 3.01053114877e-190
423.6 1.26848736093e-190
423.61 5.34014286925e-191
423.62 2.24617361148e-191
423.63 9.43968447137e-192
423.64 3.96365045143e-192
423.65 1.66286476161e-192
423.66 6.97015161744e-193
423.67 2.91911518969e-193
423.68 1.22147322921e-193
423.69 5.10670047705e-194
423.7 2.13314575619e-194
423.71 8.90275433681e-195
423.72 3.71237603398e-195
423.73 1.54668987906e-195
423.74 6.43840422429e-196
423.75 2.6777926688e-196
423.76 1.11275452603e-196
423.77 4.62003752711e-197
423.78 1.91652879893e-197
423.79 7.94344528837e-198
423.8 3.28947189553e-198
423.81 1.36102832768e-198
423.82 5.62641628323e-199
423.83 2.32391516882e-199
423.84 9.59030441491e-200
423.85 3.95428736776e-200
423.86 1.62902509487e-200
423.87 6.7051891629e-201
423.88 2.75751578292e-201
423.89 1.1330490001e-201
423.9 4.6516077935e-202
423.91 1.9080124302e-202
423.92 7.81957271403e-203
423.93 3.20190585201e-203
423.94 1.30995931025e-203
423.95 5.35464602342e-204
423.96 2.18689252246e-204
423.97 8.92375884395e-205
423.98 3.6382448538e-205
423.99 1.48203934929e-205
424.0 6.03186007223e-206
424.01 2.45282460613e-206
424.02 9.96564569863e-207
424.03 4.04546179625e-207
424.04 1.64079558234e-207
424.05 6.64912602536e-208
424.06 2.69214447968e-208
424.07 1.08907020104e-208
424.08 4.4018688532e-209
424.09 1.77763272214e-209
424.1 7.17250212133e-210
424.11 2.89149900551e-210
424.12 1.16465989749e-210
424.13 4.68704268651e-211
424.14 1.88461398028e-211
424.15 7.57128545923e-212
424.16 3.03906889411e-212
424.17 1.21880768174e-212
424.18 4.88375121967e-213
424.19 1.95521983878e-213
424.2 7.8209835107e-214
424.21 3.12572565902e-214
424.22 1.24814217424e-214
424.23 4.97967467351e-215
424.24 1.98500495953e-215
424.25 7.90580201465e-216
424.26 3.14596570935e-216
424.27 1.25079387991e-216
424.28 4.96868223774e-217
424.29 1.97206130375e-217
424.3 7.82029817089e-218
424.31 3.09848876222e-218
424.32 1.22659234847e-218
424.33 4.85148049448e-219
424.34 1.91722039641e-219
424.35 7.5699585961e-220
424.36 2.98633607253e-220
424.37 1.17708430481e-220
424.38 4.63553826166e-221
424.39 1.82396493047e-221
424.4 7.17061673217e-222
424.41 2.81656805354e-222
424.42 1.10537006859e-222
424.43 4.33429896843e-223
424.44 1.69806277337e-223
424.45 6.64679569866e-224
424.46 2.59952879098e-224
424.47 1.01578231179e-224
424.48 3.9657960218e-225
424.49 1.54697684083e-225
424.5 6.02921767961e-226
424.51 2.34780394696e-226
424.52 9.13453418347e-227
424.53 3.55086936336e-227
424.54 1.37913473554e-227
424.55 5.35183125558e-228
424.56 2.07501785828e-228
424.57 8.03831421222e-229
424.58 3.11122794318e-229
424.59 1.20315725876e-229
424.6 4.64875515445e-230
424.61 1.79462892328e-230
424.62 6.92207603195e-231
424.63 2.66760658169e-231
424.64 1.027142993e-231
424.65 3.95151602848e-232
424.66 1.51886893794e-232
424.67 5.83311536364e-233
424.68 2.23822912876e-233
424.69 8.58088800432e-234
424.7 3.28687839327e-234
424.71 1.25793659606e-234
424.72 4.81013848234e-235
424.73 1.83772329372e-235
424.74 7.01497896603e-236
424.75 2.67544691719e-236
424.76 1.01950654157e-236
424.77 3.88156986343e-237
424.78 1.47655119854e-237
424.79 5.61194396724e-238
424.8 2.13109030997e-238
424.81 8.08563430175e-239
424.82 3.06513811367e-239
424.83 1.16093983755e-239
424.84 4.39332258057e-240
424.85 1.66111684945e-240
424.86 6.27524934341e-241
424.87 2.36856606589e-241
424.88 8.93230885585e-242
424.89 3.3656245931e-242
424.9 1.26704291874e-242
424.91 4.76585354344e-243
424.92 1.79107499515e-243
424.93 6.72528296655e-244
424.94 2.52308025973e-244
424.95 9.45747674315e-245
424.96 3.54195639902e-245
424.97 1.32536302999e-245
424.98 4.95507469891e-246
424.99 1.85092692201e-246
425.0 6.90799558401e-247
425.01 2.57595660601e-247
425.02 9.59729284379e-248
425.03 3.57258576316e-248
425.04 1.32874086644e-248
425.05 4.93766514008e-249
425.06 1.83327108207e-249
425.07 6.80072877227e-250
425.08 2.52062322636e-250
425.09 9.33435095288e-251
425.1 3.45369538039e-251
425.11 1.27675523265e-251
425.12 4.71579563066e-252
425.13 1.74030760308e-252
425.14 6.41683351848e-253
425.15 2.36395518318e-253
425.16 8.70124541966e-254
425.17 3.19998033976e-254
425.18 1.17580936401e-254
425.19 4.31668374097e-255
425.2 1.58338767841e-255
425.21 5.80293896982e-256
425.22 2.12487045333e-256
425.23 7.77392998184e-257
425.24 2.84166255351e-257
425.25 1.03783448309e-257
425.26 3.78710547737e-258
425.27 1.38073526859e-258
425.28 5.02964285828e-259
425.29 1.83057526697e-259
425.3 6.65674230694e-260
425.31 2.4185752948e-260
425.32 8.77973064187e-261
425.33 3.18439170893e-261
425.34 1.15397257962e-261
425.35 4.17819020627e-262
425.36 1.51148776708e-262
425.37 5.46317080784e-263
425.38 1.97291617793e-263
425.39 7.1186264106e-264
425.4 2.56630034021e-264
425.41 9.24362831103e-265
425.42 3.32660456457e-265
425.43 1.1961443595e-265
425.44 4.29724115905e-266
425.45 1.54248009856e-266
425.46 5.53188476231e-267
425.47 1.98221332912e-267
425.48 7.09661708307e-268
425.49 2.53849355461e-268
425.5 9.07244763653e-269
425.51 3.2396387723e-269
425.52 1.15582589004e-269
425.53 4.12013988315e-270
425.54 1.46742264366e-270
425.55 5.22182344931e-271
425.56 1.85657656639e-271
425.57 6.59518917654e-272
425.58 2.34080568081e-272
425.59 8.30093820152e-273
425.6 2.94111977416e-273
425.61 1.0411707385e-273
425.62 3.68260305814e-274
425.63 1.30140232251e-274
425.64 4.59506816169e-275
425.65 1.6210486579e-275
425.66 5.71378449878e-276
425.67 2.01221959825e-276
425.68 7.08028280864e-277
425.69 2.48914128561e-277
425.7 8.74323605352e-278
425.71 3.06844661589e-278
425.72 1.0759414842e-278
425.73 3.76948869992e-279
425.74 1.31947130956e-279
425.75 4.61467552528e-280
425.76 1.61252367747e-280
425.77 5.62982303325e-281
425.78 1.96384451142e-281
425.79 6.84452269e-282
425.8 2.38343300117e-282
425.81 8.2925183576e-283
425.82 2.88266149731e-283
425.83 1.00120858703e-283
425.84 3.47439504185e-284
425.85 1.20464072161e-284
425.86 4.17310772548e-285
425.87 1.44439296404e-285
425.88 4.99499255352e-286
425.89 1.72586983656e-286
425.9 5.95806098861e-287
425.91 2.0550650006e-287
425.92 7.08222783523e-288
425.93 2.43858522066e-288
425.94 8.3893766583e-289
425.95 2.88366736114e-289
425.96 9.90340050817e-290
425.97 3.39818670523e-290
425.98 1.16502123805e-290
425.99 3.99065479135e-291
426.0 1.36577195995e-291
426.01 4.67020490648e-292
426.02 1.59557562039e-292
426.03 5.44656336445e-293
426.04 1.8575967461e-293
426.05 6.33000474124e-294
426.06 2.15516408695e-294
426.07 7.33128934427e-295
426.08 2.49174784515e-295
426.09 8.46158136835e-296
426.1 2.8709305803e-296
426.11 9.73234644042e-297
426.12 3.29637142903e-297
426.13 1.11552275853e-297
426.14 3.77176339462e-298
426.15 1.27418990537e-298
426.16 4.30078360445e-299
426.17 1.45038979448e-299
426.18 4.88703659998e-300
426.19 1.64524341183e-300
426.2 5.53399091392e-301
426.21 1.85981795273e-301
426.22 6.24490939864e-302
426.23 2.09510387878e-302
426.24 7.02277399495e-303
426.25 2.35199035363e-303
426.26 7.87020586617e-304
426.27 2.63123938761e-304
426.28 8.78938206155e-305
426.29 2.93345909719e-305
426.3 9.7819501093e-306
426.31 3.2590765579e-306
426.32 1.08489421636e-306
426.33 3.60831079793e-307
426.34 1.19906905342e-307
426.35 3.98114653925e-308
426.36 1.32067466008e-308
426.37 4.37730934279e-309
426.38 1.44958052511e-309
426.39 4.79624284989e-310
426.4 1.58556370684e-310
426.41 5.23708883147e-311
426.42 1.72830305285e-311
426.43 5.69867075755e-312
426.44 1.87737464352e-312
426.45 6.17948157954e-313
426.46 2.03224867297e-313
426.47 6.67767637669e-314
426.48 2.19228796394e-314
426.49 7.19107045113e-315
426.5 2.35674828815e-315
426.51 7.71714338391e-316
426.52 2.52478063682e-316
426.53 8.25304942363e-317
426.54 2.69543590096e-317
426.55 8.79563330403e-318
426.56 2.86767064356e-318
426.57 9.34144738561e-319
426.58 3.04033176481e-319
426.59 9.88674763893e-320
426.6 3.21241482926e-320
426.61 1.04297257837e-320
426.62 3.38434967401e-321
426.63 1.09682573377e-321
426.64 3.55727265006e-322
426.65 1.13635098543e-322
426.66 3.95252516673e-323
426.67 9.88131291682e-324
426.68 4.94065645841e-324
426.69 0.0
426.7 0.0
426.71 0.0
426.72 0.0
426.73 0.0
426.74 0.0
426.75 0.0
426.76 0.0
426.77 0.0
426.78 0.0
426.79 0.0
426.8 0.0
426.81 0.0
426.82 0.0
426.83 0.0
426.84 0.0
426.85 0.0
426.86 0.0
426.87 0.0
426.88 0.0
426.89 0.0
426.9 0.0
426.91 0.0
426.92 0.0
426.93 0.0
426.94 0.0
426.95 0.0
426.96 0.0
426.97 0.0
426.98 0.0
426.99 0.0
427.0 0.0
427.01 0.0
427.02 0.0
427.03 0.0
427.04 0.0
427.05 0.0
427.06 0.0
427.07 0.0
427.08 0.0
427.09 0.0
427.1 0.0
427.11 0.0
427.12 0.0
427.13 0.0
427.14 0.0
427.15 0.0
427.16 0.0
427.17 0.0
427.18 0.0
427.19 0.0
427.2 0.0
427.21 0.0
427.22 0.0
427.23 0.0
427.24 0.0
427.25 0.0
427.26 0.0
427.27 0.0
427.28 0.0
427.29 0.0
427.3 0.0
427.31 0.0
427.32 0.0
427.33 0.0
427.34 0.0
427.35 0.0
427.36 0.0
427.37 0.0
427.38 0.0
427.39 0.0
427.4 0.0
427.41 0.0
427.42 0.0
427.43 0.0
427.44 0.0
427.45 0.0
427.46 0.0
427.47 0.0
427.48 0.0
427.49 0.0
427.5 0.0
427.51 0.0
427.52 0.0
427.53 0.0
427.54 0.0
427.55 0.0
427.56 0.0
427.57 0.0
427.58 0.0
427.59 0.0
427.6 0.0
427.61 0.0
427.62 0.0
427.63 0.0
427.64 0.0
427.65 0.0
427.66 0.0
427.67 0.0
427.68 0.0
427.69 0.0
427.7 0.0
427.71 0.0
427.72 0.0
427.73 0.0
427.74 0.0
427.75 0.0
427.76 0.0
427.77 0.0
427.78 0.0
427.79 0.0
427.8 0.0
427.81 0.0
427.82 0.0
427.83 0.0
427.84 0.0
427.85 0.0
427.86 0.0
427.87 0.0
427.88 0.0
427.89 0.0
427.9 0.0
427.91 0.0
427.92 0.0
427.93 0.0
427.94 0.0
427.95 0.0
427.96 0.0
427.97 0.0
427.98 0.0
427.99 0.0
428.0 0.0
428.01 0.0
428.02 0.0
428.03 0.0
428.04 0.0
428.05 0.0
428.06 0.0
428.07 0.0
428.08 0.0
428.09 0.0
428.1 0.0
428.11 0.0
428.12 0.0
428.13 0.0
428.14 0.0
428.15 0.0
428.16 0.0
428.17 0.0
428.18 0.0
428.19 0.0
428.2 0.0
428.21 0.0
428.22 0.0
428.23 0.0
428.24 0.0
428.25 0.0
428.26 0.0
428.27 0.0
428.28 0.0
428.29 0.0
428.3 0.0
428.31 0.0
428.32 0.0
428.33 0.0
428.34 0.0
428.35 0.0
428.36 0.0
428.37 0.0
428.38 0.0
428.39 0.0
428.4 0.0
428.41 0.0
428.42 0.0
428.43 0.0
428.44 0.0
428.45 0.0
428.46 0.0
428.47 0.0
428.48 0.0
428.49 0.0
428.5 0.0
428.51 0.0
428.52 0.0
428.53 0.0
428.54 0.0
428.55 0.0
428.56 0.0
428.57 0.0
428.58 0.0
428.59 0.0
428.6 0.0
428.61 0.0
428.62 0.0
428.63 0.0
428.64 0.0
428.65 0.0
428.66 0.0
428.67 0.0
428.68 0.0
428.69 0.0
428.7 0.0
428.71 0.0
428.72 0.0
428.73 0.0
428.74 0.0
428.75 0.0
428.76 0.0
428.77 0.0
428.78 0.0
428.79 0.0
428.8 0.0
428.81 0.0
428.82 0.0
428.83 0.0
428.84 0.0
428.85 0.0
428.86 0.0
428.87 0.0
428.88 0.0
428.89 0.0
428.9 0.0
428.91 0.0
428.92 0.0
428.93 0.0
428.94 0.0
428.95 0.0
428.96 0.0
428.97 0.0
428.98 0.0
428.99 0.0
429.0 0.0
429.01 0.0
429.02 0.0
429.03 0.0
429.04 0.0
429.05 0.0
429.06 0.0
429.07 0.0
429.08 0.0
429.09 0.0
429.1 0.0
429.11 0.0
429.12 0.0
429.13 0.0
429.14 0.0
429.15 0.0
429.16 0.0
429.17 0.0
429.18 0.0
429.19 0.0
429.2 0.0
429.21 0.0
429.22 0.0
429.23 0.0
429.24 0.0
429.25 0.0
429.26 0.0
429.27 0.0
429.28 0.0
429.29 0.0
429.3 0.0
429.31 0.0
429.32 0.0
429.33 0.0
429.34 0.0
429.35 0.0
429.36 0.0
429.37 0.0
429.38 0.0
429.39 0.0
429.4 0.0
429.41 0.0
429.42 0.0
429.43 0.0
429.44 0.0
429.45 0.0
429.46 0.0
429.47 0.0
429.48 0.0
429.49 0.0
429.5 0.0
429.51 0.0
429.52 0.0
429.53 0.0
429.54 0.0
429.55 0.0
429.56 0.0
429.57 0.0
429.58 0.0
429.59 0.0
429.6 0.0
429.61 0.0
429.62 0.0
429.63 0.0
429.64 0.0
429.65 0.0
429.66 0.0
429.67 0.0
429.68 0.0
429.69 0.0
429.7 0.0
429.71 0.0
429.72 0.0
429.73 0.0
429.74 0.0
429.75 0.0
429.76 0.0
429.77 0.0
429.78 0.0
429.79 0.0
429.8 0.0
429.81 0.0
429.82 0.0
429.83 0.0
429.84 0.0
429.85 0.0
429.86 0.0
429.87 0.0
429.88 0.0
429.89 0.0
429.9 0.0
429.91 0.0
429.92 0.0
429.93 0.0
429.94 0.0
429.95 0.0
429.96 0.0
429.97 0.0
429.98 0.0
429.99 0.0
