400.0 2.14334990822e-75
400.01 3.66689854353e-75
400.02 6.26799185977e-75
400.03 1.07048766181e-74
400.04 1.82666379446e-74
400.05 3.11429169924e-74
400.06 5.30497898727e-74
400.07 9.02883591247e-74
400.08 1.53533646651e-73
400.09 2.60854950107e-73
400.1 4.42810909843e-73
400.11 7.51036864351e-73
400.12 1.2727054667e-72
400.13 2.15485611673e-72
400.14 3.64529228787e-72
400.15 6.16126869795e-72
400.16 1.04047501042e-71
400.17 1.75556482817e-71
400.18 2.95955081597e-71
400.19 4.98492287756e-71
400.2 8.38908893636e-71
400.21 1.41057072408e-70
400.22 2.36972879557e-70
400.23 3.97764608094e-70
400.24 6.67079113898e-70
400.25 1.11776951428e-69
400.26 1.87133219997e-69
400.27 3.13020825898e-69
400.28 5.23141638072e-69
400.29 8.73552589338e-69
400.3 1.4574126518e-68
400.31 2.42940391919e-68
400.32 4.04613745718e-68
400.33 6.73294784287e-68
400.34 1.11942133582e-67
400.35 1.85954041906e-67
400.36 3.08632301641e-67
400.37 5.11800664137e-67
400.38 8.47976906712e-67
400.39 1.40375371171e-66
400.4 2.32178244199e-66
400.41 3.8368590038e-66
400.42 6.33510576904e-66
400.43 1.04509462143e-65
400.44 1.72258661253e-65
400.45 2.8368099087e-65
400.46 4.66770193163e-65
400.47 7.67360973043e-65
400.48 1.26043371892e-64
400.49 2.06854050957e-64
400.5 3.391811907e-64
400.51 5.55678000194e-64
400.52 9.09574671126e-64
400.53 1.48756936407e-63
400.54 2.43074726477e-63
400.55 3.96849738359e-63
400.56 6.4734545534e-63
400.57 1.05504217555e-62
400.58 1.71801618582e-62
400.59 2.79517107637e-62
400.6 4.54373766087e-62
400.61 7.37975283326e-62
400.62 1.19755121734e-61
400.63 1.94164616438e-61
400.64 3.14535590672e-61
400.65 5.0908841239e-61
400.66 8.23266307508e-61
400.67 1.33018236167e-60
400.68 2.14736435556e-60
400.69 3.46357030515e-60
400.7 5.58169353544e-60
400.71 8.98735052538e-60
400.72 1.4458428298e-59
400.73 2.3239897233e-59
400.74 3.73225263613e-59
400.75 5.98868646176e-59
400.76 9.6009858881e-59
400.77 1.53788478065e-58
400.78 2.46124858386e-58
400.79 3.93559927576e-58
400.8 6.28767343037e-58
400.81 1.00367427953e-57
400.82 1.60073457348e-57
400.83 2.55075982355e-57
400.84 4.06109849918e-57
400.85 6.46012900789e-57
400.86 1.02674493975e-56
400.87 1.63045067121e-56
400.88 2.58688110788e-56
400.89 4.10080375892e-56
400.9 6.49509065651e-56
400.91 1.02783915996e-55
400.92 1.62513264853e-55
400.93 2.56729741228e-55
400.94 4.05216632755e-55
400.95 6.39031190476e-55
400.96 1.00688660072e-54
400.97 1.58512231266e-54
400.98 2.49326654471e-54
400.99 3.91830602905e-54
401.0 6.15250120944e-54
401.01 9.65225474883e-54
401.02 1.51296734972e-53
401.03 2.36948546386e-53
401.04 3.70768008391e-53
401.05 5.79661120469e-53
401.06 9.05461110929e-53
401.07 1.41315287108e-52
401.08 2.2035971427e-52
401.09 3.43319892962e-52
401.1 5.34428301504e-52
401.11 8.31196377311e-52
401.12 1.29164018192e-51
401.13 2.00540994824e-51
401.14 3.11091751028e-51
401.15 4.82167060873e-51
401.16 7.46672735919e-51
401.17 1.15527868773e-50
401.18 1.78594031972e-50
401.19 2.75848632317e-50
401.2 4.25694893415e-50
401.21 6.56371564857e-50
401.22 1.0111714264e-49
401.23 1.55640827731e-49
401.24 2.39356919706e-49
401.25 3.67783426999e-49
401.26 5.64627511965e-49
401.27 8.66075251628e-49
401.28 1.32731173522e-48
401.29 2.03242230348e-48
401.3 3.10941495232e-48
401.31 4.75299246315e-48
401.32 7.25904153107e-48
401.33 1.10768212937e-47
401.34 1.68878642631e-47
401.35 2.57251563332e-47
401.36 3.91529985403e-47
401.37 5.95382062526e-47
401.38 9.04586655574e-47
401.39 1.37318268881e-46
401.4 2.08271658476e-46
401.41 3.15613625014e-46
401.42 4.778647811e-46
401.43 7.22899654227e-46
401.44 1.09263403032e-45
401.45 1.65004253881e-45
401.46 2.48965558267e-45
401.47 3.75324672504e-45
401.48 5.6532562287e-45
401.49 8.50773468698e-45
401.5 1.27924261533e-44
401.51 1.92183284636e-44
401.52 2.88470905197e-44
401.53 4.32625521123e-44
401.54 6.48255135659e-44
401.55 9.70517809188e-44
401.56 1.45172636713e-43
401.57 2.16965026105e-43
401.58 3.23980158539e-43
401.59 4.83360109982e-43
401.6 7.20521446791e-43
401.61 1.07311614919e-42
401.62 1.59687257106e-42
401.63 2.37420111384e-42
401.64 3.52686194529e-42
401.65 5.23459550926e-42
401.66 7.76249813675e-42
401.67 1.15012118233e-41
401.68 1.70258737161e-41
401.69 2.51825048365e-41
401.7 3.72144972914e-41
401.71 5.49476470515e-41
401.72 8.10605891118e-41
401.73 1.19479700118e-40
401.74 1.75955239937e-40
401.75 2.58901160941e-40
401.76 3.80618158389e-40
401.77 5.59073261329e-40
401.78 8.20486902192e-40
401.79 1.20309049553e-39
401.8 1.7625792441e-39
401.81 2.58001790481e-39
401.82 3.77329274586e-39
401.83 5.51368554538e-39
401.84 8.04983909889e-39
401.85 1.17423796584e-38
401.86 1.71138904961e-38
401.87 2.49209785921e-38
401.88 3.62581088078e-38
401.89 5.27070750837e-38
401.9 7.65519745244e-38
401.91 1.11088113176e-37
401.92 1.61065489272e-37
401.93 2.33324914055e-37
401.94 3.37709630294e-37
401.95 4.88370574428e-37
401.96 7.05633587391e-37
401.97 1.0186681156e-36
401.98 1.46929802144e-36
401.99 2.11743841142e-36
402.0 3.048845331e-36
402.01 4.38615233852e-36
402.02 6.30457393675e-36
402.03 9.05422923271e-36
402.04 1.29918483205e-35
402.05 1.86257646036e-35
402.06 2.66797030105e-35
402.07 3.81831351134e-35
402.08 5.45991510708e-35
402.09 7.80052635659e-35
402.1 1.11348825253e-34
402.11 1.58807527043e-34
402.12 2.26297751537e-34
402.13 3.22190779326e-34
402.14 4.58320927663e-34
402.15 6.51403341042e-34
402.16 9.25026102069e-34
402.17 1.31244679344e-33
402.18 1.86051483438e-33
402.19 2.63516783351e-33
402.2 3.72912667821e-33
402.21 5.27265924343e-33
402.22 7.44862286839e-33
402.23 1.05134675732e-32
402.24 1.48265356285e-32
402.25 2.08908977797e-32
402.26 2.94102174163e-32
402.27 4.13678622461e-32
402.28 5.81368684318e-32
402.29 8.16326515253e-32
402.3 1.14524890224e-31
402.31 1.60531246413e-31
402.32 2.24824162221e-31
402.33 3.14593758695e-31
402.34 4.39826034999e-31
402.35 6.14377746883e-31
402.36 8.5745973024e-31
402.37 1.19568202808e-30
402.38 1.66587105639e-30
402.39 2.31894675088e-30
402.4 3.22525370125e-30
402.41 4.48188491788e-30
402.42 6.22273393077e-30
402.43 8.6322791402e-30
402.44 1.19644690806e-29
402.45 1.65685727989e-29
402.46 2.29245321607e-29
402.47 3.16912650051e-29
402.48 4.37726037936e-29
402.49 6.04072269967e-29
402.5 8.32912022703e-29
402.51 1.14744816197e-28
402.52 1.57939489806e-28
402.53 2.17206140835e-28
402.54 2.98453846572e-28
402.55 4.09737746229e-28
402.56 5.62028683243e-28
402.57 7.70255306757e-28
402.58 1.0547138046e-27
402.59 1.44297322949e-27
402.6 1.97244830675e-27
402.61 2.69387040354e-27
402.62 3.67596595152e-27
402.63 5.01175663276e-27
402.64 6.82703579675e-27
402.65 9.29176246082e-27
402.66 1.26353631963e-26
402.67 1.71672635215e-26
402.68 2.33044109456e-26
402.69 3.16081369744e-26
402.7 4.28334819653e-26
402.71 5.79951363344e-26
402.72 7.84555154353e-26
402.73 1.06042290223e-25
402.74 1.43205081903e-25
402.75 1.93224180382e-25
402.76 2.60488305164e-25
402.77 3.50863910035e-25
402.78 4.72185754018e-25
402.79 6.34907962896e-25
402.8 8.52967296481e-25
402.81 1.14492674142e-24
402.82 1.53548907356e-24
402.83 2.05749824859e-24
402.84 2.75458342896e-24
402.85 3.68464879743e-24
402.86 4.92447549528e-24
402.87 6.5757845358e-24
402.88 8.77321718975e-24
402.89 1.16948296391e-23
402.9 1.55758813798e-23
402.91 2.07269344994e-23
402.92 2.75575898024e-23
402.93 3.66075867498e-23
402.94 4.85875143144e-23
402.95 6.44320538858e-23
402.96 8.53695479733e-23
402.97 1.13012817082e-22
402.98 1.49477605481e-22
402.99 1.97536919142e-22
403.0 2.60821946969e-22
403.01 3.44083384495e-22
403.02 4.53531005514e-22
403.03 5.97274504612e-22
403.04 7.85895284946e-22
403.05 1.03318740223e-21
403.06 1.35711682136e-21
403.07 1.78106216285e-21
403.08 2.33541805817e-21
403.09 3.05966517174e-21
403.1 4.0050402443e-21
403.11 5.23797689486e-21
403.12 6.84453557106e-21
403.13 8.93610172246e-21
403.14 1.16567084774e-20
403.15 1.51924382327e-20
403.16 1.97834821667e-20
403.17 2.57395947407e-20
403.18 3.34598805596e-20
403.19 4.34581045465e-20
403.2 5.63950371241e-20
403.21 7.31197513563e-20
403.22 9.47223005696e-20
403.23 1.22600850083e-19
403.24 1.58547149397e-19
403.25 2.04855254059e-19
403.26 2.644596925e-19
403.27 3.41110888555e-19
403.28 4.39597677474e-19
403.29 5.66029294376e-19
403.3 7.28192396512e-19
403.31 9.36002662214e-19
403.32 1.20207548576e-18
403.33 1.54244650093e-18
403.34 1.97748041646e-18
403.35 2.53301630504e-18
403.36 3.24180951012e-18
403.37 4.14534528773e-18
403.38 5.29611787648e-18
403.39 6.76049174493e-18
403.4 8.62229035205e-18
403.41 1.09872931647e-17
403.42 1.39888654898e-17
403.43 1.77949998374e-17
403.44 2.26171144143e-17
403.45 2.87210368491e-17
403.46 3.64407029345e-17
403.47 4.6195225348e-17
403.48 5.85101412685e-17
403.49 7.40438369617e-17
403.5 9.36203795634e-17
403.51 1.18270270945e-16
403.52 1.49280987206e-16
403.53 1.88259593947e-16
403.54 2.37210248968e-16
403.55 2.98630040764e-16
403.56 3.7562738795e-16
403.57 4.72068171211e-16
403.58 5.92755921552e-16
403.59 7.43653789664e-16
403.6 9.32157723208e-16
403.61 1.16743234414e-15
403.62 1.46082352192e-15
403.63 1.82636467022e-15
403.64 2.28139746265e-15
403.65 2.84733209478e-15
403.66 3.55057757037e-15
403.67 4.42367894119e-15
403.68 5.50670620199e-15
403.69 6.84894889406e-15
403.7 8.51098171283e-15
403.71 1.05671799139e-14
403.72 1.31087795036e-14
403.73 1.62475966013e-14
403.74 2.01205435835e-14
403.75 2.48951073831e-14
403.76 3.07759884801e-14
403.77 3.80131386825e-14
403.78 4.69114829465e-14
403.79 5.78426666162e-14
403.8 7.12592362137e-14
403.81 8.77117411998e-14
403.82 1.07869338211e-13
403.83 1.32544590791e-13
403.84 1.62723289676e-13
403.85 1.99600274817e-13
403.86 2.4462242481e-13
403.87 2.99540197062e-13
403.88 3.6646935859e-13
403.89 4.47964849444e-13
403.9 5.47109076001e-13
403.91 6.67617348753e-13
403.92 8.13963668893e-13
403.93 9.91530642047e-13
403.94 1.20678796945e-12
403.95 1.46750475271e-12
403.96 1.78300176619e-12
403.97 2.16445092197e-12
403.98 2.62523040025e-12
403.99 3.18134537075e-12
404.0 3.85192591959e-12
404.01 4.6598157573e-12
404.02 5.63226755835e-12
404.03 6.80176341843e-12
404.04 8.20698196469e-12
404.05 9.89393717925e-12
404.06 1.19173180647e-11
404.07 1.43420629708e-11
404.08 1.72452078054e-11
404.09 2.07180535617e-11
404.1 2.48687057374e-11
404.11 2.98250464024e-11
404.12 3.57382090619e-11
404.13 4.27866371963e-11
404.14 5.11808196338e-11
404.15 6.11688099269e-11
404.16 7.30426528744e-11
404.17 8.71458595243e-11
404.18 1.03882092675e-10
404.19 1.23725248381e-10
404.2 1.47231145625e-10
404.21 1.75051066468e-10
404.22 2.07947423158e-10
404.23 2.46811867217e-10
404.24 2.92686199023e-10
404.25 3.46786485431e-10
404.26 4.10530848072e-10
404.27 4.85571446942e-10
404.28 5.73831253327e-10
404.29 6.77546283972e-10
404.3 7.99314055443e-10
404.31 9.42149114893e-10
404.32 1.10954661186e-09
404.33 1.30555499657e-09
404.34 1.53485906442e-09
404.35 1.80287471558e-09
404.36 2.11585696373e-09
404.37 2.48102291117e-09
404.38 2.90669160941e-09
404.39 3.40244294747e-09
404.4 3.97929795588e-09
404.41 4.64992318418e-09
404.42 5.42886210636e-09
404.43 6.33279683333e-09
404.44 7.38084376698e-09
404.45 8.59488721799e-09
404.46 9.99995543259e-09
404.47 1.16246439329e-08
404.48 1.3501591575e-08
404.49 1.56680152688e-08
404.5 1.81663098901e-08
404.51 2.1044720544e-08
404.52 2.43580950196e-08
404.53 2.81687250043e-08
404.54 3.2547285409e-08
404.55 3.75738819911e-08
404.56 4.3339218352e-08
404.57 4.99458943373e-08
404.58 5.75098488722e-08
404.59 6.61619613277e-08
404.6 7.60498266398e-08
404.61 8.73397205793e-08
404.62 1.00218772813e-07
404.63 1.14897366682e-07
404.64 1.31611785979e-07
404.65 1.50627130383e-07
404.66 1.72240522664e-07
404.67 1.96784632245e-07
404.68 2.24631541204e-07
404.69 2.56196980352e-07
404.7 2.91944964567e-07
404.71 3.32392858108e-07
404.72 3.78116902188e-07
404.73 4.29758238627e-07
404.74 4.88029464846e-07
404.75 5.53721756962e-07
404.76 6.27712599036e-07
404.77 7.10974157846e-07
404.78 8.04582343655e-07
404.79 9.09726598477e-07
404.8 1.02772045415e-06
404.81 1.16001290314e-06
404.82 1.30820062544e-06
404.83 1.47404111498e-06
404.84 1.65946674877e-06
404.85 1.8665998417e-06
404.86 2.0977687285e-06
404.87 2.35552491373e-06
404.88 2.64266132824e-06
404.89 2.96223172862e-06
404.9 3.3175712732e-06
404.91 3.71231830459e-06
404.92 4.15043736496e-06
404.93 4.63624346507e-06
404.94 5.17442762293e-06
404.95 5.77008368149e-06
404.96 6.42873640766e-06
404.97 7.1563708672e-06
404.98 7.95946306096e-06
404.99 8.8450117985e-06
405.0 9.82057177424e-06
405.01 1.08942877998e-05
405.02 1.20749301335e-05
405.03 1.33719308351e-05
405.04 1.47954210576e-05
405.05 1.63562691754e-05
405.06 1.8066119628e-05
405.07 1.99374323458e-05
405.08 2.19835226009e-05
405.09 2.4218601112e-05
405.1 2.66578142102e-05
405.11 2.93172838524e-05
405.12 3.22141472484e-05
405.13 3.53665958487e-05
405.14 3.87939134134e-05
405.15 4.2516512868e-05
405.16 4.65559716238e-05
405.17 5.09350650232e-05
405.18 5.56777975485e-05
405.19 6.08094314112e-05
405.2 6.63565121211e-05
405.21 7.23468906141e-05
405.22 7.88097415031e-05
405.23 8.57755769975e-05
405.24 9.32762560267e-05
405.25 0.000101344988089
405.26 0.00011001633134
405.27 0.000119326184423
405.28 0.000129311771555
405.29 0.000140011620358
405.3 0.000151465531954
405.31 0.000163714542832
405.32 0.000176800878012
405.33 0.000190767895057
405.34 0.000205660018476
405.35 0.000221522664131
405.36 0.000238402153238
405.37 0.000256345615641
405.38 0.000275400882031
405.39 0.000295616364862
405.4 0.000317040927754
405.41 0.000339723743223
405.42 0.000363714138658
405.43 0.000389061430513
405.44 0.00041581474677
405.45 0.00044402283779
405.46 0.000473733875773
405.47 0.000504995243108
405.48 0.000537853310005
405.49 0.000572353201875
405.5 0.000608538557044
405.51 0.000646451275459
405.52 0.000686131259156
405.53 0.00072761614537
405.54 0.000770941033246
405.55 0.000816138205223
405.56 0.000863236844269
405.57 0.000912262748217
405.58 0.000963238042573
405.59 0.00101618089323
405.6 0.00107110522064
405.61 0.00112802041701
405.62 0.0011869310682
405.63 0.00124783668221
405.64 0.00131073142571
405.65 0.00137560387085
405.66 0.00144243675393
405.67 0.00151120674793
405.68 0.00158188425076
405.69 0.0016544331912
405.7 0.00172881085425
405.71 0.0018049677279
405.72 0.00188284737299
405.73 0.00196238631799
405.74 0.00204351398019
405.75 0.00212615261514
405.76 0.00221021729546
405.77 0.00229561592066
405.78 0.00238224925896
405.79 0.00247001102225
405.8 0.00255878797505
405.81 0.00264846007825
405.82 0.00273890066798
405.83 0.00282997667012
405.84 0.00292154885051
405.85 0.00301347210068
405.86 0.00310559575889
405.87 0.00319776396585
405.88 0.00328981605448
405.89 0.00338158697247
405.9 0.00347290773663
405.91 0.00356360591745
405.92 0.0036535061522
405.93 0.0037424306846
405.94 0.00383019992904
405.95 0.00391663305696
405.96 0.00400154860285
405.97 0.00408476508719
405.98 0.0041661016535
405.99 0.0042453787165
406.0 0.00432241861811
406.01 0.00439704628828
406.02 0.00446908990714
406.03 0.00453838156509
406.04 0.0046047579175
406.05 0.0046680608305
406.06 0.00472813801436
406.07 0.00478484364118
406.08 0.00483803894337
406.09 0.00488759278976
406.1 0.00493338223618
406.11 0.00497529304732
406.12 0.00501322018718
406.13 0.00504706827524
406.14 0.00507675200595
406.15 0.00510219652913
406.16 0.0051233377894
406.17 0.00514012282265
406.18 0.00515251000809
406.19 0.00516046927478
406.2 0.00516398226139
406.21 0.00516304242881
406.22 0.00515765512517
406.23 0.00514783760324
406.24 0.00513361899048
406.25 0.0051150402125
406.26 0.00509215387068
406.27 0.00506502407524
406.28 0.00503372623545
406.29 0.00499834680854
406.3 0.00495898300971
406.31 0.00491574248537
406.32 0.00486874295239
406.33 0.00481811180621
406.34 0.00476398570076
406.35 0.00470651010361
406.36 0.00464583882961
406.37 0.00458213355671
406.38 0.00451556332761
406.39 0.0044463040409
406.4 0.00437453793572
406.41 0.00430045307361
406.42 0.00422424282156
406.43 0.00414610534004
406.44 0.00406624307984
406.45 0.00398486229146
406.46 0.00390217255065
406.47 0.00381838630361
406.48 0.0037337184352
406.49 0.00364838586332
406.5 0.00356260716241
406.51 0.00347660221886
406.52 0.00339059192068
406.53 0.00330479788388
406.54 0.00321944221729
406.55 0.00313474732758
406.56 0.00305093576583
406.57 0.00296823011653
406.58 0.00288685292984
406.59 0.0028070266973
406.6 0.00272897387102
406.61 0.00265291692596
406.62 0.00257907846449
406.63 0.00250768136222
406.64 0.00243894895346
406.65 0.00237310525455
406.66 0.00231037522295
406.67 0.00225098504923
406.68 0.00219516247944
406.69 0.00214313716423
406.7 0.0020951410315
406.71 0.0020514086784
406.72 0.00201217777865
406.73 0.00197768950076
406.74 0.00194818893227
406.75 0.00192392550515
406.76 0.00190515341713
406.77 0.00189213204362
406.78 0.00188512633455
406.79 0.00188440719059
406.8 0.00189025181276
406.81 0.00190294401962
406.82 0.00192277452615
406.83 0.00195004117818
406.84 0.00198504913659
406.85 0.00202811100527
406.86 0.00207954689714
406.87 0.00213968443251
406.88 0.00220885866429
406.89 0.00228741192493
406.9 0.00237569358991
406.91 0.00247405975329
406.92 0.00258287281085
406.93 0.00270250094713
406.94 0.00283331752267
406.95 0.00297570035867
406.96 0.00313003091666
406.97 0.00329669337126
406.98 0.00347607357497
406.99 0.0036685579144
407.0 0.00387453205823
407.01 0.00409437959788
407.02 0.00432848058254
407.03 0.00457720995136
407.04 0.004840935866
407.05 0.00512001794817
407.06 0.00541480542704
407.07 0.00572563520295
407.08 0.00605282983427
407.09 0.00639669545549
407.1 0.0067575196354
407.11 0.0071355691851
407.12 0.00753108792657
407.13 0.00794429443329
407.14 0.00837537975534
407.15 0.00882450514193
407.16 0.00929179977545
407.17 0.00977735853134
407.18 0.010281239779
407.19 0.0108034632396
407.2 0.011344007916
407.21 0.0119028101127
407.22 0.0124797615609
407.23 0.0130747076665
407.24 0.0136874458971
407.25 0.0143177243256
407.26 0.0149652403462
407.27 0.0156296395787
407.28 0.0163105149772
407.29 0.0170074061586
407.3 0.017719798964
407.31 0.0184471252665
407.32 0.0191887630392
407.33 0.0199440366922
407.34 0.0207122176899
407.35 0.0214925254563
407.36 0.0222841285756
407.37 0.0230861462921
407.38 0.023897650314
407.39 0.0247176669215
407.4 0.0255451793789
407.41 0.0263791306487
407.42 0.027218426402
407.43 0.0280619383187
407.44 0.0289085076692
407.45 0.0297569491651
407.46 0.0306060550668
407.47 0.0314545995309
407.48 0.0323013431821
407.49 0.0331450378868
407.5 0.0339844317094
407.51 0.0348182740261
407.52 0.0356453207713
407.53 0.0364643397897
407.54 0.0372741162652
407.55 0.0380734581971
407.56 0.0388612018923
407.57 0.0396362174418
407.58 0.0403974141484
407.59 0.0411437458727
407.6 0.0418742162637
407.61 0.0425878838404
407.62 0.0432838668909
407.63 0.043961348156
407.64 0.0446195792648
407.65 0.0452578848914
407.66 0.045875666602
407.67 0.0464724063633
407.68 0.0470476696858
407.69 0.0476011083762
407.7 0.0481324628754
407.71 0.0486415641621
407.72 0.049128335203
407.73 0.0495927919334
407.74 0.0500350437566
407.75 0.0504552935507
407.76 0.0508538371772
407.77 0.051231062486
407.78 0.0515874478191
407.79 0.0519235600118
407.8 0.0522400519013
407.81 0.0525376593495
407.82 0.0528171977937
407.83 0.0530795583402
407.84 0.0533257034202
407.85 0.0535566620294
407.86 0.0537735245762
407.87 0.0539774373652
407.88 0.0541695967464
407.89 0.0543512429619
407.9 0.054523653724
407.91 0.054688137561
407.92 0.0548460269684
407.93 0.0549986714031
407.94 0.0551474301628
407.95 0.0552936651884
407.96 0.0554387338331
407.97 0.0555839816379
407.98 0.0557307351549
407.99 0.05588029486
408.0 0.0560339281932
408.01 0.0561928627683
408.02 0.0563582797874
408.03 0.0565313076973
408.04 0.0567130161233
408.05 0.0569044101115
408.06 0.0571064247119
408.07 0.0573199199278
408.08 0.05754567606
408.09 0.0577843894667
408.1 0.0580366687595
408.11 0.0583030314529
408.12 0.0585839010819
408.13 0.0588796047979
408.14 0.0591903714517
408.15 0.059516330168
408.16 0.0598575094147
408.17 0.060213836564
408.18 0.0605851379436
408.19 0.0609711393694
408.2 0.061371467152
408.21 0.061785649563
408.22 0.0622131187492
408.23 0.0626532130753
408.24 0.063105179879
408.25 0.0635681786151
408.26 0.0640412843687
408.27 0.0645234917121
408.28 0.0650137188809
408.29 0.0655108122427
408.3 0.0660135510314
408.31 0.0665206523198
408.32 0.0670307762014
408.33 0.0675425311544
408.34 0.0680544795575
408.35 0.0685651433315
408.36 0.0690730096763
408.37 0.0695765368782
408.38 0.0700741601586
408.39 0.0705642975399
408.4 0.0710453557019
408.41 0.0715157358054
408.42 0.0719738392605
408.43 0.0724180734166
408.44 0.0728468571547
408.45 0.0732586263626
408.46 0.0736518392745
408.47 0.0740249816595
408.48 0.0743765718436
408.49 0.0747051655507
408.5 0.0750093605519
408.51 0.0752878011104
408.52 0.0755391822133
408.53 0.0757622535812
408.54 0.0759558234487
408.55 0.0761187621092
408.56 0.076250005219
408.57 0.0763485568563
408.58 0.0764134923321
408.59 0.0764439607503
408.6 0.0764391873152
408.61 0.0763984753855
408.62 0.0763212082752
408.63 0.0762068507995
408.64 0.076054950569
408.65 0.0758651390316
408.66 0.0756371322645
408.67 0.0753707315176
408.68 0.0750658235116
408.69 0.0747223804928
408.7 0.0743404600471
408.71 0.0739202046783
408.72 0.0734618411515
408.73 0.0729656796083
408.74 0.0724321124556
408.75 0.0718616130345
408.76 0.071254734072
408.77 0.0706121059224
408.78 0.0699344346037
408.79 0.0692224996333
408.8 0.0684771516716
408.81 0.0676993099791
408.82 0.0668899596943
408.83 0.0660501489402
408.84 0.0651809857686
408.85 0.0642836349493
408.86 0.0633593146156
408.87 0.0624092927745
408.88 0.0614348836927
408.89 0.0604374441698
408.9 0.0594183697092
408.91 0.0583790906004
408.92 0.0573210679239
408.93 0.056245789492
408.94 0.0551547657402
408.95 0.0540495255812
408.96 0.0529316122371
408.97 0.0518025790637
408.98 0.0506639853815
408.99 0.0495173923279
409.0 0.0483643587466
409.01 0.047206437127
409.02 0.04604516961
409.03 0.0448820840739
409.04 0.0437186903143
409.05 0.0425564763323
409.06 0.0413969047441
409.07 0.0402414093249
409.08 0.0390913916987
409.09 0.0379482181863
409.1 0.0368132168216
409.11 0.0356876745463
409.12 0.0345728345915
409.13 0.0334698940545
409.14 0.0323800016781
409.15 0.0313042558373
409.16 0.0302437027388
409.17 0.0291993348378
409.18 0.0281720894725
409.19 0.0271628477198
409.2 0.0261724334722
409.21 0.025201612733
409.22 0.0242510931316
409.23 0.023321523652
409.24 0.0224134945732
409.25 0.0215275376153
409.26 0.0206641262856
409.27 0.0198236764178
409.28 0.0190065468965
409.29 0.0182130405592
409.3 0.0174434052653
409.31 0.0166978351246
409.32 0.0159764718725
409.33 0.0152794063834
409.34 0.0146066803098
409.35 0.0139582878368
409.36 0.0133341775395
409.37 0.0127342543328
409.38 0.0121583815006
409.39 0.0116063827943
409.4 0.0110780445879
409.41 0.0105731180781
409.42 0.0100913215204
409.43 0.00963234248791
409.44 0.0091958401434
409.45 0.00878144751561
409.46 0.00838877376862
409.47 0.00801740645625
409.48 0.0076669137526
409.49 0.00733684665084
409.5 0.00702674112278
409.51 0.00673612023243
409.52 0.0064644961972
409.53 0.00621137239119
409.54 0.00597624528544
409.55 0.00575860632057
409.56 0.00555794370802
409.57 0.00537374415635
409.58 0.0052054945198
409.59 0.00505268336668
409.6 0.00491480246583
409.61 0.00479134818944
409.62 0.00468182283144
409.63 0.00458573584062
409.64 0.00450260496814
409.65 0.00443195732959
409.66 0.00437333038153
409.67 0.00432627281338
409.68 0.004290345355
409.69 0.00426512150114
409.7 0.00425018815358
409.71 0.00424514618217
409.72 0.00424961090618
409.73 0.00426321249698
409.74 0.00428559630374
409.75 0.00431642310346
409.76 0.0043553692767
409.77 0.00440212691074
409.78 0.00445640383143
409.79 0.0045179235654
409.8 0.00458642523412
409.81 0.00466166338134
409.82 0.00474340773546
409.83 0.00483144290857
409.84 0.00492556803354
409.85 0.0050255963411
409.86 0.00513135467855
409.87 0.00524268297188
409.88 0.00535943363338
409.89 0.00548147091662
409.9 0.00560867022113
409.91 0.00574091734894
409.92 0.00587810771557
409.93 0.00602014551812
409.94 0.00616694286323
409.95 0.00631841885807
409.96 0.0064744986675
409.97 0.00663511254103
409.98 0.00680019481314
409.99 0.00696968288103
410.0 0.0071435161639
410.01 0.00732163504815
410.02 0.00750397982321
410.03 0.0076904896127
410.04 0.00788110130602
410.05 0.00807574849558
410.06 0.00827436042503
410.07 0.00847686095387
410.08 0.00868316754434
410.09 0.00889319027592
410.1 0.00910683089345
410.11 0.00932398189456
410.12 0.00954452566206
410.13 0.00976833364702
410.14 0.0099952656082
410.15 0.0102251689131
410.16 0.0104578779058
410.17 0.0106932133472
410.18 0.0109309819315
410.19 0.0111709758838
410.2 0.0114129726435
410.21 0.0116567346358
410.22 0.0119020091358
410.23 0.0121485282279
410.24 0.0123960088617
410.25 0.0126441530072
410.26 0.0128926479108
410.27 0.0131411664512
410.28 0.0133893675974
410.29 0.0136368969657
410.3 0.0138833874772
410.31 0.0141284601117
410.32 0.0143717247574
410.33 0.0146127811517
410.34 0.0148512199106
410.35 0.0150866236423
410.36 0.0153185681399
410.37 0.0155466236472
410.38 0.0157703561936
410.39 0.0159893289896
410.4 0.016203103877
410.41 0.0164112428269
410.42 0.0166133094773
410.43 0.0168088707024
410.44 0.0169974982055
410.45 0.0171787701275
410.46 0.0173522726612
410.47 0.0175176016646
410.48 0.0176743642621
410.49 0.0178221804275
410.5 0.0179606845374
410.51 0.0180895268887
410.52 0.018208375171
410.53 0.0183169158849
410.54 0.0184148557004
410.55 0.0185019227455
410.56 0.0185778678201
410.57 0.0186424655265
410.58 0.0186955153126
410.59 0.0187368424194
410.6 0.0187662987302
410.61 0.0187837635152
410.62 0.0187891440679
410.63 0.0187823762314
410.64 0.0187634248087
410.65 0.018732283859
410.66 0.0186889768748
410.67 0.0186335568418
410.68 0.01856610618
410.69 0.0184867365671
410.7 0.0183955886455
410.71 0.0182928316143
410.72 0.018178662709
410.73 0.0180533065719
410.74 0.017917014517
410.75 0.0177700636925
410.76 0.0176127561469
410.77 0.0174454178026
410.78 0.0172683973429
410.79 0.0170820650181
410.8 0.0168868113768
410.81 0.0166830459293
410.82 0.0164711957489
410.83 0.016251704019
410.84 0.0160250285322
410.85 0.0157916401492
410.86 0.0155520212247
410.87 0.0153066640068
410.88 0.0150560690184
410.89 0.0148007434273
410.9 0.0145411994113
410.91 0.0142779525274
410.92 0.0140115200894
410.93 0.0137424195628
410.94 0.0134711669821
410.95 0.0131982753974
410.96 0.012924253356
410.97 0.0126496034244
410.98 0.0123748207568
410.99 0.0121003917137
411.0 0.0118267925375
411.01 0.0115544880865
411.02 0.0112839306341
411.03 0.0110155587343
411.04 0.0107497961584
411.05 0.0104870509047
411.06 0.0102277142842
411.07 0.00997216008326
411.08 0.00972074380614
411.09 0.00947380199789
411.1 0.00923165164837
411.11 0.00899458967821
411.12 0.0087628925067
411.13 0.00853681570135
411.14 0.00831659370875
411.15 0.00810243966557
411.16 0.00789454528887
411.17 0.00769308084397
411.18 0.00749819518838
411.19 0.00731001588952
411.2 0.00712864941436
411.21 0.00695418138807
411.22 0.00678667691943
411.23 0.00662618098979
411.24 0.00647271890276
411.25 0.00632629679123
411.26 0.00618690217854
411.27 0.00605450459018
411.28 0.00592905621254
411.29 0.00581049259487
411.3 0.00569873339089
411.31 0.00559368313597
411.32 0.00549523205626
411.33 0.0054032569057
411.34 0.00531762182696
411.35 0.00523817923256
411.36 0.00516477070204
411.37 0.00509722789148
411.38 0.00503537345135
411.39 0.00497902194909
411.4 0.00492798079249
411.41 0.00488205115037
411.42 0.00484102886699
411.43 0.00480470536659
411.44 0.00477286854499
411.45 0.00474530364477
411.46 0.00472179411117
411.47 0.00470212242559
411.48 0.00468607091417
411.49 0.00467342252853
411.5 0.0046639615966
411.51 0.00465747454094
411.52 0.00465375056276
411.53 0.00465258228965
411.54 0.00465376638538
411.55 0.00465710412026
411.56 0.00466240190096
411.57 0.00466947175855
411.58 0.00467813179408
411.59 0.00468820658102
411.6 0.00469952752418
411.61 0.00471193317496
411.62 0.00472526950284
411.63 0.00473939012345
411.64 0.00475415648371
411.65 0.00476943800439
411.66 0.00478511218134
411.67 0.00480106464597
411.68 0.00481718918649
411.69 0.00483338773108
411.7 0.00484957029457
411.71 0.00486565489025
411.72 0.00488156740861
411.73 0.00489724146493
411.74 0.00491261821771
411.75 0.00492764616005
411.76 0.00494228088617
411.77 0.00495648483535
411.78 0.00497022701552
411.79 0.00498348270892
411.8 0.00499623316209
411.81 0.00500846526262
411.82 0.00502017120501
411.83 0.00503134814784
411.84 0.00504199786469
411.85 0.00505212639094
411.86 0.00506174366857
411.87 0.00507086319116
411.88 0.0050795016509
411.89 0.00508767858968
411.9 0.00509541605582
411.91 0.00510273826827
411.92 0.00510967128966
411.93 0.0051162427096
411.94 0.00512248133953
411.95 0.00512841692015
411.96 0.00513407984232
411.97 0.00513950088233
411.98 0.00514471095214
411.99 0.00514974086497
412.0 0.00515462111681
412.01 0.00515938168378
412.02 0.00516405183567
412.03 0.00516865996537
412.04 0.00517323343421
412.05 0.00517779843266
412.06 0.00518237985629
412.07 0.0051870011962
412.08 0.00519168444349
412.09 0.00519645000711
412.1 0.00520131664429
412.11 0.00520630140288
412.12 0.00521141957472
412.13 0.00521668465923
412.14 0.00522210833644
412.15 0.00522770044855
412.16 0.00523346898922
412.17 0.00523942009986
412.18 0.00524555807206
412.19 0.00525188535551
412.2 0.00525840257076
412.21 0.00526510852616
412.22 0.00527200023863
412.23 0.00527907295756
412.24 0.00528632019172
412.25 0.00529373373884
412.26 0.00530130371758
412.27 0.00530901860197
412.28 0.00531686525822
412.29 0.00532482898401
412.3 0.00533289355047
412.31 0.00534104124708
412.32 0.00534925292988
412.33 0.00535750807336
412.34 0.00536578482653
412.35 0.00537406007365
412.36 0.0053823095003
412.37 0.00539050766527
412.38 0.00539862807895
412.39 0.00540664328892
412.4 0.00541452497322
412.41 0.00542224404204
412.42 0.00542977074837
412.43 0.00543707480812
412.44 0.00544412553019
412.45 0.00545089195701
412.46 0.00545734301564
412.47 0.00546344767992
412.48 0.0054691751436
412.49 0.00547449500459
412.5 0.00547937746008
412.51 0.00548379351239
412.52 0.00548771518512
412.53 0.00549111574903
412.54 0.00549396995699
412.55 0.00549625428718
412.56 0.00549794719349
412.57 0.00549902936206
412.58 0.00549948397257
412.59 0.00549929696295
412.6 0.00549845729585
412.61 0.00549695722524
412.62 0.00549479256128
412.63 0.00549196293157
412.64 0.00548847203667
412.65 0.00548432789796
412.66 0.00547954309549
412.67 0.00547413499372
412.68 0.00546812595285
412.69 0.00546154352354
412.7 0.00545442062269
412.71 0.00544679568814
412.72 0.00543871281004
412.73 0.00543022183683
412.74 0.00542137845384
412.75 0.00541224423245
412.76 0.00540288664824
412.77 0.00539337906631
412.78 0.00538380069243
412.79 0.00537423648859
412.8 0.005364777052
412.81 0.00535551845659
412.82 0.00534656205632
412.83 0.00533801425003
412.84 0.00532998620745
412.85 0.00532259355671
412.86 0.00531595603343
412.87 0.00531019709235
412.88 0.00530544348202
412.89 0.00530182478404
412.9 0.00529947291811
412.91 0.00529852161457
412.92 0.0052991058565
412.93 0.00530136129355
412.94 0.0053054236298
412.95 0.00531142798861
412.96 0.00531950825705
412.97 0.00532979641317
412.98 0.00534242183938
412.99 0.00535751062527
413.0 0.00537518486349
413.01 0.00539556194238
413.02 0.0054187538392
413.03 0.00544486641765
413.04 0.00547399873378
413.05 0.0055062423541
413.06 0.00554168068989
413.07 0.00558038835155
413.08 0.00562243052697
413.09 0.00566786238755
413.1 0.00571672852572
413.11 0.00576906242735
413.12 0.00582488598264
413.13 0.00588420903862
413.14 0.00594702899628
413.15 0.00601333045539
413.16 0.00608308490936
413.17 0.00615625049267
413.18 0.00623277178296
413.19 0.00631257965962
413.2 0.00639559122035
413.21 0.00648170975703
413.22 0.0065708247918
413.23 0.00666281217401
413.24 0.00675753423828
413.25 0.00685484002372
413.26 0.006954565554
413.27 0.00705653417753
413.28 0.00716055696682
413.29 0.00726643317582
413.3 0.00737395075349
413.31 0.00748288691186
413.32 0.00759300874631
413.33 0.00770407390571
413.34 0.00781583130961
413.35 0.00792802190961
413.36 0.00804037949169
413.37 0.00815263151611
413.38 0.00826449999127
413.39 0.00837570237777
413.4 0.00848595251878
413.41 0.00859496159257
413.42 0.00870243908321
413.43 0.00880809376491
413.44 0.00891163469595
413.45 0.00901277221768
413.46 0.00911121895415
413.47 0.00920669080813
413.48 0.00929890794903
413.49 0.00938759578839
413.5 0.00947248593878
413.51 0.0095533171518
413.52 0.00962983623121
413.53 0.00970179891726
413.54 0.00976897073829
413.55 0.00983112782622
413.56 0.00988805769221
413.57 0.00993955995946
413.58 0.00998544705003
413.59 0.0100255448229
413.6 0.0100596931605
413.61 0.010087746502
413.62 0.0101095743206
413.63 0.0101250615431
413.64 0.0101341089113
413.65 0.010136633282
413.66 0.010132567867
413.67 0.0101218624107
413.68 0.0101044833052
413.69 0.010080413644
413.7 0.0100496532132
413.71 0.010012218421
413.72 0.0099681421666
413.73 0.00991747364982
413.74 0.00986027812159
413.75 0.00979663657819
413.76 0.00972664540029
413.77 0.00965041593912
413.78 0.00956807405196
413.79 0.00947975958952
413.8 0.00938562583784
413.81 0.00928583891763
413.82 0.00918057714402
413.83 0.00907003034997
413.84 0.00895439917667
413.85 0.00883389433419
413.86 0.00870873583618
413.87 0.008579152212
413.88 0.00844537969992
413.89 0.00830766142531
413.9 0.00816624656724
413.91 0.00802138951741
413.92 0.00787334903497
413.93 0.00772238740089
413.94 0.00756876957562
413.95 0.00741276236322
413.96 0.00725463358578
413.97 0.0070946512711
413.98 0.00693308285703
413.99 0.00677019441535
414.0 0.00660624989827
414.01 0.00644151041006
414.02 0.0062762335065
414.03 0.00611067252444
414.04 0.00594507594362
414.05 0.00577968678279
414.06 0.00561474203166
414.07 0.00545047212044
414.08 0.00528710042808
414.09 0.00512484283036
414.1 0.00496390728863
414.11 0.0048044934799
414.12 0.00464679246851
414.13 0.00449098641971
414.14 0.00433724835502
414.15 0.00418574194909
414.16 0.0040366213677
414.17 0.00389003114602
414.18 0.00374610610656
414.19 0.00360497131553
414.2 0.00346674207655
414.21 0.00333152396031
414.22 0.00319941286861
414.23 0.00307049513133
414.24 0.00294484763432
414.25 0.00282253797659
414.26 0.00270362465471
414.27 0.0025881572724
414.28 0.00247617677337
414.29 0.00236771569503
414.3 0.00226279844113
414.31 0.0021614415711
414.32 0.00206365410374
414.33 0.00196943783334
414.34 0.00187878765588
414.35 0.00179169190326
414.36 0.00170813268354
414.37 0.00162808622505
414.38 0.0015515232226
414.39 0.00147840918374
414.4 0.00140870477346
414.41 0.00134236615555
414.42 0.00127934532907
414.43 0.00121959045849
414.44 0.00116304619615
414.45 0.00110965399577
414.46 0.00105935241594
414.47 0.00101207741259
414.48 0.000967762619631
414.49 0.000926339617002
414.5 0.000887738185503
414.51 0.000851886548021
414.52 0.000818711596727
414.53 0.000788139106068
414.54 0.000760093931416
414.55 0.000734500193408
414.56 0.000711281448062
414.57 0.000690360842918
414.58 0.000671661259494
414.59 0.000655105442477
414.6 0.000640616116133
414.61 0.000628116088492
414.62 0.000617528343958
414.63 0.000608776125011
414.64 0.000601783003765
414.65 0.000596472944155
414.66 0.000592770355583
414.67 0.000590600138857
414.68 0.000589887725309
414.69 0.000590559109939
414.7 0.000592540879494
414.71 0.000595760236329
414.72 0.000600145018912
414.73 0.00060562371982
414.74 0.000612125502027
414.75 0.000619580214253
414.76 0.000627918406122
414.77 0.000637071343811
414.78 0.000646971026823
414.79 0.000657550206477
414.8 0.000668742406637
414.81 0.000680481947131
414.82 0.000692703970276
414.83 0.000705344470817
414.84 0.000718340329557
414.85 0.000731629350865
414.86 0.00074515030417
414.87 0.000758842969519
414.88 0.00077264818715
414.89 0.00078650791102
414.9 0.000800365266131
414.91 0.000814164609427
414.92 0.000827851594021
414.93 0.000841373236384
414.94 0.000854677986154
414.95 0.00086771579811
414.96 0.000880438205851
414.97 0.000892798396671
414.98 0.000904751287086
414.99 0.000916253598446
415.0 0.00092726393204
415.01 0.000937742843091
415.02 0.000947652913031
415.03 0.000956958819421
415.04 0.000965627402922
415.05 0.000973627730696
415.06 0.000980931155642
415.07 0.000987511370901
415.08 0.000993344459079
415.09 0.000998408935657
415.1 0.00100268578612
415.11 0.00100615849636
415.12 0.00100881307592
415.13 0.00101063807375
415.14 0.00101162458618
415.15 0.00101176625686
415.16 0.00101105926836
415.17 0.0010095023255
415.18 0.0010070966301
415.19 0.00100384584729
415.2 0.000999756063319
415.21 0.000994835735026
415.22 0.000989095631025
415.23 0.000982548764917
415.24 0.000975210320723
415.25 0.000967097570871
415.26 0.000958229787094
415.27 0.000948628144663
415.28 0.000938315620384
415.29 0.000927316884876
415.3 0.000915658189644
415.31 0.00090336724951
415.32 0.00089047312099
415.33 0.000877006077232
415.34 0.00086299748013
415.35 0.000848479650264
415.36 0.000833485735313
415.37 0.00081804957759
415.38 0.00080220558135
415.39 0.000785988580517
415.4 0.000769433707456
415.41 0.000752576263426
415.42 0.000735451591282
415.43 0.000718094951043
415.44 0.00070054139883
415.45 0.000682825669737
415.46 0.000664982065078
415.47 0.000647044344499
415.48 0.000629045623339
415.49 0.00061101827562
415.5 0.000592993843002
415.51 0.000575002949977
415.52 0.000557075225554
415.53 0.000539239231633
415.54 0.000521522398204
415.55 0.000503950965512
415.56 0.000486549933216
415.57 0.00046934301659
415.58 0.000452352609739
415.59 0.000435599755763
415.6 0.000419104123775
415.61 0.000402883992638
415.62 0.000386956241252
415.63 0.000371336345179
415.64 0.00035603837939
415.65 0.000341075026863
415.66 0.000326457592749
415.67 0.000312196023815
415.68 0.000298298932823
415.69 0.000284773627524
415.7 0.000271626143906
415.71 0.000258861283343
415.72 0.000246482653272
415.73 0.000234492711035
415.74 0.000222892810504
415.75 0.000211683251132
415.76 0.000200863329052
415.77 0.000190431389863
415.78 0.000180384882762
415.79 0.000170720415666
415.8 0.000161433810996
415.81 0.000152520161815
415.82 0.000143973888003
415.83 0.000135788792194
415.84 0.000127958115198
415.85 0.000120474590666
415.86 0.000113330498749
415.87 0.000106517718561
415.88 0.000100027779229
415.89 9.38519093687e-05
415.9 8.79810848322e-05
415.91 8.24060745847e-05
415.92 7.71174846009e-05
415.93 7.2105799682e-05
415.94 6.73614231149e-05
415.95 6.28747141122e-05
415.96 5.86360229904e-05
415.97 5.46357240568e-05
415.98 5.08642461931e-05
415.99 4.73121011384e-05
416.0 4.39699094854e-05
416.01 4.08284244174e-05
416.02 3.78785532258e-05
416.03 3.5111376656e-05
416.04 3.25181661404e-05
416.05 3.0090398985e-05
416.06 2.78197715828e-05
416.07 2.56982107334e-05
416.08 2.3717883154e-05
416.09 2.1871203271e-05
416.1 2.01508393829e-05
416.11 1.85497182911e-05
416.12 1.70610284931e-05
416.13 1.56782220368e-05
416.14 1.43950151311e-05
416.15 1.32053876111e-05
416.16 1.2103581353e-05
416.17 1.10840977316e-05
416.18 1.01416942139e-05
416.19 9.27138017553e-06
416.2 8.46841202841e-06
416.21 7.7282877411e-06
416.22 7.04674083146e-06
416.23 6.41973390722e-06
416.24 5.84345182599e-06
416.25 5.31429454212e-06
416.26 4.82886970387e-06
416.27 4.38398505977e-06
416.28 3.97664072935e-06
416.29 3.60402138861e-06
416.3 3.26348841707e-06
416.31 2.95257204856e-06
416.32 2.66896356435e-06
416.33 2.41050756332e-06
416.34 2.17519433979e-06
416.35 1.96115239654e-06
416.36 1.76664111686e-06
416.37 1.5900436162e-06
416.38 1.42985979107e-06
416.39 1.28469958e-06
416.4 1.15327644846e-06
416.41 1.03440110734e-06
416.42 9.26975472258e-07
416.43 8.29986868815e-07
416.44 7.42502486881e-07
416.45 6.63664085464e-07
416.46 5.92682947908e-07
416.47 5.28835085875e-07
416.48 4.71456689254e-07
416.49 4.19939818064e-07
416.5 3.73728331428e-07
416.51 3.32314047881e-07
416.52 2.95233130595e-07
416.53 2.62062690471e-07
416.54 2.32417599645e-07
416.55 2.05947507517e-07
416.56 1.82334051194e-07
416.57 1.61288251998e-07
416.58 1.42548089602e-07
416.59 1.25876245299e-07
416.6 1.11058005914e-07
416.61 9.78993199497e-08
416.62 8.62249976591e-08
416.63 7.58770468968e-08
416.64 6.6713136785e-08
416.65 5.8605181457e-08
416.66 5.14380363747e-08
416.67 4.51082999861e-08
416.68 3.95232137609e-08
416.69 3.45996539354e-08
416.7 3.02632085932e-08
416.71 2.64473340099e-08
416.72 2.30925844945e-08
416.73 2.01459102644e-08
416.74 1.756001819e-08
416.75 1.5292790542e-08
416.76 1.33067571663e-08
416.77 1.15686167912e-08
416.78 1.00488034496e-08
416.79 8.72109426045e-09
416.8 7.56225507167e-09
416.81 6.55172070777e-09
416.82 5.67130680159e-09
416.83 4.9049504092e-09
416.84 4.23847681854e-09
416.85 3.65939016116e-09
416.86 3.15668562407e-09
416.87 2.72068123551e-09
416.88 2.34286736379e-09
416.89 2.01577222372e-09
416.9 1.73284182947e-09
416.91 1.48833296777e-09
416.92 1.27721789045e-09
416.93 1.0950995415e-09
416.94 9.3813624118e-10
416.95 8.02974849086e-10
416.96 6.86691519317e-10
416.97 5.86739245151e-10
416.98 5.00901467687e-10
416.99 4.27251093723e-10
417.0 3.64114332785e-10
417.01 3.10038822302e-10
417.02 2.63765563713e-10
417.03 2.24204241297e-10
417.04 1.90411539949e-10
417.05 1.61572118488e-10
417.06 1.3698193156e-10
417.07 1.16033626225e-10
417.08 9.82037690522e-11
417.09 8.30416864168e-11
417.1 7.01597247873e-11
417.11 5.9224759494e-11
417.12 4.99507998966e-11
417.13 4.20925562839e-11
417.14 3.54398494076e-11
417.15 2.98127574527e-11
417.16 2.50574076454e-11
417.17 2.10423307344e-11
417.18 1.76553063983e-11
417.19 1.4800636342e-11
417.2 1.23967895754e-11
417.21 1.03743712084e-11
417.22 8.67437214385e-12
417.23 7.24666239743e-12
417.24 6.04869548179e-12
417.25 5.04439544453e-12
417.26 4.20320179972e-12
417.27 3.49925079935e-12
417.28 2.91067430539e-12
417.29 2.41899998779e-12
417.3 2.00863873181e-12
417.31 1.6664470232e-12
417.32 1.38135372605e-12
417.33 1.14404210291e-12
417.34 9.46679176299e-13
417.35 7.82685617479e-13
417.36 6.46540291946e-13
417.37 5.33614410187e-13
417.38 4.40030941587e-13
417.39 3.62545563441e-13
417.4 2.98445947815e-13
417.41 2.45466647241e-13
417.42 2.01717235413e-13
417.43 1.65621699428e-13
417.44 1.3586737296e-13
417.45 1.11361951387e-13
417.46 9.11973458607e-14
417.47 7.4619318504e-14
417.48 6.10019994497e-14
417.49 4.98265220805e-14
417.5 4.06631286897e-14
417.51 3.31561976709e-14
417.52 2.7011727628e-14
417.53 2.19868855676e-14
417.54 1.78812873721e-14
417.55 1.45297306026e-14
417.56 1.17961436822e-14
417.57 9.56855280827e-15
417.58 7.75489951582e-15
417.59 6.27956852624e-15
417.6 5.08050807339e-15
417.61 4.10684394113e-15
417.62 3.31690449499e-15
417.63 2.67658750455e-15
417.64 2.15801091984e-15
417.65 1.73839931521e-15
417.66 1.39916572896e-15
417.67 1.12515534685e-15
417.68 9.0402310466e-16
417.69 7.25721992803e-16
417.7 5.82082779617e-16
417.71 4.66469153961e-16
417.72 3.73495025939e-16
417.73 2.98793005484e-16
417.74 2.38824976454e-16
417.75 1.90727261417e-16
417.76 1.52184182181e-16
417.77 1.21324907578e-16
417.78 9.66393802201e-17
417.79 7.69098590396e-17
417.8 6.11552304781e-17
417.81 4.85857500529e-17
417.82 3.85662958521e-17
417.83 3.05865615686e-17
417.84 2.42369016081e-17
417.85 1.91887751625e-17
417.86 1.5178928705e-17
417.87 1.19966144194e-17
417.88 9.47327167988e-18
417.89 7.47420485351e-18
417.9 5.89187756883e-18
417.91 4.64051459807e-18
417.92 3.65176048712e-18
417.93 2.87119136755e-18
417.94 2.25551493184e-18
417.95 1.7703249332e-18
417.96 1.38830209156e-18
417.97 1.08777402086e-18
417.98 8.51563619795e-19
417.99 6.66069011575e-19
418.0 5.20529168597e-19
418.01 4.06438299199e-19
418.02 3.17079301144e-19
418.03 2.47152422613e-19
418.04 1.92479979534e-19
418.05 1.49771772077e-19
418.06 1.16438897678e-19
418.07 9.04461145501e-20
418.08 7.01948833858e-20
418.09 5.44307992454e-20
418.1 4.21703959207e-20
418.11 3.26433226752e-20
418.12 2.52467075903e-20
418.13 1.95091727611e-20
418.14 1.50624865335e-20
418.15 1.16192528121e-20
418.16 8.95536813197e-21
418.17 6.89624048645e-21
418.18 5.30597335705e-21
418.19 4.0788848451e-21
418.2 3.1328639593e-21
418.21 2.40417092784e-21
418.22 1.84337145597e-21
418.23 1.41216059222e-21
418.24 1.08088385527e-21
418.25 8.26604346576e-22
418.26 6.31596990176e-22
418.27 4.82176601226e-22
418.28 3.67786618187e-22
418.29 2.80291177569e-22
418.3 2.13425665983e-22
418.31 1.62370667082e-22
418.32 1.23421896953e-22
418.33 9.3734738417e-23
418.34 7.11266966118e-23
418.35 5.39247845475e-23
418.36 4.08477284897e-23
418.37 3.09151327314e-23
418.38 2.33774982216e-23
418.39 1.76623571479e-23
418.4 1.33328503492e-23
418.41 1.0055902624e-23
418.42 7.57779454954e-24
418.43 5.70542901173e-24
418.44 4.2919781106e-24
418.45 3.22589630512e-24
418.46 2.4225180427e-24
418.47 1.81763781778e-24
418.48 1.36260943668e-24
418.49 1.02060842026e-24
418.5 7.63784101842e-25
418.51 5.71091628585e-25
418.52 4.26643060739e-25
418.53 3.18454427343e-25
418.54 2.37494528359e-25
418.55 1.76963475108e-25
418.56 1.3174598245e-25
418.57 9.79974635807e-26
418.58 7.28309546318e-26
418.59 5.40805229245e-26
418.6 4.0122637552e-26
418.61 2.97414254384e-26
418.62 2.20271240057e-26
418.63 1.62996217615e-26
418.64 1.20509412412e-26
418.65 8.9020109412e-27
418.66 6.57020606913e-27
418.67 4.8449976519e-27
418.68 3.56970118372e-27
418.69 2.62780943803e-27
418.7 1.93276737204e-27
418.71 1.42032919904e-27
418.72 1.04285074975e-27
418.73 7.6503096288e-28
418.74 5.60737472794e-28
418.75 4.10642466529e-28
418.76 3.00463590187e-28
418.77 2.1965624603e-28
418.78 1.60442335253e-28
418.79 1.17089541249e-28
418.8 8.53770111061e-29
418.81 6.21995871106e-29
418.82 4.52749280922e-29
418.83 3.29269685725e-29
418.84 2.39259638151e-29
418.85 1.73704410837e-29
418.86 1.2600157216e-29
418.87 9.13197668316e-30
418.88 6.6126774039e-30
418.89 4.78424697945e-30
418.9 3.45838675149e-30
418.91 2.49779757016e-30
418.92 1.80245583138e-30
418.93 1.29955820701e-30
418.94 9.36161019551e-31
418.95 6.73797016658e-31
418.96 4.84541886946e-31
418.97 3.48142690468e-31
418.98 2.49923416292e-31
418.99 1.7925873559e-31
419.0 1.28462811109e-31
419.01 9.19810210736e-32
419.02 6.58025530328e-32
419.03 4.7033898098e-32
419.04 3.35894518384e-32
419.05 2.39672701715e-32
419.06 1.70866899551e-32
419.07 1.21708530584e-32
419.08 8.66179321854e-33
419.09 6.1591150518e-33
419.1 4.37575033119e-33
419.11 3.10606446026e-33
419.12 2.20288642677e-33
419.13 1.56098044346e-33
419.14 1.10516349126e-33
419.15 7.81770556584e-34
419.16 5.52529922507e-34
419.17 3.90171917093e-34
419.18 2.75283337606e-34
419.19 1.94056214512e-34
419.2 1.36678088979e-34
419.21 9.61820331148e-35
419.22 6.76258474797e-35
419.23 4.75067368794e-35
419.24 3.33442837856e-35
419.25 2.33835959763e-35
419.26 1.63841877614e-35
419.27 1.14699690618e-35
419.28 8.02275055328e-36
419.29 5.60670936717e-36
419.3 3.91486248995e-36
419.31 2.73116974108e-36
419.32 1.90372662951e-36
419.33 1.32581885225e-36
419.34 9.22544890384e-37
419.35 6.41378707359e-37
419.36 4.45518026128e-37
419.37 3.092001785e-37
419.38 2.14406478423e-37
419.39 1.48545597137e-37
419.4 1.02826576497e-37
419.41 7.1117205321e-38
419.42 4.91436828581e-38
419.43 3.39300445536e-38
419.44 2.34058745335e-38
419.45 1.6132030259e-38
419.46 1.11090493415e-38
419.47 7.64343322808e-39
419.48 5.25440771506e-39
419.49 3.60896586263e-39
419.5 2.47665487812e-39
419.51 1.69813386182e-39
419.52 1.16332768865e-39
419.53 7.96261871447e-40
419.54 5.44544640615e-40
419.55 3.72078665115e-40
419.56 2.54015232825e-40
419.57 1.73264051945e-40
419.58 1.18081234365e-40
419.59 8.04038814846e-41
419.6 5.47012004896e-41
419.61 3.71826563642e-41
419.62 2.52526919427e-41
419.63 1.7135574172e-41
419.64 1.16175180002e-41
419.65 7.8695837105e-42
419.66 5.32615593601e-42
419.67 3.60163507979e-42
419.68 2.43337616932e-42
419.69 1.64264042299e-42
419.7 1.10789722323e-42
419.71 7.46586537251e-43
419.72 5.02671829291e-43
419.73 3.38152538976e-43
419.74 2.27281700744e-43
419.75 1.52630034003e-43
419.76 1.02409263756e-43
419.77 6.86534235834e-44
419.78 4.59842245595e-44
419.79 3.07736668402e-44
419.8 2.0576586996e-44
419.81 1.37464686564e-44
419.82 9.17556178885e-45
419.83 6.11924574597e-45
419.84 4.07743303848e-45
419.85 2.71456029843e-45
419.86 1.80565951622e-45
419.87 1.20004060586e-45
419.88 7.96855793586e-46
419.89 5.28673132753e-46
419.9 3.50443862257e-46
419.91 2.32099063748e-46
419.92 1.53586142111e-46
419.93 1.01544028078e-46
419.94 6.70780540548e-47
419.95 4.42721115129e-47
419.96 2.91946806313e-47
419.97 1.92353872622e-47
419.98 1.26625698002e-47
419.99 8.3284941094e-48
420.0 5.47311818114e-48
420.01 3.59357639241e-48
420.02 2.35745086428e-48
420.03 1.54519085867e-48
420.04 1.01191800484e-48
420.05 6.62113173691e-49
420.06 4.32855407113e-49
420.07 2.82733440214e-49
420.08 1.84516505347e-49
420.09 1.20314224554e-49
420.1 7.83831016024e-50
420.11 5.10213123356e-50
420.12 3.31821496909e-50
420.13 2.15616068934e-50
420.14 1.39984980763e-50
420.15 9.08041029913e-51
420.16 5.88509144866e-51
420.17 3.81087471602e-51
420.18 2.46558420704e-51
420.19 1.59381797415e-51
420.2 1.02939324353e-51
420.21 6.64274557992e-52
420.22 4.28289707063e-52
420.23 2.75899788759e-52
420.24 1.77577857212e-52
420.25 1.14195756757e-52
420.26 7.33727564862e-53
420.27 4.71024411657e-53
420.28 3.0211737945e-53
420.29 1.93611751907e-53
420.3 1.23968524721e-53
420.31 7.93076102599e-54
420.32 5.06923012291e-54
420.33 3.23737391182e-54
420.34 2.06570086279e-54
420.35 1.31693915936e-54
420.36 8.3885655959e-55
420.37 5.33867410714e-55
420.38 3.39471116661e-55
420.39 2.15673089563e-55
420.4 1.36902948915e-55
420.41 8.68267127128e-56
420.42 5.50196251365e-56
420.43 3.48341813026e-56
420.44 2.20352154503e-56
420.45 1.39268438746e-56
420.46 8.79451360974e-57
420.47 5.54874358762e-57
420.48 3.49785014487e-57
420.49 2.2030860235e-57
420.5 1.38639002067e-57
420.51 8.71692088783e-58
420.52 5.47601334485e-58
420.53 3.43707970693e-58
420.54 2.155452328e-58
420.55 1.35055088829e-58
420.56 8.4548750984e-59
420.57 5.28843477251e-59
420.58 3.30499510444e-59
420.59 2.06366026182e-59
420.6 1.28744680791e-59
420.61 8.02498262331e-60
420.62 4.99784311298e-60
420.63 3.10988872638e-60
420.64 1.93344041916e-60
420.65 1.2009929259e-60
420.66 7.4537327581e-61
420.67 4.62201019061e-61
420.68 2.86359563739e-61
420.69 1.77262225723e-61
420.7 1.09633787154e-61
420.71 6.77479795004e-62
420.72 4.18284711205e-62
420.73 2.58030679974e-62
420.74 1.590356233e-62
420.75 9.79357370926e-63
420.76 6.02575805209e-63
420.77 3.70429781759e-63
420.78 2.27522218763e-63
420.79 1.39625726304e-63
420.8 8.56112402534e-64
420.81 5.2446902593e-64
420.82 3.21020386473e-64
420.83 1.96322056304e-64
420.84 1.19958019725e-64
420.85 7.32340738768e-65
420.86 4.4670499872e-65
420.87 2.72240129942e-65
420.88 1.65770476915e-65
420.89 1.0085233157e-65
420.9 6.13039433921e-66
420.91 3.72318479702e-66
420.92 2.25925101541e-66
420.93 1.36973985407e-66
420.94 8.29727359495e-67
420.95 5.02176565202e-67
420.96 3.03669507744e-67
420.97 1.83471935102e-67
420.98 1.10754609488e-67
420.99 6.68001890001e-68
421.0 4.02547639985e-68
421.01 2.42370964422e-68
421.02 1.45803385945e-68
421.03 8.76351512809e-69
421.04 5.26275053817e-69
421.05 3.15770053335e-69
421.06 1.89300956819e-69
421.07 1.13385727329e-69
421.08 6.78559107511e-70
421.09 4.05733334352e-70
421.1 2.42391512538e-70
421.11 1.44683111474e-70
421.12 8.62863272064e-71
421.13 5.14149999519e-71
421.14 3.06098645915e-71
421.15 1.82077671009e-71
421.16 1.08212064647e-71
421.17 6.42566957922e-72
421.18 3.81228015361e-72
421.19 2.25982567939e-72
421.2 1.33840879905e-72
421.21 7.9200211135e-73
421.22 4.68260590089e-73
421.23 2.76613001585e-73
421.24 1.63260560453e-73
421.25 9.62750359109e-74
421.26 5.67243865713e-74
421.27 3.33925541795e-74
421.28 1.96405290953e-74
421.29 1.15419832393e-74
421.3 6.77690516269e-75
421.31 3.97563119225e-75
421.32 2.33026055143e-75
421.33 1.36466668495e-75
421.34 7.98495380938e-76
421.35 4.66811922501e-76
421.36 2.72668634546e-76
421.37 1.59130028156e-76
421.38 9.27882125024e-77
421.39 5.40576534451e-77
421.4 3.14662713564e-77
421.41 1.8300252833e-77
421.42 1.06339009011e-77
421.43 6.17378981673e-78
421.44 3.58125119252e-78
421.45 2.07558938177e-78
421.46 1.20190961414e-78
421.47 6.95385916071e-79
421.48 4.01979295169e-79
421.49 2.32169513179e-79
421.5 1.33977049584e-79
421.51 7.72465942907e-80
421.52 4.44991776136e-80
421.53 2.56122859143e-80
421.54 1.47288354468e-80
421.55 8.46276325283e-81
421.56 4.85824805528e-81
421.57 2.7865759973e-81
421.58 1.59692974698e-81
421.59 9.14375208001e-82
421.6 5.23102488667e-82
421.61 2.99001138948e-82
421.62 1.70758610255e-82
421.63 9.74352475805e-83
421.64 5.55486216358e-83
421.65 3.16412908944e-83
421.66 1.80077234479e-83
421.67 1.0239697899e-83
421.68 5.81753745187e-84
421.69 3.30228798439e-84
421.7 1.87289923955e-84
421.71 1.06129860849e-84
421.72 6.00875489324e-85
421.73 3.39903076391e-85
421.74 1.92109753308e-85
421.75 1.08484438587e-85
421.76 6.12081410626e-86
421.77 3.45044132323e-86
421.78 1.94340723588e-86
421.79 1.09364581887e-86
421.8 6.14912456766e-87
421.81 3.4544077356e-87
421.82 1.93890984838e-87
421.83 1.08733995846e-87
421.84 6.09251759653e-88
421.85 3.41076618588e-88
421.86 1.90779109737e-88
421.87 1.06618704061e-88
421.88 5.9533263925e-89
421.89 3.32131219487e-89
421.9 1.85132821148e-89
421.91 1.03105266896e-89
421.92 5.73722648885e-90
421.93 3.18967806267e-90
421.94 1.77180295074e-90
421.95 9.83349049292e-91
421.96 5.4528518247e-91
421.97 3.02108818895e-91
421.98 1.6723486431e-91
421.99 9.24940835739e-92
422.0 5.11122262953e-92
422.01 2.8220152387e-92
422.02 1.556745517e-92
422.03 8.58024335146e-93
422.04 4.72503793487e-93
422.05 2.59976867314e-93
422.06 1.4291829466e-93
422.07 7.84990963098e-94
422.08 4.30789591254e-94
422.09 2.36205202039e-94
422.1 1.29400938825e-94
422.11 7.0828673606e-95
422.12 3.87350840928e-95
422.13 2.11652600988e-95
422.14 1.15549063267e-95
422.15 6.30279179273e-96
422.16 3.43497202986e-96
422.17 1.87041149037e-96
422.18 1.01759468757e-96
422.19 5.53141461437e-97
422.2 3.00414787953e-97
422.21 1.63015955472e-97
422.22 8.83817574362e-98
422.23 4.7876110961e-98
422.24 2.59118731615e-98
422.25 1.40120754097e-98
422.26 7.57059189055e-99
422.27 4.0867767785e-99
422.28 2.20422392159e-99
422.29 1.18782980426e-99
422.3 6.3955284828e-100
422.31 3.44050639359e-100
422.32 1.84923461228e-100
422.33 9.93082594968e-101
422.34 5.32846895399e-101
422.35 2.85655915171e-101
422.36 1.53005737274e-101
422.37 8.18834104497e-102
422.38 4.37832345062e-102
422.39 2.33907137391e-102
422.4 1.24854102851e-102
422.41 6.65864521077e-103
422.42 3.54807380004e-103
422.43 1.88896158728e-103
422.44 1.00479466585e-103
422.45 5.34017178409e-104
422.46 2.83567756464e-104
422.47 1.50446531291e-104
422.48 7.97500976437e-105
422.49 4.22380617121e-105
422.5 2.23511796781e-105
422.51 1.18173645115e-105
422.52 6.24258588651e-106
422.53 3.29482333469e-106
422.54 1.7374945561e-106
422.55 9.15458126991e-107
422.56 4.81922528651e-107
422.57 2.53477658044e-107
422.58 1.33206634341e-107
422.59 6.99416280577e-108
422.6 3.66918265469e-108
422.61 1.92320969125e-108
422.62 1.00718131042e-108
422.63 5.27002153955e-109
422.64 2.75512200049e-109
422.65 1.43910668885e-109
422.66 7.5105001869e-110
422.67 3.91623228413e-110
422.68 2.04028923336e-110
422.69 1.06203479312e-110
422.7 5.52343775685e-111
422.71 2.87014538655e-111
422.72 1.49012273522e-111
422.73 7.72972241284e-112
422.74 4.00617085858e-112
422.75 2.07452536643e-112
422.76 1.07332623329e-112
422.77 5.54840879141e-113
422.78 2.86568777351e-113
422.79 1.47881212529e-113
422.8 7.62466640992e-114
422.81 3.92782748255e-114
422.82 2.02165793206e-114
422.83 1.03964879901e-114
422.84 5.34182124272e-115
422.85 2.74230501528e-115
422.86 1.40658466255e-115
422.87 7.20841380395e-116
422.88 3.69094228559e-116
422.89 1.88824573062e-116
422.9 9.65169259086e-117
422.91 4.92915146111e-117
422.92 2.51515386266e-117
422.93 1.28227349395e-117
422.94 6.53161360018e-118
422.95 3.32417605498e-118
422.96 1.69032907403e-118
422.97 8.58780587299e-119
422.98 4.35930131347e-119
422.99 2.21093141466e-119
423.0 1.12035940751e-119
423.01 5.6723519882e-120
423.02 2.86941055907e-120
423.03 1.45026018561e-120
423.04 7.32357054067e-121
423.05 3.69507728395e-121
423.06 1.86272136555e-121
423.07 9.38201187299e-122
423.08 4.72136713856e-122
423.09 2.37390469944e-122
423.1 1.19256620996e-122
423.11 5.98584452228e-123
423.12 3.00187135705e-123
423.13 1.50411982051e-123
423.14 7.53002648922e-124
423.15 3.76646803672e-124
423.16 1.88233007401e-124
423.17 9.3989856882e-125
423.18 4.68910446423e-125
423.19 2.3373434927e-125
423.2 1.16406943254e-125
423.21 5.79240530332e-126
423.22 2.87980255246e-126
423.23 1.43050768284e-126
423.24 7.0997227491e-127
423.25 3.52059685572e-127
423.26 1.74427484068e-127
423.27 8.63450109539e-128
423.28 4.27054491408e-128
423.29 2.11034301451e-128
423.3 1.04194914106e-128
423.31 5.14000691589e-129
423.32 2.53340485332e-129
423.33 1.2475823028e-129
423.34 6.13843307773e-130
423.35 3.01765480002e-130
423.36 1.48219485947e-130
423.37 7.2738570217e-131
423.38 3.56654682323e-131
423.39 1.74724904756e-131
423.4 8.55234884802e-132
423.41 4.18253626015e-132
423.42 2.04370277509e-132
423.43 9.97744786326e-133
423.44 4.86681583019e-133
423.45 2.37188740769e-133
423.46 1.15495998913e-133
423.47 5.61905808945e-134
423.48 2.73139063971e-134
423.49 1.32656282981e-134
423.5 6.43717838311e-135
423.51 3.12095119056e-135
423.52 1.511827085e-135
423.53 7.31713350627e-136
423.54 3.53837248398e-136
423.55 1.70958158686e-136
423.56 8.25277161229e-137
423.57 3.9804624753e-137
423.58 1.91818704743e-137
423.59 9.23574825608e-138
423.6 4.44300632623e-138
423.61 2.13552907728e-138
423.62 1.025552173e-138
423.63 4.9207776526e-139
423.64 2.35902985255e-139
423.65 1.12994380197e-139
423.66 5.40759259085e-140
423.67 2.58568012305e-140
423.68 1.23529118393e-140
423.69 5.8964089878e-141
423.7 2.81209228933e-141
423.71 1.33997054584e-141
423.72 6.3794707017e-142
423.73 3.03457415599e-142
423.74 1.44223016533e-142
423.75 6.84849444004e-143
423.76 3.24922175686e-143
423.77 1.54023614282e-143
423.78 7.29489391052e-144
423.79 3.45202842338e-144
423.8 1.63212515395e-144
423.81 7.71003351164e-145
423.82 3.63900611897e-145
423.83 1.71606217374e-145
423.84 8.08550153014e-146
423.85 3.80631407846e-146
423.86 1.79030074112e-146
423.87 8.41339102959e-147
423.88 3.95038905456e-147
423.89 1.85324303651e-147
423.9 8.68657546849e-148
423.91 4.06807105398e-148
423.92 1.90349690499e-148
423.93 8.89896569721e-149
423.94 4.15671839047e-149
423.95 1.93992699104e-149
423.96 9.04573541928e-150
423.97 4.21430621422e-150
423.98 1.96169736514e-150
423.99 9.12350346839e-151
424.0 4.23950338852e-151
424.01 1.96830340812e-151
424.02 9.1304632904e-152
424.03 4.23172363853e-152
424.04 1.95959125514e-152
424.05 9.06645270638e-153
424.06 4.19114822772e-153
424.07 1.93576375314e-153
424.08 8.93296019484e-154
424.09 4.11871893722e-154
424.1 1.89737260969e-154
424.11 8.73306735333e-155
424.12 4.01610172774e-155
424.13 1.84529715746e-155
424.14 8.47133064522e-156
424.15 3.88562304203e-156
424.16 1.78071087581e-156
424.17 8.15360876825e-157
424.18 3.73018214841e-157
424.19 1.70503744907e-157
424.2 7.78684477648e-158
424.21 3.55314413632e-158
424.22 1.61989865838e-158
424.23 7.37881426322e-159
424.24 3.35821907357e-159
424.25 1.52705676679e-159
424.26 6.93785233649e-160
424.27 3.14933337092e-160
424.28 1.42835424706e-160
424.29 6.47257271804e-161
424.3 2.93049954806e-161
424.31 1.32565371018e-161
424.32 5.99159206646e-162
424.33 2.70569036401e-162
424.34 1.22078073012e-162
424.35 5.5032716185e-163
424.36 2.47872269826e-163
424.37 1.11547194437e-163
424.38 5.01548657308e-164
424.39 2.25315570623e-164
424.4 1.01133037304e-164
424.41 4.53543146247e-165
424.42 2.03220670026e-165
424.43 9.09789377676e-166
424.44 4.06946724634e-166
424.45 1.81868701199e-166
424.46 8.12086116496e-167
424.47 3.62301322056e-167
424.48 1.61495886315e-167
424.49 7.19244786062e-168
424.5 3.2004842388e-168
424.51 1.42291309378e-168
424.52 6.32069408334e-169
424.53 2.80527136949e-169
424.54 1.24396654268e-169
424.55 5.51145458209e-170
424.56 2.43976208806e-170
424.57 1.07907700154e-170
424.58 4.76849253431e-171
424.59 2.1053945291e-171
424.6 9.28773008408e-172
424.61 4.0936376069e-172
424.62 1.80273924914e-172
424.63 7.93195327716e-173
424.64 3.48699313954e-173
424.65 1.53160138716e-173
424.66 6.72146778716e-174
424.67 2.94717690118e-174
424.68 1.29113602921e-174
424.69 5.65147106518e-175
424.7 2.47158032309e-175
424.71 1.07996992678e-175
424.72 4.7148980643e-176
424.73 2.05663236465e-176
424.74 8.96323404093e-177
424.75 3.90298174195e-177
424.76 1.69805602588e-177
424.77 7.38127223934e-178
424.78 3.20578316664e-178
424.79 1.39110777294e-178
424.8 6.03130266512e-179
424.81 2.61267374556e-179
424.82 1.13079258446e-179
424.83 4.889950186e-180
424.84 2.11275739591e-180
424.85 9.12049771479e-181
424.86 3.93378988749e-181
424.87 1.69522556344e-181
424.88 7.29907016488e-182
424.89 3.14001191975e-182
424.9 1.34964256764e-182
424.91 5.79602100421e-183
424.92 2.48693735889e-183
424.93 1.06616262653e-183
424.94 4.56673462565e-184
424.95 1.9543925956e-184
424.96 8.35682974594e-185
424.97 3.57022028019e-185
424.98 1.52395514114e-185
424.99 6.49939701558e-186
425.0 2.76947636016e-186
425.01 1.17908732476e-186
425.02 5.01554338539e-187
425.03 2.13163933075e-187
425.04 9.0517629202e-188
425.05 3.84039883154e-188
425.06 1.6279580129e-188
425.07 6.89499226019e-189
425.08 2.91775000734e-189
425.09 1.23363330904e-189
425.1 5.21132079474e-190
425.11 2.19954697407e-190
425.12 9.2756080146e-191
425.13 3.90818618752e-191
425.14 1.64524968511e-191
425.15 6.92009568765e-192
425.16 2.90814526072e-192
425.17 1.22107911692e-192
425.18 5.12265637728e-193
425.19 2.14718941814e-193
425.2 8.99226721752e-194
425.21 3.76263215377e-194
425.22 1.57303372352e-194
425.23 6.57064519777e-195
425.24 2.74221632943e-195
425.25 1.14345511373e-195
425.26 4.76387373353e-196
425.27 1.98301078135e-196
425.28 8.24733472899e-197
425.29 3.42709291998e-197
425.3 1.42285895232e-197
425.31 5.90230345555e-198
425.32 2.44627304592e-198
425.33 1.01300604869e-198
425.34 4.1912431777e-199
425.35 1.73259634133e-199
425.36 7.15608744645e-200
425.37 2.9530962181e-200
425.38 1.21759615618e-200
425.39 5.01594368447e-201
425.4 2.06455162889e-201
425.41 8.49029062235e-202
425.42 3.48853494242e-202
425.43 1.43214605458e-202
425.44 5.87428829689e-203
425.45 2.40739256783e-203
425.46 9.85739787679e-204
425.47 4.03275065106e-204
425.48 1.64840592175e-204
425.49 6.73210179982e-205
425.5 2.74701414436e-205
425.51 1.11994018796e-205
425.52 4.56197052765e-206
425.53 1.85666621061e-206
425.54 7.54986011185e-207
425.55 3.0673807548e-207
425.56 1.24514573262e-207
425.57 5.05005831461e-208
425.58 2.04642726876e-208
425.59 8.28552339199e-209
425.6 3.35171662746e-209
425.61 1.35468509498e-209
425.62 5.47057685324e-210
425.63 2.20725041529e-210
425.64 8.898028723e-211
425.65 3.58393159566e-211
425.66 1.44227917594e-211
425.67 5.7991276261e-212
425.68 2.32969846144e-212
425.69 9.35105198834e-213
425.7 3.75011808082e-213
425.71 1.50263370578e-213
425.72 6.01568410422e-214
425.73 2.40624935905e-214
425.74 9.61656457765e-215
425.75 3.83992715789e-215
425.76 1.53196813559e-215
425.77 6.10661008914e-216
425.78 2.43206043196e-216
425.79 9.67770201817e-217
425.8 3.84763478187e-217
425.81 1.52840746691e-217
425.82 6.06608053673e-218
425.83 2.40547532136e-218
425.84 9.53053656488e-219
425.85 3.77274550763e-219
425.86 1.49218057425e-219
425.87 5.89669908245e-220
425.88 2.32819987664e-220
425.89 9.1844947585e-221
425.9 3.62004518937e-221
425.91 1.42559586063e-221
425.92 5.6092212668e-222
425.93 2.20512102816e-222
425.94 8.66135824619e-223
425.95 3.3990948679e-223
425.96 1.33279784576e-223
425.97 5.22142435891e-224
425.98 2.04379537583e-224
425.99 7.99299508691e-225
426.0 3.12324024605e-225
426.01 1.21934036571e-225
426.02 4.75628886078e-226
426.03 1.85368188707e-226
426.04 7.21814999656e-227
426.05 2.8082793824e-227
426.06 1.09163746655e-227
426.07 4.23975017435e-228
426.08 1.64522694288e-228
426.09 6.37874251811e-229
426.1 2.47097324671e-229
426.11 9.56367319458e-230
426.12 3.69832542837e-230
426.13 1.428924335e-230
426.14 5.51616252956e-231
426.15 2.12759317133e-231
426.16 8.19905565029e-232
426.17 3.15691430509e-232
426.18 1.21446628973e-232
426.19 4.6680107595e-233
426.2 1.79267658018e-233
426.21 6.87853186903e-234
426.22 2.63701909867e-234
426.23 1.01007706288e-234
426.24 3.86562263478e-235
426.25 1.47811462654e-235
426.26 5.64703508473e-236
426.27 2.15554240007e-236
426.28 8.22084323114e-237
426.29 3.13256344294e-237
426.3 1.19263375473e-237
426.31 4.53667878812e-238
426.32 1.72421999601e-238
426.33 6.54743259864e-239
426.34 2.48412306843e-239
426.35 9.41670340646e-240
426.36 3.56655058748e-240
426.37 1.34965136229e-240
426.38 5.1029171694e-241
426.39 1.92769869316e-241
426.4 7.2758460207e-242
426.41 2.74379435664e-242
426.42 1.03381619225e-242
426.43 3.89187438211e-243
426.44 1.4638548322e-243
426.45 5.50124414986e-244
426.46 2.06560626099e-244
426.47 7.74921794274e-245
426.48 2.90463737947e-245
426.49 1.08780156936e-245
426.5 4.07034435609e-246
426.51 1.5217255646e-246
426.52 5.68414611589e-247
426.53 2.12137693408e-247
426.54 7.91032203e-248
426.55 2.94709542432e-248
426.56 1.09702858687e-248
426.57 4.08004923526e-249
426.58 1.51613046854e-249
426.59 5.62900273484e-250
426.6 2.08809405213e-250
426.61 7.73913398383e-251
426.62 2.86588254338e-251
426.63 1.06034726681e-251
426.64 3.91977887417e-252
426.65 1.44776717962e-252
426.66 5.34268536237e-253
426.67 1.96990001251e-253
426.68 7.25692240917e-254
426.69 2.67106519795e-254
426.7 9.82291103094e-255
426.71 3.60927226904e-255
426.72 1.32502109172e-255
426.73 4.8601497476e-256
426.74 1.78114888096e-256
426.75 6.52190557277e-257
426.76 2.38601133952e-257
426.77 8.72156079708e-258
426.78 3.18522146906e-258
426.79 1.16227465775e-258
426.8 4.23742100724e-259
426.81 1.54354101678e-259
426.82 5.61769874917e-260
426.83 2.04278391992e-260
426.84 7.42181504539e-261
426.85 2.69414854039e-261
426.86 9.77139699811e-262
426.87 3.54091492746e-262
426.88 1.28202956175e-262
426.89 4.63771758678e-263
426.9 1.67623255323e-263
426.91 6.0532408596e-264
426.92 2.18406395629e-264
426.93 7.87347514879e-265
426.94 2.83590241781e-265
426.95 1.02056299544e-265
426.96 3.66954370036e-266
426.97 1.31828109298e-266
426.98 4.73181433089e-267
426.99 1.69695794533e-267
427.0 6.08048437009e-268
427.01 2.17685241416e-268
427.02 7.78652186915e-269
427.03 2.78279838132e-269
427.04 9.93673456647e-270
427.05 3.54510700448e-270
427.06 1.26368467935e-270
427.07 4.50061439196e-271
427.08 1.60150611598e-271
427.09 5.69389050029e-272
427.1 2.02261550831e-272
427.11 7.17862500329e-273
427.12 2.54561613015e-273
427.13 9.01920531954e-274
427.14 3.19276787902e-274
427.15 1.12925008e-274
427.16 3.99058556209e-275
427.17 1.40898651427e-275
427.18 4.97050778514e-276
427.19 1.75193662895e-276
427.2 6.16963880955e-277
427.21 2.17082492418e-277
427.22 7.63156436153e-278
427.23 2.68056322851e-278
427.24 9.40724062186e-279
427.25 3.29854309315e-279
427.26 1.15559534624e-279
427.27 4.04494963755e-280
427.28 1.41463424041e-280
427.29 4.94309463705e-281
427.3 1.72574807357e-281
427.31 6.01976561292e-282
427.32 2.09799997568e-282
427.33 7.30558651823e-283
427.34 2.54172412098e-283
427.35 8.83538431665e-284
427.36 3.06864176786e-284
427.37 1.06485543427e-284
427.38 3.69197561269e-285
427.39 1.27894158338e-285
427.4 4.42655949061e-286
427.41 1.53075474689e-286
427.42 5.28893996014e-287
427.43 1.8258091178e-287
427.44 6.29746581468e-288
427.45 2.17020109486e-288
427.46 7.47236109056e-289
427.47 2.57062919139e-289
427.48 8.83577670713e-290
427.49 3.03440637225e-290
427.5 1.04118155035e-290
427.51 3.56946311449e-291
427.52 1.22265251523e-291
427.53 4.18433941445e-292
427.54 1.43078532601e-292
427.55 4.88816393058e-293
427.56 1.66855589332e-293
427.57 5.69061846722e-294
427.58 1.93910752221e-294
427.59 6.60188607617e-295
427.6 2.24573171838e-295
427.61 7.63258118867e-296
427.62 2.59184308401e-296
427.63 8.79366039652e-297
427.64 2.98094790751e-297
427.65 1.00963127815e-297
427.66 3.41660615294e-298
427.67 1.1551829051e-298
427.68 3.90238668021e-299
427.69 1.31714491739e-299
427.7 4.4418156772e-300
427.71 1.49661887223e-300
427.72 5.03831845823e-301
427.73 1.69466447048e-301
427.74 5.69515497663e-302
427.75 1.91227823201e-302
427.76 6.41534961049e-303
427.77 2.15037047475e-303
427.78 7.20161600368e-304
427.79 2.40974088105e-304
427.8 8.0562779753e-305
427.81 2.69105300835e-305
427.82 8.98118774083e-306
427.83 2.99480817315e-306
427.84 9.97764291224e-307
427.85 3.32131920573e-307
427.86 1.10463039515e-307
427.87 3.67068463557e-308
427.88 1.2187113936e-308
427.89 4.04276392015e-309
427.9 1.33992226444e-309
427.91 4.43715437145e-310
427.92 1.46809170803e-310
427.93 4.853170461e-311
427.94 1.60295606094e-311
427.95 5.28982619429e-312
427.96 1.74415428878e-312
427.97 5.74582123596e-313
427.98 1.89122426986e-313
427.99 6.21953143767e-314
428.0 2.04360056838e-314
428.01 6.70900437031e-315
428.02 2.2006138752e-315
428.03 7.21196037172e-316
428.04 2.36149228672e-316
428.05 7.72579936462e-317
428.06 2.52536467182e-317
428.07 8.24761568966e-318
428.08 2.69126450471e-318
428.09 8.77421061762e-319
428.1 2.85812035463e-319
428.11 9.3022679799e-320
428.12 3.02466988384e-320
428.13 9.82696569578e-321
428.14 3.19166407213e-321
428.15 1.03259719981e-321
428.16 3.35964639172e-322
428.17 1.08694442085e-322
428.18 3.45845952089e-323
428.19 9.88131291682e-324
428.2 4.94065645841e-324
428.21 0.0
428.22 0.0
428.23 0.0
428.24 0.0
428.25 0.0
428.26 0.0
428.27 0.0
428.28 0.0
428.29 0.0
428.3 0.0
428.31 0.0
428.32 0.0
428.33 0.0
428.34 0.0
428.35 0.0
428.36 0.0
428.37 0.0
428.38 0.0
428.39 0.0
428.4 0.0
428.41 0.0
428.42 0.0
428.43 0.0
428.44 0.0
428.45 0.0
428.46 0.0
428.47 0.0
428.48 0.0
428.49 0.0
428.5 0.0
428.51 0.0
428.52 0.0
428.53 0.0
428.54 0.0
428.55 0.0
428.56 0.0
428.57 0.0
428.58 0.0
428.59 0.0
428.6 0.0
428.61 0.0
428.62 0.0
428.63 0.0
428.64 0.0
428.65 0.0
428.66 0.0
428.67 0.0
428.68 0.0
428.69 0.0
428.7 0.0
428.71 0.0
428.72 0.0
428.73 0.0
428.74 0.0
428.75 0.0
428.76 0.0
428.77 0.0
428.78 0.0
428.79 0.0
428.8 0.0
428.81 0.0
428.82 0.0
428.83 0.0
428.84 0.0
428.85 0.0
428.86 0.0
428.87 0.0
428.88 0.0
428.89 0.0
428.9 0.0
428.91 0.0
428.92 0.0
428.93 0.0
428.94 0.0
428.95 0.0
428.96 0.0
428.97 0.0
428.98 0.0
428.99 0.0
429.0 0.0
429.01 0.0
429.02 0.0
429.03 0.0
429.04 0.0
429.05 0.0
429.06 0.0
429.07 0.0
429.08 0.0
429.09 0.0
429.1 0.0
429.11 0.0
429.12 0.0
429.13 0.0
429.14 0.0
429.15 0.0
429.16 0.0
429.17 0.0
429.18 0.0
429.19 0.0
429.2 0.0
429.21 0.0
429.22 0.0
429.23 0.0
429.24 0.0
429.25 0.0
429.26 0.0
429.27 0.0
429.28 0.0
429.29 0.0
429.3 0.0
429.31 0.0
429.32 0.0
429.33 0.0
429.34 0.0
429.35 0.0
429.36 0.0
429.37 0.0
429.38 0.0
429.39 0.0
429.4 0.0
429.41 0.0
429.42 0.0
429.43 0.0
429.44 0.0
429.45 0.0
429.46 0.0
429.47 0.0
429.48 0.0
429.49 0.0
429.5 0.0
429.51 0.0
429.52 0.0
429.53 0.0
429.54 0.0
429.55 0.0
429.56 0.0
429.57 0.0
429.58 0.0
429.59 0.0
429.6 0.0
429.61 0.0
429.62 0.0
429.63 0.0
429.64 0.0
429.65 0.0
429.66 0.0
429.67 0.0
429.68 0.0
429.69 0.0
429.7 0.0
429.71 0.0
429.72 0.0
429.73 0.0
429.74 0.0
429.75 0.0
429.76 0.0
429.77 0.0
429.78 0.0
429.79 0.0
429.8 0.0
429.81 0.0
429.82 0.0
429.83 0.0
429.84 0.0
429.85 0.0
429.86 0.0
429.87 0.0
429.88 0.0
429.89 0.0
429.9 0.0
429.91 0.0
429.92 0.0
429.93 0.0
429.94 0.0
429.95 0.0
429.96 0.0
429.97 0.0
429.98 0.0
429.99 0.0
