400.0 9.91059143943e-80
400.01 1.71956284708e-79
400.02 2.98098812485e-79
400.03 5.16328563763e-79
400.04 8.93543642286e-79
400.05 1.54500219015e-78
400.06 2.66910797078e-78
400.07 4.60709213469e-78
400.08 7.94531949067e-78
400.09 1.3690507444e-77
400.1 2.35695580161e-77
400.11 4.0542174998e-77
400.12 6.96765055786e-77
400.13 1.19643577943e-76
400.14 2.05265582025e-76
400.15 3.51857319921e-76
400.16 6.02616138547e-76
400.17 1.03118987143e-75
400.18 1.76303214803e-75
400.19 3.0116571991e-75
400.2 5.14013534796e-75
400.21 8.76531010002e-75
400.22 1.49342606932e-74
400.23 2.54228294237e-74
400.24 4.3240205717e-74
400.25 7.34810463454e-74
400.26 1.24763234343e-73
400.27 2.1165163623e-73
400.28 3.58740449683e-73
400.29 6.075230759e-73
400.3 1.02794273522e-72
400.31 1.73779593521e-72
400.32 2.93529898917e-72
400.33 4.95369912921e-72
400.34 8.35277183722e-72
400.35 1.40719837177e-71
400.36 2.36866554035e-71
400.37 3.98360136411e-71
400.38 6.6937843283e-71
400.39 1.1238058045e-70
400.4 1.88510063153e-70
400.41 3.15937748913e-70
400.42 5.29044510564e-70
400.43 8.85129097719e-70
400.44 1.47960140827e-69
400.45 2.47119243918e-69
400.46 4.12374792073e-69
400.47 6.87545375201e-69
400.48 1.14533974901e-68
400.49 1.90629897223e-68
400.5 3.17008864681e-68
400.51 5.26714788738e-68
400.52 8.74386271839e-68
400.53 1.45029002857e-67
400.54 2.40342239771e-67
400.55 3.97950504555e-67
400.56 6.58342250526e-67
400.57 1.0881734071e-66
400.58 1.79708327141e-66
400.59 2.96525472823e-66
400.6 4.8885439632e-66
400.61 8.05231500039e-66
400.62 1.32521303477e-65
400.63 2.17908592015e-65
400.64 3.58003046775e-65
400.65 5.87655497545e-65
400.66 9.63790400841e-65
400.67 1.57930533392e-64
400.68 2.58567133193e-64
400.69 4.22964824326e-64
400.7 6.9128780274e-64
400.71 1.12885263177e-63
400.72 1.84178663853e-63
400.73 3.00237613049e-63
400.74 4.89006454919e-63
400.75 7.95770430725e-63
400.76 1.29385234051e-62
400.77 2.10186755564e-62
400.78 3.41153388844e-62
400.79 5.53245315637e-62
400.8 8.96415822588e-62
400.81 1.45119239692e-61
400.82 2.34727615841e-61
400.83 3.79338649174e-61
400.84 6.12510744792e-61
400.85 9.88152656096e-61
400.86 1.59278840534e-60
400.87 2.56516816433e-60
400.88 4.12759720429e-60
400.89 6.63594060776e-60
400.9 1.06593662276e-59
400.91 1.71073991892e-59
400.92 2.74321791124e-59
400.93 4.39501476623e-59
400.94 7.03532365833e-59
400.95 1.12520470024e-58
400.96 1.79805389827e-58
400.97 2.87076463011e-58
400.98 4.57948014164e-58
400.99 7.29891802255e-58
401.0 1.16231677098e-57
401.01 1.84932923438e-57
401.02 2.93986696697e-57
401.03 4.66944037606e-57
401.04 7.41012787608e-57
401.05 1.17492537522e-56
401.06 1.8613094267e-56
401.07 2.94612102013e-56
401.08 4.65914579936e-56
401.09 7.36182911046e-56
401.1 1.16222142014e-55
401.11 1.83322483159e-55
401.12 2.88912478285e-55
401.13 4.54925813711e-55
401.14 7.15712453343e-55
401.15 1.12502009511e-54
401.16 1.76687448116e-54
401.17 2.77252090362e-54
401.18 4.34678012511e-54
401.19 6.80901402291e-54
401.2 1.06567431142e-53
401.21 1.66643538176e-53
401.22 2.60361144187e-53
401.23 4.06431703376e-53
401.24 6.33902837599e-53
401.25 9.87828442932e-53
401.26 1.53802739217e-52
401.27 2.39260125537e-52
401.28 3.71877835716e-52
401.29 5.77502642441e-52
401.3 8.96048194813e-52
401.31 1.38909668609e-51
401.32 2.15157898486e-51
401.33 3.32970550975e-51
401.34 5.14846859885e-51
401.35 7.95378824098e-51
401.36 1.22770406217e-50
401.37 1.89337689832e-50
401.38 2.91745500909e-50
401.39 4.49153691527e-50
401.4 6.90890931064e-50
401.41 1.06181222946e-49
401.42 1.63045818988e-49
401.43 2.50147013756e-49
401.44 3.83446423394e-49
401.45 5.87269940939e-49
401.46 8.98658250514e-49
401.47 1.37396310878e-48
401.48 2.09883979758e-48
401.49 3.20337086767e-48
401.5 4.88493585476e-48
401.51 7.44276353831e-48
401.52 1.13300881821e-47
401.53 1.72328088643e-47
401.54 2.6188014019e-47
401.55 3.97624165693e-47
401.56 6.03207439988e-47
401.57 9.14290738775e-47
401.58 1.38460426262e-46
401.59 2.09503228739e-46
401.6 3.16722917372e-46
401.61 4.78400880455e-46
401.62 7.21984982034e-46
401.63 1.0886494816e-45
401.64 1.64010513666e-45
401.65 2.46876084036e-45
401.66 3.71287273803e-45
401.67 5.57910865924e-45
401.68 8.37612767503e-45
401.69 1.25645074956e-44
401.7 1.88309124174e-44
401.71 2.81981729363e-44
401.72 4.21885198142e-44
401.73 6.30654239597e-44
401.74 9.41915759697e-44
401.75 1.40558307677e-43
401.76 2.09567864696e-43
401.77 3.12188261752e-43
401.78 4.64656656806e-43
401.79 6.90989534304e-43
401.8 1.02667854956e-42
401.81 1.52412722093e-42
401.82 2.26064133073e-42
401.83 3.35016208858e-42
401.84 4.96047983492e-42
401.85 7.33846571885e-42
401.86 1.08470230639e-41
401.87 1.60191537568e-41
401.88 2.36369963811e-41
401.89 3.48472667658e-41
401.9 5.13297162911e-41
401.91 7.55427377658e-41
401.92 1.11081129982e-40
401.93 1.63196774288e-40
401.94 2.39555730467e-40
401.95 3.51338117939e-40
401.96 5.14834556073e-40
401.97 7.53761273649e-40
401.98 1.10261441164e-39
401.99 1.6115256447e-39
402.0 2.35328480083e-39
402.01 3.43348750462e-39
402.02 5.0051853543e-39
402.03 7.29001751062e-39
402.04 1.06086638983e-38
402.05 1.54246927453e-38
402.06 2.24076372747e-38
402.07 3.25236532434e-38
402.08 4.71657007291e-38
402.09 6.83403144014e-38
402.1 9.89353208136e-38
402.11 1.43103242004e-37
402.12 2.0680988435e-37
402.13 2.98618578098e-37
402.14 4.30810289183e-37
402.15 6.2098201695e-37
402.16 8.94325661753e-37
402.17 1.28687414089e-36
402.18 1.85012115047e-36
402.19 2.65758996044e-36
402.2 3.81416514802e-36
402.21 5.4693375183e-36
402.22 7.83598631652e-36
402.23 1.12169898126e-35
402.24 1.60428932776e-35
402.25 2.29251811445e-35
402.26 3.27315498639e-35
402.27 4.66921719813e-35
402.28 6.65495764092e-35
402.29 9.47698573793e-35
402.3 1.34840039504e-34
402.31 1.91686367563e-34
402.32 2.72262166891e-34
402.33 3.86373274201e-34
402.34 5.47836005798e-34
402.35 7.7610017051e-34
402.36 1.09852184571e-33
402.37 1.5535431826e-33
402.38 2.19513722005e-33
402.39 3.0990153698e-33
402.4 4.3712887907e-33
402.41 6.16054282403e-33
402.42 8.67465427063e-33
402.43 1.22041934074e-32
402.44 1.71549596412e-32
402.45 2.40931748428e-32
402.46 3.38082021431e-32
402.47 4.73995079189e-32
402.48 6.63971291861e-32
402.49 9.29284051548e-32
402.5 1.29948532067e-31
402.51 1.81559084682e-31
402.52 2.5344767044e-31
402.53 3.53494234982e-31
402.54 4.92606433632e-31
402.55 6.85869572117e-31
402.56 9.54128141772e-31
402.57 1.32615896991e-30
402.58 1.84165459662e-30
402.59 2.55531525704e-30
402.6 3.54245634687e-30
402.61 4.90668568843e-30
402.62 6.79040508529e-30
402.63 9.38916216059e-30
402.64 1.29712463956e-29
402.65 1.79044213956e-29
402.66 2.46923591428e-29
402.67 3.40242524267e-29
402.68 4.68423107663e-29
402.69 6.44335029781e-29
402.7 8.85541435223e-29
402.71 1.21598927298e-28
402.72 1.66830062703e-28
402.73 2.28687588446e-28
402.74 3.13209256844e-28
402.75 4.28598153681e-28
402.76 5.85989339323e-28
402.77 8.00484352465e-28
402.78 1.09254589909e-27
402.79 1.48987642453e-27
402.8 2.02994615069e-27
402.81 2.76339202019e-27
402.82 3.75858341842e-27
402.83 5.1077496216e-27
402.84 6.93519568329e-27
402.85 9.40830854126e-27
402.86 1.2752287514e-26
402.87 1.72698415377e-26
402.88 2.33675038005e-26
402.89 3.1590754887e-26
402.9 4.26708602337e-26
402.91 5.75872719045e-26
402.92 7.76506909395e-26
402.93 1.04613529876e-25
402.94 1.40816679957e-25
402.95 1.89384336872e-25
402.96 2.54482385404e-25
402.97 3.4166076495e-25
402.98 4.58306696887e-25
402.99 6.14244123442e-25
403.0 8.22525800702e-25
403.01 1.1004790052e-24
403.02 1.47108479265e-24
403.03 1.96479553675e-24
403.04 2.62192782413e-24
403.05 3.49580995119e-24
403.06 4.65691819187e-24
403.07 6.19830746823e-24
403.08 8.24273495162e-24
403.09 1.09519957633e-23
403.1 1.45391464653e-23
403.11 1.9284494912e-23
403.12 2.55564977495e-23
403.13 3.38390467209e-23
403.14 4.47670642012e-23
403.15 5.91728955616e-23
403.16 7.81467175968e-23
403.17 1.03115125109e-22
403.18 1.35943271645e-22
403.19 1.79067501731e-22
403.2 2.35667418238e-22
403.21 3.09888904087e-22
403.22 4.07132920591e-22
403.23 5.34429136898e-22
403.24 7.00918862121e-22
403.25 9.18478678975e-22
403.26 1.20252502745e-21
403.27 1.57305128171e-21
403.28 2.05596326438e-21
403.29 2.6847974865e-21
403.3 3.50292974481e-21
403.31 4.56641138505e-21
403.32 5.94760823106e-21
403.33 7.73986500352e-21
403.34 1.0063478672e-20
403.35 1.30733409494e-20
403.36 1.69687072537e-20
403.37 2.20056721997e-20
403.38 2.85130866556e-20
403.39 3.69128468733e-20
403.4 4.77457325211e-20
403.41 6.17042805369e-20
403.42 7.96745716927e-20
403.43 1.02789296724e-19
403.44 1.32495083843e-19
403.45 1.70637840577e-19
403.46 2.19570828778e-19
403.47 2.82291400477e-19
403.48 3.62613833366e-19
403.49 4.65387592077e-19
403.5 5.96772696153e-19
403.51 7.64586810671e-19
403.52 9.78742330126e-19
403.53 1.25179627233e-18
403.54 1.59964144849e-18
403.55 2.04237438909e-18
403.56 2.60538420299e-18
403.57 3.32071732368e-18
403.58 4.22878643384e-18
403.59 5.38050835092e-18
403.6 6.83997602601e-18
403.61 8.68779494323e-18
403.62 1.10252451906e-17
403.63 1.39794686274e-17
403.64 1.77099275101e-17
403.65 2.241643862e-17
403.66 2.83491577505e-17
403.67 3.58209762595e-17
403.68 4.52228977963e-17
403.69 5.70430935355e-17
403.7 7.18904934767e-17
403.71 9.05239658346e-17
403.72 1.13888373826e-16
403.73 1.4315908837e-16
403.74 1.79796887366e-16
403.75 2.25615600534e-16
403.76 2.82865379274e-16
403.77 3.5433510271e-16
403.78 4.43478197108e-16
403.79 5.54567073697e-16
403.8 6.92882512632e-16
403.81 8.64945677876e-16
403.82 1.07880208642e-15
403.83 1.34436883168e-15
403.84 1.67385874252e-15
403.85 2.08229802558e-15
403.86 2.58815738563e-15
403.87 3.21412075763e-15
403.88 3.98802075162e-15
403.89 4.94397586386e-15
403.9 6.12377163479e-15
403.91 7.57853645791e-15
403.92 9.37077292606e-15
403.93 1.1576817754e-14
403.94 1.42898178013e-14
403.95 1.7623326971e-14
403.96 2.17156492747e-14
403.97 2.673507774e-14
403.98 3.28862077664e-14
403.99 4.04175378483e-14
404.0 4.96306112087e-14
404.01 6.08909999521e-14
404.02 7.46414901405e-14
404.03 9.14178932303e-14
404.04 1.11867988352e-13
404.05 1.36774192997e-13
404.06 1.67080669178e-13
404.07 2.03925700819e-13
404.08 2.48680329135e-13
404.09 3.02994409865e-13
404.1 3.68851463549e-13
404.11 4.48633932615e-13
404.12 5.45200742419e-13
404.13 6.61979394141e-13
404.14 8.03075202924e-13
404.15 9.73400743569e-13
404.16 1.17882908809e-12
404.17 1.42637502587e-12
404.18 1.72440916066e-12
404.19 2.08291059401e-12
404.2 2.51376484852e-12
404.21 3.03111477506e-12
404.22 3.65177344835e-12
404.23 4.39570950775e-12
404.24 5.28661707408e-12
404.25 6.35258429888e-12
404.26 7.62687681477e-12
404.27 9.14885489535e-12
404.28 1.09650460435e-11
404.29 1.31303980588e-11
404.3 1.57097414463e-11
404.31 1.87794943761e-11
404.32 2.24296483684e-11
404.33 2.67660785288e-11
404.34 3.19132285845e-11
404.35 3.80172282793e-11
404.36 4.52495089671e-11
404.37 5.38109926331e-11
404.38 6.39369401942e-11
404.39 7.59025569325e-11
404.4 9.00294664625e-11
404.41 1.06693179898e-10
404.42 1.2633170406e-10
404.43 1.49455451875e-10
404.44 1.76658639778e-10
404.45 2.08632381208e-10
404.46 2.46179712452e-10
404.47 2.9023281745e-10
404.48 3.41872752036e-10
404.49 4.02352005824e-10
404.5 4.73120281915e-10
404.51 5.55853921219e-10
404.52 6.52489449865e-10
404.53 7.65261785432e-10
404.54 8.96747700978e-10
404.55 1.04991521568e-09
404.56 1.22817965785e-09
404.57 1.43546723065e-09
404.58 1.67628700394e-09
404.59 1.95581235726e-09
404.6 2.27997301074e-09
404.61 2.65555890231e-09
404.62 3.09033730237e-09
404.63 3.59318470147e-09
404.64 4.17423516366e-09
404.65 4.845047008e-09
404.66 5.61878986482e-09
404.67 6.51045435192e-09
404.68 7.53708682976e-09
404.69 8.71805192479e-09
404.7 1.00753257563e-08
404.71 1.16338230667e-08
404.72 1.34217617346e-08
404.73 1.54710684542e-08
404.74 1.78178296751e-08
404.75 2.05027922427e-08
404.76 2.3571918526e-08
404.77 2.70770011999e-08
404.78 3.10763432383e-08
404.79 3.5635509086e-08
404.8 4.08281534026e-08
404.81 4.67369342176e-08
404.82 5.34545177913e-08
404.83 6.10846829486e-08
404.84 6.97435331324e-08
404.85 7.95608249173e-08
404.86 9.06814222163e-08
404.87 1.03266885915e-07
404.88 1.17497209161e-07
404.89 1.33572709035e-07
404.9 1.51716085798e-07
404.91 1.72174661388e-07
404.92 1.95222809265e-07
404.93 2.21164588142e-07
404.94 2.50336592483e-07
404.95 2.83111033003e-07
404.96 3.19899060694e-07
404.97 3.61154348081e-07
404.98 4.07376941594e-07
404.99 4.59117398987e-07
405.0 5.16981225692e-07
405.01 5.8163362388e-07
405.02 6.53804567705e-07
405.03 7.34294217864e-07
405.04 8.23978688015e-07
405.05 9.23816174941e-07
405.06 1.03485346345e-06
405.07 1.15823281597e-06
405.08 1.29519925548e-06
405.09 1.44710824901e-06
405.1 1.61543379725e-06
405.11 1.8017769337e-06
405.12 2.00787463476e-06
405.13 2.23560913973e-06
405.14 2.48701767657e-06
405.15 2.76430258671e-06
405.16 3.06984183856e-06
405.17 3.40619991574e-06
405.18 3.77613906219e-06
405.19 4.18263086201e-06
405.2 4.62886812733e-06
405.21 5.11827706258e-06
405.22 5.65452966834e-06
405.23 6.24155634268e-06
405.24 6.88355863182e-06
405.25 7.58502207621e-06
405.26 8.35072909181e-06
405.27 9.18577181993e-06
405.28 1.00955648722e-05
405.29 1.10858578909e-05
405.3 1.21627478372e-05
405.31 1.33326909144e-05
405.32 1.46025140243e-05
405.33 1.59794256498e-05
405.34 1.74710260494e-05
405.35 1.90853166422e-05
405.36 2.0830708456e-05
405.37 2.27160295064e-05
405.38 2.47505309664e-05
405.39 2.69438919838e-05
405.4 2.9306222997e-05
405.41 3.18480673975e-05
405.42 3.45804013835e-05
405.43 3.7514631846e-05
405.44 4.06625921299e-05
405.45 4.40365355097e-05
405.46 4.76491262208e-05
405.47 5.15134278914e-05
405.48 5.5642889221e-05
405.49 6.00513267568e-05
405.5 6.47529046268e-05
405.51 6.97621110944e-05
405.52 7.50937318096e-05
405.53 8.07628196423e-05
405.54 8.67846609969e-05
405.55 9.31747385199e-05
405.56 9.99486901302e-05
405.57 0.000107122264317
405.58 0.000114711271676
405.59 0.000122731532662
405.6 0.000131198821579
405.61 0.000140128806833
405.62 0.000149536987513
405.63 0.000159438626386
405.64 0.00016984867942
405.65 0.000180781721985
405.66 0.0001922518719
405.67 0.000204272709544
405.68 0.000216857195258
405.69 0.000230017584324
405.7 0.000243765339804
405.71 0.000258111043597
405.72 0.000273064306063
405.73 0.00028863367463
405.74 0.000304826541788
405.75 0.000321649052957
405.76 0.000339106014693
405.77 0.00035720080374
405.78 0.000375935277483
405.79 0.000395309686328
405.8 0.000415322588602
405.81 0.000435970768545
405.82 0.000457249158006
405.83 0.000479150762427
405.84 0.000501666591749
405.85 0.000524785596833
405.86 0.000548494612
405.87 0.000572778304298
405.88 0.000597619130063
405.89 0.000622997299352
405.9 0.000648890748773
405.91 0.00067527512324
405.92 0.000702123767122
405.93 0.000729407725239
405.94 0.000757095754092
405.95 0.000785154343703
405.96 0.000813547750342
405.97 0.000842238040421
405.98 0.00087118514572
405.99 0.000900346930095
406.0 0.000929679267724
406.01 0.000959136132885
406.02 0.000988669701216
406.03 0.00101823046229
406.04 0.00104776734331
406.05 0.00107722784363
406.06 0.00110655817977
406.07 0.00113570344043
406.08 0.00116460775112
406.09 0.00119321444768
406.1 0.00122146625823
406.11 0.00124930549275
406.12 0.00127667423953
406.13 0.00130351456772
406.14 0.00132976873521
406.15 0.0013553794007
406.16 0.00138028983928
406.17 0.00140444416042
406.18 0.0014277875274
406.19 0.00145026637718
406.2 0.00147182863967
406.21 0.00149242395547
406.22 0.00151200389092
406.23 0.00153052214963
406.24 0.00154793477939
406.25 0.00156420037363
406.26 0.00157928026645
406.27 0.00159313872044
406.28 0.00160574310642
406.29 0.00161706407451
406.3 0.00162707571579
406.31 0.0016357557139
406.32 0.00164308548635
406.33 0.00164905031484
406.34 0.00165363946453
406.35 0.00165684629199
406.36 0.00165866834164
406.37 0.00165910743089
406.38 0.00165816972395
406.39 0.00165586579464
406.4 0.00165221067849
406.41 0.00164722391466
406.42 0.00164092957817
406.43 0.0016333563032
406.44 0.00162453729819
406.45 0.00161451035361
406.46 0.00160331784345
406.47 0.00159100672135
406.48 0.00157762851268
406.49 0.00156323930362
406.5 0.0015478997286
406.51 0.0015316749574
406.52 0.00151463468328
406.53 0.0014968531135
406.54 0.00147840896368
406.55 0.00145938545738
406.56 0.00143987033235
406.57 0.00141995585472
406.58 0.00139973884268
406.59 0.00137932070069
406.6 0.00135880746569
406.61 0.00133830986626
406.62 0.00131794339595
406.63 0.00129782840155
406.64 0.00127809018731
406.65 0.00125885913565
406.66 0.00124027084488
406.67 0.00122246628439
406.68 0.00120559196747
406.69 0.00118980014159
406.7 0.00117524899616
406.71 0.00116210288716
406.72 0.00115053257805
406.73 0.00114071549604
406.74 0.00113283600262
406.75 0.00112708567696
406.76 0.0011236636105
406.77 0.00112277671091
406.78 0.00112464001319
406.79 0.00112947699557
406.8 0.00113751989756
406.81 0.00114901003712
406.82 0.00116419812394
406.83 0.00118334456537
406.84 0.00120671976129
406.85 0.00123460438428
406.86 0.00126728964086
406.87 0.00130507750969
406.88 0.00134828095236
406.89 0.00139722409218
406.9 0.00145224235642
406.91 0.00151368257729
406.92 0.00158190304683
406.93 0.00165727352099
406.94 0.0017401751681
406.95 0.00183100045707
406.96 0.00193015298063
406.97 0.00203804720909
406.98 0.0021551081705
406.99 0.00228177105282
407.0 0.00241848072456
407.01 0.00256569117021
407.02 0.0027238648374
407.03 0.00289347189297
407.04 0.00307498938581
407.05 0.00326890031455
407.06 0.00347569259904
407.07 0.00369585795485
407.08 0.00392989067094
407.09 0.00417828629115
407.1 0.00444154020094
407.11 0.00472014612159
407.12 0.00501459451477
407.13 0.0053253709013
407.14 0.00565295409871
407.15 0.005997814383
407.16 0.00636041158092
407.17 0.00674119309996
407.18 0.00714059190397
407.19 0.00755902444338
407.2 0.00799688854949
407.21 0.00845456130342
407.22 0.00893239689088
407.23 0.00943072445452
407.24 0.00994984595665
407.25 0.0104900340651
407.26 0.0110515300763
407.27 0.0116345418891
407.28 0.0122392420441
407.29 0.0128657658436
407.3 0.0135142095652
407.31 0.0141846287867
407.32 0.0148770368337
407.33 0.0155914033678
407.34 0.016327653127
407.35 0.017085664833
407.36 0.0178652702789
407.37 0.018666253609
407.38 0.019488350803
407.39 0.020331249374
407.4 0.0211945882909
407.41 0.0220779581325
407.42 0.0229809014808
407.43 0.0239029135579
407.44 0.0248434431108
407.45 0.0258018935461
407.46 0.0267776243143
407.47 0.0277699525427
407.48 0.0287781549123
407.49 0.0298014697748
407.5 0.0308390995002
407.51 0.0318902130475
407.52 0.0329539487445
407.53 0.0340294172662
407.54 0.0351157047934
407.55 0.0362118763367
407.56 0.037316979204
407.57 0.0384300465941
407.58 0.0395501012909
407.59 0.0406761594357
407.6 0.0418072343529
407.61 0.0429423404018
407.62 0.0440804968283
407.63 0.0452207315873
407.64 0.0463620851089
407.65 0.0475036139789
407.66 0.0486443945043
407.67 0.0497835261364
407.68 0.0509201347228
407.69 0.0520533755605
407.7 0.0531824362243
407.71 0.0543065391452
407.72 0.0554249439146
407.73 0.056536949292
407.74 0.0576418948978
407.75 0.0587391625703
407.76 0.0598281773742
407.77 0.0609084082456
407.78 0.0619793682644
407.79 0.0630406145454
407.8 0.0640917477457
407.81 0.0651324111845
407.82 0.0661622895802
407.83 0.0671811074075
407.84 0.0681886268847
407.85 0.069184645602
407.86 0.0701689938062
407.87 0.0711415313609
407.88 0.0721021444015
407.89 0.0730507417113
407.9 0.0739872508451
407.91 0.0749116140293
407.92 0.0758237838717
407.93 0.0767237189153
407.94 0.0776113790711
407.95 0.0784867209695
407.96 0.079349693268
407.97 0.0802002319569
407.98 0.0810382557027
407.99 0.0818636612717
408.0 0.0826763190733
408.01 0.0834760688669
408.02 0.0842627156695
408.03 0.0850360259058
408.04 0.0857957238367
408.05 0.0865414883038
408.06 0.087272949823
408.07 0.0879896880595
408.08 0.0886912297125
408.09 0.089377046836
408.1 0.0900465556187
408.11 0.0906991156429
408.12 0.0913340296361
408.13 0.0919505437306
408.14 0.0925478482363
408.15 0.093125078933
408.16 0.0936813188801
408.17 0.0942156007423
408.18 0.0947269096208
408.19 0.0952141863788
408.2 0.0956763314454
408.21 0.0961122090772
408.22 0.0965206520543
408.23 0.0969004667827
408.24 0.0972504387733
408.25 0.0975693384629
408.26 0.0978559273407
408.27 0.0981089643417
408.28 0.0983272124642
408.29 0.0985094455691
408.3 0.0986544553155
408.31 0.0987610581864
408.32 0.0988281025566
408.33 0.0988544757563
408.34 0.098839111082
408.35 0.0987809947063
408.36 0.098679172441
408.37 0.0985327563064
408.38 0.098340930862
408.39 0.0981029592561
408.4 0.0978181889528
408.41 0.0974860570974
408.42 0.0971060954834
408.43 0.096677935089
408.44 0.0962013101508
408.45 0.0956760617485
408.46 0.095102140877
408.47 0.0944796109845
408.48 0.0938086499609
408.49 0.0930895515642
408.5 0.0923227262744
408.51 0.0915087015716
408.52 0.0906481216361
408.53 0.0897417464733
408.54 0.0887904504699
408.55 0.0877952203919
408.56 0.0867571528379
408.57 0.0856774511637
408.58 0.0845574219003
408.59 0.083398470688
408.6 0.0822020977517
408.61 0.080969892948
408.62 0.0797035304145
408.63 0.0784047628537
408.64 0.0770754154885
408.65 0.0757173797241
408.66 0.0743326065559
408.67 0.0729230997606
408.68 0.071490908912
408.69 0.0700381222594
408.7 0.068566859511
408.71 0.0670792645602
408.72 0.065577498196
408.73 0.0640637308349
408.74 0.0625401353137
408.75 0.0610088797782
408.76 0.0594721207055
408.77 0.0579319960905
408.78 0.0563906188314
408.79 0.0548500703433
408.8 0.0533123944262
408.81 0.0517795914161
408.82 0.0502536126396
408.83 0.0487363551945
408.84 0.0472296570745
408.85 0.0457352926542
408.86 0.0442549685461
408.87 0.0427903198427
408.88 0.0413429067497
408.89 0.0399142116178
408.9 0.0385056363738
408.91 0.0371185003548
408.92 0.035754038541
408.93 0.0344134001848
408.94 0.0330976478298
408.95 0.0318077567119
408.96 0.0305446145313
408.97 0.0293090215859
408.98 0.0281016912504
408.99 0.0269232507878
409.0 0.025774242477
409.01 0.0246551250384
409.02 0.0235662753402
409.03 0.0225079903655
409.04 0.0214804894208
409.05 0.0204839165659
409.06 0.0195183432436
409.07 0.0185837710887
409.08 0.0176801348957
409.09 0.0168073057236
409.1 0.0159650941173
409.11 0.0151532534256
409.12 0.014371483194
409.13 0.0136194326156
409.14 0.0128967040189
409.15 0.0122028563745
409.16 0.0115374088053
409.17 0.0108998440808
409.18 0.0102896120824
409.19 0.00970613322341
409.2 0.00914880181065
409.21 0.00861698933554
409.22 0.0081100476822
409.23 0.00762731224275
409.24 0.00716810493006
409.25 0.00673173707979
409.26 0.00631751223428
409.27 0.00592472880212
409.28 0.00555268258816
409.29 0.00520066918968
409.3 0.00486798625543
409.31 0.00455393560513
409.32 0.00425782520798
409.33 0.00397897101931
409.34 0.00371669867572
409.35 0.00347034504912
409.36 0.00323925966154
409.37 0.00302280596242
409.38 0.00282036247121
409.39 0.00263132378841
409.4 0.00245510147849
409.41 0.00229112482882
409.42 0.00213884148883
409.43 0.00199771799407
409.44 0.00186724018002
409.45 0.00174691349059
409.46 0.00163626318677
409.47 0.00153483446042
409.48 0.00144219245893
409.49 0.00135792222587
409.5 0.00128162856328
409.51 0.00121293582092
409.52 0.00115148761773
409.53 0.00109694650101
409.54 0.00104899354826
409.55 0.00100732791676
409.56 0.000971666345964
409.57 0.000941742617288
409.58 0.000917306975965
409.59 0.000898125519447
409.6 0.000883979556552
409.61 0.000874664941495
409.62 0.000869991386695
409.63 0.000869781758082
409.64 0.000873871356494
409.65 0.000882107188505
409.66 0.000894347229929
409.67 0.000910459685031
409.68 0.000930322244327
409.69 0.000953821343726
409.7 0.00098085142757
409.71 0.00101131421805
409.72 0.00104511799327
409.73 0.00108217687621
409.74 0.00112241013653
409.75 0.00116574150738
409.76 0.00121209851877
409.77 0.00126141184955
409.78 0.00131361469943
409.79 0.00136864218267
409.8 0.00142643074496
409.81 0.00148691760478
409.82 0.00155004022061
409.83 0.00161573578519
409.84 0.00168394074798
409.85 0.00175459036686
409.86 0.00182761829008
409.87 0.00190295616936
409.88 0.00198053330496
409.89 0.00206027632336
409.9 0.00214210888843
409.91 0.00222595144637
409.92 0.00231172100508
409.93 0.00239933094819
409.94 0.00248869088418
409.95 0.0025797065305
409.96 0.00267227963304
409.97 0.00276630792055
409.98 0.00286168509415
409.99 0.00295830085141
410.0 0.00305604094461
410.01 0.00315478727272
410.02 0.00325441800637
410.03 0.0033548077449
410.04 0.00345582770477
410.05 0.00355734593808
410.06 0.00365922758006
410.07 0.0037613351243
410.08 0.00386352872411
410.09 0.00396566651864
410.1 0.00406760498187
410.11 0.00416919929292
410.12 0.00427030372554
410.13 0.00437077205503
410.14 0.00447045798026
410.15 0.0045692155589
410.16 0.00466689965334
410.17 0.00476336638531
410.18 0.00485847359651
410.19 0.00495208131323
410.2 0.00504405221224
410.21 0.00513425208571
410.22 0.00522255030268
410.23 0.0053088202646
410.24 0.00539293985266
410.25 0.00547479186447
410.26 0.00555426443777
410.27 0.00563125145905
410.28 0.00570565295476
410.29 0.00577737546313
410.3 0.00584633238461
410.31 0.00591244430904
410.32 0.0059756393179
410.33 0.00603585325991
410.34 0.00609302999861
410.35 0.00614712163069
410.36 0.00619808867375
410.37 0.00624590022265
410.38 0.0062905340737
410.39 0.0063319768159
410.4 0.006370223889
410.41 0.00640527960794
410.42 0.00643715715382
410.43 0.00646587853134
410.44 0.00649147449312
410.45 0.00651398443136
410.46 0.00653345623757
410.47 0.00654994613108
410.48 0.00656351845752
410.49 0.00657424545829
410.5 0.0065822070124
410.51 0.00658749035214
410.52 0.00659018975421
410.53 0.00659040620784
410.54 0.00658824706199
410.55 0.00658382565322
410.56 0.00657726091652
410.57 0.00656867698084
410.58 0.00655820275162
410.59 0.00654597148238
410.6 0.00653212033744
410.61 0.00651678994797
410.62 0.00650012396356
410.63 0.00648226860118
410.64 0.00646337219386
410.65 0.00644358474086
410.66 0.00642305746133
410.67 0.00640194235331
410.68 0.00638039175974
410.69 0.00635855794319
410.7 0.00633659267069
410.71 0.00631464681016
410.72 0.00629286993954
410.73 0.00627140996986
410.74 0.00625041278308
410.75 0.00623002188553
410.76 0.00621037807761
410.77 0.00619161914016
410.78 0.00617387953793
410.79 0.00615729014027
410.8 0.00614197795904
410.81 0.00612806590371
410.82 0.00611567255332
410.83 0.00610491194501
410.84 0.00609589337855
410.85 0.00608872123635
410.86 0.00608349481821
410.87 0.00608030819004
410.88 0.00607925004579
410.89 0.0060804035816
410.9 0.00608384638129
410.91 0.00608965031226
410.92 0.00609788143081
410.93 0.00610859989597
410.94 0.00612185989086
410.95 0.0061377095508
410.96 0.00615619089718
410.97 0.00617733977652
410.98 0.0062011858039
410.99 0.00622775231017
411.0 0.00625705629265
411.01 0.00628910836862
411.02 0.00632391273168
411.03 0.00636146711063
411.04 0.00640176273105
411.05 0.00644478427952
411.06 0.00649050987109
411.07 0.00653891101999
411.08 0.00658995261461
411.09 0.00664359289705
411.1 0.00669978344827
411.11 0.00675846917975
411.12 0.00681958833262
411.13 0.00688307248544
411.14 0.00694884657189
411.15 0.00701682890964
411.16 0.00708693124167
411.17 0.00715905879151
411.18 0.00723311033383
411.19 0.00730897828163
411.2 0.00738654879164
411.21 0.00746570188903
411.22 0.007546311613
411.23 0.00762824618419
411.24 0.00771136819532
411.25 0.0077955348258
411.26 0.00788059808141
411.27 0.00796640505967
411.28 0.00805279824154
411.29 0.00813961580972
411.3 0.00822669199393
411.31 0.00831385744303
411.32 0.00840093962377
411.33 0.00848776324582
411.34 0.00857415071233
411.35 0.00865992259511
411.36 0.0087448981334
411.37 0.00882889575469
411.38 0.00891173361615
411.39 0.00899323016478
411.4 0.00907320471418
411.41 0.00915147803577
411.42 0.00922787296196
411.43 0.00930221499855
411.44 0.00937433294378
411.45 0.0094440595107
411.46 0.00951123195014
411.47 0.00957569267075
411.48 0.00963728985299
411.49 0.00969587805357
411.5 0.00975131879704
411.51 0.00980348115089
411.52 0.00985224228091
411.53 0.00989748798323
411.54 0.0099391131898
411.55 0.00997702244391
411.56 0.0100111303426
411.57 0.0100413619432
411.58 0.0100676531301
411.59 0.0100899509408
411.6 0.010108213847
411.61 0.010122411989
411.62 0.010132527362
411.63 0.0101385539517
411.64 0.010140497818
411.65 0.0101383771252
411.66 0.0101322221189
411.67 0.0101220750472
411.68 0.0101079900278
411.69 0.0100900328593
411.7 0.0100682807788
411.71 0.0100428221647
411.72 0.0100137561874
411.73 0.0099811924082
411.74 0.00994525032827
411.75 0.00990605889017
411.76 0.00986375593373
411.77 0.00981848760915
411.78 0.00977040775013
411.79 0.00971967721032
411.8 0.00966646316626
411.81 0.00961093839074
411.82 0.00955328050018
411.83 0.00949367118016
411.84 0.0094322953933
411.85 0.00936934057372
411.86 0.00930499581255
411.87 0.00923945103898
411.88 0.00917289620132
411.89 0.00910552045273
411.9 0.00903751134602
411.91 0.00896905404217
411.92 0.00890033053683
411.93 0.00883151890925
411.94 0.00876279259778
411.95 0.0086943197059
411.96 0.0086262623428
411.97 0.0085587760019
411.98 0.00849200898086
411.99 0.00842610184617
412.0 0.00836118694515
412.01 0.00829738796778
412.02 0.0082348195608
412.03 0.00817358699571
412.04 0.00811378589232
412.05 0.00805550199888
412.06 0.00799881102977
412.07 0.00794377856078
412.08 0.00789045998242
412.09 0.00783890051047
412.1 0.00778913525328
412.11 0.00774118933459
412.12 0.00769507807026
412.13 0.00765080719722
412.14 0.0076083731523
412.15 0.00756776339835
412.16 0.00752895679494
412.17 0.00749192401038
412.18 0.00745662797163
412.19 0.00742302434854
412.2 0.00739106206844
412.21 0.00736068385714
412.22 0.00733182680205
412.23 0.0073044229331
412.24 0.00727839981715
412.25 0.00725368116129
412.26 0.00723018742067
412.27 0.00720783640633
412.28 0.00718654388867
412.29 0.00716622419224
412.3 0.0071467907776
412.31 0.00712815680629
412.32 0.00711023568499
412.33 0.00709294158534
412.34 0.00707618993586
412.35 0.007059897883
412.36 0.00704398471845
412.37 0.00702837227018
412.38 0.00701298525507
412.39 0.00699775159127
412.4 0.00698260266891
412.41 0.00696747357801
412.42 0.00695230329287
412.43 0.0069370348127
412.44 0.00692161525855
412.45 0.00690599592684
412.46 0.00689013230047
412.47 0.00687398401865
412.48 0.00685751480686
412.49 0.0068406923689
412.5 0.00682348824323
412.51 0.00680587762584
412.52 0.00678783916262
412.53 0.00676935471407
412.54 0.00675040909539
412.55 0.00673098979554
412.56 0.00671108667854
412.57 0.00669069167069
412.58 0.00666979843739
412.59 0.00664840205321
412.6 0.00662649866906
412.61 0.00660408518001
412.62 0.00658115889748
412.63 0.0065577172294
412.64 0.00653375737164
412.65 0.00650927601403
412.66 0.00648426906418
412.67 0.00645873139171
412.68 0.00643265659581
412.69 0.00640603679836
412.7 0.00637886246473
412.71 0.00635112225411
412.72 0.00632280290093
412.73 0.00629388912843
412.74 0.00626436359543
412.75 0.00623420687659
412.76 0.00620339747676
412.77 0.00617191187884
412.78 0.00613972462513
412.79 0.00610680843113
412.8 0.00607313433087
412.81 0.00603867185241
412.82 0.00600338922185
412.83 0.005967253594
412.84 0.00593023130754
412.85 0.00589228816246
412.86 0.00585338971709
412.87 0.00581350160219
412.88 0.00577258984916
412.89 0.00573062122955
412.9 0.00568756360271
412.91 0.0056433862686
412.92 0.00559806032269
412.93 0.00555155900971
412.94 0.00550385807333
412.95 0.00545493609869
412.96 0.00540477484478
412.97 0.00535335956394
412.98 0.00530067930573
412.99 0.00524672720262
413.0 0.00519150073506
413.01 0.00513500197381
413.02 0.00507723779751
413.03 0.0050182200836
413.04 0.0049579658712
413.05 0.00489649749447
413.06 0.00483384268545
413.07 0.00477003464547
413.08 0.00470511208465
413.09 0.00463911922897
413.1 0.00457210579495
413.11 0.00450412693202
413.12 0.00443524313295
413.13 0.00436552011287
413.14 0.00429502865788
413.15 0.00422384444397
413.16 0.00415204782775
413.17 0.00407972361016
413.18 0.00400696077479
413.19 0.00393385220249
413.2 0.00386049436409
413.21 0.00378698699316
413.22 0.00371343274078
413.23 0.00363993681455
413.24 0.00356660660386
413.25 0.0034935512938
413.26 0.00342088146973
413.27 0.00334870871497
413.28 0.00327714520371
413.29 0.00320630329146
413.3 0.00313629510514
413.31 0.00306723213505
413.32 0.00299922483066
413.33 0.00293238220243
413.34 0.00286681143143
413.35 0.00280261748867
413.36 0.00273990276587
413.37 0.00267876671934
413.38 0.00261930552847
413.39 0.00256161177027
413.4 0.00250577411123
413.41 0.00245187701777
413.42 0.00240000048618
413.43 0.0023502197932
413.44 0.00230260526786
413.45 0.00225722208539
413.46 0.00221413008374
413.47 0.0021733836032
413.48 0.00213503134936
413.49 0.00209911627983
413.5 0.00206567551465
413.51 0.00203474027047
413.52 0.00200633581853
413.53 0.00198048146605
413.54 0.00195719056092
413.55 0.00193647051926
413.56 0.00191832287538
413.57 0.00190274335367
413.58 0.00188972196167
413.59 0.00187924310384
413.6 0.00187128571509
413.61 0.00186582341326
413.62 0.00186282466981
413.63 0.00186225299754
413.64 0.00186406715448
413.65 0.00186822136291
413.66 0.00187466554218
413.67 0.00188334555438
413.68 0.00189420346156
413.69 0.0019071777932
413.7 0.00192220382263
413.71 0.00193921385119
413.72 0.00195813749852
413.73 0.00197890199787
413.74 0.00200143249471
413.75 0.00202565234743
413.76 0.00205148342855
413.77 0.00207884642499
413.78 0.00210766113591
413.79 0.00213784676677
413.8 0.00216932221791
413.81 0.00220200636646
413.82 0.00223581834
413.83 0.00227067778062
413.84 0.00230650509806
413.85 0.00234322171056
413.86 0.00238075027221
413.87 0.00241901488571
413.88 0.00245794129918
413.89 0.00249745708632
413.9 0.00253749180866
413.91 0.00257797715934
413.92 0.00261884708752
413.93 0.00266003790281
413.94 0.00270148835935
413.95 0.00274313971903
413.96 0.00278493579373
413.97 0.00282682296641
413.98 0.00286875019118
413.99 0.00291066897247
414.0 0.00295253332373
414.01 0.00299429970611
414.02 0.00303592694781
414.03 0.00307737614485
414.04 0.00311861054431
414.05 0.00315959541096
414.06 0.00320029787874
414.07 0.00324068678822
414.08 0.00328073251173
414.09 0.00332040676756
414.1 0.00335968242511
414.11 0.00339853330264
414.12 0.00343693395963
414.13 0.00347485948549
414.14 0.0035122852869
414.15 0.00354918687541
414.16 0.00358553965776
414.17 0.00362131873066
414.18 0.00365649868214
414.19 0.00369105340153
414.2 0.00372495589995
414.21 0.00375817814322
414.22 0.00379069089891
414.23 0.00382246359936
414.24 0.00385346422207
414.25 0.00388365918913
414.26 0.00391301328671
414.27 0.00394148960598
414.28 0.00396904950635
414.29 0.00399565260179
414.3 0.00402125677081
414.31 0.00404581819058
414.32 0.00406929139531
414.33 0.00409162935893
414.34 0.00411278360176
414.35 0.00413270432086
414.36 0.00415134054327
414.37 0.0041686403015
414.38 0.00418455082994
414.39 0.00419901878123
414.4 0.00421199046104
414.41 0.00422341207959
414.42 0.00423323001841
414.43 0.00424139111011
414.44 0.00424784292948
414.45 0.00425253409346
414.46 0.00425541456805
414.47 0.0042564359796
414.48 0.00425555192824
414.49 0.00425271830109
414.5 0.00424789358267
414.51 0.0042410391603
414.52 0.00423211962187
414.53 0.00422110304387
414.54 0.00420796126723
414.55 0.00419267015878
414.56 0.00417520985642
414.57 0.0041555649957
414.58 0.00413372491629
414.59 0.00410968384648
414.6 0.00408344106419
414.61 0.00405500103319
414.62 0.00402437351335
414.63 0.00399157364397
414.64 0.0039566219994
414.65 0.00391954461643
414.66 0.00388037299303
414.67 0.00383914405852
414.68 0.00379590011493
414.69 0.00375068875014
414.7 0.00370356272316
414.71 0.00365457982223
414.72 0.00360380269673
414.73 0.00355129866387
414.74 0.0034971394915
414.75 0.00344140115836
414.76 0.00338416359337
414.77 0.00332551039571
414.78 0.00326552853734
414.79 0.00320430804998
414.8 0.00314194169862
414.81 0.00307852464334
414.82 0.0030141540919
414.83 0.00294892894502
414.84 0.00288294943651
414.85 0.00281631677059
414.86 0.00274913275834
414.87 0.00268149945557
414.88 0.00261351880396
414.89 0.00254529227775
414.9 0.00247692053766
414.91 0.00240850309397
414.92 0.00234013798055
414.93 0.00227192144132
414.94 0.00220394763083
414.95 0.0021363083301
414.96 0.00206909267916
414.97 0.0020023869273
414.98 0.00193627420193
414.99 0.00187083429695
415.0 0.00180614348121
415.01 0.00174227432755
415.02 0.00167929556288
415.03 0.00161727193935
415.04 0.00155626412679
415.05 0.00149632862631
415.06 0.00143751770484
415.07 0.00137987935031
415.08 0.00132345724693
415.09 0.00126829077017
415.1 0.00121441500055
415.11 0.0011618607557
415.12 0.00111065463965
415.13 0.0010608191086
415.14 0.00101237255202
415.15 0.000965329388143
415.16 0.000919700172728
415.17 0.000875491719963
415.18 0.000832707234345
415.19 0.00079134645239
415.2 0.000751405792977
415.21 0.000712878515156
415.22 0.000675754882251
415.23 0.000640022331103
415.24 0.000605665645335
415.25 0.000572667131534
415.26 0.000541006797297
415.27 0.000510662530125
415.28 0.000481610276192
415.29 0.000453824218087
415.3 0.00042727695064
415.31 0.000401939654068
415.32 0.000377782263663
415.33 0.000354773635363
415.34 0.000332881706594
415.35 0.000312073651806
415.36 0.000292316032253
415.37 0.000273574939559
415.38 0.000255816132726
415.39 0.000239005168291
415.4 0.000223107523371
415.41 0.000208088711435
415.42 0.000193914390666
415.43 0.000180550464836
415.44 0.000167963176674
415.45 0.000156119193752
415.46 0.000144985686935
415.47 0.00013453040153
415.48 0.00012472172124
415.49 0.000115528725123
415.5 0.000106921237741
415.51 9.88698727445e-05
415.52 9.13460701254e-05
415.53 8.43221274185e-05
415.54 7.77712251386e-05
415.55 7.16674467465e-05
415.56 6.59857934566e-05
415.57 6.07021941993e-05
415.58 5.57935110586e-05
415.59 5.12375405073e-05
415.6 4.70130107597e-05
415.61 4.30995755611e-05
415.62 3.94778047269e-05
415.63 3.61291717411e-05
415.64 3.30360387112e-05
415.65 3.01816389719e-05
415.66 2.75500576178e-05
415.67 2.51262102322e-05
415.68 2.28958200706e-05
415.69 2.08453939409e-05
415.7 1.89621970118e-05
415.71 1.72342267647e-05
415.72 1.5650186292e-05
415.73 1.41994571307e-05
415.74 1.2872071804e-05
415.75 1.16586862328e-05
415.76 1.05505521621e-05
415.77 9.53948973597e-06
415.78 8.61786034095e-06
415.79 7.77853982408e-06
415.8 7.01489218152e-06
415.81 6.32074380018e-06
415.82 5.69035832479e-06
415.83 5.11841221183e-06
415.84 4.599971022e-06
415.85 4.13046649367e-06
415.86 3.70567443084e-06
415.87 3.32169343169e-06
415.88 2.97492447573e-06
415.89 2.66205138147e-06
415.9 2.38002213988e-06
415.91 2.12603112377e-06
415.92 1.89750216795e-06
415.93 1.69207251087e-06
415.94 1.50757758418e-06
415.95 1.34203663382e-06
415.96 1.19363915265e-06
415.97 1.06073210281e-06
415.98 9.4180790333e-07
415.99 8.35493157275e-07
416.0 7.4053809118e-07
416.01 6.55806678472e-07
416.02 5.80267417987e-07
416.03 5.1298473816e-07
416.04 4.53110997293e-07
416.05 3.99879050292e-07
416.06 3.52595352482e-07
416.07 3.10633571468e-07
416.08 2.73428678517e-07
416.09 2.40471491579e-07
416.1 2.11303642801e-07
416.11 1.85512944221e-07
416.12 1.62729126233e-07
416.13 1.42619924352e-07
416.14 1.24887490837e-07
416.15 1.09265108727e-07
416.16 9.55141869125e-08
416.17 8.3421515924e-08
416.18 7.27967651541e-08
416.19 6.34702033037e-08
416.2 5.52906248639e-08
416.21 4.81234664635e-08
416.22 4.18490979033e-08
416.23 3.636127366e-08
416.24 3.15657315707e-08
416.25 2.73789263061e-08
416.26 2.37268860961e-08
416.27 2.05441819954e-08
416.28 1.77729997538e-08
416.29 1.53623051014e-08
416.3 1.32670939568e-08
416.31 1.14477197343e-08
416.32 9.8692905448e-09
416.33 8.50112967279e-09
416.34 7.31629326108e-09
416.35 6.2911396449e-09
416.36 5.40494525595e-09
416.37 4.63956246013e-09
416.38 3.97911510465e-09
416.39 3.40972793144e-09
416.4 2.91928636616e-09
416.41 2.49722351668e-09
416.42 2.13433151413e-09
416.43 1.82259460381e-09
416.44 1.55504164525e-09
416.45 1.32561591079e-09
416.46 1.12906028262e-09
416.47 9.60816139952e-10
416.48 8.1693440262e-10
416.49 6.93997356184e-10
416.5 5.89050027481e-10
416.51 4.99540009989e-10
416.52 4.2326475629e-10
416.53 3.58325461358e-10
416.54 3.03086756344e-10
416.55 2.56141518918e-10
416.56 2.16280183794e-10
416.57 1.82464006749e-10
416.58 1.53801797812e-10
416.59 1.29529695119e-10
416.6 1.08993600805e-10
416.61 9.16339447935e-11
416.62 7.69724819503e-11
416.63 6.46008633331e-11
416.64 5.41707535813e-11
416.65 4.5385294257e-11
416.66 3.79917375619e-11
416.67 3.17750966202e-11
416.68 2.65526777507e-11
416.69 2.21693771185e-11
416.7 1.8493639109e-11
416.71 1.54139869241e-11
416.72 1.28360474616e-11
416.73 1.06800026902e-11
416.74 8.8784086263e-12
416.75 7.37433080915e-12
416.76 6.11975197802e-12
416.77 5.07421360446e-12
416.78 4.20365811692e-12
416.79 3.47944317395e-12
416.8 2.87750327218e-12
416.81 2.3776373908e-12
416.82 1.96290433836e-12
416.83 1.61911003696e-12
416.84 1.33437320359e-12
416.85 1.09875781172e-12
416.86 9.03962378032e-13
416.87 7.43057552105e-13
416.88 6.10264722127e-13
416.89 5.00769412518e-13
416.9 4.10564163048e-13
416.91 3.36316363579e-13
416.92 2.75257191434e-13
416.93 2.25088374757e-13
416.94 1.83903998426e-13
416.95 1.50124990606e-13
416.96 1.22444287877e-13
416.97 9.97809837041e-14
416.98 8.12420264039e-14
416.99 6.60902551154e-14
417.0 5.37177512493e-14
417.01 4.36236433218e-14
417.02 3.53956390902e-14
417.03 2.86946741202e-14
417.04 2.32421633883e-14
417.05 1.8809424893e-14
417.06 1.52089137917e-14
417.07 1.22869642149e-14
417.08 9.9177853028e-15
417.09 7.99849956689e-15
417.1 6.4450466101e-15
417.11 5.18880456133e-15
417.12 4.17380617674e-15
417.13 3.35444716179e-15
417.14 2.69360151072e-15
417.15 2.16107307304e-15
417.16 1.73232459209e-15
417.17 1.38743550076e-15
417.18 1.11024812452e-15
417.19 8.8766890547e-16
417.2 7.09097051015e-16
417.21 5.65957819534e-16
417.22 4.5132164607e-16
417.23 3.59593618036e-16
417.24 2.86260549458e-16
417.25 2.2768516715e-16
417.26 1.80938793573e-16
417.27 1.43665455726e-16
417.28 1.13971622898e-16
417.29 9.03368250933e-17
417.3 7.15412669271e-17
417.31 5.66072612483e-17
417.32 4.47518891408e-17
417.33 3.53487707488e-17
417.34 2.78972228314e-17
417.35 2.19973993834e-17
417.36 1.73302736858e-17
417.37 1.3641534182e-17
417.38 1.07286412341e-17
417.39 8.43043419347e-18
417.4 6.61879416766e-18
417.41 5.19196219107e-18
417.42 4.06918916686e-18
417.43 3.18645618305e-18
417.44 2.49305428353e-18
417.45 1.94885367185e-18
417.46 1.52212542821e-18
417.47 1.18780558645e-18
417.48 9.26113038422e-19
417.49 7.21450180268e-19
417.5 5.61529279968e-19
417.51 4.36678872081e-19
417.52 3.39293598421e-19
417.53 2.63398237294e-19
417.54 2.04302544435e-19
417.55 1.5832824556e-19
417.56 1.22593300072e-19
417.57 9.48415810226e-20
417.58 7.33085360689e-20
417.59 5.66153271828e-20
417.6 4.36854897228e-20
417.61 3.36793815775e-20
417.62 2.59426729535e-20
417.63 1.99659070872e-20
417.64 1.53527820046e-20
417.65 1.17952957215e-20
417.66 9.05428783274e-21
417.67 6.94422000977e-21
417.68 5.32128304227e-21
417.69 4.07411196891e-21
417.7 3.11654407922e-21
417.71 2.38197555138e-21
417.72 1.81896791245e-21
417.73 1.38783069579e-21
417.74 1.05796585749e-21
417.75 8.05806058895e-22
417.76 6.13215490699e-22
417.77 4.66250615851e-22
417.78 3.54200713961e-22
417.79 2.68845739614e-22
417.8 2.03882803875e-22
417.81 1.54483375039e-22
417.82 1.16951719925e-22
417.83 8.84616813675e-23
417.84 6.68540125818e-23
417.85 5.04804805392e-23
417.86 3.80840559628e-23
417.87 2.87069214813e-23
417.88 2.16199039769e-23
417.89 1.62683914026e-23
417.9 1.22309214483e-23
417.91 9.18750215369e-24
417.92 6.89539966386e-24
417.93 5.17065004609e-24
417.94 3.87395489519e-24
417.95 2.89993114944e-24
417.96 2.16892495944e-24
417.97 1.62078376814e-24
417.98 1.21012252057e-24
417.99 9.02728846534e-25
418.0 6.72835674509e-25
418.01 5.01053860269e-25
418.02 3.72806544087e-25
418.03 2.77144557506e-25
418.04 2.05850958838e-25
418.05 1.52764747502e-25
418.06 1.13270576636e-25
418.07 8.39140705857e-26
418.08 6.21120951016e-26
418.09 4.59347419622e-26
418.1 3.39414268893e-26
418.11 2.50577818176e-26
418.12 1.84832723729e-26
418.13 1.36219353845e-26
418.14 1.00304976585e-26
418.15 7.37954963875e-27
418.16 5.42451542409e-27
418.17 3.98396717002e-27
418.18 2.92344054594e-27
418.19 2.14336677147e-27
418.2 1.57008235773e-27
418.21 1.14913773543e-27
418.22 8.40321453698e-28
418.23 6.13963465794e-28
418.24 4.48191193805e-28
418.25 3.26894656673e-28
418.26 2.38218802381e-28
418.27 1.73447468103e-28
418.28 1.26177989981e-28
418.29 9.17113227898e-29
418.3 6.66018085884e-29
418.31 4.83251043425e-29
418.32 3.50334809014e-29
418.33 2.53756685702e-29
418.34 1.83643435467e-29
418.35 1.32787451661e-29
418.36 9.59317521328e-30
418.37 6.92454798966e-30
418.38 4.9939500562e-30
418.39 3.59849308537e-30
418.4 2.59072229667e-30
418.41 1.86356594553e-30
418.42 1.33934475396e-30
418.43 9.61753352332e-31
418.44 6.90015345246e-31
418.45 4.94626638548e-31
418.46 3.54258245422e-31
418.47 2.53504775635e-31
418.48 1.81249173789e-31
418.49 1.29476108661e-31
418.5 9.24116987738e-32
418.51 6.59003895351e-32
418.52 4.69540136746e-32
418.53 3.34257511051e-32
418.54 2.37746066578e-32
418.55 1.68954287944e-32
418.56 1.19963411809e-32
418.57 8.51044191059e-33
418.58 6.03224715344e-33
418.59 4.27198633776e-33
418.6 3.02276437774e-33
418.61 2.13698979643e-33
418.62 1.509469402e-33
418.63 1.06529500815e-33
418.64 7.51171638956e-34
418.65 5.29215048951e-34
418.66 3.72519405282e-34
418.67 2.61992783471e-34
418.68 1.84099864754e-34
418.69 1.292532055e-34
418.7 9.06677603405e-35
418.71 6.35459923331e-35
418.72 4.44986828906e-35
418.73 3.11336371513e-35
418.74 2.17638776189e-35
418.75 1.52007985388e-35
418.76 1.06076759402e-35
418.77 7.39601523051e-36
418.78 5.15227532249e-36
418.79 3.58611357984e-36
418.8 2.49386379912e-36
418.81 1.73278681283e-36
418.82 1.20293247571e-36
418.83 8.34374605765e-37
418.84 5.78235323406e-37
418.85 4.00379535663e-37
418.86 2.76989200785e-37
418.87 1.91459762262e-37
418.88 1.32225709468e-37
418.89 9.12384731934e-38
418.9 6.29019088175e-38
418.91 4.33284699221e-38
418.92 2.98199282063e-38
418.93 2.05051781439e-38
418.94 1.408783357e-38
418.95 9.67049245704e-39
418.96 6.63249118111e-39
418.97 4.54494345473e-39
418.98 3.11174499768e-39
418.99 2.12864494742e-39
419.0 1.454876634e-39
419.01 9.93511325421e-40
419.02 6.77864964389e-40
419.03 4.62101380653e-40
419.04 3.14742258462e-40
419.05 2.14188702521e-40
419.06 1.45633663901e-40
419.07 9.89351699226e-41
419.08 6.71526792465e-41
419.09 4.55406996013e-41
419.1 3.08574308026e-41
419.11 2.0890245415e-41
419.12 1.41302886238e-41
419.13 9.54953524789e-42
419.14 6.44817999423e-42
419.15 4.35026567072e-42
419.16 2.93236563257e-42
419.17 1.97489574548e-42
419.18 1.32890501394e-42
419.19 8.93444168037e-43
419.2 6.00156631335e-43
419.21 4.02796336989e-43
419.22 2.70103448042e-43
419.23 1.80966612355e-43
419.24 1.21140816753e-43
419.25 8.10226140422e-44
419.26 5.4143423971e-44
419.27 3.6150049388e-44
419.28 2.41154730688e-44
419.29 1.60733495385e-44
419.3 1.07038670216e-44
419.31 7.12194693427e-45
419.32 4.73456926271e-45
419.33 3.1447485654e-45
419.34 2.08696465347e-45
419.35 1.38378293957e-45
419.36 9.16736583722e-46
419.37 6.06799013775e-46
419.38 4.01299743524e-46
419.39 2.65165250959e-46
419.4 1.75060454435e-46
419.41 1.15473732774e-46
419.42 7.6103051476e-47
419.43 5.0112336154e-47
419.44 3.29693921521e-47
419.45 2.16720973916e-47
419.46 1.42335968128e-47
419.47 9.34011208804e-48
419.48 6.12369044852e-48
419.49 4.01141951118e-48
419.5 2.62546751138e-48
419.51 1.71687598923e-48
419.52 1.12174700324e-48
419.53 7.32275698018e-49
419.54 4.7761508761e-49
419.55 3.11246994168e-49
419.56 2.02654385754e-49
419.57 1.3183495051e-49
419.58 8.56897402803e-50
419.59 5.56481594912e-50
419.6 3.61074231907e-50
419.61 2.34080857439e-50
419.62 1.51620880947e-50
419.63 9.81241356522e-51
419.64 6.34477733166e-51
419.65 4.09902567682e-51
419.66 2.64587062602e-51
419.67 1.70639780358e-51
419.68 1.09955175105e-51
419.69 7.07904671196e-52
419.7 4.55362847501e-52
419.71 2.92660508437e-52
419.72 1.87929242774e-52
419.73 1.20572514328e-52
419.74 7.72904762871e-53
419.75 4.9502526185e-53
419.76 3.16776133272e-53
419.77 2.02535546848e-53
419.78 1.29381974026e-53
419.79 8.2579072681e-54
419.8 5.26611019738e-54
419.81 3.35531730291e-54
419.82 2.13599859457e-54
419.83 1.3586013483e-54
419.84 8.63389638528e-55
419.85 5.48207958563e-55
419.86 3.47782361636e-55
419.87 2.20441562635e-55
419.88 1.39605690849e-55
419.89 8.83357449361e-56
419.9 5.58461890284e-56
419.91 3.52755927969e-56
419.92 2.2262750127e-56
419.93 1.40380574564e-56
419.94 8.84420767334e-57
419.95 5.56717099144e-57
419.96 3.50133690809e-57
419.97 2.20017363162e-57
419.98 1.38134996725e-57
419.99 8.6651123982e-58
420.0 5.43085730252e-58
420.01 3.40084074703e-58
420.02 2.12778582682e-58
420.03 1.33012740208e-58
420.04 8.30772824346e-59
420.05 5.1843586198e-59
420.06 3.23244766245e-59
420.07 2.01368567507e-59
420.08 1.2533592539e-59
420.09 7.79440872497e-60
420.1 4.84300025582e-60
420.11 3.00655754646e-60
420.12 1.86486870988e-60
420.13 1.15571490929e-60
420.14 7.15610793291e-61
420.15 4.42717573098e-61
420.16 2.73653087475e-61
420.17 1.69004261739e-61
420.18 1.04284238114e-61
420.19 6.42929571319e-62
420.2 3.96033426016e-62
420.21 2.43738422866e-62
420.22 1.49878681198e-62
420.23 9.20829961905e-63
420.24 5.65252814263e-63
420.25 3.46680757761e-63
420.26 2.1244203531e-63
420.27 1.30069323795e-63
420.28 7.95670073537e-64
420.29 4.86311878617e-64
420.3 2.96975378248e-64
420.31 1.81196465995e-64
420.32 1.10459408805e-64
420.33 6.7278983068e-65
420.34 4.09430163535e-65
420.35 2.48945318583e-65
420.36 1.51234823991e-65
420.37 9.1795915852e-66
420.38 5.56696672736e-66
420.39 3.37316514873e-66
420.4 2.04211547339e-66
420.41 1.23522678375e-66
420.42 7.46512039869e-67
420.43 4.50765475288e-67
420.44 2.71949451338e-67
420.45 1.63926603651e-67
420.46 9.87266515213e-68
420.47 5.94077475596e-68
420.48 3.57170414636e-68
420.49 2.14551513235e-68
420.5 1.28769022368e-68
420.51 7.72173561146e-69
420.52 4.62638923804e-69
420.53 2.76944741305e-69
420.54 1.65640979355e-69
420.55 9.89842663779e-70
420.56 5.91001060528e-70
420.57 3.52560833524e-70
420.58 2.10137509513e-70
420.59 1.2514018996e-70
420.6 7.44584088846e-71
420.61 4.4264382038e-71
420.62 2.62917062949e-71
420.63 1.56029548294e-71
420.64 9.25163824582e-72
420.65 5.48092862961e-72
420.66 3.24424290488e-72
420.67 1.91865236192e-72
420.68 1.13371249782e-72
420.69 6.69319207803e-73
420.7 3.94809282515e-73
420.71 2.32683256936e-73
420.72 1.37014530147e-73
420.73 8.06105398978e-74
420.74 4.73849848977e-74
420.75 2.7830010853e-74
420.76 1.63308848791e-74
420.77 9.57480133165e-75
420.78 5.60884628775e-75
420.79 3.28277424394e-75
420.8 1.91969489088e-75
420.81 1.12162353429e-75
420.82 6.54765412297e-76
420.83 3.8189859369e-76
420.84 2.22553332018e-76
420.85 1.2958175425e-76
420.86 7.53836777766e-77
420.87 4.38161788829e-77
420.88 2.54457580089e-77
420.89 1.47645425894e-77
420.9 8.55949837176e-78
420.91 4.95792945356e-78
420.92 2.8693008345e-78
420.93 1.65911136736e-78
420.94 9.58514540966e-79
420.95 5.53280781349e-79
420.96 3.19092191476e-79
420.97 1.83869832715e-79
420.98 1.05859173215e-79
420.99 6.08934004665e-80
421.0 3.49973909363e-80
421.01 2.00967034062e-80
421.02 1.15302225502e-80
421.03 6.60958617445e-81
421.04 3.78559858846e-81
421.05 2.16629982848e-81
421.06 1.23858632903e-81
421.07 7.07550938703e-82
421.08 4.03843273253e-82
421.09 2.30298817299e-82
421.1 1.31218259978e-82
421.11 7.46999917481e-83
421.12 4.24884165016e-83
421.13 2.41459473907e-83
421.14 1.3710132971e-83
421.15 7.77790790051e-84
421.16 4.40867046851e-84
421.17 2.49675651934e-84
421.18 1.41276022565e-84
421.19 7.98701387386e-85
421.2 4.51153292025e-85
421.21 2.54617081096e-85
421.22 1.43573620466e-85
421.23 8.08882577851e-86
421.24 4.55323455781e-86
421.25 2.56081542905e-86
421.26 1.43899818022e-86
421.27 8.07915470107e-87
421.28 4.53205650662e-87
421.29 2.54008599834e-87
421.3 1.42241144316e-87
421.31 7.95840006165e-88
421.32 4.44887300618e-88
421.33 2.48483733283e-88
421.34 1.38665885825e-88
421.35 7.73152224623e-89
421.36 4.30709153763e-89
421.37 2.39732495558e-89
421.38 1.33319422361e-89
421.39 7.40770455433e-90
421.4 4.11242125201e-90
421.41 2.28105233374e-90
421.42 1.26414419976e-90
421.43 6.99973656837e-91
421.44 3.87249163127e-91
421.45 2.14053824818e-91
421.46 1.18216802768e-91
421.47 6.52317664207e-92
421.48 3.59635687324e-92
421.49 1.98102581814e-92
421.5 1.09028792599e-92
421.51 5.99536988679e-93
421.52 3.29393082413e-93
421.53 1.80815925602e-93
421.54 9.91705212574e-94
421.55 5.43440780786e-94
421.56 2.97540143169e-94
421.57 1.6276559954e-94
421.58 8.89617647191e-95
421.59 4.85811587099e-95
421.6 2.65067243072e-95
421.61 1.44500039461e-95
421.62 7.87052282645e-96
421.63 4.28314633494e-96
421.64 2.32887379741e-96
421.65 1.26518113983e-96
421.66 6.86725503374e-97
421.67 3.72423739063e-97
421.68 2.0179725214e-97
421.69 1.09248844654e-97
421.7 5.90938342928e-98
421.71 3.19367853732e-98
421.72 1.72450295096e-98
421.73 9.30380065517e-99
421.74 5.01511116158e-99
421.75 2.70099912464e-99
421.76 1.4534230239e-99
421.77 7.81417872877e-100
421.78 4.19757396523e-100
421.79 2.25287495624e-100
421.8 1.20809066773e-100
421.81 6.4727030649e-101
421.82 3.46493866625e-101
421.83 1.85322918612e-101
421.84 9.90344795141e-102
421.85 5.28770755978e-102
421.86 2.82079902893e-102
421.87 1.50349010849e-102
421.88 8.00668453357e-103
421.89 4.26018611188e-103
421.9 2.26479104691e-103
421.91 1.20296064425e-103
421.92 6.38408133768e-104
421.93 3.38508139919e-104
421.94 1.79334370923e-104
421.95 9.49252311802e-105
421.96 5.02022874182e-105
421.97 2.65270563914e-105
421.98 1.40048456884e-105
421.99 7.38739477256e-106
422.0 3.89339081594e-106
422.01 2.05016306391e-106
422.02 1.07863006729e-106
422.03 5.66996466139e-107
422.04 2.97791223767e-107
422.05 1.56266954895e-107
422.06 8.19305964848e-108
422.07 4.29189211463e-108
422.08 2.24633843995e-108
422.09 1.17469546957e-108
422.1 6.13760749083e-109
422.11 3.20403049631e-109
422.12 1.67115942833e-109
422.13 8.70889066737e-110
422.14 4.53452192177e-110
422.15 2.35897797322e-110
422.16 1.22613976738e-110
422.17 6.36765877976e-111
422.18 3.30402481528e-111
422.19 1.71289416689e-111
422.2 8.87240734851e-112
422.21 4.5917277244e-112
422.22 2.37429400127e-112
422.23 1.22663845373e-112
422.24 6.3317297147e-113
422.25 3.26551642579e-113
422.26 1.68269378281e-113
422.27 8.66327339567e-114
422.28 4.45638457749e-114
422.29 2.29037723053e-114
422.3 1.17612934252e-114
422.31 6.03429954676e-115
422.32 3.09330225058e-115
422.33 1.58431510403e-115
422.34 8.10745375403e-116
422.35 4.14525364733e-116
422.36 2.1175879288e-116
422.37 1.0808253138e-116
422.38 5.51179777555e-117
422.39 2.8083727815e-117
422.4 1.42968364084e-117
422.41 7.27191598759e-118
422.42 3.69557031889e-118
422.43 1.87645347296e-118
422.44 9.51958120826e-119
422.45 4.82526976245e-119
422.46 2.443706622e-119
422.47 1.23651743912e-119
422.48 6.25136905148e-120
422.49 3.15772091366e-120
422.5 1.59366142688e-120
422.51 8.03604002513e-121
422.52 4.04866491144e-121
422.53 2.03800520528e-121
422.54 1.02499667488e-121
422.55 5.15066538468e-122
422.56 2.58599647941e-122
422.57 1.29722776196e-122
422.58 6.50171984486e-123
422.59 3.25584695551e-123
422.6 1.62900877932e-123
422.61 8.14341523303e-124
422.62 4.06736781475e-124
422.63 2.02975690682e-124
422.64 1.01204149749e-124
422.65 5.0416921731e-125
422.66 2.50944709076e-125
422.67 1.2479680695e-125
422.68 6.2008698542e-126
422.69 3.07840298545e-126
422.7 1.52694023607e-126
422.71 7.56732383436e-127
422.72 3.74702259705e-127
422.73 1.85376217945e-127
422.74 9.16316348558e-128
422.75 4.52543743826e-128
422.76 2.23305493974e-128
422.77 1.10093572174e-128
422.78 5.42310772191e-129
422.79 2.6690592295e-129
422.8 1.31247761239e-129
422.81 6.44836050623e-130
422.82 3.16541333217e-130
422.83 1.55251304306e-130
422.84 7.60788256572e-131
422.85 3.7249123297e-131
422.86 1.82218313751e-131
422.87 8.90618482716e-132
422.88 4.34925725381e-132
422.89 2.12208219639e-132
422.9 1.03450601368e-132
422.91 5.03880498017e-133
422.92 2.45214299835e-133
422.93 1.19230605119e-133
422.94 5.79233159328e-134
422.95 2.81153048123e-134
422.96 1.3635023448e-134
422.97 6.60682334204e-135
422.98 3.19855050314e-135
422.99 1.54716788734e-135
423.0 7.47730998727e-136
423.01 3.61058057218e-136
423.02 1.74193685909e-136
423.03 8.39675514869e-137
423.04 4.04402919418e-137
423.05 1.94599082152e-137
423.06 9.35601706869e-138
423.07 4.49432977399e-138
423.08 2.1570617549e-138
423.09 1.03438909697e-138
423.1 4.95597380378e-139
423.11 2.37245390167e-139
423.12 1.1347240914e-139
423.13 5.42258640534e-140
423.14 2.58908553817e-140
423.15 1.23512248888e-140
423.16 5.88704522734e-141
423.17 2.80355078643e-141
423.18 1.33396119384e-141
423.19 6.34164133902e-142
423.2 3.01220045089e-142
423.21 1.42951848211e-142
423.22 6.77827824863e-143
423.23 3.21123969179e-143
423.24 1.52002162353e-143
423.25 7.18870267728e-144
423.26 3.39683920805e-144
423.27 1.60370015146e-144
423.28 7.56475841697e-145
423.29 3.56525558414e-145
423.3 1.67884262347e-145
423.31 7.89865267869e-146
423.32 3.71295563839e-146
423.33 1.74385437784e-146
423.34 8.18322295791e-147
423.35 3.83673906989e-147
423.36 1.7973135879e-147
423.37 8.41219174321e-148
423.38 3.93385349003e-148
423.39 1.83802287419e-148
423.4 8.58039645879e-149
423.41 4.00209607861e-149
423.42 1.86505386239e-149
423.43 8.68398289352e-150
423.44 4.0398966258e-150
423.45 1.87778237317e-150
423.46 8.72055200049e-151
423.47 4.04637758992e-151
423.48 1.87591238159e-151
423.49 8.68925225997e-152
423.5 4.02138796325e-152
423.51 1.85948746173e-152
423.52 8.59081264024e-153
423.53 3.96550912105e-153
423.54 1.82888909887e-153
423.55 8.42751437483e-154
423.56 3.88003233733e-154
423.57 1.78482196029e-154
423.58 8.20310308185e-155
423.59 3.76690918174e-155
423.6 1.7282869191e-155
423.61 7.92264595289e-156
423.62 3.62867745808e-156
423.63 1.66054327277e-156
423.64 7.59234161424e-157
423.65 3.46836660896e-157
423.66 1.5830621478e-157
423.67 7.21929261996e-158
423.68 3.28938750732e-158
423.69 1.49747349583e-158
423.7 6.81125222362e-159
423.71 3.09541222494e-159
423.72 1.40550934244e-159
423.73 6.37635799985e-160
423.74 2.89024967324e-160
423.75 1.3089460339e-160
423.76 5.92286501301e-161
423.77 2.67772294873e-161
423.78 1.20954814266e-161
423.79 5.45889058598e-162
423.8 2.46155380463e-162
423.81 1.10901645194e-162
423.82 4.99218139204e-163
423.83 2.24525895896e-163
423.84 1.00894207012e-163
423.85 4.52991170617e-164
423.86 2.03206200446e-164
423.87 9.10768258206e-165
423.88 4.07851937412e-165
423.89 1.82482358569e-165
423.9 8.15761028574e-166
423.91 3.64358356755e-166
423.92 1.62599133965e-166
423.93 7.24989028007e-167
423.94 3.22974587616e-167
423.95 1.43756994099e-167
423.96 6.39312692422e-168
423.97 2.84067391018e-168
423.98 1.2611105271e-168
423.99 5.5938218613e-169
424.0 2.47906449407e-169
424.01 1.09771786235e-169
424.02 4.8564324198e-170
424.03 2.14668183116e-170
424.04 9.48072880925e-171
424.05 4.18349717403e-171
424.06 1.84442478014e-171
424.07 8.12467746627e-172
424.08 3.57581484329e-172
424.09 1.57241663172e-172
424.1 6.90850294798e-173
424.11 3.03266178173e-173
424.12 1.33011049962e-173
424.13 5.82874663433e-174
424.14 2.55203335429e-174
424.15 1.11640359721e-174
424.16 4.87955054122e-175
424.17 2.13089537455e-175
424.18 9.29754192114e-176
424.19 4.05319852764e-176
424.2 1.76543332298e-176
424.21 7.68295829562e-177
424.22 3.34063744132e-177
424.23 1.45128907283e-177
424.24 6.29944399044e-178
424.25 2.7319592993e-178
424.26 1.18377712493e-178
424.27 5.12494695394e-179
424.28 2.21683065376e-179
424.29 9.5807470519e-180
424.3 4.13704212216e-180
424.31 1.78486027561e-180
424.32 7.69382346969e-181
424.33 3.31362931396e-181
424.34 1.42590089676e-181
424.35 6.13053636973e-182
424.36 2.63348783694e-182
424.37 1.13028476279e-182
424.38 4.84694555736e-183
424.39 2.07669215705e-183
424.4 8.88996019388e-184
424.41 3.80234240081e-184
424.42 1.62489888676e-184
424.43 6.93785425503e-185
424.44 2.95970015977e-185
424.45 1.26151951181e-185
424.46 5.37234557459e-186
424.47 2.28590207539e-186
424.48 9.71795795197e-187
424.49 4.12777600169e-187
424.5 1.75178555336e-187
424.51 7.42795855126e-188
424.52 3.14689110874e-188
424.53 1.33204124236e-188
424.54 5.63348756832e-189
424.55 2.38045908614e-189
424.56 1.00500405767e-189
424.57 4.23934363658e-190
424.58 1.7867061824e-190
424.59 7.52369828895e-191
424.6 3.16543438137e-191
424.61 1.33063508817e-191
424.62 5.58866837859e-192
424.63 2.34520829381e-192
424.64 9.83282285577e-193
424.65 4.119065722e-193
424.66 1.72402254267e-193
424.67 7.20959504355e-194
424.68 3.01232977993e-194
424.69 1.25752860156e-194
424.7 5.24513825774e-195
424.71 2.1858468074e-195
424.72 9.10135837437e-196
424.73 3.78631220826e-196
424.74 1.57380289761e-196
424.75 6.53593872356e-197
424.76 2.71199769281e-197
424.77 1.12433148382e-197
424.78 4.65718125636e-198
424.79 1.92741672066e-198
424.8 7.96988061809e-199
424.81 3.29269665478e-199
424.82 1.35917488599e-199
424.83 5.60560733377e-200
424.84 2.30990285979e-200
424.85 9.51017421831e-201
424.86 3.91207292426e-201
424.87 1.60786330287e-201
424.88 6.6026004488e-202
424.89 2.70897266928e-202
424.9 1.11049841335e-202
424.91 4.54836148989e-203
424.92 1.8612971729e-203
424.93 7.6102719103e-204
424.94 3.10891138327e-204
424.95 1.26893747812e-204
424.96 5.17482679707e-205
424.97 2.1085073772e-205
424.98 8.58377141317e-206
424.99 3.49144234839e-206
425.0 1.41891153468e-206
425.01 5.76141920125e-207
425.02 2.33736934901e-207
425.03 9.47433913119e-208
425.04 3.83702138871e-208
425.05 1.55261303001e-208
425.06 6.27705516739e-209
425.07 2.53555115591e-209
425.08 1.02332249508e-209
425.09 4.12644800866e-210
425.1 1.66250877623e-210
425.11 6.69229733377e-211
425.12 2.69159815614e-211
425.13 1.08160560371e-211
425.14 4.34261519536e-212
425.15 1.74203741818e-212
425.16 6.98212023487e-213
425.17 2.79602390283e-213
425.18 1.11871161941e-213
425.19 4.47217851053e-214
425.2 1.78625650963e-214
425.21 7.12840278278e-215
425.22 2.84226357984e-215
425.23 1.13229654391e-215
425.24 4.50691871952e-216
425.25 1.7923506695e-216
425.26 7.12180292215e-217
425.27 2.82735689835e-217
425.28 1.12148902326e-217
425.29 4.44460462481e-218
425.3 1.75992821111e-218
425.31 6.96274491166e-219
425.32 2.75226171333e-219
425.33 1.08698283333e-219
425.34 4.28923019349e-220
425.35 1.69106280039e-220
425.36 6.6613741943e-221
425.37 2.62175217487e-221
425.38 1.03096318242e-221
425.39 4.05059094742e-222
425.4 1.59007398409e-222
425.41 6.23648652958e-223
425.42 2.44391646794e-223
425.43 9.56877713273e-224
425.44 3.74326207067e-224
425.45 1.46307887739e-224
425.46 5.71358851166e-225
425.47 2.2293275924e-225
425.48 8.69085562866e-226
425.49 3.38512641921e-226
425.5 1.31737968345e-226
425.51 5.12236761653e-227
425.52 1.99000532013e-227
425.53 7.72434111109e-228
425.54 2.99565891695e-228
425.55 1.16077219153e-228
425.56 4.49392002651e-229
425.57 1.73831067122e-229
425.58 6.71820366503e-230
425.59 2.59419517529e-230
425.6 1.00086578178e-230
425.61 3.85809349914e-231
425.62 1.48591294995e-231
425.63 5.71791505815e-232
425.64 2.19839508167e-232
425.65 8.44495812776e-233
425.66 3.24125328464e-233
425.67 1.24294568705e-233
425.68 4.76228131268e-234
425.69 1.82306289899e-234
425.7 6.97287648279e-235
425.71 2.66468577821e-235
425.72 1.01742814755e-235
425.73 3.88137143414e-236
425.74 1.47941621557e-236
425.75 5.63403131397e-237
425.76 2.14373871323e-237
425.77 8.14982264327e-238
425.78 3.09562380083e-238
425.79 1.17482156271e-238
425.8 4.45470914338e-239
425.81 1.68768157962e-239
425.82 6.38830113092e-240
425.83 2.41603911757e-240
425.84 9.12948450782e-241
425.85 3.44676967165e-241
425.86 1.30017551264e-241
425.87 4.90021814652e-242
425.88 1.84523871805e-242
425.89 6.94246047084e-243
425.9 2.60974446448e-243
425.91 9.80180971134e-244
425.92 3.67822474274e-244
425.93 1.3790943158e-244
425.94 5.16622584724e-245
425.95 1.93364400008e-245
425.96 7.23108329755e-246
425.97 2.7018045041e-246
425.98 1.00862142892e-246
425.99 3.76206394249e-247
426.0 1.4019995277e-247
426.01 5.22027370706e-248
426.02 1.9420588844e-248
426.03 7.21863737643e-249
426.04 2.68084540453e-249
426.05 9.94745601315e-250
426.06 3.68787334123e-250
426.07 1.36604082585e-250
426.08 5.05562756986e-251
426.09 1.8694341872e-251
426.1 6.90667467819e-252
426.11 2.54947954675e-252
426.12 9.4028125162e-253
426.13 3.46487629517e-253
426.14 1.27567899143e-253
426.15 4.69265671853e-254
426.16 1.72472508546e-254
426.17 6.33351330396e-255
426.18 2.32377035372e-255
426.19 8.51854533156e-256
426.2 3.12004877615e-256
426.21 1.14177634342e-256
426.22 4.17469171664e-257
426.23 1.52507601981e-257
426.24 5.56650094257e-258
426.25 2.03000353451e-258
426.26 7.39664905968e-259
426.27 2.69275565034e-259
426.28 9.79450721558e-260
426.29 3.55952418171e-260
426.3 1.29248352913e-260
426.31 4.6890169161e-261
426.32 1.69966094076e-261
426.33 6.15554486952e-262
426.34 2.22738054003e-262
426.35 8.0527840569e-263
426.36 2.9088504773e-263
426.37 1.04983356819e-263
426.38 3.78567410877e-264
426.39 1.36392254159e-264
426.4 4.90975591199e-265
426.41 1.76584999708e-265
426.42 6.34558153397e-266
426.43 2.27830970916e-266
426.44 8.17293049702e-267
426.45 2.92931828781e-267
426.46 1.0490085614e-267
426.47 3.75331673246e-268
426.48 1.34176083095e-268
426.49 4.79246242986e-269
426.5 1.71027535151e-269
426.51 6.09813548417e-270
426.52 2.17246012477e-270
426.53 7.73268414566e-271
426.54 2.74999839812e-271
426.55 9.77143445381e-272
426.56 3.46902890039e-272
426.57 1.23049888713e-272
426.58 4.36092125873e-273
426.59 1.54418374818e-273
426.6 5.46315373926e-274
426.61 1.9311303064e-274
426.62 6.82029954907e-275
426.63 2.40668378391e-275
426.64 8.48512660194e-276
426.65 2.98896847098e-276
426.66 1.05198138213e-276
426.67 3.69929091708e-277
426.68 1.29972846681e-277
426.69 4.56257995758e-278
426.7 1.60026555839e-278
426.71 5.60786229457e-279
426.72 1.96347933826e-279
426.73 6.86877108525e-280
426.74 2.40079712773e-280
426.75 8.38408350561e-281
426.76 2.92536081771e-281
426.77 1.01982815488e-281
426.78 3.55220701417e-282
426.79 1.23621283947e-282
426.8 4.29845064835e-283
426.81 1.49332505687e-283
426.82 5.18346860228e-284
426.83 1.7976713818e-284
426.84 6.22907915508e-285
426.85 2.15655782242e-285
426.86 7.45971227905e-286
426.87 2.57814155836e-286
426.88 8.90256502575e-287
426.89 3.07147696065e-287
426.9 1.0587735467e-287
426.91 3.64655370846e-288
426.92 1.25483279221e-288
426.93 4.31432459652e-289
426.94 1.48205215427e-289
426.95 5.0867204343e-290
426.96 1.74435937837e-290
426.97 5.97664928837e-291
426.98 2.04598898881e-291
426.99 6.99797722308e-292
427.0 2.39147293201e-292
427.01 8.16548766715e-293
427.02 2.7856240111e-293
427.03 9.49481658699e-294
427.04 3.23351123955e-294
427.05 1.10023607948e-294
427.06 3.74042630461e-295
427.07 1.27051569713e-295
427.08 4.31184042818e-296
427.09 1.46207293494e-296
427.1 4.95335104794e-297
427.11 1.67669044907e-297
427.12 5.67061791465e-298
427.13 1.91615921993e-298
427.14 6.46928841408e-299
427.15 2.1822532348e-299
427.16 7.35491217286e-300
427.17 2.4767008243e-300
427.18 8.33284529319e-301
427.19 2.80115281089e-301
427.2 9.40814487908e-302
427.21 3.15714773221e-302
427.22 1.05854548582e-302
427.23 3.54607451299e-303
427.24 1.18688844639e-303
427.25 3.96913307508e-304
427.26 1.32618811071e-304
427.27 4.42729349051e-305
427.28 1.47670997338e-305
427.29 4.92125439577e-306
427.3 1.63862711085e-306
427.31 5.45140149119e-307
427.32 1.81200717846e-307
427.33 6.01776704363e-308
427.34 1.9967998795e-308
427.35 6.61999138896e-309
427.36 2.19282523171e-309
427.37 7.2572874892e-310
427.38 2.39976297093e-310
427.39 7.92840963268e-311
427.4 2.61714343835e-311
427.41 8.63162737147e-312
427.42 2.84434029451e-312
427.43 9.36470576477e-313
427.44 3.08056539012e-313
427.45 1.01248929383e-313
427.46 3.32486609958e-314
427.47 1.09089158788e-314
427.48 3.57612538978e-315
427.49 1.17129852127e-315
427.5 3.8330648366e-316
427.51 1.25328095836e-316
427.52 4.09425086163e-317
427.53 1.33636209864e-317
427.54 4.3581036554e-318
427.55 1.42001877599e-318
427.56 4.62292284157e-319
427.57 1.50368879312e-319
427.58 4.88680330302e-320
427.59 1.58693885444e-320
427.6 5.14816402967e-321
427.61 1.66994188294e-321
427.62 5.38531553967e-322
427.63 1.72922976044e-322
427.64 5.43472210425e-323
427.65 1.97626258336e-323
427.66 4.94065645841e-324
427.67 0.0
427.68 0.0
427.69 0.0
427.7 0.0
427.71 0.0
427.72 0.0
427.73 0.0
427.74 0.0
427.75 0.0
427.76 0.0
427.77 0.0
427.78 0.0
427.79 0.0
427.8 0.0
427.81 0.0
427.82 0.0
427.83 0.0
427.84 0.0
427.85 0.0
427.86 0.0
427.87 0.0
427.88 0.0
427.89 0.0
427.9 0.0
427.91 0.0
427.92 0.0
427.93 0.0
427.94 0.0
427.95 0.0
427.96 0.0
427.97 0.0
427.98 0.0
427.99 0.0
428.0 0.0
428.01 0.0
428.02 0.0
428.03 0.0
428.04 0.0
428.05 0.0
428.06 0.0
428.07 0.0
428.08 0.0
428.09 0.0
428.1 0.0
428.11 0.0
428.12 0.0
428.13 0.0
428.14 0.0
428.15 0.0
428.16 0.0
428.17 0.0
428.18 0.0
428.19 0.0
428.2 0.0
428.21 0.0
428.22 0.0
428.23 0.0
428.24 0.0
428.25 0.0
428.26 0.0
428.27 0.0
428.28 0.0
428.29 0.0
428.3 0.0
428.31 0.0
428.32 0.0
428.33 0.0
428.34 0.0
428.35 0.0
428.36 0.0
428.37 0.0
428.38 0.0
428.39 0.0
428.4 0.0
428.41 0.0
428.42 0.0
428.43 0.0
428.44 0.0
428.45 0.0
428.46 0.0
428.47 0.0
428.48 0.0
428.49 0.0
428.5 0.0
428.51 0.0
428.52 0.0
428.53 0.0
428.54 0.0
428.55 0.0
428.56 0.0
428.57 0.0
428.58 0.0
428.59 0.0
428.6 0.0
428.61 0.0
428.62 0.0
428.63 0.0
428.64 0.0
428.65 0.0
428.66 0.0
428.67 0.0
428.68 0.0
428.69 0.0
428.7 0.0
428.71 0.0
428.72 0.0
428.73 0.0
428.74 0.0
428.75 0.0
428.76 0.0
428.77 0.0
428.78 0.0
428.79 0.0
428.8 0.0
428.81 0.0
428.82 0.0
428.83 0.0
428.84 0.0
428.85 0.0
428.86 0.0
428.87 0.0
428.88 0.0
428.89 0.0
428.9 0.0
428.91 0.0
428.92 0.0
428.93 0.0
428.94 0.0
428.95 0.0
428.96 0.0
428.97 0.0
428.98 0.0
428.99 0.0
429.0 0.0
429.01 0.0
429.02 0.0
429.03 0.0
429.04 0.0
429.05 0.0
429.06 0.0
429.07 0.0
429.08 0.0
429.09 0.0
429.1 0.0
429.11 0.0
429.12 0.0
429.13 0.0
429.14 0.0
429.15 0.0
429.16 0.0
429.17 0.0
429.18 0.0
429.19 0.0
429.2 0.0
429.21 0.0
429.22 0.0
429.23 0.0
429.24 0.0
429.25 0.0
429.26 0.0
429.27 0.0
429.28 0.0
429.29 0.0
429.3 0.0
429.31 0.0
429.32 0.0
429.33 0.0
429.34 0.0
429.35 0.0
429.36 0.0
429.37 0.0
429.38 0.0
429.39 0.0
429.4 0.0
429.41 0.0
429.42 0.0
429.43 0.0
429.44 0.0
429.45 0.0
429.46 0.0
429.47 0.0
429.48 0.0
429.49 0.0
429.5 0.0
429.51 0.0
429.52 0.0
429.53 0.0
429.54 0.0
429.55 0.0
429.56 0.0
429.57 0.0
429.58 0.0
429.59 0.0
429.6 0.0
429.61 0.0
429.62 0.0
429.63 0.0
429.64 0.0
429.65 0.0
429.66 0.0
429.67 0.0
429.68 0.0
429.69 0.0
429.7 0.0
429.71 0.0
429.72 0.0
429.73 0.0
429.74 0.0
429.75 0.0
429.76 0.0
429.77 0.0
429.78 0.0
429.79 0.0
429.8 0.0
429.81 0.0
429.82 0.0
429.83 0.0
429.84 0.0
429.85 0.0
429.86 0.0
429.87 0.0
429.88 0.0
429.89 0.0
429.9 0.0
429.91 0.0
429.92 0.0
429.93 0.0
429.94 0.0
429.95 0.0
429.96 0.0
429.97 0.0
429.98 0.0
429.99 0.0
