400.0 1.95540882892e-78
400.01 3.37732139013e-78
400.02 5.82815270043e-78
400.03 1.00487760113e-77
400.04 1.73108790589e-77
400.05 2.97953705642e-77
400.06 5.12391801818e-77
400.07 8.80398444132e-77
400.08 1.51140227913e-76
400.09 2.59241539409e-76
400.1 4.44275969324e-76
400.11 7.60719881972e-76
400.12 1.30142883055e-75
400.13 2.22453781305e-75
400.14 3.79911879519e-75
400.15 6.48260661016e-75
400.16 1.10519821333e-74
400.17 1.88258412914e-74
400.18 3.20399865102e-74
400.19 5.44821162471e-74
400.2 9.25634056316e-74
400.21 1.57126122743e-73
400.22 2.66490158679e-73
400.23 4.51583088395e-73
400.24 7.64571096091e-73
400.25 1.29336705677e-72
400.26 2.18599631935e-72
400.27 3.69148212981e-72
400.28 6.22839040348e-72
400.29 1.04996445252e-71
400.3 1.76846747733e-71
400.31 2.97607088688e-71
400.32 5.00395249379e-71
400.33 8.40633701224e-71
400.34 1.41099062611e-70
400.35 2.36627476684e-70
400.36 3.96487891833e-70
400.37 6.63771189403e-70
400.38 1.11027504808e-69
400.39 1.85552356324e-69
400.4 3.09831864407e-69
400.41 5.16903412683e-69
400.42 8.61621308924e-69
400.43 1.4349843846e-68
400.44 2.38782025438e-68
400.45 3.9699021354e-68
400.46 6.59449711246e-68
400.47 1.09447860548e-67
400.48 1.81491622494e-67
400.49 3.00697351057e-67
400.5 4.97767266702e-67
400.51 8.232785078e-67
400.52 1.36047615607e-66
400.53 2.24625369135e-66
400.54 3.70553044187e-66
400.55 6.10753099451e-66
400.56 1.00578391589e-65
400.57 1.65488342218e-65
400.58 2.72053199049e-65
400.59 4.46852283162e-65
400.6 7.33327274548e-65
400.61 1.20241782889e-64
400.62 1.96986602049e-64
400.63 3.2243463257e-64
400.64 5.27315320891e-64
400.65 8.61633962479e-64
400.66 1.40669175079e-63
400.67 2.29455665247e-63
400.68 3.73957580803e-63
400.69 6.08933140689e-63
400.7 9.90696417568e-63
400.71 1.61040565452e-62
400.72 2.61549379196e-62
400.73 4.24419972404e-62
400.74 6.8811598164e-62
400.75 1.11468251501e-61
400.76 1.80411594789e-61
400.77 2.91743651842e-61
400.78 4.71370171392e-61
400.79 7.60933126145e-61
400.8 1.22731091809e-60
400.81 1.97781841865e-60
400.82 3.1845051003e-60
400.83 5.12296269149e-60
400.84 8.23425192312e-60
400.85 1.32236339625e-59
400.86 2.12178415092e-59
400.87 3.40153775217e-59
400.88 5.44845166144e-59
400.89 8.7195610259e-59
400.9 1.39424743239e-58
400.91 2.22745427545e-58
400.92 3.555506317e-58
400.93 5.67045389869e-58
400.94 9.03561891316e-58
400.95 1.43853919774e-57
400.96 2.28828022263e-57
400.97 3.63680844144e-57
400.98 5.77504480919e-57
400.99 9.16250031765e-57
401.0 1.45243384232e-56
401.01 2.30039507434e-56
401.02 3.6402583851e-56
401.03 5.7555350805e-56
401.04 9.09207296313e-56
401.05 1.43503942174e-55
401.06 2.26302037226e-55
401.07 3.56563437547e-55
401.08 5.61317865377e-55
401.09 8.82886008517e-55
401.1 1.38747164475e-54
401.11 2.17854889103e-54
401.12 3.41770219855e-54
401.13 5.35703935951e-54
401.14 8.38955970771e-54
401.15 1.31273545097e-53
401.16 2.05229114211e-53
401.17 3.20571153694e-53
401.18 5.00303593383e-53
401.19 7.80129169384e-53
401.2 1.21541089112e-52
401.21 1.89192294014e-52
401.22 2.94243904742e-52
401.23 4.57230528433e-52
401.24 7.09882837801e-52
401.25 1.10118895385e-51
401.26 1.70671391098e-51
401.27 2.6429157732e-51
401.28 4.08911787487e-51
401.29 6.32120171805e-51
401.3 9.7632268771e-51
401.31 1.50664462336e-50
401.32 2.32301483451e-50
401.33 3.57863044823e-50
401.34 5.50814589333e-50
401.35 8.47066934784e-50
401.36 1.30152866201e-49
401.37 1.99808268402e-49
401.38 3.0647629457e-49
401.39 4.69682125584e-49
401.4 7.19175509876e-49
401.41 1.10024514169e-48
401.42 1.68177441669e-48
401.43 2.56844184191e-48
401.44 3.91918210472e-48
401.45 5.97509566598e-48
401.46 9.10160524224e-48
401.47 1.38520751775e-47
401.48 2.10637357127e-47
401.49 3.20021875947e-47
401.5 4.85788968968e-47
401.51 7.36782570487e-47
401.52 1.11648977661e-46
401.53 1.69041707303e-46
401.54 2.55715293524e-46
401.55 3.8649443699e-46
401.56 5.83651363553e-46
401.57 8.80617829488e-46
401.58 1.32753248266e-45
401.59 1.99952367697e-45
401.6 3.00906561753e-45
401.61 4.52439462804e-45
401.62 6.79693333431e-45
401.63 1.02020924571e-44
401.64 1.5299921842e-44
401.65 2.29251867437e-44
401.66 3.43210261596e-44
401.67 5.13371031953e-44
401.68 7.67231042582e-44
401.69 1.14563081334e-43
401.7 1.70917652132e-43
401.71 2.54772684464e-43
401.72 3.79439483455e-43
401.73 5.64619522258e-43
401.74 8.39446403004e-43
401.75 1.24696357446e-42
401.76 1.85070958672e-42
401.77 2.74439421025e-42
401.78 4.06610347787e-42
401.79 6.019134828e-42
401.8 8.90252965293e-42
401.81 1.31557768633e-41
401.82 1.94242062612e-41
401.83 2.86545620999e-41
401.84 4.22345608979e-41
401.85 6.21964938331e-41
401.86 9.1513999389e-41
401.87 1.34534255701e-40
401.88 1.97606823844e-40
401.89 2.89997802935e-40
401.9 4.25217558974e-40
401.91 6.22947410554e-40
401.92 9.1183297202e-40
401.93 1.33353037426e-39
401.94 1.9485620706e-39
401.95 2.84478395311e-39
401.96 4.14961731292e-39
401.97 6.04770386136e-39
401.98 8.80636535413e-39
401.99 1.2812285105e-38
402.0 1.8624310422e-38
402.01 2.70493928637e-38
402.02 3.92517075177e-38
402.03 5.69093072483e-38
402.04 8.24388180372e-38
402.05 1.1931743989e-37
402.06 1.72543978969e-37
402.07 2.49298349878e-37
402.08 3.59884142934e-37
402.09 5.19074544297e-37
402.1 7.48032494231e-37
402.11 1.0770476286e-36
402.12 1.54943394534e-36
402.13 2.2270754799e-36
402.14 3.19830972693e-36
402.15 4.58912422436e-36
402.16 6.57904446203e-36
402.17 9.42365854216e-36
402.18 1.3486522274e-35
402.19 1.92843106562e-35
402.2 2.75506580568e-35
402.21 3.93263415394e-35
402.22 5.60865632652e-35
402.23 7.99204322774e-35
402.24 1.13783825718e-34
402.25 1.61855309998e-34
402.26 2.30036676534e-34
402.27 3.26656218025e-34
402.28 4.63455976689e-34
402.29 6.5697638215e-34
402.3 9.3049649133e-34
402.31 1.31675032724e-33
402.32 1.86172633705e-33
402.33 2.62997707406e-33
402.34 3.71203271682e-33
402.35 5.23474270609e-33
402.36 7.37568903247e-33
402.37 1.03832561555e-32
402.38 1.46045523864e-32
402.39 2.05242192808e-32
402.4 2.88183262502e-32
402.41 4.04291465737e-32
402.42 5.66688117742e-32
402.43 7.93628675957e-32
402.44 1.11048912366e-31
402.45 1.55251204943e-31
402.46 2.1685995445e-31
402.47 3.02654724281e-31
402.48 4.22026055867e-31
402.49 5.87969482402e-31
402.5 8.1845351467e-31
402.51 1.13830059599e-30
402.52 1.58177104365e-30
402.53 2.1961095028e-30
402.54 3.04640804725e-30
402.55 4.22226871298e-30
402.56 5.84692303211e-30
402.57 8.08970336584e-30
402.58 1.11830825284e-29
402.59 1.54459340134e-29
402.6 2.13152550161e-29
402.61 2.93893921079e-29
402.62 4.04868870394e-29
402.63 5.57265146222e-29
402.64 7.66360459292e-29
402.65 1.05299912262e-28
402.66 1.44559501563e-28
402.67 1.9828460086e-28
402.68 2.71740922392e-28
402.69 3.7208727302e-28
402.7 5.09047487636e-28
402.71 6.95817734738e-28
402.72 9.50290530295e-28
402.73 1.29670451151e-27
402.74 1.76786604577e-27
402.75 2.40813816187e-27
402.76 3.27745817273e-27
402.77 4.45673311985e-27
402.78 6.05507896363e-27
402.79 8.21952473027e-27
402.8 1.11480090947e-26
402.81 1.51067706115e-26
402.82 2.04535957223e-26
402.83 2.76688693712e-26
402.84 3.73970091742e-26
402.85 5.05017050701e-26
402.86 6.81394971372e-26
402.87 9.18576899674e-26
402.88 1.2372453422e-25
402.89 1.66502150816e-25
402.9 2.23876021711e-25
402.91 3.0075927295e-25
402.92 4.03695756449e-25
402.93 5.41393521664e-25
402.94 7.25430210231e-25
402.95 9.71184926203e-25
402.96 1.29906816791e-24
402.97 1.73614367113e-24
402.98 2.31826508526e-24
402.99 3.09288833033e-24
403.0 4.1227699123e-24
403.01 5.49082583497e-24
403.02 7.3065094682e-24
403.03 9.71417553516e-24
403.04 1.29040386422e-23
403.05 1.71265180033e-23
403.06 2.27109974451e-23
403.07 3.00903371564e-23
403.08 3.98328711986e-23
403.09 5.26841384659e-23
403.1 6.96212578672e-23
403.11 9.1923713623e-23
403.12 1.21265418284e-22
403.13 1.59834339123e-22
403.14 2.10487796998e-22
403.15 2.76953889249e-22
403.16 3.64092494503e-22
403.17 4.7823317185e-22
403.18 6.27612204159e-22
403.19 8.22937353515e-22
403.2 1.07811697404e-21
403.21 1.41120044354e-21
403.22 1.84559003831e-21
403.23 2.4116011539e-21
403.24 3.14846914161e-21
403.25 4.10692821343e-21
403.26 5.35252241695e-21
403.27 6.96985254916e-21
403.28 9.06801852354e-21
403.29 1.17875872201e-20
403.3 1.53095051213e-20
403.31 1.98664879436e-20
403.32 2.57575621374e-20
403.33 3.33666132001e-20
403.34 4.31860228305e-20
403.35 5.58467630202e-20
403.36 7.21566752124e-20
403.37 9.31491153167e-20
403.38 1.20144713944e-19
403.39 1.54829714662e-19
403.4 1.99355247416e-19
403.41 2.56463014268e-19
403.42 3.29644265791e-19
403.43 4.23340697726e-19
403.44 5.43198084073e-19
403.45 6.96386190211e-19
403.46 8.92001908171e-19
403.47 1.14157678692e-18
403.48 1.45971539174e-18
403.49 1.86489746301e-18
403.5 2.38048495708e-18
403.51 3.03598510947e-18
403.52 3.86863311871e-18
403.53 4.92537346331e-18
403.54 6.26533791846e-18
403.55 7.96294186776e-18
403.56 1.01117495302e-17
403.57 1.28292944915e-17
403.58 1.62630859637e-17
403.59 2.05980853527e-17
403.6 2.60660042489e-17
403.61 3.29568566155e-17
403.62 4.16332980734e-17
403.63 5.25484078105e-17
403.64 6.6267718693e-17
403.65 8.34964845589e-17
403.66 1.05113397617e-16
403.67 1.32212242041e-16
403.68 1.66153302701e-16
403.69 2.08626753156e-16
403.7 2.61730739705e-16
403.71 3.28067476808e-16
403.72 4.1086139541e-16
403.73 5.14104266075e-16
403.74 6.42733284889e-16
403.75 8.0284939966e-16
403.76 1.00198471226e-15
403.77 1.24942967402e-15
403.78 1.55663305941e-15
403.79 1.93769043544e-15
403.8 2.40994013234e-15
403.81 2.99468967257e-15
403.82 3.71810036113e-15
403.83 4.61226343149e-15
403.84 5.71650796166e-15
403.85 7.07898893726e-15
403.86 8.75861359795e-15
403.87 1.08273758589e-14
403.88 1.33731825047e-14
403.89 1.65032714249e-14
403.9 2.03483418875e-14
403.91 2.5067540305e-14
403.92 3.08544728147e-14
403.93 3.79444490562e-14
403.94 4.6623200718e-14
403.95 5.72373648206e-14
403.96 7.02070765711e-14
403.97 8.60410814424e-14
403.98 1.05354852611e-13
403.99 1.28892290035e-13
404.0 1.57551683599e-13
404.01 1.92416747555e-13
404.02 2.34793680136e-13
404.03 2.86255374252e-13
404.04 3.48694106825e-13
404.05 4.24384270397e-13
404.06 5.16056986685e-13
404.07 6.26988764188e-13
404.08 7.61106738117e-13
404.09 9.23113469271e-13
404.1 1.11863478871e-12
404.11 1.35439476828e-12
404.12 1.63842258574e-12
404.13 1.98029685251e-12
404.14 2.39143389707e-12
404.15 2.88542756857e-12
404.16 3.47844936262e-12
404.17 4.18971909993e-12
404.18 5.04205803587e-12
404.19 6.06253817591e-12
404.2 7.283243753e-12
404.21 8.74216332971e-12
404.22 1.04842338621e-11
404.23 1.25625613577e-11
404.24 1.50398465283e-11
404.25 1.79900481509e-11
404.26 2.15003217638e-11
404.27 2.56732769386e-11
404.28 3.06296027491e-11
404.29 3.65111183225e-11
404.3 4.34843135998e-11
404.31 5.17444547888e-11
404.32 6.15203395789e-11
404.33 7.3079799172e-11
404.34 8.6736057715e-11
404.35 1.02855074984e-10
404.36 1.2186401537e-10
404.37 1.44261005558e-10
404.38 1.7062636503e-10
404.39 2.01635517889e-10
404.4 2.38073821824e-10
404.41 2.80853580574e-10
404.42 3.31033540358e-10
404.43 3.89841208815e-10
404.44 4.58698377327e-10
404.45 5.39250274763e-10
404.46 6.33398832938e-10
404.47 7.4334060211e-10
404.48 8.7160991896e-10
404.49 1.02112800044e-09
404.5 1.19525871506e-09
404.51 1.39787186937e-09
404.52 1.63341494204e-09
404.53 1.90699430197e-09
404.54 2.22446706064e-09
404.55 2.59254483376e-09
404.56 3.01891082277e-09
404.57 3.51235177563e-09
404.58 4.08290654686e-09
404.59 4.74203315222e-09
404.6 5.5027964029e-09
404.61 6.38007840875e-09
404.62 7.3908144617e-09
404.63 8.55425704807e-09
404.64 9.89227099451e-09
404.65 1.1429663026e-08
404.66 1.31945493079e-08
404.67 1.52187648549e-08
404.68 1.75383190247e-08
404.69 2.0193901664e-08
404.7 2.32314448482e-08
404.71 2.67027455508e-08
404.72 3.06661549902e-08
404.73 3.51873408356e-08
404.74 4.03401289063e-08
404.75 4.62074314705e-08
404.76 5.28822697349e-08
404.77 6.04688986234e-08
404.78 6.90840424578e-08
404.79 7.88582506827e-08
404.8 8.99373833137e-08
404.81 1.0248423633e-07
404.82 1.16680317778e-07
404.83 1.32727785887e-07
404.84 1.50851561042e-07
404.85 1.71301623974e-07
404.86 1.94355513015e-07
404.87 2.20321033767e-07
404.88 2.49539194959e-07
404.89 2.82387384648e-07
404.9 3.19282801309e-07
404.91 3.60686154611e-07
404.92 4.07105650903e-07
404.93 4.59101278569e-07
404.94 5.17289408455e-07
404.95 5.82347724499e-07
404.96 6.55020499492e-07
404.97 7.36124230621e-07
404.98 8.26553648916e-07
404.99 9.27288116148e-07
405.0 1.03939842187e-06
405.01 1.16405399232e-06
405.02 1.30253052168e-06
405.03 1.45621803471e-06
405.04 1.62662938822e-06
405.05 1.81540921672e-06
405.06 2.02434332555e-06
405.07 2.25536853226e-06
405.08 2.51058295413e-06
405.09 2.79225673681e-06
405.1 3.10284321551e-06
405.11 3.44499049639e-06
405.12 3.82155344202e-06
405.13 4.23560603994e-06
405.14 4.69045412904e-06
405.15 5.18964845303e-06
405.16 5.73699800518e-06
405.17 6.33658362248e-06
405.18 6.99277178159e-06
405.19 7.71022854238e-06
405.2 8.49393357842e-06
405.21 9.34919422675e-06
405.22 1.02816594824e-05
405.23 1.12973338555e-05
405.24 1.2402591002e-05
405.25 1.36041870304e-05
405.26 1.49092733816e-05
405.27 1.63254091673e-05
405.28 1.7860572851e-05
405.29 1.95231731414e-05
405.3 2.13220589667e-05
405.31 2.32665283885e-05
405.32 2.53663363075e-05
405.33 2.76317008089e-05
405.34 3.00733079887e-05
405.35 3.27023150974e-05
405.36 3.55303518343e-05
405.37 3.85695196215e-05
405.38 4.18323886857e-05
405.39 4.53319927736e-05
405.4 4.90818213275e-05
405.41 5.30958089478e-05
405.42 5.73883219742e-05
405.43 6.19741420183e-05
405.44 6.6868446288e-05
405.45 7.20867845509e-05
405.46 7.76450525922e-05
405.47 8.35594620342e-05
405.48 8.98465063955e-05
405.49 9.65229232838e-05
405.5 0.000103605652632
405.51 0.000111111790902
405.52 0.000119058541211
405.53 0.000127463159338
405.54 0.000136342895612
405.55 0.000145714932699
405.56 0.000155596319328
405.57 0.00016600390003
405.58 0.000176954241003
405.59 0.000188463552221
405.6 0.000200547605973
405.61 0.000213221652014
405.62 0.000226500329584
405.63 0.000240397576545
405.64 0.000254926535955
405.65 0.000270099460412
405.66 0.000285927614548
405.67 0.000302421176078
405.68 0.000319589135855
405.69 0.000337439197393
405.7 0.00035597767638
405.71 0.000375209400707
405.72 0.000395137611577
405.73 0.000415763866286
405.74 0.000437087943273
405.75 0.000459107750085
405.76 0.000481819234874
405.77 0.000505216302103
405.78 0.000529290733107
405.79 0.000554032112175
405.8 0.000579427758814
405.81 0.000605462666854
405.82 0.000632119451031
405.83 0.000659378301675
405.84 0.000687216948118
405.85 0.000715610631376
405.86 0.000744532086685
405.87 0.000773951536363
405.88 0.000803836693489
405.89 0.000834152776799
405.9 0.000864862537183
405.91 0.00089592629606
405.92 0.000927301995914
405.93 0.000958945263136
405.94 0.000990809483306
405.95 0.00102284588894
405.96 0.00105500365966
405.97 0.00108723003472
405.98 0.00111947043757
405.99 0.00115166861235
406.0 0.00118376677181
406.01 0.00121570575633
406.02 0.00124742520339
406.03 0.00127886372704
406.04 0.00130995910661
406.05 0.00134064848386
406.06 0.0013708685679
406.07 0.00140055584682
406.08 0.00142964680521
406.09 0.00145807814647
406.1 0.00148578701892
406.11 0.00151271124451
406.12 0.00153878954913
406.13 0.00156396179318
406.14 0.00158816920129
406.15 0.00161135458999
406.16 0.00163346259206
406.17 0.00165443987631
406.18 0.00167423536173
406.19 0.00169280042456
406.2 0.00171008909738
406.21 0.00172605825892
406.22 0.00174066781353
406.23 0.00175388085934
406.24 0.00176566384404
406.25 0.00177598670746
406.26 0.00178482301007
406.27 0.0017921500466
406.28 0.00179794894427
406.29 0.00180220474483
406.3 0.00180490647018
406.31 0.00180604717098
406.32 0.00180562395808
406.33 0.00180363801668
406.34 0.00180009460294
406.35 0.00179500302333
406.36 0.00178837659678
406.37 0.0017802325998
406.38 0.00177059219514
406.39 0.00175948034435
406.4 0.00174692570481
406.41 0.00173296051197
406.42 0.00171762044751
406.43 0.00170094449435
406.44 0.0016829747794
406.45 0.00166375640499
406.46 0.00164333727029
406.47 0.00162176788359
406.48 0.00159910116685
406.49 0.00157539225365
406.5 0.00155069828191
406.51 0.00152507818256
406.52 0.00149859246569
406.53 0.00147130300538
406.54 0.00144327282461
406.55 0.00141456588164
406.56 0.00138524685923
406.57 0.00135538095793
406.58 0.00132503369487
406.59 0.00129427070926
406.6 0.00126315757594
406.61 0.00123175962807
406.62 0.00120014179021
406.63 0.0011683684229
406.64 0.00113650317983
406.65 0.00110460887846
406.66 0.0010727473853
406.67 0.0010409795165
406.68 0.00100936495471
406.69 0.000977962182934
406.7 0.000946828436112
406.71 0.000916019671005
406.72 0.00088559055503
406.73 0.000855594474524
406.74 0.000826083562893
406.75 0.000797108749046
406.76 0.000768719826448
406.77 0.000740965543079
406.78 0.000713893712521
406.79 0.000687551346354
406.8 0.000661984807984
406.81 0.000637239987989
406.82 0.000613362501014
406.83 0.0005903979042
406.84 0.000568391937099
406.85 0.000547390782975
406.86 0.000527441351357
406.87 0.000508591581656
406.88 0.000490890767623
406.89 0.00047438990239
406.9 0.000459142043758
406.91 0.00044520269939
406.92 0.000432630231484
406.93 0.000421486280444
406.94 0.000411836207042
406.95 0.000403749552442
406.96 0.00039730051545
406.97 0.00039256844621
406.98 0.000389638355546
406.99 0.000388601438992
407.0 0.000389555614523
407.01 0.000392606072811
407.02 0.000397865838797
407.03 0.000405456343165
407.04 0.000415508002231
407.05 0.000428160804567
407.06 0.000443564902576
407.07 0.000461881207019
407.08 0.000483281982363
407.09 0.000507951440638
407.1 0.000536086331284
407.11 0.000567896524307
407.12 0.000603605583844
407.13 0.000643451329065
407.14 0.000687686379104
407.15 0.000736578678551
407.16 0.000790411999797
407.17 0.000849486418361
407.18 0.000914118757104
407.19 0.000984642995082
407.2 0.00106141063658
407.21 0.00114479103573
407.22 0.00123517167198
407.23 0.00133295837147
407.24 0.00143857546937
407.25 0.00155246590811
407.26 0.00167509126621
407.27 0.00180693171271
407.28 0.00194848588186
407.29 0.0021002706629
407.3 0.00226282089998
407.31 0.0024366889969
407.32 0.00262244442221
407.33 0.00282067310953
407.34 0.0030319767491
407.35 0.00325697196595
407.36 0.00349628938119
407.37 0.00375057255265
407.38 0.00402047679211
407.39 0.00430666785619
407.4 0.00460982050913
407.41 0.00493061695586
407.42 0.00526974514443
407.43 0.00562789693767
407.44 0.00600576615464
407.45 0.00640404648306
407.46 0.00682342926478
407.47 0.00726460115732
407.48 0.00772824167512
407.49 0.00821502061528
407.5 0.0087255953733
407.51 0.00926060815541
407.52 0.00982068309499
407.53 0.0104064232815
407.54 0.0110184077113
407.55 0.0116571881706
407.56 0.0123232860627
407.57 0.0130171891895
407.58 0.0137393485038
407.59 0.0144901748426
407.6 0.0152700356593
407.61 0.0160792517679
407.62 0.0169180941171
407.63 0.0177867806094
407.64 0.0186854729846
407.65 0.019614273783
407.66 0.0205732234084
407.67 0.0215622973081
407.68 0.0225814032885
407.69 0.0236303789854
407.7 0.0247089895067
407.71 0.025816925266
407.72 0.0269538000248
407.73 0.0281191491612
407.74 0.0293124281808
407.75 0.0305330114871
407.76 0.0317801914259
407.77 0.0330531776181
407.78 0.0343510965935
407.79 0.0356729917383
407.8 0.0370178235664
407.81 0.0383844703231
407.82 0.0397717289295
407.83 0.0411783162723
407.84 0.0426028708437
407.85 0.0440439547337
407.86 0.045500055974
407.87 0.0469695912329
407.88 0.0484509088561
407.89 0.0499422922492
407.9 0.0514419635918
407.91 0.0529480878752
407.92 0.0544587772502
407.93 0.0559720956713
407.94 0.0574860638214
407.95 0.0589986642979
407.96 0.0605078470414
407.97 0.0620115349842
407.98 0.0635076298959
407.99 0.0649940183997
408.0 0.0664685781348
408.01 0.067929184035
408.02 0.0693737146961
408.03 0.0708000588012
408.04 0.0722061215736
408.05 0.0735898312255
408.06 0.0749491453716
408.07 0.076282057374
408.08 0.077586602588
408.09 0.0788608644761
408.1 0.0801029805592
408.11 0.0813111481737
408.12 0.082483630005
408.13 0.0836187593687
408.14 0.0847149452112
408.15 0.0857706768046
408.16 0.0867845281096
408.17 0.087755161786
408.18 0.0886813328281
408.19 0.0895618918076
408.2 0.0903957877075
408.21 0.0911820703322
408.22 0.0919198922845
408.23 0.0926085104988
408.24 0.0932472873253
408.25 0.093835691162
408.26 0.0943732966345
408.27 0.0948597843242
408.28 0.0952949400522
408.29 0.0956786537252
408.3 0.0960109177544
408.31 0.0962918250607
408.32 0.0965215666821
408.33 0.0967004290012
408.34 0.0968287906125
408.35 0.0969071188546
408.36 0.0969359660283
408.37 0.0969159653307
408.38 0.0968478265299
408.39 0.0967323314129
408.4 0.0965703290348
408.41 0.0963627308021
408.42 0.0961105054218
408.43 0.0958146737498
408.44 0.0954763035708
408.45 0.0950965043424
408.46 0.0946764219371
408.47 0.0942172334135
408.48 0.0937201418486
408.49 0.0931863712607
408.5 0.0926171616532
408.51 0.0920137642072
408.52 0.0913774366472
408.53 0.0907094388067
408.54 0.0900110284146
408.55 0.0892834571232
408.56 0.0885279667958
408.57 0.0877457860691
408.58 0.0869381272051
408.59 0.0861061832411
408.6 0.0852511254481
408.61 0.0843741011014
408.62 0.0834762315676
408.63 0.0825586107079
408.64 0.0816223035956
408.65 0.0806683455433
408.66 0.0796977414329
408.67 0.0787114653389
408.68 0.0777104604343
408.69 0.0766956391644
408.7 0.0756678836747
408.71 0.0746280464753
408.72 0.0735769513227
408.73 0.0725153943007
408.74 0.071444145078
408.75 0.0703639483219
408.76 0.0692755252449
408.77 0.0681795752618
408.78 0.0670767777328
408.79 0.065967793772
408.8 0.0648532680952
408.81 0.0637338308857
408.82 0.0626100996569
408.83 0.0614826810881
408.84 0.060352172815
408.85 0.059219165154
408.86 0.058084242744
408.87 0.0569479860864
408.88 0.0558109729709
408.89 0.0546737797712
408.9 0.0535369826
408.91 0.052401158312
408.92 0.0512668853482
408.93 0.0501347444126
408.94 0.0490053189793
408.95 0.0478791956243
408.96 0.0467569641834
408.97 0.0456392177357
408.98 0.0445265524149
408.99 0.0434195670541
409.0 0.0423188626673
409.01 0.0412250417771
409.02 0.0401387075962
409.03 0.0390604630716
409.04 0.0379909098042
409.05 0.036930646854
409.06 0.0358802694445
409.07 0.0348403675791
409.08 0.0338115245845
409.09 0.0327943155937
409.1 0.0317893059851
409.11 0.030797049791
409.12 0.0298180880907
409.13 0.0288529474032
409.14 0.0279021380921
409.15 0.0269661527988
409.16 0.0260454649155
409.17 0.0251405271108
409.18 0.0242517699207
409.19 0.0233796004154
409.2 0.0225244009517
409.21 0.0216865280213
409.22 0.0208663112021
409.23 0.0200640522199
409.24 0.0192800241274
409.25 0.0185144706042
409.26 0.0177676053821
409.27 0.0170396117993
409.28 0.0163306424835
409.29 0.0156408191659
409.3 0.0149702326252
409.31 0.0143189427599
409.32 0.0136869787868
409.33 0.0130743395625
409.34 0.0124809940236
409.35 0.011906881741
409.36 0.0113519135827
409.37 0.0108159724788
409.38 0.0102989142824
409.39 0.00980056871892
409.4 0.00932074041659
409.41 0.00885921001042
409.42 0.00841573531127
409.43 0.00799005253223
409.44 0.00758187756396
409.45 0.00719090729078
409.46 0.00681682093946
409.47 0.00645928145255
409.48 0.00611793687862
409.49 0.00579242177173
409.5 0.00548235859292
409.51 0.00518735910674
409.52 0.00490702576641
409.53 0.0046409530813
409.54 0.00438872896116
409.55 0.00414993603192
409.56 0.00392415291815
409.57 0.00371095548808
409.58 0.00350991805734
409.59 0.00332061454818
409.6 0.00314261960144
409.61 0.0029755096389
409.62 0.00281886387436
409.63 0.00267226527189
409.64 0.00253530145057
409.65 0.00240756553507
409.66 0.00228865695209
409.67 0.0021781821728
409.68 0.00207575540208
409.69 0.00198099921532
409.7 0.001893545144
409.71 0.00181303421165
409.72 0.00173911742156
409.73 0.0016714561984
409.74 0.00160972278547
409.75 0.0015536005998
409.76 0.00150278454731
409.77 0.0014569813002
409.78 0.00141590953884
409.79 0.00137930016047
409.8 0.00134689645692
409.81 0.00131845426356
409.82 0.00129374208151
409.83 0.00127254117525
409.84 0.00125464564747
409.85 0.0012398624929
409.86 0.00122801163284
409.87 0.00121892593186
409.88 0.00121245119791
409.89 0.00120844616705
409.9 0.00120678247382
409.91 0.00120734460792
409.92 0.0012100298579
409.93 0.00121474824218
409.94 0.00122142242788
409.95 0.00122998763716
409.96 0.00124039154131
409.97 0.00125259414217
409.98 0.00126656764037
409.99 0.00128229629006
410.0 0.00129977623921
410.01 0.00131901535473
410.02 0.00134003303156
410.03 0.00136285998453
410.04 0.00138753802211
410.05 0.00141411980066
410.06 0.00144266855811
410.07 0.00147325782582
410.08 0.00150597111729
410.09 0.00154090159257
410.1 0.00157815169712
410.11 0.00161783277387
410.12 0.00166006464753
410.13 0.00170497517998
410.14 0.00175269979587
410.15 0.00180338097762
410.16 0.0018571677291
410.17 0.00191421500757
410.18 0.00197468312338
410.19 0.00203873710737
410.2 0.00210654604595
410.21 0.00217828238406
410.22 0.00225412119665
410.23 0.00233423942908
410.24 0.0024188151077
410.25 0.00250802652165
410.26 0.0026020513773
410.27 0.00270106592727
410.28 0.00280524407581
410.29 0.00291475646299
410.3 0.00302976953018
410.31 0.00315044456969
410.32 0.0032769367616
410.33 0.00340939420124
410.34 0.00354795692084
410.35 0.00369275590925
410.36 0.00384391213382
410.37 0.00400153556866
410.38 0.00416572423383
410.39 0.0043365632501
410.4 0.00451412391406
410.41 0.00469846279849
410.42 0.00488962088313
410.43 0.00508762272073
410.44 0.00529247564374
410.45 0.00550416901656
410.46 0.00572267353864
410.47 0.00594794060328
410.48 0.00617990171716
410.49 0.00641846798546
410.5 0.00666352966693
410.51 0.00691495580361
410.52 0.00717259392908
410.53 0.00743626985922
410.54 0.00770578756899
410.55 0.00798092915825
410.56 0.00826145490955
410.57 0.00854710344008
410.58 0.00883759194956
410.59 0.00913261656566
410.6 0.00943185278752
410.61 0.00973495602784
410.62 0.0100415622532
410.63 0.0103512887216
410.64 0.0106637348166
410.65 0.0109784829744
410.66 0.0112950997034
410.67 0.0116131366906
410.68 0.0119321319939
410.69 0.0122516113128
410.7 0.0125710893351
410.71 0.0128900711531
410.72 0.0132080537425
410.73 0.0135245274996
410.74 0.0138389778279
410.75 0.0141508867673
410.76 0.0144597346593
410.77 0.0147650018386
410.78 0.0150661703436
410.79 0.0153627256374
410.8 0.0156541583302
410.81 0.0159399658948
410.82 0.0162196543657
410.83 0.0164927400141
410.84 0.0167587509886
410.85 0.0170172289142
410.86 0.0172677304414
410.87 0.0175098287354
410.88 0.0177431149003
410.89 0.0179671993289
410.9 0.0181817129716
410.91 0.0183863085189
410.92 0.0185806614895
410.93 0.0187644712214
410.94 0.0189374617583
410.95 0.0190993826302
410.96 0.0192500095215
410.97 0.0193891448276
410.98 0.0195166180946
410.99 0.0196322863436
411.0 0.0197360342767
411.01 0.0198277743678
411.02 0.0199074468361
411.03 0.0199750195069
411.04 0.0200304875601
411.05 0.0200738731704
411.06 0.0201052250435
411.07 0.0201246178512
411.08 0.0201321515726
411.09 0.0201279507447
411.1 0.0201121636297
411.11 0.0200849613058
411.12 0.0200465366871
411.13 0.019997103481
411.14 0.0199368950897
411.15 0.0198661634638
411.16 0.0197851779161
411.17 0.0196942239024
411.18 0.0195936017786
411.19 0.0194836255406
411.2 0.0193646215554
411.21 0.0192369272907
411.22 0.0191008900505
411.23 0.0189568657233
411.24 0.0188052175501
411.25 0.0186463149174
411.26 0.0184805321833
411.27 0.018308247539
411.28 0.0181298419139
411.29 0.0179456979259
411.3 0.0177561988825
411.31 0.0175617278358
411.32 0.0173626666936
411.33 0.0171593953892
411.34 0.0169522911111
411.35 0.0167417275953
411.36 0.0165280744775
411.37 0.0163116967094
411.38 0.0160929540345
411.39 0.0158722005255
411.4 0.0156497841805
411.41 0.0154260465756
411.42 0.0152013225734
411.43 0.0149759400829
411.44 0.0147502198688
411.45 0.0145244754079
411.46 0.014299012787
411.47 0.0140741306403
411.48 0.0138501201232
411.49 0.0136272649161
411.5 0.0134058412575
411.51 0.0131861179997
411.52 0.0129683566856
411.53 0.0127528116411
411.54 0.0125397300801
411.55 0.0123293522192
411.56 0.0121219113974
411.57 0.0119176341988
411.58 0.0117167405746
411.59 0.0115194439623
411.6 0.0113259513992
411.61 0.0111364636279
411.62 0.010951175193
411.63 0.0107702745254
411.64 0.0105939440147
411.65 0.0104223600678
411.66 0.0102556931527
411.67 0.0100941078277
411.68 0.00993776275501
411.69 0.00978681069886
411.7 0.00964139850898
411.71 0.00950166708877
411.72 0.00936775134957
411.73 0.00923978015129
411.74 0.00911787623061
411.75 0.00900215611745
411.76 0.00889273004105
411.77 0.00878970182664
411.78 0.008693168784
411.79 0.00860322158918
411.8 0.00851994416051
411.81 0.00844341353031
411.82 0.00837369971332
411.83 0.00831086557311
411.84 0.00825496668765
411.85 0.00820605121481
411.86 0.00816415975904
411.87 0.00812932523992
411.88 0.00810157276329
411.89 0.00808091949584
411.9 0.00806737454354
411.91 0.00806093883443
411.92 0.00806160500631
411.93 0.00806935729942
411.94 0.00808417145456
411.95 0.00810601461668
411.96 0.00813484524415
411.97 0.00817061302385
411.98 0.00821325879201
411.99 0.00826271446102
412.0 0.00831890295223
412.01 0.00838173813483
412.02 0.00845112477093
412.03 0.00852695846716
412.04 0.00860912563292
412.05 0.00869750344564
412.06 0.00879195982363
412.07 0.00889235340687
412.08 0.00899853354651
412.09 0.00911034030389
412.1 0.00922760445978
412.11 0.00935014753507
412.12 0.00947778182391
412.13 0.00961031044058
412.14 0.0097475273814
412.15 0.00988921760325
412.16 0.0100351571201
412.17 0.0101851131192
412.18 0.0103388440987
412.19 0.0104961000285
412.2 0.0106566225352
412.21 0.0108201451145
412.22 0.0109863933712
412.23 0.0111550852892
412.24 0.0113259315327
412.25 0.0114986357807
412.26 0.011672895095
412.27 0.0118484003239
412.28 0.0120248365419
412.29 0.0122018835268
412.3 0.0123792162735
412.31 0.012556505546
412.32 0.012733418467
412.33 0.0129096191448
412.34 0.0130847693365
412.35 0.0132585291471
412.36 0.0134305577631
412.37 0.0136005142177
412.38 0.013768058188
412.39 0.0139328508188
412.4 0.0140945555731
412.41 0.0142528391041
412.42 0.0144073721467
412.43 0.0145578304237
412.44 0.0147038955636
412.45 0.0148452560255
412.46 0.0149816080265
412.47 0.0151126564662
412.48 0.0152381158456
412.49 0.0153577111727
412.5 0.0154711788513
412.51 0.015578267548
412.52 0.0156787390311
412.53 0.0157723689774
412.54 0.0158589477409
412.55 0.0159382810793
412.56 0.0160101908325
412.57 0.0160745155497
412.58 0.0161311110597
412.59 0.0161798509806
412.6 0.0162206271658
412.61 0.016253350082
412.62 0.0162779491163
412.63 0.0162943728108
412.64 0.016302589021
412.65 0.0163025849979
412.66 0.0162943673912
412.67 0.0162779621743
412.68 0.0162534144893
412.69 0.0162207884139
412.7 0.0161801666504
412.71 0.0161316501377
412.72 0.0160753575887
412.73 0.0160114249561
412.74 0.0159400048276
412.75 0.0158612657561
412.76 0.0157753915264
412.77 0.0156825803641
412.78 0.0155830440911
412.79 0.015477007231
412.8 0.0153647060714
412.81 0.0152463876877
412.82 0.0151223089335
412.83 0.0149927354043
412.84 0.0148579403794
412.85 0.0147182037489
412.86 0.014573810931
412.87 0.0144250517862
412.88 0.0142722195339
412.89 0.0141156096771
412.9 0.0139555189416
412.91 0.0137922442342
412.92 0.0136260816262
412.93 0.0134573253659
412.94 0.0132862669265
412.95 0.0131131940921
412.96 0.012938390087
412.97 0.0127621327517
412.98 0.0125846937681
412.99 0.0124063379384
413.0 0.0122273225182
413.01 0.0120478966075
413.02 0.0118683005999
413.03 0.0116887656925
413.04 0.0115095134554
413.05 0.0113307554628
413.06 0.011152692985
413.07 0.0109755167397
413.08 0.0107994067038
413.09 0.0106245319825
413.1 0.0104510507347
413.11 0.0102791101532
413.12 0.0101088464967
413.13 0.00994038517153
413.14 0.00977384086006
413.15 0.00960931769291
413.16 0.00944690946182
413.17 0.00928669986975
413.18 0.00912876281476
413.19 0.00897316270425
413.2 0.00881995479583
413.21 0.00866918556131
413.22 0.00852089307017
413.23 0.0083751073889
413.24 0.00823185099283
413.25 0.00809113918687
413.26 0.00795298053203
413.27 0.00781737727444
413.28 0.00768432577396
413.29 0.00755381692946
413.3 0.00742583659827
413.31 0.00730036600731
413.32 0.00717738215366
413.33 0.00705685819274
413.34 0.00693876381217
413.35 0.00682306559004
413.36 0.00670972733617
413.37 0.00659871041537
413.38 0.00648997405204
413.39 0.00638347561541
413.4 0.00627917088524
413.41 0.00617701429783
413.42 0.00607695917239
413.43 0.00597895791817
413.44 0.00588296222283
413.45 0.0057889232226
413.46 0.00569679165511
413.47 0.00560651799581
413.48 0.00551805257903
413.49 0.00543134570477
413.5 0.00534634773252
413.51 0.00526300916328
413.52 0.0051812807112
413.53 0.00510111336616
413.54 0.00502245844857
413.55 0.00494526765779
413.56 0.00486949311542
413.57 0.00479508740482
413.58 0.00472200360787
413.59 0.00465019534032
413.6 0.00457961678662
413.61 0.00451022273518
413.62 0.00444196861504
413.63 0.00437481053452
413.64 0.00430870532252
413.65 0.00424361057303
413.66 0.00417948469314
413.67 0.00411628695478
413.68 0.0040539775504
413.69 0.00399251765244
413.7 0.00393186947668
413.71 0.0038719963489
413.72 0.00381286277485
413.73 0.00375443451281
413.74 0.00369667864829
413.75 0.00363956367027
413.76 0.00358305954815
413.77 0.00352713780874
413.78 0.0034717716124
413.79 0.00341693582747
413.8 0.00336260710212
413.81 0.0033087639326
413.82 0.00325538672712
413.83 0.0032024578643
413.84 0.00314996174537
413.85 0.00309788483927
413.86 0.00304621571974
413.87 0.00299494509377
413.88 0.00294406582055
413.89 0.00289357292044
413.9 0.00284346357329
413.91 0.00279373710571
413.92 0.00274439496688
413.93 0.00269544069275
413.94 0.00264687985825
413.95 0.00259872001763
413.96 0.00255097063293
413.97 0.00250364299073
413.98 0.00245675010738
413.99 0.00241030662319
414.0 0.00236432868602
414.01 0.00231883382474
414.02 0.00227384081342
414.03 0.0022293695268
414.04 0.00218544078805
414.05 0.00214207620956
414.06 0.00209929802796
414.07 0.00205712893419
414.08 0.0020155918998
414.09 0.00197471000068
414.1 0.00193450623922
414.11 0.00189500336621
414.12 0.00185622370358
414.13 0.00181818896922
414.14 0.00178092010503
414.15 0.00174443710937
414.16 0.00170875887499
414.17 0.00167390303361
414.18 0.00163988580809
414.19 0.0016067218733
414.2 0.00157442422645
414.21 0.00154300406785
414.22 0.00151247069291
414.23 0.00148283139588
414.24 0.00145409138615
414.25 0.00142625371748
414.26 0.00139931923069
414.27 0.00137328651
414.28 0.00134815185337
414.29 0.0013239092569
414.3 0.00130055041334
414.31 0.00127806472459
414.32 0.00125643932816
414.33 0.00123565913709
414.34 0.00121570689326
414.35 0.00119656323343
414.36 0.00117820676756
414.37 0.00116061416889
414.38 0.00114376027493
414.39 0.00112761819883
414.4 0.00111215945013
414.41 0.0010973540642
414.42 0.00108317073937
414.43 0.00106957698081
414.44 0.0010565392503
414.45 0.00104402312069
414.46 0.00103199343428
414.47 0.00102041446389
414.48 0.00100925007566
414.49 0.000998463892677
414.5 0.000988019458164
414.51 0.000977880397519
414.52 0.000968010578028
414.53 0.000958374265422
414.54 0.000948936276353
414.55 0.000939662125929
414.56 0.000930518169513
414.57 0.000921471738016
414.58 0.000912491266008
414.59 0.000903546411983
414.6 0.00089460817023
414.61 0.000885648973777
414.62 0.000876642787993
414.63 0.000867565194452
414.64 0.000858393464774
414.65 0.000849106624216
414.66 0.000839685504838
414.67 0.00083011278817
414.68 0.000820373037355
414.69 0.000810452718818
414.7 0.000800340213568
414.71 0.000790025818319
414.72 0.000779501736663
414.73 0.000768762060582
414.74 0.000757802742663
414.75 0.000746621559397
414.76 0.000735218066013
414.77 0.000723593543337
414.78 0.000711750937183
414.79 0.000699694790847
414.8 0.00068743117128
414.81 0.000674967589533
414.82 0.000662312916125
414.83 0.000649477291936
414.84 0.000636472035305
414.85 0.000623309545956
414.86 0.00061000320641
414.87 0.000596567281534
414.88 0.00058301681685
414.89 0.00056936753623
414.9 0.000555635739583
414.91 0.000541838201118
414.92 0.000527992068739
414.93 0.000514114765104
414.94 0.000500223890861
414.95 0.000486337130522
414.96 0.000472472161418
414.97 0.000458646566132
414.98 0.000444877748784
414.99 0.000431182855484
415.0 0.000417578699246
415.01 0.000404081689611
415.02 0.000390707767182
415.03 0.000377472343253
415.04 0.000364390244648
415.05 0.000351475663864
415.06 0.000338742114588
415.07 0.000326202392582
415.08 0.000313868541945
415.09 0.000301751826683
415.1 0.000289862707521
415.11 0.000278210823843
415.12 0.000266804980617
415.13 0.00025565314016
415.14 0.000244762418542
415.15 0.000234139086441
415.16 0.000223788574207
415.17 0.000213715480926
415.18 0.000203923587205
415.19 0.000194415871436
415.2 0.00018519452926
415.21 0.000176260995965
415.22 0.000167615971527
415.23 0.000159259448023
415.24 0.000151190739131
415.25 0.000143408511438
415.26 0.000135910817292
415.27 0.000128695128909
415.28 0.000121758373493
415.29 0.000115096969115
415.3 0.000108706861092
415.31 0.000102583558657
415.32 9.67221716814e-05
415.33 9.1117447257e-05
415.34 8.57638059352e-05
415.35 8.06553774486e-05
415.36 7.57860357491e-05
415.37 7.11494332108e-05
415.38 6.67390338636e-05
415.39 6.25481455357e-05
415.4 5.85699507983e-05
415.41 5.47975366212e-05
415.42 5.12239226599e-05
415.43 4.78420881116e-05
415.44 4.46449970876e-05
415.45 4.16256224637e-05
415.46 3.87769681831e-05
415.47 3.60920899948e-05
415.48 3.35641146256e-05
415.49 3.11862573883e-05
415.5 2.89518382441e-05
415.51 2.68542963392e-05
415.52 2.4887203049e-05
415.53 2.30442735663e-05
415.54 2.13193770776e-05
415.55 1.97065455773e-05
415.56 1.81999813732e-05
415.57 1.67940633406e-05
415.58 1.54833519875e-05
415.59 1.42625933923e-05
415.6 1.31267220811e-05
415.61 1.20708629103e-05
415.62 1.10903320223e-05
415.63 1.01806369417e-05
415.64 9.33747587976e-06
415.65 8.55673631256e-06
415.66 7.83449290022e-06
415.67 7.16700480965e-06
415.68 6.55071250393e-06
415.69 5.98223405833e-06
415.7 5.45836106101e-06
415.71 4.97605415375e-06
415.72 4.53243826577e-06
415.73 4.12479759045e-06
415.74 3.75057035239e-06
415.75 3.40734340893e-06
415.76 3.09284672759e-06
415.77 2.80494777755e-06
415.78 2.54164587086e-06
415.79 2.3010664855e-06
415.8 2.08145560011e-06
415.81 1.88117406702e-06
415.82 1.69869204772e-06
415.83 1.53258353203e-06
415.84 1.38152096008e-06
415.85 1.2442699634e-06
415.86 1.11968423954e-06
415.87 1.006700572e-06
415.88 9.04334005861e-07
415.89 8.11673186991e-07
415.9 7.2787587136e-07
415.91 6.52164609243e-07
415.92 5.83822607576e-07
415.93 5.22189772434e-07
415.94 4.66658932319e-07
415.95 4.16672241884e-07
415.96 3.71717764688e-07
415.97 3.31326232729e-07
415.98 2.95067979725e-07
415.99 2.62550044435e-07
416.0 2.33413439762e-07
416.01 2.07330582872e-07
416.02 1.84002881203e-07
416.03 1.63158468862e-07
416.04 1.44550087719e-07
416.05 1.27953107282e-07
416.06 1.13163677318e-07
416.07 9.99970071306e-08
416.08 8.82857653576e-08
416.09 7.78785941919e-08
416.1 6.86387319651e-08
416.11 6.04427381382e-08
416.12 5.31793148524e-08
416.13 4.67482193377e-08
416.14 4.1059261636e-08
416.15 3.60313822786e-08
416.16 3.15918047431e-08
416.17 2.76752577244e-08
416.18 2.42232624572e-08
416.19 2.11834805483e-08
416.2 1.85091179907e-08
416.21 1.61583812536e-08
416.22 1.40939815587e-08
416.23 1.22826836701e-08
416.24 1.06948957383e-08
416.25 9.30429694567e-09
416.26 8.08749990484e-09
416.27 7.02374495523e-09
416.28 6.09462369539e-09
416.29 5.28382926818e-09
416.3 4.57693109129e-09
416.31 3.96117189139e-09
416.32 3.42528505829e-09
416.33 2.95933048532e-09
416.34 2.55454720379e-09
416.35 2.20322125264e-09
416.36 1.89856735023e-09
416.37 1.63462305255e-09
416.38 1.40615419223e-09
416.39 1.20857049557e-09
416.4 1.03785037001e-09
416.41 8.90473943706e-10
416.42 7.63363520684e-10
416.43 6.53830691423e-10
416.44 5.59529408868e-10
416.45 4.78414404538e-10
416.46 4.0870437887e-10
416.47 3.4884945456e-10
416.48 2.97502431585e-10
416.49 2.53493428329e-10
416.5 2.15807534919e-10
416.51 1.8356514289e-10
416.52 1.56004649819e-10
416.53 1.3246726899e-10
416.54 1.12383702535e-10
416.55 9.52624622833e-11
416.56 8.06796457568e-11
416.57 6.82699957689e-11
416.58 5.77190909365e-11
416.59 4.87565314343e-11
416.6 4.1149999561e-11
416.61 3.47000883716e-11
416.62 2.92358038735e-11
416.63 2.46106572319e-11
416.64 2.06992732053e-11
416.65 1.73944497374e-11
416.66 1.46046113924e-11
416.67 1.22516062088e-11
416.68 1.02688016663e-11
416.69 8.59944088457e-12
416.7 7.19522497442e-12
416.71 6.0150917029e-12
416.72 5.02416438553e-12
416.73 4.19284821945e-12
416.74 3.49605418165e-12
416.75 2.91253317471e-12
416.76 2.42430534875e-12
416.77 2.01617149924e-12
416.78 1.67529516647e-12
416.79 1.39084557266e-12
416.8 1.15369285238e-12
416.81 9.56148183406e-13
416.82 7.91742429014e-13
416.83 6.55037776347e-13
416.84 5.41467615157e-13
416.85 4.47200560952e-13
416.86 3.69025098681e-13
416.87 3.04251818766e-13
416.88 2.50630646089e-13
416.89 2.0628083317e-13
416.9 1.69631808648e-13
416.91 1.39373247972e-13
416.92 1.14412970669e-13
416.93 9.38414728571e-14
416.94 7.69020791291e-14
416.95 6.29658485185e-14
416.96 5.15104983328e-14
416.97 4.21027201304e-14
416.98 3.43833566046e-14
416.99 2.80549888477e-14
417.0 2.28715523263e-14
417.01 1.86296585798e-14
417.02 1.51613496067e-14
417.03 1.23280543776e-14
417.04 1.0015552987e-14
417.05 8.12978456246e-15
417.06 6.5933609815e-15
417.07 5.34267040435e-15
417.08 4.32547319049e-15
417.09 3.49890844707e-15
417.1 2.82784268446e-15
417.11 2.28350320176e-15
417.12 1.84234820984e-15
417.13 1.48513359062e-15
417.14 1.19614282051e-15
417.15 9.62552147489e-16
417.16 7.73907773912e-16
417.17 6.21695700059e-16
417.18 4.98988148201e-16
417.19 4.00153214478e-16
417.2 3.20616672092e-16
417.21 2.56666747033e-16
417.22 2.052942679e-16
417.23 1.64061906099e-16
417.24 1.30997315239e-16
417.25 1.04505885511e-16
417.26 8.32995809378e-17
417.27 6.63389504317e-17
417.28 5.27859191473e-17
417.29 4.19653928285e-17
417.3 3.33340597776e-17
417.31 2.64550654008e-17
417.32 2.09774735237e-17
417.33 1.66196256116e-17
417.34 1.31556709813e-17
417.35 1.04046741349e-17
417.36 8.22181452211e-18
417.37 6.49128354433e-18
417.38 5.1205569074e-18
417.39 4.03578039906e-18
417.4 3.17805617084e-18
417.41 2.50045661521e-18
417.42 1.96562555985e-18
417.43 1.54385308706e-18
417.44 1.21153192519e-18
417.45 9.49920953447e-19
417.46 7.44155652127e-19
417.47 5.82456926855e-19
417.48 4.55499135149e-19
417.49 3.55905755714e-19
417.5 2.77847298648e-19
417.51 2.16721031214e-19
417.52 1.68896111454e-19
417.53 1.31510962286e-19
417.54 1.02312329464e-19
417.55 7.95275681816e-20
417.56 6.17633928325e-20
417.57 4.79256817811e-20
417.58 3.71560182137e-20
417.59 2.87815213849e-20
417.6 2.22752219096e-20
417.61 1.72247942942e-20
417.62 1.33079071289e-20
417.63 1.02728084753e-20
417.64 7.92304885039e-21
417.65 6.1054712211e-21
417.66 4.70077815438e-21
417.67 3.61613000609e-21
417.68 2.77934224181e-21
417.69 2.13434063563e-21
417.7 1.63760498002e-21
417.71 1.25538888816e-21
417.72 9.61548340465e-22
417.73 7.35847260819e-22
417.74 5.62636554644e-22
417.75 4.29825250435e-22
417.76 3.28079895019e-22
417.77 2.5020214133e-22
417.78 1.90645316085e-22
417.79 1.45139281767e-22
417.8 1.103996031e-22
417.81 8.39022808296e-23
417.82 6.37094321914e-23
417.83 4.83345204853e-23
417.84 3.66382571849e-23
417.85 2.77482700117e-23
417.86 2.09971683031e-23
417.87 1.58748364369e-23
417.88 1.19917206182e-23
417.89 9.0506017829e-24
417.9 6.82491307373e-24
417.91 5.14209983502e-24
417.92 3.87086118224e-24
417.93 2.91137669903e-24
417.94 2.18782670631e-24
417.95 1.64267311546e-24
417.96 1.23229047589e-24
417.97 9.23631523531e-25
417.98 6.91684612841e-25
417.99 5.17536750381e-25
418.0 3.86899338431e-25
418.01 2.88987123496e-25
418.02 2.15666509639e-25
418.03 1.60809106843e-25
418.04 1.19801507344e-25
418.05 8.91738746708e-26
418.06 6.63188069859e-26
418.07 4.92787275474e-26
418.08 3.65852458452e-26
418.09 2.71378965659e-26
418.1 2.01126872516e-26
418.11 1.48931900178e-26
418.12 1.1018667379e-26
418.13 8.14505700801e-27
418.14 6.0156546482e-27
418.15 4.43910457474e-27
418.16 3.27289120256e-27
418.17 2.41096815386e-27
418.18 1.77449627301e-27
418.19 1.30491559588e-27
418.2 9.58767853935e-28
418.21 7.03830721656e-28
418.22 5.16234098325e-28
418.23 3.7831091123e-28
418.24 2.76996805198e-28
418.25 2.02639621346e-28
418.26 1.48114536192e-28
418.27 1.08166982165e-28
418.28 7.89251572521e-29
418.29 5.75386821986e-29
418.3 4.19110053591e-29
418.31 3.05014130139e-29
418.32 2.21786726922e-29
418.33 1.61129424884e-29
418.34 1.16960138724e-29
418.35 8.48251438799e-30
418.36 6.14660136005e-30
418.37 4.45009418677e-30
418.38 3.21904516953e-30
418.39 2.32652996776e-30
418.4 1.6800180345e-30
418.41 1.21211255332e-30
418.42 8.73767057079e-31
418.43 6.29320816015e-31
418.44 4.52868631637e-31
418.45 3.25608771112e-31
418.46 2.33907239208e-31
418.47 1.6788617839e-31
418.48 1.20395411696e-31
418.49 8.62638111561e-32
418.5 6.17548483114e-32
418.51 4.41709957426e-32
418.52 3.15665436972e-32
418.53 2.25393084965e-32
418.54 1.60796968095e-32
418.55 1.14614307836e-32
418.56 8.16250628851e-33
418.57 5.80807123449e-33
418.58 4.12918225306e-33
418.59 2.93305280932e-33
418.6 2.08161028662e-33
418.61 1.47605547753e-33
418.62 1.04575427501e-33
418.63 7.40253260651e-34
418.64 5.23545850636e-34
418.65 3.69958344467e-34
418.66 2.61200885709e-34
418.67 1.84255379223e-34
418.68 1.2986419226e-34
418.69 9.14497187234e-35
418.7 6.43426645623e-35
418.71 4.52313366975e-35
418.72 3.17689978565e-35
418.73 2.2294170635e-35
418.74 1.56315786018e-35
418.75 1.09506038766e-35
418.76 7.66473267052e-36
418.77 5.36018362494e-36
418.78 3.74529504176e-36
418.79 2.61466537739e-36
418.8 1.82376933477e-36
418.81 1.27100545534e-36
418.82 8.8501092651e-37
418.83 6.15706251424e-37
418.84 4.27978750166e-37
418.85 2.97231314155e-37
418.86 2.06248419723e-37
418.87 1.42991561966e-37
418.88 9.90498684833e-38
418.89 6.8552154523e-38
418.9 4.74036766234e-38
418.91 3.27511577872e-38
418.92 2.260814867e-38
418.93 1.55929058264e-38
418.94 1.07451584495e-38
418.95 7.39813589634e-39
418.96 5.08927006635e-39
418.97 3.4979403825e-39
418.98 2.40211071987e-39
418.99 1.64815234209e-39
419.0 1.12986198057e-39
419.01 7.73886286049e-40
419.02 5.29605661105e-40
419.03 3.6211940605e-40
419.04 2.47385757322e-40
419.05 1.68857866656e-40
419.06 1.15157337777e-40
419.07 7.84667467224e-41
419.08 5.34199392769e-41
419.09 3.63366466483e-41
419.1 2.46950559139e-41
419.11 1.67686806716e-41
419.12 1.1376573779e-41
419.13 7.71165857293e-42
419.14 5.22285310728e-42
419.15 3.53420341473e-42
419.16 2.38945571176e-42
419.17 1.6140988981e-42
419.18 1.08939407582e-42
419.19 7.34621424448e-43
419.2 4.94955190681e-43
419.21 3.33189946568e-43
419.22 2.2409987127e-43
419.23 1.50596555205e-43
419.24 1.01114207189e-43
419.25 6.78317523612e-44
419.26 4.54650428758e-44
419.27 3.04470966425e-44
419.28 2.03721975539e-44
419.29 1.36192623152e-44
419.3 9.09689125174e-45
419.31 6.07094269878e-45
419.32 4.04802305242e-45
419.33 2.69682976466e-45
419.34 1.79509650387e-45
419.35 1.19383905409e-45
419.36 7.93281771948e-46
419.37 5.26663087693e-46
419.38 3.49351006864e-46
419.39 2.31534029503e-46
419.4 1.53317374455e-46
419.41 1.01435886532e-46
419.42 6.70525961445e-47
419.43 4.42856760006e-47
419.44 2.92236643896e-47
419.45 1.92676956461e-47
419.46 1.2692541612e-47
419.47 8.35393567228e-48
419.48 5.49360424669e-48
419.49 3.60950232564e-48
419.5 2.3695233588e-48
419.51 1.55416947629e-48
419.52 1.0184963304e-48
419.53 6.66874750796e-49
419.54 4.36267431385e-49
419.55 2.85157647868e-49
419.56 1.86226279634e-49
419.57 1.2151240681e-49
419.58 7.92180214907e-50
419.59 5.16001628666e-50
419.6 3.35816372324e-50
419.61 2.18361652242e-50
419.62 1.4186478042e-50
419.63 9.20866175524e-51
419.64 5.972307557e-51
419.65 3.87000495008e-51
419.66 2.50555874135e-51
419.67 1.62076992729e-51
419.68 1.04751889006e-51
419.69 6.76434997924e-52
419.7 4.36429388714e-52
419.71 2.81336201086e-52
419.72 1.81201155302e-52
419.73 1.16605763873e-52
419.74 7.49726370575e-53
419.75 4.81625272586e-53
419.76 3.09128795241e-53
419.77 1.98240948678e-53
419.78 1.27019671687e-53
419.79 8.13153090416e-54
419.8 5.20112582645e-54
419.81 3.32388597075e-54
419.82 2.12235771817e-54
419.83 1.35398784632e-54
419.84 8.6304742197e-55
419.85 5.49639917379e-55
419.86 3.49740224295e-55
419.87 2.22349734543e-55
419.88 1.41237934879e-55
419.89 8.96375163959e-56
419.9 5.68397270236e-56
419.91 3.60112224737e-56
419.92 2.27954126433e-56
419.93 1.44171947268e-56
419.94 9.11040707913e-57
419.95 5.75199518787e-57
419.96 3.62846516214e-57
419.97 2.28692074356e-57
419.98 1.44013426092e-57
419.99 9.06105076457e-58
420.0 5.69610330614e-58
420.01 3.57767481141e-58
420.02 2.2451614775e-58
420.03 1.40772561509e-58
420.04 8.81885408274e-59
420.05 5.51988478564e-59
420.06 3.45200631588e-59
420.07 2.1569340322e-59
420.08 1.34656045589e-59
420.09 8.39921237708e-60
420.1 5.23449731514e-60
420.11 3.25938087248e-60
420.12 2.02777122669e-60
420.13 1.26045258275e-60
420.14 7.82812552868e-61
420.15 4.85749947614e-61
420.16 3.01155955634e-61
420.17 1.86549402508e-61
420.18 1.15456923541e-61
420.19 7.1395331161e-62
420.2 4.41106397087e-62
420.21 2.72295592918e-62
420.22 1.6794287406e-62
420.23 1.03491876694e-62
420.24 6.37198369993e-63
420.25 3.91982575819e-63
420.26 2.40925395853e-63
420.27 1.47952433413e-63
420.28 9.07789920476e-64
420.29 5.56509154225e-64
420.3 3.40865448333e-64
420.31 2.08601469119e-64
420.32 1.27548529649e-64
420.33 7.79214925828e-65
420.34 4.75622927457e-65
420.35 2.90062785346e-65
420.36 1.76744112845e-65
420.37 1.07602314542e-65
420.38 6.54518583794e-66
420.39 3.97782857636e-66
420.4 2.41542666977e-66
420.41 1.46543096336e-66
420.42 8.88301882463e-67
420.43 5.37996578669e-67
420.44 3.2555334178e-67
420.45 1.96828740789e-67
420.46 1.18899104302e-67
420.47 7.1761641504e-68
420.48 4.32742807455e-68
420.49 2.60730036042e-68
420.5 1.56955299361e-68
420.51 9.44027433276e-69
420.52 5.6730545412e-69
420.53 3.40622251551e-69
420.54 2.04339715455e-69
420.55 1.22477486668e-69
420.56 7.3347186521e-70
420.57 4.38868455385e-70
420.58 2.62366864452e-70
420.59 1.56713827066e-70
420.6 9.35253539541e-71
420.61 5.57667219747e-71
420.62 3.32234390865e-71
420.63 1.9775968763e-71
420.64 1.17612819524e-71
420.65 6.98868181184e-72
420.66 4.14915431047e-72
420.67 2.46120403492e-72
420.68 1.45867776321e-72
420.69 8.63763441884e-73
420.7 5.11038933293e-73
420.71 3.02090361904e-73
420.72 1.78419970611e-73
420.73 1.05286762116e-73
420.74 6.207658098e-74
420.75 3.65683631048e-74
420.76 2.15232061143e-74
420.77 1.26570390857e-74
420.78 7.43671246768e-75
420.79 4.36569681434e-75
420.8 2.56064790414e-75
420.81 1.5006170359e-75
420.82 8.78645302683e-76
420.83 5.14021190562e-76
420.84 3.00449971589e-76
420.85 1.75463595279e-76
420.86 1.02382467689e-76
420.87 5.9688116494e-77
420.88 3.47675324537e-77
420.89 2.0234085246e-77
420.9 1.17656789729e-77
420.91 6.83556041505e-78
420.92 3.96784748248e-78
420.93 2.3012273496e-78
420.94 1.33348395984e-78
420.95 7.72039956676e-79
420.96 4.46596661125e-79
420.97 2.58115971619e-79
420.98 1.49052065158e-79
420.99 8.59973026053e-80
421.0 4.95741610756e-80
421.01 2.85528609414e-80
421.02 1.64311363449e-80
421.03 9.44733425001e-81
421.04 5.42718561748e-81
421.05 3.11504110643e-81
421.06 1.78639132574e-81
421.07 1.02355959307e-81
421.08 5.85967295104e-82
421.09 3.35163976133e-82
421.1 1.91542434573e-82
421.11 1.09369539847e-82
421.12 6.23952428162e-83
421.13 3.55656119689e-83
421.14 2.02550260076e-83
421.15 1.15254804109e-83
421.16 6.55252944474e-84
421.17 3.72205372855e-84
421.18 2.11241871875e-84
421.19 1.19784628151e-84
421.2 6.78650046705e-85
421.21 3.84161987968e-85
421.22 2.17273424488e-85
421.23 1.22778561623e-85
421.24 6.93205796435e-86
421.25 3.91043924086e-86
421.26 2.20400518398e-86
421.27 1.24114749048e-86
421.28 6.98325478839e-87
421.29 3.92569084058e-87
421.3 2.20494628496e-87
421.31 1.23738157761e-87
421.32 6.9379791477e-88
421.33 3.88674498689e-88
421.34 2.17551867877e-88
421.35 1.21664338264e-88
421.36 6.79809912242e-89
421.37 3.79520639882e-89
421.38 2.11693254162e-89
421.39 1.17978358927e-89
421.4 6.56933479119e-90
421.41 3.65480451008e-90
421.42 2.03156452951e-90
421.43 1.12829016749e-90
421.44 6.26087016828e-91
421.45 3.47114139549e-91
421.46 1.92279783416e-91
421.47 1.06418873213e-91
421.48 5.88474164054e-92
421.49 3.25132106346e-92
421.5 1.79479986025e-92
421.51 9.89910450213e-93
421.52 5.45505964489e-93
421.53 3.00349428861e-93
421.54 1.65225787282e-93
421.55 9.08139491511e-94
421.56 4.98713364267e-94
421.57 2.73635955938e-94
421.58 1.5000959304e-94
421.59 8.21653320855e-95
421.6 4.49657570207e-95
421.61 2.45866249464e-95
421.62 1.34319676111e-95
421.63 7.33168956404e-96
421.64 3.99845499793e-96
421.65 2.17873329111e-96
421.66 1.18615007058e-96
421.67 6.45206778001e-97
421.68 3.5065651772e-97
421.69 1.90409504414e-97
421.7 1.03304452952e-97
421.71 5.59980848552e-98
421.72 3.03285061148e-98
421.73 1.64116624502e-98
421.74 8.87315045443e-99
421.75 4.79321409379e-99
421.76 2.58701842743e-99
421.77 1.3950697742e-99
421.78 7.5165067002e-100
421.79 4.04631678947e-100
421.8 2.17634341472e-100
421.81 1.16954970242e-100
421.82 6.27962417043e-101
421.83 3.3687775524e-101
421.84 1.8056548102e-101
421.85 9.66987447023e-102
421.86 5.17405041349e-102
421.87 2.76607650706e-102
421.88 1.47747939456e-102
421.89 7.88501256882e-103
421.9 4.20442935471e-103
421.91 2.23993513372e-103
421.92 1.19230547019e-103
421.93 6.34108162513e-104
421.94 3.36947984822e-104
421.95 1.78890012963e-104
421.96 9.48927516453e-105
421.97 5.02925547582e-105
421.98 2.66316495452e-105
421.99 1.4090167288e-105
422.0 7.44831343588e-106
422.01 3.9339012265e-106
422.02 2.07592983737e-106
422.03 1.0945247923e-106
422.04 5.76583550396e-107
422.05 3.03474780033e-107
422.06 1.59590367592e-107
422.07 8.38521991894e-108
422.08 4.40195858328e-108
422.09 2.30887892372e-108
422.1 1.20998525819e-108
422.11 6.3355264944e-109
422.12 3.31443156422e-109
422.13 1.732443634e-109
422.14 9.04758940426e-110
422.15 4.72096048784e-110
422.16 2.46122637496e-110
422.17 1.28202492194e-110
422.18 6.67213903415e-111
422.19 3.46942433122e-111
422.2 1.80249249328e-111
422.21 9.35649569397e-112
422.22 4.85262455969e-112
422.23 2.51457083571e-112
422.24 1.30189143281e-112
422.25 6.73456232521e-113
422.26 3.48070884076e-113
422.27 1.79742065762e-113
422.28 9.27375191081e-114
422.29 4.78062778154e-114
422.3 2.46228376075e-114
422.31 1.26711193982e-114
422.32 6.5150173728e-115
422.33 3.3468780288e-115
422.34 1.71786054622e-115
422.35 8.80966994533e-116
422.36 4.51393273171e-116
422.37 2.3108632192e-116
422.38 1.18199900274e-116
422.39 6.04065027079e-117
422.4 3.08442338765e-117
422.41 1.57357698481e-117
422.42 8.02094826031e-118
422.43 4.0849537835e-118
422.44 2.07860655403e-118
422.45 1.05677163988e-118
422.46 5.36801498812e-119
422.47 2.72439454631e-119
422.48 1.38149716245e-119
422.49 6.99928543588e-120
422.5 3.54308135617e-120
422.51 1.7919762821e-120
422.52 9.05538880839e-121
422.53 4.57199408364e-121
422.54 2.30636442064e-121
422.55 1.16244901082e-121
422.56 5.85387719373e-122
422.57 2.94535071092e-122
422.58 1.48065587735e-122
422.59 7.43695181096e-123
422.6 3.73215362794e-123
422.61 1.87131875393e-123
422.62 9.37475097167e-124
422.63 4.69240428426e-124
422.64 2.34668511009e-124
422.65 1.17256769599e-124
422.66 5.85389253389e-125
422.67 2.91994907969e-125
422.68 1.45522290904e-125
422.69 7.24615268086e-126
422.7 3.60503222137e-126
422.71 1.7919856739e-126
422.72 8.89986929299e-127
422.73 4.41627832676e-127
422.74 2.18954036617e-127
422.75 1.08460896251e-127
422.76 5.36805718909e-128
422.77 2.65451260308e-128
422.78 1.31152375683e-128
422.79 6.47427651996e-129
422.8 3.19322881489e-129
422.81 1.57359347919e-129
422.82 7.74780652946e-130
422.83 3.81143660033e-130
422.84 1.87336475499e-130
422.85 9.19982789616e-131
422.86 4.51399187613e-131
422.87 2.21291919465e-131
422.88 1.0839120665e-131
422.89 5.30452204638e-132
422.9 2.59371455385e-132
422.91 1.26713186285e-132
422.92 6.18507765831e-133
422.93 3.01642279879e-133
422.94 1.46981604799e-133
422.95 7.1557880342e-134
422.96 3.48077268998e-134
422.97 1.6916774904e-134
422.98 8.2145389054e-135
422.99 3.98540557154e-135
423.0 1.93190412089e-135
423.01 9.35669184636e-136
423.02 4.52775372893e-136
423.03 2.18910694961e-136
423.04 1.0574866051e-136
423.05 5.10395084077e-137
423.06 2.46128442267e-137
423.07 1.18588024899e-137
423.08 5.70878360602e-138
423.09 2.74580719697e-138
423.1 1.31953285851e-138
423.11 6.33569251968e-139
423.12 3.03942679275e-139
423.13 1.4568438177e-139
423.14 6.97682798763e-140
423.15 3.33831065429e-140
423.16 1.59594967948e-140
423.17 7.62316555713e-141
423.18 3.63810494074e-141
423.19 1.73475762451e-141
423.2 8.26468109491e-142
423.21 3.93402493437e-142
423.22 1.87099156078e-142
423.23 8.89058342414e-143
423.24 4.22097137435e-143
423.25 2.00224982687e-143
423.26 9.48959843767e-144
423.27 4.49366939958e-144
423.28 2.1260727127e-144
423.29 1.0050295276e-144
423.3 4.74682522824e-145
423.31 2.24001731204e-145
423.32 1.05614420454e-145
423.33 4.97529433252e-146
423.34 2.34173662627e-146
423.35 1.10123760083e-146
423.36 5.17425379726e-147
423.37 2.42905939938e-147
423.38 1.13933714209e-147
423.39 5.3393708785e-148
423.4 2.5000669214e-148
423.41 1.16959874052e-148
423.42 5.46695957361e-149
423.43 2.55316301972e-149
423.44 1.19133785265e-149
423.45 5.55411731754e-150
423.46 2.58713367823e-150
423.47 1.20405521343e-150
423.48 5.59883473145e-151
423.49 2.60119317624e-151
423.5 1.20745589621e-151
423.51 5.60007263013e-152
423.52 2.59501429864e-152
423.53 1.20146068259e-152
423.54 5.55780216721e-153
423.55 2.56874099554e-153
423.56 1.1862091301e-153
423.57 5.47300595258e-154
423.58 2.5229828074e-154
423.59 1.16205417182e-154
423.6 5.3476400816e-155
423.61 2.45879135701e-155
423.62 1.12954853971e-155
423.63 5.18455912495e-156
423.64 2.37762017457e-156
423.65 1.08942374098e-156
423.66 4.98740809574e-157
423.67 2.28126999865e-157
423.68 1.04256270398e-157
423.69 4.76048710192e-158
423.7 2.17182242684e-158
423.71 9.89967521405e-159
423.72 4.50859569763e-159
423.73 2.05156532642e-159
423.74 9.32723934114e-160
423.75 4.23686478588e-160
423.76 1.922913728e-160
423.77 8.71964307504e-161
423.78 3.95058425766e-161
423.79 1.7883299997e-161
423.8 8.08830850341e-162
423.81 3.65503437615e-162
423.82 1.65024694191e-162
423.83 7.44440718899e-163
423.84 3.35532826686e-163
423.85 1.51099707557e-163
423.86 6.79854449919e-164
423.87 3.05627182475e-164
423.88 1.37275085699e-164
423.89 6.16048893345e-165
423.9 2.76224599467e-165
423.91 1.23746588733e-165
423.92 5.5389549324e-166
423.93 2.47711483253e-166
423.94 1.10684844835e-166
423.95 4.94144418054e-167
423.96 2.20416113117e-167
423.97 9.82327942789e-168
423.98 4.37414694609e-168
423.99 1.94604981002e-168
424.0 8.65044098918e-169
424.01 3.84190176612e-169
424.02 1.70481782269e-169
424.03 7.55846158736e-170
424.04 3.34820897441e-170
424.05 1.48188811342e-170
424.06 6.55302742178e-171
424.07 2.89529132208e-171
424.08 1.2781042074e-171
424.09 5.63720687435e-172
424.1 2.48419334342e-172
424.11 1.09378138304e-172
424.12 4.81170920536e-173
424.13 2.11491019791e-173
424.14 9.28770049877e-174
424.15 4.07519303742e-174
424.16 1.78653645059e-174
424.17 7.82526925603e-175
424.18 3.42460440381e-175
424.19 1.49742556783e-175
424.2 6.54189832744e-176
424.21 2.85552553797e-176
424.22 1.24535170446e-176
424.23 5.42652368529e-177
424.24 2.36251785196e-177
424.25 1.0276665183e-177
424.26 4.46635283059e-178
424.27 1.93944541798e-178
424.28 8.41445142499e-179
424.29 3.6475207076e-179
424.3 1.57976845345e-179
424.31 6.83616947244e-180
424.32 2.95566981647e-180
424.33 1.27679956208e-180
424.34 5.51078218848e-181
424.35 2.37644342422e-181
424.36 1.0239185842e-181
424.37 4.40785281227e-182
424.38 1.89588702804e-182
424.39 8.14744689819e-183
424.4 3.49827812669e-183
424.41 1.50075860833e-183
424.42 6.43266691598e-184
424.43 2.75483123014e-184
424.44 1.17875254595e-184
424.45 5.03934396253e-185
424.46 2.15252930813e-185
424.47 9.18645298967e-186
424.48 3.9171513587e-186
424.49 1.66884715072e-186
424.5 7.10373059421e-187
424.51 3.02120445373e-187
424.52 1.28380026896e-187
424.53 5.45052732132e-188
424.54 2.31208231611e-188
424.55 9.79922603835e-189
424.56 4.14957837526e-189
424.57 1.75565784065e-189
424.58 7.42163345834e-190
424.59 3.13460509467e-190
424.6 1.32278688766e-190
424.61 5.57725677713e-191
424.62 2.34949816968e-191
424.63 9.88902089835e-192
424.64 4.15867700335e-192
424.65 1.74735360167e-192
424.66 7.3355067433e-193
424.67 3.07682754105e-193
424.68 1.28943632457e-193
424.69 5.39908741666e-194
424.7 2.25873109359e-194
424.71 9.44131339996e-195
424.72 3.94297488003e-195
424.73 1.64527810775e-195
424.74 6.85927698015e-196
424.75 2.85720284505e-196
424.76 1.18912502838e-196
424.77 4.94467416846e-197
424.78 2.05433634683e-197
424.79 8.52764541498e-198
424.8 3.53679941492e-198
424.81 1.46559994087e-198
424.82 6.06798027059e-199
424.83 2.51013219385e-199
424.84 1.03746329397e-199
424.85 4.28422823268e-200
424.86 1.76764956261e-200
424.87 7.28691080997e-201
424.88 3.00133484386e-201
424.89 1.23512001358e-201
424.9 5.07840789536e-202
424.91 2.08626616178e-202
424.92 8.56318960813e-203
424.93 3.51176235636e-203
424.94 1.43892576994e-203
424.95 5.89081486872e-204
424.96 2.40955071009e-204
424.97 9.84737506342e-205
424.98 4.02094933423e-205
424.99 1.64044031814e-205
425.0 6.6867637748e-206
425.01 2.72329845632e-206
425.02 1.1081491336e-206
425.03 4.50531224038e-207
425.04 1.8301019825e-207
425.05 7.42761526941e-208
425.06 3.01194628045e-208
425.07 1.22030602533e-208
425.08 4.93985273417e-209
425.09 1.9979423881e-209
425.1 8.07375622364e-210
425.11 3.25980796248e-210
425.12 1.31501925705e-210
425.13 5.30024471391e-211
425.14 2.13443750276e-211
425.15 8.58805222815e-212
425.16 3.45246769359e-212
425.17 1.38671841334e-212
425.18 5.56507028571e-213
425.19 2.23139644948e-213
425.2 8.93936220076e-214
425.21 3.57816236193e-214
425.22 1.43099219365e-214
425.23 5.71792162956e-215
425.24 2.28277361952e-215
425.25 9.10565526299e-216
425.26 3.6289691439e-216
425.27 1.4450373069e-216
425.28 5.74908270075e-217
425.29 2.2852923458e-217
425.3 9.07629674636e-218
425.31 3.60163186939e-218
425.32 1.42795219081e-218
425.33 5.65655124751e-219
425.34 2.23879071799e-219
425.35 8.85317362865e-220
425.36 3.49790635305e-220
425.37 1.38083277667e-220
425.38 5.44625170431e-221
425.39 2.1462388053e-221
425.4 8.4504938394e-222
425.41 3.32437378203e-222
425.42 1.30665615977e-222
425.43 5.13140749525e-223
425.44 2.01342474041e-223
425.45 7.89328910556e-224
425.46 3.09174972971e-224
425.47 1.20996933984e-224
425.48 4.73116519412e-225
425.49 1.84835578596e-225
425.5 7.21484064037e-226
425.51 2.81378964507e-226
425.52 1.09642826739e-226
425.53 4.26866951779e-227
425.54 1.6604605217e-227
425.55 6.45339559995e-228
425.56 2.50594615597e-228
425.57 9.72252110248e-229
425.58 3.76885792494e-229
425.59 1.45970249479e-229
425.6 5.64862374011e-230
425.61 2.18395988076e-230
425.62 8.43665670852e-231
425.63 3.25626553074e-231
425.64 1.25572042603e-231
425.65 4.83826685143e-232
425.66 1.86256050492e-232
425.67 7.16398509874e-233
425.68 2.75310433687e-233
425.69 1.05709587902e-233
425.7 4.05536362604e-234
425.71 1.55442200524e-234
425.72 5.95294379944e-235
425.73 2.27781443965e-235
425.74 8.70820438356e-236
425.75 3.32630905257e-236
425.76 1.26946372237e-236
425.77 4.84062794618e-237
425.78 1.84419493764e-237
425.79 7.01997652465e-238
425.8 2.66985826533e-238
425.81 1.0145290004e-238
425.82 3.85180628693e-239
425.83 1.46112752443e-239
425.84 5.53777770865e-240
425.85 2.09703958283e-240
425.86 7.93416905643e-241
425.87 2.99930052986e-241
425.88 1.13282345136e-241
425.89 4.2749219545e-242
425.9 1.61182490603e-242
425.91 6.07199278137e-243
425.92 2.2854322077e-243
425.93 8.5946689425e-244
425.94 3.22933927625e-244
425.95 1.21233294999e-244
425.96 4.54730260639e-245
425.97 1.70415665644e-245
425.98 6.38100209394e-246
425.99 2.38721740124e-246
426.0 8.92316180979e-247
426.01 3.33249324536e-247
426.02 1.24349344346e-247
426.03 4.63597872343e-248
426.04 1.72688366345e-248
426.05 6.42700207993e-249
426.06 2.38988780072e-249
426.07 8.87912759241e-250
426.08 3.29599689387e-250
426.09 1.22243845465e-250
426.1 4.52992409764e-251
426.11 1.67717569285e-251
426.12 6.20425881682e-252
426.13 2.2931104106e-252
426.14 8.46805632351e-253
426.15 3.12439707424e-253
426.16 1.15178765508e-253
426.17 4.24230929864e-254
426.18 1.56119068337e-254
426.19 5.74028275479e-255
426.2 2.10879485047e-255
426.21 7.74032314153e-256
426.22 2.83862199728e-256
426.23 1.04011114136e-256
426.24 3.80781329133e-257
426.25 1.39282083589e-257
426.26 5.09024372277e-258
426.27 1.85868421874e-258
426.28 6.78104081813e-259
426.29 2.47178571571e-259
426.3 9.0022068997e-260
426.31 3.27575094337e-260
426.32 1.19095807071e-260
426.33 4.32619191552e-261
426.34 1.57014153978e-261
426.35 5.69371255359e-262
426.36 2.06288959411e-262
426.37 7.46758448527e-263
426.38 2.70089696493e-263
426.39 9.76021987548e-264
426.4 3.52399187604e-264
426.41 1.27125861242e-264
426.42 4.58201630501e-265
426.43 1.65007264619e-265
426.44 5.93708425312e-266
426.45 2.13435704374e-266
426.46 7.66627941076e-267
426.47 2.75122385502e-267
426.48 9.86485998637e-268
426.49 3.53410652018e-268
426.5 1.26500446216e-268
426.51 4.52405829179e-269
426.52 1.61654589574e-269
426.53 5.7712727425e-270
426.54 2.05863271979e-270
426.55 7.33685364412e-271
426.56 2.61254965191e-271
426.57 9.29486235333e-272
426.58 3.3040383911e-272
426.59 1.17346710453e-272
426.6 4.16409344564e-273
426.61 1.47636495142e-273
426.62 5.22986765381e-274
426.63 1.85102116052e-274
426.64 6.54569523395e-275
426.65 2.31272444353e-275
426.66 8.16423905671e-276
426.67 2.8795939175e-276
426.68 1.01477671835e-276
426.69 3.57300360651e-277
426.7 1.25695614893e-277
426.71 4.41804883066e-278
426.72 1.55154583171e-278
426.73 5.44405392899e-279
426.74 1.9085517532e-279
426.75 6.68511951344e-280
426.76 2.33958120112e-280
426.77 8.18070595711e-281
426.78 2.85803244844e-281
426.79 9.97624807533e-282
426.8 3.47929327271e-282
426.81 1.21237939635e-282
426.82 4.22094574158e-283
426.83 1.4682658723e-283
426.84 5.1029739546e-284
426.85 1.77200813596e-284
426.86 6.14797062714e-285
426.87 2.13118705122e-285
426.88 7.3813375501e-286
426.89 2.55430219176e-286
426.9 8.83147407544e-287
426.91 3.05082877048e-287
426.92 1.05299468889e-287
426.93 3.6312674822e-288
426.94 1.25116334643e-288
426.95 4.30718472367e-289
426.96 1.48148307841e-289
426.97 5.09124041211e-290
426.98 1.74813201971e-290
426.99 5.99720041782e-291
427.0 2.05563787063e-291
427.01 7.03993047171e-292
427.02 2.40887265921e-292
427.03 8.23536831901e-293
427.04 2.81304011107e-293
427.05 9.60047088228e-294
427.06 3.2736546129e-294
427.07 1.11531332839e-294
427.08 3.79651080018e-295
427.09 1.29120767741e-295
427.1 4.38764288004e-296
427.11 1.48967029298e-296
427.12 5.0532729218e-297
427.13 1.71269119358e-297
427.14 5.79974751062e-298
427.15 1.96228833509e-298
427.16 6.63346236789e-299
427.17 2.24048184821e-299
427.18 7.56077479296e-300
427.19 2.54926443591e-300
427.2 8.58790407537e-301
427.21 2.89056802907e-301
427.22 9.72082035913e-302
427.23 3.26622690937e-302
427.24 1.09651228074e-302
427.25 3.67793762896e-303
427.26 1.2325908308e-303
427.27 4.12721618328e-304
427.28 1.38076323698e-304
427.29 4.6153530246e-305
427.3 1.54139642741e-305
427.31 5.14336663372e-306
427.32 1.71476389528e-306
427.33 5.71195649367e-307
427.34 1.90103084489e-307
427.35 6.32145642525e-308
427.36 2.10023961652e-308
427.37 6.97178934679e-309
427.38 2.31229573978e-309
427.39 7.66242460329e-310
427.4 2.53695498812e-310
427.41 8.39233906882e-311
427.42 2.77381182108e-311
427.43 9.15998325631e-312
427.44 3.02228960548e-312
427.45 9.963253666e-313
427.46 3.28163300041e-313
427.47 1.07994725656e-313
427.48 3.55090287216e-314
427.49 1.16653763158e-314
427.5 3.8289740768e-315
427.51 1.25571132656e-315
427.52 4.11453640655e-316
427.53 1.34702517163e-316
427.54 4.40609867444e-317
427.55 1.43998001622e-317
427.56 4.70199804819e-318
427.57 1.53402442377e-318
427.58 5.00038899499e-319
427.59 1.62853918182e-319
427.6 5.29934811729e-320
427.61 1.72280690705e-320
427.62 5.59776376738e-321
427.63 1.8181615767e-321
427.64 5.87938118551e-322
427.65 1.92685601878e-322
427.66 6.42285339594e-323
427.67 1.97626258336e-323
427.68 4.94065645841e-324
427.69 0.0
427.7 0.0
427.71 0.0
427.72 0.0
427.73 0.0
427.74 0.0
427.75 0.0
427.76 0.0
427.77 0.0
427.78 0.0
427.79 0.0
427.8 0.0
427.81 0.0
427.82 0.0
427.83 0.0
427.84 0.0
427.85 0.0
427.86 0.0
427.87 0.0
427.88 0.0
427.89 0.0
427.9 0.0
427.91 0.0
427.92 0.0
427.93 0.0
427.94 0.0
427.95 0.0
427.96 0.0
427.97 0.0
427.98 0.0
427.99 0.0
428.0 0.0
428.01 0.0
428.02 0.0
428.03 0.0
428.04 0.0
428.05 0.0
428.06 0.0
428.07 0.0
428.08 0.0
428.09 0.0
428.1 0.0
428.11 0.0
428.12 0.0
428.13 0.0
428.14 0.0
428.15 0.0
428.16 0.0
428.17 0.0
428.18 0.0
428.19 0.0
428.2 0.0
428.21 0.0
428.22 0.0
428.23 0.0
428.24 0.0
428.25 0.0
428.26 0.0
428.27 0.0
428.28 0.0
428.29 0.0
428.3 0.0
428.31 0.0
428.32 0.0
428.33 0.0
428.34 0.0
428.35 0.0
428.36 0.0
428.37 0.0
428.38 0.0
428.39 0.0
428.4 0.0
428.41 0.0
428.42 0.0
428.43 0.0
428.44 0.0
428.45 0.0
428.46 0.0
428.47 0.0
428.48 0.0
428.49 0.0
428.5 0.0
428.51 0.0
428.52 0.0
428.53 0.0
428.54 0.0
428.55 0.0
428.56 0.0
428.57 0.0
428.58 0.0
428.59 0.0
428.6 0.0
428.61 0.0
428.62 0.0
428.63 0.0
428.64 0.0
428.65 0.0
428.66 0.0
428.67 0.0
428.68 0.0
428.69 0.0
428.7 0.0
428.71 0.0
428.72 0.0
428.73 0.0
428.74 0.0
428.75 0.0
428.76 0.0
428.77 0.0
428.78 0.0
428.79 0.0
428.8 0.0
428.81 0.0
428.82 0.0
428.83 0.0
428.84 0.0
428.85 0.0
428.86 0.0
428.87 0.0
428.88 0.0
428.89 0.0
428.9 0.0
428.91 0.0
428.92 0.0
428.93 0.0
428.94 0.0
428.95 0.0
428.96 0.0
428.97 0.0
428.98 0.0
428.99 0.0
429.0 0.0
429.01 0.0
429.02 0.0
429.03 0.0
429.04 0.0
429.05 0.0
429.06 0.0
429.07 0.0
429.08 0.0
429.09 0.0
429.1 0.0
429.11 0.0
429.12 0.0
429.13 0.0
429.14 0.0
429.15 0.0
429.16 0.0
429.17 0.0
429.18 0.0
429.19 0.0
429.2 0.0
429.21 0.0
429.22 0.0
429.23 0.0
429.24 0.0
429.25 0.0
429.26 0.0
429.27 0.0
429.28 0.0
429.29 0.0
429.3 0.0
429.31 0.0
429.32 0.0
429.33 0.0
429.34 0.0
429.35 0.0
429.36 0.0
429.37 0.0
429.38 0.0
429.39 0.0
429.4 0.0
429.41 0.0
429.42 0.0
429.43 0.0
429.44 0.0
429.45 0.0
429.46 0.0
429.47 0.0
429.48 0.0
429.49 0.0
429.5 0.0
429.51 0.0
429.52 0.0
429.53 0.0
429.54 0.0
429.55 0.0
429.56 0.0
429.57 0.0
429.58 0.0
429.59 0.0
429.6 0.0
429.61 0.0
429.62 0.0
429.63 0.0
429.64 0.0
429.65 0.0
429.66 0.0
429.67 0.0
429.68 0.0
429.69 0.0
429.7 0.0
429.71 0.0
429.72 0.0
429.73 0.0
429.74 0.0
429.75 0.0
429.76 0.0
429.77 0.0
429.78 0.0
429.79 0.0
429.8 0.0
429.81 0.0
429.82 0.0
429.83 0.0
429.84 0.0
429.85 0.0
429.86 0.0
429.87 0.0
429.88 0.0
429.89 0.0
429.9 0.0
429.91 0.0
429.92 0.0
429.93 0.0
429.94 0.0
429.95 0.0
429.96 0.0
429.97 0.0
429.98 0.0
429.99 0.0
