400.0 1.84700018398e-77
400.01 3.18033522882e-77
400.02 5.47145174995e-77
400.03 9.40493850069e-77
400.04 1.61522511505e-76
400.05 2.77162117147e-76
400.06 4.75180263357e-76
400.07 8.13966685506e-76
400.08 1.39308808905e-75
400.09 2.382178169e-75
400.1 4.06999254884e-75
400.11 6.9476302987e-75
400.12 1.18495947865e-74
400.13 2.01926822179e-74
400.14 3.43801869923e-74
400.15 5.84852257782e-74
400.16 9.94049061592e-74
400.17 1.68808060846e-73
400.18 2.86419284091e-73
400.19 4.8555121058e-73
400.2 8.22415979625e-73
400.21 1.3917837179e-72
400.22 2.35329122486e-72
400.23 3.97560576565e-72
400.24 6.71049660012e-72
400.25 1.13169584676e-71
400.26 1.90690253446e-71
400.27 3.21033964792e-71
400.28 5.40004254259e-71
400.29 9.07542752064e-71
400.3 1.52391490447e-70
400.31 2.55668988395e-70
400.32 4.28567370092e-70
400.33 7.17767621566e-70
400.34 1.20108111206e-69
400.35 2.00809624412e-69
400.36 3.3544430482e-69
400.37 5.59860766344e-69
400.38 9.3360540695e-69
400.39 1.55550135846e-68
400.4 2.58941192489e-68
400.41 4.30680893315e-68
400.42 7.1570455163e-68
400.43 1.18832618141e-67
400.44 1.97133877676e-67
400.45 3.2674622308e-67
400.46 5.41107558195e-67
400.47 8.95324227602e-67
400.48 1.48013315095e-66
400.49 2.44480906543e-66
400.5 4.03471461364e-66
400.51 6.65279908396e-66
400.52 1.09602309843e-65
400.53 1.80409215683e-65
400.54 2.96702661799e-65
400.55 4.87537335035e-65
400.56 8.00420177616e-65
400.57 1.31296119242e-64
400.58 2.1518374609e-64
400.59 3.52363366307e-64
400.6 5.76495271451e-64
400.61 9.42376529204e-64
400.62 1.53913560598e-63
400.63 2.51161473195e-63
400.64 4.09499023879e-63
400.65 6.6707771504e-63
400.66 1.08573467135e-62
400.67 1.76560964766e-62
400.68 2.86872813236e-62
400.69 4.65701679327e-62
400.7 7.55352947361e-62
400.71 1.22409680615e-61
400.72 1.98200759316e-61
400.73 3.20640646577e-61
400.74 5.18269378616e-61
400.75 8.36982227842e-61
400.76 1.35051880445e-60
400.77 2.17725224638e-60
400.78 3.50703880633e-60
400.79 5.64411830327e-60
400.8 9.07560022862e-60
400.81 1.45806981435e-59
400.82 2.34048031782e-59
400.83 3.75366386851e-59
400.84 6.0149147889e-59
400.85 9.63002225882e-59
400.86 1.54045428712e-58
400.87 2.46203403286e-58
400.88 3.93154273905e-58
400.89 6.27271654595e-58
400.9 9.99935615251e-58
400.91 1.59261984838e-57
400.92 2.53440445419e-57
400.93 4.02961389083e-57
400.94 6.40139548532e-57
400.95 1.01603716961e-56
400.96 1.61126971869e-56
400.97 2.55299877885e-56
400.98 4.04163119885e-56
400.99 6.39273156004e-56
401.0 1.01027584045e-55
401.01 1.59520748693e-55
401.02 2.51662266506e-55
401.03 3.96682224899e-55
401.04 6.24728170472e-55
401.05 9.83021805679e-55
401.06 1.54546411691e-54
401.07 2.42760717698e-54
401.08 3.80997049214e-54
401.09 5.97432059358e-54
401.1 9.36007111381e-54
401.11 1.46518844566e-53
401.12 2.29156159189e-53
401.13 3.58090909748e-53
401.14 5.59086197667e-53
401.15 8.72143518739e-53
401.16 1.35931734044e-52
401.17 2.11678850768e-52
401.18 3.29350095275e-52
401.19 5.11990414669e-52
401.2 7.95224185056e-52
401.21 1.23407354293e-51
401.22 1.91344602519e-51
401.23 2.96425187339e-51
401.24 4.58815099976e-51
401.25 7.09551650142e-51
401.26 1.09636216255e-50
401.27 1.69257443061e-50
401.28 2.61074963072e-50
401.29 4.02352206378e-50
401.3 6.19542725072e-50
401.31 9.53146919608e-50
401.32 1.46511646211e-49
401.33 2.25013285044e-49
401.34 3.45277186857e-49
401.35 5.29360243739e-49
401.36 8.1088351437e-49
401.37 1.24105015489e-48
401.38 1.89777144468e-48
401.39 2.89949386816e-48
401.4 4.42613029258e-48
401.41 6.7507170635e-48
401.42 1.02872508662e-47
401.43 1.56629105521e-47
401.44 2.38269973934e-47
401.45 3.62151158948e-47
401.46 5.49963863107e-47
401.47 8.34453500743e-47
401.48 1.26500965596e-46
401.49 1.91606065317e-46
401.5 2.89966867681e-46
401.51 4.38441055173e-46
401.52 6.62365591779e-46
401.53 9.99788244356e-46
401.54 1.50779396449e-45
401.55 2.27195480375e-45
401.56 3.4204329957e-45
401.57 5.14500971774e-45
401.58 7.73241267407e-45
401.59 1.16109448203e-44
401.6 1.74198259225e-44
401.61 2.61122186051e-44
401.62 3.91081657838e-44
401.63 5.85214171856e-44
401.64 8.74955437253e-44
401.65 1.30701552574e-43
401.66 1.95073946941e-43
401.67 2.90898517744e-43
401.68 4.33418513209e-43
401.69 6.45204102527e-43
401.7 9.59644756965e-43
401.71 1.42609212626e-42
401.72 2.11742668382e-42
401.73 3.14118050875e-42
401.74 4.65587292793e-42
401.75 6.89498071613e-42
401.76 1.02020795502e-41
401.77 1.50823171138e-41
401.78 2.22777405896e-41
401.79 3.28774351486e-41
401.8 4.84784169396e-41
401.81 7.1420459791e-41
401.82 1.05128523888e-40
401.83 1.54611646026e-40
401.84 2.27189132658e-40
401.85 3.33546675085e-40
401.86 4.89270904796e-40
401.87 7.17077140307e-40
401.88 1.05004056657e-39
401.89 1.53627863166e-39
401.9 2.24573038309e-39
401.91 3.2799630558e-39
401.92 4.78634502699e-39
401.93 6.97851094754e-39
401.94 1.01658860872e-38
401.95 1.47962420158e-38
401.96 2.1516980491e-38
401.97 3.12633086628e-38
401.98 4.53849920039e-38
401.99 6.58284001796e-38
402.0 9.53977321345e-38
402.01 1.38129523234e-37
402.02 1.99829079426e-37
402.03 2.88838163532e-37
402.04 4.17132640807e-37
402.05 6.01890498103e-37
402.06 8.67729799398e-37
402.07 1.24989994672e-36
402.08 1.79882825015e-36
402.09 2.58659159388e-36
402.1 3.71612006043e-36
402.11 5.33427405249e-36
402.12 7.65040847825e-36
402.13 1.09627026984e-35
402.14 1.56954713099e-35
402.15 2.24519878656e-35
402.16 3.20892043384e-35
402.17 4.58233473935e-35
402.18 6.53790169474e-35
402.19 9.31995195629e-35
402.2 1.32743319425e-34
402.21 1.88901491086e-34
402.22 2.6858503498e-34
402.23 3.81550430991e-34
402.24 5.41559025942e-34
402.25 7.68003785929e-34
402.26 1.08818976272e-33
402.27 1.54052809622e-33
402.28 2.17900548475e-33
402.29 3.07943283292e-33
402.3 4.34817346021e-33
402.31 6.13432382786e-33
402.32 8.64669715704e-33
402.33 1.21774824119e-32
402.34 1.71351727045e-32
402.35 2.40903535393e-32
402.36 3.38393158142e-32
402.37 4.74923528899e-32
402.38 6.65962095541e-32
402.39 9.33037392153e-32
402.4 1.30608757758e-31
402.41 1.82670854951e-31
402.42 2.55264215183e-31
402.43 3.56397233375e-31
402.44 4.97167148802e-31
402.45 6.92937774213e-31
402.46 9.64961001422e-31
402.47 1.34260728529e-30
402.48 1.86643104468e-30
402.49 2.592379701e-30
402.5 3.59756779874e-30
402.51 4.98819100518e-30
402.52 6.91036321725e-30
402.53 9.56494303016e-30
402.54 1.32277997839e-29
402.55 1.82774898101e-29
402.56 2.52330181804e-29
402.57 3.48053145699e-29
402.58 4.79673403126e-29
402.59 6.60494835404e-29
402.6 9.086924638e-29
402.61 1.2490739152e-28
402.62 1.71546974948e-28
402.63 2.35397421753e-28
402.64 3.22733503083e-28
402.65 4.42089413013e-28
402.66 6.05062015794e-28
402.67 8.27395925011e-28
402.68 1.13044796882e-27
402.69 1.54316189412e-27
402.7 2.1047286645e-27
402.71 2.86816712452e-27
402.72 3.90513906249e-27
402.73 5.3124183299e-27
402.74 7.22057430845e-27
402.75 9.8056170788e-27
402.76 1.33046002348e-26
402.77 1.80365073268e-26
402.78 2.44301856801e-26
402.79 3.3061671436e-26
402.8 4.47040176469e-26
402.81 6.03937530281e-26
402.82 8.15194411902e-26
402.83 1.09939582087e-25
402.84 1.4813943436e-25
402.85 1.99439416491e-25
402.86 2.6827179812e-25
402.87 3.60547723689e-25
402.88 4.84143614634e-25
402.89 6.49545190092e-25
402.9 8.70699402608e-25
402.91 1.16614038102e-24
402.92 1.56047614746e-24
402.93 2.0863499104e-24
402.94 2.78702505438e-24
402.95 3.71978904227e-24
402.96 4.96043155028e-24
402.97 6.60913044998e-24
402.98 8.79818114472e-24
402.99 1.17021372439e-23
403.0 1.55511026345e-23
403.01 2.06481383056e-23
403.02 2.73920367678e-23
403.03 3.63070918464e-23
403.04 4.80819767667e-23
403.05 6.36204705887e-23
403.06 8.41075829552e-23
403.07 1.11095672064e-22
403.08 1.46616497657e-22
403.09 1.93326885231e-22
403.1 2.54697908887e-22
403.11 3.35260367933e-22
403.12 4.40923014315e-22
403.13 5.79384711004e-22
403.14 7.60667754026e-22
403.15 9.9780733956e-22
403.16 1.30774206829e-21
403.17 1.71246304275e-21
403.18 2.24049527879e-21
403.19 2.92880576742e-21
403.2 3.8252587883e-21
403.21 4.99177250501e-21
403.22 6.50837338011e-21
403.23 8.47839894476e-21
403.24 1.10351679839e-20
403.25 1.43505240768e-20
403.26 1.86457684717e-20
403.27 2.42056375089e-20
403.28 3.13961558157e-20
403.29 4.06874187653e-20
403.3 5.26826381125e-20
403.31 6.81551381477e-20
403.32 8.80954347201e-20
403.33 1.1377108925e-19
403.34 1.46802733271e-19
403.35 1.89260542104e-19
403.36 2.43786543777e-19
403.37 3.13749536851e-19
403.38 4.03441127604e-19
403.39 5.18323568691e-19
403.4 6.65342794135e-19
403.41 8.53323430865e-19
403.42 1.09346678733e-18
403.43 1.39997807593e-18
403.44 1.79085566552e-18
403.45 2.28888328854e-18
403.46 2.9228762201e-18
403.47 3.7292449655e-18
403.48 4.75395550666e-18
403.49 6.05498436289e-18
403.5 7.70539047214e-18
403.51 9.79715524123e-18
403.52 1.24459783277e-17
403.53 1.57972613648e-17
403.54 2.00335668362e-17
403.55 2.53839069709e-17
403.56 3.21353007041e-17
403.57 4.06471388789e-17
403.58 5.13690231423e-17
403.59 6.4862897509e-17
403.6 8.18304794945e-17
403.61 1.03147227538e-16
403.62 1.29904362188e-16
403.63 1.63460801156e-16
403.64 2.05507286024e-16
403.65 2.58145487115e-16
403.66 3.23985491893e-16
403.67 4.06265834393e-16
403.68 5.09001136342e-16
403.69 6.37163538057e-16
403.7 7.96905438946e-16
403.71 9.95832691227e-16
403.72 1.24333935369e-15
403.73 1.5510174833e-15
403.74 1.93315830279e-15
403.75 2.40736452999e-15
403.76 2.99529780447e-15
403.77 3.72359013864e-15
403.78 4.62495431628e-15
403.79 5.73953535712e-15
403.8 7.11655379224e-15
403.81 8.8163018245e-15
403.82 1.09125658046e-14
403.83 1.3495563218e-14
403.84 1.66755000023e-14
403.85 2.05868750265e-14
403.86 2.5393683595e-14
403.87 3.1295701611e-14
403.88 3.85360674284e-14
403.89 4.74104204275e-14
403.9 5.82779051738e-14
403.91 7.15744090279e-14
403.92 8.78284709032e-14
403.93 1.07680381398e-13
403.94 1.3190509196e-13
403.95 1.61439665645e-13
403.96 1.974161374e-13
403.97 2.41200811024e-13
403.98 2.94441207217e-13
403.99 3.59122096801e-13
404.0 4.37632310969e-13
404.01 5.32844322236e-13
404.02 6.48208942927e-13
404.03 7.8786790079e-13
404.04 9.56787533061e-13
404.05 1.16091740206e-12
404.06 1.40737828957e-12
404.07 1.70468478815e-12
404.08 2.06300859187e-12
404.09 2.49448961467e-12
404.1 3.0136032542e-12
404.11 3.63759349578e-12
404.12 4.38698314323e-12
404.13 5.28617430262e-12
404.14 6.3641543662e-12
404.15 7.65532518801e-12
404.16 9.20047595578e-12
404.17 1.10479234964e-11
404.18 1.32548474636e-11
404.19 1.58888521117e-11
404.2 1.90297912311e-11
404.21 2.27718983944e-11
404.22 2.72262710262e-11
404.23 3.25237640688e-11
404.24 3.88183572915e-11
404.25 4.62910696978e-11
404.26 5.51545051833e-11
404.27 6.56581257326e-11
404.28 7.80943621983e-11
404.29 9.28056882728e-11
404.3 1.10192800863e-10
404.31 1.30724069936e-10
404.32 1.54946443303e-10
404.33 1.83498017003e-10
404.34 2.17122510274e-10
404.35 2.56685915939e-10
404.36 3.03195632622e-10
404.37 3.57822425166e-10
404.38 4.21925604209e-10
404.39 4.97081865611e-10
404.4 5.85118285961e-10
404.41 6.88150032041e-10
404.42 8.08623410743e-10
404.43 9.49364961977e-10
404.44 1.11363738135e-09
404.45 1.30520315257e-09
404.46 1.52839687232e-09
404.47 1.78820736384e-09
404.48 2.09037079992e-09
404.49 2.44147619333e-09
404.5 2.84908476273e-09
404.51 3.32186484666e-09
404.52 3.86974421783e-09
404.53 4.50408184606e-09
404.54 5.23786137153e-09
404.55 6.08590878161e-09
404.56 7.06513703637e-09
404.57 8.19482065951e-09
404.58 9.4969036054e-09
404.59 1.09963440296e-08
404.6 1.27214999307e-08
404.61 1.47045599961e-08
404.62 1.6982024376e-08
404.63 1.95952405268e-08
404.64 2.25909997094e-08
404.65 2.60222002006e-08
404.66 2.99485837753e-08
404.67 3.44375525458e-08
404.68 3.9565073801e-08
404.69 4.54166810703e-08
404.7 5.20885802511e-08
404.71 5.96888702708e-08
404.72 6.83388884201e-08
404.73 7.81746911721e-08
404.74 8.93486820109e-08
404.75 1.02031398509e-07
404.76 1.16413471631e-07
404.77 1.32707770976e-07
404.78 1.5115175044e-07
404.79 1.72010009497e-07
404.8 1.95577086057e-07
404.81 2.22180497591e-07
404.82 2.5218404789e-07
404.83 2.8599141752e-07
404.84 3.24050056658e-07
404.85 3.66855399559e-07
404.86 4.14955420439e-07
404.87 4.6895555098e-07
404.88 5.29523980011e-07
404.89 5.97397356157e-07
404.9 6.73386914371e-07
404.91 7.5838504724e-07
404.92 8.53372341773e-07
404.93 9.59425102027e-07
404.94 1.07772337739e-06
404.95 1.20955951557e-06
404.96 1.35634725832e-06
404.97 1.51963139673e-06
404.98 1.70109800128e-06
404.99 1.90258524025e-06
405.0 2.12609479748e-06
405.01 2.37380389861e-06
405.02 2.64807795141e-06
405.03 2.95148380313e-06
405.04 3.28680361381e-06
405.05 3.65704934053e-06
405.06 4.06547782321e-06
405.07 4.51560645743e-06
405.08 5.01122943461e-06
405.09 5.55643452372e-06
405.1 6.15562036279e-06
405.11 6.81351422122e-06
405.12 7.5351901872e-06
405.13 8.32608772639e-06
405.14 9.1920305501e-06
405.15 1.01392457228e-05
405.16 1.11743829294e-05
405.17 1.2304533814e-05
405.18 1.35372512921e-05
405.19 1.48805687276e-05
405.2 1.63430188567e-05
405.21 1.79336523307e-05
405.22 1.96620557383e-05
405.23 2.15383689581e-05
405.24 2.35733016821e-05
405.25 2.57781489402e-05
405.26 2.81648054461e-05
405.27 3.07457785751e-05
405.28 3.35341997761e-05
405.29 3.65438342097e-05
405.3 3.97890883983e-05
405.31 4.32850156677e-05
405.32 4.70473191496e-05
405.33 5.1092352115e-05
405.34 5.54371154013e-05
405.35 6.00992516942e-05
405.36 6.50970364251e-05
405.37 7.04493650467e-05
405.38 7.61757364496e-05
405.39 8.22962322897e-05
405.4 8.88314920021e-05
405.41 9.58026832858e-05
405.42 0.000103231467855
405.43 0.000111139962265
405.44 0.000119550693642
405.45 0.000128486550151
405.46 0.000137970726081
405.47 0.000148026661419
405.48 0.00015867797584
405.49 0.000169948397049
405.5 0.000181861683455
405.51 0.000194441541176
405.52 0.000207711535431
405.53 0.000221694996391
405.54 0.000236414919619
405.55 0.000251893861259
405.56 0.000268153828189
405.57 0.000285216163391
405.58 0.000303101426835
405.59 0.000321829272234
405.6 0.000341418320066
405.61 0.000361886027302
405.62 0.000383248554345
405.63 0.000405520629716
405.64 0.000428715413078
405.65 0.000452844357237
405.66 0.000477917069782
405.67 0.000503941175116
405.68 0.000530922177597
405.69 0.000558863326614
405.7 0.000587765484412
405.71 0.000617626997519
405.72 0.000648443572647
405.73 0.00068020815798
405.74 0.000712910830729
405.75 0.000746538691899
405.76 0.000781075769155
405.77 0.000816502928718
405.78 0.00085279779718
405.79 0.000889934694117
405.8 0.000927884576351
405.81 0.000966614994694
405.82 0.00100609006393
405.83 0.0010462704468
405.84 0.00108711335263
405.85 0.00112857255124
405.86 0.0011705984027
405.87 0.00121313790334
405.88 0.00125613474854
405.89 0.0012995294124
405.9 0.00134325924472
405.91 0.0013872585853
405.92 0.00143145889554
405.93 0.00147578890737
405.94 0.00152017478925
405.95 0.00156454032893
405.96 0.0016088071326
405.97 0.00165289483994
405.98 0.00169672135436
405.99 0.00174020308776
406.0 0.00178325521906
406.01 0.00182579196538
406.02 0.001867726865
406.03 0.00190897307095
406.04 0.001949443654
406.05 0.0019890519138
406.06 0.0020277116968
406.07 0.00206533771966
406.08 0.00210184589646
406.09 0.00213715366855
406.1 0.00217118033521
406.11 0.00220384738382
406.12 0.00223507881781
406.13 0.00226480148102
406.14 0.00229294537687
406.15 0.00231944398086
406.16 0.00234423454493
406.17 0.00236725839243
406.18 0.00238846120223
406.19 0.00240779328076
406.2 0.00242520982093
406.21 0.00244067114681
406.22 0.00245414294309
406.23 0.0024655964686
406.24 0.0024750087532
406.25 0.00248236277737
406.26 0.00248764763424
406.27 0.00249085867372
406.28 0.00249199762863
406.29 0.00249107272287
406.3 0.00248809876191
406.31 0.0024830972058
406.32 0.00247609622537
406.33 0.00246713074216
406.34 0.00245624245302
406.35 0.00244347984015
406.36 0.00242889816789
406.37 0.00241255946724
406.38 0.00239453250965
406.39 0.00237489277136
406.4 0.0023537223899
406.41 0.00233111011437
406.42 0.00230715125107
406.43 0.0022819476064
406.44 0.00225560742855
406.45 0.00222824534999
406.46 0.00219998233242
406.47 0.00217094561588
406.48 0.00214126867395
406.49 0.00211109117647
406.5 0.00208055896156
406.51 0.00204982401837
406.52 0.00201904448187
406.53 0.00198838464115
406.54 0.00195801496206
406.55 0.00192811212534
406.56 0.00189885908099
406.57 0.00187044511924
406.58 0.00184306595873
406.59 0.00181692385178
406.6 0.00179222770682
406.61 0.00176919322744
406.62 0.0017480430675
406.63 0.00172900700145
406.64 0.0017123221085
406.65 0.00169823296942
406.66 0.00168699187398
406.67 0.00167885903731
406.68 0.00167410282252
406.69 0.00167299996742
406.7 0.00167583581222
406.71 0.00168290452528
406.72 0.00169450932358
406.73 0.0017109626843
406.74 0.00173258654401
406.75 0.0017597124812
406.76 0.00179268187839
406.77 0.00183184605949
406.78 0.00187756639807
406.79 0.00193021439218
406.8 0.00199017170141
406.81 0.00205783014153
406.82 0.0021335916326
406.83 0.00221786809602
406.84 0.00231108129643
406.85 0.00241366262439
406.86 0.00252605281601
406.87 0.00264870160589
406.88 0.00278206731015
406.89 0.00292661633655
406.9 0.00308282261898
406.91 0.00325116697442
406.92 0.00343213638042
406.93 0.00362622317197
406.94 0.00383392415728
406.95 0.00405573965208
406.96 0.00429217243325
406.97 0.00454372661292
406.98 0.00481090643477
406.99 0.0050942149952
407.0 0.00539415289262
407.01 0.00571121680876
407.02 0.00604589802673
407.03 0.00639868089132
407.04 0.00677004121754
407.05 0.0071604446543
407.06 0.00757034501071
407.07 0.00800018255319
407.08 0.00845038228206
407.09 0.00892135219703
407.1 0.00941348156131
407.11 0.0099271391747
407.12 0.0104626716663
407.13 0.0110204018179
407.14 0.0116006269288
407.15 0.0122036172343
407.16 0.0128296143883
407.17 0.0134788300217
407.18 0.0141514443881
407.19 0.0148476051069
407.2 0.0155674260158
407.21 0.0163109861402
407.22 0.0170783287922
407.23 0.0178694608049
407.24 0.0186843519121
407.25 0.0195229342792
407.26 0.0203851021912
407.27 0.0212707119039
407.28 0.0221795816601
407.29 0.0231114918743
407.3 0.0240661854864
407.31 0.025043368484
407.32 0.0260427105911
407.33 0.0270638461195
407.34 0.0281063749783
407.35 0.029169863834
407.36 0.030253847414
407.37 0.0313578299422
407.38 0.0324812866968
407.39 0.0336236656768
407.4 0.0347843893628
407.41 0.0359628565579
407.42 0.0371584442898
407.43 0.0383705097592
407.44 0.0395983923135
407.45 0.040841415428
407.46 0.0420988886735
407.47 0.0433701096515
407.48 0.0446543658741
407.49 0.0459509365709
407.5 0.0472590943994
407.51 0.0485781070421
407.52 0.0499072386683
407.53 0.0512457512444
407.54 0.0525929056729
407.55 0.0539479627476
407.56 0.0553101839061
407.57 0.0566788317717
407.58 0.0580531704695
407.59 0.0594324657113
407.6 0.0608159846413
407.61 0.0622029954394
407.62 0.0635927666798
407.63 0.0649845664481
407.64 0.0663776612188
407.65 0.0677713145021
407.66 0.0691647852683
407.67 0.0705573261637
407.68 0.0719481815323
407.69 0.0733365852624
407.7 0.0747217584792
407.71 0.0761029071053
407.72 0.077479219317
407.73 0.0788498629229
407.74 0.0802139826962
407.75 0.0815706976908
407.76 0.0829190985763
407.77 0.0842582450256
407.78 0.0855871631903
407.79 0.0869048433009
407.8 0.0882102374263
407.81 0.0895022574317
407.82 0.090779773167
407.83 0.0920416109234
407.84 0.0932865521905
407.85 0.0945133327459
407.86 0.0957206421084
407.87 0.0969071233806
407.88 0.0980713735086
407.89 0.0992119439793
407.9 0.100327341974
407.91 0.101416031998
407.92 0.102476437986
407.93 0.103506945912
407.94 0.104505906883
407.95 0.105471640735
407.96 0.106402440119
407.97 0.10729657506
407.98 0.108152297991
407.99 0.108967849233
408.0 0.109741462898
408.01 0.11047137319
408.02 0.111155821079
408.03 0.111793061305
408.04 0.112381369667
408.05 0.112919050579
408.06 0.113404444821
408.07 0.113835937454
408.08 0.114211965837
408.09 0.11453102771
408.1 0.114791689271
408.11 0.114992593201
408.12 0.115132466584
408.13 0.115210128659
408.14 0.115224498353
408.15 0.115174601539
408.16 0.115059577966
408.17 0.114878687808
408.18 0.114631317776
408.19 0.114316986765
408.2 0.113935350966
408.21 0.113486208415
408.22 0.112969502952
408.23 0.112385327528
408.24 0.111733926863
408.25 0.111015699404
408.26 0.110231198581
408.27 0.109381133333
408.28 0.108466367907
408.29 0.107487920911
408.3 0.106446963635
408.31 0.105344817629
408.32 0.104182951571
408.33 0.102962977415
408.34 0.101686645859
408.35 0.100355841151
408.36 0.0989725752542
408.37 0.0975389814247
408.38 0.0960573072168
408.39 0.0945299069728
408.4 0.0929592338343
408.41 0.0913478313247
408.42 0.0896983245512
408.43 0.0880134110785
408.44 0.0862958515279
408.45 0.0845484599554
408.46 0.0827740940651
408.47 0.0809756453129
408.48 0.0791560289571
408.49 0.0773181741099
408.5 0.0754650138449
408.51 0.0735994754143
408.52 0.0717244706258
408.53 0.0698428864304
408.54 0.0679575757669
408.55 0.066071348709
408.56 0.0641869639564
408.57 0.0623071207081
408.58 0.0604344509543
408.59 0.0585715122181
408.6 0.0567207807765
408.61 0.0548846453832
408.62 0.0530654015171
408.63 0.0512652461704
408.64 0.0494862731921
408.65 0.0477304691939
408.66 0.0459997100266
408.67 0.0442957578263
408.68 0.0426202586304
408.69 0.0409747405576
408.7 0.0393606125435
408.71 0.0377791636197
408.72 0.036231562723
408.73 0.034718859016
408.74 0.0332419827001
408.75 0.0318017462986
408.76 0.0303988463862
408.77 0.029033865738
408.78 0.027707275872
408.79 0.026419439955
408.8 0.0251706160436
408.81 0.0239609606282
408.82 0.0227905324505
408.83 0.0216592965632
408.84 0.0205671285987
408.85 0.0195138192179
408.86 0.0184990787074
408.87 0.0175225416948
408.88 0.016583771952
408.89 0.0156822672596
408.9 0.0148174643034
408.91 0.0139887435775
408.92 0.0131954342682
408.93 0.0124368190962
408.94 0.0117121390943
408.95 0.0110205982998
408.96 0.0103613683439
408.97 0.00973359291947
408.98 0.0091363921126
408.99 0.00856886658361
409.0 0.00803010158554
409.01 0.00751917080944
409.02 0.0070351400478
409.03 0.00657707066865
409.04 0.00614402289468
409.05 0.00573505888318
409.06 0.0053492456039
409.07 0.00498565751353
409.08 0.00464337902637
409.09 0.00432150678246
409.1 0.00401915171517
409.11 0.00373544092131
409.12 0.00346951933803
409.13 0.00322055123122
409.14 0.00298772150121
409.15 0.00277023681194
409.16 0.00256732655068
409.17 0.00237824362544
409.18 0.00220226510804
409.19 0.00203869273081
409.2 0.00188685324528
409.21 0.00174609865139
409.22 0.00161580630579
409.23 0.0014953789179
409.24 0.00138424444231
409.25 0.00128185587618
409.26 0.00118769096989
409.27 0.00110125185934
409.28 0.0010220646279
409.29 0.000949678805754
409.3 0.000883666814243
409.31 0.000823623362373
409.32 0.000769164802411
409.33 0.000719928451122
409.34 0.000675571882844
409.35 0.000635772200256
409.36 0.000600225288294
409.37 0.000568645056323
409.38 0.000540762673283
409.39 0.000516325800162
409.4 0.000495097823783
409.41 0.000476857095535
409.42 0.000461396178312
409.43 0.000448521104618
409.44 0.000438050648427
409.45 0.000429815613102
409.46 0.000423658137369
409.47 0.000419431021054
409.48 0.000416997072019
409.49 0.000416228475486
409.5 0.000417006186703
409.51 0.000419219347669
409.52 0.000422764728447
409.53 0.000427546193405
409.54 0.000433474192532
409.55 0.000440465277849
409.56 0.000448441644772
409.57 0.000457330698165
409.58 0.000467064642699
409.59 0.000477580097057
409.6 0.000488817731414
409.61 0.000500721927552
409.62 0.000513240460926
409.63 0.000526324203925
409.64 0.000539926849536
409.65 0.000554004654604
409.66 0.000568516201829
409.67 0.000583422179664
409.68 0.000598685179233
409.69 0.000614269507424
409.7 0.000630141015293
409.71 0.000646266940941
409.72 0.000662615766046
409.73 0.000679157085235
409.74 0.000695861487539
409.75 0.000712700449169
409.76 0.000729646236909
409.77 0.000746671821443
409.78 0.000763750799976
409.79 0.000780857327537
409.8 0.000797966056406
409.81 0.000815052083131
409.82 0.000832090902643
409.83 0.000849058369025
409.84 0.000865930662517
409.85 0.00088268426238
409.86 0.000899295925281
409.87 0.000915742668891
409.88 0.000932001760412
409.89 0.000948050709803
409.9 0.000963867267473
409.91 0.00097942942625
409.92 0.000994715427461
409.93 0.00100970377096
409.94 0.00102437322899
409.95 0.00103870286372
409.96 0.00105267204838
409.97 0.00106626049192
409.98 0.00107944826698
409.99 0.00109221584118
410.0 0.0011045441117
410.01 0.00111641444278
410.02 0.00112780870638
410.03 0.00113870932563
410.04 0.00114909932106
410.05 0.00115896235946
410.06 0.0011682828052
410.07 0.0011770457739
410.08 0.00118523718818
410.09 0.00119284383538
410.1 0.00119985342702
410.11 0.00120625465969
410.12 0.0012120372772
410.13 0.00121719213376
410.14 0.00122171125771
410.15 0.00122558791577
410.16 0.00122881667719
410.17 0.00123139347776
410.18 0.00123331568309
410.19 0.00123458215094
410.2 0.00123519329217
410.21 0.00123515112995
410.22 0.00123445935684
410.23 0.00123312338938
410.24 0.00123115041973
410.25 0.00122854946403
410.26 0.00122533140716
410.27 0.00122150904331
410.28 0.00121709711226
410.29 0.00121211233081
410.3 0.00120657341912
410.31 0.00120050112161
410.32 0.0011939182221
410.33 0.00118684955294
410.34 0.00117932199778
410.35 0.00117136448789
410.36 0.00116300799167
410.37 0.00115428549725
410.38 0.00114523198801
410.39 0.00113588441086
410.4 0.00112628163727
410.41 0.00111646441687
410.42 0.00110647532375
410.43 0.00109635869527
410.44 0.00108616056359
410.45 0.00107592857996
410.46 0.00106571193178
410.47 0.00105556125266
410.48 0.00104552852567
410.49 0.00103566697991
410.5 0.00102603098069
410.51 0.00101667591363
410.52 0.00100765806282
410.53 0.000999034483659
410.54 0.000990862870381
410.55 0.000983201418984
410.56 0.000976108685765
410.57 0.000969643441997
410.58 0.000963864525197
410.59 0.000958830687479
410.6 0.000954600441511
410.61 0.00095123190461
410.62 0.00094878264154
410.63 0.000947309506584
410.64 0.000946868485491
410.65 0.000947514537902
410.66 0.000949301440891
410.67 0.000952281634246
410.68 0.000956506068149
410.69 0.000962024053905
410.7 0.000968883118384
410.71 0.000977128862842
410.72 0.000986804826785
410.73 0.000997952357546
410.74 0.00101061048623
410.75 0.00102481581067
410.76 0.00104060238605
410.77 0.0010580016238
410.78 0.00107704219937
410.79 0.00109774996945
410.8 0.00112014789922
410.81 0.00114425600009
410.82 0.00117009127847
410.83 0.0011976676959
410.84 0.00122699614106
410.85 0.00125808441392
410.86 0.00129093722221
410.87 0.00132555619063
410.88 0.00136193988278
410.89 0.00140008383586
410.9 0.00143998060831
410.91 0.00148161984004
410.92 0.00152498832534
410.93 0.00157007009802
410.94 0.00161684652844
410.95 0.00166529643211
410.96 0.00171539618917
410.97 0.00176711987418
410.98 0.00182043939549
410.99 0.0018753246433
411.0 0.00193174364562
411.01 0.00198966273089
411.02 0.00204904669647
411.03 0.00210985898149
411.04 0.0021720618431
411.05 0.00223561653454
411.06 0.00230048348391
411.07 0.00236662247193
411.08 0.00243399280739
411.09 0.00250255349882
411.1 0.00257226342062
411.11 0.00264308147237
411.12 0.00271496672966
411.13 0.00278787858493
411.14 0.00286177687689
411.15 0.00293662200708
411.16 0.0030123750422
411.17 0.0030889978009
411.18 0.00316645292395
411.19 0.00324470392656
411.2 0.00332371523198
411.21 0.0034034521856
411.22 0.00348388104881
411.23 0.00356496897206
411.24 0.00364668394703
411.25 0.00372899473741
411.26 0.00381187078868
411.27 0.00389528211686
411.28 0.00397919917691
411.29 0.0040635927112
411.3 0.00414843357916
411.31 0.00423369256906
411.32 0.00431934019314
411.33 0.00440534646784
411.34 0.0044916806805
411.35 0.00457831114471
411.36 0.00466520494615
411.37 0.00475232768131
411.38 0.0048396431914
411.39 0.00492711329391
411.4 0.00501469751465
411.41 0.00510235282279
411.42 0.00519003337184
411.43 0.0052776902494
411.44 0.00536527123852
411.45 0.00545272059371
411.46 0.00553997883428
411.47 0.00562698255796
411.48 0.00571366427749
411.49 0.00579995228289
411.5 0.00588577053179
411.51 0.00597103857032
411.52 0.00605567148661
411.53 0.006139579899
411.54 0.00622266998051
411.55 0.00630484352129
411.56 0.00638599803008
411.57 0.00646602687569
411.58 0.00654481946917
411.59 0.0066222614869
411.6 0.00669823513465
411.61 0.00677261945228
411.62 0.00684529065834
411.63 0.00691612253369
411.64 0.00698498684256
411.65 0.00705175378965
411.66 0.00711629251103
411.67 0.00717847159664
411.68 0.00723815964177
411.69 0.00729522582456
411.7 0.00734954050633
411.71 0.0074009758515
411.72 0.00744940646318
411.73 0.00749471003089
411.74 0.00753676798623
411.75 0.0075754661624
411.76 0.00761069545343
411.77 0.00764235246866
411.78 0.00767034017825
411.79 0.00769456854532
411.8 0.00771495514032
411.81 0.00773142573348
411.82 0.00774391486108
411.83 0.00775236636146
411.84 0.00775673387703
411.85 0.00775698131833
411.86 0.00775308328689
411.87 0.00774502545346
411.88 0.00773280488867
411.89 0.00771643034357
411.9 0.00769592247736
411.91 0.00767131403055
411.92 0.00764264994168
411.93 0.00760998740625
411.94 0.00757339587687
411.95 0.00753295700399
411.96 0.00748876451698
411.97 0.00744092404563
411.98 0.00738955288252
411.99 0.00733477968721
412.0 0.00727674413333
412.01 0.0072155965002
412.02 0.00715149721082
412.03 0.00708461631841
412.04 0.00701513294403
412.05 0.00694323466804
412.06 0.00686911687845
412.07 0.00679298207936
412.08 0.00671503916312
412.09 0.00663550264968
412.1 0.00655459189724
412.11 0.00647253028786
412.12 0.00638954439239
412.13 0.00630586311872
412.14 0.0062217168477
412.15 0.00613733656086
412.16 0.00605295296436
412.17 0.00596879561326
412.18 0.00588509204049
412.19 0.00580206689449
412.2 0.00571994108977
412.21 0.00563893097417
412.22 0.00555924751675
412.23 0.00548109552003
412.24 0.00540467285994
412.25 0.00533016975703
412.26 0.00525776808194
412.27 0.00518764069817
412.28 0.00511995084486
412.29 0.0050548515621
412.3 0.0049924851611
412.31 0.00493298274121
412.32 0.00487646375564
412.33 0.00482303562748
412.34 0.00477279341728
412.35 0.00472581954326
412.36 0.0046821835551
412.37 0.00464194196165
412.38 0.0046051381132
412.39 0.00457180213801
412.4 0.00454195093339
412.41 0.00451558821048
412.42 0.00449270459253
412.43 0.00447327776547
412.44 0.00445727267997
412.45 0.00444464180357
412.46 0.00443532542144
412.47 0.00442925198406
412.48 0.00442633850001
412.49 0.00442649097173
412.5 0.00442960487221
412.51 0.00443556565992
412.52 0.00444424932987
412.53 0.00445552299776
412.54 0.00446924551464
412.55 0.00448526810918
412.56 0.00450343505444
412.57 0.00452358435615
412.58 0.00454554845922
412.59 0.00456915496945
412.6 0.00459422738693
412.61 0.00462058584795
412.62 0.00464804787213
412.63 0.00467642911129
412.64 0.00470554409693
412.65 0.00473520698282
412.66 0.00476523227969
412.67 0.00479543557853
412.68 0.00482563425974
412.69 0.00485564818474
412.7 0.00488530036734
412.71 0.0049144176221
412.72 0.00494283118671
412.73 0.00497037731623
412.74 0.00499689784658
412.75 0.00502224072513
412.76 0.00504626050644
412.77 0.00506881881123
412.78 0.00508978474707
412.79 0.00510903528926
412.8 0.00512645562084
412.81 0.00514193943065
412.82 0.00515538916876
412.83 0.00516671625879
412.84 0.0051758412668
412.85 0.0051826940267
412.86 0.00518721372245
412.87 0.00518934892737
412.88 0.00518905760129
412.89 0.00518630704639
412.9 0.00518107382272
412.91 0.00517334362479
412.92 0.00516311112065
412.93 0.00515037975507
412.94 0.00513516151865
412.95 0.00511747668495
412.96 0.00509735351745
412.97 0.00507482794895
412.98 0.00504994323541
412.99 0.00502274958684
413.0 0.00499330377769
413.01 0.00496166873929
413.02 0.00492791313689
413.03 0.00489211093401
413.04 0.00485434094659
413.05 0.00481468638961
413.06 0.00477323441874
413.07 0.00473007566949
413.08 0.00468530379639
413.09 0.0046390150145
413.1 0.00459130764556
413.11 0.00454228167101
413.12 0.0044920382939
413.13 0.00444067951159
413.14 0.00438830770117
413.15 0.00433502521917
413.16 0.00428093401706
413.17 0.00422613527407
413.18 0.00417072904831
413.19 0.00411481394741
413.2 0.00405848681957
413.21 0.00400184246562
413.22 0.00394497337283
413.23 0.00388796947084
413.24 0.00383091790989
413.25 0.00377390286164
413.26 0.00371700534249
413.27 0.00366030305921
413.28 0.00360387027671
413.29 0.00354777770751
413.3 0.00349209242246
413.31 0.00343687778202
413.32 0.00338219338756
413.33 0.00332809505185
413.34 0.00327463478784
413.35 0.00322186081499
413.36 0.00316981758212
413.37 0.00311854580575
413.38 0.00306808252303
413.39 0.00301846115815
413.4 0.00296971160122
413.41 0.00292186029847
413.42 0.00287493035289
413.43 0.00282894163407
413.44 0.00278391089638
413.45 0.00273985190431
413.46 0.0026967755642
413.47 0.00265469006118
413.48 0.0026136010006
413.49 0.00257351155298
413.5 0.00253442260162
413.51 0.00249633289219
413.52 0.00245923918345
413.53 0.00242313639849
413.54 0.00238801777578
413.55 0.00235387501948
413.56 0.00232069844844
413.57 0.00228847714339
413.58 0.00225719909184
413.59 0.00222685133037
413.6 0.00219742008383
413.61 0.00216889090119
413.62 0.00214124878773
413.63 0.00211447833335
413.64 0.00208856383673
413.65 0.00206348942528
413.66 0.00203923917051
413.67 0.00201579719894
413.68 0.00199314779833
413.69 0.00197127551903
413.7 0.00195016527074
413.71 0.00192980241416
413.72 0.00191017284802
413.73 0.00189126309096
413.74 0.00187306035869
413.75 0.00185555263615
413.76 0.0018387287448
413.77 0.00182257840498
413.78 0.00180709229346
413.79 0.00179226209601
413.8 0.00177808055519
413.81 0.00176454151323
413.82 0.00175163995006
413.83 0.00173937201647
413.84 0.00172773506237
413.85 0.00171672766013
413.86 0.00170634962302
413.87 0.00169660201862
413.88 0.00168748717723
413.89 0.00167900869519
413.9 0.00167117143301
413.91 0.0016639815083
413.92 0.00165744628336
413.93 0.0016515743473
413.94 0.00164637549277
413.95 0.00164186068688
413.96 0.00163804203651
413.97 0.00163493274767
413.98 0.00163254707895
413.99 0.00163090028882
414.0 0.00163000857672
414.01 0.00162988901782
414.02 0.00163055949141
414.03 0.00163203860274
414.04 0.00163434559824
414.05 0.00163750027422
414.06 0.00164152287876
414.07 0.00164643400705
414.08 0.00165225448997
414.09 0.00165900527618
414.1 0.00166670730761
414.11 0.00167538138865
414.12 0.00168504804908
414.13 0.00169572740109
414.14 0.00170743899053
414.15 0.00172020164287
414.16 0.00173403330411
414.17 0.00174895087712
414.18 0.00176497005404
414.19 0.00178210514508
414.2 0.00180036890449
414.21 0.00181977235442
414.22 0.00184032460724
414.23 0.00186203268736
414.24 0.00188490135319
414.25 0.00190893292039
414.26 0.00193412708715
414.27 0.00196048076275
414.28 0.00198798790031
414.29 0.00201663933496
414.3 0.00204642262845
414.31 0.00207732192152
414.32 0.00210931779503
414.33 0.00214238714128
414.34 0.00217650304651
414.35 0.00221163468593
414.36 0.00224774723231
414.37 0.00228480177944
414.38 0.00232275528145
414.39 0.00236156050912
414.4 0.00240116602413
414.41 0.00244151617227
414.42 0.00248255109632
414.43 0.00252420676956
414.44 0.00256641505041
414.45 0.00260910375882
414.46 0.00265219677483
414.47 0.00269561415967
414.48 0.00273927229947
414.49 0.00278308407164
414.5 0.00282695903395
414.51 0.00287080363576
414.52 0.0029145214513
414.53 0.00295801343414
414.54 0.00300117819233
414.55 0.0030439122832
414.56 0.00308611052678
414.57 0.00312766633674
414.58 0.00316847206731
414.59 0.00320841937494
414.6 0.00324739959283
414.61 0.00328530411681
414.62 0.00332202480045
414.63 0.00335745435772
414.64 0.00339148677092
414.65 0.00342401770178
414.66 0.00345494490363
414.67 0.00348416863225
414.68 0.00351159205324
414.69 0.00353712164341
414.7 0.00356066758417
414.71 0.00358214414434
414.72 0.00360147005027
414.73 0.00361856884107
414.74 0.00363336920674
414.75 0.00364580530721
414.76 0.00365581707022
414.77 0.00366335046633
414.78 0.00366835775928
414.79 0.00367079773008
414.8 0.00367063587353
414.81 0.00366784456572
414.82 0.00366240320174
414.83 0.00365429830233
414.84 0.00364352358912
414.85 0.00363008002771
414.86 0.00361397583845
414.87 0.0035952264747
414.88 0.00357385456875
414.89 0.00354988984571
414.9 0.0035233690059
414.91 0.00349433557628
414.92 0.00346283973214
414.93 0.00342893808979
414.94 0.00339269347176
414.95 0.00335417464578
414.96 0.00331345603921
414.97 0.00327061743058
414.98 0.00322574362006
414.99 0.00317892408098
415.0 0.00313025259415
415.01 0.00307982686748
415.02 0.00302774814282
415.03 0.00297412079235
415.04 0.00291905190693
415.05 0.00286265087851
415.06 0.00280502897906
415.07 0.00274629893824
415.08 0.00268657452201
415.09 0.00262597011453
415.1 0.00256460030531
415.11 0.00250257948388
415.12 0.00244002144373
415.13 0.00237703899759
415.14 0.00231374360571
415.15 0.00225024501883
415.16 0.00218665093733
415.17 0.00212306668789
415.18 0.00205959491905
415.19 0.00199633531654
415.2 0.0019333843395
415.21 0.00187083497825
415.22 0.00180877653428
415.23 0.00174729442296
415.24 0.00168646999922
415.25 0.00162638040643
415.26 0.00156709844844
415.27 0.00150869248476
415.28 0.00145122634849
415.29 0.00139475928676
415.3 0.00133934592303
415.31 0.00128503624077
415.32 0.00123187558767
415.33 0.00117990469968
415.34 0.00112915974381
415.35 0.0010796723789
415.36 0.00103146983317
415.37 0.000984574997459
415.38 0.000939006533076
415.39 0.000894778992944
415.4 0.000851902954942
415.41 0.000810385166127
415.42 0.00077022869662
415.43 0.000731433101905
415.44 0.000693994592314
415.45 0.000657906208462
415.46 0.000623158001458
415.47 0.000589737216713
415.48 0.000557628480239
415.49 0.000526813986334
415.5 0.000497273685649
415.51 0.000468985472636
415.52 0.000441925371466
415.53 0.000416067719554
415.54 0.000391385347891
415.55 0.000367849757446
415.56 0.000345431290974
415.57 0.00032409929962
415.58 0.000303822303797
415.59 0.000284568147842
415.6 0.000266304148085
415.61 0.000248997233945
415.62 0.000232614081814
415.63 0.000217121241488
415.64 0.000202485254993
415.65 0.000188672767709
415.66 0.000175650631716
415.67 0.000163386001394
415.68 0.000151846421287
415.69 0.00014099990634
415.7 0.000130815014618
415.71 0.000121260912679
415.72 0.000112307433782
415.73 0.000103925129162
415.74 9.60853126046e-05
415.75 8.8760098597e-05
415.76 8.19224343336e-05
415.77 7.55461258776e-05
415.78 6.96058587895e-05
415.79 6.4077213541e-05
415.8 5.89366760407e-05
415.81 5.41616435992e-05
415.82 4.97304266636e-05
415.83 4.56222466492e-05
415.84 4.18172301924e-05
415.85 3.82964001444e-05
415.86 3.50416636164e-05
415.87 3.2035797381e-05
415.88 2.92624309219e-05
415.89 2.67060274149e-05
415.9 2.43518629101e-05
415.91 2.21860039736e-05
415.92 2.0195284032e-05
415.93 1.83672786511e-05
415.94 1.66902799643e-05
415.95 1.51532704537e-05
415.96 1.37458962702e-05
415.97 1.24584402677e-05
415.98 1.1281794909e-05
415.99 1.02074351893e-05
416.0 9.22739170942e-06
416.01 8.33422401681e-06
416.02 7.52099431976e-06
416.03 6.78124166936e-06
416.04 6.10895669028e-06
416.05 5.4985569316e-06
416.06 4.94486289794e-06
416.07 4.44307481137e-06
416.08 3.98875014556e-06
416.09 3.57778196478e-06
416.1 3.20637809271e-06
416.11 2.87104112852e-06
416.12 2.56854932137e-06
416.13 2.29593830791e-06
416.14 2.05048371248e-06
416.15 1.82968460451e-06
416.16 1.63124780322e-06
416.17 1.45307301633e-06
416.18 1.2932387956e-06
416.19 1.14998928974e-06
416.2 1.02172177242e-06
416.21 9.06974921221e-07
416.22 8.04417821935e-07
416.23 7.1283967096e-07
416.24 6.31140147985e-07
416.25 5.58320430191e-07
416.26 4.93474818928e-07
416.27 4.35782949635e-07
416.28 3.84502555774e-07
416.29 3.3896275782e-07
416.3 2.98557848695e-07
416.31 2.62741547575e-07
416.32 2.3102169466e-07
416.33 2.0295536023e-07
416.34 1.78144342133e-07
416.35 1.56231026782e-07
416.36 1.36894589671e-07
416.37 1.19847512408e-07
416.38 1.04832394303e-07
416.39 9.16190375807e-08
416.4 8.00017863178e-08
416.41 6.97971002783e-08
416.42 6.08413458256e-08
416.43 5.2988787132e-08
416.44 4.61097618961e-08
416.45 4.00890267537e-08
416.46 3.4824258516e-08
416.47 3.02246982793e-08
416.48 2.62099263286e-08
416.49 2.27087566016e-08
416.5 1.96582402784e-08
416.51 1.70027688335e-08
416.52 1.46932676057e-08
416.53 1.26864716331e-08
416.54 1.09442761454e-08
416.55 9.43315471481e-09
416.56 8.12363863925e-09
416.57 6.9898516663e-09
416.58 6.00909466449e-09
416.59 5.16147531512e-09
416.6 4.42957832924e-09
416.61 3.79817209538e-09
416.62 3.25394803483e-09
416.63 2.78528928355e-09
416.64 2.38206563568e-09
416.65 2.03545197387e-09
416.66 1.73776767851e-09
416.67 1.48233475193e-09
416.68 1.26335261741e-09
416.69 1.07578775665e-09
416.7 9.15276535503e-10
416.71 7.78039736804e-10
416.72 6.60807473027e-10
416.73 5.60753290744e-10
416.74 4.75436405106e-10
416.75 4.02751116649e-10
416.76 3.40882565638e-10
416.77 2.88268071935e-10
416.78 2.43563391835e-10
416.79 2.05613298269e-10
416.8 1.7342595801e-10
416.81 1.4615063975e-10
416.82 1.23058340775e-10
416.83 1.03524968043e-10
416.84 8.70167523859e-11
416.85 7.30776127301e-11
416.86 6.13182211898e-11
416.87 5.14065500614e-11
416.88 4.30597084738e-11
416.89 3.60369001397e-11
416.9 3.01333545938e-11
416.91 2.51751028029e-11
416.92 2.10144843453e-11
416.93 1.75262877289e-11
416.94 1.46044380581e-11
416.95 1.21591573654e-11
416.96 1.01145326697e-11
416.97 8.40643536026e-12
416.98 6.98074298105e-12
416.99 5.79182101953e-12
417.0 4.80122800887e-12
417.01 3.9766122228e-12
417.02 3.29077257213e-12
417.03 2.72086007775e-12
417.04 2.24769956543e-12
417.05 1.85521406587e-12
417.06 1.5299368624e-12
417.07 1.26059825745e-12
417.08 1.0377759686e-12
417.09 8.5359965383e-13
417.1 7.01501435799e-13
417.11 5.76005475095e-13
417.12 4.72550657839e-13
417.13 3.87341335733e-13
417.14 3.17221805669e-13
417.15 2.59570858212e-13
417.16 2.12213274316e-13
417.17 1.73345620032e-13
417.18 1.41474090998e-13
417.19 1.15362501517e-13
417.2 9.3988805511e-14
417.21 7.65087856367e-14
417.22 6.22257586711e-14
417.23 5.05653252182e-14
417.24 4.10543444933e-14
417.25 3.33034443946e-14
417.26 2.69924866822e-14
417.27 2.18584997935e-14
417.28 1.76856701478e-14
417.29 1.42970489002e-14
417.3 1.15476868242e-14
417.31 9.31895693205e-15
417.32 7.51386390865e-15
417.33 6.05317260401e-15
417.34 4.87221566307e-15
417.35 3.91826371229e-15
417.36 3.14836106813e-15
417.37 2.52754628578e-15
417.38 2.02739053243e-15
417.39 1.62479817842e-15
417.4 1.30102351338e-15
417.41 1.04086541989e-15
417.42 8.32008432511e-16
417.43 6.64484091825e-16
417.44 5.30231055857e-16
417.45 4.22736207069e-16
417.46 3.36742122231e-16
417.47 2.68008862439e-16
417.48 2.13120182221e-16
417.49 1.69326025636e-16
417.5 1.34414637013e-16
417.51 1.06608817173e-16
417.52 8.44818467384e-17
417.53 6.68894130894e-17
417.54 5.29145472386e-17
417.55 4.18231265655e-17
417.56 3.30279501562e-17
417.57 2.60597627431e-17
417.58 2.05439054174e-17
417.59 1.61815183112e-17
417.6 1.27344221771e-17
417.61 1.00129703679e-17
417.62 7.86629683934e-18
417.63 6.17449499779e-18
417.64 4.84235101999e-18
417.65 3.79432743122e-18
417.66 2.97055129191e-18
417.67 2.32360883055e-18
417.68 1.81598682533e-18
417.69 1.41803216242e-18
417.7 1.1063261593e-18
417.71 8.6239056076e-19
417.72 6.71658506939e-19
417.73 5.22656983528e-19
417.74 4.06357900766e-19
417.75 3.15663502584e-19
417.76 2.44998681228e-19
417.77 1.89988290383e-19
417.78 1.47201974467e-19
417.79 1.13952576337e-19
417.8 8.8137022379e-20
417.81 6.81108519254e-20
417.82 5.25893693975e-20
417.83 4.05698429466e-20
417.84 3.12703255248e-20
417.85 2.40815918054e-20
417.86 1.8529414285e-20
417.87 1.42449820023e-20
417.88 1.09417258917e-20
417.89 8.3971801256e-21
417.9 6.43879829196e-21
417.91 4.93287242345e-21
417.92 3.7758841383e-21
417.93 2.88776034397e-21
417.94 2.20661897907e-21
417.95 1.68467938977e-21
417.96 1.28508214302e-21
417.97 9.79418329505e-22
417.98 7.45811848432e-22
417.99 5.67432285148e-22
418.0 4.31342765395e-22
418.01 3.27608157312e-22
418.02 2.48605428829e-22
418.03 1.88490827844e-22
418.04 1.42788604128e-22
418.05 1.08073840992e-22
418.06 8.17280878338e-23
418.07 6.1751256896e-23
418.08 4.66169631369e-23
418.09 3.51613763561e-23
418.1 2.64979006859e-23
418.11 1.99517402356e-23
418.12 1.5009762074e-23
418.13 1.12821156416e-23
418.14 8.4728788809e-24
418.15 6.35762872266e-24
418.16 4.76631826465e-24
418.17 3.5702171124e-24
418.18 2.67195985417e-24
418.19 1.99796990618e-24
418.2 1.49269703062e-24
418.21 1.11423836487e-24
418.22 8.3101384467e-25
418.23 6.19244450274e-25
418.24 4.6104116024e-25
418.25 3.42958039926e-25
418.26 2.54897742912e-25
418.27 1.8928434815e-25
418.28 1.40438806577e-25
418.29 1.0410780003e-25
418.3 7.71086537306e-26
418.31 5.70619599546e-26
418.32 4.21904309179e-26
418.33 3.11677140043e-26
418.34 2.30048630183e-26
418.35 1.69651641309e-26
418.36 1.25002929821e-26
418.37 9.20250434446e-27
418.38 6.76886079446e-27
418.39 4.97449325922e-27
418.4 3.65263118987e-27
418.41 2.6797020734e-27
418.42 1.96422355063e-27
418.43 1.43853034624e-27
418.44 1.05261815072e-27
418.45 7.69566924156e-28
418.46 5.62141496014e-28
418.47 4.10268911541e-28
418.48 2.99168101736e-28
418.49 2.17964454483e-28
418.5 1.58664503296e-28
418.51 1.15397816289e-28
418.52 8.38569605789e-29
418.53 6.08841652926e-29
418.54 4.41665328752e-29
418.55 3.20114961112e-29
418.56 2.31815434713e-29
418.57 1.67726790957e-29
418.58 1.21251254196e-29
418.59 8.75777440234e-30
418.6 6.32011499488e-30
418.61 4.55700934872e-30
418.62 3.28290693384e-30
418.63 2.36298484013e-30
418.64 1.69936634127e-30
418.65 1.22105942815e-30
418.66 8.76617836515e-31
418.67 6.28792737779e-31
418.68 4.50638656963e-31
418.69 3.22680768892e-31
418.7 2.30856142671e-31
418.71 1.6501882828e-31
418.72 1.17855342907e-31
418.73 8.40985997959e-32
418.74 5.99586666879e-32
418.75 4.27109155497e-32
418.76 3.03983147745e-32
418.77 2.1616423838e-32
418.78 1.53582558749e-32
418.79 1.09024389416e-32
418.8 7.73266400508e-33
418.81 5.47971951412e-33
418.82 3.87981690474e-33
418.83 2.7446555269e-33
418.84 1.93993943779e-33
418.85 1.36997364161e-33
418.86 9.66629317956e-34
418.87 6.81445970013e-34
418.88 4.79983827243e-34
418.89 3.37788992905e-34
418.9 2.37513388452e-34
418.91 1.66860833967e-34
418.92 1.17123606465e-34
418.93 8.21406577231e-35
418.94 5.75566658209e-35
418.95 4.02955225704e-35
418.96 2.81865335889e-35
418.97 1.96992757061e-35
418.98 1.37556957156e-35
418.99 9.59706806131e-36
419.0 6.68987959966e-36
419.01 4.65931144349e-36
419.02 3.24226787294e-36
419.03 2.25423795282e-36
419.04 1.56593717502e-36
419.05 1.08685754276e-36
419.06 7.53693249731e-37
419.07 5.22204175482e-37
419.08 3.61501219755e-37
419.09 2.5003620949e-37
419.1 1.72790459038e-37
419.11 1.19305460901e-37
419.12 8.23046930911e-38
419.13 5.6729974619e-38
419.14 3.90682799649e-38
419.15 2.68818841856e-38
419.16 1.84807176835e-38
419.17 1.26940928957e-38
419.18 8.7118065706e-39
419.19 5.97363232825e-39
419.2 4.09253559743e-39
419.21 2.80136794684e-39
419.22 1.91589435214e-39
419.23 1.30917188983e-39
419.24 8.93810595703e-40
419.25 6.09702587673e-40
419.26 4.15541392006e-40
419.27 2.82965999442e-40
419.28 1.92520921544e-40
419.29 1.30871572697e-40
419.3 8.888662643e-41
419.31 6.03185979245e-41
419.32 4.08968411931e-41
419.33 2.77046076855e-41
419.34 1.87515838715e-41
419.35 1.26808282747e-41
419.36 8.56803039353e-42
419.37 5.78413056883e-42
419.38 3.90138572075e-42
419.39 2.62919867476e-42
419.4 1.77031941314e-42
419.41 1.19097753998e-42
419.42 8.00532970885e-43
419.43 5.37623926239e-43
419.44 3.60746117146e-43
419.45 2.41851316033e-43
419.46 1.62001470649e-43
419.47 1.08420940868e-43
419.48 7.24988468581e-44
419.49 4.84364983122e-44
419.5 3.23324109944e-44
419.51 2.15638923637e-44
419.52 1.43694429526e-44
419.53 9.56701428065e-45
419.54 6.36409456723e-45
419.55 4.2298068784e-45
419.56 2.80884753556e-45
419.57 1.86362919785e-45
419.58 1.23541980212e-45
419.59 8.18263770834e-46
419.6 5.41496682374e-46
419.61 3.58032119821e-46
419.62 2.36522190297e-46
419.63 1.56115313975e-46
419.64 1.02953907416e-46
419.65 6.78365689247e-47
419.66 4.46589621484e-47
419.67 2.93749469408e-47
419.68 1.93049760908e-47
419.69 1.26760854421e-47
419.7 8.31619683664e-48
419.71 5.4511492742e-48
419.72 3.57005660557e-48
419.73 2.33606994497e-48
419.74 1.52728573095e-48
419.75 9.97650579304e-49
419.76 6.51118951873e-49
419.77 4.24586250513e-49
419.78 2.76627421428e-49
419.79 1.80072852136e-49
419.8 1.17118356841e-49
419.81 7.61071414745e-50
419.82 4.94139490181e-50
419.83 3.20551215231e-50
419.84 2.0776338144e-50
419.85 1.34543987524e-50
419.86 8.70529107928e-51
419.87 5.62763616758e-51
419.88 3.6348997657e-51
419.89 2.34575461452e-51
419.9 1.51250365119e-51
419.91 9.74392643837e-52
419.92 6.27184438152e-52
419.93 4.03348330683e-52
419.94 2.59172528828e-52
419.95 1.66387762345e-52
419.96 1.06727788029e-52
419.97 6.84001963694e-53
419.98 4.37986677949e-53
419.99 2.80212926526e-53
420.0 1.79117963697e-53
420.01 1.14396788693e-53
420.02 7.29982141782e-54
420.03 4.65408542746e-54
420.04 2.96469607305e-54
420.05 1.88690362179e-54
420.06 1.19989424554e-54
420.07 7.62359708844e-55
420.08 4.83950132388e-55
420.09 3.06948137832e-55
420.1 1.94515003562e-55
420.11 1.23158650203e-55
420.12 7.79112994753e-56
420.13 4.9244721761e-56
420.14 3.10987290457e-56
420.15 1.96222726315e-56
420.16 1.237028436e-56
420.17 7.79172781377e-57
420.18 4.90356092452e-57
420.19 3.08328088592e-57
420.2 1.93703879192e-57
420.21 1.2158703227e-57
420.22 7.62535225404e-58
420.23 4.77811145358e-58
420.24 2.99141283967e-58
420.25 1.87119971848e-58
420.26 1.16946612386e-58
420.27 7.30262267171e-59
420.28 4.55610567596e-59
420.29 2.84009213266e-59
420.3 1.76886537729e-59
420.31 1.1007301098e-59
420.32 6.84369465053e-60
420.33 4.25132311642e-60
420.34 2.63864713943e-60
420.35 1.63629736855e-60
420.36 1.01383401853e-60
420.37 6.27617724168e-61
420.38 3.88192600062e-61
420.39 2.39896006005e-61
420.4 1.4812299855e-61
420.41 9.13788494021e-62
420.42 5.63238830417e-62
420.43 3.4686717489e-62
420.44 2.13431015542e-62
420.45 1.31212609009e-62
420.46 8.05967117926e-63
420.47 4.94632659969e-63
420.48 3.03299690112e-63
420.49 1.85816748691e-63
420.5 1.13742156885e-63
420.51 6.9563556036e-64
420.52 4.25075233855e-64
420.53 2.59521619477e-64
420.54 1.58308777569e-64
420.55 9.64850798505e-65
420.56 5.87542163793e-65
420.57 3.57471669483e-65
420.58 2.17304105432e-65
420.59 1.31982985063e-65
420.6 8.00924676245e-66
420.61 4.85611669614e-66
420.62 2.94178051713e-66
420.63 1.78055393164e-66
420.64 1.07677189254e-66
420.65 6.50602908924e-67
420.66 3.92764297712e-67
420.67 2.36903631905e-67
420.68 1.42769404031e-67
420.69 8.59651226099e-68
420.7 5.17169780136e-68
420.71 3.10862048861e-68
420.72 1.86692118063e-68
420.73 1.1202319971e-68
420.74 6.71604621632e-69
420.75 4.02293570242e-69
420.76 2.40766588561e-69
420.77 1.43970349721e-69
420.78 8.6014884887e-70
420.79 5.13449668533e-70
420.8 3.06228675319e-70
420.81 1.82480955399e-70
420.82 1.08645801703e-70
420.83 6.46296887388e-71
420.84 3.84127051081e-71
420.85 2.2810848106e-71
420.86 1.35341718154e-71
420.87 8.02316365459e-72
420.88 4.75207546533e-72
420.89 2.81219038645e-72
420.9 1.66276097163e-72
420.91 9.82287545459e-73
420.92 5.79790594093e-73
420.93 3.41922284093e-73
420.94 2.01468595539e-73
420.95 1.18607192049e-73
420.96 6.9765129117e-74
420.97 4.10005320826e-74
420.98 2.40748891288e-74
420.99 1.41241659378e-74
421.0 8.27913642844e-75
421.01 4.84876325341e-75
421.02 2.83726978199e-75
421.03 1.65879989107e-75
421.04 9.68971662152e-76
421.05 5.65525075865e-76
421.06 3.29773967819e-76
421.07 1.92134159647e-76
421.08 1.11844984386e-76
421.09 6.50507268794e-77
421.1 3.78017152862e-77
421.11 2.19479808359e-77
421.12 1.27321383867e-77
421.13 7.37958332592e-78
421.14 4.27352298323e-78
421.15 2.47265747304e-78
421.16 1.42943887036e-78
421.17 8.25640385884e-79
421.18 4.76474849145e-79
421.19 2.7473421349e-79
421.2 1.58273871218e-79
421.21 9.1102315528e-80
421.22 5.23930062623e-80
421.23 3.01051596177e-80
421.24 1.72835226171e-80
421.25 9.91396320919e-81
421.26 5.68180148592e-81
421.27 3.25348284889e-81
421.28 1.86137852794e-81
421.29 1.06400725787e-81
421.3 6.07684548215e-82
421.31 3.46765201834e-82
421.32 1.97704492186e-82
421.33 1.12621492378e-82
421.34 6.40987752095e-83
421.35 3.64503662835e-83
421.36 2.07098891818e-83
421.37 1.17564815241e-83
421.38 6.66807796168e-84
421.39 3.77874586153e-84
421.4 2.13953015913e-84
421.41 1.21035523644e-84
421.42 6.84117983052e-85
421.43 3.86342843895e-85
421.44 2.17990943244e-85
421.45 1.22893168416e-85
421.46 6.92214583178e-86
421.47 3.89562783467e-86
421.48 2.19047291982e-86
421.49 1.23061450361e-86
421.5 6.90764297077e-87
421.51 3.87401634054e-87
421.52 2.17078457276e-87
421.53 1.21533419429e-87
421.54 6.79827018009e-88
421.55 3.79948589242e-88
421.56 2.12165597427e-88
421.57 1.18371950913e-88
421.58 6.59851728472e-89
421.59 3.67508699918e-89
421.6 2.04509083648e-89
421.61 1.13705453214e-89
421.62 6.31645922389e-90
421.63 3.50582160188e-90
421.64 1.9441494241e-90
421.65 1.07719215499e-90
421.66 5.96321455162e-91
421.67 3.29830946488e-91
421.68 1.82274568742e-91
421.69 1.00643207717e-91
421.7 5.5522188162e-92
421.71 3.06035910155e-92
421.72 1.6853958407e-92
421.73 9.27374518685e-93
421.74 5.09837894634e-93
421.75 2.80048195065e-93
421.76 1.53694085911e-93
421.77 8.42762586277e-94
421.78 4.61718260314e-94
421.79 2.52739176758e-94
421.8 1.38226653873e-94
421.81 7.5532652442e-95
421.82 4.12383603514e-95
421.83 2.24952982322e-95
421.84 1.22604337135e-95
421.85 6.67641961776e-96
421.86 3.63249586023e-96
421.87 1.9746509749e-96
421.88 1.07250486886e-96
421.89 5.82011965568e-97
421.9 3.15564591782e-97
421.91 1.70949696e-97
421.92 9.25277733842e-98
421.93 5.00379607689e-98
421.94 2.70365209354e-98
421.95 1.45957266667e-98
421.96 7.87271174463e-99
421.97 4.24274266454e-99
421.98 2.28450832374e-99
421.99 1.22903007601e-99
422.0 6.60626497801e-100
422.01 3.5479147856e-100
422.02 1.90376826858e-100
422.03 1.02065437123e-100
422.04 5.46722602065e-101
422.05 2.92603198711e-101
422.06 1.56464142037e-101
422.07 8.35938425941e-102
422.08 4.46228667509e-102
422.09 2.3799309602e-102
422.1 1.26822106443e-102
422.11 6.75226189142e-103
422.12 3.59192538881e-103
422.13 1.90910162827e-103
422.14 1.01380517005e-103
422.15 5.37902630043e-104
422.16 2.85152081654e-104
422.17 1.51033448097e-104
422.18 7.99269868817e-105
422.19 4.22607750091e-105
422.2 2.23257052016e-105
422.21 1.17841056353e-105
422.22 6.21457996504e-106
422.23 3.27454261515e-106
422.24 1.72390458759e-106
422.25 9.0677495517e-107
422.26 4.76551148131e-107
422.27 2.50232224313e-107
422.28 1.3128063389e-107
422.29 6.8814792746e-108
422.3 3.60401558129e-108
422.31 1.88588508627e-108
422.32 9.85978635889e-109
422.33 5.15043008269e-109
422.34 2.68808625183e-109
422.35 1.40173725447e-109
422.36 7.30320925799e-110
422.37 3.8017590271e-110
422.38 1.97732992733e-110
422.39 1.02753685021e-110
422.4 5.33506093976e-111
422.41 2.76761117654e-111
422.42 1.43447994042e-111
422.43 7.42861063555e-112
422.44 3.84365522404e-112
422.45 1.98703247837e-112
422.46 1.02633518933e-112
422.47 5.29660011748e-113
422.48 2.7310450531e-113
422.49 1.40696811634e-113
422.5 7.24208069563e-114
422.51 3.72448454067e-114
422.52 1.91378305429e-114
422.53 9.82523498765e-115
422.54 5.03984174992e-115
422.55 2.58294147673e-115
422.56 1.32262261736e-115
422.57 6.76676409691e-116
422.58 3.45899425099e-116
422.59 1.76661680164e-116
422.6 9.01485167263e-117
422.61 4.59619585483e-117
422.62 2.34132757782e-117
422.63 1.19165227638e-117
422.64 6.0598325813e-118
422.65 3.07889882003e-118
422.66 1.56298180042e-118
422.67 7.92749793267e-119
422.68 4.01737216654e-119
422.69 2.03409722688e-119
422.7 1.02902295192e-119
422.71 5.20118292378e-120
422.72 2.62665423277e-120
422.73 1.32534028311e-120
422.74 6.68152506989e-121
422.75 3.36548391088e-121
422.76 1.69372597385e-121
422.77 8.51652624429e-122
422.78 4.27863799061e-122
422.79 2.14769353318e-122
422.8 1.07711677195e-122
422.81 5.39730523942e-123
422.82 2.70218378655e-123
422.83 1.35168813092e-123
422.84 6.75556736886e-124
422.85 3.37342353698e-124
422.86 1.68307560305e-124
422.87 8.38996388191e-125
422.88 4.17869112025e-125
422.89 2.07942931276e-125
422.9 1.03388388415e-125
422.91 5.13597714247e-126
422.92 2.54916596424e-126
422.93 1.26414488801e-126
422.94 6.26353209043e-127
422.95 3.10074086815e-127
422.96 1.53368211254e-127
422.97 7.57929732127e-128
422.98 3.74236590643e-128
422.99 1.84623621028e-128
423.0 9.10022213699e-129
423.01 4.48167578216e-129
423.02 2.20522338497e-129
423.03 1.08414770755e-129
423.04 5.32534851084e-130
423.05 2.61355308999e-130
423.06 1.28155819056e-130
423.07 6.27869008928e-131
423.08 3.07343106259e-131
423.09 1.50314756584e-131
423.1 7.34519740337e-132
423.11 3.58615485158e-132
423.12 1.74935647878e-132
423.13 8.52611742052e-133
423.14 4.15191079056e-133
423.15 2.0200793548e-133
423.16 9.82002422898e-134
423.17 4.76958289262e-134
423.18 2.31457871569e-134
423.19 1.1222438182e-134
423.2 5.43658523079e-135
423.21 2.63141225314e-135
423.22 1.27255129377e-135
423.23 6.14872986656e-136
423.24 2.96837826335e-136
423.25 1.43178162458e-136
423.26 6.9001421637e-137
423.27 3.32248481944e-137
423.28 1.59842286918e-137
423.29 7.68323428329e-138
423.3 3.6899474434e-138
423.31 1.77059811364e-138
423.32 8.48874575765e-139
423.33 4.06621902658e-139
423.34 1.94608462898e-139
423.35 9.30585731237e-140
423.36 4.44605436099e-140
423.37 2.12234928917e-140
423.38 1.01223806412e-140
423.39 4.82360993765e-141
423.4 2.29660026449e-141
423.41 1.09250228074e-141
423.42 5.19257773209e-142
423.43 2.46585408154e-142
423.44 1.16997195803e-142
423.45 5.5463496476e-143
423.46 2.62701618689e-143
423.47 1.24320275994e-143
423.48 5.87820726146e-144
423.49 2.7769722298e-144
423.5 1.31075611078e-144
423.51 6.1815296674e-145
423.52 2.9126864622e-145
423.53 1.37124554341e-145
423.54 6.45001067588e-146
423.55 3.03130300705e-146
423.56 1.42338367225e-146
423.57 6.67787555543e-147
423.58 3.13024532741e-147
423.59 1.46602758732e-147
423.6 6.86008697975e-148
423.61 3.20730908242e-148
423.62 1.49822044243e-148
423.63 6.99252995332e-149
423.64 3.26074370709e-149
423.65 1.51922712788e-149
423.66 7.0721662463e-150
423.67 3.28931850328e-150
423.68 1.52856217126e-150
423.69 7.09715024813e-151
423.7 3.2923697583e-151
423.71 1.52600838803e-151
423.72 7.06690007133e-152
423.73 3.26982637214e-152
423.74 1.51162528126e-152
423.75 6.98212008038e-153
423.76 3.22221261161e-153
423.77 1.48574673691e-153
423.78 6.84477362762e-154
423.79 3.15062784234e-154
423.8 1.44896813931e-154
423.81 6.65800746994e-155
423.82 3.05670433294e-155
423.83 1.40212360112e-155
423.84 6.42603192918e-156
423.85 2.94254539265e-156
423.86 1.34625452379e-156
423.87 6.1539631689e-157
423.88 2.81064711596e-157
423.89 1.28257114277e-157
423.9 5.84763583473e-158
423.91 2.66380779766e-158
423.92 1.21240903869e-158
423.93 5.51339562775e-159
423.94 2.50502960069e-159
423.95 1.1371827917e-159
423.96 5.15788207644e-160
423.97 2.33741728249e-160
423.98 1.05833901256e-160
423.99 4.78781181931e-161
424.0 2.16407870805e-161
424.01 9.77310903864e-162
424.02 4.40977213475e-162
424.03 1.98803152071e-162
424.04 8.95476298846e-163
424.05 4.03003332783e-163
424.06 1.81211974437e-163
424.07 8.14120816499e-164
424.08 3.65438701557e-164
424.09 1.63894330784e-164
424.1 7.34407385989e-165
424.11 3.28801547679e-165
424.12 1.47080257921e-165
424.13 6.57352963164e-166
424.14 2.93539519932e-166
424.15 1.30965904539e-166
424.16 5.83812818705e-167
424.17 2.60023571228e-167
424.18 1.15711233539e-167
424.19 5.14472352101e-168
424.2 2.28545287268e-168
424.21 1.0143929274e-168
424.22 4.49846004294e-169
424.23 1.99317409691e-169
424.24 8.82369147214e-170
424.25 3.90282525352e-170
424.26 1.72477167431e-170
424.27 7.61566493908e-171
424.28 3.35975615486e-171
424.29 1.48091932521e-171
424.3 6.52196937598e-172
424.31 2.8697880479e-172
424.32 1.26166658872e-172
424.33 5.54195627003e-173
424.34 2.43223368754e-173
424.35 1.06652543373e-173
424.36 4.67262411977e-174
424.37 2.0453808652e-174
424.38 8.94563643066e-175
424.39 3.90905706951e-175
424.4 1.70669725781e-175
424.41 7.44499967315e-176
424.42 3.24486466239e-176
424.43 1.41303267692e-176
424.44 6.14796710374e-177
424.45 2.67260377422e-177
424.46 1.1608105118e-177
424.47 5.03746219162e-178
424.48 2.18416769542e-178
424.49 9.4620202208e-179
424.5 4.09548629249e-179
424.51 1.77113144666e-179
424.52 7.65279049219e-180
424.53 3.30379100449e-180
424.54 1.42504645216e-180
424.55 6.14142551054e-181
424.56 2.64443604728e-181
424.57 1.13768140818e-181
424.58 4.89026018079e-182
424.59 2.10023060737e-182
424.6 9.01209400594e-183
424.61 3.86374232759e-183
424.62 1.65506216449e-183
424.63 7.08343932274e-184
424.64 3.02898943134e-184
424.65 1.29412149407e-184
424.66 5.52428473949e-185
424.67 2.35613826703e-185
424.68 1.00403581048e-185
424.69 4.27485457657e-186
424.7 1.81851630914e-186
424.71 7.72923955618e-187
424.72 3.28231341548e-187
424.73 1.39266621574e-187
424.74 5.90388304113e-188
424.75 2.50064569454e-188
424.76 1.05825491166e-188
424.77 4.47457853919e-189
424.78 1.89033027697e-189
424.79 7.97897231002e-190
424.8 3.36496024725e-190
424.81 1.41787070814e-190
424.82 5.96921244199e-191
424.83 2.51085222397e-191
424.84 1.05523450362e-191
424.85 4.43098750864e-192
424.86 1.85898455178e-192
424.87 7.79246299131e-193
424.88 3.26360378731e-193
424.89 1.36566387365e-193
424.9 5.70970836216e-194
424.91 2.38510632288e-194
424.92 9.95463346772e-195
424.93 4.15113174088e-195
424.94 1.72954342851e-195
424.95 7.19979513645e-196
424.96 2.99455655311e-196
424.97 1.24442466929e-196
424.98 5.16688049736e-197
424.99 2.14344297908e-197
425.0 8.88421714391e-198
425.01 3.67917213606e-198
425.02 1.52231582708e-198
425.03 6.29336804005e-199
425.04 2.59947239887e-199
425.05 1.07278082711e-199
425.06 4.42344374297e-200
425.07 1.82235811901e-200
425.08 7.50119846691e-201
425.09 3.08497251333e-201
425.1 1.26763918073e-201
425.11 5.20431675787e-202
425.12 2.13479168224e-202
425.13 8.74925339518e-203
425.14 3.58269798889e-203
425.15 1.46579460084e-203
425.16 5.99183365361e-204
425.17 2.44720353114e-204
425.18 9.98628935945e-205
425.19 4.07157007382e-205
425.2 1.65860661782e-205
425.21 6.75069655226e-206
425.22 2.74522213443e-206
425.23 1.11539863756e-206
425.24 4.52800022696e-207
425.25 1.83656575763e-207
425.26 7.44269527336e-208
425.27 3.01354517221e-208
425.28 1.2191268215e-208
425.29 4.92769454165e-209
425.3 1.99004265017e-209
425.31 8.02979951344e-210
425.32 3.2372089494e-210
425.33 1.30394860834e-210
425.34 5.24775958453e-211
425.35 2.1101391655e-211
425.36 8.47758159913e-212
425.37 3.40295786324e-212
425.38 1.36478699942e-212
425.39 5.46886111986e-213
425.4 2.18953869679e-213
425.41 8.7585470634e-214
425.42 3.50054144053e-214
425.43 1.39785489375e-214
425.44 5.57715444843e-215
425.45 2.22324315817e-215
425.46 8.85492668732e-216
425.47 3.5237629731e-216
425.48 1.40104510848e-216
425.49 5.56571880841e-217
425.5 2.20909359521e-217
425.51 8.76053611726e-218
425.52 3.47113068566e-218
425.53 1.37415258064e-218
425.54 5.43528927919e-219
425.55 2.14799903135e-219
425.56 8.48143253034e-220
425.57 3.34601631773e-220
425.58 1.31889617896e-220
425.59 5.19417859278e-221
425.6 2.04383983059e-221
425.61 8.03527142482e-222
425.62 3.1562976861e-222
425.63 1.23873690056e-222
425.64 4.85740041312e-223
425.65 1.90305985715e-223
425.66 7.44945847978e-224
425.67 2.91353790038e-224
425.68 1.13851918291e-224
425.69 4.44512261845e-225
425.7 1.73400701853e-225
425.71 6.75836540363e-226
425.72 2.63182010069e-226
425.73 1.0239869988e-226
425.74 3.98067203796e-227
425.75 1.54611597045e-227
425.76 6.00000271288e-228
425.77 2.3264008069e-228
425.78 9.01241839609e-229
425.79 3.48836454251e-229
425.8 1.34904393575e-229
425.81 5.21259564823e-230
425.82 2.01236007649e-230
425.83 7.76213265917e-231
425.84 2.99143893154e-231
425.85 1.15186858664e-231
425.86 4.43148659699e-232
425.87 1.70341182683e-232
425.88 6.54204592989e-233
425.89 2.51033240333e-233
425.9 9.6243761368e-234
425.91 3.68669878452e-234
425.92 1.41099812422e-234
425.93 5.39558985666e-235
425.94 2.06146105813e-235
425.95 7.86928099621e-236
425.96 3.00136410344e-236
425.97 1.14373662183e-236
425.98 4.35468838393e-237
425.99 1.65657785354e-237
426.0 6.29637131589e-238
426.01 2.3910712906e-238
426.02 9.07232146932e-239
426.03 3.43928407553e-239
426.04 1.30269090055e-239
426.05 4.92990355079e-240
426.06 1.86405695799e-240
426.07 7.04212365492e-241
426.08 2.65810313372e-241
426.09 1.0024523094e-241
426.1 3.77728128096e-242
426.11 1.4220623707e-242
426.12 5.34911180484e-243
426.13 2.01033493002e-243
426.14 7.54881660381e-244
426.15 2.83212907609e-244
426.16 1.06162447786e-244
426.17 3.97605622215e-245
426.18 1.48784545465e-245
426.19 5.56271539666e-246
426.2 2.07797142756e-246
426.21 7.75561094645e-247
426.22 2.89211908091e-247
426.23 1.07755647042e-247
426.24 4.01132287257e-248
426.25 1.49196595524e-248
426.26 5.54439188285e-249
426.27 2.05860317078e-249
426.28 7.63686420407e-250
426.29 2.83061765791e-250
426.3 1.04826495608e-250
426.31 3.87868611746e-251
426.32 1.43391007632e-251
426.33 5.29642601401e-252
426.34 1.95464375304e-252
426.35 7.20735699757e-253
426.36 2.65526679874e-253
426.37 9.77381261704e-254
426.38 3.5945420162e-254
426.39 1.32082972112e-254
426.4 4.84924150542e-255
426.41 1.77878929488e-255
426.42 6.51926917456e-256
426.43 2.38724521463e-256
426.44 8.73411412513e-257
426.45 3.19274626713e-257
426.46 1.16609427118e-257
426.47 4.25526518506e-258
426.48 1.55146974588e-258
426.49 5.65175991122e-259
426.5 2.0570640319e-259
426.51 7.48058615278e-260
426.52 2.71798565309e-260
426.53 9.86693809491e-261
426.54 3.57883239154e-261
426.55 1.29695237242e-261
426.56 4.69602509331e-262
426.57 1.69887138911e-262
426.58 6.14064948955e-263
426.59 2.21764398526e-263
426.6 8.0018988621e-264
426.61 2.88481522509e-264
426.62 1.03912228183e-264
426.63 3.73971947507e-265
426.64 1.34473004099e-265
426.65 4.83119870927e-266
426.66 1.73419690424e-266
426.67 6.21964540226e-267
426.68 2.22872536729e-267
426.69 7.97941770049e-268
426.7 2.85436531816e-268
426.71 1.02016783016e-268
426.72 3.64298518845e-269
426.73 1.29977116808e-269
426.74 4.63340331633e-270
426.75 1.65027767199e-270
426.76 5.87269782132e-271
426.77 2.08805531033e-271
426.78 7.41771348897e-272
426.79 2.6328239697e-272
426.8 9.33678383872e-273
426.81 3.30823611158e-273
426.82 1.17116855686e-273
426.83 4.1425334384e-274
426.84 1.46398407939e-274
426.85 5.16928405458e-275
426.86 1.82367797754e-275
426.87 6.42820357981e-276
426.88 2.26388730166e-276
426.89 7.96606227418e-277
426.9 2.80063365462e-277
426.91 9.83767842086e-278
426.92 3.45265077641e-278
426.93 1.21069959432e-278
426.94 4.24173812896e-279
426.95 1.48482414744e-279
426.96 5.19313847247e-280
426.97 1.81471528286e-280
426.98 6.33593630904e-281
426.99 2.21022670346e-281
427.0 7.70347278965e-282
427.01 2.68262517949e-282
427.02 9.33377124511e-283
427.03 3.2447259462e-283
427.04 1.12699659226e-283
427.05 3.91102774271e-284
427.06 1.35607248109e-284
427.07 4.69784432947e-285
427.08 1.62606556503e-285
427.09 5.62342874718e-286
427.1 1.94306823916e-286
427.11 6.70808599986e-287
427.12 2.31383775427e-287
427.13 7.97426927571e-288
427.14 2.7458234088e-288
427.15 9.44665428528e-289
427.16 3.24718590586e-289
427.17 1.115218582e-289
427.18 3.82680694484e-290
427.19 1.31200902445e-290
427.2 4.49428701138e-291
427.21 1.53818473631e-291
427.22 5.25992926454e-292
427.23 1.79711149729e-292
427.24 6.13470740709e-293
427.25 2.09235994668e-293
427.26 7.13021547227e-294
427.27 2.42768661097e-294
427.28 8.25859757861e-295
427.29 2.80700831038e-295
427.3 9.53245590041e-296
427.31 3.23436943095e-296
427.32 1.09647353825e-296
427.33 3.71390165215e-297
427.34 1.25685840983e-297
427.35 4.24977585089e-298
427.36 1.43571886108e-298
427.37 4.84614606347e-299
427.38 1.63435842498e-299
427.39 5.507085575e-300
427.4 1.85404408515e-300
427.41 6.23651541966e-301
427.42 2.09598252246e-301
427.43 7.03812581141e-302
427.44 2.36129423798e-302
427.45 7.91529127903e-303
427.46 2.65098583885e-303
427.47 8.87098054494e-304
427.48 2.96592085837e-304
427.49 9.90766245786e-305
427.5 3.30678956721e-305
427.51 1.10272095559e-305
427.52 3.674078315e-306
427.53 1.22308010908e-306
427.54 4.06803901885e-307
427.55 1.35188275738e-307
427.56 4.48865948328e-308
427.57 1.48907991024e-308
427.58 4.9356352921e-309
427.59 1.63452598811e-309
427.6 5.40834405336e-310
427.61 1.78797114477e-310
427.62 5.90582280107e-311
427.63 1.94905471599e-311
427.64 6.42674935823e-312
427.65 2.11730004593e-312
427.66 6.9694284445e-313
427.67 2.29211093266e-313
427.68 7.53178326471e-314
427.69 2.47276991546e-314
427.7 8.11135324421e-315
427.71 2.6584386004e-315
427.72 8.70529844016e-316
427.73 2.84816018883e-316
427.74 9.31041116987e-317
427.75 3.04086436758e-317
427.76 9.92313557375e-318
427.77 3.23537405982e-318
427.78 1.05396059833e-318
427.79 3.4303965922e-319
427.8 1.11555082174e-319
427.81 3.62446557789e-320
427.82 1.17686436839e-320
427.83 3.81418678589e-321
427.84 1.2351641146e-321
427.85 4.00193173131e-322
427.86 1.28457067919e-322
427.87 3.95252516673e-323
427.88 1.48219693752e-323
427.89 4.94065645841e-324
427.9 0.0
427.91 0.0
427.92 0.0
427.93 0.0
427.94 0.0
427.95 0.0
427.96 0.0
427.97 0.0
427.98 0.0
427.99 0.0
428.0 0.0
428.01 0.0
428.02 0.0
428.03 0.0
428.04 0.0
428.05 0.0
428.06 0.0
428.07 0.0
428.08 0.0
428.09 0.0
428.1 0.0
428.11 0.0
428.12 0.0
428.13 0.0
428.14 0.0
428.15 0.0
428.16 0.0
428.17 0.0
428.18 0.0
428.19 0.0
428.2 0.0
428.21 0.0
428.22 0.0
428.23 0.0
428.24 0.0
428.25 0.0
428.26 0.0
428.27 0.0
428.28 0.0
428.29 0.0
428.3 0.0
428.31 0.0
428.32 0.0
428.33 0.0
428.34 0.0
428.35 0.0
428.36 0.0
428.37 0.0
428.38 0.0
428.39 0.0
428.4 0.0
428.41 0.0
428.42 0.0
428.43 0.0
428.44 0.0
428.45 0.0
428.46 0.0
428.47 0.0
428.48 0.0
428.49 0.0
428.5 0.0
428.51 0.0
428.52 0.0
428.53 0.0
428.54 0.0
428.55 0.0
428.56 0.0
428.57 0.0
428.58 0.0
428.59 0.0
428.6 0.0
428.61 0.0
428.62 0.0
428.63 0.0
428.64 0.0
428.65 0.0
428.66 0.0
428.67 0.0
428.68 0.0
428.69 0.0
428.7 0.0
428.71 0.0
428.72 0.0
428.73 0.0
428.74 0.0
428.75 0.0
428.76 0.0
428.77 0.0
428.78 0.0
428.79 0.0
428.8 0.0
428.81 0.0
428.82 0.0
428.83 0.0
428.84 0.0
428.85 0.0
428.86 0.0
428.87 0.0
428.88 0.0
428.89 0.0
428.9 0.0
428.91 0.0
428.92 0.0
428.93 0.0
428.94 0.0
428.95 0.0
428.96 0.0
428.97 0.0
428.98 0.0
428.99 0.0
429.0 0.0
429.01 0.0
429.02 0.0
429.03 0.0
429.04 0.0
429.05 0.0
429.06 0.0
429.07 0.0
429.08 0.0
429.09 0.0
429.1 0.0
429.11 0.0
429.12 0.0
429.13 0.0
429.14 0.0
429.15 0.0
429.16 0.0
429.17 0.0
429.18 0.0
429.19 0.0
429.2 0.0
429.21 0.0
429.22 0.0
429.23 0.0
429.24 0.0
429.25 0.0
429.26 0.0
429.27 0.0
429.28 0.0
429.29 0.0
429.3 0.0
429.31 0.0
429.32 0.0
429.33 0.0
429.34 0.0
429.35 0.0
429.36 0.0
429.37 0.0
429.38 0.0
429.39 0.0
429.4 0.0
429.41 0.0
429.42 0.0
429.43 0.0
429.44 0.0
429.45 0.0
429.46 0.0
429.47 0.0
429.48 0.0
429.49 0.0
429.5 0.0
429.51 0.0
429.52 0.0
429.53 0.0
429.54 0.0
429.55 0.0
429.56 0.0
429.57 0.0
429.58 0.0
429.59 0.0
429.6 0.0
429.61 0.0
429.62 0.0
429.63 0.0
429.64 0.0
429.65 0.0
429.66 0.0
429.67 0.0
429.68 0.0
429.69 0.0
429.7 0.0
429.71 0.0
429.72 0.0
429.73 0.0
429.74 0.0
429.75 0.0
429.76 0.0
429.77 0.0
429.78 0.0
429.79 0.0
429.8 0.0
429.81 0.0
429.82 0.0
429.83 0.0
429.84 0.0
429.85 0.0
429.86 0.0
429.87 0.0
429.88 0.0
429.89 0.0
429.9 0.0
429.91 0.0
429.92 0.0
429.93 0.0
429.94 0.0
429.95 0.0
429.96 0.0
429.97 0.0
429.98 0.0
429.99 0.0
