400.0 4.89099903233e-77
400.01 8.38289393535e-77
400.02 1.43553596718e-76
400.03 2.456167031e-76
400.04 4.19880232927e-76
400.05 7.17161016073e-76
400.06 1.22385969002e-75
400.07 2.08674941382e-75
400.08 3.55494333118e-75
400.09 6.05088329308e-75
400.1 1.02903129662e-74
400.11 1.7484857729e-74
400.12 2.968378893e-74
400.13 5.03500932565e-74
400.14 8.53306268886e-74
400.15 1.44488507716e-73
400.16 2.44447380457e-73
400.17 4.13200827044e-73
400.18 6.97847760447e-73
400.19 1.17756234179e-72
400.2 1.98532147602e-72
400.21 3.34427117081e-72
400.22 5.6285411045e-72
400.23 9.46485383407e-72
400.24 1.59021444283e-71
400.25 2.66944629549e-71
400.26 4.47724020558e-71
400.27 7.50279904721e-71
400.28 1.25620334822e-70
400.29 2.10145595118e-70
400.3 3.51240307091e-70
400.31 5.86559560309e-70
400.32 9.78686504681e-70
400.33 1.6315440145e-69
400.34 2.71755098873e-69
400.35 4.52251817595e-69
400.36 7.51980628495e-69
400.37 1.24927111226e-68
400.38 2.07362611982e-68
400.39 3.43896633391e-68
400.4 5.69834981261e-68
400.41 9.43395935834e-68
400.42 1.56049581419e-67
400.43 2.57902129234e-67
400.44 4.25864030231e-67
400.45 7.02604139881e-67
400.46 1.15817493435e-66
400.47 1.90748587717e-66
400.48 3.13886193445e-66
400.49 5.16067854412e-66
400.5 8.47744762054e-66
400.51 1.39138441583e-65
400.52 2.2816701822e-65
400.53 3.73837024703e-65
400.54 6.11977519148e-65
400.55 1.00094989513e-64
400.56 1.63573490267e-64
400.57 2.67077446459e-64
400.58 4.35697654965e-64
400.59 7.10161202338e-64
400.6 1.15651794103e-63
400.61 1.88179157174e-63
400.62 3.05924582678e-63
400.63 4.96913671971e-63
400.64 8.06438453691e-63
400.65 1.30763104545e-62
400.66 2.11847298487e-62
400.67 3.42913315969e-62
400.68 5.54586740818e-62
400.69 8.96145084396e-62
400.7 1.44680794227e-61
400.71 2.33381890725e-61
400.72 3.76137935208e-61
400.73 6.05690596188e-61
400.74 9.74491910399e-61
400.75 1.5664962444e-60
400.76 2.51596265394e-60
400.77 4.03740889127e-60
400.78 6.47328893844e-60
400.79 1.03698138936e-59
400.8 1.65974223121e-59
400.81 2.65420241093e-59
400.82 4.24083276522e-59
400.83 6.77005140775e-59
400.84 1.07983275957e-58
400.85 1.72085684496e-58
400.86 2.74003872644e-58
400.87 4.35905522185e-58
400.88 6.92869992972e-58
400.89 1.10036013528e-57
400.9 1.74598961167e-57
400.91 2.76803881196e-57
400.92 4.38456393879e-57
400.93 6.93911927466e-57
400.94 1.09725106213e-56
400.95 1.7335300717e-56
400.96 2.73640554751e-56
400.97 4.31571996826e-56
400.98 6.80063967035e-56
400.99 1.07070537883e-55
401.0 1.68427854642e-55
401.01 2.64716835046e-55
401.02 4.15693198954e-55
401.03 6.52210804629e-55
401.04 1.02241396204e-54
401.05 1.60136107056e-54
401.06 2.50596772876e-54
401.07 3.91818911612e-54
401.08 6.1209527408e-54
401.09 9.55380496838e-54
401.1 1.48990105889e-53
401.11 2.32146531248e-53
401.12 3.61402107891e-53
401.13 5.62137912081e-53
401.14 8.7361238793e-53
401.15 1.35649564483e-52
401.16 2.10446514051e-52
401.17 3.26203623764e-52
401.18 5.05195576001e-52
401.19 7.8172501376e-52
401.2 1.20857106208e-51
401.21 1.86687004115e-51
401.22 2.88124171483e-51
401.23 4.44292532596e-51
401.24 6.84513545332e-51
401.25 1.05370439511e-50
401.26 1.6206127416e-50
401.27 2.49036738025e-50
401.28 3.82358986464e-50
401.29 5.86547106632e-50
401.3 8.98996921165e-50
401.31 1.37669338131e-49
401.32 2.10639568805e-49
401.33 3.22007807723e-49
401.34 4.91831748585e-49
401.35 7.50568665849e-49
401.36 1.14442678154e-48
401.37 1.74344924024e-48
401.38 2.65371521966e-48
401.39 4.0357386622e-48
401.4 6.1321880995e-48
401.41 9.3096126863e-48
401.42 1.41211956673e-47
401.43 2.14010479923e-47
401.44 3.24057683817e-47
401.45 4.90267741663e-47
401.46 7.41085005858e-47
401.47 1.11924830816e-46
401.48 1.68891805816e-46
401.49 2.54632846186e-46
401.5 3.83569425564e-46
401.51 5.7729427724e-46
401.52 8.68108952615e-46
401.53 1.30429229952e-45
401.54 1.9579398151e-45
401.55 2.93661801141e-45
401.56 4.40067494712e-45
401.57 6.58892912652e-45
401.58 9.85675799576e-45
401.59 1.47325208391e-44
401.6 2.20010671634e-44
401.61 3.28272227487e-44
401.62 4.89382291101e-44
401.63 7.28930412164e-44
401.64 1.08479482029e-43
401.65 1.61299435732e-43
401.66 2.39630341069e-43
401.67 3.55692310203e-43
401.68 5.27510196765e-43
401.69 7.81647519906e-43
401.7 1.15721688557e-42
401.71 1.71175766933e-42
401.72 2.52984268024e-42
401.73 3.73566961925e-42
401.74 5.51146581821e-42
401.75 8.1243661612e-42
401.76 1.19656300534e-41
401.77 1.76078109542e-41
401.78 2.58880223348e-41
401.79 3.80291041578e-41
401.8 5.5815783808e-41
401.81 8.18505634086e-41
401.82 1.19925083917e-40
401.83 1.75558596975e-40
401.84 2.56778042799e-40
401.85 3.75247130292e-40
401.86 5.4789910062e-40
401.87 7.99295757681e-40
401.88 1.16503276857e-39
401.89 1.69665087814e-39
401.9 2.46871265965e-39
401.91 3.58899054772e-39
401.92 5.21312090575e-39
401.93 7.56566300735e-39
401.94 1.09703352784e-38
401.95 1.58933892966e-38
401.96 2.30057742672e-38
401.97 3.32721526307e-38
401.98 4.80782506828e-38
401.99 6.94128902282e-38
402.0 1.00127946861e-37
402.01 1.44309262247e-37
402.02 2.0780539308e-37
402.03 2.98980686596e-37
402.04 4.29786893973e-37
402.05 6.17286690848e-37
402.06 8.85817735587e-37
402.07 1.27006381208e-36
402.08 1.81940936099e-36
402.09 2.60410817166e-36
402.1 3.72401420053e-36
402.11 5.32092759051e-36
402.12 7.59603718226e-36
402.13 1.08345412514e-35
402.14 1.54403693706e-35
402.15 2.19851056022e-35
402.16 3.12768594911e-35
402.17 4.44571312206e-35
402.18 6.31369273768e-35
402.19 8.95878601231e-35
402.2 1.27010198952e-34
402.21 1.79908524556e-34
402.22 2.5461770539e-34
402.23 3.60038688094e-34
402.24 5.08666871335e-34
402.25 7.18028114163e-34
402.26 1.01268215552e-33
402.27 1.42701513058e-33
402.28 2.0091284851e-33
402.29 2.82624987844e-33
402.3 3.972254949e-33
402.31 5.57811399641e-33
402.32 7.82638789064e-33
402.33 1.09713245954e-32
402.34 1.53666950322e-32
402.35 2.15043140061e-32
402.36 3.00672996752e-32
402.37 4.20036442732e-32
402.38 5.86277503648e-32
402.39 8.17604363583e-32
402.4 1.13921811931e-31
402.41 1.58596748571e-31
402.42 2.20599938834e-31
402.43 3.06577450555e-31
402.44 4.25695188568e-31
402.45 5.90583062133e-31
402.46 8.18628660692e-31
402.47 1.13374821474e-30
402.48 1.56880873732e-30
402.49 2.1689377875e-30
402.5 2.99604204248e-30
402.51 4.13497058182e-30
402.52 5.70191392977e-30
402.53 7.85583952101e-30
402.54 1.08140472138e-29
402.55 1.48733100758e-29
402.56 2.04385798169e-29
402.57 2.80619283327e-29
402.58 3.84953275595e-29
402.59 5.27621203497e-29
402.6 7.22537136329e-29
402.61 9.8860276155e-29
402.62 1.35147238969e-28
402.63 1.845934337e-28
402.64 2.5191210196e-28
402.65 3.4348322153e-28
402.66 4.67935221532e-28
402.67 6.3692699584e-28
402.68 8.66198226035e-28
402.69 1.17697878778e-27
402.7 1.59787828266e-27
402.71 2.16741694797e-27
402.72 2.93741256545e-27
402.73 3.97750875436e-27
402.74 5.38122377807e-27
402.75 7.27402305832e-27
402.76 9.82408263314e-27
402.77 1.32566274853e-26
402.78 1.78730146377e-26
402.79 2.40761079518e-26
402.8 3.24039881983e-26
402.81 4.35746955285e-26
402.82 5.85455606956e-26
402.83 7.85918099422e-26
402.84 1.05410609369e-25
402.85 1.41258656006e-25
402.86 1.89133965483e-25
402.87 2.53015833182e-25
402.88 3.38181294859e-25
402.89 4.51622092473e-25
402.9 6.02593561474e-25
402.91 8.0333651519e-25
402.92 1.07002578063e-24
402.93 1.42401540471e-24
402.94 1.89347181948e-24
402.95 2.51551387351e-24
402.96 3.33901446413e-24
402.97 4.42826493822e-24
402.98 5.86776354778e-24
402.99 7.76846701097e-24
403.0 1.02759447211e-23
403.01 1.35810048823e-23
403.02 1.79335291834e-23
403.03 2.36604682302e-23
403.04 3.11892275132e-23
403.05 4.1078030632e-23
403.06 5.40553051019e-23
403.07 7.10707247137e-23
403.08 9.33612972431e-23
403.09 1.22536853293e-22
403.1 1.60690529622e-22
403.11 2.10541422665e-22
403.12 2.75618609128e-22
403.13 3.60498309788e-22
403.14 4.71109260791e-22
403.15 6.15125544556e-22
403.16 8.02471460903e-22
403.17 1.04596979217e-21
403.18 1.36217341726e-21
403.19 1.77243114129e-21
403.2 2.30425243718e-21
403.21 2.99305330581e-21
403.22 3.88438761054e-21
403.23 5.03679623112e-21
403.24 6.52544171626e-21
403.25 8.44674067721e-21
403.26 1.09242623112e-20
403.27 1.41162321159e-20
403.28 1.82250687213e-20
403.29 2.35094934011e-20
403.3 3.02998919227e-20
403.31 3.90177840368e-20
403.32 5.02004758982e-20
403.33 6.45322459627e-20
403.34 8.28837589732e-20
403.35 1.06361832295e-19
403.36 1.36372214845e-19
403.37 1.74698706827e-19
403.38 2.236027801e-19
403.39 2.85948893357e-19
403.4 3.65361981417e-19
403.41 4.6642519318e-19
403.42 5.94927930877e-19
403.43 7.58176693577e-19
403.44 9.6538426033e-19
403.45 1.22815649706e-18
403.46 1.56110070113e-18
403.47 1.98258510957e-18
403.48 2.51568623698e-18
403.49 3.18936937751e-18
403.5 4.03995826692e-18
403.51 5.11296300182e-18
403.52 6.4653513939e-18
403.53 8.16836865651e-18
403.54 1.03110344764e-17
403.55 1.30044760833e-17
403.56 1.63872920662e-17
403.57 2.06321858133e-17
403.58 2.59541612914e-17
403.59 3.26206394832e-17
403.6 4.09639336813e-17
403.61 5.13966189712e-17
403.62 6.44304492504e-17
403.63 8.06996183588e-17
403.64 1.00989335531e-16
403.65 1.26270895684e-16
403.66 1.57744679465e-16
403.67 1.96892825485e-16
403.68 2.4554368836e-16
403.69 3.05950643906e-16
403.7 3.8088834217e-16
403.71 4.73770158072e-16
403.72 5.88791369803e-16
403.73 7.31103532172e-16
403.74 9.07026636319e-16
403.75 1.12430699433e-15
403.76 1.39243039987e-15
403.77 1.72300204441e-15
403.78 2.1302069716e-15
403.79 2.63136760113e-15
403.8 3.24761812876e-15
403.81 4.00471950933e-15
403.82 4.93404336813e-15
403.83 6.07375869628e-15
403.84 7.47026172498e-15
403.85 9.17989712543e-15
403.86 1.12710278597e-14
403.87 1.38265218644e-14
403.88 1.69467365756e-14
403.89 2.07530974415e-14
403.9 2.53923844127e-14
403.91 3.10418614151e-14
403.92 3.79154085232e-14
403.93 4.62708455887e-14
403.94 5.64186701591e-14
403.95 6.873247246e-14
403.96 8.36613369902e-14
403.97 1.01744594974e-13
403.98 1.23629355816e-13
403.99 1.50091320264e-13
404.0 1.82059464881e-13
404.01 2.20645288588e-13
404.02 2.67177429677e-13
404.03 3.23242598293e-13
404.04 3.90733927852e-13
404.05 4.71908032524e-13
404.06 5.6945227034e-13
404.07 6.86563957173e-13
404.08 8.27043560377e-13
404.09 9.95404227879e-13
404.1 1.19700038511e-12
404.11 1.43817856537e-12
404.12 1.7264541369e-12
404.13 2.07071816106e-12
404.14 2.48147927044e-12
404.15 2.97114620493e-12
404.16 3.55435749997e-12
404.17 4.24836579929e-12
404.18 5.07348537864e-12
404.19 6.0536127374e-12
404.2 7.21683155797e-12
404.21 8.59611497348e-12
404.22 1.02301399443e-11
404.23 1.21642306514e-11
404.24 1.44514501979e-11
404.25 1.71538626054e-11
404.26 2.03439901287e-11
404.27 2.41064943372e-11
404.28 2.85401132644e-11
404.29 3.37598912542e-11
404.3 3.989974299e-11
404.31 4.71153986336e-11
404.32 5.55877830879e-11
404.33 6.5526889197e-11
404.34 7.71762122854e-11
404.35 9.08178218831e-11
404.36 1.06778155884e-10
404.37 1.25434632812e-10
404.38 1.47223189452e-10
404.39 1.72646863885e-10
404.4 2.02285558136e-10
404.41 2.36807130267e-10
404.42 2.76979982911e-10
404.43 3.23687334204e-10
404.44 3.77943377813e-10
404.45 4.40911561518e-10
404.46 5.13925238708e-10
404.47 5.98510974345e-10
404.48 6.96414816577e-10
404.49 8.09631877409e-10
404.5 9.4043960088e-10
404.51 1.09143513508e-09
404.52 1.26557726544e-09
404.53 1.46623341082e-09
404.54 1.69723223197e-09
404.55 1.96292245259e-09
404.56 2.26823854873e-09
404.57 2.61877402049e-09
404.58 3.02086302301e-09
404.59 3.48167120006e-09
404.6 4.00929663458e-09
404.61 4.61288190505e-09
404.62 5.30273831585e-09
404.63 6.09048345266e-09
404.64 6.98919330106e-09
404.65 8.01357025749e-09
404.66 9.18012845653e-09
404.67 1.05073979366e-08
404.68 1.20161492673e-08
404.69 1.37296403671e-08
404.7 1.56738873435e-08
404.71 1.78779613014e-08
404.72 2.03743131684e-08
404.73 2.3199128702e-08
404.74 2.63927159482e-08
404.75 2.99999275321e-08
404.76 3.40706202653e-08
404.77 3.86601546568e-08
404.78 4.38299370112e-08
404.79 4.96480068882e-08
404.8 5.61896727773e-08
404.81 6.3538198917e-08
404.82 7.17855462436e-08
404.83 8.10331705023e-08
404.84 9.13928805841e-08
404.85 1.02987760158e-07
404.86 1.15953155663e-07
404.87 1.30437733685e-07
404.88 1.46604610683e-07
404.89 1.6463255795e-07
404.9 1.84717284536e-07
404.91 2.0707280076e-07
404.92 2.31932864673e-07
404.93 2.59552513644e-07
404.94 2.90209682945e-07
404.95 3.2420691285e-07
404.96 3.61873145427e-07
404.97 4.0356561172e-07
404.98 4.49671809551e-07
404.99 5.00611571603e-07
405.0 5.5683922283e-07
405.01 6.18845825574e-07
405.02 6.87161509995e-07
405.03 7.62357886625e-07
405.04 8.45050536987e-07
405.05 9.35901577231e-07
405.06 1.03562228876e-06
405.07 1.14497580873e-06
405.08 1.26477987208e-06
405.09 1.39590959573e-06
405.1 1.53930029399e-06
405.11 1.69595031329e-06
405.12 1.86692387259e-06
405.13 2.05335389459e-06
405.14 2.25644481147e-06
405.15 2.47747532718e-06
405.16 2.71780111686e-06
405.17 2.97885744268e-06
405.18 3.26216166345e-06
405.19 3.56931561413e-06
405.2 3.90200782982e-06
405.21 4.26201558741e-06
405.22 4.65120673645e-06
405.23 5.07154128986e-06
405.24 5.52507274357e-06
405.25 6.01394909326e-06
405.26 6.54041351524e-06
405.27 7.10680467783e-06
405.28 7.7155566489e-06
405.29 8.36919836455e-06
405.3 9.0703526241e-06
405.31 9.82173457604e-06
405.32 1.06261496601e-05
405.33 1.14864909711e-05
405.34 1.24057360109e-05
405.35 1.33869427957e-05
405.36 1.44332452881e-05
405.37 1.55478481239e-05
405.38 1.67340206067e-05
405.39 1.79950899457e-05
405.4 1.93344337142e-05
405.41 2.07554715101e-05
405.42 2.22616558042e-05
405.43 2.38564619636e-05
405.44 2.55433774444e-05
405.45 2.7325890151e-05
405.46 2.92074759658e-05
405.47 3.11915854562e-05
405.48 3.32816297744e-05
405.49 3.54809657696e-05
405.5 3.77928803386e-05
405.51 4.02205740483e-05
405.52 4.27671440701e-05
405.53 4.54355664723e-05
405.54 4.82286779238e-05
405.55 5.11491568712e-05
405.56 5.41995042562e-05
405.57 5.73820238485e-05
405.58 6.06988022755e-05
405.59 6.41516888394e-05
405.6 6.77422752149e-05
405.61 7.14718751298e-05
405.62 7.53415041373e-05
405.63 7.9351859591e-05
405.64 8.35033009419e-05
405.65 8.77958304801e-05
405.66 9.22290746464e-05
405.67 9.68022660442e-05
405.68 0.000101514226283
405.69 0.000106363349787
405.7 0.000111347588702
405.71 0.000116464439037
405.72 0.00012171092817
405.73 0.000127083603847
405.74 0.000132578524809
405.75 0.00013819125316
405.76 0.000143916848602
405.77 0.000149749864639
405.78 0.000155684346865
405.79 0.000161713833423
405.8 0.000167831357721
405.81 0.000174029453482
405.82 0.000180300162196
405.83 0.000186635043012
405.84 0.000193025185129
405.85 0.000199461222684
405.86 0.000205933352174
405.87 0.00021243135238
405.88 0.000218944606795
405.89 0.000225462128501
405.9 0.000231972587453
405.91 0.000238464340088
405.92 0.000244925461188
405.93 0.00025134377788
405.94 0.00025770690566
405.95 0.000264002286307
405.96 0.000270217227533
405.97 0.000276338944213
405.98 0.000282354601004
405.99 0.000288251356178
406.0 0.000294016406446
406.01 0.000299637032585
406.02 0.000305100645619
406.03 0.000310394833348
406.04 0.000315507406968
406.05 0.000320426447553
406.06 0.000325140352144
406.07 0.000329637879209
406.08 0.000333908193215
406.09 0.00033794090808
406.1 0.000341726129248
406.11 0.000345254494163
406.12 0.000348517210911
406.13 0.000351506094799
406.14 0.000354213602674
406.15 0.000356632864783
406.16 0.00035875771397
406.17 0.000360582712072
406.18 0.000362103173334
406.19 0.000363315184719
406.2 0.000364215622995
406.21 0.000364802168505
406.22 0.00036507331553
406.23 0.00036502837921
406.24 0.000364667498973
406.25 0.000363991638464
406.26 0.000363002581994
406.27 0.000361702927528
406.28 0.000360096076285
406.29 0.000358186219009
406.3 0.00035597831903
406.31 0.000353478092221
406.32 0.000350691984009
406.33 0.000347627143578
406.34 0.000344291395478
406.35 0.000340693208806
406.36 0.000336841664199
406.37 0.000332746418855
406.38 0.000328417669837
406.39 0.000323866115921
406.4 0.000319102918243
406.41 0.00031413966005
406.42 0.000308988305826
406.43 0.0003036611601
406.44 0.00029817082624
406.45 0.000292530165543
406.46 0.000286752256936
406.47 0.000280850357599
406.48 0.000274837864837
406.49 0.000268728279515
406.5 0.000262535171381
406.51 0.000256272146588
406.52 0.000249952817741
406.53 0.000243590776778
406.54 0.000237199571009
406.55 0.000230792682611
406.56 0.000224383511906
406.57 0.000217985364708
406.58 0.000211611444072
406.59 0.000205274846725
406.6 0.000198988564496
406.61 0.000192765491042
406.62 0.000186618434189
406.63 0.000180560134165
406.64 0.000174603288065
406.65 0.000168760580836
406.66 0.00016304472311
406.67 0.000157468496198
406.68 0.00015204480458
406.69 0.000146786736222
406.7 0.000141707631068
406.71 0.00013682115805
406.72 0.000132141400995
406.73 0.000127682953792
406.74 0.000123461025213
406.75 0.00011949155378
406.76 0.000115791333097
406.77 0.00011237814806
406.78 0.000109270922391
406.79 0.000106489877928
406.8 0.000104056706141
406.81 0.000101994752322
406.82 0.000100329212935
406.83 9.90873465865e-05
406.84 9.82986991016e-05
406.85 9.79953431768e-05
406.86 9.8212133078e-05
406.87 9.89869748452e-05
406.88 0.000100361112446
406.89 0.000102379430308
406.9 0.000105090772619
406.91 0.000108548279782
406.92 0.000112809742329
406.93 0.000117937972597
406.94 0.000124001194376
406.95 0.000131073450711
406.96 0.000139235029923
406.97 0.000148572909891
406.98 0.000159181220475
406.99 0.000171161723921
407.0 0.000184624312939
407.01 0.000199687526016
407.02 0.000216479079426
407.03 0.000235136415209
407.04 0.000255807264249
407.05 0.000278650223436
407.06 0.000303835345653
407.07 0.000331544741205
407.08 0.00036197318905
407.09 0.000395328756008
407.1 0.00043183342188
407.11 0.000471723708193
407.12 0.000515251308021
407.13 0.00056268371412
407.14 0.000614304842309
407.15 0.000670415646825
407.16 0.000731334724059
407.17 0.000797398900876
407.18 0.000868963803391
407.19 0.000946404401879
407.2 0.00103011552717
407.21 0.00112051235367
407.22 0.00121803084393
407.23 0.00132312814936
407.24 0.00143628296154
407.25 0.00155799580835
407.26 0.0016887892891
407.27 0.00182920824222
407.28 0.00197981983967
407.29 0.00214121360135
407.3 0.0023140013233
407.31 0.00249881691308
407.32 0.00269631612595
407.33 0.00290717619521
407.34 0.00313209535049
407.35 0.00337179221763
407.36 0.00362700509407
407.37 0.00389849109381
407.38 0.00418702515641
407.39 0.00449339891462
407.4 0.00481841941581
407.41 0.00516290769267
407.42 0.00552769717911
407.43 0.00591363196806
407.44 0.00632156490818
407.45 0.00675235553732
407.46 0.00720686785141
407.47 0.00768596790785
407.48 0.00819052126383
407.49 0.0087213902504
407.5 0.00927943108435
407.51 0.00986549082094
407.52 0.0104804041513
407.53 0.0111249900496
407.54 0.0118000482764
407.55 0.0125063557451
407.56 0.0132446627598
407.57 0.014015689135
407.58 0.0148201202069
407.59 0.0156586027487
407.6 0.0165317408037
407.61 0.0174400914486
407.62 0.0183841605054
407.63 0.0193643982147
407.64 0.0203811948924
407.65 0.0214348765839
407.66 0.0225257007395
407.67 0.0236538519284
407.68 0.024819437615
407.69 0.0260224840176
407.7 0.0272629320742
407.71 0.028540633537
407.72 0.0298553472204
407.73 0.0312067354261
407.74 0.0325943605701
407.75 0.034017682035
407.76 0.0354760532723
407.77 0.0369687191794
407.78 0.0384948137733
407.79 0.0400533581861
407.8 0.0416432590027
407.81 0.0432633069638
407.82 0.0449121760539
407.83 0.0465884229939
407.84 0.0482904871567
407.85 0.0500166909214
407.86 0.0517652404823
407.87 0.0535342271245
407.88 0.0553216289784
407.89 0.0571253132614
407.9 0.0589430390139
407.91 0.0607724603352
407.92 0.0626111301192
407.93 0.0644565042917
407.94 0.0663059465459
407.95 0.068156733569
407.96 0.0700060607537
407.97 0.0718510483821
407.98 0.0736887482679
407.99 0.0755161508416
408.0 0.0773301926576
408.01 0.0791277643027
408.02 0.0809057186794
408.03 0.0826608796377
408.04 0.0843900509251
408.05 0.0860900254225
408.06 0.0877575946311
408.07 0.089389558373
408.08 0.0909827346685
408.09 0.092533969747
408.1 0.0940401481518
408.11 0.0954982028932
408.12 0.0969051256071
408.13 0.0982579766713
408.14 0.0995538952359
408.15 0.100790109119
408.16 0.101963944521
408.17 0.103072835515
408.18 0.104114333257
408.19 0.105086114885
408.2 0.105985992049
408.21 0.106811919037
408.22 0.107562000451
408.23 0.108234498395
408.24 0.108827839139
408.25 0.10934061922
408.26 0.109771610947
408.27 0.110119767283
408.28 0.110384226079
408.29 0.110564313624
408.3 0.11065954751
408.31 0.110669638773
408.32 0.110594493319
408.33 0.110434212602
408.34 0.110189093572
408.35 0.109859627874
408.36 0.109446500303
408.37 0.108950586533
408.38 0.108372950108
408.39 0.107714838737
408.4 0.106977679878
408.41 0.106163075668
408.42 0.105272797185
408.43 0.10430877811
408.44 0.103273107786
408.45 0.102168023735
408.46 0.100995903646
408.47 0.0997592568996
408.48 0.0984607156512
408.49 0.0971030255234
408.5 0.0956890359586
408.51 0.0942216902721
408.52 0.0927040154588
408.53 0.0911391118009
408.54 0.0895301423278
408.55 0.0878803221781
408.56 0.0861929079143
408.57 0.0844711868392
408.58 0.0827184663645
408.59 0.0809380634794
408.6 0.0791332943654
408.61 0.0773074642042
408.62 0.0754638572212
408.63 0.073605727007
408.64 0.0717362871557
408.65 0.0698587022585
408.66 0.0679760792841
408.67 0.0660914593808
408.68 0.0642078101266
408.69 0.0623280182536
408.7 0.0604548828688
408.71 0.0585911091918
408.72 0.0567393028237
408.73 0.05490196456
408.74 0.0530814857587
408.75 0.0512801442675
408.76 0.0495001009144
408.77 0.0477433965611
408.78 0.0460119497155
408.79 0.0443075546986
408.8 0.0426318803542
408.81 0.0409864692933
408.82 0.0393727376549
408.83 0.0377919753701
408.84 0.0362453469093
408.85 0.034733892491
408.86 0.0332585297321
408.87 0.0318200557128
408.88 0.0304191494332
408.89 0.0290563746327
408.9 0.0277321829473
408.91 0.0264469173732
408.92 0.0252008160115
408.93 0.0239940160615
408.94 0.0228265580356
408.95 0.0216983901651
408.96 0.020609372969
408.97 0.0195592839557
408.98 0.0185478224309
408.99 0.0175746143835
409.0 0.0166392174224
409.01 0.0157411257407
409.02 0.0148797750793
409.03 0.0140545476705
409.04 0.013264777136
409.05 0.0125097533209
409.06 0.0117887270433
409.07 0.0111009147414
409.08 0.010445503003
409.09 0.00982165296008
409.1 0.0092285045378
409.11 0.00866518054379
409.12 0.00813079058851
409.13 0.00762443482735
409.14 0.00714520751702
409.15 0.00669220038024
409.16 0.00626450577386
409.17 0.00586121965722
409.18 0.00548144435842
409.19 0.00512429113773
409.2 0.0047888825481
409.21 0.00447435459423
409.22 0.00417985869224
409.23 0.00390456343309
409.24 0.0036476561538
409.25 0.00340834432099
409.26 0.00318585673227
409.27 0.00297944454128
409.28 0.00278838211315
409.29 0.002611967717
409.3 0.00244952406311
409.31 0.00230039869227
409.32 0.00216396422528
409.33 0.00203961848069
409.34 0.00192678446907
409.35 0.00182491027216
409.36 0.00173346881525
409.37 0.00165195754113
409.38 0.00157989799411
409.39 0.00151683532209
409.4 0.00146233770506
409.41 0.00141599571781
409.42 0.00137742163478
409.43 0.00134624868458
409.44 0.00132213026156
409.45 0.00130473910164
409.46 0.00129376642919
409.47 0.00128892108171
409.48 0.0012899286186
409.49 0.0012965304201
409.5 0.00130848278221
409.51 0.00132555601318
409.52 0.0013475335366
409.53 0.00137421100623
409.54 0.00140539543702
409.55 0.00144090435675
409.56 0.00148056498227
409.57 0.00152421342414
409.58 0.001571693923
409.59 0.00162285812097
409.6 0.00167756437073
409.61 0.00173567708506
409.62 0.00179706612887
409.63 0.00186160625589
409.64 0.0019291765915
409.65 0.00199966016319
409.66 0.00207294347973
409.67 0.0021489161597
409.68 0.00222747061
409.69 0.00230850175445
409.7 0.00239190681234
409.71 0.00247758512656
409.72 0.0025654380406
409.73 0.0026553688233
409.74 0.00274728264024
409.75 0.00284108656996
409.76 0.0029366896633
409.77 0.00303400304359
409.78 0.00313294004526
409.79 0.00323341638831
409.8 0.00333535038543
409.81 0.00343866317885
409.82 0.00354327900321
409.83 0.00364912547108
409.84 0.00375613387708
409.85 0.0038642395167
409.86 0.00397338201559
409.87 0.00408350566501
409.88 0.00419455975909
409.89 0.00430649892935
409.9 0.0044192834719
409.91 0.00453287966283
409.92 0.0046472600572
409.93 0.00476240376706
409.94 0.00487829671412
409.95 0.00499493185271
409.96 0.00511230935886
409.97 0.00523043678145
409.98 0.00534932915166
409.99 0.00546900904722
410.0 0.00558950660815
410.01 0.00571085950103
410.02 0.00583311282932
410.03 0.00595631898738
410.04 0.00608053745652
410.05 0.00620583454165
410.06 0.0063322830476
410.07 0.00645996189474
410.08 0.00658895567398
410.09 0.00671935414166
410.1 0.00685125165546
410.11 0.00698474655304
410.12 0.00711994047538
410.13 0.00725693763769
410.14 0.00739584405103
410.15 0.00753676669822
410.16 0.00767981266849
410.17 0.00782508825529
410.18 0.00797269802251
410.19 0.00812274384472
410.2 0.00827532392712
410.21 0.00843053181167
410.22 0.00858845537595
410.23 0.00874917583145
410.24 0.00891276672849
410.25 0.00907929297489
410.26 0.00924880987574
410.27 0.00942136220156
410.28 0.00959698329233
410.29 0.00977569420457
410.3 0.00995750290868
410.31 0.0101424035435
410.32 0.0103303757349
410.33 0.0105213839847
410.34 0.0107153771359
410.35 0.0109122879205
410.36 0.0111120325941
410.37 0.0113145106627
410.38 0.0115196047057
410.39 0.0117271802981
410.4 0.0119370860353
410.41 0.0121491536628
410.42 0.0123631983112
410.43 0.0125790188388
410.44 0.0127963982803
410.45 0.0130151044019
410.46 0.0132348903606
410.47 0.0134554954662
410.48 0.0136766460416
410.49 0.0138980563793
410.5 0.0141194297886
410.51 0.0143404597281
410.52 0.0145608310186
410.53 0.0147802211295
410.54 0.0149983015311
410.55 0.0152147391064
410.56 0.0154291976133
410.57 0.0156413391901
410.58 0.0158508258934
410.59 0.0160573212618
410.6 0.0162604918943
410.61 0.0164600090351
410.62 0.0166555501538
410.63 0.0168468005137
410.64 0.0170334547165
410.65 0.0172152182153
410.66 0.0173918087863
410.67 0.017562957951
410.68 0.0177284123384
410.69 0.017887934982
410.7 0.0180413065409
410.71 0.0181883264394
410.72 0.0183288139185
410.73 0.0184626089919
410.74 0.0185895733024
410.75 0.018709590873
410.76 0.0188225687492
410.77 0.0189284375279
410.78 0.019027151772
410.79 0.019118690307
410.8 0.0192030563993
410.81 0.0192802778159
410.82 0.0193504067648
410.83 0.0194135197179
410.84 0.0194697171176
410.85 0.0195191229699
410.86 0.0195618843264
410.87 0.0195981706587
410.88 0.0196281731306
410.89 0.0196521037711
410.9 0.0196701945539
410.91 0.0196826963906
410.92 0.0196898780404
410.93 0.0196920249461
410.94 0.0196894380005
410.95 0.0196824322517
410.96 0.0196713355532
410.97 0.0196564871668
410.98 0.0196382363256
410.99 0.0196169407644
411.0 0.0195929652239
411.01 0.019566679938
411.02 0.0195384591099
411.03 0.0195086793841
411.04 0.0194777183223
411.05 0.0194459528892
411.06 0.0194137579549
411.07 0.0193815048198
411.08 0.019349559769
411.09 0.0193182826608
411.1 0.0192880255551
411.11 0.019259131387
411.12 0.0192319326904
411.13 0.0192067503746
411.14 0.0191838925604
411.15 0.019163653477
411.16 0.0191463124238
411.17 0.0191321328009
411.18 0.0191213612097
411.19 0.0191142266262
411.2 0.0191109396489
411.21 0.0191116918235
411.22 0.0191166550445
411.23 0.0191259810354
411.24 0.0191398009078
411.25 0.0191582248
411.26 0.0191813415951
411.27 0.0192092187174
411.28 0.0192419020089
411.29 0.0192794156821
411.3 0.0193217623509
411.31 0.0193689231361
411.32 0.0194208578466
411.33 0.0194775052314
411.34 0.0195387833034
411.35 0.0196045897315
411.36 0.0196748022993
411.37 0.0197492794267
411.38 0.0198278607547
411.39 0.0199103677863
411.4 0.0199966045851
411.41 0.0200863585254
411.42 0.0201794010914
411.43 0.0202754887228
411.44 0.0203743637024
411.45 0.0204757550833
411.46 0.0205793796499
411.47 0.0206849429118
411.48 0.0207921401237
411.49 0.02090065733
411.5 0.0210101724282
411.51 0.0211203562481
411.52 0.0212308736425
411.53 0.0213413845851
411.54 0.0214515452718
411.55 0.0215610092213
411.56 0.0216694283712
411.57 0.0217764541651
411.58 0.0218817386272
411.59 0.0219849354214
411.6 0.0220857008894
411.61 0.022183695066
411.62 0.0222785826679
411.63 0.0223700340518
411.64 0.0224577261398
411.65 0.0225413433091
411.66 0.0226205782433
411.67 0.022695132742
411.68 0.0227647184886
411.69 0.0228290577722
411.7 0.0228878841628
411.71 0.0229409431396
411.72 0.022987992668
411.73 0.0230288037288
411.74 0.0230631607943
411.75 0.0230908622551
411.76 0.0231117207941
411.77 0.0231255637105
411.78 0.0231322331917
411.79 0.023131586536
411.8 0.0231234963253
411.81 0.023107850549
411.82 0.0230845526816
411.83 0.0230535217134
411.84 0.0230146921374
411.85 0.0229680138937
411.86 0.0229134522723
411.87 0.0228509877779
411.88 0.0227806159573
411.89 0.0227023471917
411.9 0.0226162064568
411.91 0.022522233052
411.92 0.022420480301
411.93 0.0223110152265
411.94 0.0221939182005
411.95 0.0220692825724
411.96 0.0219372142774
411.97 0.0217978314264
411.98 0.0216512638801
411.99 0.0214976528085
412.0 0.021337150238
412.01 0.021169918587
412.02 0.0209961301923
412.03 0.0208159668277
412.04 0.0206296192154
412.05 0.0204372865314
412.06 0.0202391759076
412.07 0.0200355019292
412.08 0.0198264861301
412.09 0.0196123564869
412.1 0.0193933469106
412.11 0.0191696967398
412.12 0.0189416502324
412.13 0.0187094560596
412.14 0.0184733668001
412.15 0.0182336384374
412.16 0.0179905298586
412.17 0.0177443023565
412.18 0.0174952191347
412.19 0.0172435448176
412.2 0.0169895449633
412.21 0.0167334855829
412.22 0.0164756326646
412.23 0.0162162517042
412.24 0.0159556072428
412.25 0.0156939624114
412.26 0.015431578485
412.27 0.0151687144448
412.28 0.0149056265519
412.29 0.0146425679307
412.3 0.0143797881653
412.31 0.0141175329087
412.32 0.013856043506
412.33 0.0135955566326
412.34 0.013336303949
412.35 0.0130785117724
412.36 0.0128224007667
412.37 0.0125681856518
412.38 0.0123160749328
412.39 0.0120662706509
412.4 0.0118189681553
412.41 0.0115743558984
412.42 0.011332615254
412.43 0.0110939203597
412.44 0.0108584379829
412.45 0.0106263274115
412.46 0.0103977403697
412.47 0.0101728209576
412.48 0.00995170561599
412.49 0.00973452311483
412.5 0.00952139456535
412.51 0.0093124334552
412.52 0.00910774570566
412.53 0.00890742974997
412.54 0.00871157663149
412.55 0.00852027012065
412.56 0.00833358684892
412.57 0.00815159645844
412.58 0.00797436176544
412.59 0.00780193893574
412.6 0.00763437767026
412.61 0.00747172139874
412.62 0.00731400747939
412.63 0.00716126740259
412.64 0.00701352699629
412.65 0.00687080663123
412.66 0.0067331214237
412.67 0.0066004814339
412.68 0.00647289185788
412.69 0.00635035321115
412.7 0.00623286150221
412.71 0.0061204083943
412.72 0.00601298135392
412.73 0.00591056378467
412.74 0.00581313514539
412.75 0.0057206710515
412.76 0.0056331433588
412.77 0.00555052022931
412.78 0.00547276617866
412.79 0.00539984210506
412.8 0.00533170530003
412.81 0.00526830944116
412.82 0.0052096045677
412.83 0.00515553703973
412.84 0.00510604948209
412.85 0.00506108071431
412.86 0.00502056566814
412.87 0.00498443529444
412.88 0.00495261646116
412.89 0.00492503184476
412.9 0.00490159981697
412.91 0.00488223432949
412.92 0.00486684479893
412.93 0.00485533599449
412.94 0.00484760793105
412.95 0.00484355577008
412.96 0.00484306973115
412.97 0.00484603501645
412.98 0.00485233175087
412.99 0.00486183494003
413.0 0.00487441444864
413.01 0.00488993500126
413.02 0.00490825620756
413.03 0.00492923261386
413.04 0.00495271378267
413.05 0.00497854440152
413.06 0.00500656442238
413.07 0.00503660923255
413.08 0.00506850985765
413.09 0.00510209319714
413.1 0.00513718229248
413.11 0.00517359662761
413.12 0.00521115246157
413.13 0.00524966319206
413.14 0.00528893974929
413.15 0.00532879101849
413.16 0.00536902428962
413.17 0.00540944573234
413.18 0.00544986089402
413.19 0.00549007521869
413.2 0.00552989458395
413.21 0.00556912585348
413.22 0.00560757744182
413.23 0.00564505988862
413.24 0.0056813864389
413.25 0.00571637362612
413.26 0.00574984185465
413.27 0.00578161597807
413.28 0.00581152587003
413.29 0.00583940698404
413.3 0.00586510089885
413.31 0.00588845584615
413.32 0.00590932721708
413.33 0.00592757804484
413.34 0.00594307945992
413.35 0.00595571111557
413.36 0.0059653615806
413.37 0.00597192869721
413.38 0.00597531990163
413.39 0.00597545250572
413.4 0.0059722539377
413.41 0.00596566194068
413.42 0.00595562472797
413.43 0.00594210109412
413.44 0.0059250604813
413.45 0.00590448300077
413.46 0.00588035940936
413.47 0.0058526910414
413.48 0.00582148969674
413.49 0.00578677748564
413.5 0.00574858663176
413.51 0.0057069592347
413.52 0.00566194699366
413.53 0.00561361089417
413.54 0.00556202085994
413.55 0.00550725537214
413.56 0.00544940105851
413.57 0.00538855225494
413.58 0.00532481054223
413.59 0.00525828426083
413.6 0.00518908800644
413.61 0.00511734210957
413.62 0.00504317210189
413.63 0.00496670817249
413.64 0.00488808461699
413.65 0.00480743928259
413.66 0.00472491301178
413.67 0.00464064908788
413.68 0.00455479268479
413.69 0.00446749032395
413.7 0.00437888934091
413.71 0.0042891373639
413.72 0.0041983818067
413.73 0.00410676937792
413.74 0.00401444560862
413.75 0.00392155440002
413.76 0.00382823759288
413.77 0.00373463455994
413.78 0.00364088182266
413.79 0.00354711269323
413.8 0.00345345694266
413.81 0.00336004049571
413.82 0.0032669851529
413.83 0.00317440834011
413.84 0.00308242288568
413.85 0.00299113682508
413.86 0.00290065323283
413.87 0.00281107008135
413.88 0.0027224801262
413.89 0.00263497081713
413.9 0.00254862423401
413.91 0.00246351704705
413.92 0.00237972049998
413.93 0.00229730041556
413.94 0.00221631722187
413.95 0.0021368259985
413.96 0.00205887654132
413.97 0.00198251344447
413.98 0.00190777619835
413.99 0.00183469930232
414.0 0.00176331239067
414.01 0.00169364037066
414.02 0.00162570357117
414.03 0.00155951790086
414.04 0.00149509501432
414.05 0.00143244248524
414.06 0.00137156398513
414.07 0.00131245946671
414.08 0.00125512535063
414.09 0.0011995547146
414.1 0.00114573748388
414.11 0.00109366062224
414.12 0.00104330832249
414.13 0.000994662195686
414.14 0.000947701458456
414.15 0.000902403117538
414.16 0.000858742151057
414.17 0.000816691685917
414.18 0.000776223170815
414.19 0.000737306544437
414.2 0.000699910398454
414.21 0.000664002134987
414.22 0.000629548118263
414.23 0.000596513820233
414.24 0.00056486395999
414.25 0.000534562636827
414.26 0.000505573456873
414.27 0.000477859653231
414.28 0.000451384199609
414.29 0.00042610991747
414.3 0.000401999576728
414.31 0.000379015990077
414.32 0.000357122101042
414.33 0.000336281065877
414.34 0.000316456329438
414.35 0.00029761169519
414.36 0.000279711389515
414.37 0.000262720120497
414.38 0.000246603131374
414.39 0.000231326248847
414.4 0.000216855926463
414.41 0.00020315928326
414.42 0.000190204137891
414.43 0.000177959038444
414.44 0.000166393288157
414.45 0.000155476967245
414.46 0.000145180951049
414.47 0.000135476924701
414.48 0.000126337394527
414.49 0.000117735696374
414.5 0.000109646001046
414.51 0.000102043317071
414.52 9.49034909421e-05
414.53 8.82032050459e-05
414.54 8.19199734327e-05
414.55 7.60321356013e-05
414.56 7.05188484604e-05
414.57 6.53600766218e-05
414.58 6.0536581173e-05
414.59 5.60299070745e-05
414.6 5.18223693184e-05
414.61 4.78970379773e-05
414.62 4.42377222724e-05
414.63 4.08289537754e-05
414.64 3.76559688608e-05
414.65 3.47046905142e-05
414.66 3.19617095992e-05
414.67 2.94142656782e-05
414.68 2.70502274784e-05
414.69 2.48580730889e-05
414.7 2.28268699672e-05
414.71 2.09462548325e-05
414.72 1.92064135137e-05
414.73 1.75980608196e-05
414.74 1.61124204892e-05
414.75 1.47412052808e-05
414.76 1.34765972492e-05
414.77 1.23112282597e-05
414.78 1.12381607809e-05
414.79 1.02508689964e-05
414.8 9.34322026935e-06
414.81 8.50945699208e-06
414.82 7.74417884851e-06
414.83 7.04232551324e-06
414.84 6.39915980876e-06
414.85 5.81025133855e-06
414.86 5.27146061092e-06
414.87 4.77892366567e-06
414.88 4.32903721293e-06
414.89 3.91844429092e-06
414.9 3.54402044715e-06
414.91 3.20286044512e-06
414.92 2.89226549674e-06
414.93 2.6097310186e-06
414.94 2.35293490841e-06
414.95 2.11972633648e-06
414.96 1.90811504541e-06
414.97 1.71626114991e-06
414.98 1.54246542749e-06
414.99 1.38516008956e-06
415.0 1.24290002157e-06
415.01 1.1143544801e-06
415.02 9.98299233934e-07
415.03 8.93609135581e-07
415.04 7.99251109326e-07
415.05 7.14277541364e-07
415.06 6.37820057351e-07
415.07 5.69083672473e-07
415.08 5.07341299008e-07
415.09 4.51928596329e-07
415.1 4.02239148285e-07
415.11 3.57719953038e-07
415.12 3.17867210531e-07
415.13 2.82222393009e-07
415.14 2.50368584233e-07
415.15 2.21927073362e-07
415.16 1.96554189754e-07
415.17 1.73938365364e-07
415.18 1.53797411765e-07
415.19 1.35875999236e-07
415.2 1.19943325835e-07
415.21 1.05790964756e-07
415.22 9.32308788035e-08
415.23 8.20935912112e-08
415.24 7.22265025615e-08
415.25 6.34923439983e-08
415.26 5.57677574079e-08
415.27 4.89419937083e-08
415.28 4.29157208467e-08
415.29 3.75999335543e-08
415.3 3.29149573552e-08
415.31 2.87895397512e-08
415.32 2.51600219284e-08
415.33 2.19695847343e-08
415.34 1.91675630662e-08
415.35 1.67088231883e-08
415.36 1.45531978573e-08
415.37 1.26649744793e-08
415.38 1.10124318547e-08
415.39 9.56742137719e-09
415.4 8.30498885493e-09
415.41 7.20303340189e-09
415.42 6.24200011462e-09
415.43 5.40460350158e-09
415.44 4.67557886839e-09
415.45 4.04145908423e-09
415.46 3.49037436304e-09
415.47 3.01187288733e-09
415.48 2.59676028387e-09
415.49 2.23695612966e-09
415.5 1.92536582341e-09
415.51 1.65576630354e-09
415.52 1.42270422863e-09
415.53 1.22140536092e-09
415.54 1.04769400853e-09
415.55 8.97921488112e-10
415.56 7.6890266705e-10
415.57 6.57859733931e-10
415.58 5.62372427882e-10
415.59 4.80334032535e-10
415.6 4.09912508899e-10
415.61 3.49516203963e-10
415.62 2.97763628812e-10
415.63 2.53456851835e-10
415.64 2.15558099608e-10
415.65 1.83169200677e-10
415.66 1.55513546039e-10
415.67 1.31920274999e-10
415.68 1.11810426552e-10
415.69 9.46848248108e-11
415.7 8.01134925127e-11
415.71 6.77264096003e-11
415.72 5.72054544363e-11
415.73 4.82773836729e-11
415.74 4.07077233003e-11
415.75 3.42954581525e-11
415.76 2.88684203162e-11
415.77 2.42792886211e-11
415.78 2.04021218383e-11
415.79 1.71293574912e-11
415.8 1.43692164317e-11
415.81 1.20434606326e-11
415.82 1.00854581234e-11
415.83 8.43851470894e-12
415.84 7.05443716751e-12
415.85 5.89229707535e-12
415.86 4.91736833085e-12
415.87 4.10021490279e-12
415.88 3.41590836011e-12
415.89 2.84335740232e-12
415.9 2.3647339423e-12
415.91 1.96498233517e-12
415.92 1.63140013216e-12
415.93 1.35328029727e-12
415.94 1.12160618398e-12
415.95 9.28791753985e-13
415.96 7.68460549701e-13
415.97 6.35257828436e-13
415.98 5.24691042788e-13
415.99 4.32994525923e-13
416.0 3.5701482373e-13
416.01 2.94113620483e-13
416.02 2.42085640569e-13
416.03 1.99089284994e-13
416.04 1.63588085568e-13
416.05 1.34301338744e-13
416.06 1.10162521077e-13
416.07 9.02842943716e-14
416.08 7.39290854125e-14
416.09 6.04843766916e-14
416.1 4.94419742505e-14
416.11 4.03806296343e-14
416.12 3.29514876541e-14
416.13 2.68659124393e-14
416.14 2.18853130905e-14
416.15 1.78126488338e-14
416.16 1.44853433837e-14
416.17 1.17693805247e-14
416.18 9.55438880365e-15
416.19 7.74955363032e-15
416.2 6.28022082235e-15
416.21 5.08507738907e-15
416.22 4.11381372759e-15
416.23 3.32518690908e-15
416.24 2.68541779925e-15
416.25 2.16686575622e-15
416.26 1.74693389853e-15
416.27 1.40716570486e-15
416.28 1.13250022669e-15
416.29 9.10658658684e-16
416.3 7.31639587068e-16
416.31 5.87304062635e-16
416.32 4.71034841841e-16
416.33 3.77456807877e-16
416.34 3.02207807974e-16
416.35 2.417509959e-16
416.36 1.93221309837e-16
416.37 1.54299996789e-16
416.38 1.2311215802e-16
416.39 9.81431719502e-17
416.4 7.8170581495e-17
416.41 6.22086374932e-17
416.42 4.94631896872e-17
416.43 3.9295029535e-17
416.44 3.11901296755e-17
416.45 2.47355055332e-17
416.46 1.95996556023e-17
416.47 1.55167269802e-17
416.48 1.2273708839e-17
416.49 9.70008465304e-18
416.5 7.65947905562e-18
416.51 6.04292123284e-18
416.52 4.76341716385e-18
416.53 3.7515805533e-18
416.54 2.95211928383e-18
416.55 2.3210125379e-18
416.56 1.82324496457e-18
416.57 1.43098968519e-18
416.58 1.12215260211e-18
416.59 8.79207266068e-19
416.6 6.88263184831e-19
416.61 5.38321503143e-19
416.62 4.20680931471e-19
416.63 3.28464040091e-19
416.64 2.56239886107e-19
416.65 1.99723665438e-19
416.66 1.55537892677e-19
416.67 1.21022682614e-19
416.68 9.40851793338e-20
416.69 7.30801669071e-20
416.7 5.67154929324e-20
416.71 4.397721813e-20
416.72 3.40704330741e-20
416.73 2.63725064627e-20
416.74 2.03961881566e-20
416.75 1.57605168878e-20
416.76 1.2167903148e-20
416.77 9.38609333438e-21
416.78 7.23398869281e-21
416.79 5.57050555811e-21
416.8 4.28583279573e-21
416.81 3.29457696675e-21
416.82 2.53039261058e-21
416.83 1.94177980048e-21
416.84 1.48879828448e-21
416.85 1.14050068301e-21
416.86 8.72929250041e-22
416.87 6.6755391284e-22
416.88 5.10055513327e-22
416.89 3.89378838044e-22
416.9 2.96996299821e-22
416.91 2.26335942081e-22
416.92 1.7233750543e-22
416.93 1.31108203721e-22
416.94 9.96560611537e-23
416.95 7.56835251199e-23
416.96 5.74278777776e-23
416.97 4.35379485629e-23
416.98 3.2978958303e-23
416.99 2.4959143638e-23
417.0 1.88732286054e-23
417.01 1.42589153839e-23
417.02 1.07634265812e-23
417.03 8.11780064077e-24
417.04 6.11716192277e-24
417.05 4.60559066282e-24
417.06 3.46453105314e-24
417.07 2.60391822981e-24
417.08 1.95539268274e-24
417.09 1.46711577807e-24
417.1 1.09981223519e-24
417.11 8.23751961177e-25
417.12 6.1645038858e-25
417.13 4.6091787702e-25
417.14 3.44328306733e-25
417.15 2.5700741387e-25
417.16 1.91664784738e-25
417.17 1.42811357775e-25
417.18 1.06318029301e-25
417.19 7.90814882756e-26
417.2 5.87714620941e-26
417.21 4.36397144685e-26
417.22 3.23758402804e-26
417.23 2.39984912814e-26
417.24 1.77734023251e-26
417.25 1.31516712545e-26
417.26 9.72333070021e-27
417.27 7.18245490406e-27
417.28 5.30095963238e-27
417.29 3.90894737214e-27
417.3 2.87997611667e-27
417.31 2.12002842936e-27
417.32 1.55925885276e-27
417.33 1.14582550883e-27
417.34 8.41283726521e-28
417.35 6.17149274696e-28
417.36 4.52336559162e-28
417.37 3.31250764396e-28
417.38 2.42368301512e-28
417.39 1.77181543344e-28
417.4 1.29415075887e-28
417.41 9.44441347034e-29
417.42 6.88634602979e-29
417.43 5.01679575042e-29
417.44 3.65163807054e-29
417.45 2.65566176065e-29
417.46 1.92966322923e-29
417.47 1.4009221726e-29
417.48 1.01617901718e-29
417.49 7.36461694625e-30
417.5 5.33278197367e-30
417.51 3.85816874673e-30
417.52 2.78889609226e-30
417.53 2.01422124865e-30
417.54 1.45346887638e-30
417.55 1.04791974503e-30
417.56 7.54873246314e-31
417.57 5.43305081335e-31
417.58 3.9069443267e-31
417.59 2.80707748462e-31
417.6 2.01509395829e-31
417.61 1.44530638999e-31
417.62 1.03573407889e-31
417.63 7.41583965019e-32
417.64 5.30513104492e-32
417.65 3.79188905672e-32
417.66 2.70793882383e-32
417.67 1.93217205019e-32
417.68 1.37745196285e-32
417.69 9.81139699261e-33
417.7 6.98246800895e-33
417.71 4.96490313493e-33
417.72 3.52725066636e-33
417.73 2.50371901348e-33
417.74 1.77565492131e-33
417.75 1.258216192e-33
417.76 8.90790729421e-34
417.77 6.30115010723e-34
417.78 4.45335873424e-34
417.79 3.14470023644e-34
417.8 2.2186793628e-34
417.81 1.56398848689e-34
417.82 1.10152986674e-34
417.83 7.75144588752e-35
417.84 5.44995453391e-35
417.85 3.82848328878e-35
417.86 2.68710321844e-35
417.87 1.88436773365e-35
417.88 1.32029410959e-35
417.89 9.24271216913e-36
417.9 6.46475228054e-36
417.91 4.51781105242e-36
417.92 3.15448128493e-36
417.93 2.20065297229e-36
417.94 1.53390649429e-36
417.95 1.06824267964e-36
417.96 7.43300937063e-37
417.97 5.16753171577e-37
417.98 3.58942874785e-37
417.99 2.4911004383e-37
418.0 1.72735203047e-37
418.01 1.19672451243e-37
418.02 8.28383106913e-38
418.03 5.72917378359e-38
418.04 3.95891769602e-38
418.05 2.73328340848e-38
418.06 1.88545673838e-38
418.07 1.29948776145e-38
418.08 8.94852653117e-39
418.09 6.1567934087e-39
418.1 4.23234777404e-39
418.11 2.90691161233e-39
418.12 1.99483059931e-39
418.13 1.36774120354e-39
418.14 9.36969714868e-40
418.15 6.41314251809e-40
418.16 4.38571032358e-40
418.17 2.99662714414e-40
418.18 2.04573412305e-40
418.19 1.3953700064e-40
418.2 9.50940385465e-41
418.21 6.47501701679e-41
418.22 4.40506428193e-41
418.23 2.99424477565e-41
418.24 2.03350883895e-41
418.25 1.37983940204e-41
418.26 9.35480488796e-42
418.27 6.33672177768e-42
418.28 4.28862683083e-42
418.29 2.89998392843e-42
418.3 1.95928059618e-42
418.31 1.3225783141e-42
418.32 8.92010303733e-43
418.33 6.01093536552e-43
418.34 4.04704430377e-43
418.35 2.72243533443e-43
418.36 1.82978852779e-43
418.37 1.22876247874e-43
418.38 8.24439318698e-44
418.39 5.52679254973e-44
418.4 3.70178630656e-44
418.41 2.47726940482e-44
418.42 1.65637568543e-44
418.43 1.10654267519e-44
418.44 7.38586222191e-45
418.45 4.92558649008e-45
418.46 3.28199874069e-45
418.47 2.18495543774e-45
418.48 1.45335085674e-45
418.49 9.65877548503e-46
418.5 6.4135337499e-46
418.51 4.25496910337e-46
418.52 2.82045484022e-46
418.53 1.8679515305e-46
418.54 1.23604923068e-46
418.55 8.17202426179e-47
418.56 5.39817847395e-47
418.57 3.56277621063e-47
418.58 2.3493815914e-47
418.59 1.54789783291e-47
418.6 1.01895436927e-47
418.61 6.70179119444e-48
418.62 4.40403500355e-48
418.63 2.89157422336e-48
418.64 1.8968877856e-48
418.65 1.24329059493e-48
418.66 8.14193010061e-49
418.67 5.32728343392e-49
418.68 3.48263492272e-49
418.69 2.27475071654e-49
418.7 1.48451087417e-49
418.71 9.67958345842e-50
418.72 6.30599565349e-50
418.73 4.10463343311e-50
418.74 2.66943163079e-50
418.75 1.73455046219e-50
418.76 1.12610474543e-50
418.77 7.30456488145e-51
418.78 4.73405856326e-51
418.79 3.06546677952e-51
418.8 1.98327672283e-51
418.81 1.28201683478e-51
418.82 8.27995267112e-52
418.83 5.34300638595e-52
418.84 3.44482563952e-52
418.85 2.21907770084e-52
418.86 1.42824096822e-52
418.87 9.18447161325e-53
418.88 5.90106745024e-53
418.89 3.78818075976e-53
418.9 2.42971045181e-53
418.91 1.55704822042e-53
418.92 9.96949857895e-54
418.93 6.37776160655e-54
418.94 4.07649543606e-54
418.95 2.60333077137e-54
418.96 1.6610987666e-54
418.97 1.05897393904e-54
418.98 6.74526166591e-55
418.99 4.29275441634e-55
419.0 2.72958735946e-55
419.01 1.73413005621e-55
419.02 1.10075342504e-55
419.03 6.9810723347e-56
419.04 4.42362132659e-56
419.05 2.80064111978e-56
419.06 1.77157968443e-56
419.07 1.11966379282e-56
419.08 7.07030729889e-57
419.09 4.4607990373e-57
419.1 2.81197036401e-57
419.11 1.77105697521e-57
419.12 1.11449478038e-57
419.13 7.00724427726e-58
419.14 4.40190016829e-58
419.15 2.76284698346e-58
419.16 1.73259552866e-58
419.17 1.08557856219e-58
419.18 6.79593224064e-59
419.19 4.25070077624e-59
419.2 2.65641388234e-59
419.21 1.65864964701e-59
419.22 1.03475442586e-59
419.23 6.44976122829e-60
419.24 4.01673975285e-60
419.25 2.49935222575e-60
419.26 1.55383516756e-60
419.27 9.6517517141e-61
419.28 5.99005829386e-61
419.29 3.71432301123e-61
419.3 2.30118747463e-61
419.31 1.42445274562e-61
419.32 8.80983560494e-62
419.33 5.44391423598e-62
419.34 3.3610769654e-62
419.35 2.07333439763e-62
419.36 1.27786201536e-62
419.37 7.86904957502e-63
419.38 4.84154880882e-63
419.39 2.97625446575e-63
419.4 1.82801400307e-63
419.41 1.12179290509e-63
419.42 6.87811720747e-64
419.43 4.21356956113e-64
419.44 2.57901861228e-64
419.45 1.57718448888e-64
419.46 9.6368307301e-65
419.47 5.88314668335e-65
419.48 3.58846599584e-65
419.49 2.18691400744e-65
419.5 1.33161380812e-65
419.51 8.10118567429e-66
419.52 4.92427835945e-66
419.53 2.99061368261e-66
419.54 1.81468709051e-66
419.55 1.10018798053e-66
419.56 6.66431865663e-67
419.57 4.03337243769e-67
419.58 2.43895961995e-67
419.59 1.473549083e-67
419.6 8.89504839868e-68
419.61 5.36482718706e-68
419.62 3.23285980045e-68
419.63 1.94644312199e-68
419.64 1.1709012687e-68
419.65 7.03756709172e-69
419.66 4.22618527295e-69
419.67 2.53570209203e-69
419.68 1.52009817682e-69
419.69 9.1047653979e-70
419.7 5.44865856437e-70
419.71 3.25787292788e-70
419.72 1.94626691518e-70
419.73 1.16170102323e-70
419.74 6.9280347314e-71
419.75 4.12809281266e-71
419.76 2.45760771903e-71
419.77 1.46183846204e-71
419.78 8.68780208352e-72
419.79 5.1587462435e-72
419.8 3.06056864799e-72
419.81 1.81419429563e-72
419.82 1.07445735113e-72
419.83 6.35796713325e-73
419.84 3.75898928775e-73
419.85 2.22048380554e-73
419.86 1.31053264835e-73
419.87 7.7280832488e-74
419.88 4.55322856071e-74
419.89 2.68034577593e-74
419.9 1.5764707169e-74
419.91 9.26413137643e-75
419.92 5.43935263151e-75
419.93 3.19090178598e-75
419.94 1.87026596976e-75
419.95 1.09525947516e-75
419.96 6.40847034097e-76
419.97 3.74641126749e-76
419.98 2.18826662022e-76
419.99 1.27705244515e-76
420.0 7.44630708867e-77
420.01 4.33807309073e-77
420.02 2.52508789435e-77
420.03 1.46851993752e-77
420.04 8.53310141049e-78
420.05 4.95401913041e-78
420.06 2.87363870266e-78
420.07 1.66544525507e-78
420.08 9.64389051827e-79
420.09 5.57953355596e-79
420.1 3.22527855337e-79
420.11 1.86277446574e-79
420.12 1.07492220931e-79
420.13 6.19751388604e-80
420.14 3.57011078864e-80
420.15 2.05480016027e-80
420.16 1.18162916281e-80
420.17 6.78916749707e-81
420.18 3.89740518306e-81
420.19 2.23541574681e-81
420.2 1.2810461214e-81
420.21 7.3349125172e-82
420.22 4.19612892637e-82
420.23 2.3984265386e-82
420.24 1.36970717596e-82
420.25 7.81542776855e-83
420.26 4.45555171359e-83
420.27 2.53789667222e-83
420.28 1.44434218656e-83
420.29 8.21277583325e-84
420.3 4.66587988114e-84
420.31 2.64850533264e-84
420.32 1.50207584355e-84
420.33 8.51150942662e-85
420.34 4.81886788337e-85
420.35 2.72588272449e-85
420.36 1.54061111716e-85
420.37 8.69966641515e-86
420.38 4.9083540898e-86
420.39 2.7668963024e-86
420.4 1.55838081552e-86
420.41 8.7695642822e-87
420.42 4.93067243032e-87
420.43 2.76986114935e-87
420.44 1.55465332146e-87
420.45 8.71832052852e-88
420.46 4.88490156835e-88
420.47 2.7346548149e-88
420.48 1.52958256643e-88
420.49 8.54804988192e-89
420.5 4.77292800045e-89
420.51 2.6627257053e-89
420.52 1.48419748442e-89
420.53 8.2657195133e-90
420.54 4.59931706e-90
420.55 2.5569942245e-90
420.56 1.42033195296e-90
420.57 7.88267607293e-91
420.58 4.3710041172e-91
420.59 2.42165606929e-91
420.6 1.34050186876e-91
420.61 7.41388929167e-92
420.62 4.09683508377e-92
420.63 2.26190614186e-92
420.64 1.24774083985e-92
420.65 6.8769824038e-93
420.66 3.78699863429e-93
420.67 2.0836083846e-93
420.68 1.14540943666e-93
420.69 6.29113681081e-94
420.7 3.45240085214e-94
420.71 1.89294071738e-94
420.72 1.03699466834e-94
420.73 5.675965492e-95
420.74 3.1040355168e-95
420.75 1.69604483953e-95
420.76 9.25916216245e-96
420.77 5.05044636406e-96
420.78 2.75239999708e-96
420.79 1.49870807296e-96
420.8 8.15354095845e-97
420.81 4.43199416724e-97
420.82 2.406998478e-97
420.83 1.30609920065e-97
420.84 7.08109179201e-98
420.85 3.83572971681e-98
420.86 2.07596239731e-98
420.87 1.12257322831e-98
420.88 6.06503890803e-99
420.89 3.27398144916e-99
420.9 1.76580421786e-99
420.91 9.51552156657e-100
420.92 5.12325955227e-100
420.93 2.7560293075e-100
420.94 1.48130680209e-100
420.95 7.95481190785e-101
420.96 4.26813871655e-101
420.97 2.28807812374e-101
420.98 1.22553828944e-101
420.99 6.55853185919e-102
421.0 3.50679269457e-102
421.01 1.87342911905e-102
421.02 9.99972719075e-103
421.03 5.33289152635e-103
421.04 2.8415876765e-103
421.05 1.51280546169e-103
421.06 8.04690398549e-104
421.07 4.2765964151e-104
421.08 2.27086558292e-104
421.09 1.20478153128e-104
421.1 6.38629369362e-105
421.11 3.38230825232e-105
421.12 1.78978636786e-105
421.13 9.46265309771e-106
421.14 4.99859965376e-106
421.15 2.63819870587e-106
421.16 1.39120254562e-106
421.17 7.3298812179e-107
421.18 3.85857745608e-107
421.19 2.02946338733e-107
421.2 1.06649526478e-107
421.21 5.59964319225e-108
421.22 2.93755150859e-108
421.23 1.53969372118e-108
421.24 8.06319010963e-109
421.25 4.21893828702e-109
421.26 2.2055817446e-109
421.27 1.15203813854e-109
421.28 6.01221174313e-110
421.29 3.13491226372e-110
421.3 1.63320321658e-110
421.31 8.50117144693e-111
421.32 4.42120890075e-111
421.33 2.29734917589e-111
421.34 1.19271503748e-111
421.35 6.18685721395e-112
421.36 3.20647016924e-112
421.37 1.66038204061e-112
421.38 8.59038370965e-113
421.39 4.44059137827e-113
421.4 2.29346846089e-113
421.41 1.1835004995e-113
421.42 6.10193857354e-114
421.43 3.14333689251e-114
421.44 1.61784809035e-114
421.45 8.31971144891e-115
421.46 4.2746690805e-115
421.47 2.19442351403e-115
421.48 1.12554304608e-115
421.49 5.76802962806e-116
421.5 2.95336122314e-116
421.51 1.51087789339e-116
421.52 7.72264155689e-117
421.53 3.94390187543e-117
421.54 2.01238020663e-117
421.55 1.02592989588e-117
421.56 5.22575501958e-118
421.57 2.65952526151e-118
421.58 1.3523306952e-118
421.59 6.87045349368e-119
421.6 3.48747911234e-119
421.61 1.76872998584e-119
421.62 8.96262394408e-120
421.63 4.53766596915e-120
421.64 2.29537466589e-120
421.65 1.16010782859e-120
421.66 5.85823573224e-121
421.67 2.955691087e-121
421.68 1.48996117885e-121
421.69 7.50437583766e-122
421.7 3.77639933479e-122
421.71 1.89873764511e-122
421.72 9.53840419582e-123
421.73 4.78751552716e-123
421.74 2.40086854388e-123
421.75 1.20295748866e-123
421.76 6.02220993647e-124
421.77 3.01220978278e-124
421.78 1.50535264747e-124
421.79 7.51648853312e-125
421.8 3.74986351031e-125
421.81 1.86913054144e-125
421.82 9.3086675452e-126
421.83 4.63189940137e-126
421.84 2.30279050252e-126
421.85 1.14386152742e-126
421.86 5.67696464183e-127
421.87 2.81502747447e-127
421.88 1.39467430279e-127
421.89 6.90377569468e-128
421.9 3.41447752734e-128
421.91 1.68727377864e-128
421.92 8.33049040429e-129
421.93 4.10940828425e-129
421.94 2.02540430266e-129
421.95 9.97396584954e-130
421.96 4.90735795907e-130
421.97 2.41241106444e-130
421.98 1.18489153773e-130
421.99 5.81473057455e-131
422.0 2.85104654627e-131
422.01 1.39669870781e-131
422.02 6.83635910437e-132
422.03 3.34326434114e-132
422.04 1.63357950996e-132
422.05 7.9750525072e-133
422.06 3.89000838364e-133
422.07 1.89579439977e-133
422.08 9.23114658232e-134
422.09 4.4910074029e-134
422.1 2.18300940701e-134
422.11 1.06020819273e-134
422.12 5.1445858293e-135
422.13 2.49421215238e-135
422.14 1.20820346561e-135
422.15 5.84750330409e-136
422.16 2.82764306363e-136
422.17 1.36616265964e-136
422.18 6.59483519758e-137
422.19 3.18074751049e-137
422.2 1.53277411375e-137
422.21 7.37990601491e-138
422.22 3.55015420296e-138
422.23 1.70634685401e-138
422.24 8.19428618112e-139
422.25 3.93168441684e-139
422.26 1.88482002619e-139
422.27 9.02786043048e-140
422.28 4.32039542627e-140
422.29 2.06578857632e-140
422.3 9.86897293172e-141
422.31 4.71065996994e-141
422.32 2.24654575382e-141
422.33 1.07046504856e-141
422.34 5.09628172721e-142
422.35 2.42414211701e-142
422.36 1.15209008331e-142
422.37 5.47064473235e-143
422.38 2.59545975225e-143
422.39 1.23030785712e-143
422.4 5.82689254093e-144
422.41 2.75729944136e-144
422.42 1.30363066954e-144
422.43 6.15813092713e-145
422.44 2.90647759542e-145
422.45 1.37059377016e-145
422.46 6.45764608957e-146
422.47 3.03992898866e-146
422.48 1.42980348158e-146
422.49 6.719128923e-147
422.5 3.15481073988e-147
422.51 1.47998515617e-147
422.52 6.93689500239e-148
422.53 3.2486026555e-148
422.54 1.52002867693e-148
422.55 7.1060896204e-149
422.56 3.31919900695e-149
422.57 1.5490292405e-149
422.58 7.22286757219e-150
422.59 3.3649870821e-150
422.6 1.5663213325e-150
422.61 7.28453839735e-151
422.62 3.38490842136e-151
422.63 1.57150411429e-151
422.64 7.28966941972e-152
422.65 3.37849949157e-152
422.66 1.56445686895e-152
422.67 7.23814107494e-153
422.68 3.34590961556e-153
422.69 1.54534367539e-153
422.7 7.13115154192e-154
422.71 3.28789518857e-154
422.72 1.51460705778e-154
422.73 6.97117042784e-155
422.74 3.20579049466e-155
422.75 1.47295095366e-155
422.76 6.76184400663e-156
422.77 3.10145669524e-156
422.78 1.42131391599e-156
422.79 6.50785708812e-157
422.8 2.97721171286e-157
422.81 1.3608339736e-157
422.82 6.21475882386e-158
422.83 2.83574469805e-158
422.84 1.2928069864e-158
422.85 5.88876148848e-159
422.86 2.68001948248e-159
422.87 1.21864062076e-159
422.88 5.53652240764e-160
422.89 2.51317184744e-160
422.9 1.13980622038e-160
422.91 5.16491967715e-161
422.92 2.33840555262e-161
422.93 1.0577908543e-161
422.94 4.78083212924e-162
422.95 2.15889188384e-162
422.96 9.74051692552e-163
422.97 4.39093319363e-163
422.98 1.97767701561e-163
422.99 8.8997460706e-164
423.0 4.00150696495e-164
423.01 1.79760079456e-164
423.02 8.0683854605e-165
423.03 3.61829304448e-165
423.04 1.62122969214e-165
423.05 7.25786813288e-166
423.06 3.24636472037e-166
423.07 1.45080572042e-166
423.08 6.47805932754e-167
423.09 2.89004293873e-167
423.1 1.28821212368e-167
423.11 5.73712326955e-168
423.12 2.55284644844e-168
423.13 1.13495571857e-168
423.14 5.04146613459e-169
423.15 2.23747660743e-169
423.16 9.92164914748e-170
423.17 4.39574954295e-170
423.18 1.94583372571e-170
423.19 8.60601751739e-171
423.2 3.80296595535e-171
423.21 1.67906056554e-171
423.22 7.40685765958e-172
423.23 3.26456520975e-172
423.24 1.43760776511e-172
423.25 6.32527168591e-173
423.26 2.78062018538e-173
423.27 1.22131550452e-173
423.28 5.35966668951e-174
423.29 2.35001917931e-174
423.3 1.02950567178e-174
423.31 4.50619304539e-175
423.32 1.97067294762e-175
423.33 8.61079062388e-176
423.34 3.75919813148e-176
423.35 1.63972536767e-176
423.36 7.14612695562e-177
423.37 3.11167371913e-177
423.38 1.35375816428e-177
423.39 5.8845307716e-178
423.4 2.55567897509e-178
423.41 1.10898194244e-178
423.42 4.80802106266e-179
423.43 2.08272514798e-179
423.44 9.01407719403e-180
423.45 3.89793234886e-180
423.46 1.68411224799e-180
423.47 7.26995100208e-181
423.48 3.13556382819e-181
423.49 1.35121208325e-181
423.5 5.8177507022e-182
423.51 2.50270929597e-182
423.52 1.07569566574e-182
423.53 4.61946991709e-183
423.54 1.98206813802e-183
423.55 8.49706087706e-184
423.56 3.63950727459e-184
423.57 1.55754343389e-184
423.58 6.65980408258e-185
423.59 2.84515841804e-185
423.6 1.21443748821e-185
423.61 5.17925852362e-186
423.62 2.20690544657e-186
423.63 9.39557959517e-187
423.64 3.99656736868e-187
423.65 1.69853465705e-187
423.66 7.21249291837e-188
423.67 3.059990649e-188
423.68 1.29711508904e-188
423.69 5.4936455587e-189
423.7 2.32469763126e-189
423.71 9.82869871741e-190
423.72 4.15192294397e-190
423.73 1.75237181498e-190
423.74 7.38970236239e-191
423.75 3.11351775132e-191
423.76 1.31068840742e-191
423.77 5.51278789008e-192
423.78 2.31668411082e-192
423.79 9.72716022669e-193
423.8 4.08064704185e-193
423.81 1.71039219662e-193
423.82 7.16285391061e-194
423.83 2.99709282025e-194
423.84 1.2529623047e-194
423.85 5.23358798968e-195
423.86 2.18416159933e-195
423.87 9.10738543919e-196
423.88 3.79425381261e-196
423.89 1.57936588888e-196
423.9 6.56844913408e-197
423.91 2.72939656598e-197
423.92 1.13316761178e-197
423.93 4.70051429449e-198
423.94 1.94814067917e-198
423.95 8.06712831199e-199
423.96 3.33765410492e-199
423.97 1.3797086963e-199
423.98 5.69845586402e-200
423.99 2.35153089318e-200
424.0 9.69544843481e-201
424.01 3.9940070366e-201
424.02 1.64389268499e-201
424.03 6.76023530377e-202
424.04 2.77762667957e-202
424.05 1.14027512353e-202
424.06 4.67701903082e-203
424.07 1.91669202948e-203
424.08 7.84800460405e-204
424.09 3.21062715046e-204
424.1 1.31233348804e-204
424.11 5.35947514371e-205
424.12 2.18687532014e-205
424.13 8.91557788389e-206
424.14 3.63160567062e-206
424.15 1.47799030541e-206
424.16 6.00991317403e-207
424.17 2.44167874465e-207
424.18 9.91134423231e-208
424.19 4.01976171714e-208
424.2 1.62889005647e-208
424.21 6.59488075129e-209
424.22 2.66775433574e-209
424.23 1.07822260921e-209
424.24 4.35406338112e-210
424.25 1.75672900364e-210
424.26 7.08171604607e-211
424.27 2.85230497134e-211
424.28 1.14782881034e-211
424.29 4.61510935605e-212
424.3 1.85400364487e-212
424.31 7.44154107949e-213
424.32 2.98427537942e-213
424.33 1.19574513036e-213
424.34 4.78698490865e-214
424.35 1.91473734695e-214
424.36 7.6520900246e-215
424.37 3.05544623223e-215
424.38 1.21896976366e-215
424.39 4.85886612373e-216
424.4 1.9350876695e-216
424.41 7.69998839396e-217
424.42 3.06128108475e-217
424.43 1.21601815246e-217
424.44 4.82614782846e-218
424.45 1.91374864203e-218
424.46 7.58215892281e-219
424.47 3.0014048712e-219
424.48 1.18708002062e-219
424.49 4.69093181803e-220
424.5 1.85208945098e-220
424.51 7.30614871866e-221
424.52 2.87964380022e-221
424.53 1.13399919361e-221
424.54 4.46180343271e-222
424.55 1.75400906417e-222
424.56 6.88932933164e-223
424.57 2.70362075006e-223
424.58 1.06007918853e-223
424.59 4.1529295e-224
424.6 1.62552824887e-224
424.61 6.35708760391e-225
424.62 2.4839656388e-225
424.63 9.69743068309e-226
424.64 3.78260939211e-226
424.65 1.47417832581e-226
424.66 5.74026919217e-227
424.67 2.23325445702e-227
424.68 8.68096233746e-228
424.69 3.37148511918e-228
424.7 1.30827286815e-228
424.71 5.07223229561e-229
424.72 1.96482396947e-229
424.73 7.60452116093e-230
424.74 2.94065320343e-230
424.75 1.13615990908e-230
424.76 4.38590098794e-231
424.77 1.69161644468e-231
424.78 6.51881544836e-232
424.79 2.50991599524e-232
424.8 9.65546955831e-233
424.81 3.71117406179e-233
424.82 1.42519064132e-233
424.83 5.46837528828e-234
424.84 2.09636729025e-234
424.85 8.02971534961e-235
424.86 3.07295809318e-235
424.87 1.17499721686e-235
424.88 4.48890847561e-236
424.89 1.71343792741e-236
424.9 6.53461061099e-237
424.91 2.48997372261e-237
424.92 9.47967671018e-238
424.93 3.60591929056e-238
424.94 1.37044682696e-238
424.95 5.20393771515e-239
424.96 1.97435708577e-239
424.97 7.48415938846e-240
424.98 2.83454963228e-240
424.99 1.07262722554e-240
425.0 4.05543344897e-241
425.01 1.53196715483e-241
425.02 5.78209658598e-242
425.03 2.18044402544e-242
425.04 8.21539132581e-243
425.05 3.09268209808e-243
425.06 1.1632311358e-243
425.07 4.37139920162e-244
425.08 1.64134029452e-244
425.09 6.15744451103e-245
425.1 2.30794839899e-245
425.11 8.64321656828e-246
425.12 3.23406249441e-246
425.13 1.2090524272e-246
425.14 4.51612101766e-247
425.15 1.68542612525e-247
425.16 6.28459917953e-248
425.17 2.34136520365e-248
425.18 8.71534227441e-249
425.19 3.241331487e-249
425.2 1.20444274775e-249
425.21 4.47169924558e-250
425.22 1.65875683077e-250
425.23 6.14775532606e-251
425.24 2.27653398312e-251
425.25 8.42277914404e-252
425.26 3.11358266776e-252
425.27 1.14997685991e-252
425.28 4.24366911929e-253
425.29 1.5646515687e-253
425.3 5.76391380758e-254
425.31 2.12149019205e-254
425.32 7.80168284382e-255
425.33 2.86654831927e-255
425.34 1.05233485397e-255
425.35 3.85986713189e-256
425.36 1.41453750956e-256
425.37 5.1794100329e-257
425.38 1.89482816586e-257
425.39 6.9260094891e-258
425.4 2.5294147411e-258
425.41 9.22955412014e-259
425.42 3.36484535127e-259
425.43 1.22566902086e-259
425.44 4.46072060581e-260
425.45 1.62203622051e-260
425.46 5.89304538688e-261
425.47 2.13915737636e-261
425.48 7.75835056556e-262
425.49 2.81138145107e-262
425.5 1.01787362982e-262
425.51 3.68206680474e-263
425.52 1.33080117866e-263
425.53 4.80571932404e-264
425.54 1.73391315086e-264
425.55 6.25057529527e-265
425.56 2.25131546266e-265
425.57 8.1017050794e-266
425.58 2.91299821118e-266
425.59 1.0464722553e-266
425.6 3.75611544279e-267
425.61 1.34701942095e-267
425.62 4.82650205502e-268
425.63 1.72788504614e-268
425.64 6.18046155419e-269
425.65 2.20877096574e-269
425.66 7.8868607503e-270
425.67 2.8137232143e-270
425.68 1.00295693774e-270
425.69 3.57196267847e-271
425.7 1.27102838865e-271
425.71 4.51884350637e-272
425.72 1.60517750385e-272
425.73 5.69695173729e-273
425.74 2.02015981777e-273
425.75 7.15735616538e-274
425.76 2.53363028955e-274
425.77 8.96102250654e-275
425.78 3.16661749124e-275
425.79 1.11804003993e-275
425.8 3.94405370783e-276
425.81 1.39011905361e-276
425.82 4.8953628107e-277
425.83 1.7224296189e-277
425.84 6.0551066693e-278
425.85 2.12679594702e-278
425.86 7.46368947304e-279
425.87 2.61700777587e-279
425.88 9.16811762e-280
425.89 3.20906897711e-280
425.9 1.12228107736e-280
425.91 3.92146137017e-281
425.92 1.36904572824e-281
425.93 4.77542116908e-282
425.94 1.66429044028e-282
425.95 5.79522456319e-283
425.96 2.01620706733e-283
425.97 7.00847790547e-284
425.98 2.43408643952e-284
425.99 8.44640686639e-285
426.0 2.92840885255e-285
426.01 1.01441377247e-285
426.02 3.51093084516e-286
426.03 1.21409627349e-286
426.04 4.19476551921e-287
426.05 1.44805802683e-287
426.06 4.99445326592e-288
426.07 1.72112992068e-288
426.08 5.92601938733e-289
426.09 2.03861959296e-289
426.1 7.00701475889e-290
426.11 2.40632112178e-290
426.12 8.25653538616e-291
426.13 2.83051735766e-291
426.14 9.69521648442e-292
426.15 3.31797349026e-292
426.16 1.13451965762e-292
426.17 3.87592041626e-293
426.18 1.32300470783e-293
426.19 4.5120264882e-294
426.2 1.53746629581e-294
426.21 5.23435628105e-295
426.22 1.78051102998e-295
426.23 6.05131512171e-296
426.24 2.05484270462e-296
426.25 6.97157829012e-297
426.26 2.36323737953e-297
426.27 8.00400402358e-298
426.28 2.70851323306e-298
426.29 9.15752974036e-299
426.3 3.09349505602e-299
426.31 1.04410512446e-299
426.32 3.52097337316e-300
426.33 1.186328508e-300
426.34 3.99365831593e-301
426.35 1.343261466e-301
426.36 4.51412852371e-302
426.37 1.51569213117e-302
426.38 5.08477551781e-303
426.39 1.70434019133e-303
426.4 5.70774416969e-304
426.41 1.90983753792e-304
426.42 6.3848700669e-305
426.43 2.13270808235e-305
426.44 7.11761476345e-306
426.45 2.37334708034e-306
426.46 7.9070000775e-307
426.47 2.63200035882e-307
426.48 8.75354276377e-308
426.49 2.90874388881e-308
426.5 9.65719103327e-309
426.51 3.20346418999e-309
426.52 1.06172645112e-309
426.53 3.51584008497e-310
426.54 1.16323993098e-310
426.55 3.84532634248e-311
426.56 1.27004999391e-311
426.57 4.19113975617e-312
426.58 1.38186997781e-312
426.59 4.55224819845e-313
426.6 1.49833317819e-313
426.61 4.92736316471e-314
426.62 1.61899109938e-314
426.63 5.31493628367e-315
426.64 1.74331302757e-315
426.65 5.71316020995e-316
426.66 1.87068707889e-316
426.67 6.1199743568e-317
426.68 2.00042239345e-317
426.69 6.53307450087e-318
426.7 2.13175492342e-318
426.71 6.94992262692e-319
426.72 2.26385819581e-319
426.73 7.36800097643e-320
426.74 2.39572431668e-320
426.75 7.781533922e-321
426.76 2.52467545025e-321
426.77 8.20148972096e-322
426.78 2.66795448754e-322
426.79 8.3991159793e-323
426.8 2.96439387505e-323
426.81 9.88131291682e-324
426.82 4.94065645841e-324
426.83 0.0
426.84 0.0
426.85 0.0
426.86 0.0
426.87 0.0
426.88 0.0
426.89 0.0
426.9 0.0
426.91 0.0
426.92 0.0
426.93 0.0
426.94 0.0
426.95 0.0
426.96 0.0
426.97 0.0
426.98 0.0
426.99 0.0
427.0 0.0
427.01 0.0
427.02 0.0
427.03 0.0
427.04 0.0
427.05 0.0
427.06 0.0
427.07 0.0
427.08 0.0
427.09 0.0
427.1 0.0
427.11 0.0
427.12 0.0
427.13 0.0
427.14 0.0
427.15 0.0
427.16 0.0
427.17 0.0
427.18 0.0
427.19 0.0
427.2 0.0
427.21 0.0
427.22 0.0
427.23 0.0
427.24 0.0
427.25 0.0
427.26 0.0
427.27 0.0
427.28 0.0
427.29 0.0
427.3 0.0
427.31 0.0
427.32 0.0
427.33 0.0
427.34 0.0
427.35 0.0
427.36 0.0
427.37 0.0
427.38 0.0
427.39 0.0
427.4 0.0
427.41 0.0
427.42 0.0
427.43 0.0
427.44 0.0
427.45 0.0
427.46 0.0
427.47 0.0
427.48 0.0
427.49 0.0
427.5 0.0
427.51 0.0
427.52 0.0
427.53 0.0
427.54 0.0
427.55 0.0
427.56 0.0
427.57 0.0
427.58 0.0
427.59 0.0
427.6 0.0
427.61 0.0
427.62 0.0
427.63 0.0
427.64 0.0
427.65 0.0
427.66 0.0
427.67 0.0
427.68 0.0
427.69 0.0
427.7 0.0
427.71 0.0
427.72 0.0
427.73 0.0
427.74 0.0
427.75 0.0
427.76 0.0
427.77 0.0
427.78 0.0
427.79 0.0
427.8 0.0
427.81 0.0
427.82 0.0
427.83 0.0
427.84 0.0
427.85 0.0
427.86 0.0
427.87 0.0
427.88 0.0
427.89 0.0
427.9 0.0
427.91 0.0
427.92 0.0
427.93 0.0
427.94 0.0
427.95 0.0
427.96 0.0
427.97 0.0
427.98 0.0
427.99 0.0
428.0 0.0
428.01 0.0
428.02 0.0
428.03 0.0
428.04 0.0
428.05 0.0
428.06 0.0
428.07 0.0
428.08 0.0
428.09 0.0
428.1 0.0
428.11 0.0
428.12 0.0
428.13 0.0
428.14 0.0
428.15 0.0
428.16 0.0
428.17 0.0
428.18 0.0
428.19 0.0
428.2 0.0
428.21 0.0
428.22 0.0
428.23 0.0
428.24 0.0
428.25 0.0
428.26 0.0
428.27 0.0
428.28 0.0
428.29 0.0
428.3 0.0
428.31 0.0
428.32 0.0
428.33 0.0
428.34 0.0
428.35 0.0
428.36 0.0
428.37 0.0
428.38 0.0
428.39 0.0
428.4 0.0
428.41 0.0
428.42 0.0
428.43 0.0
428.44 0.0
428.45 0.0
428.46 0.0
428.47 0.0
428.48 0.0
428.49 0.0
428.5 0.0
428.51 0.0
428.52 0.0
428.53 0.0
428.54 0.0
428.55 0.0
428.56 0.0
428.57 0.0
428.58 0.0
428.59 0.0
428.6 0.0
428.61 0.0
428.62 0.0
428.63 0.0
428.64 0.0
428.65 0.0
428.66 0.0
428.67 0.0
428.68 0.0
428.69 0.0
428.7 0.0
428.71 0.0
428.72 0.0
428.73 0.0
428.74 0.0
428.75 0.0
428.76 0.0
428.77 0.0
428.78 0.0
428.79 0.0
428.8 0.0
428.81 0.0
428.82 0.0
428.83 0.0
428.84 0.0
428.85 0.0
428.86 0.0
428.87 0.0
428.88 0.0
428.89 0.0
428.9 0.0
428.91 0.0
428.92 0.0
428.93 0.0
428.94 0.0
428.95 0.0
428.96 0.0
428.97 0.0
428.98 0.0
428.99 0.0
429.0 0.0
429.01 0.0
429.02 0.0
429.03 0.0
429.04 0.0
429.05 0.0
429.06 0.0
429.07 0.0
429.08 0.0
429.09 0.0
429.1 0.0
429.11 0.0
429.12 0.0
429.13 0.0
429.14 0.0
429.15 0.0
429.16 0.0
429.17 0.0
429.18 0.0
429.19 0.0
429.2 0.0
429.21 0.0
429.22 0.0
429.23 0.0
429.24 0.0
429.25 0.0
429.26 0.0
429.27 0.0
429.28 0.0
429.29 0.0
429.3 0.0
429.31 0.0
429.32 0.0
429.33 0.0
429.34 0.0
429.35 0.0
429.36 0.0
429.37 0.0
429.38 0.0
429.39 0.0
429.4 0.0
429.41 0.0
429.42 0.0
429.43 0.0
429.44 0.0
429.45 0.0
429.46 0.0
429.47 0.0
429.48 0.0
429.49 0.0
429.5 0.0
429.51 0.0
429.52 0.0
429.53 0.0
429.54 0.0
429.55 0.0
429.56 0.0
429.57 0.0
429.58 0.0
429.59 0.0
429.6 0.0
429.61 0.0
429.62 0.0
429.63 0.0
429.64 0.0
429.65 0.0
429.66 0.0
429.67 0.0
429.68 0.0
429.69 0.0
429.7 0.0
429.71 0.0
429.72 0.0
429.73 0.0
429.74 0.0
429.75 0.0
429.76 0.0
429.77 0.0
429.78 0.0
429.79 0.0
429.8 0.0
429.81 0.0
429.82 0.0
429.83 0.0
429.84 0.0
429.85 0.0
429.86 0.0
429.87 0.0
429.88 0.0
429.89 0.0
429.9 0.0
429.91 0.0
429.92 0.0
429.93 0.0
429.94 0.0
429.95 0.0
429.96 0.0
429.97 0.0
429.98 0.0
429.99 0.0
