400.0 3.38079952394e-68
400.01 5.62584550008e-68
400.02 9.35362374753e-68
400.03 1.55380209945e-67
400.04 2.57890428665e-67
400.05 4.27659827741e-67
400.06 7.08574308833e-67
400.07 1.17299472607e-66
400.08 1.94012820623e-66
400.09 3.20618451522e-66
400.1 5.29383386044e-66
400.11 8.73324844307e-66
400.12 1.43947801159e-65
400.13 2.37059829649e-65
400.14 3.90062871154e-65
400.15 6.41261211025e-65
400.16 1.05331687272e-64
400.17 1.72864901783e-64
400.18 2.83451212424e-64
400.19 4.64380020831e-64
400.2 7.60138005322e-64
400.21 1.24318304843e-63
400.22 2.0314279562e-63
400.23 3.31658767572e-63
400.24 5.41009950383e-63
400.25 8.81744451668e-63
400.26 1.43583300081e-62
400.27 2.33608606376e-62
400.28 3.79749716961e-62
400.29 6.16779302655e-62
400.3 1.00088881702e-61
400.31 1.62280222565e-61
400.32 2.62886972496e-61
400.33 4.25496750489e-61
400.34 6.88093005159e-61
400.35 1.11178740768e-60
400.36 1.79481657325e-60
400.37 2.89495691061e-60
400.38 4.66538887332e-60
400.39 7.51202988627e-60
400.4 1.20851063728e-59
400.41 1.94252832524e-59
400.42 3.11966496439e-59
400.43 5.00578581642e-59
400.44 8.02528166321e-59
400.45 1.28549980952e-58
400.46 2.05734659425e-58
400.47 3.28977821109e-58
400.48 5.25592900388e-58
400.49 8.38988625752e-58
400.5 1.33809321478e-57
400.51 2.13226106294e-57
400.52 3.39483051115e-57
400.53 5.40032043056e-57
400.54 8.58310993354e-57
400.55 1.36299270988e-56
400.56 2.16254973046e-56
400.57 3.42817028595e-56
400.58 5.42978185308e-56
400.59 8.59262956963e-56
400.6 1.35860594325e-55
400.61 2.14627142266e-55
400.62 3.38765744364e-55
400.63 5.34242023226e-55
400.64 8.41783321874e-55
400.65 1.32521486838e-54
400.66 2.08447166184e-54
400.67 3.27589070138e-54
400.68 5.14382901393e-54
400.69 8.06988520265e-54
400.7 1.26494575586e-53
400.71 1.98107154581e-53
400.72 3.09993173924e-53
400.73 4.84649549906e-53
400.74 7.57054611518e-53
400.75 1.18154513758e-52
400.76 1.84245605345e-52
400.77 2.87056688712e-52
400.78 4.4685015854e-52
400.79 6.94992110269e-52
400.8 1.07999450284e-51
400.81 1.67682186362e-51
400.82 2.60121364532e-51
400.83 4.03170578301e-51
400.84 6.24346026599e-51
400.85 9.66018815121e-51
400.86 1.49337724926e-50
400.87 2.30662603115e-50
400.88 3.55966033651e-50
400.89 5.48862605069e-50
400.9 8.45556121819e-50
400.91 1.30150231904e-49
400.92 2.00157176884e-49
400.93 3.07553801882e-49
400.94 4.72166037704e-49
400.95 7.24256003341e-49
400.96 1.10997494149e-48
400.97 1.69964396882e-48
400.98 2.60031794538e-48
400.99 3.97483093636e-48
401.0 6.07064143656e-48
401.01 9.2634810006e-48
401.02 1.4123344764e-47
401.03 2.15141711368e-47
401.04 3.27442757978e-47
401.05 4.97931811214e-47
401.06 7.56533334056e-47
401.07 1.148444406e-46
401.08 1.74186943024e-46
401.09 2.6396413962e-46
401.1 3.99666710745e-46
401.11 6.04609176584e-46
401.12 9.13850608188e-46
401.13 1.38006451257e-45
401.14 2.08231910703e-45
401.15 3.13919932553e-45
401.16 4.72840004865e-45
401.17 7.11595587418e-45
401.18 1.06998081837e-44
401.19 1.60746842282e-44
401.2 2.41286276303e-44
401.21 3.61864937283e-44
401.22 5.42230696712e-44
401.23 8.11793198754e-44
401.24 1.21431239827e-43
401.25 1.81484342561e-43
401.26 2.7100144609e-43
401.27 4.04322366599e-43
401.28 6.02708945554e-43
401.29 8.97658651136e-43
401.3 1.33579101077e-42
401.31 1.98604701355e-42
401.32 2.9502868646e-42
401.33 4.37887632172e-42
401.34 6.49358941246e-42
401.35 9.62123191446e-42
401.36 1.42429599814e-41
401.37 2.10665557704e-41
401.38 3.11322517185e-41
401.39 4.59675377737e-41
401.4 6.78134223437e-41
401.41 9.99548325326e-41
401.42 1.4720265452e-40
401.43 2.1659638309e-40
401.44 3.184274295e-40
401.45 4.67728091751e-40
401.46 6.86436155523e-40
401.47 1.00653888812e-39
401.48 1.47463548253e-39
401.49 2.15855198852e-39
401.5 3.15692350715e-39
401.51 4.61306227409e-39
401.52 6.7350106739e-39
401.53 9.8245116457e-39
401.54 1.43188245522e-38
401.55 2.08510282258e-38
401.56 3.03369067857e-38
401.57 4.41000244854e-38
401.58 6.40516138242e-38
401.59 9.29490670534e-38
401.6 1.34767045062e-37
401.61 1.95229791065e-37
401.62 2.82573990978e-37
401.63 4.08641052333e-37
401.64 5.90439651164e-37
401.65 8.52379013723e-37
401.66 1.22945799228e-36
401.67 1.77181491414e-36
401.68 2.55121302815e-36
401.69 3.67027670731e-36
401.7 5.27563333294e-36
401.71 7.57659568166e-36
401.72 1.08716968321e-35
401.73 1.55863443433e-35
401.74 2.23262052385e-35
401.75 3.19528257705e-35
401.76 4.56906506286e-35
401.77 6.52783436071e-35
401.78 9.31825566551e-35
401.79 1.32899647986e-34
401.8 1.89381150988e-34
401.81 2.69633212018e-34
401.82 3.83560372205e-34
401.83 5.4515222629e-34
401.84 7.74150789628e-34
401.85 1.09839119979e-33
401.86 1.55708471259e-33
401.87 2.20541919142e-33
401.88 3.12100001382e-33
401.89 4.41285954019e-33
401.9 6.23404812191e-33
401.91 8.79921458725e-33
401.92 1.24091313097e-32
401.93 1.74848762862e-32
401.94 2.46154318837e-32
401.95 3.46239066867e-32
401.96 4.86595837841e-32
401.97 6.83257525061e-32
401.98 9.58570743293e-32
401.99 1.34365455388e-31
402.0 1.88180578616e-31
402.01 2.63321113711e-31
402.02 3.681461639e-31
402.03 5.14255077242e-31
402.04 7.17729190123e-31
402.05 1.00084389208e-30
402.06 1.39442701928e-30
402.07 1.94110464156e-30
402.08 2.69976410797e-30
402.09 3.75168531246e-30
402.1 5.208956124e-30
402.11 7.22601249263e-30
402.12 1.0015449127e-29
402.13 1.38696615377e-29
402.14 1.91904434009e-29
402.15 2.65294268915e-29
402.16 3.6643288291e-29
402.17 5.0569041643e-29
402.18 6.97266370525e-29
402.19 9.60586388254e-29
402.2 1.32220212129e-28
402.21 1.81837303864e-28
402.22 2.49857177518e-28
402.23 3.43023906482e-28
402.24 4.70522786011e-28
402.25 6.44852879837e-28
402.26 8.83007393583e-28
402.27 1.20806902428e-27
402.28 1.65136421876e-27
402.29 2.25536950524e-27
402.3 3.07762889236e-27
402.31 4.19602927254e-27
402.32 5.71589813724e-27
402.33 7.77954441322e-27
402.34 1.05790717076e-26
402.35 1.43735707092e-26
402.36 1.95121664081e-26
402.37 2.64648858476e-26
402.38 3.58639624765e-26
402.39 4.85590554426e-26
402.4 6.56910043403e-26
402.41 8.87902514108e-26
402.42 1.19908061536e-25
402.43 1.61791309855e-25
402.44 2.18115089891e-25
402.45 2.93791986951e-25
402.46 3.95382909447e-25
402.47 5.31642328922e-25
402.48 7.14241241153e-25
402.49 9.58724900478e-25
402.5 1.28578040727e-24
402.51 1.72291286013e-24
402.52 2.30665973227e-24
402.53 3.08551362225e-24
402.54 4.12377645449e-24
402.55 5.50663731783e-24
402.56 7.34685629504e-24
402.57 9.7935541536e-24
402.58 1.30437607885e-23
402.59 1.73575743669e-23
402.6 2.30780418275e-23
402.61 3.06572072752e-23
402.62 4.06902105128e-23
402.63 5.39598825538e-23
402.64 7.14950159329e-23
402.65 9.46464330543e-23
402.66 1.25186197453e-22
402.67 1.65436889856e-22
402.68 2.18439904754e-22
402.69 2.88174343577e-22
402.7 3.79841453495e-22
402.71 5.00233898193e-22
402.72 6.58214719066e-22
402.73 8.65337996775e-22
402.74 1.13665239273e-21
402.75 1.49174049598e-21
402.76 1.95606193237e-21
402.77 2.5626874101e-21
402.78 3.35453542035e-21
402.79 4.38725463083e-21
402.8 5.73293493275e-21
402.81 7.4848809449e-21
402.82 9.76374646219e-21
402.83 1.27254105516e-20
402.84 1.65710803926e-20
402.85 2.15602383848e-20
402.86 2.80272188722e-20
402.87 3.64024122981e-20
402.88 4.72393633446e-20
402.89 6.12493691665e-20
402.9 7.93456124593e-20
402.91 1.02699404639e-19
402.92 1.32811795383e-19
402.93 1.71604661859e-19
402.94 2.21536468588e-19
402.95 2.85749242476e-19
402.96 3.68255006152e-19
402.97 4.74172042042e-19
402.98 6.10024026322e-19
402.99 7.84118408268e-19
403.0 1.00702458047e-18
403.01 1.2921775922e-18
403.02 1.65663965312e-18
403.03 2.12205976771e-18
403.04 2.71588191648e-18
403.05 3.47286473009e-18
403.06 4.43699116977e-18
403.07 5.66386604887e-18
403.08 7.22372318701e-18
403.09 9.20519366155e-18
403.1 1.17200233394e-17
403.11 1.49089732607e-17
403.12 1.89491924976e-17
403.13 2.40634222549e-17
403.14 3.05314751995e-17
403.15 3.8704538913e-17
403.16 4.90229813959e-17
403.17 6.20384950807e-17
403.18 7.84416103897e-17
403.19 9.90958484483e-17
403.2 1.25080074788e-16
403.21 1.57740973444e-16
403.22 1.98757997913e-16
403.23 2.50223689167e-16
403.24 3.14742901917e-16
403.25 3.95555273679e-16
403.26 4.96686236901e-16
403.27 6.23133048777e-16
403.28 7.81093739985e-16
403.29 9.78248614758e-16
403.3 1.22410603338e-15
403.31 1.53042674955e-15
403.32 1.91174414956e-15
403.33 2.38600145529e-15
403.34 2.97533143807e-15
403.35 3.70700959873e-15
403.36 4.61461828401e-15
403.37 5.73946704966e-15
403.38 7.13232400392e-15
403.39 8.85552418195e-15
403.4 1.09855345749e-14
403.41 1.36160717022e-14
403.42 1.68618870837e-14
403.43 2.08633592431e-14
403.44 2.57920586771e-14
403.45 3.18574853915e-14
403.46 3.93152181336e-14
403.47 4.84767615124e-14
403.48 5.97214331573e-14
403.49 7.35106995431e-14
403.5 9.04054479913e-14
403.51 1.11086775852e-13
403.52 1.3638098857e-13
403.53 1.67289629248e-13
403.54 2.05025516997e-13
403.55 2.51055953853e-13
403.56 3.0715447517e-13
403.57 3.75462771691e-13
403.58 4.58564709379e-13
403.59 5.59574723035e-13
403.6 6.82243270359e-13
403.61 8.31082514412e-13
403.62 1.01151596591e-12
403.63 1.23005647571e-12
403.64 1.49451773754e-12
403.65 1.81426535903e-12
403.66 2.20051460557e-12
403.67 2.66668313971e-12
403.68 3.22880849491e-12
403.69 3.90604166745e-12
403.7 4.72123011755e-12
403.71 5.70160568112e-12
403.72 6.87959545094e-12
403.73 8.29377664185e-12
403.74 9.98999986644e-12
403.75 1.2022709182e-11
403.76 1.44564918001e-11
403.77 1.73678955598e-11
403.78 2.08475582526e-11
403.79 2.50026997551e-11
403.8 2.99600357919e-11
403.81 3.58691811635e-11
403.82 4.29066205629e-11
403.83 5.12803368607e-11
403.84 6.12352001361e-11
403.85 7.30592359874e-11
403.86 8.70909090053e-11
403.87 1.03727576997e-10
403.88 1.23435293893e-10
403.89 1.46760164588e-10
403.9 1.74341483585e-10
403.91 2.06926921685e-10
403.92 2.45390061422e-10
403.93 2.90750623058e-10
403.94 3.44197769232e-10
403.95 4.07116928243e-10
403.96 4.81120634296e-10
403.97 5.68083948292e-10
403.98 6.70185095779e-10
403.99 7.89952040281e-10
404.0 9.30315801175e-10
404.01 1.09467142665e-09
404.02 1.28694764492e-09
404.03 1.511686342e-09
404.04 1.77413315298e-09
404.05 2.08034060724e-09
404.06 2.43728543777e-09
404.07 2.85300185152e-09
404.08 3.33673276431e-09
404.09 3.89910122993e-09
404.1 4.55230454209e-09
404.11 5.31033376028e-09
404.12 6.18922170884e-09
404.13 7.20732282379e-09
404.14 8.38562857692e-09
404.15 9.74812259227e-09
404.16 1.1322179989e-08
404.17 1.31390159385e-08
404.18 1.52341889144e-08
404.19 1.76481646428e-08
404.2 2.0426947331e-08
404.21 2.3622785365e-08
404.22 2.72949593215e-08
404.23 3.15106608423e-08
404.24 3.63459716678e-08
404.25 4.1886952921e-08
404.26 4.8230855579e-08
404.27 5.54874639625e-08
404.28 6.37805850144e-08
404.29 7.32496971321e-08
404.3 8.40517733559e-08
404.31 9.63632947983e-08
404.32 1.10382471333e-07
404.33 1.26331687729e-07
404.34 1.44460194615e-07
404.35 1.65047064928e-07
404.36 1.88404437719e-07
404.37 2.14881072536e-07
404.38 2.44866238847e-07
404.39 2.78793966324e-07
404.4 3.17147683071e-07
404.41 3.60465270169e-07
404.42 4.09344562183e-07
404.43 4.64449324444e-07
404.44 5.26515739085e-07
404.45 5.9635943287e-07
404.46 6.74883080805e-07
404.47 7.63084620369e-07
404.48 8.62066111904e-07
404.49 9.73043281198e-07
404.5 1.09735578068e-06
404.51 1.23647820567e-06
404.52 1.39203190211e-06
404.53 1.56579760149e-06
404.54 1.75972891841e-06
404.55 1.97596674446e-06
404.56 2.21685457124e-06
404.57 2.4849547729e-06
404.58 2.78306587657e-06
404.59 3.11424084585e-06
404.6 3.48180639933e-06
404.61 3.88938338201e-06
404.62 4.34090820281e-06
404.63 4.84065534618e-06
404.64 5.39326095993e-06
404.65 6.00374751453e-06
404.66 6.67754952204e-06
404.67 7.42054029437e-06
404.68 8.23905971183e-06
404.69 9.13994296313e-06
404.7 1.01305502075e-05
404.71 1.12187970982e-05
404.72 1.24131860939e-05
404.73 1.3722838474e-05
404.74 1.51575269549e-05
404.75 1.6727708797e-05
404.76 1.84445592699e-05
404.77 2.03200053328e-05
404.78 2.23667593671e-05
404.79 2.45983527835e-05
404.8 2.70291693065e-05
404.81 2.96744777238e-05
404.82 3.25504638676e-05
404.83 3.56742615784e-05
404.84 3.90639823823e-05
404.85 4.27387435977e-05
404.86 4.67186945651e-05
404.87 5.10250406817e-05
404.88 5.56800649019e-05
404.89 6.07071463523e-05
404.9 6.61307756935e-05
404.91 7.19765668492e-05
404.92 7.82712647105e-05
404.93 8.50427484151e-05
404.94 9.23200297919e-05
404.95 0.000100133246557
404.96 0.000108513649845
404.97 0.000117493585656
404.98 0.000127106469806
404.99 0.000137386755976
405.0 0.000148369896454
405.01 0.000160092295189
405.02 0.00017259125279
405.03 0.000185904903123
405.04 0.000200072141179
405.05 0.000215132541933
405.06 0.000231126269923
405.07 0.000248093979335
405.08 0.000266076704428
405.09 0.00028511574015
405.1 0.000305252512888
405.11 0.000326528441324
405.12 0.000348984787432
405.13 0.000372662497735
405.14 0.000397602034981
405.15 0.000423843200503
405.16 0.000451424947557
405.17 0.000480385186064
405.18 0.000510760579226
405.19 0.000542586332565
405.2 0.000575895976057
405.21 0.000610721140066
405.22 0.00064709132591
405.23 0.000685033671944
405.24 0.000724572716154
405.25 0.00076573015632
405.26 0.00080852460888
405.27 0.000852971367719
405.28 0.000899082164172
405.29 0.000946864929577
405.3 0.000996323561794
405.31 0.00104745769716
405.32 0.00110026248937
405.33 0.00115472839685
405.34 0.00121084098013
405.35 0.00126858071096
405.36 0.00132792279451
405.37 0.00138883700651
405.38 0.00145128754678
405.39 0.00151523291062
405.4 0.00158062577981
405.41 0.0016474129344
405.42 0.00171553518693
405.43 0.00178492734026
405.44 0.00185551817023
405.45 0.00192723043445
405.46 0.00199998090803
405.47 0.00207368044728
405.48 0.00214823408206
405.49 0.00222354113752
405.5 0.00229949538553
405.51 0.00237598522615
405.52 0.0024528938994
405.53 0.00253009972699
405.54 0.00260747638411
405.55 0.00268489320053
405.56 0.00276221549064
405.57 0.00283930491151
405.58 0.00291601984797
405.59 0.00299221582355
405.6 0.00306774593588
405.61 0.00314246131506
405.62 0.00321621160321
405.63 0.00328884545326
405.64 0.00336021104509
405.65 0.00343015661667
405.66 0.00349853100797
405.67 0.00356518421515
405.68 0.00362996795254
405.69 0.0036927362197
405.7 0.00375334587094
405.71 0.00381165718461
405.72 0.00386753442919
405.73 0.00392084642365
405.74 0.00397146708915
405.75 0.00401927598938
405.76 0.00406415885696
405.77 0.00410600810312
405.78 0.00414472330836
405.79 0.00418021169153
405.8 0.00421238855518
405.81 0.004241177705
405.82 0.00426651184159
405.83 0.00428833292254
405.84 0.00430659249357
405.85 0.00432125198721
405.86 0.00433228298808
405.87 0.00433966746377
405.88 0.00434339796082
405.89 0.00434347776542
405.9 0.00433992102871
405.91 0.00433275285686
405.92 0.0043220093663
405.93 0.00430773770492
405.94 0.00428999603989
405.95 0.00426885351358
405.96 0.00424439016867
405.97 0.00421669684427
405.98 0.00418587504483
405.99 0.00415203678372
406.0 0.0041153044038
406.01 0.00407581037728
406.02 0.00403369708722
406.03 0.00398911659338
406.04 0.00394223038497
406.05 0.003893209123
406.06 0.00384223237505
406.07 0.00378948834503
406.08 0.00373517360081
406.09 0.00367949280227
406.1 0.0036226584323
406.11 0.00356489053335
406.12 0.0035064164517
406.13 0.00344747059172
406.14 0.00338829418193
406.15 0.00332913505482
406.16 0.00327024744169
406.17 0.00321189178392
406.18 0.00315433456156
406.19 0.00309784813985
406.2 0.00304271063404
406.21 0.00298920579248
406.22 0.00293762289763
406.23 0.00288825668424
406.24 0.00284140727366
406.25 0.00279738012278
406.26 0.00275648598586
406.27 0.00271904088699
406.28 0.00268536610065
406.29 0.00265578813752
406.3 0.00263063873226
406.31 0.00261025482981
406.32 0.00259497856613
406.33 0.00258515723956
406.34 0.0025811432681
406.35 0.00258329412829
406.36 0.0025919722706
406.37 0.00260754500665
406.38 0.00263038436297
406.39 0.00266086689625
406.4 0.00269937346494
406.41 0.00274628895192
406.42 0.00280200193327
406.43 0.002866904288
406.44 0.00294139074415
406.45 0.00302585835643
406.46 0.00312070591125
406.47 0.00322633325504
406.48 0.00334314054242
406.49 0.00347152740085
406.5 0.0036118920093
406.51 0.00376463008868
406.52 0.00393013380266
406.53 0.00410879056789
406.54 0.00430098177358
406.55 0.00450708141095
406.56 0.00472745461399
406.57 0.00496245611361
406.58 0.00521242860835
406.59 0.00547770105552
406.6 0.00575858688754
406.61 0.00605538215928
406.62 0.00636836363305
406.63 0.00669778680873
406.64 0.00704388390769
406.65 0.00740686181976
406.66 0.00778690002359
406.67 0.00818414849152
406.68 0.00859872559093
406.69 0.00903071599476
406.7 0.00948016861458
406.71 0.00994709457047
406.72 0.0104314652121
406.73 0.0109332102062
406.74 0.0114522157064
406.75 0.0119883226209
406.76 0.0125413249934
406.77 0.0131109685156
406.78 0.0136969491846
406.79 0.0142989121238
406.8 0.0149164505812
406.81 0.0155491051218
406.82 0.016196363028
406.83 0.0168576579231
406.84 0.0175323696302
406.85 0.0182198242804
406.86 0.018919294681
406.87 0.0196300009534
406.88 0.0203511114514
406.89 0.0210817439653
406.9 0.0218209672198
406.91 0.0225678026688
406.92 0.0233212265905
406.93 0.0240801724827
406.94 0.0248435337582
406.95 0.0256101667371
406.96 0.02637889393
406.97 0.0271485076057
406.98 0.0279177736346
406.99 0.0286854355954
407.0 0.0294502191325
407.01 0.0302108365478
407.02 0.0309659916112
407.03 0.0317143845675
407.04 0.0324547173213
407.05 0.0331856987747
407.06 0.0339060502938
407.07 0.0346145112774
407.08 0.0353098448
407.09 0.0359908433001
407.1 0.0366563342829
407.11 0.0373051860074
407.12 0.0379363131242
407.13 0.0385486822328
407.14 0.0391413173247
407.15 0.0397133050796
407.16 0.0402637999813
407.17 0.0407920292206
407.18 0.0412972973533
407.19 0.0417789906812
407.2 0.0422365813263
407.21 0.0426696309679
407.22 0.0430777942157
407.23 0.043460821591
407.24 0.0438185620931
407.25 0.0441509653273
407.26 0.0444580831739
407.27 0.0447400709812
407.28 0.0449971882653
407.29 0.0452297989054
407.3 0.0454383708227
407.31 0.045623475137
407.32 0.0457857847955
407.33 0.0459260726728
407.34 0.0460452091433
407.35 0.0461441591309
407.36 0.0462239786439
407.37 0.0462858108049
407.38 0.0463308813906
407.39 0.0463604938972
407.4 0.0463760241519
407.41 0.0463789144919
407.42 0.0463706675367
407.43 0.0463528395806
407.44 0.0463270336367
407.45 0.0462948921621
407.46 0.0462580895019
407.47 0.0462183240848
407.48 0.0461773104106
407.49 0.046136770868
407.5 0.0460984274218
407.51 0.0460639932143
407.52 0.0460351641192
407.53 0.0460136102944
407.54 0.0460009677739
407.55 0.0459988301437
407.56 0.0460087403448
407.57 0.0460321826439
407.58 0.0460705748162
407.59 0.0461252605793
407.6 0.0461975023191
407.61 0.0462884741457
407.62 0.0463992553164
407.63 0.046530824061
407.64 0.0466840518429
407.65 0.0468596980858
407.66 0.0470584053965
407.67 0.0472806953094
407.68 0.0475269645754
407.69 0.0477974820179
407.7 0.0480923859727
407.71 0.048411682328
407.72 0.048755243175
407.73 0.0491228060807
407.74 0.0495139739863
407.75 0.0499282157353
407.76 0.0503648672309
407.77 0.0508231332181
407.78 0.0513020896852
407.79 0.0518006868733
407.8 0.0523177528814
407.81 0.0528519978514
407.82 0.0534020187132
407.83 0.053966304469
407.84 0.0545432419915
407.85 0.0551311223088
407.86 0.0557281473475
407.87 0.0563324371
407.88 0.0569420371843
407.89 0.0575549267585
407.9 0.0581690267522
407.91 0.0587822083773
407.92 0.0593923018741
407.93 0.0599971054542
407.94 0.0605943943946
407.95 0.0611819302408
407.96 0.0617574700743
407.97 0.0623187757999
407.98 0.062863623409
407.99 0.0633898121741
408.0 0.0638951737305
408.01 0.0643775810038
408.02 0.0648349569382
408.03 0.0652652829876
408.04 0.0656666073275
408.05 0.066037052751
408.06 0.0663748242119
408.07 0.0666782159811
408.08 0.0669456183834
408.09 0.0671755240853
408.1 0.0673665339063
408.11 0.0675173621294
408.12 0.0676268412874
408.13 0.0676939264077
408.14 0.0677176986975
408.15 0.0676973686581
408.16 0.0676322786161
408.17 0.0675219046667
408.18 0.0673658580236
408.19 0.067163885775
408.2 0.0669158710498
408.21 0.0666218325968
408.22 0.0662819237874
408.23 0.0658964310533
408.24 0.0654657717719
408.25 0.0649904916186
408.26 0.0644712614039
408.27 0.0639088734192
408.28 0.0633042373143
408.29 0.062658375534
408.3 0.0619724183429
408.31 0.0612475984678
408.32 0.0604852453907
408.33 0.0596867793252
408.34 0.0588537049107
408.35 0.0579876046608
408.36 0.0570901322008
408.37 0.0561630053319
408.38 0.0552079989586
408.39 0.0542269379161
408.4 0.0532216897347
408.41 0.0521941573778
408.42 0.0511462719883
408.43 0.0500799856791
408.44 0.0489972644014
408.45 0.0479000809232
408.46 0.0467904079499
408.47 0.0456702114161
408.48 0.0445414439773
408.49 0.0434060387278
408.5 0.0422659031688
408.51 0.0411229134497
408.52 0.0399789089027
408.53 0.038835686889
408.54 0.0376949979721
408.55 0.0365585414331
408.56 0.0354279611377
408.57 0.0343048417662
408.58 0.0331907054119
408.59 0.0320870085528
408.6 0.0309951394002
408.61 0.0299164156233
408.62 0.0288520824495
408.63 0.027803311135
408.64 0.0267711978023
408.65 0.0257567626353
408.66 0.0247609494247
408.67 0.0237846254516
408.68 0.0228285816987
408.69 0.0218935333742
408.7 0.0209801207361
408.71 0.0200889101984
408.72 0.019220395705
408.73 0.0183750003537
408.74 0.0175530782512
408.75 0.0167549165813
408.76 0.0159807378682
408.77 0.0152307024144
408.78 0.0145049108956
408.79 0.0138034070912
408.8 0.0131261807341
408.81 0.0124731704582
408.82 0.0118442668265
408.83 0.0112393154216
408.84 0.0106581199803
408.85 0.0101004455556
408.86 0.00956602168902
408.87 0.00905454557864
408.88 0.00856568522657
408.89 0.00809908255228
408.9 0.00765435645827
408.91 0.0072311058355
408.92 0.006828912497
408.93 0.00644734402886
408.94 0.00608595654887
408.95 0.00574429736374
408.96 0.0054219075171
408.97 0.00511832422097
408.98 0.00483308316458
408.99 0.00456572069524
409.0 0.00431577586653
409.01 0.00408279235029
409.02 0.00386632020938
409.03 0.00366591752909
409.04 0.00348115190557
409.05 0.00331160179069
409.06 0.00315685769304
409.07 0.00301652323554
409.08 0.00289021607065
409.09 0.00277756865477
409.1 0.00267822888381
409.11 0.00259186059241
409.12 0.00251814391974
409.13 0.00245677554513
409.14 0.00240746879719
409.15 0.00236995364041
409.16 0.00234397654346
409.17 0.00232930023377
409.18 0.00232570334317
409.19 0.00233297994958
409.2 0.00235093902001
409.21 0.0023794037603
409.22 0.00241821087708
409.23 0.00246720975785
409.24 0.00252626157491
409.25 0.00259523831935
409.26 0.00267402177101
409.27 0.00276250241091
409.28 0.00286057828233
409.29 0.00296815380707
409.3 0.00308513856341
409.31 0.00321144603242
409.32 0.00334699231922
409.33 0.00349169485593
409.34 0.00364547109323
409.35 0.00380823718706
409.36 0.00397990668758
409.37 0.00416038923702
409.38 0.00434958928323
409.39 0.00454740481598
409.4 0.00475372613233
409.41 0.00496843463814
409.42 0.00519140169211
409.43 0.00542248749879
409.44 0.00566154005708
409.45 0.0059083941702
409.46 0.00616287052324
409.47 0.00642477483405
409.48 0.00669389708294
409.49 0.00697001082643
409.5 0.00725287260015
409.51 0.00754222141517
409.52 0.00783777835237
409.53 0.00813924625837
409.54 0.00844630954661
409.55 0.00875863410642
409.56 0.00907586732261
409.57 0.00939763820747
409.58 0.00972355764667
409.59 0.0100532187598
409.6 0.010386197376
409.61 0.0107220526243
409.62 0.0110603276373
409.63 0.011400550368
409.64 0.0117422345157
409.65 0.0120848805598
409.66 0.0124279768976
409.67 0.0127710010817
409.68 0.0131134211527
409.69 0.0134546970621
409.7 0.0137942821796
409.71 0.0141316248776
409.72 0.0144661701883
409.73 0.0147973615225
409.74 0.0151246424455
409.75 0.0154474585007
409.76 0.0157652590709
409.77 0.0160774992712
409.78 0.016383641861
409.79 0.0166831591683
409.8 0.0169755350144
409.81 0.0172602666316
409.82 0.0175368665607
409.83 0.0178048645223
409.84 0.018063809248
409.85 0.0183132702653
409.86 0.0185528396235
409.87 0.0187821335538
409.88 0.0190007940526
409.89 0.0192084903796
409.9 0.0194049204632
409.91 0.0195898122041
409.92 0.0197629246699
409.93 0.0199240491739
409.94 0.0200730102322
409.95 0.0202096663917
409.96 0.0203339109256
409.97 0.0204456723916
409.98 0.020544915048
409.99 0.0206316391262
410.0 0.0207058809559
410.01 0.0207677129433
410.02 0.0208172434
410.03 0.020854616223
410.04 0.0208800104283
410.05 0.0208936395371
410.06 0.0208957508191
410.07 0.0208866243956
410.08 0.0208665722056
410.09 0.0208359368403
410.1 0.0207950902513
410.11 0.0207444323377
410.12 0.0206843894196
410.13 0.0206154126042
410.14 0.0205379760531
410.15 0.0204525751583
410.16 0.0203597246355
410.17 0.0202599565444
410.18 0.0201538182436
410.19 0.0200418702922
410.2 0.0199246843053
410.21 0.019802840775
410.22 0.0196769268668
410.23 0.0195475342008
410.24 0.0194152566285
410.25 0.0192806880151
410.26 0.0191444200369
410.27 0.0190070400042
410.28 0.0188691287191
410.29 0.0187312583769
410.3 0.0185939905211
410.31 0.0184578740596
410.32 0.0183234433512
410.33 0.0181912163698
410.34 0.0180616929531
410.35 0.0179353531438
410.36 0.0178126556281
410.37 0.0176940362783
410.38 0.0175799068037
410.39 0.017470653515
410.4 0.0173666362054
410.41 0.0172681871518
410.42 0.0171756102386
410.43 0.0170891802058
410.44 0.0170091420232
410.45 0.0169357103903
410.46 0.0168690693622
410.47 0.0168093721017
410.48 0.0167567407545
410.49 0.0167112664471
410.5 0.0166730094041
410.51 0.0166419991828
410.52 0.01661823502
410.53 0.0166016862883
410.54 0.0165922930577
410.55 0.0165899667564
410.56 0.0165945909259
410.57 0.0166060220666
410.58 0.0166240905653
410.59 0.0166486017007
410.6 0.0166793367198
410.61 0.0167160539792
410.62 0.0167584901441
410.63 0.0168063614395
410.64 0.0168593649459
410.65 0.0169171799342
410.66 0.016979469232
410.67 0.0170458806162
410.68 0.0171160482247
410.69 0.0171895939818
410.7 0.0172661290307
410.71 0.0173452551685
410.72 0.0174265662775
410.73 0.017509649748
410.74 0.0175940878877
410.75 0.017679459314
410.76 0.0177653403234
410.77 0.0178513062357
410.78 0.0179369327093
410.79 0.0180217970236
410.8 0.0181054793265
410.81 0.0181875638441
410.82 0.0182676400513
410.83 0.0183453037994
410.84 0.0184201584021
410.85 0.0184918156757
410.86 0.0185598969347
410.87 0.0186240339408
410.88 0.0186838698049
410.89 0.0187390598421
410.9 0.0187892723794
410.91 0.0188341895156
410.92 0.018873507834
410.93 0.0189069390681
410.94 0.0189342107195
410.95 0.01895506663
410.96 0.0189692675067
410.97 0.0189765914009
410.98 0.0189768341414
410.99 0.0189698097226
411.0 0.0189553506467
411.01 0.0189333082209
411.02 0.0189035528103
411.03 0.018865974045
411.04 0.0188204809834
411.05 0.0187670022294
411.06 0.0187054860056
411.07 0.0186359001812
411.08 0.0185582322537
411.09 0.0184724892859
411.1 0.0183786977966
411.11 0.0182769036052
411.12 0.0181671716291
411.13 0.018049585636
411.14 0.0179242479471
411.15 0.0177912790948
411.16 0.0176508174328
411.17 0.0175030186981
411.18 0.0173480555276
411.19 0.0171861169265
411.2 0.017017407691
411.21 0.0168421477862
411.22 0.0166605716773
411.23 0.0164729276193
411.24 0.0162794769027
411.25 0.0160804930589
411.26 0.0158762610266
411.27 0.015667076281
411.28 0.0154532439282
411.29 0.0152350777672
411.3 0.015012899323
411.31 0.0147870368526
411.32 0.0145578243284
411.33 0.0143256004019
411.34 0.0140907073515
411.35 0.0138534900185
411.36 0.0136142947349
411.37 0.0133734682481
411.38 0.0131313566463
411.39 0.0128883042887
411.4 0.0126446527463
411.41 0.0124007397564
411.42 0.0121568981968
411.43 0.0119134550828
411.44 0.0116707305932
411.45 0.011429037128
411.46 0.0111886784036
411.47 0.0109499485887
411.48 0.0107131314852
411.49 0.0104784997576
411.5 0.0102463142154
411.51 0.0100168231498
411.52 0.00979026172959
411.53 0.00956685145806
411.54 0.00934679969251
411.55 0.00913029922951
411.56 0.00891752795664
411.57 0.00870864857204
411.58 0.0085038083726
411.59 0.00830313911103
411.6 0.00810675692192
411.61 0.00791476231606
411.62 0.00772724024251
411.63 0.0075442602169
411.64 0.00736587651446
411.65 0.00719212842585
411.66 0.00702304057326
411.67 0.0068586232844
411.68 0.00669887302109
411.69 0.00654377285947
411.7 0.00639329301812
411.71 0.00624739143046
411.72 0.00610601435738
411.73 0.00596909703609
411.74 0.00583656436078
411.75 0.00570833159089
411.76 0.00558430508236
411.77 0.00546438303751
411.78 0.00534845626893
411.79 0.005236408973
411.8 0.00512811950848
411.81 0.00502346117587
411.82 0.00492230299336
411.83 0.00482451046511
411.84 0.00472994633801
411.85 0.00463847134308
411.86 0.0045499449181
411.87 0.00446422590787
411.88 0.00438117323928
411.89 0.00430064656824
411.9 0.00422250689585
411.91 0.00414661715167
411.92 0.00407284274201
411.93 0.00400105206158
411.94 0.00393111696714
411.95 0.00386291321195
411.96 0.00379632084039
411.97 0.0037312245421
411.98 0.00366751396546
411.99 0.00360508399054
412.0 0.00354383496173
412.01 0.00348367288071
412.02 0.00342450956056
412.03 0.003366262742
412.04 0.00330885617313
412.05 0.00325221965398
412.06 0.00319628904751
412.07 0.00314100625895
412.08 0.00308631918517
412.09 0.00303218163624
412.1 0.00297855323125
412.11 0.00292539927047
412.12 0.00287269058624
412.13 0.00282040337458
412.14 0.00276851901012
412.15 0.00271702384625
412.16 0.00266590900301
412.17 0.00261517014465
412.18 0.00256480724923
412.19 0.00251482437215
412.2 0.00246522940555
412.21 0.00241603383564
412.22 0.00236725249953
412.23 0.00231890334323
412.24 0.00227100718244
412.25 0.00222358746741
412.26 0.00217667005315
412.27 0.00213028297603
412.28 0.0020844562379
412.29 0.0020392215983
412.3 0.00199461237565
412.31 0.00195066325783
412.32 0.00190741012256
412.33 0.00186488986789
412.34 0.00182314025287
412.35 0.00178219974843
412.36 0.00174210739843
412.37 0.00170290269052
412.38 0.0016646254367
412.39 0.00162731566301
412.4 0.00159101350795
412.41 0.00155575912914
412.42 0.00152159261753
412.43 0.00148855391852
412.44 0.00145668275942
412.45 0.00142601858235
412.46 0.00139660048208
412.47 0.00136846714787
412.48 0.00134165680871
412.49 0.0013162071812
412.5 0.00129215541942
412.51 0.00126953806608
412.52 0.00124839100434
412.53 0.00122874940973
412.54 0.00121064770171
412.55 0.00119411949426
412.56 0.00117919754525
412.57 0.00116591370415
412.58 0.00115429885785
412.59 0.00114438287442
412.6 0.00113619454461
412.61 0.00112976152116
412.62 0.00112511025582
412.63 0.00112226593425
412.64 0.00112125240902
412.65 0.00112209213078
412.66 0.00112480607813
412.67 0.00112941368629
412.68 0.00113593277532
412.69 0.00114437947796
412.7 0.00115476816801
412.71 0.00116711138946
412.72 0.00118141978721
412.73 0.0011977020398
412.74 0.00121596479492
412.75 0.00123621260818
412.76 0.00125844788594
412.77 0.00128267083263
412.78 0.00130887940339
412.79 0.00133706926236
412.8 0.00136723374737
412.81 0.00139936384144
412.82 0.00143344815154
412.83 0.00146947289509
412.84 0.00150742189446
412.85 0.00154727657975
412.86 0.0015890160001
412.87 0.00163261684363
412.88 0.00167805346604
412.89 0.0017252979278
412.9 0.00177432003985
412.91 0.00182508741758
412.92 0.0018775655427
412.93 0.00193171783275
412.94 0.00198750571759
412.95 0.00204488872243
412.96 0.0021038245567
412.97 0.00216426920803
412.98 0.00222617704049
412.99 0.00228950089638
413.0 0.00235419220048
413.01 0.00242020106588
413.02 0.00248747640034
413.03 0.00255596601225
413.04 0.00262561671498
413.05 0.00269637442866
413.06 0.00276818427838
413.07 0.00284099068764
413.08 0.0029147374661
413.09 0.00298936789081
413.1 0.00306482477968
413.11 0.00314105055674
413.12 0.0032179873081
413.13 0.00329557682811
413.14 0.00337376065507
413.15 0.00345248009611
413.16 0.00353167624072
413.17 0.00361128996299
413.18 0.00369126191212
413.19 0.00377153249162
413.2 0.00385204182714
413.21 0.00393272972341
413.22 0.0040135356107
413.23 0.00409439848161
413.24 0.0041752568188
413.25 0.00425604851467
413.26 0.00433671078417
413.27 0.00441718007182
413.28 0.00449739195426
413.29 0.00457728104
413.3 0.00465678086758
413.31 0.00473582380411
413.32 0.00481434094565
413.33 0.00489226202138
413.34 0.00496951530324
413.35 0.00504602752295
413.36 0.00512172379824
413.37 0.00519652757003
413.38 0.00527036055249
413.39 0.0053431426976
413.4 0.00541479217588
413.41 0.00548522537488
413.42 0.00555435691688
413.43 0.00562209969708
413.44 0.00568836494348
413.45 0.00575306229935
413.46 0.00581609992931
413.47 0.00587738464937
413.48 0.00593682208156
413.49 0.00599431683315
413.5 0.00604977270061
413.51 0.00610309289789
413.52 0.00615418030849
413.53 0.00620293776076
413.54 0.00624926832517
413.55 0.00629307563254
413.56 0.00633426421164
413.57 0.00637273984451
413.58 0.00640840993765
413.59 0.0064411839069
413.6 0.0064709735738
413.61 0.00649769357093
413.62 0.00652126175362
413.63 0.00654159961537
413.64 0.00655863270408
413.65 0.00657229103613
413.66 0.00658250950541
413.67 0.00658922828427
413.68 0.00659239321325
413.69 0.00659195617674
413.7 0.0065878754615
413.71 0.00658011609517
413.72 0.00656865016196
413.73 0.0065534570929
413.74 0.00653452392805
413.75 0.00651184554835
413.76 0.00648542487492
413.77 0.00645527303391
413.78 0.0064214094851
413.79 0.00638386211278
413.8 0.0063426672778
413.81 0.00629786982968
413.82 0.00624952307826
413.83 0.0061976887244
413.84 0.00614243674979
413.85 0.00608384526589
413.86 0.00602200032273
413.87 0.00595699567817
413.88 0.00588893252884
413.89 0.00581791920404
413.9 0.00574407082426
413.91 0.00566750892618
413.92 0.00558836105624
413.93 0.00550676033518
413.94 0.00542284499591
413.95 0.00533675789766
413.96 0.00524864601901
413.97 0.005158659933
413.98 0.00506695326723
413.99 0.00497368215236
414.0 0.004879004662
414.01 0.00478308024741
414.02 0.00468606917035
414.03 0.00458813193708
414.04 0.00448942873707
414.05 0.00439011888923
414.06 0.00429036029902
414.07 0.00419030892915
414.08 0.00409011828681
414.09 0.00398993893005
414.1 0.00388991799584
414.11 0.00379019875202
414.12 0.00369092017539
414.13 0.00359221655766
414.14 0.00349421714114
414.15 0.00339704578544
414.16 0.00330082066642
414.17 0.00320565400849
414.18 0.00311165185087
414.19 0.00301891384827
414.2 0.00292753310641
414.21 0.00283759605221
414.22 0.00274918233865
414.23 0.0026623647836
414.24 0.00257720934234
414.25 0.00249377511256
414.26 0.00241211437115
414.27 0.00233227264134
414.28 0.00225428878897
414.29 0.00217819514634
414.3 0.002104017662
414.31 0.00203177607474
414.32 0.00196148411001
414.33 0.00189314969669
414.34 0.00182677520238
414.35 0.00176235768507
414.36 0.00169988915919
414.37 0.00163935687398
414.38 0.00158074360194
414.39 0.00152402793557
414.4 0.00146918459012
414.41 0.00141618471051
414.42 0.00136499618044
414.43 0.00131558393186
414.44 0.00126791025289
414.45 0.00122193509279
414.46 0.00117761636201
414.47 0.00113491022611
414.48 0.00109377139203
414.49 0.00105415338552
414.5 0.00101600881845
414.51 0.000979289645205
414.52 0.000943947406954
414.53 0.000909933463295
414.54 0.000877199210446
414.55 0.000845696285512
414.56 0.000815376756397
414.57 0.00078619329707
414.58 0.000758099347988
414.59 0.000731049261612
414.6 0.000704998433033
414.61 0.000679903415834
414.62 0.000655722023406
414.63 0.000632413416009
414.64 0.000609938173965
414.65 0.000588258357434
414.66 0.000567337553269
414.67 0.000547140909535
414.68 0.000527635158308
414.69 0.000508788627397
414.7 0.0004905712417
414.71 0.000472954514912
414.72 0.000455911532309
414.73 0.000439416925381
414.74 0.000423446839063
414.75 0.000407978892331
414.76 0.000392992132918
414.77 0.000378466986893
414.78 0.000364385203841
414.79 0.00035072979836
414.8 0.000337484988542
414.81 0.000324636132134
414.82 0.000312169660978
414.83 0.000300073014347
414.84 0.000288334571736
414.85 0.000276943585631
414.86 0.000265890114742
414.87 0.000255164958155
414.88 0.0002447595908
414.89 0.000234666100608
414.9 0.000224877127683
414.91 0.000215385805767
414.92 0.000206185706254
414.93 0.00019727078495
414.94 0.000188635331768
414.95 0.00018027392346
414.96 0.000172181379523
414.97 0.000164352721315
414.98 0.000156783134443
414.99 0.000149467934411
415.0 0.000142402535519
415.01 0.000135582422978
415.02 0.000129003128156
415.03 0.000122660206894
415.04 0.000116549220771
415.05 0.000110665721213
415.06 0.00010500523631
415.07 9.95632601968e-05
415.08 9.43352448569e-05
415.09 8.9316594179e-05
415.1 8.4502660113e-05
415.11 7.9888740754e-05
415.12 7.54700801879e-05
415.13 7.12418699303e-05
415.14 6.71992517902e-05
415.15 6.33373219958e-05
415.16 5.96511364194e-05
415.17 5.61357167466e-05
415.18 5.27860574381e-05
415.19 4.95971333407e-05
415.2 4.65639078091e-05
415.21 4.3681341211e-05
415.22 4.0944399692e-05
415.23 3.83480640886e-05
415.24 3.58873388849e-05
415.25 3.35572611177e-05
415.26 3.13529091423e-05
415.27 2.92694111834e-05
415.28 2.73019536001e-05
415.29 2.54457888058e-05
415.3 2.36962427903e-05
415.31 2.20487222007e-05
415.32 2.04987209441e-05
415.33 1.90418262839e-05
415.34 1.76737244065e-05
415.35 1.63902054446e-05
415.36 1.51871679459e-05
415.37 1.40606227847e-05
415.38 1.30066965168e-05
415.39 1.20216341841e-05
415.4 1.11018015793e-05
415.41 1.02436869837e-05
415.42 9.44390239608e-06
415.43 8.69918427244e-06
415.44 8.00639379862e-06
415.45 7.36251672059e-06
415.46 6.76466275804e-06
415.47 6.21006462872e-06
415.48 5.69607671143e-06
415.49 5.22017337638e-06
415.5 4.77994701183e-06
415.51 4.37310577601e-06
415.52 3.9974711029e-06
415.53 3.65097499015e-06
415.54 3.33165709689e-06
415.55 3.03766167789e-06
415.56 2.76723438024e-06
415.57 2.51871892697e-06
415.58 2.29055371139e-06
415.59 2.08126832429e-06
415.6 1.88948003494e-06
415.61 1.71389024552e-06
415.62 1.55328093715e-06
415.63 1.40651112413e-06
415.64 1.27251333191e-06
415.65 1.15029011256e-06
415.66 1.03891061035e-06
415.67 9.37507188619e-07
415.68 8.45272127843e-07
415.69 7.61454403461e-07
415.7 6.85356550963e-07
415.71 6.16331624466e-07
415.72 5.53780253973e-07
415.73 4.97147805506e-07
415.74 4.45921647315e-07
415.75 3.99628524505e-07
415.76 3.57832043614e-07
415.77 3.20130267897e-07
415.78 2.86153423427e-07
415.79 2.55561715477e-07
415.8 2.28043254139e-07
415.81 2.03312087581e-07
415.82 1.81106341e-07
415.83 1.61186458869e-07
415.84 1.43333547824e-07
415.85 1.2734781722e-07
415.86 1.13047114197e-07
415.87 1.00265549896e-07
415.88 8.88522133244e-08
415.89 7.86699692965e-08
415.9 6.95943367654e-08
415.91 6.15124438608e-08
415.92 5.43220559188e-08
415.93 4.79306728078e-08
415.94 4.22546918949e-08
415.95 3.72186330479e-08
415.96 3.27544221442e-08
415.97 2.88007296402e-08
415.98 2.53023608564e-08
415.99 2.22096947376e-08
416.0 1.94781679659e-08
416.01 1.70678014248e-08
416.02 1.49427661384e-08
416.03 1.30709859397e-08
416.04 1.14237742537e-08
416.05 9.97550251029e-09
416.06 8.70329783586e-09
416.07 7.58676780106e-09
416.08 6.60775013011e-09
416.09 5.75008540289e-09
416.1 4.99941090226e-09
416.11 4.34297387775e-09
416.12 3.76946261046e-09
416.13 3.26885377406e-09
416.14 2.83227469142e-09
416.15 2.45187918701e-09
416.16 2.12073583059e-09
416.17 1.83272745786e-09
416.18 1.58246093996e-09
416.19 1.36518625376e-09
416.2 1.17672398136e-09
416.21 1.01340043793e-09
416.22 8.71989694236e-10
416.23 7.49661821737e-10
416.24 6.4393674678e-10
416.25 5.52643153711e-10
416.26 4.73881926979e-10
416.27 4.05993668385e-10
416.28 3.47529868357e-10
416.29 2.97227349392e-10
416.3 2.53985636051e-10
416.31 2.16846939034e-10
416.32 1.84978471346e-10
416.33 1.57656842348e-10
416.34 1.34254300954e-10
416.35 1.14226622352e-10
416.36 9.71024537217e-11
416.37 8.24739535926e-11
416.38 6.99885767907e-11
416.39 5.93418727009e-11
416.4 5.02711787411e-11
416.41 4.25501037879e-11
416.42 3.59837078393e-11
416.43 3.04042946014e-11
416.44 2.56677430226e-11
416.45 2.16503121781e-11
416.46 1.82458614073e-11
416.47 1.53634343227e-11
416.48 1.29251612949e-11
416.49 1.08644403688e-11
416.5 9.12436132135e-12
416.51 7.65634180383e-12
416.52 6.41894827182e-12
416.53 5.37687773616e-12
416.54 4.50007932178e-12
416.55 3.76299723037e-12
416.56 3.14391900901e-12
416.57 2.62441506003e-12
416.58 2.18885711884e-12
416.59 1.82400500218e-12
416.6 1.51865231389e-12
416.61 1.26332300991e-12
416.62 1.05001178902e-12
416.63 8.71962207469e-13
416.64 7.23477230005e-13
416.65 5.99757641017e-13
416.66 4.96764359266e-13
416.67 4.11101239634e-13
416.68 3.39915414906e-13
416.69 2.8081263845e-13
416.7 2.31785442613e-13
416.71 1.91152234374e-13
416.72 1.57505715206e-13
416.73 1.29669241661e-13
416.74 1.066599413e-13
416.75 8.76575695524e-14
416.76 7.19782402607e-14
416.77 5.90522893989e-14
416.78 4.84056402699e-14
416.79 3.96441319737e-14
416.8 3.24403530492e-14
416.81 2.65225908206e-14
416.82 2.16655656794e-14
416.83 1.76826696942e-14
416.84 1.44194717469e-14
416.85 1.17482878907e-14
416.86 9.56364670265e-15
416.87 7.77850583534e-15
416.88 6.32109843347e-15
416.89 5.13230713846e-15
416.9 4.16347956326e-15
416.91 3.37461280076e-15
416.92 2.73284610177e-15
416.93 2.21121063605e-15
416.94 1.78759350213e-15
416.95 1.44388010822e-15
416.96 1.16524490484e-15
416.97 9.39565378044e-16
416.98 7.56938352914e-16
416.99 6.09281132624e-16
417.0 4.90002912805e-16
417.01 3.93734351611e-16
417.02 3.16105217994e-16
417.03 2.53561747384e-16
417.04 2.03216758699e-16
417.05 1.6272677489e-16
417.06 1.30191379016e-16
417.07 1.04070861596e-16
417.08 8.3118899761e-17
417.09 6.63275773131e-17
417.1 5.28825265363e-17
417.11 4.21263634445e-17
417.12 3.3528911725e-17
417.13 2.66629781823e-17
417.14 2.11846634981e-17
417.15 1.68173744975e-17
417.16 1.33388544453e-17
417.17 1.05706716881e-17
417.18 8.36970879517e-18
417.19 6.62127802698e-18
417.2 5.23355765901e-18
417.21 4.13310001663e-18
417.22 3.2612082266e-18
417.23 2.57101645464e-18
417.24 2.02513927241e-18
417.25 1.5937810106e-18
417.26 1.25321652513e-18
417.27 9.8457156841e-19
417.28 7.72844606757e-19
417.29 6.06123026826e-19
417.3 4.74955694107e-19
417.31 3.71851148015e-19
417.32 2.90876654905e-19
417.33 2.27338149351e-19
417.34 1.77524985565e-19
417.35 1.38506566759e-19
417.36 1.07970460873e-19
417.37 8.40936607666e-20
417.38 6.54402989441e-20
417.39 5.08804569716e-20
417.4 3.95257795694e-20
417.41 3.06784630317e-20
417.42 2.37908776877e-20
417.43 1.84336375101e-20
417.44 1.42703733111e-20
417.45 1.10378207811e-20
417.46 8.53011830848e-21
417.47 6.58643611306e-21
417.48 5.08123902761e-21
417.49 3.91662939608e-21
417.5 3.01633133481e-21
417.51 2.32096891989e-21
417.52 1.78436344057e-21
417.53 1.37063248489e-21
417.54 1.05191933392e-21
417.55 8.06617363617e-22
417.56 6.17982829297e-22
417.57 4.73052086775e-22
417.58 3.61797223292e-22
417.59 2.76468215137e-22
417.6 2.11080882192e-22
417.61 1.61018695909e-22
417.62 1.2272341219e-22
417.63 9.34549374741e-23
417.64 7.11051068184e-23
417.65 5.4053403861e-23
417.66 4.10552796394e-23
417.67 3.11557847029e-23
417.68 2.36228387817e-23
417.69 1.7895720596e-23
417.7 1.35453430218e-23
417.71 1.02436454196e-23
417.72 7.74003240867e-24
417.73 5.84325357838e-24
417.74 4.40748051261e-24
417.75 3.32161872699e-24
417.76 2.50111045968e-24
417.77 1.88165360584e-24
417.78 1.41439331222e-24
417.79 1.06224433534e-24
417.8 7.97080832879e-25
417.81 5.97590962019e-25
417.82 4.4764051605e-25
417.83 3.35025965464e-25
417.84 2.50525108893e-25
417.85 1.8717496658e-25
417.86 1.39723025617e-25
417.87 1.04210603543e-25
417.88 7.76568112173e-26
417.89 5.78190441941e-26
417.9 4.30116373385e-26
417.91 3.19686837242e-26
417.92 2.37403570999e-26
417.93 1.76146270345e-26
417.94 1.30582016023e-26
417.95 9.67201583875e-27
417.96 7.15771399959e-27
417.97 5.29243333339e-27
417.98 3.90985060516e-27
417.99 2.88594894104e-27
418.0 2.12833915824e-27
418.01 1.56825521459e-27
418.02 1.1545596023e-27
418.03 8.49258079786e-28
418.04 6.24146773427e-28
418.05 4.58308048993e-28
418.06 3.36241993556e-28
418.07 2.46473442968e-28
418.08 1.80514471462e-28
418.09 1.32092338552e-28
418.1 9.65754957818e-29
418.11 7.05472316431e-29
418.12 5.14892681033e-29
418.13 3.75471669275e-29
418.14 2.7356550898e-29
418.15 1.99144914632e-29
418.16 1.44844101183e-29
418.17 1.05258243403e-29
418.18 7.64249451055e-30
418.19 5.54418693863e-30
418.2 4.01850310094e-30
418.21 2.91014388883e-30
418.22 2.10566040237e-30
418.23 1.52224974544e-30
418.24 1.09953030186e-30
418.25 7.93509640592e-31
418.26 5.72164521731e-31
418.27 4.12205094443e-31
418.28 2.96708164812e-31
418.29 2.13387685244e-31
418.3 1.53332042147e-31
418.31 1.10082985632e-31
418.32 7.89643731871e-32
418.33 5.65934144908e-32
418.34 4.0525120495e-32
418.35 2.89938871916e-32
418.36 2.07258469771e-32
418.37 1.48027308398e-32
418.38 1.05631904472e-32
418.39 7.53133715244e-33
418.4 5.36503775405e-33
418.41 3.81853862152e-33
418.42 2.71547185017e-33
418.43 1.92937716922e-33
418.44 1.3696597004e-33
418.45 9.71475679606e-34
418.46 6.8845395676e-34
418.47 4.87462914059e-34
418.48 3.44851383736e-34
418.49 2.43750815884e-34
418.5 1.72140831187e-34
418.51 1.21463397768e-34
418.52 8.56309315003e-35
418.53 6.03169848128e-35
418.54 4.24494718377e-35
418.55 2.98489233792e-35
418.56 2.09704989534e-35
418.57 1.47201613004e-35
418.58 1.03238119827e-35
418.59 7.23421341614e-36
418.6 5.0648461688e-36
418.61 3.54294911185e-36
418.62 2.47620891119e-36
418.63 1.72915276048e-36
418.64 1.20643285249e-36
418.65 8.41001286549e-37
418.66 5.85752131801e-37
418.67 4.07619364948e-37
418.68 2.83412793464e-37
418.69 1.96882813055e-37
418.7 1.3665322128e-37
418.71 9.47666773288e-38
418.72 6.5662157205e-38
418.73 4.54567468404e-38
418.74 3.14416456955e-38
418.75 2.17288078643e-38
418.76 1.50034191549e-38
418.77 1.03506660688e-38
418.78 7.13460716157e-39
418.79 4.91355187715e-39
418.8 3.38099663431e-39
418.81 2.32443627129e-39
418.82 1.59666667685e-39
418.83 1.09580831549e-39
418.84 7.5141287907e-40
418.85 5.14809307099e-40
418.86 3.52401588659e-40
418.87 2.4101997545e-40
418.88 1.64699367249e-40
418.89 1.12448725111e-40
418.9 7.67080343034e-41
418.91 5.22818424592e-41
418.92 3.56028387188e-41
418.93 2.4223789408e-41
418.94 1.64673323272e-41
418.95 1.11847976234e-41
418.96 7.59026123399e-42
418.97 5.14646505965e-42
418.98 3.48646288632e-42
418.99 2.35985205501e-42
419.0 1.59590935198e-42
419.01 1.07833915531e-42
419.02 7.27991390029e-43
419.03 4.91044468649e-43
419.04 3.30932268382e-43
419.05 2.2283382832e-43
419.06 1.49915604223e-43
419.07 1.00771162792e-43
419.08 6.76782955742e-44
419.09 4.54136353242e-44
419.1 3.04471632722e-44
419.11 2.039534784e-44
419.12 1.36502029816e-44
419.13 9.12789876748e-45
419.14 6.0985450016e-45
419.15 4.07103994132e-45
419.16 2.71523989591e-45
419.17 1.80940073213e-45
419.18 1.20471697467e-45
419.19 8.01417847933e-46
419.2 5.32668117447e-46
419.21 3.53735061706e-46
419.22 2.34705478253e-46
419.23 1.55593717435e-46
419.24 1.03058685799e-46
419.25 6.82025881481e-47
419.26 4.50962909269e-47
419.27 2.97923323462e-47
419.28 1.96649070097e-47
419.29 1.29688958515e-47
419.3 8.54550673181e-48
419.31 5.6259562577e-48
419.32 3.70065495806e-48
419.33 2.43211748368e-48
419.34 1.59703420468e-48
419.35 1.04777395394e-48
419.36 6.86822780537e-49
419.37 4.49826976591e-49
419.38 2.94354049607e-49
419.39 1.92450146316e-49
419.4 1.25715894171e-49
419.41 8.20513714136e-50
419.42 5.35063359933e-50
419.43 3.48616784627e-50
419.44 2.26942108781e-50
419.45 1.47606537109e-50
419.46 9.59223499566e-51
419.47 6.22813102365e-51
419.48 4.04035367979e-51
419.49 2.6188145138e-51
419.5 1.69595297983e-51
419.51 1.09735358789e-51
419.52 7.09419433396e-52
419.53 4.58229755215e-52
419.54 2.95724431038e-52
419.55 1.90684255523e-52
419.56 1.22847459241e-52
419.57 7.90753703119e-53
419.58 5.08557428672e-53
419.59 3.26785278272e-53
419.6 2.09801542294e-53
419.61 1.34579398268e-53
419.62 8.62526009984e-54
419.63 5.52318424742e-54
419.64 3.53370730481e-54
419.65 2.25889128557e-54
419.66 1.44272579978e-54
419.67 9.20653013276e-55
419.68 5.86991580725e-55
419.69 3.73931005979e-55
419.7 2.37998815792e-55
419.71 1.51349791462e-55
419.72 9.61640111542e-56
419.73 6.10473794458e-56
419.74 3.87208777999e-56
419.75 2.45384470851e-56
419.76 1.55371968541e-56
419.77 9.82928604996e-57
419.78 6.21290899585e-57
419.79 3.92366321637e-57
419.8 2.47578066191e-57
419.81 1.56083258169e-57
419.82 9.83159976427e-58
419.83 6.18750796944e-58
419.84 3.8907297398e-58
419.85 2.4443875916e-58
419.86 1.53437950455e-58
419.87 9.62319352407e-59
419.88 6.03016732299e-59
419.89 3.77540215e-59
419.9 2.36167856107e-59
419.91 1.47605339501e-59
419.92 9.21737085452e-60
419.93 5.75089935577e-60
419.94 3.5849919567e-60
419.95 2.23287451293e-60
419.96 1.38951794505e-60
419.97 8.63948223153e-61
419.98 5.36704187989e-61
419.99 3.33124032523e-61
420.0 2.06585891417e-61
420.01 1.28002680529e-61
420.02 7.92430499961e-62
420.03 4.90147750403e-62
420.04 3.02912054894e-62
420.05 1.87037984136e-62
420.06 1.15389630199e-62
420.07 7.11258488433e-63
420.08 4.38038069126e-63
420.09 2.69537975387e-63
420.1 1.65711168735e-63
420.11 1.0179051492e-63
420.12 6.24721646984e-64
420.13 3.83080028229e-64
420.14 2.34701669696e-64
420.15 1.43670154972e-64
420.16 8.7870005526e-65
420.17 5.36955703416e-65
420.18 3.27838518294e-65
420.19 1.99988585749e-65
420.2 1.21891705229e-65
420.21 7.42278375757e-66
420.22 4.51630410355e-66
420.23 2.7455114441e-66
420.24 1.66758143624e-66
420.25 1.01198612457e-66
420.26 6.13600601175e-67
420.27 3.71724090463e-67
420.28 2.2499835921e-67
420.29 1.36069787677e-67
420.3 8.22181642439e-68
420.31 4.96360892463e-68
420.32 2.9939948594e-68
420.33 1.80438104596e-68
420.34 1.08649860992e-68
420.35 6.53662854443e-69
420.36 3.92918203511e-69
420.37 2.3597946154e-69
420.38 1.41602191397e-69
420.39 8.48964353835e-70
420.4 5.08548817923e-70
420.41 3.04368395786e-70
420.42 1.82007872806e-70
420.43 1.08743799982e-70
420.44 6.49146244199e-71
420.45 3.87172323577e-71
420.46 2.30722406843e-71
420.47 1.37372232012e-71
420.48 8.17206567796e-72
420.49 4.85722760445e-72
420.5 2.88448824339e-72
420.51 1.71148384607e-72
420.52 1.01461329329e-72
420.53 6.00968908741e-73
420.54 3.55653570426e-73
420.55 2.10293599245e-73
420.56 1.24236339792e-73
420.57 7.3332240502e-74
420.58 4.32478948869e-74
420.59 2.54834782092e-74
420.6 1.50029322389e-74
420.61 8.82505262868e-75
420.62 5.18659303798e-75
420.63 3.04558520446e-75
420.64 1.78682922773e-75
420.65 1.04741563883e-75
420.66 6.13449437781e-76
420.67 3.58973346751e-76
420.68 2.09879174723e-76
420.69 1.22602747885e-76
420.7 7.15574363408e-77
420.71 4.17285269625e-77
420.72 2.43128039428e-77
420.73 1.41533991365e-77
420.74 8.23209119859e-78
420.75 4.78391334585e-78
420.76 2.77766680164e-78
420.77 1.61139014979e-78
420.78 9.33995907675e-79
420.79 5.4089498484e-79
420.8 3.12971397075e-79
420.81 1.80933946013e-79
420.82 1.04510319092e-79
420.83 6.0314537937e-80
420.84 3.4778315979e-80
420.85 2.00363590365e-80
420.86 1.15332783647e-80
420.87 6.63300699918e-81
420.88 3.81146423976e-81
420.89 2.18825009422e-81
420.9 1.25523712279e-81
420.91 7.19413041005e-82
420.92 4.1195952625e-82
420.93 2.35697245132e-82
420.94 1.34734301551e-82
420.95 7.69530002462e-83
420.96 4.39133582404e-83
420.97 2.50375285282e-83
420.98 1.42629702413e-83
420.99 8.11805907831e-84
421.0 4.61655646179e-84
421.01 2.6230574823e-84
421.02 1.48909078778e-84
421.03 8.4461396597e-85
421.04 4.78651090088e-85
421.05 2.71021384046e-85
421.06 1.53324577907e-85
421.07 8.66649935961e-86
421.08 4.89439880105e-86
421.09 2.76171405233e-86
421.1 1.55697550011e-86
421.11 8.77018107642e-87
421.12 4.93581705481e-87
421.13 2.77544906001e-87
421.14 1.55930538897e-87
421.15 8.75291702179e-88
421.16 4.90905791081e-88
421.17 2.75085191516e-88
421.18 1.54013922198e-88
421.19 8.61542016765e-89
421.2 4.81522579227e-89
421.21 2.68893660391e-89
421.22 1.50026570668e-89
421.23 8.36333539742e-90
421.24 4.65816167446e-90
421.25 2.59222869891e-90
421.26 1.44130463592e-90
421.27 8.00685502573e-91
421.28 4.44418223724e-91
421.29 2.46459444812e-91
421.3 1.36559772608e-91
421.31 7.56003518173e-92
421.32 4.18165847991e-92
421.33 2.31098441845e-92
421.34 1.2760543914e-92
421.35 7.03987694842e-93
421.36 3.88047296625e-93
421.37 2.13711537555e-93
421.38 1.17596660275e-93
421.39 6.46525590603e-94
421.4 3.55140468969e-94
421.41 1.94911884523e-94
421.42 1.06880921542e-94
421.43 5.85579374424e-95
421.44 3.2054947178e-95
421.45 1.7531863161e-95
421.46 9.58042535484e-96
421.47 5.23076516893e-96
421.48 2.85344408938e-96
421.49 1.55523930712e-96
421.5 8.46932489454e-97
421.51 4.60812313016e-97
421.52 2.50508847683e-97
421.53 1.36064796351e-97
421.54 7.38400862378e-98
421.55 4.00370736528e-98
421.56 2.16898311538e-98
421.57 1.17401522222e-98
421.58 6.34914137094e-99
421.59 3.43067816978e-99
421.6 1.85211808868e-99
421.61 9.99035866288e-100
421.62 5.384150604e-100
421.63 2.89919235736e-100
421.64 1.55977004454e-100
421.65 8.38431974498e-101
421.66 4.50296738673e-101
421.67 2.41631462967e-101
421.68 1.29548347534e-101
421.69 6.93959274784e-102
421.7 3.71415311819e-102
421.71 1.9861376112e-102
421.72 1.06116417563e-102
421.73 5.66473420101e-103
421.74 3.02134421428e-103
421.75 1.61006936995e-103
421.76 8.57260241826e-104
421.77 4.56041629995e-104
421.78 2.42392963629e-104
421.79 1.28723915185e-104
421.8 6.83002329464e-105
421.81 3.62083589329e-105
421.82 1.91787020031e-105
421.83 1.01497020404e-105
421.84 5.36674657105e-106
421.85 2.8352580644e-106
421.86 1.49657268314e-106
421.87 7.89272090068e-107
421.88 4.15890873536e-107
421.89 2.18955443665e-107
421.9 1.15174362352e-107
421.91 6.05312438756e-108
421.92 3.17853569484e-108
421.93 1.66762462631e-108
421.94 8.74164607872e-109
421.95 4.5783801637e-109
421.96 2.39582005362e-109
421.97 1.25262262792e-109
421.98 6.54349872612e-110
421.99 3.41525789677e-110
422.0 1.78098679191e-110
422.01 9.27943653154e-111
422.02 4.8306572625e-111
422.03 2.51254909842e-111
422.04 1.30570961351e-111
422.05 6.77957326988e-112
422.06 3.51707660904e-112
422.07 1.82299303872e-112
422.08 9.44086755051e-113
422.09 4.88497687141e-113
422.1 2.52543870021e-113
422.11 1.30447230595e-113
422.12 6.73219377586e-114
422.13 3.47137926504e-114
422.14 1.78842706915e-114
422.15 9.20585471544e-115
422.16 4.73457184607e-115
422.17 2.43288184939e-115
422.18 1.2490649964e-115
422.19 6.40726623254e-116
422.2 3.28385683141e-116
422.21 1.68158711798e-116
422.22 8.60356098212e-117
422.23 4.39805669433e-117
422.24 2.24629669471e-117
422.25 1.14629691921e-117
422.26 5.84454685716e-118
422.27 2.97733893629e-118
422.28 1.51540746264e-118
422.29 7.70644846923e-119
422.3 3.91564082983e-119
422.31 1.98781118779e-119
422.32 1.00825671996e-119
422.33 5.10964622896e-120
422.34 2.58722531552e-120
422.35 1.30888467931e-120
422.36 6.61595022181e-121
422.37 3.34123318484e-121
422.38 1.68595141758e-121
422.39 8.49976733772e-122
422.4 4.28146829885e-122
422.41 2.15477605081e-122
422.42 1.08351582748e-122
422.43 5.44367378378e-123
422.44 2.73257843486e-123
422.45 1.37049322783e-123
422.46 6.86759797016e-124
422.47 3.4384011693e-124
422.48 1.72001383659e-124
422.49 8.5966856779e-125
422.5 4.29293059924e-125
422.51 2.14190596286e-125
422.52 1.06775261728e-125
422.53 5.31819921914e-126
422.54 2.64656321396e-126
422.55 1.3159023242e-126
422.56 6.53715449286e-127
422.57 3.2447224682e-127
422.58 1.60912608795e-127
422.59 7.97308342351e-128
422.6 3.94717383237e-128
422.61 1.95240499617e-128
422.62 9.64888832951e-129
422.63 4.76440160745e-129
422.64 2.35051570531e-129
422.65 1.15862171726e-129
422.66 5.70615920472e-130
422.67 2.80782357983e-130
422.68 1.38044612419e-130
422.69 6.78098555293e-131
422.7 3.32805035668e-131
422.71 1.63196436473e-131
422.72 7.99567561087e-132
422.73 3.91402300213e-132
422.74 1.91432333596e-132
422.75 9.3547228631e-133
422.76 4.5674128647e-133
422.77 2.22809307182e-133
422.78 1.08597567655e-133
422.79 5.2884765206e-134
422.8 2.5731480544e-134
422.81 1.25090026032e-134
422.82 6.0758116577e-135
422.83 2.94855772998e-135
422.84 1.42967946805e-135
422.85 6.9261427407e-136
422.86 3.35249321543e-136
422.87 1.62131757362e-136
422.88 7.83415184634e-137
422.89 3.78215734639e-137
422.9 1.82436155829e-137
422.91 8.79236978207e-138
422.92 4.23374493393e-138
422.93 2.03688798998e-138
422.94 9.79114128598e-139
422.95 4.70243931817e-139
422.96 2.25650757096e-139
422.97 1.08186756976e-139
422.98 5.18245002138e-140
422.99 2.48038933342e-140
423.0 1.18611910193e-140
423.01 5.66709453876e-141
423.02 2.70530557606e-141
423.03 1.29031548788e-141
423.04 6.148925133e-142
423.05 2.92769757388e-142
423.06 1.39276207658e-142
423.07 6.61989903078e-143
423.08 3.14376091708e-143
423.09 1.49166523506e-143
423.1 7.07158780516e-144
423.11 3.34954811618e-144
423.12 1.58518230548e-144
423.13 7.49541914196e-145
423.14 3.54108493434e-145
423.15 1.6714772743e-145
423.16 7.88294182138e-146
423.17 3.71449586279e-146
423.18 1.7487798844e-146
423.19 8.22610278547e-147
423.2 3.86613332608e-147
423.21 1.81544557806e-147
423.22 8.51752377857e-148
423.23 3.99270466616e-148
423.24 1.87001345989e-148
423.25 8.75076437639e-149
423.26 4.09139076296e-149
423.27 1.91125943797e-149
423.28 8.92055834755e-150
423.29 4.15995033694e-150
423.3 1.9382418481e-150
423.31 9.02301124853e-151
423.32 4.196804549e-151
423.33 1.95033718783e-151
423.34 9.05574890264e-152
423.35 4.20109743983e-152
423.36 1.94726406703e-152
423.37 9.01800885879e-153
423.38 4.17272897775e-153
423.39 1.92909409026e-153
423.4 8.91066991044e-154
423.41 4.1123589335e-154
423.42 1.8962490833e-154
423.43 8.7362180786e-155
423.44 4.0213813724e-155
423.45 1.84948481381e-155
423.46 8.49865089791e-156
423.47 3.90187114076e-156
423.48 1.78986208346e-156
423.49 8.20332515131e-157
423.5 3.75650521527e-157
423.51 1.71870673544e-157
423.52 7.85675615143e-158
423.53 3.5884630777e-158
423.54 1.63756068224e-158
423.55 7.46637906699e-159
423.56 3.40131128936e-159
423.57 1.54812647744e-159
423.58 7.04028448827e-160
423.59 3.19887810665e-160
423.6 1.45220820752e-160
423.61 6.58694132432e-161
423.62 2.98512426841e-161
423.63 1.35165155401e-161
423.64 6.11492019426e-162
423.65 2.76401599123e-162
423.66 1.24828577566e-162
423.67 5.63262974923e-163
423.68 2.53940575806e-163
423.69 1.14387009985e-163
423.7 5.14807693227e-164
423.71 2.31492572564e-164
423.72 1.04004661933e-164
423.73 4.66866018768e-165
423.74 2.09389758029e-165
423.75 9.38301299859e-166
423.76 4.20100224296e-166
423.77 1.87926152079e-166
423.78 8.39934155175e-167
423.79 3.75082649217e-167
423.8 1.6735258315e-167
423.81 7.46039080623e-168
423.82 3.32287840026e-168
423.83 1.47873731335e-168
423.84 6.57493293239e-169
423.85 2.92089089651e-169
423.86 1.29647174308e-169
423.87 5.74955838764e-170
423.88 2.54759057885e-170
423.89 1.12784259425e-170
423.9 4.98874221079e-171
423.91 2.20473981862e-171
423.92 9.73525521476e-172
423.93 4.29497904526e-172
423.94 1.89320860537e-172
423.95 8.33795607475e-173
423.96 3.668972431e-173
423.97 1.61306922843e-173
423.98 7.08574105267e-174
423.99 3.10986302023e-174
424.0 1.36370664183e-174
424.01 5.97481364003e-175
424.02 2.6154804875e-175
424.03 1.14393755375e-175
424.04 4.99892778638e-176
424.05 2.18260487632e-176
424.06 9.5213184709e-177
424.07 4.14994914631e-177
424.08 1.80722477025e-177
424.09 7.86330784834e-178
424.1 3.41839385608e-178
424.11 1.48478178948e-178
424.12 6.4435748541e-179
424.13 2.79392559452e-179
424.14 1.21039328825e-179
424.15 5.23916275407e-180
424.16 2.26579693841e-180
424.17 9.79047569928e-181
424.18 4.22678652744e-181
424.19 1.82322617718e-181
424.2 7.85768280292e-182
424.21 3.38354651684e-182
424.22 1.45570549779e-182
424.23 6.25746753983e-183
424.24 2.68749336747e-183
424.25 1.15324056268e-183
424.26 4.94442882997e-184
424.27 2.11804929356e-184
424.28 9.065248403e-185
424.29 3.87656497195e-185
424.3 1.65629670529e-185
424.31 7.07054549737e-186
424.32 3.01572278273e-186
424.33 1.2851494219e-186
424.34 5.47191756365e-187
424.35 2.32781884234e-187
424.36 9.89424192193e-188
424.37 4.20184069848e-188
424.38 1.78287277841e-188
424.39 7.55831238497e-189
424.4 3.20149651295e-189
424.41 1.35489282034e-189
424.42 5.729022953e-190
424.43 2.42035960191e-190
424.44 1.02165188668e-190
424.45 4.30873415827e-191
424.46 1.81559998504e-191
424.47 7.64388868244e-192
424.48 3.21537958226e-192
424.49 1.35136870712e-192
424.5 5.67465128682e-193
424.51 2.38082904557e-193
424.52 9.98023937795e-194
424.53 4.18001092066e-194
424.54 1.74919242235e-194
424.55 7.31343609133e-195
424.56 3.05512558029e-195
424.57 1.27514735653e-195
424.58 5.31759669448e-196
424.59 2.21561414538e-196
424.6 9.22351747868e-197
424.61 3.83638985176e-197
424.62 1.59430939162e-197
424.63 6.61982010911e-198
424.64 2.74627158728e-198
424.65 1.13832032976e-198
424.66 4.71421312981e-199
424.67 1.95064233959e-199
424.68 8.06435787707e-200
424.69 3.33108451003e-200
424.7 1.37475472777e-200
424.71 5.6687656757e-201
424.72 2.33547649796e-201
424.73 9.61360357765e-202
424.74 3.95385402042e-202
424.75 1.62472088908e-202
424.76 6.67053412441e-203
424.77 2.73631548855e-203
424.78 1.12149008847e-203
424.79 4.59249215619e-204
424.8 1.87899281415e-204
424.81 7.68113729232e-205
424.82 3.13725376206e-205
424.83 1.28025795276e-205
424.84 5.21998227503e-206
424.85 2.12649461294e-206
424.86 8.65532256837e-207
424.87 3.5198644688e-207
424.88 1.43018539092e-207
424.89 5.80607238653e-208
424.9 2.35502904162e-208
424.91 9.54407405926e-209
424.92 3.86451543967e-209
424.93 1.56343563078e-209
424.94 6.31958669989e-210
424.95 2.55223735036e-210
424.96 1.02985754737e-210
424.97 4.15199636569e-211
424.98 1.67247827763e-211
424.99 6.73112598788e-212
425.0 2.70669091682e-212
425.01 1.0874600823e-212
425.02 4.36527587497e-213
425.03 1.75078887738e-213
425.04 7.01583836674e-214
425.05 2.80898282433e-214
425.06 1.12367910418e-214
425.07 4.49116735455e-215
425.08 1.79349382053e-215
425.09 7.15589967747e-216
425.1 2.85267512078e-216
425.11 1.1362243655e-216
425.12 4.52167760891e-217
425.13 1.79787214182e-217
425.14 7.14235980029e-218
425.15 2.83496928477e-218
425.16 1.12429092234e-218
425.17 4.45484669112e-219
425.18 1.76364241151e-219
425.19 6.97608908263e-220
425.2 2.75700284333e-220
425.21 1.08864460011e-220
425.22 4.29495624662e-221
425.23 1.69299266969e-221
425.24 6.6676857614e-222
425.25 2.623728439e-222
425.26 1.03154066672e-222
425.27 4.05207558399e-223
425.28 1.59034897752e-223
425.29 6.23635806793e-224
425.3 2.44339321774e-224
425.31 9.56487718199e-225
425.32 3.74101236902e-225
425.33 1.46191661815e-225
425.34 5.70794492749e-226
425.35 2.22669461086e-226
425.36 8.67891139016e-227
425.37 3.37981993463e-227
425.38 1.31506004961e-227
425.39 5.11235870644e-228
425.4 1.98573259501e-228
425.41 7.70626471955e-229
425.42 2.98807018963e-229
425.43 1.15760762477e-229
425.44 4.48080119026e-230
425.45 1.73290072686e-230
425.46 6.69599938738e-231
425.47 2.58512078268e-231
425.48 9.97171793879e-232
425.49 3.84311025733e-232
425.5 1.47985585726e-232
425.51 5.69350491192e-233
425.52 2.18858639948e-233
425.53 8.40565198113e-234
425.54 3.22554292935e-234
425.55 1.23668177403e-234
425.56 4.73736455912e-235
425.57 1.81317351055e-235
425.58 6.93370941854e-236
425.59 2.64920533524e-236
425.6 1.01132168001e-236
425.61 3.85732939099e-237
425.62 1.46996788907e-237
425.63 5.59696616888e-238
425.64 2.12922338958e-238
425.65 8.09307354902e-239
425.66 3.07347339947e-239
425.67 1.16618954252e-239
425.68 4.42112240547e-240
425.69 1.67463301189e-240
425.7 6.33768237141e-241
425.71 2.39643141228e-241
425.72 9.0536405946e-242
425.73 3.41747392149e-242
425.74 1.28887523989e-242
425.75 4.85668867096e-243
425.76 1.82849324915e-243
425.77 6.87812667957e-244
425.78 2.58506038198e-244
425.79 9.70722119538e-245
425.8 3.64202457915e-245
425.81 1.36525737575e-245
425.82 5.11340160044e-246
425.83 1.9135022935e-246
425.84 7.15437637571e-247
425.85 2.67262663834e-247
425.86 9.97535854081e-248
425.87 3.71999579034e-248
425.88 1.38605382289e-248
425.89 5.15990200943e-249
425.9 1.91922779983e-249
425.91 7.13239373454e-250
425.92 2.6483038168e-250
425.93 9.82480672355e-251
425.94 3.64169808018e-251
425.95 1.34867582025e-251
425.96 4.99039495032e-252
425.97 1.84495584659e-252
425.98 6.81491979145e-253
425.99 2.51512302421e-253
426.0 9.27430618123e-254
426.01 3.4168612119e-254
426.02 1.25775762944e-254
426.03 4.62583667025e-255
426.04 1.69983724676e-255
426.05 6.24091259755e-256
426.06 2.289351996e-256
426.07 8.39074951157e-257
426.08 3.07264688451e-257
426.09 1.12421211786e-257
426.1 4.10967599785e-258
426.11 1.50103430616e-258
426.12 5.47768892019e-259
426.13 1.99722881918e-259
426.14 7.27582083006e-260
426.15 2.64825548278e-260
426.16 9.63078032457e-261
426.17 3.49934519703e-261
426.18 1.27038631819e-261
426.19 4.60795831959e-262
426.2 1.66995584759e-262
426.21 6.04679364739e-263
426.22 2.18760556715e-263
426.23 7.90745272602e-264
426.24 2.85580073473e-264
426.25 1.03048793235e-264
426.26 3.71519515838e-265
426.27 1.3382709981e-265
426.28 4.81648501225e-266
426.29 1.73196883281e-266
426.3 6.22262521308e-267
426.31 2.23373129433e-267
426.32 8.01146473787e-268
426.33 2.87089054401e-268
426.34 1.0278862503e-268
426.35 3.67703015106e-269
426.36 1.31423502716e-269
426.37 4.69323820372e-270
426.38 1.67454132271e-270
426.39 5.96956731023e-271
426.4 2.12624619949e-271
426.41 7.56672516006e-272
426.42 2.69045716265e-272
426.43 9.55801958341e-273
426.44 3.39260628971e-273
426.45 1.20315816403e-273
426.46 4.26319987225e-274
426.47 1.509288902e-274
426.48 5.33866629955e-275
426.49 1.88676097535e-275
426.5 6.66230800849e-276
426.51 2.35047827443e-276
426.52 8.28536200243e-277
426.53 2.91803467109e-277
426.54 1.02681716416e-277
426.55 3.61010226166e-278
426.56 1.26814700715e-278
426.57 4.45085463619e-279
426.58 1.56077727304e-279
426.59 5.46842382794e-280
426.6 1.91428728192e-280
426.61 6.69538836845e-281
426.62 2.33974293992e-281
426.63 8.16928843341e-282
426.64 2.84986328935e-282
426.65 9.93316241306e-283
426.66 3.45919272184e-283
426.67 1.20360973863e-283
426.68 4.18427616054e-284
426.69 1.45337839379e-284
426.7 5.04383384636e-285
426.71 1.74890635633e-285
426.72 6.05893164893e-286
426.73 2.09724545928e-286
426.74 7.25314208019e-287
426.75 2.50626402001e-287
426.76 8.65269043747e-288
426.77 2.98468996936e-288
426.78 1.02865797664e-288
426.79 3.54214620204e-289
426.8 1.21866876414e-289
426.81 4.18917583254e-290
426.82 1.43878271431e-290
426.83 4.93725486162e-291
426.84 1.69277639064e-291
426.85 5.79878962029e-292
426.86 1.98471807552e-292
426.87 6.78709627357e-293
426.88 2.31895812709e-293
426.89 7.91635964768e-294
426.9 2.70011237038e-294
426.91 9.20156870479e-295
426.92 3.13303769672e-295
426.93 1.06584261402e-295
426.94 3.62279910831e-296
426.95 1.23032298285e-296
426.96 4.17462754199e-297
426.97 1.41527242078e-297
426.98 4.79386793837e-298
426.99 1.6223920166e-298
427.0 5.48591719207e-299
427.01 1.85338825908e-299
427.02 6.25615182544e-300
427.03 2.1099485454e-300
427.04 7.10984547103e-301
427.05 2.39371351247e-301
427.06 8.0520765241e-302
427.07 2.70624635253e-302
427.08 9.08762663185e-303
427.09 3.04899937506e-303
427.1 1.02208710145e-303
427.11 3.42327818366e-304
427.12 1.14556619568e-304
427.13 3.83020394634e-305
427.14 1.27952071595e-305
427.15 4.27067434855e-306
427.16 1.42419449831e-306
427.17 4.74532392483e-307
427.18 1.57974189494e-307
427.19 5.25448456505e-308
427.2 1.74621541599e-308
427.21 5.79814707973e-309
427.22 1.92355385521e-309
427.23 6.37592478125e-310
427.24 2.11157121106e-310
427.25 6.98702009133e-311
427.26 2.30994672861e-311
427.27 7.6301952141e-312
427.28 2.51821639219e-312
427.29 8.30374791647e-313
427.3 2.7357661952e-313
427.31 9.00549342962e-314
427.32 2.96182749947e-314
427.33 9.73275342942e-315
427.34 3.19547477082e-315
427.35 1.04823529152e-315
427.36 3.43562598063e-316
427.37 1.12506257356e-316
427.38 3.68104548159e-317
427.39 1.20334282855e-317
427.4 3.93035150054e-318
427.41 1.28261911989e-318
427.42 4.18201865922e-319
427.43 1.36238601841e-319
427.44 4.43423917143e-320
427.45 1.44217762021e-320
427.46 4.68374232258e-321
427.47 1.52172218919e-321
427.48 4.94065645841e-322
427.49 1.58101006669e-322
427.5 4.94065645841e-323
427.51 1.48219693752e-323
427.52 4.94065645841e-324
427.53 0.0
427.54 0.0
427.55 0.0
427.56 0.0
427.57 0.0
427.58 0.0
427.59 0.0
427.6 0.0
427.61 0.0
427.62 0.0
427.63 0.0
427.64 0.0
427.65 0.0
427.66 0.0
427.67 0.0
427.68 0.0
427.69 0.0
427.7 0.0
427.71 0.0
427.72 0.0
427.73 0.0
427.74 0.0
427.75 0.0
427.76 0.0
427.77 0.0
427.78 0.0
427.79 0.0
427.8 0.0
427.81 0.0
427.82 0.0
427.83 0.0
427.84 0.0
427.85 0.0
427.86 0.0
427.87 0.0
427.88 0.0
427.89 0.0
427.9 0.0
427.91 0.0
427.92 0.0
427.93 0.0
427.94 0.0
427.95 0.0
427.96 0.0
427.97 0.0
427.98 0.0
427.99 0.0
428.0 0.0
428.01 0.0
428.02 0.0
428.03 0.0
428.04 0.0
428.05 0.0
428.06 0.0
428.07 0.0
428.08 0.0
428.09 0.0
428.1 0.0
428.11 0.0
428.12 0.0
428.13 0.0
428.14 0.0
428.15 0.0
428.16 0.0
428.17 0.0
428.18 0.0
428.19 0.0
428.2 0.0
428.21 0.0
428.22 0.0
428.23 0.0
428.24 0.0
428.25 0.0
428.26 0.0
428.27 0.0
428.28 0.0
428.29 0.0
428.3 0.0
428.31 0.0
428.32 0.0
428.33 0.0
428.34 0.0
428.35 0.0
428.36 0.0
428.37 0.0
428.38 0.0
428.39 0.0
428.4 0.0
428.41 0.0
428.42 0.0
428.43 0.0
428.44 0.0
428.45 0.0
428.46 0.0
428.47 0.0
428.48 0.0
428.49 0.0
428.5 0.0
428.51 0.0
428.52 0.0
428.53 0.0
428.54 0.0
428.55 0.0
428.56 0.0
428.57 0.0
428.58 0.0
428.59 0.0
428.6 0.0
428.61 0.0
428.62 0.0
428.63 0.0
428.64 0.0
428.65 0.0
428.66 0.0
428.67 0.0
428.68 0.0
428.69 0.0
428.7 0.0
428.71 0.0
428.72 0.0
428.73 0.0
428.74 0.0
428.75 0.0
428.76 0.0
428.77 0.0
428.78 0.0
428.79 0.0
428.8 0.0
428.81 0.0
428.82 0.0
428.83 0.0
428.84 0.0
428.85 0.0
428.86 0.0
428.87 0.0
428.88 0.0
428.89 0.0
428.9 0.0
428.91 0.0
428.92 0.0
428.93 0.0
428.94 0.0
428.95 0.0
428.96 0.0
428.97 0.0
428.98 0.0
428.99 0.0
429.0 0.0
429.01 0.0
429.02 0.0
429.03 0.0
429.04 0.0
429.05 0.0
429.06 0.0
429.07 0.0
429.08 0.0
429.09 0.0
429.1 0.0
429.11 0.0
429.12 0.0
429.13 0.0
429.14 0.0
429.15 0.0
429.16 0.0
429.17 0.0
429.18 0.0
429.19 0.0
429.2 0.0
429.21 0.0
429.22 0.0
429.23 0.0
429.24 0.0
429.25 0.0
429.26 0.0
429.27 0.0
429.28 0.0
429.29 0.0
429.3 0.0
429.31 0.0
429.32 0.0
429.33 0.0
429.34 0.0
429.35 0.0
429.36 0.0
429.37 0.0
429.38 0.0
429.39 0.0
429.4 0.0
429.41 0.0
429.42 0.0
429.43 0.0
429.44 0.0
429.45 0.0
429.46 0.0
429.47 0.0
429.48 0.0
429.49 0.0
429.5 0.0
429.51 0.0
429.52 0.0
429.53 0.0
429.54 0.0
429.55 0.0
429.56 0.0
429.57 0.0
429.58 0.0
429.59 0.0
429.6 0.0
429.61 0.0
429.62 0.0
429.63 0.0
429.64 0.0
429.65 0.0
429.66 0.0
429.67 0.0
429.68 0.0
429.69 0.0
429.7 0.0
429.71 0.0
429.72 0.0
429.73 0.0
429.74 0.0
429.75 0.0
429.76 0.0
429.77 0.0
429.78 0.0
429.79 0.0
429.8 0.0
429.81 0.0
429.82 0.0
429.83 0.0
429.84 0.0
429.85 0.0
429.86 0.0
429.87 0.0
429.88 0.0
429.89 0.0
429.9 0.0
429.91 0.0
429.92 0.0
429.93 0.0
429.94 0.0
429.95 0.0
429.96 0.0
429.97 0.0
429.98 0.0
429.99 0.0
