400.0 6.51109551785e-78
400.01 1.12192262586e-77
400.02 1.93150332053e-77
400.03 3.32239851626e-77
400.04 5.70994206425e-77
400.05 9.80472442582e-77
400.06 1.68214254172e-76
400.07 2.88345985573e-76
400.08 4.93842812139e-76
400.09 8.4505947807e-76
400.1 1.44480597732e-75
400.11 2.46805875743e-75
400.12 4.21235701539e-75
400.13 7.18320998945e-75
400.14 1.22387105907e-74
400.15 2.08341832743e-74
400.16 3.54356993146e-74
400.17 6.02184049723e-74
400.18 1.02244793148e-73
400.19 1.73451023067e-73
400.2 2.93992494656e-73
400.21 4.97873869848e-73
400.22 8.42415087241e-73
400.23 1.42415300774e-72
400.24 2.40553056281e-72
400.25 4.05965211701e-72
400.26 6.84526825243e-72
400.27 1.15322974926e-71
400.28 1.94117600716e-71
400.29 3.26465809749e-71
400.3 5.48572721216e-71
400.31 9.20988957103e-71
400.32 1.54489280532e-70
400.33 2.58920234009e-70
400.34 4.33568122282e-70
400.35 7.25391410668e-70
400.36 1.21258219383e-69
400.37 2.02522685119e-69
400.38 3.37955780797e-69
400.39 5.63468697743e-69
400.4 9.38649433848e-69
400.41 1.562286798e-68
400.42 2.59801596532e-68
400.43 4.31664745511e-68
400.44 7.16597120354e-68
400.45 1.18857679988e-67
400.46 1.96971390915e-67
400.47 3.2613902384e-67
400.48 5.39543040239e-67
400.49 8.91811637117e-67
400.5 1.47280038121e-66
400.51 2.43017950116e-66
400.52 4.00642051523e-66
400.53 6.59930835458e-66
400.54 1.08608552152e-65
400.55 1.78588438309e-65
400.56 2.93404227718e-65
400.57 4.81618441203e-65
400.58 7.89884443422e-65
400.59 1.2943380724e-64
400.6 2.11912026101e-64
400.61 3.46646798988e-64
400.62 5.66555548421e-64
400.63 9.25169937694e-64
400.64 1.50946914595e-63
400.65 2.46065473761e-63
400.66 4.00775194558e-63
400.67 6.52190846248e-63
400.68 1.06040624547e-62
400.69 1.72263619195e-62
400.7 2.79600903378e-62
400.71 4.53426904366e-62
400.72 7.34682531234e-62
400.73 1.18936691673e-61
400.74 1.92378133592e-61
400.75 3.10898962269e-61
400.76 5.02003274955e-61
400.77 8.09874156915e-61
400.78 1.30542595665e-60
400.79 2.10237730283e-60
400.8 3.38292825397e-60
400.81 5.43874413204e-60
400.82 8.73631290757e-60
400.83 1.40210793201e-59
400.84 2.24832155529e-59
400.85 3.60212778009e-59
400.86 5.7661178938e-59
400.87 9.22213835058e-59
400.88 1.47368092192e-58
400.89 2.35287579377e-58
400.9 3.75334300409e-58
400.91 5.98220401976e-58
400.92 9.5263799378e-58
400.93 1.51571758388e-57
400.94 2.4095303e-57
400.95 3.82710350076e-57
400.96 6.0733979086e-57
400.97 9.62979354129e-57
400.98 1.5255481838e-56
400.99 2.41467449434e-56
401.0 3.81869500264e-56
401.01 6.033857696e-56
401.02 9.52574313748e-56
401.03 1.50254117529e-55
401.04 2.36797771126e-55
401.05 3.72865800025e-55
401.06 5.86612352687e-55
401.07 9.22090546581e-55
401.08 1.44817033757e-54
401.09 2.27242437126e-54
401.1 3.56273025192e-54
401.11 5.58084752314e-54
401.12 8.73456106217e-54
401.13 1.36585855101e-53
401.14 2.13399834895e-53
401.15 3.3312417034e-53
401.16 5.19567434992e-53
401.17 8.09657631261e-53
401.18 1.26062123001e-52
401.19 1.96106293976e-52
401.2 3.04805051781e-52
401.21 4.73343591136e-52
401.22 7.34437011147e-52
401.23 1.13856104387e-51
401.24 1.76352572193e-51
401.25 2.72917251654e-51
401.26 4.21991683803e-51
401.27 6.51929311893e-51
401.28 1.00628462313e-50
401.29 1.55190408785e-50
401.3 2.39129210688e-50
401.31 3.68149399221e-50
401.32 5.66290497805e-50
401.33 8.70318399543e-50
401.34 1.33641323625e-49
401.35 2.05034566406e-49
401.36 3.14294739745e-49
401.37 4.81360947353e-49
401.38 7.36594219727e-49
401.39 1.12618430956e-48
401.4 1.72034025057e-48
401.41 2.62568692413e-48
401.42 4.00401084123e-48
401.43 6.10058188083e-48
401.44 9.28690469769e-48
401.45 1.41251942728e-47
401.46 2.14655283685e-47
401.47 3.25921078542e-47
401.48 4.94432519515e-47
401.49 7.49420067227e-47
401.5 1.13492541464e-46
401.51 1.71724807112e-46
401.52 2.59610626718e-46
401.53 3.92134999541e-46
401.54 5.91796591993e-46
401.55 8.92345475e-46
401.56 1.34436533073e-45
401.57 2.02360290875e-45
401.58 3.04338571915e-45
401.59 4.57311807038e-45
401.6 6.86580623476e-45
401.61 1.0298984004e-44
401.62 1.54355083503e-44
401.63 2.31137921168e-44
401.64 3.45816078285e-44
401.65 5.16943254084e-44
401.66 7.72083507826e-44
401.67 1.15215097505e-43
401.68 1.7178222363e-43
401.69 2.55900280017e-43
401.7 3.80878988026e-43
401.71 5.66404872267e-43
401.72 8.41570801288e-43
401.73 1.24933253503e-42
401.74 1.8530586003e-42
401.75 2.74614819099e-42
401.76 4.0661415948e-42
401.77 6.01540315074e-42
401.78 8.89141113827e-42
401.79 1.31310773159e-41
401.8 1.93755365097e-41
401.81 2.85647763458e-41
401.82 4.20757272827e-41
401.83 6.19235930053e-41
401.84 9.10551210577e-41
401.85 1.33775418148e-40
401.86 1.9636856692e-40
401.87 2.87999236712e-40
401.88 4.22021343092e-40
401.89 6.17875829298e-40
401.9 9.03840317475e-40
401.91 1.3210094549e-39
401.92 1.92905164396e-39
401.93 2.81452749538e-39
401.94 4.10289921812e-39
401.95 5.97585313264e-39
401.96 8.69626356829e-39
401.97 1.26441367752e-38
401.98 1.83683179671e-38
401.99 2.66608078477e-38
402.0 3.86634793108e-38
402.01 5.60211828682e-38
402.02 8.11012089593e-38
402.03 1.17307585064e-37
402.04 1.69530784998e-37
402.05 2.44790615401e-37
402.06 3.53154437598e-37
402.07 5.09047470751e-37
402.08 7.33120920191e-37
402.09 1.05491302307e-36
402.1 1.51663616401e-36
402.11 2.17856174699e-36
402.12 3.12667004094e-36
402.13 4.48350794349e-36
402.14 6.42358606419e-36
402.15 9.19519330215e-36
402.16 1.31512759985e-35
402.17 1.87931090303e-35
402.18 2.68320025846e-35
402.19 3.82764148841e-35
402.2 5.45548206114e-35
402.21 7.76888554562e-35
402.22 1.10537089969e-34
402.23 1.57137935594e-34
402.24 2.23191562225e-34
402.25 3.16736572877e-34
402.26 4.49099288546e-34
402.27 6.36224271826e-34
402.28 9.00537520267e-34
402.29 1.27355323512e-33
402.3 1.79951763561e-33
402.31 2.54049780181e-33
402.32 3.58348220576e-33
402.33 5.0502792607e-33
402.34 7.11130404511e-33
402.35 1.00047631953e-32
402.36 1.40633275644e-32
402.37 1.97511816794e-32
402.38 2.77154406372e-32
402.39 3.88574416927e-32
402.4 5.44315037923e-32
402.41 7.61816148261e-32
402.42 1.06530441781e-31
402.43 1.48840456858e-31
402.44 2.07774369576e-31
402.45 2.89792181807e-31
402.46 4.03836034352e-31
402.47 5.62272942284e-31
402.48 7.82191358722e-31
402.49 1.08718275549e-30
402.5 1.50978744319e-30
402.51 2.09484924912e-30
402.52 2.90411262189e-30
402.53 4.02251660702e-30
402.54 5.56680424427e-30
402.55 7.69728852776e-30
402.56 1.06339177053e-29
402.57 1.46781910611e-29
402.58 2.02430286797e-29
402.59 2.7893445091e-29
402.6 3.84018843873e-29
402.61 5.28234335624e-29
402.62 7.25979623402e-29
402.63 9.96887034663e-29
402.64 1.36770103839e-28
402.65 1.87482233258e-28
402.66 2.5677502023e-28
402.67 3.51373608384e-28
402.68 4.80406879111e-28
402.69 6.56255579913e-28
402.7 8.95695749091e-28
402.71 1.22143885062e-27
402.72 1.66420437204e-27
402.73 2.26550643518e-27
402.74 3.08139699111e-27
402.75 4.18748939992e-27
402.76 5.68569422465e-27
402.77 7.71324260148e-27
402.78 1.04547630748e-26
402.79 1.41584304527e-26
402.8 1.91575399959e-26
402.81 2.58993033545e-26
402.82 3.49832486212e-26
402.83 4.72123809935e-26
402.84 6.36612823057e-26
402.85 8.57666750204e-26
402.86 1.15447751238e-25
402.87 1.55265903374e-25
402.88 2.0863656486e-25
402.89 2.80109904323e-25
402.9 3.75742412337e-25
402.91 5.03588363125e-25
402.92 6.74349228589e-25
402.93 9.02231024108e-25
402.94 1.20607512628e-24
402.95 1.61084842735e-24
402.96 2.14960521275e-24
402.97 2.86606772301e-24
402.98 3.81801739207e-24
402.99 5.08174734627e-24
403.0 6.75790291293e-24
403.01 8.97913580057e-24
403.02 1.19201259447e-23
403.03 1.58106913542e-23
403.04 2.0952921694e-23
403.05 2.77435500015e-23
403.06 3.67031370878e-23
403.07 4.85141082069e-23
403.08 6.40702814439e-23
403.09 8.45413003346e-23
403.1 1.11456378513e-22
403.11 1.46813044352e-22
403.12 1.93218218543e-22
403.13 2.54071069286e-22
403.14 3.33799798061e-22
403.15 4.38167978898e-22
403.16 5.74670515711e-22
403.17 7.53044962006e-22
403.18 9.85931203313e-22
403.19 1.28972176341e-21
403.2 1.68565680316e-21
403.21 2.20123292143e-21
403.22 2.87201400754e-21
403.23 3.74395672744e-21
403.24 4.87639413018e-21
403.25 6.34586007308e-21
403.26 8.25098686854e-21
403.27 1.07187714976e-20
403.28 1.39125853639e-20
403.29 1.80424031985e-20
403.3 2.33778537943e-20
403.31 3.0264855524e-20
403.32 3.91468015627e-20
403.33 5.05915139943e-20
403.34 6.532550573e-20
403.35 8.42774909157e-20
403.36 1.08633588739e-19
403.37 1.39907297818e-19
403.38 1.80028110379e-19
403.39 2.31453626534e-19
403.4 2.97311268115e-19
403.41 3.81577238964e-19
403.42 4.89302309451e-19
403.43 6.26896409538e-19
403.44 8.024870114e-19
403.45 1.02637001025e-18
403.46 1.31157644432e-18
403.47 1.67458414559e-18
403.48 2.13621054507e-18
403.49 2.72273169213e-18
403.5 3.46728348435e-18
403.51 4.41161462587e-18
403.52 5.60827753554e-18
403.53 7.12336403531e-18
403.54 9.03991805564e-18
403.55 1.14621888796e-17
403.56 1.45209269344e-17
403.57 1.83799714369e-17
403.58 2.32444372653e-17
403.59 2.93708796424e-17
403.6 3.70799024646e-17
403.61 4.67717828938e-17
403.62 5.89458153876e-17
403.63 7.4224237806e-17
403.64 9.33817967989e-17
403.65 1.17382246827e-16
403.66 1.47423365927e-16
403.67 1.84992422551e-16
403.68 2.31934454585e-16
403.69 2.90536239663e-16
403.7 3.6362946402e-16
403.71 4.54717357945e-16
403.72 5.68129986521e-16
403.73 7.09214497132e-16
403.74 8.84567968843e-16
403.75 1.10232212952e-15
403.76 1.37249115934e-15
403.77 1.70739614994e-15
403.78 2.12218261459e-15
403.79 2.63545083932e-15
403.8 3.27002293785e-15
403.81 4.0538753542e-15
403.82 5.02127140152e-15
403.83 6.21413541458e-15
403.84 7.68371844357e-15
403.85 9.4926153817e-15
403.86 1.17172052976e-14
403.87 1.44506008887e-14
403.88 1.78062097981e-14
403.89 2.19220305284e-14
403.9 2.69658294151e-14
403.91 3.31413732565e-14
403.92 4.06959255097e-14
403.93 4.992925338e-14
403.94 6.12044397027e-14
403.95 7.49608484863e-14
403.96 9.17296578076e-14
403.97 1.12152450075e-13
403.98 1.37003439482e-13
403.99 1.67216021984e-13
404.0 2.03914456996e-13
404.01 2.48451635192e-13
404.02 3.02454056857e-13
404.03 3.67875344119e-13
404.04 4.47059842817e-13
404.05 5.42818140945e-13
404.06 6.58516646787e-13
404.07 7.98183737963e-13
404.08 9.66635420673e-13
404.09 1.16962393575e-12
404.1 1.41401332504e-12
404.11 1.70798664026e-12
404.12 2.06129025042e-12
404.13 2.48552159855e-12
404.14 2.99446779157e-12
404.15 3.60450359885e-12
404.16 4.33505880718e-12
404.17 5.20916645931e-12
404.18 6.25410531749e-12
404.19 7.50215197589e-12
404.2 8.99146043295e-12
404.21 1.07670896671e-11
404.22 1.2882202884e-11
404.23 1.53994656706e-11
404.24 1.83926743616e-11
404.25 2.19486505561e-11
404.26 2.61694429976e-11
404.27 3.11748840145e-11
404.28 3.7105554519e-11
404.29 4.41262192559e-11
404.3 5.24298027065e-11
404.31 6.22419858985e-11
404.32 7.38265154763e-11
404.33 8.7491328912e-11
404.34 1.03595613817e-10
404.35 1.22557935156e-10
404.36 1.44865581921e-10
404.37 1.71085304744e-10
404.38 2.01875638196e-10
404.39 2.38001026429e-10
404.4 2.80347998566e-10
404.41 3.29943671219e-10
404.42 3.8797688991e-10
404.43 4.55822359418e-10
404.44 5.35068155442e-10
404.45 6.27547056952e-10
404.46 7.35372190441e-10
404.47 8.60977534599e-10
404.48 1.00716389699e-09
404.49 1.17715104377e-09
404.5 1.37463673961e-09
404.51 1.60386353871e-09
404.52 1.86969425892e-09
404.53 2.17769717125e-09
404.54 2.53424204544e-09
404.55 2.94660831127e-09
404.56 3.42310672347e-09
404.57 3.97321605795e-09
404.58 4.60773651777e-09
404.59 5.33896169013e-09
404.6 6.1808710714e-09
404.61 7.14934536529e-09
404.62 8.26240696203e-09
404.63 9.54048822241e-09
404.64 1.10067304215e-08
404.65 1.26873164524e-08
404.66 1.46118406525e-08
404.67 1.68137193879e-08
404.68 1.93306463275e-08
404.69 2.22050966413e-08
404.7 2.54848846807e-08
404.71 2.92237800363e-08
404.72 3.34821872162e-08
404.73 3.83278945539e-08
404.74 4.38368983294e-08
404.75 5.00943084729e-08
404.76 5.71953426162e-08
404.77 6.52464156597e-08
404.78 7.43663324286e-08
404.79 8.4687591401e-08
404.8 9.63578078998e-08
404.81 1.0954126554e-07
404.82 1.24420605124e-07
404.83 1.41198660544e-07
404.84 1.60100451635e-07
404.85 1.81375344239e-07
404.86 2.05299388071e-07
404.87 2.3217784322e-07
404.88 2.62347906388e-07
404.89 2.96181648115e-07
404.9 3.34089172369e-07
404.91 3.76522009924e-07
404.92 4.23976756939e-07
404.93 4.76998970011e-07
404.94 5.36187328775e-07
404.95 6.02198076809e-07
404.96 6.7574975115e-07
404.97 7.57628210153e-07
404.98 8.48691968728e-07
404.99 9.49877849109e-07
405.0 1.06220695427e-06
405.01 1.18679096989e-06
405.02 1.32483879943e-06
405.03 1.47766353516e-06
405.04 1.64668976628e-06
405.05 1.83346122317e-06
405.06 2.03964875467e-06
405.07 2.26705863257e-06
405.08 2.51764117493e-06
405.09 2.79349967694e-06
405.1 3.09689963437e-06
405.11 3.43027824182e-06
405.12 3.79625414345e-06
405.13 4.19763741068e-06
405.14 4.63743971641e-06
405.15 5.1188846712e-06
405.16 5.64541828216e-06
405.17 6.22071949009e-06
405.18 6.84871073561e-06
405.19 7.53356849963e-06
405.2 8.27973375785e-06
405.21 9.09192228394e-06
405.22 9.97513472984e-06
405.23 1.09346664064e-05
405.24 1.19761166815e-05
405.25 1.31053979079e-05
405.26 1.43287437861e-05
405.27 1.56527170643e-05
405.28 1.70842164692e-05
405.29 1.86304827608e-05
405.3 2.02991037947e-05
405.31 2.20980184756e-05
405.32 2.40355194799e-05
405.33 2.61202546216e-05
405.34 2.83612267345e-05
405.35 3.07677919418e-05
405.36 3.3349656182e-05
405.37 3.61168698601e-05
405.38 3.90798204948e-05
405.39 4.22492232335e-05
405.4 4.5636109108e-05
405.41 4.92518109117e-05
405.42 5.31079465788e-05
405.43 5.72163999572e-05
405.44 6.15892988723e-05
405.45 6.62389903871e-05
405.46 7.11780131749e-05
405.47 7.64190669355e-05
405.48 8.19749787929e-05
405.49 8.78586666338e-05
405.5 9.40830993566e-05
405.51 0.000100661254022
405.52 0.000107606069912
405.53 0.000114930399529
405.54 0.000122646956573
405.55 0.000130768260989
405.56 0.000139306581158
405.57 0.000148273873365
405.58 0.000157681718679
405.59 0.000167541257422
405.6 0.000177863121423
405.61 0.000188657364269
405.62 0.000199933389818
405.63 0.000211699879231
405.64 0.000223964716842
405.65 0.000236734915182
405.66 0.000250016539505
405.67 0.000263814632206
405.68 0.000278133137511
405.69 0.000292974826868
405.7 0.000308341225476
405.71 0.000324232540393
405.72 0.000340647590711
405.73 0.000357583740264
405.74 0.000375036833364
405.75 0.000393001134059
405.76 0.000411469269414
405.77 0.000430432177318
405.78 0.0004498790593
405.79 0.000469797338858
405.8 0.000490172625758
405.81 0.00051098868679
405.82 0.000532227423394
405.83 0.000553868856603
405.84 0.000575891119671
405.85 0.000598270458774
405.86 0.000620981242082
405.87 0.000643995977522
405.88 0.00066728533945
405.89 0.00069081820446
405.9 0.000714561696469
405.91 0.000738481241186
405.92 0.000762540630023
405.93 0.000786702093426
405.94 0.000810926383588
405.95 0.000835172866405
405.96 0.0008593996225
405.97 0.00088356355709
405.98 0.000907620518372
405.99 0.000931525424096
406.0 0.000955232395893
406.01 0.000978694900892
406.02 0.0010018659001
406.03 0.00102469800296
406.04 0.00104714362746
406.05 0.00106915516518
406.06 0.00109068515039
406.07 0.00111168643271
406.08 0.0011321123523
406.09 0.00115191691695
406.1 0.00117105498014
406.11 0.00118948241926
406.12 0.00120715631319
406.13 0.00122403511825
406.14 0.00124007884186
406.15 0.00125524921292
406.16 0.00126950984815
406.17 0.00128282641364
406.18 0.00129516678082
406.19 0.00130650117606
406.2 0.00131680232338
406.21 0.00132604557956
406.22 0.00133420906104
406.23 0.00134127376228
406.24 0.00134722366495
406.25 0.00135204583783
406.26 0.0013557305269
406.27 0.00135827123568
406.28 0.00135966479553
406.29 0.00135991142602
406.3 0.00135901478539
406.31 0.00135698201133
406.32 0.00135382375226
406.33 0.00134955418963
406.34 0.00134419105148
406.35 0.00133775561806
406.36 0.00133027271993
406.37 0.00132177072937
406.38 0.00131228154593
406.39 0.00130184057694
406.4 0.00129048671396
406.41 0.00127826230622
406.42 0.00126521313209
406.43 0.00125138836981
406.44 0.0012368405685
406.45 0.00122162562087
406.46 0.00120580273874
406.47 0.00118943443262
406.48 0.00117258649681
406.49 0.00115532800106
406.5 0.00113773129023
406.51 0.00111987199303
406.52 0.0011018290413
406.53 0.00108368470064
406.54 0.00106552461377
406.55 0.0010474378576
406.56 0.00102951701484
406.57 0.00101185826113
406.58 0.00099456146838
406.59 0.000977730325086
406.6 0.000961472473912
406.61 0.000945899667136
406.62 0.000931127940071
406.63 0.00091727780257
406.64 0.000904474448512
406.65 0.000892847983008
406.66 0.000882533666856
406.67 0.00087367217761
406.68 0.000866409886415
406.69 0.000860899149538
406.7 0.000857298613354
406.71 0.000855773531286
406.72 0.000856496091023
406.73 0.000859645750076
406.74 0.00086540957756
406.75 0.000873982599821
406.76 0.000885568147363
406.77 0.000900378200261
406.78 0.000918633729096
406.79 0.000940565028197
406.8 0.000966412037826
406.81 0.000996424651732
406.82 0.00103086300636
406.83 0.00106999774781
406.84 0.00111411027259
406.85 0.00116349293794
406.86 0.00121844923763
406.87 0.0012792939388
406.88 0.00134635317564
406.89 0.00141996449546
406.9 0.00150047685287
406.91 0.00158825054767
406.92 0.00168365710236
406.93 0.0017870790751
406.94 0.00189890980409
406.95 0.00201955307966
406.96 0.00214942274055
406.97 0.00228894219091
406.98 0.00243854383531
406.99 0.00259866842877
407.0 0.00276976433984
407.01 0.00295228672472
407.02 0.00314669661109
407.03 0.00335345989075
407.04 0.0035730462208
407.05 0.00380592783346
407.06 0.00405257825554
407.07 0.00431347093882
407.08 0.00458907780375
407.09 0.00487986769898
407.1 0.00518630478047
407.11 0.00550884681433
407.12 0.00584794340837
407.13 0.00620403417795
407.14 0.00657754685277
407.15 0.00696889533149
407.16 0.00737847769216
407.17 0.00780667416696
407.18 0.00825384509039
407.19 0.00872032883074
407.2 0.00920643971514
407.21 0.00971246595929
407.22 0.0102386676129
407.23 0.0107852745332
407.24 0.0113524843975
407.25 0.0119404607692
407.26 0.0125493312276
407.27 0.0131791855755
407.28 0.0138300741375
407.29 0.0145020061603
407.3 0.0151949483292
407.31 0.0159088234111
407.32 0.0166435090379
407.33 0.0173988366393
407.34 0.0181745905373
407.35 0.0189705072124
407.36 0.019786274749
407.37 0.0206215324712
407.38 0.0214758707736
407.39 0.0223488311546
407.4 0.0232399064582
407.41 0.0241485413259
407.42 0.0250741328639
407.43 0.026016031525
407.44 0.026973542206
407.45 0.027945925559
407.46 0.0289323995127
407.47 0.029932141001
407.48 0.0309442878914
407.49 0.0319679411062
407.5 0.0330021669286
407.51 0.034045999482
407.52 0.0350984433726
407.53 0.0361584764812
407.54 0.0372250528913
407.55 0.0382971059375
407.56 0.039373551359
407.57 0.0404532905412
407.58 0.0415352138264
407.59 0.042618203878
407.6 0.043701139076
407.61 0.0447828969283
407.62 0.0458623574749
407.63 0.0469384066693
407.64 0.0480099397142
407.65 0.0490758643358
407.66 0.050135103976
407.67 0.0511866008856
407.68 0.0522293191008
407.69 0.0532622472876
407.7 0.0542844014367
407.71 0.0552948273977
407.72 0.0562926032367
407.73 0.0572768414079
407.74 0.0582466907273
407.75 0.0592013381412
407.76 0.060140010282
407.77 0.0610619748049
407.78 0.0619665415029
407.79 0.0628530631975
407.8 0.0637209364041
407.81 0.0645696017742
407.82 0.0653985443154
407.83 0.0662072933957
407.84 0.0669954225358
407.85 0.0677625489982
407.86 0.0685083331796
407.87 0.0692324778186
407.88 0.0699347270272
407.89 0.07061486516
407.9 0.0712727155308
407.91 0.0719081389937
407.92 0.0725210323983
407.93 0.0731113269366
407.94 0.0736789863942
407.95 0.0742240053213
407.96 0.0747464071373
407.97 0.0752462421846
407.98 0.0757235857445
407.99 0.0761785360303
408.0 0.0766112121695
408.01 0.077021752189
408.02 0.0774103110145
408.03 0.0777770584953
408.04 0.0781221774656
408.05 0.0784458618504
408.06 0.0787483148259
408.07 0.0790297470408
408.08 0.0792903749056
408.09 0.0795304189553
408.1 0.0797501022909
408.11 0.079949649101
408.12 0.0801292832701
408.13 0.0802892270718
408.14 0.0804296999506
408.15 0.0805509173916
408.16 0.0806530898784
408.17 0.0807364219388
408.18 0.0808011112755
408.19 0.0808473479832
408.2 0.0808753138473
408.21 0.0808851817238
408.22 0.0808771149978
408.23 0.0808512671188
408.24 0.0808077812094
408.25 0.0807467897469
408.26 0.0806684143148
408.27 0.0805727654227
408.28 0.0804599423932
408.29 0.0803300333151
408.3 0.0801831150603
408.31 0.0800192533666
408.32 0.0798385029833
408.33 0.0796409078811
408.34 0.0794265015271
408.35 0.0791953072238
408.36 0.0789473385145
408.37 0.0786825996545
408.38 0.0784010861509
408.39 0.0781027853702
408.4 0.0777876772158
408.41 0.077455734876
408.42 0.0771069256429
408.43 0.0767412118034
408.44 0.0763585516012
408.45 0.0759589002705
408.46 0.0755422111397
408.47 0.0751084368048
408.48 0.0746575303688
408.49 0.0741894467462
408.5 0.0737041440278
408.51 0.0732015849022
408.52 0.0726817381293
408.53 0.0721445800592
408.54 0.0715900961903
408.55 0.0710182827601
408.56 0.0704291483593
408.57 0.0698227155607
408.58 0.0691990225538
408.59 0.068558124775
408.6 0.0679000965221
408.61 0.0672250325417
408.62 0.0665330495798
408.63 0.0658242878808
408.64 0.065098912626
408.65 0.0643571152969
408.66 0.063599114953
408.67 0.0628251594117
408.68 0.0620355263184
408.69 0.0612305240959
408.7 0.0604104927636
408.71 0.0595758046141
408.72 0.0587268647407
408.73 0.0578641114058
408.74 0.0569880162441
408.75 0.0560990842932
408.76 0.0551978538472
408.77 0.0542848961303
408.78 0.0533608147861
408.79 0.0524262451826
408.8 0.0514818535335
408.81 0.050528335836
408.82 0.0495664166291
408.83 0.0485968475769
408.84 0.047620405881
408.85 0.0466378925323
408.86 0.0456501304064
408.87 0.044657962216
408.88 0.0436622483279
408.89 0.0426638644592
408.9 0.0416636992627
408.91 0.0406626518171
408.92 0.0396616290355
408.93 0.0386615430071
408.94 0.0376633082876
408.95 0.0366678391546
408.96 0.0356760468434
408.97 0.0346888367798
408.98 0.0337071058253
408.99 0.0327317395522
409.0 0.0317636095626
409.01 0.0308035708674
409.02 0.0298524593404
409.03 0.0289110892605
409.04 0.0279802509567
409.05 0.027060708567
409.06 0.0261531979241
409.07 0.0252584245777
409.08 0.0243770619632
409.09 0.0235097497247
409.1 0.0226570922001
409.11 0.0218196570746
409.12 0.0209979742058
409.13 0.020192534626
409.14 0.0194037897221
409.15 0.0186321505957
409.16 0.0178779876023
409.17 0.0171416300684
409.18 0.0164233661847
409.19 0.0157234430711
409.2 0.0150420670093
409.21 0.0143794038374
409.22 0.0137355795004
409.23 0.013110680749
409.24 0.0125047559785
409.25 0.0119178162007
409.26 0.0113498361369
409.27 0.0108007554254
409.28 0.0102704799317
409.29 0.00975888315039
409.3 0.00926580769086
409.31 0.00879106683321
409.32 0.00833444614543
409.33 0.0078957051506
409.34 0.00747457903356
409.35 0.00707078037662
409.36 0.00668400091435
409.37 0.00631391329736
409.38 0.00596017285586
409.39 0.00562241935377
409.4 0.00530027872495
409.41 0.0049933647834
409.42 0.00470128089999
409.43 0.00442362163863
409.44 0.00415997434575
409.45 0.00390992068704
409.46 0.00367303812665
409.47 0.00344890134401
409.48 0.00323708358462
409.49 0.00303715794141
409.5 0.0028486985641
409.51 0.0026712817943
409.52 0.00250448722512
409.53 0.00234789868413
409.54 0.00220110513932
409.55 0.0020637015282
409.56 0.00193528951058
409.57 0.00181547814595
409.58 0.00170388449703
409.59 0.00160013416118
409.6 0.00150386173181
409.61 0.00141471119228
409.62 0.00133233624499
409.63 0.00125640057856
409.64 0.00118657807629
409.65 0.00112255296927
409.66 0.00106401993749
409.67 0.00101068416253
409.68 0.000962261335559
409.69 0.000918477624108
409.7 0.000879069601517
409.71 0.000843784142551
409.72 0.000812378288893
409.73 0.000784619088079
409.74 0.000760283409339
409.75 0.000739157739744
409.76 0.000721037963942
409.77 0.000705729130599
409.78 0.000693045208563
409.79 0.000682808835578
409.8 0.000674851062219
409.81 0.000669011093557
409.82 0.000665136030871
409.83 0.000663080615533
409.84 0.000662706977023
409.85 0.000663884386837
409.86 0.000666489019841
409.87 0.000670403724468
409.88 0.000675517802944
409.89 0.000681726802564
409.9 0.000688932318838
409.91 0.000697041811187
409.92 0.00070596843166
409.93 0.000715630867033
409.94 0.000725953194441
409.95 0.000736864750607
409.96 0.00074830001455
409.97 0.00076019850355
409.98 0.00077250468203
409.99 0.000785167882896
410.0 0.000798142240786
410.01 0.000811386636589
410.02 0.000824864652515
410.03 0.000838544536929
410.04 0.000852399178105
410.05 0.000866406086004
410.06 0.000880547381143
410.07 0.000894809789599
410.08 0.00090918464315
410.09 0.000923667883583
410.1 0.000938260070144
410.11 0.000952966389157
410.12 0.000967796664834
410.13 0.000982765370299
410.14 0.000997891637913
410.15 0.001013199268
410.16 0.00102871673508
410.17 0.00104447719086
410.18 0.00106051846313
410.19 0.00107688304995
410.2 0.00109361810829
410.21 0.00111077543678
410.22 0.00112841145175
410.23 0.00114658715627
410.24 0.00116536810164
410.25 0.00118482434106
410.26 0.00120503037511
410.27 0.00122606508875
410.28 0.00124801167981
410.29 0.00127095757865
410.3 0.00129499435894
410.31 0.00132021763966
410.32 0.00134672697807
410.33 0.00137462575391
410.34 0.0014040210448
410.35 0.00143502349289
410.36 0.00146774716296
410.37 0.00150230939212
410.38 0.00153883063117
410.39 0.00157743427777
410.4 0.00161824650178
410.41 0.00166139606255
410.42 0.00170701411872
410.43 0.00175523403029
410.44 0.00180619115329
410.45 0.00186002262709
410.46 0.00191686715431
410.47 0.00197686477352
410.48 0.00204015662453
410.49 0.0021068847065
410.5 0.00217719162845
410.51 0.00225122035244
410.52 0.00232911392899
410.53 0.00241101522475
410.54 0.00249706664216
410.55 0.00258740983087
410.56 0.00268218539074
410.57 0.00278153256609
410.58 0.00288558893109
410.59 0.00299449006576
410.6 0.00310836922269
410.61 0.00322735698387
410.62 0.00335158090773
410.63 0.00348116516598
410.64 0.00361623017029
410.65 0.0037568921886
410.66 0.00390326295108
410.67 0.00405544924589
410.68 0.00421355250475
410.69 0.00437766837868
410.7 0.00454788630413
410.71 0.00472428906018
410.72 0.00490695231719
410.73 0.0050959441777
410.74 0.00529132471063
410.75 0.00549314547942
410.76 0.00570144906573
410.77 0.0059162685897
410.78 0.00613762722838
410.79 0.00636553773407
410.8 0.00660000195422
410.81 0.00684101035499
410.82 0.00708854155053
410.83 0.0073425618403
410.84 0.0076030247568
410.85 0.00786987062625
410.86 0.00814302614494
410.87 0.00842240397395
410.88 0.00870790235505
410.89 0.00899940475085
410.9 0.00929677951203
410.91 0.00959987957469
410.92 0.00990854219089
410.93 0.0102225886953
410.94 0.010541824311
410.95 0.0108660379974
410.96 0.0111950023426
410.97 0.0115284735041
410.98 0.0118661911986
410.99 0.0122078787454
411.0 0.012553243164
411.01 0.0129019753281
411.02 0.0132537501796
411.03 0.013608227001
411.04 0.0139650497504
411.05 0.0143238474583
411.06 0.0146842346875
411.07 0.0150458120565
411.08 0.0154081668262
411.09 0.0157708735488
411.1 0.0161334947803
411.11 0.0164955818531
411.12 0.0168566757086
411.13 0.0172163077879
411.14 0.0175740009783
411.15 0.0179292706126
411.16 0.0182816255193
411.17 0.0186305691201
411.18 0.0189756005702
411.19 0.0193162159402
411.2 0.0196519094321
411.21 0.0199821746278
411.22 0.0203065057648
411.23 0.0206243990332
411.24 0.020935353891
411.25 0.0212388743904
411.26 0.0215344705127
411.27 0.0218216595032
411.28 0.0220999672032
411.29 0.0223689293736
411.3 0.0226280930026
411.31 0.0228770175951
411.32 0.023115276436
411.33 0.0233424578244
411.34 0.0235581662715
411.35 0.0237620236592
411.36 0.0239536703538
411.37 0.0241327662704
411.38 0.0242989918837
411.39 0.0244520491816
411.4 0.0245916625571
411.41 0.0247175796363
411.42 0.0248295720378
411.43 0.0249274360616
411.44 0.0250109933056
411.45 0.0250800912053
411.46 0.0251346034978
411.47 0.0251744306059
411.48 0.025199499943
411.49 0.0252097661368
411.5 0.0252052111719
411.51 0.0251858444508
411.52 0.025151702774
411.53 0.0251028502383
411.54 0.025039378056
411.55 0.0249614042945
411.56 0.0248690735378
411.57 0.0247625564728
411.58 0.0246420494002
411.59 0.0245077736743
411.6 0.0243599750722
411.61 0.0241989230959
411.62 0.0240249102105
411.63 0.0238382510199
411.64 0.0236392813851
411.65 0.0234283574865
411.66 0.0232058548355
411.67 0.0229721672377
411.68 0.0227277057111
411.69 0.0224728973653
411.7 0.0222081842431
411.71 0.0219340221298
411.72 0.0216508793342
411.73 0.0213592354454
411.74 0.0210595800692
411.75 0.0207524115494
411.76 0.0204382356764
411.77 0.0201175643897
411.78 0.0197909144764
411.79 0.0194588062717
411.8 0.0191217623642
411.81 0.0187803063114
411.82 0.0184349613685
411.83 0.0180862492355
411.84 0.0177346888258
411.85 0.0173807950606
411.86 0.0170250776932
411.87 0.0166680401657
411.88 0.0163101785031
411.89 0.0159519802474
411.9 0.0155939234344
411.91 0.0152364756175
411.92 0.0148800929403
411.93 0.0145252192609
411.94 0.0141722853307
411.95 0.0138217080289
411.96 0.0134738896563
411.97 0.0131292172878
411.98 0.012788062187
411.99 0.0124507792836
412.0 0.0121177067131
412.01 0.0117891654215
412.02 0.0114654588335
412.03 0.0111468725855
412.04 0.0108336743218
412.05 0.0105261135553
412.06 0.0102244215892
412.07 0.00992881150168
412.08 0.00963947818906
412.09 0.00935659846841
412.1 0.00908033123571
412.11 0.0088108176785
412.12 0.00854818154022
412.13 0.00829252943361
412.14 0.0080439512005
412.15 0.00780252031488
412.16 0.00756829432612
412.17 0.00734131533908
412.18 0.00712161052775
412.19 0.00690919267878
412.2 0.00670406076155
412.21 0.00650620052099
412.22 0.00631558508962
412.23 0.00613217561517
412.24 0.00595592190021
412.25 0.00578676305019
412.26 0.00562462812639
412.27 0.00546943680059
412.28 0.00532110000788
412.29 0.00517952059484
412.3 0.00504459395974
412.31 0.00491620868227
412.32 0.00479424713998
412.33 0.00467858610902
412.34 0.00456909734706
412.35 0.00446564815628
412.36 0.00436810192467
412.37 0.00427631864415
412.38 0.00419015540413
412.39 0.00410946685946
412.4 0.00403410567201
412.41 0.00396392292509
412.42 0.00389876851052
412.43 0.00383849148815
412.44 0.00378294041786
412.45 0.00373196366431
412.46 0.00368540967501
412.47 0.00364312723226
412.48 0.00360496567989
412.49 0.00357077512572
412.5 0.00354040662093
412.51 0.00351371231755
412.52 0.00349054560556
412.53 0.0034707612309
412.54 0.00345421539619
412.55 0.00344076584548
412.56 0.00343027193499
412.57 0.0034225946913
412.58 0.00341759685887
412.59 0.00341514293845
412.6 0.00341509921816
412.61 0.00341733379888
412.62 0.00342171661553
412.63 0.00342811945582
412.64 0.00343641597788
412.65 0.00344648172831
412.66 0.00345819416177
412.67 0.00347143266352
412.68 0.00348607857582
412.69 0.00350201522929
412.7 0.00351912798011
412.71 0.0035373042537
412.72 0.00355643359563
412.73 0.00357640773014
412.74 0.00359712062665
412.75 0.00361846857464
412.76 0.00364035026671
412.77 0.00366266689005
412.78 0.00368532222613
412.79 0.00370822275816
412.8 0.00373127778615
412.81 0.00375439954897
412.82 0.00377750335277
412.83 0.0038005077051
412.84 0.00382333445391
412.85 0.0038459089305
412.86 0.00386816009553
412.87 0.00389002068687
412.88 0.00391142736833
412.89 0.00393232087805
412.9 0.00395264617523
412.91 0.00397235258399
412.92 0.00399139393308
412.93 0.00400972869007
412.94 0.00402732008858
412.95 0.00404413624736
412.96 0.0040601502797
412.97 0.00407534039192
412.98 0.00408968996951
412.99 0.00410318764972
413.0 0.00411582737925
413.01 0.00412760845576
413.02 0.00413853555226
413.03 0.00414861872292
413.04 0.00415787338957
413.05 0.00416632030781
413.06 0.00417398551174
413.07 0.00418090023684
413.08 0.00418710081997
413.09 0.00419262857624
413.1 0.00419752965214
413.11 0.00420185485467
413.12 0.00420565945634
413.13 0.00420900297596
413.14 0.00421194893531
413.15 0.00421456459207
413.16 0.00421692064927
413.17 0.00421909094201
413.18 0.00422115210204
413.19 0.00422318320118
413.2 0.00422526537465
413.21 0.0042274814255
413.22 0.00422991541155
413.23 0.00423265221637
413.24 0.00423577710601
413.25 0.0042393752734
413.26 0.00424353137219
413.27 0.00424832904247
413.28 0.00425385043034
413.29 0.0042601757039
413.3 0.00426738256799
413.31 0.0042755457803
413.32 0.00428473667153
413.33 0.00429502267222
413.34 0.00430646684906
413.35 0.00431912745339
413.36 0.00433305748479
413.37 0.00434830427236
413.38 0.00436490907666
413.39 0.00438290671481
413.4 0.00440232521153
413.41 0.00442318547858
413.42 0.00444550102511
413.43 0.00446927770117
413.44 0.0044945134766
413.45 0.00452119825728
413.46 0.00454931374047
413.47 0.00457883331108
413.48 0.00460972197994
413.49 0.00464193636548
413.5 0.00467542471967
413.51 0.00471012699871
413.52 0.00474597497908
413.53 0.00478289241883
413.54 0.00482079526409
413.55 0.00485959190011
413.56 0.00489918344628
413.57 0.00493946409382
413.58 0.00498032148495
413.59 0.00502163713174
413.6 0.00506328687282
413.61 0.00510514136563
413.62 0.00514706661179
413.63 0.00518892451288
413.64 0.00523057345363
413.65 0.00527186890938
413.66 0.00531266407447
413.67 0.00535281050802
413.68 0.00539215879345
413.69 0.0054305592078
413.7 0.0054678623973
413.71 0.00550392005478
413.72 0.0055385855954
413.73 0.00557171482622
413.74 0.00560316660611
413.75 0.0056328034916
413.76 0.00566049236523
413.77 0.00568610504232
413.78 0.0057095188527
413.79 0.00573061719405
413.8 0.0057492900533
413.81 0.00576543449328
413.82 0.00577895510181
413.83 0.00578976440045
413.84 0.00579778321087
413.85 0.00580294097673
413.86 0.00580517603945
413.87 0.0058044358664
413.88 0.00580067723063
413.89 0.00579386634133
413.9 0.00578397892468
413.91 0.00577100025513
413.92 0.00575492513735
413.93 0.00573575783953
413.94 0.00571351197907
413.95 0.00568821036184
413.96 0.00565988477668
413.97 0.005628575747
413.98 0.00559433224169
413.99 0.00555721134764
414.0 0.00551727790659
414.01 0.00547460411915
414.02 0.00542926911894
414.03 0.00538135852015
414.04 0.00533096394173
414.05 0.00527818251165
414.06 0.00522311635479
414.07 0.00516587206783
414.08 0.00510656018487
414.09 0.00504529463721
414.1 0.00498219221084
414.11 0.004917372005
414.12 0.0048509548953
414.13 0.00478306300445
414.14 0.00471381918381
414.15 0.00464334650875
414.16 0.00457176779033
414.17 0.00449920510619
414.18 0.00442577935268
414.19 0.00435160982057
414.2 0.00427681379614
414.21 0.00420150618927
414.22 0.00412579918996
414.23 0.00404980195433
414.24 0.00397362032115
414.25 0.00389735655926
414.26 0.00382110914642
414.27 0.00374497257971
414.28 0.00366903721721
414.29 0.00359338915068
414.3 0.0035181101087
414.31 0.00344327738929
414.32 0.00336896382129
414.33 0.00329523775301
414.34 0.00322216306701
414.35 0.00314979921948
414.36 0.00307820130255
414.37 0.00300742012777
414.38 0.00293750232907
414.39 0.00286849048313
414.4 0.00280042324527
414.41 0.00273333549895
414.42 0.00266725851671
414.43 0.00260222013068
414.44 0.00253824491063
414.45 0.00247535434752
414.46 0.00241356704086
414.47 0.00235289888777
414.48 0.00229336327227
414.49 0.00223497125286
414.5 0.00217773174712
414.51 0.00212165171158
414.52 0.0020667363158
414.53 0.00201298910929
414.54 0.00196041218029
414.55 0.00190900630542
414.56 0.00185877108946
414.57 0.00180970509461
414.58 0.00176180595868
414.59 0.00171507050181
414.6 0.00166949482165
414.61 0.00162507437667
414.62 0.00158180405775
414.63 0.00153967824823
414.64 0.00149869087251
414.65 0.00145883543378
414.66 0.00142010504113
414.67 0.00138249242676
414.68 0.00134598995377
414.69 0.00131058961539
414.7 0.00127628302628
414.71 0.0012430614067
414.72 0.00121091556059
414.73 0.00117983584816
414.74 0.00114981215412
414.75 0.00112083385237
414.76 0.0010928897681
414.77 0.00106596813808
414.78 0.00104005657025
414.79 0.0010151420033
414.8 0.000991210667177
414.81 0.000968248045192
414.82 0.000946238838679
414.83 0.000925166934715
414.84 0.000905015377666
414.85 0.0008857663451
414.86 0.000867401128622
414.87 0.000849900120062
414.88 0.000833242803441
414.89 0.000817407753013
414.9 0.000802372637659
414.91 0.000788114231798
414.92 0.000774608432946
414.93 0.000761830285958
414.94 0.00074975401393
414.95 0.000738353055692
414.96 0.000727600109711
414.97 0.000717467184231
414.98 0.000707925653353
414.99 0.000698946318762
415.0 0.000690499476716
415.01 0.0006825549899
415.02 0.00067508236369
415.03 0.00066805082634
415.04 0.000661429412582
415.05 0.000655187050099
415.06 0.000649292648303
415.07 0.000643715188863
415.08 0.000638423817368
415.09 0.000633387935564
415.1 0.000628577293563
415.11 0.000623962081426
415.12 0.000619513019565
415.13 0.000615201447383
415.14 0.000610999409608
415.15 0.000606879739804
415.16 0.00060281614054
415.17 0.000598783259761
415.18 0.000594756762906
415.19 0.000590713400374
415.2 0.000586631069949
415.21 0.00058248887387
415.22 0.000578267170232
415.23 0.000573947618476
415.24 0.000569513218748
415.25 0.000564948344968
415.26 0.000560238771467
415.27 0.000555371693129
415.28 0.000550335738987
415.29 0.000545120979273
415.3 0.000539718925979
415.31 0.000534122527005
415.32 0.00052832615402
415.33 0.000522325584199
415.34 0.000516117976034
415.35 0.000509701839443
415.36 0.000503077000449
415.37 0.000496244560708
415.38 0.000489206852209
415.39 0.00048196738748
415.4 0.000474530805664
415.41 0.000466902814838
415.42 0.000459090130965
415.43 0.000451100413887
415.44 0.000442942200761
415.45 0.000434624837362
415.46 0.000426158407667
415.47 0.000417553662141
415.48 0.000408821945133
415.49 0.000399975121803
415.5 0.000391025504969
415.51 0.000381985782266
415.52 0.000372868943999
415.53 0.000363688212045
415.54 0.000354456970146
415.55 0.000345188695922
415.56 0.000335896894906
415.57 0.00032659503688
415.58 0.000317296494776
415.59 0.000308014486364
415.6 0.000298762018954
415.61 0.000289551837282
415.62 0.000280396374737
415.63 0.000271307708076
415.64 0.000262297515715
415.65 0.000253377039687
415.66 0.000244557051319
415.67 0.000235847820665
415.68 0.000227259089687
415.69 0.000218800049184
415.7 0.000210479319426
415.71 0.000202304934426
415.72 0.00019428432979
415.73 0.000186424334023
415.74 0.000178731163211
415.75 0.000171210418916
415.76 0.000163867089174
415.77 0.000156705552418
415.78 0.000149729584178
415.79 0.000142942366377
415.8 0.000136346499042
415.81 0.000129944014257
415.82 0.000123736392142
415.83 0.000117724578698
415.84 0.000111909005296
415.85 0.000106289609631
415.86 0.000100865857946
415.87 9.56367683332e-05
415.88 9.06009349332e-05
415.89 8.5756552839e-05
415.9 8.11014435446e-05
415.91 7.66330807576e-05
415.92 7.23486164219e-05
415.93 6.82449067937e-05
415.94 6.43185384278e-05
415.95 6.056585394e-05
415.96 5.69829774176e-05
415.97 5.3565839365e-05
415.98 5.03102010761e-05
415.99 4.72116783395e-05
416.0 4.42657643894e-05
416.01 4.14678520283e-05
416.02 3.88132548543e-05
416.03 3.62972275381e-05
416.04 3.39149851027e-05
416.05 3.16617211685e-05
416.06 2.95326251363e-05
416.07 2.75228982865e-05
416.08 2.56277687833e-05
416.09 2.38425055802e-05
416.1 2.21624312267e-05
416.11 2.0582933588e-05
416.12 1.90994764899e-05
416.13 1.77076093112e-05
416.14 1.64029755474e-05
416.15 1.51813203766e-05
416.16 1.40384972588e-05
416.17 1.29704736084e-05
416.18 1.19733355765e-05
416.19 1.10432919868e-05
416.2 1.01766774676e-05
416.21 9.36995482667e-06
416.22 8.61971671341e-06
416.23 7.92268661636e-06
416.24 7.27571924263e-06
416.25 6.67580032648e-06
416.26 6.12004591339e-06
416.27 5.60570116583e-06
416.28 5.13013873535e-06
416.29 4.69085674519e-06
416.3 4.28547642546e-06
416.31 3.9117394422e-06
416.32 3.56750495914e-06
416.33 3.25074647001e-06
416.34 2.95954843664e-06
416.35 2.69210276653e-06
416.36 2.44670516156e-06
416.37 2.22175136712e-06
416.38 2.01573334942e-06
416.39 1.82723542599e-06
416.4 1.65493037314e-06
416.41 1.49757553134e-06
416.42 1.35400892815e-06
416.43 1.22314543605e-06
416.44 1.10397298083e-06
416.45 9.95548814355e-07
416.46 8.96995863844e-07
416.47 8.0749916826e-07
416.48 7.26302410734e-07
416.49 6.52704554648e-07
416.5 5.86056589579e-07
416.51 5.25758392086e-07
416.52 4.71255705144e-07
416.53 4.22037238989e-07
416.54 3.77631895125e-07
416.55 3.37606114393e-07
416.56 3.01561349166e-07
416.57 2.6913165905e-07
416.58 2.39981428792e-07
416.59 2.13803206577e-07
416.6 1.90315660359e-07
416.61 1.69261649483e-07
416.62 1.50406408484e-07
416.63 1.33535839631e-07
416.64 1.18454910579e-07
416.65 1.04986153248e-07
416.66 9.29682599468e-08
416.67 8.2254772627e-08
416.68 7.27128610877e-08
416.69 6.42221859372e-08
416.7 5.66738420993e-08
416.71 4.99693786879e-08
416.72 4.40198911215e-08
416.73 3.87451814241e-08
416.74 3.40729827448e-08
416.75 2.99382442368e-08
416.76 2.62824725527e-08
416.77 2.30531263393e-08
416.78 2.02030602558e-08
416.79 1.76900151742e-08
416.8 1.54761513743e-08
416.81 1.35276216893e-08
416.82 1.18141817112e-08
416.83 1.03088343151e-08
416.84 8.98750590995e-09
416.85 7.82875197181e-09
416.86 6.81348955967e-09
416.87 5.92475465472e-09
416.88 5.14748230121e-09
416.89 4.46830765922e-09
416.9 3.875386207e-09
416.91 3.3582314528e-09
416.92 2.90756863288e-09
416.93 2.51520298345e-09
416.94 2.17390127993e-09
416.95 1.87728543685e-09
416.96 1.61973705584e-09
416.97 1.39631189816e-09
416.98 1.20266334118e-09
416.99 1.03497395643e-09
417.0 8.89894419791e-10
417.01 7.64489031822e-10
417.02 6.56187189991e-10
417.03 5.62740212512e-10
417.04 4.82182968112e-10
417.05 4.12799815935e-10
417.06 3.53094406028e-10
417.07 3.01762933296e-10
417.08 2.57670476881e-10
417.09 2.19830092629e-10
417.1 1.87384359082e-10
417.11 1.59589107291e-10
417.12 1.35799092001e-10
417.13 1.15455386587e-10
417.14 9.80743066251e-11
417.15 8.32376874431e-11
417.16 7.05843595124e-11
417.17 5.98026822759e-11
417.18 5.06240121202e-11
417.19 4.28169938243e-11
417.2 3.61825770709e-11
417.21 3.05496706242e-11
417.22 2.57713566552e-11
417.23 2.17215965545e-11
417.24 1.82923674859e-11
417.25 1.53911760133e-11
417.26 1.29389014392e-11
417.27 1.08679271162e-11
417.28 9.12052299101e-12
417.29 7.64744707901e-12
417.3 6.40673750857e-12
417.31 5.36267026077e-12
417.32 4.48486081672e-12
417.33 3.74749065074e-12
417.34 3.12864191265e-12
417.35 2.60972576097e-12
417.36 2.17499167365e-12
417.37 1.81110670106e-12
417.38 1.5067950637e-12
417.39 1.25252975771e-12
417.4 1.04026893393e-12
417.41 8.6323078135e-13
417.42 7.15701487341e-13
417.43 5.92871582007e-13
417.44 4.90696613331e-13
417.45 4.05778656453e-13
417.46 3.35265643858e-13
417.47 2.76765922828e-13
417.48 2.28275810209e-13
417.49 1.8811822934e-13
417.5 1.54890786231e-13
417.51 1.27421877162e-13
417.52 1.04733622676e-13
417.53 8.60105976409e-14
417.54 7.05734774466e-14
417.55 5.78568496199e-14
417.56 4.73905511119e-14
417.57 3.87839866691e-14
417.58 3.17129652064e-14
417.59 2.59086608347e-14
417.6 2.11483647915e-14
417.61 1.72477453995e-14
417.62 1.4054376547e-14
417.63 1.14423321353e-14
417.64 9.30767535799e-15
417.65 7.56469838818e-15
417.66 6.14279071718e-15
417.67 4.98383360539e-15
417.68 4.04003438586e-15
417.69 3.2721281298e-15
417.7 2.64788581958e-15
417.71 2.14087799707e-15
417.72 1.72945113675e-15
417.73 1.39588096838e-15
417.74 1.12567284223e-15
417.75 9.06984162211e-16
417.76 7.30148052092e-16
417.77 5.87280892271e-16
417.78 4.71959272897e-16
417.79 3.78954342755e-16
417.8 3.04013567616e-16
417.81 2.43681610286e-16
417.82 1.95153461275e-16
417.83 1.56154129424e-16
417.84 1.24840184252e-16
417.85 9.97192586218e-17
417.86 7.9584298692e-17
417.87 6.34599109915e-17
417.88 5.05586228925e-17
417.89 4.02452589639e-17
417.9 3.20079550776e-17
417.91 2.54345960115e-17
417.92 2.01936800754e-17
417.93 1.60187938229e-17
417.94 1.26960277866e-17
417.95 1.00537858276e-17
417.96 7.95454067627e-18
417.97 6.2881703304e-18
417.98 4.96657730587e-18
417.99 3.91934789688e-18
418.0 3.09025375305e-18
418.01 2.43443499678e-18
418.02 1.91613425705e-18
418.03 1.50687559957e-18
418.04 1.18400238768e-18
418.05 9.29504439465e-19
418.06 7.29078130112e-19
418.07 5.71373884277e-19
418.08 4.47394266266e-19
418.09 3.50012983206e-19
418.1 2.73590874037e-19
418.11 2.1366961726e-19
418.12 1.6672765802e-19
418.13 1.29985898358e-19
418.14 1.01253149928e-19
418.15 7.88033278385e-20
418.16 6.12779581562e-20
418.17 4.76088538191e-20
418.18 3.69568441709e-20
418.19 2.86632706182e-20
418.2 2.22116244433e-20
418.21 1.71972344496e-20
418.22 1.33033376753e-20
418.23 1.02822066997e-20
418.24 7.94027891314e-21
418.25 6.1264500668e-21
418.26 4.72286738423e-21
418.27 3.63769527762e-21
418.28 2.79943632795e-21
418.29 2.15247732142e-21
418.3 1.65359932838e-21
418.31 1.26924570525e-21
418.32 9.73385405604e-22
418.33 7.45843433892e-22
418.34 5.70997522078e-22
418.35 4.36761640866e-22
418.36 3.33793954555e-22
418.37 2.54880233976e-22
418.38 1.94454303933e-22
418.39 1.48225415143e-22
418.4 1.12888968101e-22
418.41 8.59021519644e-23
418.42 6.53100921473e-23
418.43 4.96112605432e-23
418.44 3.76533776214e-23
418.45 2.85529727076e-23
418.46 2.16332830744e-23
418.47 1.63763551628e-23
418.48 1.23861340662e-23
418.49 9.36004672835e-24
418.5 7.06714447565e-24
418.51 5.3313063055e-24
418.52 4.0183430781e-24
418.53 3.02610577001e-24
418.54 2.27690497797e-24
418.55 1.71170698162e-24
418.56 1.28569409723e-24
418.57 9.64871748634e-25
418.58 7.23477856927e-25
418.59 5.42006642399e-25
418.6 4.05702502822e-25
418.61 3.03413204581e-25
418.62 2.26717466808e-25
418.63 1.6926189388e-25
418.64 1.2625748204e-25
418.65 9.40976471751e-26
418.66 7.00687092674e-26
418.67 5.21306551537e-26
418.68 3.87512718506e-26
418.69 2.87807728281e-26
418.7 2.13571183637e-26
418.71 1.5834580787e-26
418.72 1.17298969884e-26
418.73 8.6817152767e-27
418.74 6.42008224673e-27
418.75 4.74350494167e-27
418.76 3.50172337666e-27
418.77 2.58278363519e-27
418.78 1.9033468123e-27
418.79 1.40143043436e-27
418.8 1.03097675318e-27
418.81 7.57791820709e-28
418.82 5.5651217051e-28
418.83 4.08341135469e-28
418.84 2.99361061557e-28
418.85 2.19276050769e-28
418.86 1.60476263569e-28
418.87 1.17342171148e-28
418.88 8.57276951794e-29
418.89 6.2576589281e-29
418.9 4.56379724139e-29
418.91 3.32555785094e-29
418.92 2.42117613948e-29
418.93 1.76121337933e-29
418.94 1.28003333304e-29
418.95 9.29510488844e-30
418.96 6.74389846515e-30
418.97 4.88867834827e-30
418.98 3.5407528785e-30
418.99 2.56226168624e-30
419.0 1.85257185071e-30
419.01 1.33829036568e-30
419.02 9.65938229446e-31
419.03 6.96581715349e-31
419.04 5.01901505802e-31
419.05 3.61317202779e-31
419.06 2.59885765322e-31
419.07 1.86766963661e-31
419.08 1.34103877905e-31
419.09 9.62069235731e-32
419.1 6.89596471451e-32
419.11 4.93864087292e-32
419.12 3.53381308602e-32
419.13 2.52640757843e-32
419.14 1.80462499671e-32
419.15 1.28793585717e-32
419.16 9.18385911403e-33
419.17 6.5430449454e-33
419.18 4.65755837579e-33
419.19 3.31253459553e-33
419.2 2.35389047196e-33
419.21 1.67122834065e-33
419.22 1.185520437e-33
419.23 8.40245143409e-34
419.24 5.95013321775e-34
419.25 4.2098932162e-34
419.26 2.97604287348e-34
419.27 2.10199171199e-34
419.28 1.48335987678e-34
419.29 1.04588941694e-34
419.3 7.36798481072e-35
419.31 5.18603433488e-35
419.32 3.64708399988e-35
419.33 2.56259430709e-35
419.34 1.79902691326e-35
419.35 1.26188325186e-35
419.36 8.84350457209e-36
419.37 6.19231934888e-36
419.38 4.33217507166e-36
419.39 3.02818472841e-36
419.4 2.11486399407e-36
419.41 1.47572771705e-36
419.42 1.02885396993e-36
419.43 7.16679453122e-37
419.44 4.98792462551e-37
419.45 3.46847463629e-37
419.46 2.40979931426e-37
419.47 1.67281125723e-37
419.48 1.1602103112e-37
419.49 8.03989194343e-38
419.5 5.56656667513e-38
419.51 3.85077666405e-38
419.52 2.66153976872e-38
419.53 1.83798219849e-38
419.54 1.26815796652e-38
419.55 8.74236873677e-39
419.56 6.02155418592e-39
419.57 4.14392407617e-39
419.58 2.84930338021e-39
419.59 1.95744383339e-39
419.6 1.34358033218e-39
419.61 9.21428580478e-40
419.62 6.31369258852e-40
419.63 4.32243925298e-40
419.64 2.95663747357e-40
419.65 2.02064940855e-40
419.66 1.37977277571e-40
419.67 9.41342978842e-41
419.68 6.41670267539e-41
419.69 4.37018334268e-41
419.7 2.97379557526e-41
419.71 2.02183763809e-41
419.72 1.37342565513e-41
419.73 9.32154169938e-42
419.74 6.32112022221e-42
419.75 4.28276324054e-42
419.76 2.89919745682e-42
419.77 1.96089905016e-42
419.78 1.32512360334e-42
419.79 8.94707866749e-43
419.8 6.03573042482e-43
419.81 4.06819840957e-43
419.82 2.73966921274e-43
419.83 1.84339262433e-43
419.84 1.23925669589e-43
419.85 8.32392992231e-44
419.86 5.58623586773e-44
419.87 3.74570728072e-44
419.88 2.50941282842e-44
419.89 1.67970921586e-44
419.9 1.12336220643e-44
419.91 7.50635716284e-45
419.92 5.01143790577e-45
419.93 3.3428677451e-45
419.94 2.22792080209e-45
419.95 1.48355624048e-45
419.96 9.87033728519e-46
419.97 6.56120617098e-46
419.98 4.35771765885e-46
419.99 2.89173309016e-46
420.0 1.91726009613e-46
420.01 1.27006975688e-46
420.02 8.40616341531e-47
420.03 5.5589375441e-47
420.04 3.67290312259e-47
420.05 2.42466009386e-47
420.06 1.59924856053e-47
420.07 1.05391305632e-47
420.08 6.93932636796e-48
420.09 4.5651342626e-48
420.1 3.00063733525e-48
420.11 1.9705940854e-48
420.12 1.29301794957e-48
420.13 8.47687238408e-49
420.14 5.55252405748e-49
420.15 3.63386647448e-49
420.16 2.37613545205e-49
420.17 1.55237677044e-49
420.18 1.01332040781e-49
420.19 6.60876266327e-50
420.2 4.30642843505e-50
420.21 2.80374186045e-50
420.22 1.82382233402e-50
420.23 1.18536130506e-50
420.24 7.69737553005e-51
420.25 4.9941124426e-51
420.26 3.23740974874e-51
420.27 2.09681800206e-51
420.28 1.35689897829e-51
420.29 8.77319953338e-52
420.3 5.66750889954e-52
420.31 3.65805412595e-52
420.32 2.35902072352e-52
420.33 1.51997728412e-52
420.34 9.78511989722e-53
420.35 6.29388665976e-53
420.36 4.04478458201e-53
420.37 2.59714135846e-53
420.38 1.66617069686e-53
420.39 1.06798980923e-53
420.4 6.83972180185e-54
420.41 4.37656596922e-54
420.42 2.79802913962e-54
420.43 1.78728865871e-54
420.44 1.14067225595e-54
420.45 7.27362270998e-55
420.46 4.63408903878e-55
420.47 2.94986193993e-55
420.48 1.87612909921e-55
420.49 1.19219545277e-55
420.5 7.56930342879e-56
420.51 4.80162325634e-56
420.52 3.04329435609e-56
420.53 1.92718564518e-56
420.54 1.21934571426e-56
420.55 7.70821594188e-57
420.56 4.86860568364e-57
420.57 3.07240910388e-57
420.58 1.93721220855e-57
420.59 1.22039119032e-57
420.6 7.68147538116e-58
420.61 4.83074301487e-58
420.62 3.03533715916e-58
420.63 1.9055645078e-58
420.64 1.19526467452e-58
420.65 7.49080041583e-59
420.66 4.69046694834e-59
420.67 2.93445630177e-59
420.68 1.83426857512e-59
420.69 1.14557075305e-59
420.7 7.14833046334e-60
420.71 4.45667575434e-60
420.72 2.77613874432e-60
420.73 1.72780612368e-60
420.74 1.07441623725e-60
420.75 6.67534674538e-61
420.76 4.1438002173e-61
420.77 2.57008508043e-61
420.78 1.5926483818e-61
420.79 9.86088789189e-62
420.8 6.10008449315e-62
420.81 3.77033024744e-62
420.82 2.3283413251e-62
420.83 1.43660579213e-62
420.84 8.85629944533e-63
420.85 5.45494886698e-63
420.86 3.35701118472e-63
420.87 2.06413740975e-63
420.88 1.26808432486e-63
420.89 7.7836155294e-64
420.9 4.77351542321e-64
420.91 2.92495370643e-64
420.92 1.79070223676e-64
420.93 1.09534635616e-64
420.94 6.69427072934e-65
420.95 4.08769787112e-65
420.96 2.49389415936e-65
420.97 1.520200811e-65
420.98 9.25864887363e-66
420.99 5.63401476682e-66
421.0 3.42540604827e-66
421.01 2.08079766588e-66
421.02 1.26290695891e-66
421.03 7.6583740288e-67
421.04 4.64008036437e-67
421.05 2.80891206971e-67
421.06 1.69892614011e-67
421.07 1.0266787316e-67
421.08 6.19895301629e-68
421.09 3.73960590218e-68
421.1 2.2540162406e-68
421.11 1.357412855e-68
421.12 8.16752715537e-69
421.13 4.91012930293e-69
421.14 2.94930022063e-69
421.15 1.76998159405e-69
421.16 1.06130993461e-69
421.17 6.35827666746e-70
421.18 3.80592587667e-70
421.19 2.27617129809e-70
421.2 1.36010761481e-70
421.21 8.12017359889e-71
421.22 4.84374273434e-71
421.23 2.88682551628e-71
421.24 1.71903102439e-71
421.25 1.022752634e-71
421.26 6.07968685972e-72
421.27 3.61090055492e-72
421.28 2.1427601326e-72
421.29 1.27044333563e-72
421.3 7.52594003864e-73
421.31 4.45440725357e-73
421.32 2.63416394009e-73
421.33 1.5563934421e-73
421.34 9.1879727123e-74
421.35 5.4193064944e-74
421.36 3.19368032771e-74
421.37 1.8804547406e-74
421.38 1.10626211454e-74
421.39 6.50244828147e-75
421.4 3.81873468747e-75
421.41 2.24071064897e-75
421.42 1.31363824118e-75
421.43 7.69466115228e-76
421.44 4.50325903684e-76
421.45 2.63322561588e-76
421.46 1.53841294552e-76
421.47 8.98010661535e-77
421.48 5.23737622442e-77
421.49 3.05189624178e-77
421.5 1.77684469086e-77
421.51 1.03360091719e-77
421.52 6.00730961035e-78
421.53 3.48843678715e-78
421.54 2.02397625098e-78
421.55 1.17328543474e-78
421.56 6.7955663777e-79
421.57 3.93252372149e-79
421.58 2.27373975704e-79
421.59 1.31351147966e-79
421.6 7.58142254406e-80
421.61 4.37211165527e-80
421.62 2.51915853397e-80
421.63 1.45025197712e-80
421.64 8.34171112063e-81
421.65 4.79391730273e-81
421.66 2.752641433e-81
421.67 1.57918299867e-81
421.68 9.05188420016e-82
421.69 5.18405059628e-82
421.7 2.96635542382e-82
421.71 1.69590239472e-82
421.72 9.68728848496e-83
421.73 5.52875474733e-83
421.74 3.15265269271e-83
421.75 1.79617499912e-83
421.76 1.02245658636e-83
421.77 5.81520218557e-84
421.78 3.30452067781e-84
421.79 1.87618578417e-84
421.8 1.06430700534e-84
421.81 6.03228306953e-85
421.82 3.41601852878e-85
421.83 1.93278005311e-85
421.84 1.09261803463e-85
421.85 6.17131915497e-86
421.86 3.48266227572e-86
421.87 1.96366965491e-86
421.88 1.10623961999e-86
421.89 6.2266391929e-87
421.9 3.50172394342e-87
421.91 1.96758644962e-87
421.92 1.10461122652e-87
421.93 6.19596270646e-88
421.94 3.47241680914e-88
421.95 1.94436868158e-88
421.96 1.08780010645e-88
421.97 6.08055595444e-89
421.98 3.39594927115e-89
421.99 1.89497206192e-89
422.0 1.05649669125e-89
422.01 5.88514521686e-90
422.02 3.27544218766e-90
422.03 1.82140450235e-90
422.04 1.01196754789e-90
422.05 5.61759567795e-91
422.06 3.11571756634e-91
422.07 1.72659071148e-91
422.08 9.55970366523e-92
422.09 5.28838631192e-92
422.1 2.9229785433e-92
422.11 1.61417937825e-92
422.12 8.90638930658e-93
422.13 4.90992962147e-93
422.14 2.70441024154e-93
422.15 1.48831064954e-93
422.16 8.18348553795e-94
422.17 4.49579770906e-94
422.18 2.4677372493e-94
422.19 1.35336451148e-94
422.2 7.41573776613e-95
422.21 4.05992168688e-95
422.22 2.22077551931e-95
422.23 1.21371125375e-95
422.24 6.62750110437e-96
422.25 3.61582956307e-96
422.26 1.9710144409e-96
422.27 1.07348350047e-96
422.28 5.84150366707e-97
422.29 3.1759791755e-97
422.3 1.72525919669e-97
422.31 9.36385691124e-98
422.32 5.07783867026e-98
422.33 2.7512290033e-98
422.34 1.4893552346e-98
422.35 8.05551969277e-99
422.36 4.35323932483e-99
422.37 2.3504728346e-99
422.38 1.26800697139e-99
422.39 6.83457885802e-100
422.4 3.68065904563e-100
422.41 1.98044657562e-100
422.42 1.0646929699e-100
422.43 5.71885853895e-101
422.44 3.06914943224e-101
422.45 1.64569908116e-101
422.46 8.81670950389e-102
422.47 4.71939523079e-102
422.48 2.52400307346e-102
422.49 1.34870547966e-102
422.5 7.20058990235e-103
422.51 3.8409861813e-103
422.52 2.04710974087e-103
422.53 1.09009216314e-103
422.54 5.79974664787e-104
422.55 3.08303560428e-104
422.56 1.63746403621e-104
422.57 8.68937845832e-105
422.58 4.60711834281e-105
422.59 2.44058386485e-105
422.6 1.29175995131e-105
422.61 6.83114664616e-106
422.62 3.60935096343e-106
422.63 1.90540952281e-106
422.64 1.00501203295e-106
422.65 5.29636496707e-107
422.66 2.78874149909e-107
422.67 1.46710881704e-107
422.68 7.71152209611e-108
422.69 4.04987482441e-108
422.7 2.12503851236e-108
422.71 1.11407832005e-108
422.72 5.83563812821e-109
422.73 3.0541101469e-109
422.74 1.5969993932e-109
422.75 8.34350477555e-110
422.76 4.35527917927e-110
422.77 2.27147097552e-110
422.78 1.1836467149e-110
422.79 6.16255367365e-111
422.8 3.20570123939e-111
422.81 1.66613078113e-111
422.82 8.65204646589e-112
422.83 4.48902796529e-112
422.84 2.32707023487e-112
422.85 1.20528675478e-112
422.86 6.23727639147e-113
422.87 3.22495238686e-113
422.88 1.66600130557e-113
422.89 8.59906199915e-114
422.9 4.43456000223e-114
422.91 2.28493422784e-114
422.92 1.17630673523e-114
422.93 6.05049876345e-115
422.94 3.10946363304e-115
422.95 1.59662711213e-115
422.96 8.19115662106e-116
422.97 4.19865966389e-116
422.98 2.15030382902e-116
422.99 1.10030401102e-116
423.0 5.62534647408e-117
423.01 2.8734892013e-117
423.02 1.46653885816e-117
423.03 7.47827260891e-118
423.04 3.81006796703e-118
423.05 1.93949143448e-118
423.06 9.86431020923e-119
423.07 5.01267201615e-119
423.08 2.54504560933e-119
423.09 1.29105743356e-119
423.1 6.54363803377e-120
423.11 3.31372669132e-120
423.12 1.67663225316e-120
423.13 8.47583823284e-121
423.14 4.28105901571e-121
423.15 2.16044633354e-121
423.16 1.08932999739e-121
423.17 5.48781112964e-122
423.18 2.76224732455e-122
423.19 1.38915171548e-122
423.2 6.98008176585e-123
423.21 3.50424976619e-123
423.22 1.75773462783e-123
423.23 8.80917578917e-124
423.24 4.41103960364e-124
423.25 2.20683747393e-124
423.26 1.10312177027e-124
423.27 5.50934886194e-125
423.28 2.74916498652e-125
423.29 1.37064519238e-125
423.3 6.82767755146e-126
423.31 3.39816662906e-126
423.32 1.6898184642e-126
423.33 8.39574315929e-127
423.34 4.16775277967e-127
423.35 2.06713322712e-127
423.36 1.02437435735e-127
423.37 5.07192288199e-128
423.38 2.50905566836e-128
423.39 1.24014271145e-128
423.4 6.1243040786e-129
423.41 3.0217987615e-129
423.42 1.48969734745e-129
423.43 7.3376038778e-130
423.44 3.61105574797e-130
423.45 1.77557015416e-130
423.46 8.72298633056e-131
423.47 4.28170024773e-131
423.48 2.09986338392e-131
423.49 1.02893877529e-131
423.5 5.037461494e-132
423.51 2.46409619215e-132
423.52 1.2042794852e-132
423.53 5.88058634873e-133
423.54 2.86904716027e-133
423.55 1.39855147377e-133
423.56 6.81150274398e-134
423.57 3.31460002342e-134
423.58 1.61154721801e-134
423.59 7.82850174947e-135
423.6 3.79960091565e-135
423.61 1.8425574035e-135
423.62 8.92745731909e-136
423.63 4.32173616898e-136
423.64 2.0903183425e-136
423.65 1.01016036579e-136
423.66 4.87743994205e-137
423.67 2.35297465215e-137
423.68 1.13413898564e-137
423.69 5.46184061586e-138
423.7 2.62806122385e-138
423.71 1.26344297991e-138
423.72 6.06875391523e-139
423.73 2.91250795814e-139
423.74 1.39655622982e-139
423.75 6.6907290785e-140
423.76 3.20266988087e-140
423.77 1.53170319698e-140
423.78 7.31915213789e-141
423.79 3.49438411874e-141
423.8 1.66687957e-141
423.81 7.94440757852e-142
423.82 3.78305384589e-142
423.83 1.79989529278e-142
423.84 8.55609645802e-143
423.85 4.06375779279e-143
423.86 1.92842907688e-143
423.87 9.1433056823e-144
423.88 4.33138232865e-144
423.89 2.05009276847e-144
423.9 9.6949197727e-145
423.91 4.58077159778e-145
423.92 2.1625032498e-145
423.93 1.01999633709e-145
423.94 4.80688982426e-146
423.95 2.26335895785e-146
423.96 1.0647960155e-146
423.97 5.00498880871e-147
423.98 2.35051764988e-147
423.99 1.10292920059e-147
424.0 5.17077292307e-148
424.01 2.42207177836e-148
424.02 1.13355413443e-148
424.03 5.300553639e-149
424.04 2.47641778674e-149
424.05 1.15597996757e-149
424.06 5.39138584457e-150
424.07 2.51231581645e-150
424.08 1.16969265674e-150
424.09 5.44117892049e-151
424.1 2.52893672273e-151
424.11 1.17437455084e-151
424.12 5.44877672719e-152
424.13 2.52589390995e-152
424.14 1.16991662303e-152
424.15 5.4140022296e-153
424.16 2.50325827962e-153
424.17 1.15642269128e-153
424.18 5.33766435449e-154
424.19 2.46155548403e-154
424.2 1.13420539919e-154
424.21 5.22152670934e-155
424.22 2.40174563401e-155
424.23 1.10377417442e-155
424.24 5.06823985203e-156
424.25 2.32518655483e-156
424.26 1.06581581228e-156
424.27 4.88124074335e-157
424.28 2.23358255359e-157
424.29 1.02116871779e-157
424.3 4.66462470786e-158
424.31 2.12892139702e-158
424.32 9.70792154749e-159
424.33 4.42299656011e-159
424.34 2.01340275115e-159
424.35 9.15732074969e-160
424.36 4.16130844118e-160
424.37 1.88936167248e-160
424.38 8.57085222304e-161
424.39 3.88469230906e-161
424.4 1.75919084764e-161
424.41 7.95963220523e-162
424.42 3.59829492811e-162
424.43 1.62526515857e-162
424.44 7.33458264446e-163
424.45 3.30712263784e-163
424.46 1.48987182162e-163
424.47 6.70611852514e-164
424.48 3.01590221427e-164
424.49 1.35514884666e-164
424.5 6.08387743171e-165
424.51 2.72896285707e-165
424.52 1.22303393075e-165
424.53 5.4765000955e-166
424.54 2.45014285074e-166
424.55 1.09522519139e-166
424.56 4.89146731291e-167
424.57 2.18272287271e-167
424.58 9.73154411349e-168
424.59 4.33499523454e-168
424.6 1.92938636765e-168
424.61 8.57972759674e-169
424.62 3.81198783145e-169
424.63 1.69220597583e-169
424.64 7.50548317326e-170
424.65 3.32604253899e-170
424.66 1.47265377727e-170
424.67 6.51474204803e-171
424.68 2.87950280371e-171
424.69 1.27163215029e-171
424.7 5.61085707138e-172
424.71 2.47354960728e-172
424.72 1.08952137738e-172
424.73 4.7948452998e-173
424.74 2.10832304596e-173
424.75 9.26239771004e-174
424.76 4.06568199228e-174
424.77 1.78306469099e-174
424.78 7.81312021134e-175
424.79 3.42062625781e-175
424.8 1.49627168147e-175
424.81 6.53941652438e-176
424.82 2.85555978238e-176
424.83 1.24585421429e-176
424.84 5.43083873575e-177
424.85 2.36532216141e-177
424.86 1.02928917946e-177
424.87 4.475156485e-178
424.88 1.94402908183e-178
424.89 8.43764018536e-179
424.9 3.65900461956e-179
424.91 1.58536266601e-179
424.92 6.86306335654e-180
424.93 2.96845932225e-180
424.94 1.28282645763e-180
424.95 5.53896253175e-181
424.96 2.38953094334e-181
424.97 1.02996057908e-181
424.98 4.43559881923e-182
424.99 1.90856795687e-182
425.0 8.20515348974e-183
425.01 3.52443498482e-183
425.02 1.51257183748e-183
425.03 6.48583997296e-184
425.04 2.77869039888e-184
425.05 1.18942703202e-184
425.06 5.08696981865e-185
425.07 2.17372314664e-185
425.08 9.28053496756e-186
425.09 3.95881771907e-186
425.1 1.68725883899e-186
425.11 7.18491493894e-187
425.12 3.0569283702e-187
425.13 1.29948899669e-187
425.14 5.51929570921e-188
425.15 2.34217009768e-188
425.16 9.93063257389e-189
425.17 4.20687015431e-189
425.18 1.78059444523e-189
425.19 7.52999405409e-190
425.2 3.18161748591e-190
425.21 1.34315152311e-190
425.22 5.66533721781e-191
425.23 2.38753768127e-191
425.24 1.00530632769e-191
425.25 4.22931770299e-192
425.26 1.7777304725e-192
425.27 7.4659527304e-193
425.28 3.13276824191e-193
425.29 1.31339395066e-193
425.3 5.5015551169e-194
425.31 2.30249999214e-194
425.32 9.62803186643e-195
425.33 4.02252834576e-195
425.34 1.67913038205e-195
425.35 7.00315016705e-196
425.36 2.91827470365e-196
425.37 1.21501772823e-196
425.38 5.05432042845e-197
425.39 2.10071260113e-197
425.4 8.72356943626e-198
425.41 3.61947445948e-198
425.42 1.50044652862e-198
425.43 6.21468673966e-199
425.44 2.57182654155e-199
425.45 1.06337836025e-199
425.46 4.39296430962e-200
425.47 1.81322310362e-200
425.48 7.47770840623e-201
425.49 3.08112643451e-201
425.5 1.26845255258e-201
425.51 5.21750226152e-202
425.52 2.14424683503e-202
425.53 8.80462010213e-203
425.54 3.6121866125e-203
425.55 1.48065353546e-203
425.56 6.06401727344e-204
425.57 2.48136769584e-204
425.58 1.01448476813e-204
425.59 4.14403724502e-205
425.6 1.69131882132e-205
425.61 6.89685389865e-206
425.62 2.80996093915e-206
425.63 1.14386099796e-206
425.64 4.6523238015e-207
425.65 1.89055940505e-207
425.66 7.67599061545e-208
425.67 3.11388274129e-208
425.68 1.26210005669e-208
425.69 5.11103706644e-209
425.7 2.0679878718e-209
425.71 8.36008430039e-210
425.72 3.37673546074e-210
425.73 1.36272157843e-210
425.74 5.49466146248e-211
425.75 2.2135964985e-211
425.76 8.91004076523e-212
425.77 3.5833120944e-212
425.78 1.43983687629e-212
425.79 5.7805034092e-213
425.8 2.31868495223e-213
425.81 9.29269189195e-214
425.82 3.7210460513e-214
425.83 1.48871739949e-214
425.84 5.9509074513e-215
425.85 2.37671901389e-215
425.86 9.48410159367e-216
425.87 3.78127503103e-216
425.88 1.50627423969e-216
425.89 5.99506012849e-217
425.9 2.38400274009e-217
425.91 9.47204319061e-218
425.92 3.76014248024e-218
425.93 1.4913811379e-218
425.94 5.91012549925e-219
425.95 2.34006797185e-219
425.96 9.25729182381e-220
425.97 3.65900623037e-220
425.98 1.44499404052e-220
425.99 5.70154656326e-221
426.0 2.24772412776e-221
426.01 8.85354200195e-222
426.02 3.48429412761e-222
426.03 1.37004956292e-222
426.04 5.38246804926e-223
426.05 2.11276091975e-223
426.06 8.28596247296e-224
426.07 3.24682799257e-224
426.08 1.27115735198e-224
426.09 4.97236565646e-225
426.1 1.94334772034e-225
426.11 7.588600407e-226
426.12 2.96071474679e-226
426.13 1.15413114632e-226
426.14 4.49508044613e-227
426.15 1.74921618889e-227
426.16 6.80100697332e-228
426.17 2.64196259602e-228
426.18 1.02542481214e-228
426.19 3.97653392067e-229
426.2 1.5407397015e-229
426.21 5.96454841481e-230
426.22 2.30701052183e-230
426.23 8.9154915943e-231
426.24 3.44242690185e-231
426.25 1.32802995673e-231
426.26 5.11887740827e-232
426.27 1.9713570867e-232
426.28 7.58541909467e-233
426.29 2.9162018103e-233
426.3 1.12015799353e-233
426.31 4.29897284697e-234
426.32 1.64844261873e-234
426.33 6.3154845771e-235
426.34 2.41748192743e-235
426.35 9.24577894446e-236
426.36 3.53303132425e-236
426.37 1.34888579959e-236
426.38 5.14548823878e-237
426.39 1.9611088952e-237
426.4 7.46793521548e-238
426.41 2.84133922265e-238
426.42 1.0801133744e-238
426.43 4.10241237396e-239
426.44 1.5568006193e-239
426.45 5.90269564142e-240
426.46 2.2361014214e-240
426.47 8.46362314288e-241
426.48 3.20069911439e-241
426.49 1.20936416133e-241
426.5 4.56554945712e-242
426.51 1.72207761513e-242
426.52 6.48987158887e-243
426.53 2.44367360876e-243
426.54 9.19335447468e-244
426.55 3.45564026411e-244
426.56 1.29779697618e-244
426.57 4.86977283509e-245
426.58 1.82572078592e-245
426.59 6.83886026132e-246
426.6 2.55950989105e-246
426.61 9.57091825661e-247
426.62 3.57580736337e-247
426.63 1.33480656563e-247
426.64 4.9783596332e-248
426.65 1.85514521876e-248
426.66 6.90706063778e-249
426.67 2.56940366106e-249
426.68 9.54981857317e-250
426.69 3.54635016837e-250
426.7 1.3158058812e-250
426.71 4.87781969717e-251
426.72 1.80668889645e-251
426.73 6.68597456916e-252
426.74 2.472121307e-252
426.75 9.13268645595e-253
426.76 3.37094005886e-253
426.77 1.24316056449e-253
426.78 4.58065024372e-254
426.79 1.68636178631e-254
426.8 6.2029472049e-255
426.81 2.27965501729e-255
426.82 8.37074066397e-256
426.83 3.07101796562e-256
426.84 1.12570485606e-256
426.85 4.12278260045e-257
426.86 1.5086206289e-257
426.87 5.51560760755e-258
426.88 2.01479281951e-258
426.89 7.3534499259e-259
426.9 2.68148638909e-259
426.91 9.76975711427e-260
426.92 3.55644133615e-260
426.93 1.29351433006e-260
426.94 4.70057029626e-261
426.95 1.70668578744e-261
426.96 6.19127799018e-262
426.97 2.24404080334e-262
426.98 8.12652558409e-263
426.99 2.94037537508e-263
427.0 1.06297820392e-263
427.01 3.83945564292e-264
427.02 1.38560251231e-264
427.03 4.99610298773e-265
427.04 1.79989766989e-265
427.05 6.47870133736e-266
427.06 2.3299779839e-266
427.07 8.37219600907e-267
427.08 3.00573487247e-267
427.09 1.07816608168e-267
427.1 3.86406454935e-268
427.11 1.38365173758e-268
427.12 4.95031603086e-269
427.13 1.76954972314e-269
427.14 6.31998908365e-270
427.15 2.25524432295e-270
427.16 8.04071336875e-271
427.17 2.86430509831e-271
427.18 1.01945411599e-271
427.19 3.62526538083e-272
427.2 1.28805864394e-272
427.21 4.57251545013e-273
427.22 1.62180426898e-273
427.23 5.74732040901e-274
427.24 2.03496100793e-274
427.25 7.19897204734e-275
427.26 2.54453597249e-275
427.27 8.98608278245e-276
427.28 3.17070580557e-276
427.29 1.11780279964e-276
427.3 3.93729677141e-277
427.31 1.38565406741e-277
427.32 4.87231326702e-278
427.33 1.71174591001e-278
427.34 6.00851440324e-279
427.35 2.1072624423e-279
427.36 7.38403692088e-280
427.37 2.58519200874e-280
427.38 9.04306104446e-281
427.39 3.16054394155e-281
427.4 1.10365139236e-281
427.41 3.85057609907e-282
427.42 1.34228030696e-282
427.43 4.67503039518e-283
427.44 1.62685696734e-283
427.45 5.65637269179e-284
427.46 1.96494489123e-284
427.47 6.82003251151e-285
427.48 2.36508213596e-285
427.49 8.1946370528e-286
427.5 2.83685364517e-286
427.51 9.81223297385e-287
427.52 3.39095857254e-287
427.53 1.17084883822e-287
427.54 4.0392700294e-288
427.55 1.39228664554e-288
427.56 4.79488439053e-289
427.57 1.64987611627e-289
427.58 5.67215700461e-290
427.59 1.94835847032e-290
427.6 6.68672090636e-291
427.61 2.29287955668e-291
427.62 7.85548493401e-292
427.63 2.68898556225e-292
427.64 9.19660753329e-293
427.65 3.14261043821e-293
427.66 1.07294424974e-293
427.67 3.66005386527e-294
427.68 1.24744529663e-294
427.69 4.24794862097e-295
427.7 1.44530902052e-295
427.71 4.91321629616e-296
427.72 1.66876340197e-296
427.73 5.66301043665e-297
427.74 1.92009921449e-297
427.75 6.50464636406e-298
427.76 2.20164565925e-298
427.77 7.4455171583e-299
427.78 2.51574157393e-299
427.79 8.49299556371e-300
427.8 2.8647021909e-300
427.81 9.65432191024e-301
427.82 3.25078153086e-301
427.83 1.09364785162e-301
427.84 3.67613064406e-302
427.85 1.23460514548e-302
427.86 4.14275204774e-303
427.87 1.38890810153e-303
427.88 4.65245085409e-304
427.89 1.55709026579e-304
427.9 5.20678323391e-305
427.91 1.7395980744e-305
427.92 5.80700301206e-306
427.93 1.93677377928e-306
427.94 6.45400733866e-307
427.95 2.14883824739e-307
427.96 7.14828251682e-308
427.97 2.37587399529e-308
427.98 7.88985119099e-309
427.99 2.6178088568e-309
428.0 8.6782222009e-310
428.01 2.87440070942e-310
428.02 9.5123444809e-311
428.03 3.14522370402e-311
428.04 1.03905664276e-311
428.05 3.42965645005e-312
428.06 1.13106021639e-312
428.07 3.7268726043e-313
428.08 1.22695060935e-313
428.09 4.03583429311e-314
428.1 1.32636570598e-314
428.11 4.35528876579e-315
428.12 1.42887533253e-315
428.13 4.68376865627e-316
428.14 1.53398193413e-316
428.15 5.01959579698e-317
428.16 1.64112253976e-317
428.17 5.36088893414e-318
428.18 1.74967419687e-318
428.19 5.7055688913e-319
428.2 1.85897139904e-319
428.21 6.05131603026e-320
428.22 1.96835753303e-320
428.23 6.39815011364e-321
428.24 2.07507571253e-321
428.25 6.71929278344e-322
428.26 2.1738888417e-322
428.27 6.91691904178e-323
428.28 2.47032822921e-323
428.29 4.94065645841e-324
428.3 0.0
428.31 0.0
428.32 0.0
428.33 0.0
428.34 0.0
428.35 0.0
428.36 0.0
428.37 0.0
428.38 0.0
428.39 0.0
428.4 0.0
428.41 0.0
428.42 0.0
428.43 0.0
428.44 0.0
428.45 0.0
428.46 0.0
428.47 0.0
428.48 0.0
428.49 0.0
428.5 0.0
428.51 0.0
428.52 0.0
428.53 0.0
428.54 0.0
428.55 0.0
428.56 0.0
428.57 0.0
428.58 0.0
428.59 0.0
428.6 0.0
428.61 0.0
428.62 0.0
428.63 0.0
428.64 0.0
428.65 0.0
428.66 0.0
428.67 0.0
428.68 0.0
428.69 0.0
428.7 0.0
428.71 0.0
428.72 0.0
428.73 0.0
428.74 0.0
428.75 0.0
428.76 0.0
428.77 0.0
428.78 0.0
428.79 0.0
428.8 0.0
428.81 0.0
428.82 0.0
428.83 0.0
428.84 0.0
428.85 0.0
428.86 0.0
428.87 0.0
428.88 0.0
428.89 0.0
428.9 0.0
428.91 0.0
428.92 0.0
428.93 0.0
428.94 0.0
428.95 0.0
428.96 0.0
428.97 0.0
428.98 0.0
428.99 0.0
429.0 0.0
429.01 0.0
429.02 0.0
429.03 0.0
429.04 0.0
429.05 0.0
429.06 0.0
429.07 0.0
429.08 0.0
429.09 0.0
429.1 0.0
429.11 0.0
429.12 0.0
429.13 0.0
429.14 0.0
429.15 0.0
429.16 0.0
429.17 0.0
429.18 0.0
429.19 0.0
429.2 0.0
429.21 0.0
429.22 0.0
429.23 0.0
429.24 0.0
429.25 0.0
429.26 0.0
429.27 0.0
429.28 0.0
429.29 0.0
429.3 0.0
429.31 0.0
429.32 0.0
429.33 0.0
429.34 0.0
429.35 0.0
429.36 0.0
429.37 0.0
429.38 0.0
429.39 0.0
429.4 0.0
429.41 0.0
429.42 0.0
429.43 0.0
429.44 0.0
429.45 0.0
429.46 0.0
429.47 0.0
429.48 0.0
429.49 0.0
429.5 0.0
429.51 0.0
429.52 0.0
429.53 0.0
429.54 0.0
429.55 0.0
429.56 0.0
429.57 0.0
429.58 0.0
429.59 0.0
429.6 0.0
429.61 0.0
429.62 0.0
429.63 0.0
429.64 0.0
429.65 0.0
429.66 0.0
429.67 0.0
429.68 0.0
429.69 0.0
429.7 0.0
429.71 0.0
429.72 0.0
429.73 0.0
429.74 0.0
429.75 0.0
429.76 0.0
429.77 0.0
429.78 0.0
429.79 0.0
429.8 0.0
429.81 0.0
429.82 0.0
429.83 0.0
429.84 0.0
429.85 0.0
429.86 0.0
429.87 0.0
429.88 0.0
429.89 0.0
429.9 0.0
429.91 0.0
429.92 0.0
429.93 0.0
429.94 0.0
429.95 0.0
429.96 0.0
429.97 0.0
429.98 0.0
429.99 0.0
