400.0 4.81129639768e-77
400.01 8.26967714884e-77
400.02 1.42016468858e-76
400.03 2.43675899372e-76
400.04 4.17743939315e-76
400.05 7.15535936773e-76
400.06 1.22454981104e-75
400.07 2.09384810518e-75
400.08 3.57715372087e-75
400.09 6.10595706475e-75
400.1 1.04134251881e-74
400.11 1.77442304441e-74
400.12 3.02095634335e-74
400.13 5.13872576876e-74
400.14 8.73353665057e-74
400.15 1.48302531637e-73
400.16 2.51611620635e-73
400.17 4.26517188489e-73
400.18 7.22380631258e-73
400.19 1.22241694307e-72
400.2 2.06678994949e-72
400.21 3.49137930809e-72
400.22 5.89279643749e-72
400.23 9.93732644306e-72
400.24 1.67433126509e-71
400.25 2.81862259943e-71
400.26 4.74084967799e-71
400.27 7.96707953595e-71
400.28 1.33772188783e-70
400.29 2.24417244632e-70
400.3 3.76158024651e-70
400.31 6.2995300064e-70
400.32 1.0540705491e-69
400.33 1.76219888474e-69
400.34 2.94349889671e-69
400.35 4.91243192591e-69
400.36 8.19130176514e-69
400.37 1.36468688642e-68
400.38 2.27162596284e-68
400.39 3.77802077305e-68
400.4 6.27791703242e-68
400.41 1.04229466472e-67
400.42 1.72897681699e-67
400.43 2.86557340524e-67
400.44 4.74523383395e-67
400.45 7.85104399763e-67
400.46 1.2978392869e-66
400.47 2.1435722908e-66
400.48 3.53735840569e-66
400.49 5.83235174002e-66
400.5 9.60797939725e-66
400.51 1.58140872666e-65
400.52 2.60063804406e-65
400.53 4.27306406716e-65
400.54 7.01491817792e-65
400.55 1.15061366549e-64
400.56 1.88564597376e-64
400.57 3.08755356717e-64
400.58 5.05117664506e-64
400.59 8.25646842676e-64
400.6 1.34840329444e-63
400.61 2.20023464027e-63
400.62 3.58708694479e-63
400.63 5.84303545157e-63
400.64 9.50952559763e-63
400.65 1.54633253926e-62
400.66 2.51229509404e-62
400.67 4.07813988266e-62
400.68 6.6141996314e-62
400.69 1.07180601938e-61
400.7 1.73531690374e-61
400.71 2.80714673916e-61
400.72 4.53706651063e-61
400.73 7.3267080911e-61
400.74 1.18213300885e-60
400.75 1.90566918932e-60
400.76 3.06939225508e-60
400.77 4.93947720979e-60
400.78 7.94206233759e-60
400.79 1.27587847196e-59
400.8 2.04790138709e-59
400.81 3.28422182798e-59
400.82 5.26234889824e-59
400.83 8.42462361072e-59
400.84 1.34755061772e-58
400.85 2.15359175847e-58
400.86 3.43878787012e-58
400.87 5.48619328515e-58
400.88 8.74501451903e-58
400.89 1.39275163822e-57
400.9 2.21620807829e-57
400.91 3.52347424793e-57
400.92 5.59700097213e-57
400.93 8.88307595295e-57
400.94 1.40862399197e-56
400.95 2.23177546703e-56
400.96 3.53288605012e-56
400.97 5.58769217716e-56
400.98 8.82996594719e-56
400.99 1.3941493381e-55
401.0 2.19929394e-55
401.01 3.46641831569e-55
401.02 5.45886527983e-55
401.03 8.58909674649e-55
401.04 1.35025665138e-54
401.05 2.1208447013e-54
401.06 3.32832037941e-54
401.07 5.21873317177e-54
401.08 8.17577202743e-54
401.09 1.27972356255e-53
401.1 2.00136947711e-53
401.11 3.12724632122e-53
401.12 4.88225682322e-53
401.13 7.61557788925e-53
401.14 1.1868854887e-52
401.15 1.84815541156e-52
401.16 2.87535763108e-52
401.17 4.46960312817e-52
401.18 6.94176277324e-52
401.19 1.07719489449e-51
401.2 1.67010015806e-51
401.21 2.58710741322e-51
401.22 4.00414795253e-51
401.23 6.19197913868e-51
401.24 9.56692931723e-51
401.25 1.47686010407e-50
401.26 2.27787487539e-50
401.27 3.51029877687e-50
401.28 5.40482968981e-50
401.29 8.314643956e-50
401.3 1.27799458221e-49
401.31 1.9626284095e-49
401.32 3.01141675153e-49
401.33 4.61665429923e-49
401.34 7.07143512025e-49
401.35 1.08220984259e-48
401.36 1.65477560699e-48
401.37 2.52807790922e-48
401.38 3.85891763976e-48
401.39 5.88524135397e-48
401.4 8.96781744467e-48
401.41 1.36531528496e-47
401.42 2.07683913173e-47
401.43 3.15643228303e-47
401.44 4.7930703953e-47
401.45 7.27201642084e-47
401.46 1.10235025478e-46
401.47 1.66958323536e-46
401.48 2.52650554752e-46
401.49 3.81993655319e-46
401.5 5.77053069568e-46
401.51 8.70961732888e-46
401.52 1.31342749947e-45
401.53 1.97895923607e-45
401.54 2.9791426869e-45
401.55 4.48094355049e-45
401.56 6.73397273756e-45
401.57 1.01110660476e-44
401.58 1.5168626344e-44
401.59 2.27362728158e-44
401.6 3.40499127002e-44
401.61 5.09490917342e-44
401.62 7.61694118721e-44
401.63 1.13775426136e-43
401.64 1.69800925022e-43
401.65 2.53195128373e-43
401.66 3.77219687861e-43
401.67 5.6150945029e-43
401.68 8.35109647684e-43
401.69 1.24094817443e-42
401.7 1.84241516869e-42
401.71 2.7330342176e-42
401.72 4.05066521186e-42
401.73 5.99834365694e-42
401.74 8.87483014365e-42
401.75 1.31193545307e-41
401.76 1.93770919204e-41
401.77 2.85948908443e-41
401.78 4.21611063948e-41
401.79 6.21096765751e-41
401.8 9.14176912172e-41
401.81 1.34438897558e-40
401.82 1.97534677905e-40
401.83 2.89991632747e-40
401.84 4.25354761089e-40
401.85 6.23362743071e-40
401.86 9.127547424e-40
401.87 1.33533756568e-39
401.88 1.95187385982e-39
401.89 2.8505990859e-39
401.9 4.15952987326e-39
401.91 6.06423561049e-39
401.92 8.83347526992e-39
401.93 1.28561473436e-38
401.94 1.86944975598e-38
401.95 2.71606691963e-38
401.96 3.94267380344e-38
401.97 5.71827373071e-38
401.98 8.28633996443e-38
401.99 1.1997320638e-37
402.0 1.73551949759e-37
402.01 2.50840952262e-37
402.02 3.62235572569e-37
402.03 5.2264580123e-37
402.04 7.53438046376e-37
402.05 1.08520388721e-36
402.06 1.56170444707e-36
402.07 2.24548452146e-36
402.08 3.22585614942e-36
402.09 4.63024147445e-36
402.1 6.64027395164e-36
402.11 9.5146335374e-36
402.12 1.3621403157e-35
402.13 1.94838752779e-35
402.14 2.78453414121e-35
402.15 3.97606491204e-35
402.16 5.67254692577e-35
402.17 8.08586416006e-35
402.18 1.15159162386e-34
402.19 1.63868042628e-34
402.2 2.32977374904e-34
402.21 3.30945851404e-34
402.22 4.697035555e-34
402.23 6.66061707674e-34
402.24 9.43688793718e-34
402.25 1.33587813531e-33
402.26 1.88942039104e-33
402.27 2.67001724825e-33
402.28 3.76984286498e-33
402.29 5.31809562501e-33
402.3 7.49570952786e-33
402.31 1.05558465289e-32
402.32 1.4852415793e-32
402.33 2.08797282819e-32
402.34 2.93275847907e-32
402.35 4.11577351333e-32
402.36 5.77099036713e-32
402.37 8.08486817949e-32
402.38 1.131668558e-31
402.39 1.58266598551e-31
402.4 2.21147991849e-31
402.41 3.08745363214e-31
402.42 4.30667005331e-31
402.43 6.00214481326e-31
402.44 8.35785920564e-31
402.45 1.16280621628e-30
402.46 1.61637956506e-30
402.47 2.24493137805e-30
402.48 3.11520407099e-30
402.49 4.31910384205e-30
402.5 5.9830757614e-30
402.51 8.28092919294e-30
402.52 1.14513675077e-29
402.53 1.58219259164e-29
402.54 2.18416303695e-29
402.55 3.01255144599e-29
402.56 4.15152448539e-29
402.57 5.71616093685e-29
402.58 7.86366500753e-29
402.59 1.08085957275e-28
402.6 1.484353206e-28
402.61 2.03670884229e-28
402.62 2.79218606563e-28
402.63 3.82457757684e-28
402.64 5.23415170616e-28
402.65 7.15703020533e-28
402.66 9.77784405887e-28
402.67 1.3346797636e-27
402.68 1.82026558161e-27
402.69 2.48036818092e-27
402.7 3.37692377734e-27
402.71 4.59356723166e-27
402.72 6.24313331243e-27
402.73 8.47771578597e-27
402.74 1.15021442393e-26
402.75 1.55920234242e-26
402.76 2.11178577521e-26
402.77 2.85772842287e-26
402.78 3.86380998928e-26
402.79 5.21956463713e-26
402.8 7.04492723459e-26
402.81 9.50041235763e-26
402.82 1.28006526365e-25
402.83 1.72323886821e-25
402.84 2.31783524994e-25
402.85 3.11489461235e-25
402.86 4.18242213383e-25
402.87 5.61094592728e-25
402.88 7.52086884414e-25
402.89 1.00721841946e-24
402.9 1.3477303733e-24
402.91 1.80179793654e-24
402.92 2.40676045422e-24
402.93 3.21205787009e-24
402.94 4.28309362543e-24
402.95 5.70631165205e-24
402.96 7.59586292468e-24
402.97 1.01023512173e-23
402.98 1.34242960069e-23
402.99 1.78231428972e-23
403.0 2.36429013876e-23
403.01 3.13358128731e-23
403.02 4.14958697556e-23
403.03 5.49025468391e-23
403.04 7.25778038944e-23
403.05 9.58603184042e-23
403.06 1.26502067636e-22
403.07 1.66793873012e-22
403.08 2.19728441361e-22
403.09 2.89211907172e-22
403.1 3.80338050574e-22
403.11 4.99743432564e-22
403.12 6.56066900162e-22
403.13 8.60543585358e-22
403.14 1.12777205357e-21
403.15 1.47670415825e-21
403.16 1.93192107276e-21
403.17 2.52527671372e-21
403.18 3.29801237468e-21
403.19 4.3034751569e-21
403.2 5.6106093623e-21
403.21 7.30843647542e-21
403.22 9.51179832048e-21
403.23 1.2368712724e-20
403.24 1.60697856763e-20
403.25 2.08602437582e-20
403.26 2.70553019904e-20
403.27 3.50597734375e-20
403.28 4.53930680639e-20
403.29 5.87210322789e-20
403.3 7.58964632726e-20
403.31 9.80106135587e-20
403.32 1.26458605929e-19
403.33 1.63022438219e-19
403.34 2.09976209352e-19
403.35 2.7021939089e-19
403.36 3.47445461142e-19
403.37 4.46355085367e-19
403.38 5.72925357031e-19
403.39 7.34749524228e-19
403.4 9.41465251948e-19
403.41 1.20529398708e-18
403.42 1.54171961172e-18
403.43 1.97034155332e-18
403.44 2.51594619046e-18
403.45 3.20985114668e-18
403.46 4.09159039044e-18
403.47 5.21102455304e-18
403.48 6.63098127423e-18
403.49 8.43055558179e-18
403.5 1.0709231408e-17
403.51 1.35920236821e-17
403.52 1.72358876524e-17
403.53 2.18377001836e-17
403.54 2.76441891691e-17
403.55 3.49642748679e-17
403.56 4.41843944968e-17
403.57 5.57875131683e-17
403.58 7.03766855369e-17
403.59 8.87042297282e-17
403.6 1.11707816022e-16
403.61 1.40555066729e-16
403.62 1.76698622053e-16
403.63 2.21944063111e-16
403.64 2.78533614165e-16
403.65 3.49249191229e-16
403.66 4.37539147396e-16
403.67 5.47674014964e-16
403.68 6.84937695019e-16
403.69 8.55861937513e-16
403.7 1.06851363808e-15
403.71 1.33284651061e-15
403.72 1.66113114679e-15
403.73 2.06848042888e-15
403.74 2.57349081935e-15
403.75 3.19902432892e-15
403.76 3.97316110314e-15
403.77 4.93035873403e-15
403.78 6.1128617948e-15
403.79 7.57241394613e-15
403.8 9.37233554902e-15
403.81 1.15900423677e-14
403.82 1.43200960431e-14
403.83 1.76778950171e-14
403.84 2.18041360224e-14
403.85 2.68702017566e-14
403.86 3.30846606621e-14
403.87 4.07011007091e-14
403.88 5.00275617337e-14
403.89 6.14378814075e-14
403.9 7.53853296938e-14
403.91 9.24189772871e-14
403.92 1.13203326938e-13
403.93 1.38541834901e-13
403.94 1.6940506559e-13
403.95 2.06964358807e-13
403.96 2.52632049076e-13
403.97 3.08109464658e-13
403.98 3.75444154273e-13
403.99 4.57098047788e-13
404.0 5.56028559228e-13
404.01 6.75784993473e-13
404.02 8.2062303004e-13
404.03 9.95640537733e-13
404.04 1.20693853332e-12
404.05 1.46181174809e-12
404.06 1.76897402192e-12
404.07 2.13882462191e-12
404.08 2.58376259894e-12
404.09 3.11855747276e-12
404.1 3.76078589677e-12
404.11 4.53134552561e-12
404.12 5.45505912109e-12
404.13 6.56138402085e-12
404.14 7.88524449715e-12
404.15 9.46800729523e-12
404.16 1.13586238108e-11
404.17 1.36149660008e-11
404.18 1.63053872829e-11
404.19 1.95105444375e-11
404.2 2.33255219621e-11
404.21 2.78623065253e-11
404.22 3.32526662314e-11
404.23 3.96514974407e-11
404.24 4.72407110184e-11
404.25 5.62337402459e-11
404.26 6.68807643655e-11
404.27 7.94747550159e-11
404.28 9.43584678314e-11
404.29 1.11932518422e-10
404.3 1.32664701054e-10
404.31 1.57100729858e-10
404.32 1.85876606535e-10
404.33 2.19732845679e-10
404.34 2.59530819227e-10
404.35 3.06271515557e-10
404.36 3.61117046795e-10
404.37 4.25415280323e-10
404.38 5.00728017747e-10
404.39 5.88863197201e-10
404.4 6.91911653293e-10
404.41 8.12289033813e-10
404.42 9.52783544106e-10
404.43 1.11661026937e-09
404.44 1.30747291274e-09
404.45 1.52963388357e-09
404.46 1.78799377659e-09
404.47 2.08818139911e-09
404.48 2.4366556317e-09
404.49 2.84082054729e-09
404.5 3.30915536717e-09
404.51 3.85136099863e-09
404.52 4.47852508095e-09
404.53 5.20330766345e-09
404.54 6.04014985332e-09
404.55 7.00550800227e-09
404.56 8.11811625094e-09
404.57 9.39928051914e-09
404.58 1.08732073197e-08
404.59 1.2567371084e-08
404.6 1.45129240188e-08
404.61 1.6745152871e-08
404.62 1.93039873506e-08
404.63 2.22345653678e-08
404.64 2.55878606614e-08
404.65 2.94213788446e-08
404.66 3.37999283701e-08
404.67 3.87964734049e-08
404.68 4.44930761313e-08
404.69 5.09819365236e-08
404.7 5.83665382156e-08
404.71 6.67629096496e-08
404.72 7.63010102962e-08
404.73 8.71262523425e-08
404.74 9.94011688701e-08
404.75 1.13307240172e-07
404.76 1.29046890491e-07
404.77 1.46845668092e-07
404.78 1.66954622215e-07
404.79 1.89652891046e-07
404.8 2.15250515472e-07
404.81 2.44091493902e-07
404.82 2.76557094028e-07
404.83 3.13069437817e-07
404.84 3.54095376514e-07
404.85 4.00150672758e-07
404.86 4.51804507233e-07
404.87 5.09684327428e-07
404.88 5.74481056225e-07
404.89 6.46954677959e-07
404.9 7.27940219459e-07
404.91 8.1835414327e-07
404.92 9.19201169758e-07
404.93 1.03158154418e-06
404.94 1.15669876387e-06
404.95 1.29586777977e-06
404.96 1.45052368495e-06
404.97 1.6222309015e-06
404.98 1.81269287517e-06
404.99 2.02376228492e-06
405.0 2.25745177235e-06
405.01 2.51594519302e-06
405.02 2.80160938857e-06
405.03 3.11700647524e-06
405.04 3.46490664047e-06
405.05 3.84830143499e-06
405.06 4.27041754338e-06
405.07 4.73473101108e-06
405.08 5.2449819003e-06
405.09 5.80518934176e-06
405.1 6.41966694283e-06
405.11 7.09303850629e-06
405.12 7.83025400688e-06
405.13 8.63660576561e-06
405.14 9.51774475435e-06
405.15 1.04796969551e-05
405.16 1.15288796901e-05
405.17 1.26721178318e-05
405.18 1.39166597898e-05
405.19 1.52701931689e-05
405.2 1.67408599764e-05
405.21 1.8337271255e-05
405.22 2.00685210035e-05
405.23 2.19441992425e-05
405.24 2.39744040713e-05
405.25 2.61697525562e-05
405.26 2.85413902823e-05
405.27 3.11009993911e-05
405.28 3.38608049247e-05
405.29 3.68335792865e-05
405.3 4.00326446259e-05
405.31 4.34718729516e-05
405.32 4.71656837702e-05
405.33 5.11290390516e-05
405.34 5.53774353164e-05
405.35 5.99268926453e-05
405.36 6.47939404099e-05
405.37 6.99955995315e-05
405.38 7.55493610769e-05
405.39 8.14731610109e-05
405.4 8.77853509324e-05
405.41 9.4504664634e-05
405.42 0.000101650180339
405.43 0.000109241278481
405.44 0.00011729759492
405.45 0.000125838969493
405.46 0.000134885389835
405.47 0.000144456930423
405.48 0.000154573686816
405.49 0.000165255705112
405.5 0.000176522906654
405.51 0.000188395008056
405.52 0.000200891436659
405.53 0.000214031241556
405.54 0.000227833000374
405.55 0.00024231472202
405.56 0.000257493745654
405.57 0.00027338663619
405.58 0.00029000907666
405.59 0.000307375757823
405.6 0.00032550026544
405.61 0.000344394965675
405.62 0.000364070889122
405.63 0.000384537614003
405.64 0.000405803149101
405.65 0.000427873817054
405.66 0.000450754138639
405.67 0.000474446718724
405.68 0.000498952134594
405.69 0.000524268827356
405.7 0.000550392997185
405.71 0.00057731850315
405.72 0.000605036768393
405.73 0.000633536691434
405.74 0.000662804564373
405.75 0.000692823998749
405.76 0.00072357585982
405.77 0.000755038209995
405.78 0.000787186262143
405.79 0.000819992343447
405.8 0.00085342587048
405.81 0.000887453336089
405.82 0.000922038308659
405.83 0.000957141444281
405.84 0.000992720512237
405.85 0.00102873043424
405.86 0.00106512333768
405.87 0.00110184862321
405.88 0.00113885304672
405.89 0.00117608081584
405.9 0.00121347370106
405.91 0.00125097116114
405.92 0.00128851048283
405.93 0.00132602693455
405.94 0.00136345393364
405.95 0.00140072322669
405.96 0.0014377650825
405.97 0.00147450849684
405.98 0.00151088140843
405.99 0.00154681092518
406.0 0.00158222355993
406.01 0.00161704547444
406.02 0.00165120273086
406.03 0.00168462154931
406.04 0.00171722857049
406.05 0.00174895112199
406.06 0.00177971748713
406.07 0.00180945717478
406.08 0.00183810118903
406.09 0.00186558229709
406.1 0.00189183529426
406.11 0.00191679726437
406.12 0.00194040783437
406.13 0.00196260942179
406.14 0.0019833474736
406.15 0.00200257069522
406.16 0.00202023126853
406.17 0.0020362850575
406.18 0.00205069180055
406.19 0.00206341528842
406.2 0.00207442352675
406.21 0.00208368888236
406.22 0.00209118821272
406.23 0.00209690297772
406.24 0.0021008193334
406.25 0.0021029282072
406.26 0.00210322535444
406.27 0.0021017113959
406.28 0.00209839183653
406.29 0.00209327706539
406.3 0.00208638233711
406.31 0.0020777277352
406.32 0.00206733811789
406.33 0.002055243047
406.34 0.00204147670073
406.35 0.00202607777129
406.36 0.00200908934833
406.37 0.00199055878942
406.38 0.00197053757872
406.39 0.00194908117532
406.4 0.00192624885256
406.41 0.00190210352991
406.42 0.00187671159912
406.43 0.001850142746
406.44 0.0018224697699
406.45 0.00179376840236
406.46 0.00176411712682
406.47 0.00173359700122
406.48 0.00170229148524
406.49 0.00167028627396
406.5 0.00163766913983
406.51 0.00160452978459
406.52 0.00157095970291
406.53 0.00153705205949
406.54 0.00150290158113
406.55 0.00146860446535
406.56 0.00143425830701
406.57 0.00139996204443
406.58 0.001365815926
406.59 0.00133192149876
406.6 0.00129838161978
406.61 0.00126530049133
406.62 0.00123278372065
406.63 0.00120093840486
406.64 0.00116987324168
406.65 0.0011396986661
406.66 0.00111052701329
406.67 0.00108247270777
406.68 0.00105565247862
406.69 0.00103018560043
406.7 0.00100619415944
406.71 0.000983803344234
406.72 0.000963141760017
406.73 0.000944341765495
406.74 0.000927539831003
406.75 0.000912876916488
406.76 0.000900498867672
406.77 0.000890556828578
406.78 0.000883207668371
406.79 0.000878614420307
406.8 0.000876946730396
406.81 0.000878381313183
406.82 0.000883102411891
406.83 0.000891302259992
406.84 0.000903181541101
406.85 0.000918949843943
406.86 0.000938826108968
406.87 0.000963039063087
406.88 0.000991827638826
406.89 0.00102544137413
406.9 0.00106414078888
406.91 0.00110819773423
406.92 0.00115789571059
406.93 0.00121353015024
406.94 0.00127540866043
406.95 0.00134385122281
406.96 0.0014191903451
406.97 0.0015017711608
406.98 0.00159195147313
406.99 0.00169010173905
407.0 0.00179660498971
407.01 0.0019118566836
407.02 0.00203626448896
407.03 0.00217024799223
407.04 0.0023142383294
407.05 0.00246867773773
407.06 0.0026340190253
407.07 0.00281072495627
407.08 0.00299926755037
407.09 0.00320012729511
407.1 0.00341379227003
407.11 0.00364075718255
407.12 0.00388152231562
407.13 0.00413659238772
407.14 0.00440647532658
407.15 0.00469168095822
407.16 0.00499271961384
407.17 0.00531010065735
407.18 0.00564433093734
407.19 0.00599591316743
407.2 0.00636534424001
407.21 0.00675311347868
407.22 0.00715970083548
407.23 0.0075855750395
407.24 0.00803119170409
407.25 0.00849699140037
407.26 0.00898339770533
407.27 0.00949081523335
407.28 0.0100196276601
407.29 0.0105701957487
407.3 0.0111428553878
407.31 0.0117379156518
407.32 0.012355656894
407.33 0.0129963288826
407.34 0.0136601489909
407.35 0.0143473004521
407.36 0.0150579306886
407.37 0.0157921497278
407.38 0.0165500287131
407.39 0.0173315985208
407.4 0.0181368484923
407.41 0.01896572529
407.42 0.0198181318869
407.43 0.0206939266956
407.44 0.0215929228453
407.45 0.022514887613
407.46 0.0234595420132
407.47 0.024426560552
407.48 0.0254155711483
407.49 0.0264261552246
407.5 0.0274578479691
407.51 0.0285101387693
407.52 0.029582471816
407.53 0.030674246876
407.54 0.0317848202304
407.55 0.0329135057736
407.56 0.0340595762686
407.57 0.0352222647508
407.58 0.0364007660736
407.59 0.0375942385871
407.6 0.0388018059389
407.61 0.040022558989
407.62 0.0412555578248
407.63 0.0424998338658
407.64 0.0437543920444
407.65 0.0450182130497
407.66 0.0462902556211
407.67 0.0475694588766
407.68 0.048854744662
407.69 0.0501450199073
407.7 0.0514391789747
407.71 0.052736105985
407.72 0.0540346771086
407.73 0.0553337628067
407.74 0.0566322300115
407.75 0.0579289442308
407.76 0.0592227715685
407.77 0.0605125806483
407.78 0.0617972444313
407.79 0.0630756419202
407.8 0.0643466597418
407.81 0.065609193602
407.82 0.066862149609
407.83 0.0681044454599
407.84 0.069335011491
407.85 0.0705527915887
407.86 0.0717567439636
407.87 0.0729458417889
407.88 0.0741190737075
407.89 0.0752754442118
407.9 0.0764139739033
407.91 0.0775336996395
407.92 0.0786336745749
407.93 0.0797129681095
407.94 0.0807706657512
407.95 0.081805868907
407.96 0.0828176946143
407.97 0.0838052752243
407.98 0.0847677580531
407.99 0.085704305012
408.0 0.0866140922332
408.01 0.0874963097042
408.02 0.0883501609246
408.03 0.0891748626004
408.04 0.0899696443879
408.05 0.0907337487024
408.06 0.0914664306011
408.07 0.0921669577557
408.08 0.0928346105219
408.09 0.0934686821174
408.1 0.094068478918
408.11 0.0946333208761
408.12 0.0951625420714
408.13 0.0956554913959
408.14 0.0961115333775
408.15 0.0965300491439
408.16 0.0969104375274
408.17 0.0972521163087
408.18 0.0975545235968
408.19 0.0978171193414
408.2 0.0980393869712
408.21 0.0982208351508
408.22 0.098360999647
408.23 0.098459445295
408.24 0.0985157680521
408.25 0.0985295971268
408.26 0.0985005971684
408.27 0.0984284705033
408.28 0.0983129594014
408.29 0.0981538483559
408.3 0.0979509663599
408.31 0.0977041891615
408.32 0.0974134414794
408.33 0.0970786991607
408.34 0.0966999912628
408.35 0.0962774020407
408.36 0.0958110728222
408.37 0.0953012037525
408.38 0.0947480553927
408.39 0.0941519501539
408.4 0.0935132735526
408.41 0.0928324752729
408.42 0.0921100700207
408.43 0.0913466381591
408.44 0.0905428261132
408.45 0.089699346534
408.46 0.0888169782148
408.47 0.0878965657518
408.48 0.086939018945
408.49 0.0859453119359
408.5 0.0849164820789
408.51 0.0838536285492
408.52 0.0827579106856
408.53 0.0816305460742
408.54 0.0804728083771
408.55 0.079286024913
408.56 0.0780715739975
408.57 0.0768308820546
408.58 0.0755654205091
408.59 0.0742767024741
408.6 0.0729662792469
408.61 0.0716357366297
408.62 0.0702866910902
408.63 0.0689207857815
408.64 0.0675396864383
408.65 0.0661450771691
408.66 0.0647386561645
408.67 0.0633221313418
408.68 0.061897215946
408.69 0.0604656241292
408.7 0.0590290665286
408.71 0.0575892458642
408.72 0.0561478525768
408.73 0.0547065605273
408.74 0.0532670227764
408.75 0.0518308674642
408.76 0.0503996938091
408.77 0.0489750682425
408.78 0.0475585206977
408.79 0.0461515410666
408.8 0.0447555758418
408.81 0.0433720249546
408.82 0.042002238824
408.83 0.0406475156248
408.84 0.0393090987868
408.85 0.0379881747311
408.86 0.0366858708522
408.87 0.0354032537491
408.88 0.0341413277106
408.89 0.0329010334562
408.9 0.0316832471341
408.91 0.0304887795748
408.92 0.029318375799
408.93 0.0281727147764
408.94 0.02705240943
408.95 0.0259580068814
408.96 0.0248899889282
408.97 0.0238487727469
408.98 0.0228347118117
408.99 0.0218480970179
409.0 0.0208891580014
409.01 0.0199580646398
409.02 0.019054928725
409.03 0.0181798057925
409.04 0.017332697096
409.05 0.0165135517115
409.06 0.015722268758
409.07 0.014958699721
409.08 0.014222650863
409.09 0.0135138857085
409.1 0.0128321275873
409.11 0.0121770622244
409.12 0.0115483403611
409.13 0.0109455803939
409.14 0.0103683710194
409.15 0.00981627387174
409.16 0.00928882614046
409.17 0.00878554315805
409.18 0.00830592094588
409.19 0.00784943870859
409.2 0.00741556126741
409.21 0.00700374142385
409.22 0.00661342224563
409.23 0.00624403926791
409.24 0.00589502260312
409.25 0.00556579895407
409.26 0.00525579352527
409.27 0.00496443182842
409.28 0.00469114137884
409.29 0.00443535328015
409.3 0.00419650369544
409.31 0.00397403520364
409.32 0.0037673980407
409.33 0.00357605122577
409.34 0.0033994635729
409.35 0.00323711458997
409.36 0.00308849526626
409.37 0.00295310875144
409.38 0.00283047092845
409.39 0.00272011088374
409.4 0.00262157127833
409.41 0.00253440862364
409.42 0.00245819346646
409.43 0.00239251048725
409.44 0.00233695851683
409.45 0.00229115047598
409.46 0.00225471324322
409.47 0.00222728745576
409.48 0.00220852724876
409.49 0.0021980999382
409.5 0.00219568565255
409.51 0.00220097691842
409.52 0.00221367820528
409.53 0.00223350543444
409.54 0.00226018545708
409.55 0.00229345550642
409.56 0.0023330626284
409.57 0.00237876309578
409.58 0.00243032180978
409.59 0.00248751169361
409.6 0.00255011308178
409.61 0.00261791310914
409.62 0.00269070510312
409.63 0.00276828798266
409.64 0.00285046566693
409.65 0.0029370464968
409.66 0.0030278426719
409.67 0.00312266970563
409.68 0.0032213459005
409.69 0.00332369184595
409.7 0.00342952994042
409.71 0.0035386839394
409.72 0.00365097853092
409.73 0.00376623893984
409.74 0.00388429056191
409.75 0.0040049586286
409.76 0.00412806790355
409.77 0.00425344241096
409.78 0.00438090519667
409.79 0.00451027812203
409.8 0.00464138169077
409.81 0.00477403490885
409.82 0.00490805517734
409.83 0.00504325821787
409.84 0.00517945803064
409.85 0.00531646688425
409.86 0.00545409533712
409.87 0.00559215228974
409.88 0.00573044506711
409.89 0.00586877953063
409.9 0.00600696021862
409.91 0.00614479051457
409.92 0.00628207284212
409.93 0.00641860888584
409.94 0.0065541998367
409.95 0.00668864666107
409.96 0.00682175039207
409.97 0.00695331244218
409.98 0.00708313493554
409.99 0.00721102105897
410.0 0.00733677542997
410.01 0.00746020448056
410.02 0.00758111685534
410.03 0.0076993238222
410.04 0.00781463969425
410.05 0.0079268822613
410.06 0.00803587322909
410.07 0.00814143866477
410.08 0.00824340944675
410.09 0.00834162171708
410.1 0.00843591733471
410.11 0.00852614432746
410.12 0.00861215734109
410.13 0.00869381808329
410.14 0.00877099576074
410.15 0.0088435675072
410.16 0.00891141880057
410.17 0.00897444386705
410.18 0.00903254607007
410.19 0.00908563828232
410.2 0.00913364323858
410.21 0.00917649386744
410.22 0.00921413359999
410.23 0.00924651665344
410.24 0.00927360828793
410.25 0.00929538503452
410.26 0.00931183489277
410.27 0.00932295749618
410.28 0.00932876424387
410.29 0.00932927839716
410.3 0.0093245351395
410.31 0.00931458159879
410.32 0.00929947683078
410.33 0.00927929176277
410.34 0.00925410909681
410.35 0.00922402317178
410.36 0.00918913978403
410.37 0.00914957596628
410.38 0.00910545972486
410.39 0.00905692973538
410.4 0.00900413499734
410.41 0.00894723444827
410.42 0.00888639653817
410.43 0.00882179876545
410.44 0.00875362717549
410.45 0.0086820758235
410.46 0.00860734620323
410.47 0.00852964664354
410.48 0.00844919167504
410.49 0.00836620136888
410.5 0.00828090065059
410.51 0.00819351859129
410.52 0.00810428767938
410.53 0.00801344307568
410.54 0.00792122185506
410.55 0.00782786223804
410.56 0.00773360281556
410.57 0.00763868177045
410.58 0.00754333609915
410.59 0.00744780083729
410.6 0.0073523082926
410.61 0.00725708728889
410.62 0.00716236242463
410.63 0.00706835334964
410.64 0.00697527406341
410.65 0.00688333223846
410.66 0.00679272857193
410.67 0.00670365616861
410.68 0.00661629995848
410.69 0.00653083615135
410.7 0.00644743173153
410.71 0.00636624399468
410.72 0.00628742012923
410.73 0.00621109684417
410.74 0.00613740004496
410.75 0.00606644455897
410.76 0.00599833391158
410.77 0.00593316015374
410.78 0.00587100374158
410.79 0.00581193346816
410.8 0.00575600644757
410.81 0.00570326815061
410.82 0.00565375249166
410.83 0.00560748196557
410.84 0.00556446783334
410.85 0.00552471035495
410.86 0.00548819906747
410.87 0.00545491310633
410.88 0.00542482156733
410.89 0.00539788390675
410.9 0.00537405037664
410.91 0.00535326249239
410.92 0.00533545352911
410.93 0.00532054904363
410.94 0.00530846741845
410.95 0.00529912042409
410.96 0.00529241379601
410.97 0.00528824782256
410.98 0.00528651793982
410.99 0.00528711532988
411.0 0.00528992751862
411.01 0.00529483896928
411.02 0.00530173166831
411.03 0.00531048569992
411.04 0.00532097980605
411.05 0.00533309192845
411.06 0.00534669973004
411.07 0.00536168109258
411.08 0.0053779145883
411.09 0.00539527992297
411.1 0.00541365834861
411.11 0.00543293304391
411.12 0.00545298946099
411.13 0.00547371563743
411.14 0.00549500247257
411.15 0.00551674396772
411.16 0.0055388374301
411.17 0.00556118364047
411.18 0.00558368698516
411.19 0.00560625555294
411.2 0.00562880119813
411.21 0.00565123957101
411.22 0.00567349011731
411.23 0.00569547604858
411.24 0.00571712428557
411.25 0.00573836537701
411.26 0.0057591333962
411.27 0.00577936581816
411.28 0.00579900338017
411.29 0.00581798992862
411.3 0.00583627225526
411.31 0.00585379992581
411.32 0.00587052510414
411.33 0.00588640237506
411.34 0.00590138856889
411.35 0.00591544259057
411.36 0.00592852525651
411.37 0.00594059914173
411.38 0.00595162844001
411.39 0.00596157883946
411.4 0.00597041741584
411.41 0.0059781125455
411.42 0.00598463383987
411.43 0.00598995210298
411.44 0.00599403931311
411.45 0.00599686862977
411.46 0.00599841442644
411.47 0.00599865234958
411.48 0.00599755940375
411.49 0.00599511406283
411.5 0.00599129640649
411.51 0.00598608828113
411.52 0.00597947348418
411.53 0.00597143797009
411.54 0.00596197007638
411.55 0.00595106076774
411.56 0.00593870389576
411.57 0.00592489647207
411.58 0.00590963895192
411.59 0.00589293552547
411.6 0.00587479441382
411.61 0.00585522816653
411.62 0.00583425395738
411.63 0.00581189387515
411.64 0.00578817520599
411.65 0.005763130704
411.66 0.00573679884672
411.67 0.00570922407218
411.68 0.00568045699431
411.69 0.0056505545935
411.7 0.00561958037948
411.71 0.00558760452349
411.72 0.00555470395721
411.73 0.0055209624359
411.74 0.00548647056365
411.75 0.00545132577857
411.76 0.00541563229636
411.77 0.00537950101076
411.78 0.00534304934964
411.79 0.00530640108605
411.8 0.00526968610353
411.81 0.00523304011551
411.82 0.00519660433898
411.83 0.00516052512264
411.84 0.00512495353058
411.85 0.00509004488221
411.86 0.00505595825009
411.87 0.00502285591721
411.88 0.00499090279573
411.89 0.00496026580944
411.9 0.00493111324255
411.91 0.00490361405746
411.92 0.00487793718478
411.93 0.00485425078865
411.94 0.00483272151102
411.95 0.00481351369845
411.96 0.00479678861531
411.97 0.00478270364736
411.98 0.00477141149979
411.99 0.00476305939397
412.0 0.00475778826711
412.01 0.00475573197928
412.02 0.00475701653198
412.03 0.00476175930276
412.04 0.00477006830019
412.05 0.00478204144338
412.06 0.00479776587047
412.07 0.00481731727991
412.08 0.00484075930894
412.09 0.0048681429527
412.1 0.00489950602809
412.11 0.00493487268559
412.12 0.00497425297257
412.13 0.00501764245104
412.14 0.00506502187291
412.15 0.00511635691505
412.16 0.00517159797683
412.17 0.0052306800419
412.18 0.00529352260611
412.19 0.0053600296729
412.2 0.00543008981731
412.21 0.00550357631937
412.22 0.00558034736719
412.23 0.00566024632994
412.24 0.00574310210033
412.25 0.00582872950605
412.26 0.00591692978893
412.27 0.00600749115081
412.28 0.00610018936405
412.29 0.0061947884448
412.3 0.0062910413866
412.31 0.00638869095145
412.32 0.00648747051546
412.33 0.00658710496547
412.34 0.00668731164318
412.35 0.0067878013326
412.36 0.0068882792868
412.37 0.0069884462894
412.38 0.00708799974601
412.39 0.00718663480097
412.4 0.00728404547413
412.41 0.00737992581254
412.42 0.00747397105175
412.43 0.0075658787813
412.44 0.00765535010894
412.45 0.00774209081809
412.46 0.00782581251302
412.47 0.00790623374637
412.48 0.00798308112361
412.49 0.00805609037907
412.5 0.00812500741848
412.51 0.00818958932306
412.52 0.00824960531026
412.53 0.0083048376466
412.54 0.00835508250836
412.55 0.00840015078596
412.56 0.00843986882837
412.57 0.00847407912406
412.58 0.00850264091543
412.59 0.00852543074398
412.6 0.00854234292395
412.61 0.00855328994238
412.62 0.0085582027841
412.63 0.00855703118055
412.64 0.00854974378164
412.65 0.00853632825042
412.66 0.00851679128066
412.67 0.00849115853792
412.68 0.00845947452495
412.69 0.00842180237297
412.7 0.00837822356034
412.71 0.00832883756095
412.72 0.00827376142461
412.73 0.00821312929243
412.74 0.00814709185018
412.75 0.008075815723
412.76 0.00799948281538
412.77 0.00791828959999
412.78 0.00783244635971
412.79 0.00774217638706
412.8 0.00764771514549
412.81 0.00754930939702
412.82 0.00744721630095
412.83 0.00734170248821
412.84 0.00723304311618
412.85 0.00712152090844
412.86 0.00700742518437
412.87 0.0068910508828
412.88 0.00677269758453
412.89 0.0066526685377
412.9 0.00653126969041
412.91 0.00640880873442
412.92 0.00628559416377
412.93 0.00616193435185
412.94 0.00603813665025
412.95 0.00591450651241
412.96 0.00579134664491
412.97 0.00566895618888
412.98 0.00554762993381
412.99 0.00542765756566
413.0 0.00530932295099
413.01 0.00519290345844
413.02 0.00507866931872
413.03 0.00496688302385
413.04 0.00485779876624
413.05 0.00475166191795
413.06 0.00464870855009
413.07 0.00454916499221
413.08 0.00445324743135
413.09 0.00436116154995
413.1 0.00427310220209
413.11 0.0041892531269
413.12 0.00410978669818
413.13 0.00403486370888
413.14 0.00396463318936
413.15 0.00389923225768
413.16 0.00383878600085
413.17 0.00378340738526
413.18 0.00373319719481
413.19 0.00368824399543
413.2 0.00364862412418
413.21 0.00361440170167
413.22 0.00358562866638
413.23 0.0035623448293
413.24 0.003544577948
413.25 0.00353234381849
413.26 0.00352564638418
413.27 0.00352447786062
413.28 0.00352881887543
413.29 0.00353863862238
413.3 0.00355389502922
413.31 0.00357453493856
413.32 0.00360049430142
413.33 0.00363169838325
413.34 0.00366806198203
413.35 0.00370948965859
413.36 0.00375587597887
413.37 0.00380710576848
413.38 0.00386305437948
413.39 0.00392358796974
413.4 0.00398856379498
413.41 0.00405783051399
413.42 0.00413122850709
413.43 0.00420859020832
413.44 0.00428974045157
413.45 0.00437449683095
413.46 0.00446267007557
413.47 0.00455406443901
413.48 0.00464847810343
413.49 0.00474570359849
413.5 0.00484552823488
413.51 0.00494773455234
413.52 0.00505210078187
413.53 0.00515840132161
413.54 0.00526640722596
413.55 0.00537588670712
413.56 0.00548660564827
413.57 0.00559832812739
413.58 0.00571081695051
413.59 0.00582383419319
413.6 0.00593714174881
413.61 0.00605050188201
413.62 0.00616367778562
413.63 0.00627643413936
413.64 0.00638853766824
413.65 0.0064997576987
413.66 0.00660986671039
413.67 0.00671864088134
413.68 0.00682586062437
413.69 0.00693131111238
413.7 0.00703478279025
413.71 0.00713607187106
413.72 0.00723498081431
413.73 0.00733131878401
413.74 0.00742490208426
413.75 0.00751555457042
413.76 0.00760310803372
413.77 0.00768740255747
413.78 0.00776828684318
413.79 0.00784561850483
413.8 0.00791926433
413.81 0.00798910050656
413.82 0.00805501281386
413.83 0.00811689677761
413.84 0.00817465778776
413.85 0.00822821117903
413.86 0.00827748227403
413.87 0.00832240638876
413.88 0.00836292880116
413.89 0.00839900468294
413.9 0.00843059899575
413.91 0.00845768635243
413.92 0.00848025084489
413.93 0.00849828583976
413.94 0.00851179374371
413.95 0.0085207857401
413.96 0.00852528149918
413.97 0.00852530886376
413.98 0.00852090351284
413.99 0.00851210860565
414.0 0.00849897440843
414.01 0.00848155790674
414.02 0.00845992240592
414.03 0.00843413712226
414.04 0.00840427676773
414.05 0.00837042113088
414.06 0.0083326546565
414.07 0.0082910660267
414.08 0.00824574774583
414.09 0.00819679573174
414.1 0.00814430891548
414.11 0.00808838885181
414.12 0.00802913934222
414.13 0.00796666607251
414.14 0.00790107626647
414.15 0.00783247835697
414.16 0.00776098167596
414.17 0.00768669616411
414.18 0.00760973210112
414.19 0.00753019985717
414.2 0.007448209666
414.21 0.00736387141962
414.22 0.00727729448481
414.23 0.00718858754107
414.24 0.00709785843956
414.25 0.00700521408245
414.26 0.00691076032195
414.27 0.00681460187802
414.28 0.00671684227359
414.29 0.0066175837863
414.3 0.00651692741522
414.31 0.00641497286127
414.32 0.00631181851971
414.33 0.00620756148343
414.34 0.00610229755504
414.35 0.00599612126664
414.36 0.00588912590518
414.37 0.0057814035423
414.38 0.00567304506667
414.39 0.00556414021767
414.4 0.00545477761876
414.41 0.00534504480925
414.42 0.00523502827329
414.43 0.00512481346474
414.44 0.00501448482711
414.45 0.00490412580736
414.46 0.0047938188631
414.47 0.00468364546218
414.48 0.00457368607448
414.49 0.00446402015523
414.5 0.00435472611982
414.51 0.00424588130988
414.52 0.00413756195068
414.53 0.00402984310008
414.54 0.00392279858922
414.55 0.00381650095534
414.56 0.00371102136738
414.57 0.00360642954483
414.58 0.0035027936706
414.59 0.00340018029866
414.6 0.0032986542574
414.61 0.00319827854942
414.62 0.00309911424899
414.63 0.00300122039789
414.64 0.00290465390085
414.65 0.00280946942149
414.66 0.00271571927986
414.67 0.00262345335251
414.68 0.00253271897619
414.69 0.00244356085598
414.7 0.00235602097887
414.71 0.00227013853363
414.72 0.00218594983769
414.73 0.00210348827188
414.74 0.00202278422355
414.75 0.00194386503871
414.76 0.00186675498376
414.77 0.00179147521705
414.78 0.00171804377074
414.79 0.00164647554307
414.8 0.00157678230132
414.81 0.0015089726954
414.82 0.00144305228208
414.83 0.00137902355976
414.84 0.00131688601354
414.85 0.0012566361704
414.86 0.00119826766404
414.87 0.00114177130908
414.88 0.00108713518402
414.89 0.00103434472257
414.9 0.000983382812677
414.91 0.000934229902643
414.92 0.000886864113728
414.93 0.000841261358488
414.94 0.000797395464174
414.95 0.000755238300467
414.96 0.000714759910806
414.97 0.000675928646566
414.98 0.000638711303368
414.99 0.000603073258785
415.0 0.000568978610721
415.01 0.000536390315795
415.02 0.000505270327035
415.03 0.000475579730257
415.04 0.000447278878512
415.05 0.000420327524028
415.06 0.000394684947114
415.07 0.000370310081523
415.08 0.000347161635821
415.09 0.000325198210362
415.1 0.000304378409489
415.11 0.000284660948648
415.12 0.000266004756137
415.13 0.00024836906927
415.14 0.000231713524747
415.15 0.000215998243119
415.16 0.000201183907216
415.17 0.000187231834507
415.18 0.000174104043349
415.19 0.000161763313156
415.2 0.000150173238531
415.21 0.000139298277446
415.22 0.000129103793583
415.23 0.000119556092978
415.24 0.000110622455127
415.25 0.000102271158744
415.26 9.44715023773e-05
415.27 8.71938201081e-05
415.28 8.04094925578e-05
415.29 7.40909534651e-05
415.3 6.82116920809e-05
415.31 6.27462516474e-05
415.32 5.76702242301e-05
415.33 5.29602421711e-05
415.34 4.8593966436e-05
415.35 4.45500721236e-05
415.36 4.08082314031e-05
415.37 3.7349094142e-05
415.38 3.41542664787e-05
415.39 3.12062875875e-05
415.4 2.84886048775e-05
415.41 2.59855478518e-05
415.42 2.36823008515e-05
415.43 2.15648748886e-05
415.44 1.96200787703e-05
415.45 1.78354896969e-05
415.46 1.61994235095e-05
415.47 1.47009047485e-05
415.48 1.33296366726e-05
415.49 1.2075971376e-05
415.5 1.09308801284e-05
415.51 9.88592405293e-06
415.52 8.93322524247e-06
415.53 8.06543840592e-06
415.54 7.27572312468e-06
415.55 6.55771678862e-06
415.56 5.90550827152e-06
415.57 5.31361239648e-06
415.58 4.77694523282e-06
415.59 4.29080025773e-06
415.6 3.85082540842e-06
415.61 3.45300104296e-06
415.62 3.09361882176e-06
415.63 2.76926151526e-06
415.64 2.47678373818e-06
415.65 2.21329360544e-06
415.66 1.97613530065e-06
415.67 1.76287254378e-06
415.68 1.57127294155e-06
415.69 1.39929320064e-06
415.7 1.24506518155e-06
415.71 1.10688276847e-06
415.72 9.83189528891e-07
415.73 8.72567135229e-07
415.74 7.73724519372e-07
415.75 6.8548773053e-07
415.76 6.06790465986e-07
415.77 5.36665244105e-07
415.78 4.74235188885e-07
415.79 4.18706395413e-07
415.8 3.69360845883e-07
415.81 3.25549846299e-07
415.82 2.86687954538e-07
415.83 2.52247371157e-07
415.84 2.21752765133e-07
415.85 1.94776507565e-07
415.86 1.70934287364e-07
415.87 1.49881083894e-07
415.88 1.3130747259e-07
415.89 1.1493624064e-07
415.9 1.00519290874e-07
415.91 8.78348130909e-08
415.92 7.6684703154e-08
415.93 6.68922112204e-08
415.94 5.82998015567e-08
415.95 5.07672074085e-08
415.96 4.41696654091e-08
415.97 3.83963149868e-08
415.98 3.33487491777e-08
415.99 2.89397041628e-08
416.0 2.50918757197e-08
416.01 2.1736851615e-08
416.02 1.88141497605e-08
416.03 1.6270352707e-08
416.04 1.40583297716e-08
416.05 1.21365387635e-08
416.06 1.04683999122e-08
416.07 9.02173520056e-09
416.08 7.76826686177e-09
416.09 6.68316932455e-09
416.1 5.74466937868e-09
416.11 4.93368978576e-09
416.12 4.23353198251e-09
416.13 3.62959391372e-09
416.14 3.10911939319e-09
416.15 2.66097572394e-09
416.16 2.27545661565e-09
416.17 1.94410771914e-09
416.18 1.65957235638e-09
416.19 1.41545526125e-09
416.2 1.20620236287e-09
416.21 1.02699484069e-09
416.22 8.73655860558e-10
416.23 7.4256856463e-10
416.24 6.30604036548e-10
416.25 5.35058097884e-10
416.26 4.53595913794e-10
416.27 3.8420349587e-10
416.28 3.25145289516e-10
416.29 2.74927122594e-10
416.3 2.32263872552e-10
416.31 1.9605128148e-10
416.32 1.65341413296e-10
416.33 1.39321305261e-10
416.34 1.17294417864e-10
416.35 9.86645333866e-11
416.36 8.29217947425e-11
416.37 6.96306128686e-11
416.38 5.84192036419e-11
416.39 4.8970544246e-11
416.4 4.10145646219e-11
416.41 3.43214123805e-11
416.42 2.86956496676e-11
416.43 2.39712582298e-11
416.44 2.00073445897e-11
416.45 1.66844510257e-11
416.46 1.39013901824e-11
416.47 1.15725317871e-11
416.48 9.62547929337e-12
416.49 7.99908245887e-12
416.5 6.64173902731e-12
416.51 5.50994494416e-12
416.52 4.56705799889e-12
416.53 3.7822445491e-12
416.54 3.12958312795e-12
416.55 2.58730234186e-12
416.56 2.13713359665e-12
416.57 1.76376190659e-12
416.58 1.45436039387e-12
416.59 1.19819612294e-12
416.6 9.86296673582e-13
416.61 8.11168376717e-13
416.62 6.66558446698e-13
416.63 5.47254372435e-13
416.64 4.48914900323e-13
416.65 3.67927776013e-13
416.66 3.01290127829e-13
416.67 2.4650798828e-13
416.68 2.01511975485e-13
416.69 1.64586605701e-13
416.7 1.34311092017e-13
416.71 1.09509811823e-13
416.72 8.92109048841e-14
416.73 7.26117015386e-14
416.74 5.90498826645e-14
416.75 4.79794448033e-14
416.76 3.89506895016e-14
416.77 3.15935794321e-14
416.78 2.56039083978e-14
416.79 2.07318207392e-14
416.8 1.67722903465e-14
416.81 1.35572325043e-14
416.82 1.09489749106e-14
416.83 8.83485894116e-15
416.84 7.12277984113e-15
416.85 5.73750612934e-15
416.86 4.61764502012e-15
416.87 3.71314289906e-15
416.88 2.98322850643e-15
416.89 2.39472205442e-15
416.9 1.92064651721e-15
416.91 1.53908819451e-15
416.92 1.23226270538e-15
416.93 9.85750112818e-16
416.94 7.87869155395e-16
416.95 6.29165779088e-16
416.96 5.01995493156e-16
416.97 4.00182666222e-16
416.98 3.18742854774e-16
416.99 2.53656719423e-16
417.0 2.01686120756e-16
417.01 1.6022466851e-16
417.02 1.27176385479e-16
417.03 1.00857291202e-16
417.04 7.99156521515e-17
417.05 6.32674195088e-17
417.06 5.0044011984e-17
417.07 3.95501233166e-17
417.08 3.12296623252e-17
417.09 2.46382840763e-17
417.1 1.94212577118e-17
417.11 1.52956510342e-17
417.12 1.20360034771e-17
417.13 9.46281531716e-18
417.14 7.43330829299e-18
417.15 5.83401642709e-18
417.16 4.57485012408e-18
417.17 3.58434508052e-18
417.18 2.80586310374e-18
417.19 2.19455698275e-18
417.2 1.71494803665e-18
417.21 1.33899448432e-18
417.22 1.04455263704e-18
417.23 8.14152180589e-19
417.24 6.34022353019e-19
417.25 4.93318346442e-19
417.26 3.835073421e-19
417.27 2.97881694953e-19
417.28 2.31173297327e-19
417.29 1.79248378769e-19
417.3 1.38866190718e-19
417.31 1.07488381998e-19
417.32 8.31285577492e-20
417.33 6.42336620746e-20
417.34 4.95905398519e-20
417.35 3.82524015508e-20
417.36 2.94810055381e-20
417.37 2.27012407658e-20
417.38 1.74654835165e-20
417.39 1.34256508146e-20
417.4 1.03113089042e-20
417.41 7.91254081504e-21
417.42 6.06655088079e-21
417.43 4.64720082955e-21
417.44 3.55684346768e-21
417.45 2.71995538141e-21
417.46 2.07817694226e-21
417.47 1.58645215509e-21
417.48 1.21002725032e-21
417.49 9.2211914226e-22
417.5 7.02105926647e-22
417.51 5.34123830676e-22
417.52 4.05980323784e-22
417.53 3.08312924382e-22
417.54 2.33938763441e-22
417.55 1.77352111597e-22
417.56 1.34336568842e-22
417.57 1.01666027359e-22
417.58 7.68742992272e-23
417.59 5.80778057839e-23
417.6 4.38392327036e-23
417.61 3.30627826742e-23
417.62 2.49137770947e-23
417.63 1.87570035369e-23
417.64 1.41094816776e-23
417.65 1.06043089768e-23
417.66 7.96301255103e-24
417.67 5.97442537555e-24
417.68 4.47856204383e-24
417.69 3.35432209461e-24
417.7 2.5101209251e-24
417.71 1.87675784038e-24
417.72 1.40199203725e-24
417.73 1.04642129374e-24
417.74 7.80353357867e-25
417.75 5.81433099921e-25
417.76 4.32844509764e-25
417.77 3.21949524543e-25
417.78 2.39258500241e-25
417.79 1.77652235703e-25
417.8 1.31794622885e-25
417.81 9.76896197911e-26
417.82 7.23473886465e-26
417.83 5.35329299644e-26
417.84 3.95770008958e-26
417.85 2.92340146781e-26
417.86 2.15753452311e-26
417.87 1.59092885822e-26
417.88 1.17210759121e-26
417.89 8.62795578147e-27
417.9 6.34559069384e-27
417.91 4.66294092611e-27
417.92 3.42350908197e-27
417.93 2.51134725135e-27
417.94 1.84062689952e-27
417.95 1.3478714493e-27
417.96 9.86177061291e-28
417.97 7.20916609843e-28
417.98 5.26549106066e-28
417.99 3.84252268996e-28
418.0 2.80167473898e-28
418.01 2.04099857201e-28
418.02 1.48556411507e-28
418.03 1.08034834809e-28
418.04 7.84982431543e-29
418.05 5.69875222309e-29
418.06 4.13355123432e-29
418.07 2.99564667059e-29
418.08 2.16910993667e-29
418.09 1.56926486914e-29
418.1 1.13431755561e-29
418.11 8.19212871946e-30
418.12 5.91129447044e-30
418.13 4.26179085901e-30
418.14 3.06990817654e-30
418.15 2.20944070204e-30
418.16 1.58877730552e-30
418.17 1.14147766362e-30
418.18 8.19399171198e-31
418.19 5.87688693825e-31
418.2 4.21136480799e-31
418.21 3.01524151682e-31
418.22 2.15697473185e-31
418.23 1.54167107223e-31
418.24 1.10093607298e-31
418.25 7.85518093691e-32
418.26 5.59981909098e-32
418.27 3.98855433936e-32
418.28 2.8384466911e-32
418.29 2.0182254749e-32
418.3 1.43377940521e-32
418.31 1.01769749297e-32
418.32 7.21736690829e-33
418.33 5.11402181155e-33
418.34 3.62051274407e-33
418.35 2.5609511691e-33
418.36 1.80990686509e-33
418.37 1.27801181737e-33
418.38 9.01648416865e-34
418.39 6.35569857074e-34
418.4 4.47623699145e-34
418.41 3.14982600682e-34
418.42 2.21454122627e-34
418.43 1.55562418809e-34
418.44 1.09181565598e-34
418.45 7.65627740104e-35
418.46 5.3642587182e-35
418.47 3.75513438422e-35
418.48 2.62642476089e-35
418.49 1.83538913773e-35
418.5 1.28148953123e-35
418.51 8.93975631693e-36
418.52 6.23103242824e-36
418.53 4.33928379669e-36
418.54 3.01925511289e-36
418.55 2.09896539571e-36
418.56 1.45792257081e-36
418.57 1.01178294128e-36
418.58 7.01558609767e-37
418.59 4.86031343523e-37
418.6 3.36425036516e-37
418.61 2.32667675899e-37
418.62 1.6077092399e-37
418.63 1.10994811081e-37
418.64 7.6563461042e-38
418.65 5.27672123164e-38
418.66 3.63354428137e-38
418.67 2.49988756297e-38
418.68 1.71843934299e-38
418.69 1.18024359123e-38
418.7 8.09902626056e-39
418.71 5.55287217033e-39
418.72 3.80387517685e-39
418.73 2.60350580935e-39
418.74 1.78038758598e-39
418.75 1.21645003804e-39
418.76 8.30419823039e-40
418.77 5.66402095772e-40
418.78 3.85989693112e-40
418.79 2.62815077679e-40
418.8 1.78792195968e-40
418.81 1.21526377506e-40
418.82 8.25308387924e-41
418.83 5.59996971171e-41
418.84 3.7964598353e-41
418.85 2.57155403072e-41
418.86 1.74034844788e-41
418.87 1.17679409193e-41
418.88 7.95039050936e-42
418.89 5.36661147701e-42
418.9 3.61939149671e-42
418.91 2.43890385915e-42
418.92 1.64201648373e-42
418.93 1.10454663457e-42
418.94 7.42359573259e-43
418.95 4.98503581272e-43
418.96 3.34461370007e-43
418.97 2.24206066076e-43
418.98 1.50166294878e-43
418.99 1.00489638663e-43
419.0 6.71883253218e-44
419.01 4.48838456956e-44
419.02 2.99578069237e-44
419.03 1.99780771878e-44
419.04 1.33113183048e-44
419.05 8.86160041174e-45
419.06 5.89422852301e-45
419.07 3.91710748819e-45
419.08 2.60092435203e-45
419.09 1.7254948415e-45
419.1 1.14372949794e-45
419.11 7.5745474674e-46
419.12 5.01203128764e-46
419.13 3.31355793134e-46
419.14 2.18876469421e-46
419.15 1.44453242291e-46
419.16 9.5253123563e-47
419.17 6.27559445362e-47
419.18 4.13099079688e-47
419.19 2.71692279102e-47
419.2 1.78535292277e-47
419.21 1.17218071861e-47
419.22 7.68933496719e-48
419.23 5.03972338244e-48
419.24 3.30026133823e-48
419.25 2.1593034382e-48
419.26 1.41157101904e-48
419.27 9.2196726787e-49
419.28 6.01661171261e-49
419.29 3.92294463882e-49
419.3 2.55561887115e-49
419.31 1.66342684467e-49
419.32 1.08177026079e-49
419.33 7.02894398786e-50
419.34 4.56319302073e-50
419.35 2.95986095108e-50
419.36 1.91821592089e-50
419.37 1.24207375668e-50
419.38 8.03564963964e-51
419.39 5.19419574964e-51
419.4 3.3545892014e-51
419.41 2.16463207405e-51
419.42 1.39557296063e-51
419.43 8.98969000373e-52
419.44 5.78576244417e-52
419.45 3.72049043847e-52
419.46 2.39036102999e-52
419.47 1.53444214932e-52
419.48 9.84149897785e-53
419.49 6.30660595234e-53
419.5 4.03788414067e-53
419.51 2.58306730986e-53
419.52 1.65097807322e-53
419.53 1.05431552124e-53
419.54 6.72703376096e-54
419.55 4.28844976376e-54
419.56 2.73149719701e-54
419.57 1.73830069538e-54
419.58 1.10528114416e-54
419.59 7.02173331309e-55
419.6 4.45696899664e-55
419.61 2.82656259723e-55
419.62 1.79102362701e-55
419.63 1.13388167035e-55
419.64 7.17229042638e-56
419.65 4.53285380017e-56
419.66 2.86226123726e-56
419.67 1.80580370135e-56
419.68 1.13829681621e-56
419.69 7.16909302773e-57
419.7 4.51124717611e-57
419.71 2.83630377511e-57
419.72 1.78169177576e-57
419.73 1.11824282458e-57
419.74 7.01234665747e-58
419.75 4.39353759792e-58
419.76 2.75035674721e-58
419.77 1.72023359307e-58
419.78 1.07500264234e-58
419.79 6.71205260517e-59
419.8 4.18721136367e-59
419.81 2.609865514e-59
419.82 1.62530580365e-59
419.83 1.0112901006e-59
419.84 6.2869519101e-60
419.85 3.9050646954e-60
419.86 2.4234833516e-60
419.87 1.50271132877e-60
419.88 9.30968084891e-61
419.89 5.76259021969e-61
419.9 3.56389085513e-61
419.91 2.2021898931e-61
419.92 1.35959277344e-61
419.93 8.38661376245e-62
419.94 5.16878121753e-62
419.95 3.1828294645e-62
419.96 1.95822369913e-62
419.97 1.20374625002e-62
419.98 7.39318041965e-63
419.99 4.53681818004e-63
420.0 2.78160307037e-63
420.01 1.70397277664e-63
420.02 1.04292687651e-63
420.03 6.37776891528e-64
420.04 3.89679367769e-64
420.05 2.37886478256e-64
420.06 1.45096125097e-64
420.07 8.84230690084e-65
420.08 5.3839258126e-65
420.09 3.27533904136e-65
420.1 1.9908437197e-65
420.11 1.20904311836e-65
420.12 7.3361824221e-66
420.13 4.44756359829e-66
420.14 2.69400206676e-66
420.15 1.63041211818e-66
420.16 9.85872101863e-67
420.17 5.9561753129e-67
420.18 3.59532438035e-67
420.19 2.1683650559e-67
420.2 1.30662340241e-67
420.21 7.86669255518e-68
420.22 4.7321405485e-68
420.23 2.84411272299e-68
420.24 1.70788918228e-68
420.25 1.02469893027e-68
420.26 6.14266159701e-69
420.27 3.67909168256e-69
420.28 2.20165032217e-69
420.29 1.31637549253e-69
420.3 7.86384502043e-70
420.31 4.69368365892e-70
420.32 2.79908700921e-70
420.33 1.66779510099e-70
420.34 9.92870715448e-71
420.35 5.90563255055e-71
420.36 3.50965036901e-71
420.37 2.08393898583e-71
420.38 1.23631704561e-71
420.39 7.32821879306e-72
420.4 4.34000979756e-72
420.41 2.56806909904e-72
420.42 1.51826091777e-72
420.43 8.96829391887e-73
420.44 5.29293993639e-73
420.45 3.12110091434e-73
420.46 1.83883333682e-73
420.47 1.08243203983e-73
420.48 6.36623434983e-74
420.49 3.74100524234e-74
420.5 2.19643180863e-74
420.51 1.28845971593e-74
420.52 7.55175127371e-75
420.53 4.42230022234e-75
420.54 2.587453064e-75
420.55 1.51258730388e-75
420.56 8.83470664751e-76
420.57 5.15569869557e-76
420.58 3.00612223967e-76
420.59 1.75125527666e-76
420.6 1.01933277774e-76
420.61 5.92797324613e-77
420.62 3.44445244172e-77
420.63 1.99966784457e-77
420.64 1.1598965211e-77
420.65 6.72209028408e-78
420.66 3.89236132752e-78
420.67 2.25188220652e-78
420.68 1.30167301668e-78
420.69 7.51764558798e-79
420.7 4.33795962258e-79
420.71 2.50099530046e-79
420.72 1.44066816171e-79
420.73 8.29160784692e-80
420.74 4.76801114345e-80
420.75 2.73942542444e-80
420.76 1.57255344726e-80
420.77 9.01934626406e-81
420.78 5.16854638559e-81
420.79 2.95927611345e-81
420.8 1.69288037945e-81
420.81 9.67588653493e-82
420.82 5.52559404351e-82
420.83 3.15275987934e-82
420.84 1.79732463982e-82
420.85 1.02373104493e-82
420.86 5.82597922345e-83
420.87 3.31265113871e-83
420.88 1.88194178426e-83
420.89 1.0682192017e-83
420.9 6.0581258119e-84
420.91 3.43273208061e-84
420.92 1.94341361837e-84
420.93 1.09929508739e-84
420.94 6.21279530691e-85
420.95 3.5081933066e-85
420.96 1.97926387725e-85
420.97 1.11570041363e-85
420.98 6.28369652104e-86
420.99 3.53595331636e-86
421.0 1.9880236913e-86
421.01 1.11676115985e-86
421.02 6.26791010446e-87
421.03 3.5148672699e-87
421.04 1.96933143215e-87
421.05 1.10243351619e-87
421.06 6.16608796745e-88
421.07 3.44580531675e-88
421.08 1.92395748016e-88
421.09 1.07330688526e-88
421.1 5.98240861784e-89
421.11 3.33159302355e-89
421.12 1.85375154953e-89
421.13 1.0305636563e-89
421.14 5.72429267756e-90
421.15 3.1768195837e-90
421.16 1.76151759046e-90
421.17 9.75899577513e-91
421.18 5.40190557019e-91
421.19 2.98753195121e-91
421.2 1.6508280585e-91
421.21 9.11412199482e-92
421.22 5.02749382154e-92
421.23 2.77084330278e-92
421.24 1.52579469057e-92
421.25 8.39467611865e-93
421.26 4.61461531521e-93
421.27 2.53449111888e-93
421.28 1.39081625212e-93
421.29 7.62557246643e-94
421.3 4.17733072902e-94
421.31 2.28638299509e-94
421.32 1.2503247112e-94
421.33 6.83156744469e-95
421.34 3.72942277322e-95
421.35 2.03416692793e-95
421.36 1.1085499644e-95
421.37 6.03597827615e-96
421.38 3.28370229328e-96
421.39 1.78485769926e-96
421.4 9.69319903054e-97
421.41 5.25962009439e-97
421.42 2.85144719972e-97
421.43 1.54454300482e-97
421.44 8.35907820043e-98
421.45 4.5200213262e-98
421.46 2.44200355668e-98
421.47 1.31818332312e-98
421.48 7.10933609682e-99
421.49 3.83094566135e-99
421.5 2.06256028092e-99
421.51 1.10950948935e-99
421.52 5.96319627715e-100
421.53 3.20221804174e-100
421.54 1.71809197131e-100
421.55 9.21012721994e-101
421.56 4.93297100162e-101
421.57 2.63982543056e-101
421.58 1.41145022277e-101
421.59 7.54014395529e-102
421.6 4.02455086586e-102
421.61 2.14624312297e-102
421.62 1.14357361067e-102
421.63 6.08797759936e-103
421.64 3.23821499218e-103
421.65 1.72092532229e-103
421.66 9.13780915223e-104
421.67 4.84781294706e-104
421.68 2.56964623366e-104
421.69 1.36089473369e-104
421.7 7.20110994783e-105
421.71 3.80713312132e-105
421.72 2.01103855179e-105
421.73 1.06136910569e-105
421.74 5.59675376959e-106
421.75 2.9486937642e-106
421.76 1.5521970538e-106
421.77 8.16371341832e-107
421.78 4.28995127104e-107
421.79 2.25237490543e-107
421.8 1.18155165677e-107
421.81 6.19282003438e-108
421.82 3.24300723739e-108
421.83 1.69680169304e-108
421.84 8.87029313863e-109
421.85 4.63306686739e-109
421.86 2.41781393744e-109
421.87 1.26066848939e-109
421.88 6.56753855777e-110
421.89 3.41844090956e-110
421.9 1.77777680539e-110
421.91 9.2374075874e-111
421.92 4.79564128335e-111
421.93 2.48752231951e-111
421.94 1.28917238694e-111
421.95 6.67542184667e-112
421.96 3.45358499891e-112
421.97 1.78519349338e-112
421.98 9.21985633353e-113
421.99 4.7575868472e-113
422.0 2.45286139712e-113
422.01 1.26352257122e-113
422.02 6.50304430725e-114
422.03 3.3440605621e-114
422.04 1.71812701938e-114
422.05 8.81982795715e-115
422.06 4.52364663137e-115
422.07 2.3181468456e-115
422.08 1.18690764437e-115
422.09 6.07178832917e-116
422.1 3.10341626296e-116
422.11 1.58484630906e-116
422.12 8.08645150449e-117
422.13 4.12242281009e-117
422.14 2.09976547728e-117
422.15 1.06859407599e-117
422.16 5.43348466735e-118
422.17 2.76037345263e-118
422.18 1.40113812583e-118
422.19 7.10587840803e-119
422.2 3.60062842314e-119
422.21 1.82289876883e-119
422.22 9.22084051111e-120
422.23 4.66017452495e-120
422.24 2.35319309375e-120
422.25 1.18723491819e-120
422.26 5.98465982994e-121
422.27 3.01415784185e-121
422.28 1.5167577577e-121
422.29 7.62588358408e-122
422.3 3.83078545512e-122
422.31 1.92268970557e-122
422.32 9.64171488316e-123
422.33 4.83084475309e-123
422.34 2.4183301462e-123
422.35 1.20957223953e-123
422.36 6.04465814861e-124
422.37 3.01811226978e-124
422.38 1.50564556652e-124
422.39 7.50470837923e-125
422.4 3.737391596e-125
422.41 1.85963238612e-125
422.42 9.24505096729e-126
422.43 4.59214117519e-126
422.44 2.2790028317e-126
422.45 1.13005143492e-126
422.46 5.59854624469e-127
422.47 2.77125213806e-127
422.48 1.37056780211e-127
422.49 6.77249544025e-128
422.5 3.343648608e-128
422.51 1.64936301366e-128
422.52 8.12897120699e-129
422.53 4.00293586232e-129
422.54 1.96945195425e-129
422.55 9.68134867981e-130
422.56 4.75499479241e-130
422.57 2.3333932757e-130
422.58 1.14406197392e-130
422.59 5.60447417391e-131
422.6 2.74311431229e-131
422.61 1.34145668006e-131
422.62 6.55440255817e-132
422.63 3.19972962842e-132
422.64 1.56069186495e-132
422.65 7.60579758139e-133
422.66 3.70336119806e-133
422.67 1.80165276836e-133
422.68 8.75729192652e-134
422.69 4.25296955371e-134
422.7 2.06366136046e-134
422.71 1.00047975283e-134
422.72 4.84620618993e-135
422.73 2.34541222459e-135
422.74 1.13412309231e-135
422.75 5.47929792398e-136
422.76 2.64492492187e-136
422.77 1.27563226434e-136
422.78 6.14697368909e-137
422.79 2.95951759086e-137
422.8 1.42365320339e-137
422.81 6.84244328177e-138
422.82 3.28580597601e-138
422.83 1.57650857253e-138
422.84 7.55743587107e-139
422.85 3.61973116648e-139
422.86 1.73221532362e-139
422.87 8.28230362898e-140
422.88 3.9566180846e-140
422.89 1.888516694e-140
422.9 9.00619274575e-141
422.91 4.29126524016e-141
422.92 2.04292862103e-141
422.93 9.71728050229e-142
422.94 4.6180645435e-142
422.95 2.19279973486e-142
422.96 1.04030731934e-142
422.97 4.93114815127e-143
422.98 2.33538324317e-143
422.99 1.10507557836e-143
423.0 5.2245575258e-144
423.01 2.46791820706e-144
423.02 1.16475805115e-144
423.03 5.49242825575e-145
423.04 2.5877169874e-145
423.05 1.21812785244e-145
423.06 5.72918284123e-146
423.07 2.69225507427e-146
423.08 1.26404762885e-146
423.09 5.92972270866e-147
423.1 2.77925914969e-147
423.11 1.30150971958e-147
423.12 6.089610282e-148
423.13 2.84678911476e-148
423.14 1.32967286388e-148
423.15 6.20523205614e-149
423.16 2.89330995664e-149
423.17 1.34789359075e-149
423.18 6.27393431341e-150
423.19 2.91774974058e-150
423.2 1.35575065621e-150
423.21 6.2941243675e-151
423.22 2.91954066835e-151
423.23 1.35306123247e-151
423.24 6.26533194155e-152
423.25 2.8986410071e-152
423.26 1.33988797995e-152
423.27 6.18822737749e-153
423.28 2.85553670591e-153
423.29 1.31653662044e-153
423.3 6.06459569194e-154
423.31 2.79122261275e-154
423.32 1.28354414241e-154
423.33 5.89726788088e-155
423.34 2.70716430552e-155
423.35 1.24165827413e-155
423.36 5.69001316471e-156
423.37 2.60524258202e-156
423.38 1.19180931995e-156
423.39 5.44739790034e-157
423.4 2.48768354441e-157
423.41 1.13507584092e-157
423.42 5.17461853187e-158
423.43 2.356977905e-158
423.44 1.07264594589e-158
423.45 4.87731710252e-159
423.46 2.2157935908e-159
423.47 1.00577612849e-159
423.48 4.56138844464e-160
423.49 2.06688591099e-160
423.5 9.35749630384e-161
423.51 4.23278818334e-161
423.52 1.91300947243e-161
423.53 8.63836235158e-162
423.54 3.89735015744e-162
423.55 1.75683570253e-162
423.56 7.91255210688e-163
423.57 3.56062084419e-163
423.58 1.60087930094e-163
423.59 7.19142840624e-164
423.6 3.22771697041e-164
423.61 1.44743624179e-164
423.62 6.48525641533e-165
423.63 2.90321082093e-165
423.64 1.29853514497e-165
423.65 5.80299979585e-166
423.66 2.59104594901e-166
423.67 1.1559029888e-166
423.68 5.15218407769e-167
423.69 2.29448418229e-167
423.7 1.020945308e-167
423.71 4.53882668511e-168
423.72 2.01608312273e-168
423.73 8.94740263256e-169
423.74 3.96742970354e-169
423.75 1.75770186079e-169
423.76 7.78045324029e-170
423.77 3.441028693e-170
423.78 1.52053143663e-170
423.79 6.71314805649e-171
423.8 2.96128877258e-171
423.81 1.30514573069e-171
423.82 5.74726161457e-172
423.83 2.52863787472e-172
423.84 1.11156796787e-172
423.85 4.88212753511e-173
423.86 2.14242649132e-173
423.87 9.39347863345e-174
423.88 4.11500802424e-174
423.89 1.80110334789e-174
423.9 7.87644587645e-175
423.91 3.44148328966e-175
423.92 1.50239714536e-175
423.93 6.55311133959e-176
423.94 2.85584121145e-176
423.95 1.2434956734e-176
423.96 5.40976267514e-177
423.97 2.35145060471e-177
423.98 1.02121508138e-177
423.99 4.43120958961e-178
424.0 1.92110488632e-178
424.01 8.32153748369e-179
424.02 3.60146985009e-179
424.03 1.55732661399e-179
424.04 6.72826890287e-180
424.05 2.90436160845e-180
424.06 1.25262693791e-180
424.07 5.39779664685e-181
424.08 2.32399400746e-181
424.09 9.99717284937e-182
424.1 4.29677992926e-182
424.11 1.84515448386e-182
424.12 7.91673426623e-183
424.13 3.39377553667e-183
424.14 1.45359651984e-183
424.15 6.22054371922e-184
424.16 2.65972375073e-184
424.17 1.13623569527e-184
424.18 4.84980233643e-185
424.19 2.06825156033e-185
424.2 8.81264742692e-186
424.21 3.75174353317e-186
424.22 1.59581889288e-186
424.23 6.78199983114e-187
424.24 2.87975578504e-187
424.25 1.22173567804e-187
424.26 5.17872162118e-188
424.27 2.19326742647e-188
424.28 9.28077670053e-189
424.29 3.9237449592e-189
424.3 1.65745188752e-189
424.31 6.99527517088e-190
424.32 2.94979875285e-190
424.33 1.24280698359e-190
424.34 5.23165015689e-191
424.35 2.20037862326e-191
424.36 9.2465527576e-192
424.37 3.88227235385e-192
424.38 1.62860535744e-192
424.39 6.82604947095e-193
424.4 2.85855607701e-193
424.41 1.19604553371e-193
424.42 5.00002785182e-194
424.43 2.08843443712e-194
424.44 8.71551351625e-195
424.45 3.6340326768e-195
424.46 1.51393903897e-195
424.47 6.30161201309e-196
424.48 2.6207080654e-196
424.49 1.08895351896e-196
424.5 4.52088804754e-197
424.51 1.87526166206e-197
424.52 7.77183747233e-198
424.53 3.21817204007e-198
424.54 1.33143054849e-198
424.55 5.50365864458e-199
424.56 2.27304573773e-199
424.57 9.37969187695e-200
424.58 3.86716481748e-200
424.59 1.59301734478e-200
424.6 6.55649960503e-201
424.61 2.69617009192e-201
424.62 1.10776144782e-201
424.63 4.54746033126e-202
424.64 1.86515661238e-202
424.65 7.64337912248e-203
424.66 3.12953066749e-203
424.67 1.28025574756e-203
424.68 5.23284618511e-204
424.69 2.13699210027e-204
424.7 8.71949989413e-205
424.71 3.55470814456e-205
424.72 1.44790488807e-205
424.73 5.89250326453e-206
424.74 2.39598084571e-206
424.75 9.7339825728e-207
424.76 3.95113164077e-207
424.77 1.60241922575e-207
424.78 6.49313611458e-208
424.79 2.62879414964e-208
424.8 1.06336500724e-208
424.81 4.29765809956e-209
424.82 1.73542189437e-209
424.83 7.00167575474e-210
424.84 2.82242642754e-210
424.85 1.13675527332e-210
424.86 4.57440947568e-211
424.87 1.83919090333e-211
424.88 7.38826212765e-212
424.89 2.96538777595e-212
424.9 1.18917125586e-212
424.91 4.76465023926e-213
424.92 1.9073981665e-213
424.93 7.62913690636e-214
424.94 3.0488297152e-214
424.95 1.21734770477e-214
424.96 4.85646011586e-215
424.97 1.93574757582e-215
424.98 7.70905837403e-216
424.99 3.06745116195e-216
425.0 1.21948845189e-216
425.01 4.84396994379e-217
425.02 1.9224227617e-217
425.03 7.6228973678e-218
425.04 3.02005573422e-218
425.05 1.19545588829e-218
425.06 4.72798255788e-219
425.07 1.8682796719e-219
425.08 7.37618199442e-220
425.09 2.90967894456e-220
425.1 1.14678560169e-220
425.11 4.51588739699e-221
425.12 1.77675558618e-221
425.13 6.98451070463e-222
425.14 2.74326648423e-222
425.15 1.07652400962e-222
425.16 4.22088146037e-223
425.17 1.65350801091e-223
425.18 6.47192034738e-224
425.19 2.53095099538e-224
425.2 9.88912853349e-225
425.21 3.86061078367e-225
425.22 1.50583618768e-225
425.23 5.86844653862e-226
425.24 2.28503200759e-226
425.25 8.88965968626e-227
425.26 3.45542678944e-227
425.27 1.34196740924e-227
425.28 5.20722032984e-228
425.29 2.01880165421e-228
425.3 7.81996955514e-229
425.31 3.02649656336e-229
425.32 1.17030489204e-229
425.33 4.52148993369e-230
425.34 1.7453712931e-230
425.35 6.73159224627e-231
425.36 2.59400904978e-231
425.37 9.98731815086e-232
425.38 3.8419348424e-232
425.39 1.4766406439e-232
425.4 5.67052609582e-233
425.41 2.17568291469e-233
425.42 8.34048991769e-234
425.43 3.19456136212e-234
425.44 1.22251619211e-234
425.45 4.67435527519e-235
425.46 1.78571656925e-235
425.47 6.81596028584e-236
425.48 2.5993531479e-236
425.49 9.90437863499e-237
425.5 3.77062111422e-237
425.51 1.43424144493e-237
425.52 5.45073857934e-238
425.53 2.06972264559e-238
425.54 7.85222366967e-239
425.55 2.97643830423e-239
425.56 1.12726187852e-239
425.57 4.26556405812e-240
425.58 1.61269347523e-240
425.59 6.09187385582e-241
425.6 2.29918378182e-241
425.61 8.67002171751e-242
425.62 3.26655816589e-242
425.63 1.22965794129e-242
425.64 4.62489582082e-243
425.65 1.73797410913e-243
425.66 6.5254183959e-244
425.67 2.44791952294e-244
425.68 9.17507496862e-245
425.69 3.43594196357e-245
425.7 1.28559960439e-245
425.71 4.80606182411e-246
425.72 1.79513324011e-246
425.73 6.69927393867e-247
425.74 2.49794284639e-247
425.75 9.30595547856e-248
425.76 3.46388253473e-248
425.77 1.28821708332e-248
425.78 4.78672706092e-249
425.79 1.77710049493e-249
425.8 6.59187591189e-250
425.81 2.44303546483e-250
425.82 9.04636761658e-251
425.83 3.34689744725e-251
425.84 1.23718398889e-251
425.85 4.5693022747e-252
425.86 1.6861227948e-252
425.87 6.21658996203e-253
425.88 2.29001832947e-253
425.89 8.42848283389e-254
425.9 3.09944238183e-254
425.91 1.13878421977e-254
425.92 4.18044992956e-255
425.93 1.53330419654e-255
425.94 5.61897804252e-256
425.95 2.057358893e-256
425.96 7.52638610375e-257
425.97 2.75097498983e-257
425.98 1.00464008573e-257
425.99 3.66570976119e-258
426.0 1.33637813602e-258
426.01 4.86770622541e-259
426.02 1.77150780717e-259
426.03 6.44147749596e-260
426.04 2.34019275031e-260
426.05 8.49457153201e-261
426.06 3.08073993723e-261
426.07 1.11632926954e-261
426.08 4.04159970904e-262
426.09 1.46196843465e-262
426.1 5.28380043928e-263
426.11 1.90800070095e-263
426.12 6.88389703334e-264
426.13 2.48149791129e-264
426.14 8.93752304814e-265
426.15 3.21620814961e-265
426.16 1.15636472196e-265
426.17 4.15402620779e-266
426.18 1.49096463733e-266
426.19 5.34674123681e-267
426.2 1.91573177266e-267
426.21 6.85810216429e-268
426.22 2.45299640255e-268
426.23 8.76624460503e-269
426.24 3.13006942617e-269
426.25 1.11665256749e-269
426.26 3.98020902099e-270
426.27 1.41748151161e-270
426.28 5.04373939491e-271
426.29 1.79312921839e-271
426.3 6.36933729705e-272
426.31 2.26047975355e-272
426.32 8.01550164221e-273
426.33 2.83977875507e-273
426.34 1.00522207373e-273
426.35 3.55519347454e-274
426.36 1.2562850049e-274
426.37 4.43544118172e-275
426.38 1.56462110959e-275
426.39 5.51448879742e-276
426.4 1.94189187547e-276
426.41 6.83232541653e-277
426.42 2.40179399195e-277
426.43 8.43580782463e-278
426.44 2.96033809235e-278
426.45 1.0379577166e-278
426.46 3.63614943329e-279
426.47 1.27270425595e-279
426.48 4.45078875759e-280
426.49 1.55514246644e-280
426.5 5.42909063342e-281
426.51 1.89368489631e-281
426.52 6.59951547147e-282
426.53 2.29794748659e-282
426.54 7.99451019782e-283
426.55 2.77886426747e-283
426.56 9.65087121737e-284
426.57 3.3488016031e-284
426.58 1.16101018582e-284
426.59 4.02166927744e-285
426.6 1.39187549715e-285
426.61 4.81302522754e-286
426.62 1.66287498087e-286
426.63 5.74017023875e-287
426.64 1.9797650755e-287
426.65 6.82222843626e-288
426.66 2.34888940172e-288
426.67 8.08020895708e-289
426.68 2.77719470151e-289
426.69 9.53704378714e-290
426.7 3.27223840661e-290
426.71 1.12175964233e-290
426.72 3.84218610789e-291
426.73 1.31486357957e-291
426.74 4.49579714436e-292
426.75 1.53587697854e-292
426.76 5.24239652265e-293
426.77 1.78783327269e-293
426.78 6.09183142138e-294
426.79 2.07392215138e-294
426.8 7.05441063865e-295
426.81 2.39746753583e-295
426.82 8.14082551094e-296
426.83 2.7618994904e-296
426.84 9.36205107449e-297
426.85 3.17071972785e-297
426.86 1.07292265581e-297
426.87 3.62746047989e-298
426.88 1.22535146915e-298
426.89 4.13563664169e-299
426.9 1.39459397855e-299
426.91 4.69869125933e-300
426.92 1.58172050828e-300
426.93 5.31993461199e-301
426.94 1.78774904856e-301
426.95 6.00247734121e-302
426.96 2.01362324286e-302
426.97 6.74915829605e-303
426.98 2.26018883652e-303
426.99 7.56246798787e-304
427.0 2.52816890549e-304
427.01 8.44446877797e-305
427.02 2.81813825648e-305
427.03 9.3967131464e-306
427.04 3.1304974591e-306
427.05 1.04201616043e-306
427.06 3.46544703585e-307
427.07 1.15151020059e-307
427.08 3.82296239268e-308
427.09 1.26810721817e-308
427.1 4.2027701197e-309
427.11 1.39167879428e-309
427.12 4.604326325e-310
427.13 1.52200785872e-310
427.14 5.02679768271e-311
427.15 1.65878320696e-311
427.16 5.46904587605e-312
427.17 1.8015951965e-312
427.18 5.9296160967e-313
427.19 1.94993282605e-313
427.2 6.40673022119e-314
427.21 2.1031823848e-314
427.22 6.89828522255e-315
427.23 2.26062783652e-315
427.24 7.40185726947e-316
427.25 2.42145308163e-316
427.26 7.91471178716e-317
427.27 2.58474592773e-317
427.28 8.43381915027e-318
427.29 2.74950496305e-318
427.3 8.9558785556e-319
427.31 2.91464146451e-319
427.32 9.47716721853e-320
427.33 3.07901710488e-320
427.34 9.99494801537e-321
427.35 3.24107063672e-321
427.36 1.05235982564e-321
427.37 3.4090529563e-322
427.38 1.08694442085e-322
427.39 3.45845952089e-323
427.4 9.88131291682e-324
427.41 4.94065645841e-324
427.42 0.0
427.43 0.0
427.44 0.0
427.45 0.0
427.46 0.0
427.47 0.0
427.48 0.0
427.49 0.0
427.5 0.0
427.51 0.0
427.52 0.0
427.53 0.0
427.54 0.0
427.55 0.0
427.56 0.0
427.57 0.0
427.58 0.0
427.59 0.0
427.6 0.0
427.61 0.0
427.62 0.0
427.63 0.0
427.64 0.0
427.65 0.0
427.66 0.0
427.67 0.0
427.68 0.0
427.69 0.0
427.7 0.0
427.71 0.0
427.72 0.0
427.73 0.0
427.74 0.0
427.75 0.0
427.76 0.0
427.77 0.0
427.78 0.0
427.79 0.0
427.8 0.0
427.81 0.0
427.82 0.0
427.83 0.0
427.84 0.0
427.85 0.0
427.86 0.0
427.87 0.0
427.88 0.0
427.89 0.0
427.9 0.0
427.91 0.0
427.92 0.0
427.93 0.0
427.94 0.0
427.95 0.0
427.96 0.0
427.97 0.0
427.98 0.0
427.99 0.0
428.0 0.0
428.01 0.0
428.02 0.0
428.03 0.0
428.04 0.0
428.05 0.0
428.06 0.0
428.07 0.0
428.08 0.0
428.09 0.0
428.1 0.0
428.11 0.0
428.12 0.0
428.13 0.0
428.14 0.0
428.15 0.0
428.16 0.0
428.17 0.0
428.18 0.0
428.19 0.0
428.2 0.0
428.21 0.0
428.22 0.0
428.23 0.0
428.24 0.0
428.25 0.0
428.26 0.0
428.27 0.0
428.28 0.0
428.29 0.0
428.3 0.0
428.31 0.0
428.32 0.0
428.33 0.0
428.34 0.0
428.35 0.0
428.36 0.0
428.37 0.0
428.38 0.0
428.39 0.0
428.4 0.0
428.41 0.0
428.42 0.0
428.43 0.0
428.44 0.0
428.45 0.0
428.46 0.0
428.47 0.0
428.48 0.0
428.49 0.0
428.5 0.0
428.51 0.0
428.52 0.0
428.53 0.0
428.54 0.0
428.55 0.0
428.56 0.0
428.57 0.0
428.58 0.0
428.59 0.0
428.6 0.0
428.61 0.0
428.62 0.0
428.63 0.0
428.64 0.0
428.65 0.0
428.66 0.0
428.67 0.0
428.68 0.0
428.69 0.0
428.7 0.0
428.71 0.0
428.72 0.0
428.73 0.0
428.74 0.0
428.75 0.0
428.76 0.0
428.77 0.0
428.78 0.0
428.79 0.0
428.8 0.0
428.81 0.0
428.82 0.0
428.83 0.0
428.84 0.0
428.85 0.0
428.86 0.0
428.87 0.0
428.88 0.0
428.89 0.0
428.9 0.0
428.91 0.0
428.92 0.0
428.93 0.0
428.94 0.0
428.95 0.0
428.96 0.0
428.97 0.0
428.98 0.0
428.99 0.0
429.0 0.0
429.01 0.0
429.02 0.0
429.03 0.0
429.04 0.0
429.05 0.0
429.06 0.0
429.07 0.0
429.08 0.0
429.09 0.0
429.1 0.0
429.11 0.0
429.12 0.0
429.13 0.0
429.14 0.0
429.15 0.0
429.16 0.0
429.17 0.0
429.18 0.0
429.19 0.0
429.2 0.0
429.21 0.0
429.22 0.0
429.23 0.0
429.24 0.0
429.25 0.0
429.26 0.0
429.27 0.0
429.28 0.0
429.29 0.0
429.3 0.0
429.31 0.0
429.32 0.0
429.33 0.0
429.34 0.0
429.35 0.0
429.36 0.0
429.37 0.0
429.38 0.0
429.39 0.0
429.4 0.0
429.41 0.0
429.42 0.0
429.43 0.0
429.44 0.0
429.45 0.0
429.46 0.0
429.47 0.0
429.48 0.0
429.49 0.0
429.5 0.0
429.51 0.0
429.52 0.0
429.53 0.0
429.54 0.0
429.55 0.0
429.56 0.0
429.57 0.0
429.58 0.0
429.59 0.0
429.6 0.0
429.61 0.0
429.62 0.0
429.63 0.0
429.64 0.0
429.65 0.0
429.66 0.0
429.67 0.0
429.68 0.0
429.69 0.0
429.7 0.0
429.71 0.0
429.72 0.0
429.73 0.0
429.74 0.0
429.75 0.0
429.76 0.0
429.77 0.0
429.78 0.0
429.79 0.0
429.8 0.0
429.81 0.0
429.82 0.0
429.83 0.0
429.84 0.0
429.85 0.0
429.86 0.0
429.87 0.0
429.88 0.0
429.89 0.0
429.9 0.0
429.91 0.0
429.92 0.0
429.93 0.0
429.94 0.0
429.95 0.0
429.96 0.0
429.97 0.0
429.98 0.0
429.99 0.0
