400.0 7.89277775913e-71
400.01 1.32604506505e-70
400.02 2.22592437589e-70
400.03 3.73324283044e-70
400.04 6.25584221682e-70
400.05 1.04739150178e-69
400.06 1.75208841352e-69
400.07 2.92837507707e-69
400.08 4.89013781648e-69
400.09 8.15904274046e-69
400.1 1.36013191091e-68
400.11 2.26540870161e-68
400.12 3.7699519175e-68
400.13 6.26828552306e-68
400.14 1.0413229557e-67
400.15 1.72840624483e-67
400.16 2.86635464749e-67
400.17 4.74938890134e-67
400.18 7.86265563241e-67
400.19 1.30054232142e-66
400.2 2.14933166113e-66
400.21 3.5490007865e-66
400.22 5.85507506743e-66
400.23 9.65122747599e-66
400.24 1.58948468891e-65
400.25 2.61549478389e-65
400.26 4.30006559137e-65
400.27 7.06350105893e-65
400.28 1.15928084912e-64
400.29 1.90099520311e-64
400.3 3.1145628058e-64
400.31 5.09843488895e-64
400.32 8.33873887684e-64
400.33 1.3626602389e-63
400.34 2.22483857459e-63
400.35 3.629385838e-63
400.36 5.91550038883e-63
400.37 9.63326587258e-63
400.38 1.56739810989e-62
400.39 2.54805503032e-62
400.4 4.13868144741e-62
400.41 6.71643644782e-62
400.42 1.08902921793e-61
400.43 1.76426519384e-61
400.44 2.85569560591e-61
400.45 4.61831629134e-61
400.46 7.46241066101e-61
400.47 1.20475386818e-60
400.48 1.94330615605e-60
400.49 3.13189963358e-60
400.5 5.04310671354e-60
400.51 8.11357383382e-60
400.52 1.30421724895e-59
400.53 2.0946496777e-59
400.54 3.36121715423e-59
400.55 5.38896615333e-59
400.56 8.63252913951e-59
400.57 1.38163829657e-58
400.58 2.2094001782e-58
400.59 3.53002774887e-58
400.6 5.63515111013e-58
400.61 8.98786883798e-58
400.62 1.4322921054e-57
400.63 2.2805005577e-57
400.64 3.62787637896e-57
400.65 5.7663166781e-57
400.66 9.15731622461e-57
400.67 1.45298672467e-56
400.68 2.30345002046e-56
400.69 3.64854454711e-56
400.7 5.7740989935e-56
400.71 9.13003642103e-56
400.72 1.4423959928e-55
400.73 2.27677553913e-55
400.74 3.59070427738e-55
400.75 5.65799779329e-55
400.76 8.90778283944e-55
400.77 1.40120016776e-54
400.78 2.20218830965e-54
400.79 3.458059309e-54
400.8 5.4254296288e-54
400.81 8.50471068947e-54
400.82 1.33201362359e-53
400.83 2.08440209729e-53
400.84 3.2589526362e-53
400.85 5.09094386645e-53
400.86 7.94588509975e-53
400.87 1.23911029556e-52
400.88 1.9306402794e-52
400.89 3.00549820208e-52
400.9 4.67471668008e-52
400.91 7.26470242545e-52
400.92 1.12798695427e-51
400.93 1.74990324554e-51
400.94 2.71236235984e-51
400.95 4.20053970075e-51
400.96 6.49959343045e-51
400.97 1.00482631671e-50
400.98 1.55209937191e-50
400.99 2.39536532233e-50
401.0 3.69358166172e-50
401.01 5.69045987228e-50
401.02 8.75932695808e-50
401.03 1.34715579097e-49
401.04 2.07008710322e-49
401.05 3.1782139499e-49
401.06 4.87530007716e-49
401.07 7.47211051736e-49
401.08 1.14421841799e-48
401.09 1.75064583153e-48
401.1 2.67615563289e-48
401.11 4.08740951219e-48
401.12 6.2374725686e-48
401.13 9.51027025593e-48
401.14 1.44877445884e-47
401.15 2.20512095282e-47
401.16 3.35341855715e-47
401.17 5.09526555193e-47
401.18 7.73516524071e-47
401.19 1.1732649062e-46
401.2 1.77805945149e-46
401.21 2.69227977044e-46
401.22 4.07303188981e-46
401.23 6.15657458753e-46
401.24 9.29788548105e-46
401.25 1.40298475767e-45
401.26 2.1151707165e-45
401.27 3.18611619585e-45
401.28 4.79514238772e-45
401.29 7.21049562531e-45
401.3 1.08330922189e-44
401.31 1.62616075269e-44
401.32 2.43892374914e-44
401.33 3.65474165125e-44
401.34 5.47190886036e-44
401.35 8.18549109215e-44
401.36 1.22341651208e-43
401.37 1.82695414797e-43
401.38 2.72586705213e-43
401.39 4.06354810473e-43
401.4 6.05243108179e-43
401.41 9.00695541451e-43
401.42 1.3392137063e-42
401.43 1.98950699553e-42
401.44 2.95300898328e-42
401.45 4.37933106835e-42
401.46 6.48895109098e-42
401.47 9.60649444276e-42
401.48 1.4209509393e-41
401.49 2.09998863099e-41
401.5 3.10083399138e-41
401.51 4.57471245183e-41
401.52 6.74330493125e-41
401.53 9.93128646047e-41
401.54 1.46137586839e-40
401.55 2.14853318887e-40
401.56 3.15606482055e-40
401.57 4.63205251508e-40
401.58 6.79242336349e-40
401.59 9.95175629684e-40
401.6 1.45679495881e-39
401.61 2.13069280867e-39
401.62 3.11362971101e-39
401.63 4.54607711021e-39
401.64 6.63178358737e-39
401.65 9.66601813872e-39
401.66 1.40763020852e-38
401.67 2.04810993215e-38
401.68 2.97743069538e-38
401.69 4.3246779458e-38
401.7 6.2760962351e-38
401.71 9.10016212206e-38
401.72 1.31835501989e-37
401.73 1.90826786731e-37
401.74 2.75975170385e-37
401.75 3.98771760257e-37
401.76 5.75708303163e-37
401.77 8.30432434755e-37
401.78 1.19682272288e-36
401.79 1.72337211422e-36
401.8 2.47943089898e-36
401.81 3.56409005863e-36
401.82 5.1188103827e-36
401.83 7.34536070701e-36
401.84 1.05312743142e-35
401.85 1.50859420642e-35
401.86 2.15917408133e-35
401.87 3.08763953854e-35
401.88 4.41153004564e-35
401.89 6.29760767555e-35
401.9 8.98226108746e-35
401.91 1.28002797093e-34
401.92 1.82253953407e-34
401.93 2.59273522481e-34
401.94 3.68521721183e-34
401.95 5.23349394711e-34
401.96 7.42581412207e-34
401.97 1.05273759944e-33
401.98 1.49114510529e-33
401.99 2.11029608208e-33
402.0 2.98394346466e-33
402.01 4.21562043327e-33
402.02 5.95053650424e-33
402.03 8.39217360165e-33
402.04 1.18254181662e-32
402.05 1.66487743626e-32
402.06 2.34191830061e-32
402.07 3.29143229275e-32
402.08 4.62191361018e-32
402.09 6.48458868391e-32
402.1 9.09006015003e-32
402.11 1.27313598165e-31
402.12 1.78158497073e-31
402.13 2.4909327395e-31
402.14 3.47969495714e-31
402.15 4.85673110473e-31
402.16 6.7728375222e-31
402.17 9.43671779425e-31
402.18 1.31369634196e-30
402.19 1.82722793451e-30
402.2 2.53930094361e-30
402.21 3.52581348564e-30
402.22 4.89134400486e-30
402.23 6.77986104564e-30
402.24 9.38938378702e-30
402.25 1.29920325966e-29
402.26 1.79614264622e-29
402.27 2.481008545e-29
402.28 3.42404456152e-29
402.29 4.72143775565e-29
402.3 6.50478342825e-29
402.31 8.95395953091e-29
402.32 1.2314623123e-28
402.33 1.69219666877e-28
402.34 2.32329447067e-28
402.35 3.18699509e-28
402.36 4.36799610519e-28
402.37 5.98145449377e-28
402.38 8.18380129607e-28
402.39 1.1187345784e-27
402.4 1.52799790843e-27
402.41 2.08517337237e-27
402.42 2.84305521007e-27
402.43 3.87304130864e-27
402.44 5.27160276577e-27
402.45 7.16897288521e-27
402.46 9.74080638068e-27
402.47 1.32238098743e-26
402.48 1.79366772946e-26
402.49 2.43081050928e-26
402.5 3.29142473427e-26
402.51 4.45287459178e-26
402.52 6.01894967597e-26
402.53 8.1287669554e-26
402.54 1.09686289693e-25
402.55 1.47878055661e-25
402.56 1.99195182049e-25
402.57 2.68088164074e-25
402.58 3.60495762211e-25
402.59 4.84335608242e-25
402.6 6.50154162884e-25
402.61 8.71986996056e-25
402.62 1.16849640762e-24
402.63 1.56447442242e-24
402.64 2.092826691e-24
402.65 2.79718877138e-24
402.66 3.7353732076e-24
402.67 4.98390706197e-24
402.68 6.64399938233e-24
402.69 8.84938203086e-24
402.7 1.17766025271e-23
402.71 1.565852331e-23
402.72 2.08020100287e-23
402.73 2.76110874955e-23
402.74 3.66172255745e-23
402.75 4.85189139719e-23
402.76 6.42333273543e-23
402.77 8.49637124207e-23
402.78 1.12287200314e-22
402.79 1.48269130046e-22
402.8 1.95611749672e-22
402.81 2.57847454586e-22
402.82 3.39589670685e-22
402.83 4.46858278037e-22
402.84 5.87501332505e-22
402.85 7.71741076995e-22
402.86 1.01288022005e-21
402.87 1.3282146801e-21
402.88 1.74021206099e-21
402.89 2.27803181515e-21
402.9 2.97948434954e-21
402.91 3.89355348053e-21
402.92 5.08364122358e-21
402.93 6.63173789958e-21
402.94 8.64377646232e-21
402.95 1.12565009646e-20
402.96 1.46462691676e-20
402.97 1.90403234695e-20
402.98 2.47312088841e-20
402.99 3.20951996438e-20
403.0 4.16158270429e-20
403.01 5.39138928072e-20
403.02 6.97857201043e-20
403.03 9.02518577426e-20
403.04 1.16619036401e-19
403.05 1.50558909174e-19
403.06 1.94208030045e-19
403.07 2.50294680085e-19
403.08 3.22299600657e-19
403.09 4.14659508295e-19
403.1 5.33024537292e-19
403.11 6.84583595127e-19
403.12 8.78475161019e-19
403.13 1.12630548026e-18
403.14 1.44280161825e-18
403.15 1.84663369925e-18
403.16 2.3614491884e-18
403.17 3.01717267758e-18
403.18 3.85163779588e-18
403.19 4.91263418266e-18
403.2 6.26047267453e-18
403.21 7.97119686993e-18
403.22 1.01406001568e-17
403.23 1.28892454752e-17
403.24 1.63687321974e-17
403.25 2.07695125738e-17
403.26 2.63306316766e-17
403.27 3.33518527039e-17
403.28 4.2208737542e-17
403.29 5.33713850899e-17
403.3 6.74276924577e-17
403.31 8.51122033268e-17
403.32 1.07341851492e-16
403.33 1.35260205546e-16
403.34 1.70292184511e-16
403.35 2.14211658045e-16
403.36 2.69224885769e-16
403.37 3.38073408681e-16
403.38 4.24160806439e-16
403.39 5.31708707066e-16
403.4 6.65948616244e-16
403.41 8.33357564614e-16
403.42 1.04194730483e-15
403.43 1.30161888703e-15
403.44 1.62459697566e-15
403.45 2.02596132978e-15
403.46 2.52429655873e-15
403.47 3.14248570951e-15
403.48 3.90867859126e-15
403.49 4.85747217208e-15
403.5 6.03134810533e-15
403.51 7.48242170477e-15
403.52 9.27456778774e-15
403.53 1.14860020913e-14
403.54 1.42124128533e-14
403.55 1.75707561241e-14
403.56 2.1703851019e-14
403.57 2.67859380994e-14
403.58 3.30293962028e-14
403.59 4.06928512448e-14
403.6 5.00909559041e-14
403.61 6.16061729613e-14
403.62 7.57029589075e-14
403.63 9.29448200276e-14
403.64 1.14014802574e-13
403.65 1.39740084276e-13
403.66 1.71121459074e-13
403.67 2.09368653925e-13
403.68 2.55942589532e-13
403.69 3.12605900352e-13
403.7 3.81483268311e-13
403.71 4.65133405216e-13
403.72 5.66634847687e-13
403.73 6.89688113484e-13
403.74 8.38737218388e-13
403.75 1.01911407877e-12
403.76 1.23720993872e-12
403.77 1.50067867598e-12
403.78 1.81867767324e-12
403.79 2.20215291e-12
403.8 2.66417605387e-12
403.81 3.22034263499e-12
403.82 3.88924189798e-12
403.83 4.6930106744e-12
403.84 5.65798564022e-12
403.85 6.8154706558e-12
403.86 8.20263857647e-12
403.87 9.86359002034e-12
403.88 1.1850595144e-11
403.89 1.42255485709e-11
403.9 1.70616723165e-11
403.91 2.04455069354e-11
403.92 2.44792372814e-11
403.93 2.92834063127e-11
403.94 3.50000784164e-11
403.95 4.17965228972e-11
403.96 4.98694987141e-11
403.97 5.94502334252e-11
403.98 7.08102027851e-11
403.99 8.42678327384e-11
404.0 1.0019626288e-10
404.01 1.19032330053e-10
404.02 1.4128695291e-10
404.03 1.67557123236e-10
404.04 1.9853973798e-10
404.05 2.35047537637e-10
404.06 2.78027452165e-10
404.07 3.28581695563e-10
404.08 3.87991994971e-10
404.09 4.57747390153e-10
404.1 5.39576095137e-10
404.11 6.35481976122e-10
404.12 7.47786269177e-10
404.13 8.79175238503e-10
404.14 1.03275456172e-09
404.15 1.2121113237e-09
404.16 1.42138460576e-09
404.17 1.66534577307e-09
404.18 1.94948969174e-09
404.19 2.28013824797e-09
404.2 2.66455769742e-09
404.21 3.11109154315e-09
404.22 3.62931082765e-09
404.23 4.23018392893e-09
404.24 4.92626817368e-09
404.25 5.73192582423e-09
404.26 6.66356726032e-09
404.27 7.73992446449e-09
404.28 8.98235823103e-09
404.29 1.04152028553e-08
404.3 1.20661524237e-08
404.31 1.39666932158e-08
404.32 1.615258715e-08
404.33 1.86644116564e-08
404.34 2.15481618393e-08
404.35 2.48559213098e-08
404.36 2.86466086113e-08
404.37 3.29868067454e-08
404.38 3.79516839158e-08
404.39 4.36260142582e-08
404.4 5.01053080036e-08
404.41 5.7497061239e-08
404.42 6.59221361714e-08
404.43 7.55162835828e-08
404.44 8.64318199633e-08
404.45 9.88394726459e-08
404.46 1.12930407115e-07
404.47 1.28918451539e-07
404.48 1.47042534458e-07
404.49 1.67569352463e-07
404.5 1.90796285597e-07
404.51 2.17054579099e-07
404.52 2.46712811017e-07
404.53 2.80180666046e-07
404.54 3.17913036814e-07
404.55 3.60414474605e-07
404.56 4.08244012244e-07
404.57 4.62020382559e-07
404.58 5.22427656384e-07
404.59 5.9022132458e-07
404.6 6.66234848915e-07
404.61 7.51386706862e-07
404.62 8.46687955474e-07
404.63 9.53250339397e-07
404.64 1.07229496778e-06
404.65 1.20516158435e-06
404.66 1.35331845415e-06
404.67 1.5183728894e-06
404.68 1.70208243575e-06
404.69 1.90636673827e-06
404.7 2.13332010503e-06
404.71 2.38522478314e-06
404.72 2.6645649601e-06
404.73 2.97404149948e-06
404.74 3.31658741684e-06
404.75 3.69538409739e-06
404.76 4.11387825272e-06
404.77 4.57579960825e-06
404.78 5.08517930825e-06
404.79 5.64636901836e-06
404.8 6.2640606995e-06
404.81 6.9433070194e-06
404.82 7.68954236035e-06
404.83 8.50860437345e-06
404.84 9.40675602066e-06
404.85 1.03907080365e-05
404.86 1.14676417313e-05
404.87 1.26452320474e-05
404.88 1.39316707695e-05
404.89 1.53356897767e-05
404.9 1.68665842163e-05
404.91 1.85342354624e-05
404.92 2.03491337137e-05
404.93 2.23224000724e-05
404.94 2.44658079301e-05
404.95 2.67918034787e-05
404.96 2.9313525149e-05
404.97 3.20448217684e-05
404.98 3.50002692173e-05
404.99 3.8195185352e-05
405.0 4.16456429533e-05
405.01 4.53684804452e-05
405.02 4.93813101261e-05
405.03 5.37025236402e-05
405.04 5.83512944136e-05
405.05 6.33475767747e-05
405.06 6.87121014718e-05
405.07 7.44663673025e-05
405.08 8.06326285647e-05
405.09 8.72338780471e-05
405.1 9.42938252739e-05
405.11 0.000101836869731
405.12 0.000109888068809
405.13 0.000118473100201
405.14 0.000127618218529
405.15 0.000137350205963
405.16 0.000147696316634
405.17 0.000158684214668
405.18 0.000170341905685
405.19 0.000182697661629
405.2 0.000195779938864
405.21 0.000209617289447
405.22 0.000224238265598
405.23 0.000239671317365
405.24 0.000255944683565
405.25 0.000273086276121
405.26 0.000291123557954
405.27 0.000310083414653
405.28 0.000329992020198
405.29 0.000350874697051
405.3 0.00037275577102
405.31 0.000395658421311
405.32 0.00041960452629
405.33 0.000444614505505
405.34 0.000470707158579
405.35 0.000497899501654
405.36 0.000526206602112
405.37 0.000555641412348
405.38 0.000586214603449
405.39 0.000617934399633
405.4 0.000650806414403
405.41 0.000684833489357
405.42 0.000720015536687
405.43 0.000756349386373
405.44 0.000793828639153
405.45 0.000832443526346
405.46 0.000872180777603
405.47 0.00091302349771
405.48 0.000954951053514
405.49 0.000997938972072
405.5 0.00104195885108
405.51 0.00108697828264
405.52 0.00113296079134
405.53 0.00117986578761
405.54 0.00122764853735
405.55 0.00127626014851
405.56 0.00132564757554
405.57 0.00137575364238
405.58 0.00142651708455
405.59 0.00147787261092
405.6 0.0015297509855
405.61 0.00158207912972
405.62 0.00163478024514
405.63 0.00168777395695
405.64 0.00174097647798
405.65 0.00179430079317
405.66 0.00184765686417
405.67 0.00190095185357
405.68 0.00195409036831
405.69 0.00200697472142
405.7 0.00205950521132
405.71 0.00211158041773
405.72 0.00216309751302
405.73 0.00221395258784
405.74 0.00226404098963
405.75 0.00231325767267
405.76 0.00236149755792
405.77 0.00240865590118
405.78 0.00245462866781
405.79 0.00249931291203
405.8 0.00254260715922
405.81 0.00258441178897
405.82 0.00262462941719
405.83 0.00266316527515
405.84 0.00269992758346
405.85 0.00273482791903
405.86 0.00276778157305
405.87 0.00279870789795
405.88 0.00282753064156
405.89 0.00285417826658
405.9 0.00287858425353
405.91 0.00290068738567
405.92 0.0029204320141
405.93 0.00293776830186
405.94 0.00295265244539
405.95 0.00296504687245
405.96 0.00297492041522
405.97 0.00298224845787
405.98 0.00298701305784
405.99 0.00298920304016
406.0 0.00298881406463
406.01 0.00298584866558
406.02 0.00298031626419
406.03 0.00297223315365
406.04 0.00296162245738
406.05 0.00294851406108
406.06 0.00293294451922
406.07 0.00291495693686
406.08 0.00289460082807
406.09 0.00287193195207
406.1 0.00284701212856
406.11 0.00281990903385
406.12 0.00279069597951
406.13 0.00275945167538
406.14 0.00272625997888
406.15 0.00269120963277
406.16 0.0026543939935
406.17 0.00261591075234
406.18 0.00257586165171
406.19 0.00253435219899
406.2 0.00249149138019
406.21 0.00244739137596
406.22 0.0024021672823
406.23 0.00235593683833
406.24 0.00230882016356
406.25 0.00226093950694
406.26 0.00221241900983
406.27 0.00216338448533
406.28 0.00211396321575
406.29 0.00206428377041
406.3 0.0020144758455
406.31 0.00196467012784
406.32 0.00191499818395
406.33 0.00186559237608
406.34 0.00181658580618
406.35 0.00176811228915
406.36 0.00172030635605
406.37 0.00167330328806
406.38 0.00162723918168
406.39 0.00158225104536
406.4 0.0015384769277
406.41 0.00149605607697
406.42 0.00145512913166
406.43 0.00141583834125
406.44 0.00137832781645
406.45 0.00134274380781
406.46 0.00130923501123
406.47 0.00127795289884
406.48 0.00124905207344
406.49 0.00122269064429
406.5 0.00119903062205
406.51 0.0011782383302
406.52 0.00116048483022
406.53 0.00114594635736
406.54 0.00113480476389
406.55 0.00112724796625
406.56 0.00112347039239
406.57 0.00112367342547
406.58 0.00112806583973
406.59 0.00113686422436
406.6 0.00115029339083
406.61 0.00116858675912
406.62 0.00119198671814
406.63 0.00122074495545
406.64 0.00125512275133
406.65 0.00129539123218
406.66 0.00134183157818
406.67 0.00139473518011
406.68 0.00145440374019
406.69 0.00152114931185
406.7 0.00159529427356
406.71 0.00167717123161
406.72 0.00176712284722
406.73 0.00186550158328
406.74 0.00197266936638
406.75 0.00208899716002
406.76 0.00221486444499
406.77 0.00235065860366
406.78 0.00249677420483
406.79 0.00265361218656
406.8 0.00282157893476
406.81 0.00300108525576
406.82 0.00319254524179
406.83 0.00339637502882
406.84 0.00361299144684
406.85 0.0038428105634
406.86 0.00408624612207
406.87 0.00434370787788
406.88 0.00461559983311
406.89 0.00490231837724
406.9 0.00520425033579
406.91 0.00552177093389
406.92 0.00585524168101
406.93 0.00620500818436
406.94 0.00657139789928
406.95 0.00695471782592
406.96 0.00735525216235
406.97 0.00777325992505
406.98 0.00820897254874
406.99 0.00866259147807
407.0 0.0091342857647
407.01 0.0096241896838
407.02 0.0101324003848
407.03 0.0106589755919
407.04 0.0112039313694
407.05 0.0117672399698
407.06 0.0123488277789
407.07 0.0129485733769
407.08 0.0135663057312
407.09 0.0142018025379
407.1 0.0148547887288
407.11 0.0155249351612
407.12 0.016211857505
407.13 0.0169151153445
407.14 0.0176342115079
407.15 0.0183685916409
407.16 0.0191176440352
407.17 0.0198806997256
407.18 0.0206570328663
407.19 0.0214458613954
407.2 0.0222463479958
407.21 0.0230576013602
407.22 0.0238786777623
407.23 0.0247085829405
407.24 0.025546274292
407.25 0.0263906633789
407.26 0.0272406187415
407.27 0.0280949690146
407.28 0.0289525063398
407.29 0.0298119900632
407.3 0.0306721507084
407.31 0.0315316942099
407.32 0.0323893063913
407.33 0.033243657671
407.34 0.0340934079739
407.35 0.0349372118283
407.36 0.0357737236243
407.37 0.0366016030068
407.38 0.0374195203771
407.39 0.0382261624741
407.4 0.0390202380052
407.41 0.0398004832958
407.42 0.0405656679256
407.43 0.0413146003191
407.44 0.0420461332573
407.45 0.0427591692768
407.46 0.0434526659239
407.47 0.0441256408296
407.48 0.0447771765734
407.49 0.0454064253044
407.5 0.0460126130873
407.51 0.0465950439455
407.52 0.0471531035711
407.53 0.0476862626768
407.54 0.0481940799637
407.55 0.0486762046828
407.56 0.0491323787699
407.57 0.0495624385354
407.58 0.049966315895
407.59 0.0503440391267
407.6 0.0506957331465
407.61 0.0510216192942
407.62 0.0513220146271
407.63 0.0515973307206
407.64 0.051848071978
407.65 0.0520748334551
407.66 0.0522782982093
407.67 0.0524592341847
407.68 0.0526184906473
407.69 0.0527569941898
407.7 0.0528757443252
407.71 0.0529758086934
407.72 0.0530583179057
407.73 0.0531244600568
407.74 0.0531754749324
407.75 0.053212647947
407.76 0.0532373038433
407.77 0.0532508001903
407.78 0.0532545207153
407.79 0.0532498685073
407.8 0.0532382591312
407.81 0.0532211136882
407.82 0.0531998518639
407.83 0.0531758850006
407.84 0.053150609232
407.85 0.0531253987177
407.86 0.0531015990138
407.87 0.0530805206141
407.88 0.0530634326965
407.89 0.0530515571051
407.9 0.0530460626006
407.91 0.0530480594044
407.92 0.053058594065
407.93 0.0530786446688
407.94 0.0531091164174
407.95 0.05315083759
407.96 0.0532045559076
407.97 0.053270935312
407.98 0.0533505531706
407.99 0.0534438979163
408.0 0.0535513671263
408.01 0.0536732660443
408.02 0.0538098065458
408.03 0.0539611065441
408.04 0.0541271898333
408.05 0.0543079863604
408.06 0.0545033329177
408.07 0.0547129742448
408.08 0.0549365645265
408.09 0.0551736692722
408.1 0.05542376756
408.11 0.0556862546277
408.12 0.0559604447913
408.13 0.0562455746717
408.14 0.0565408067073
408.15 0.0568452329309
408.16 0.057157878989
408.17 0.05747770838
408.18 0.0578036268886
408.19 0.0581344871928
408.2 0.0584690936209
408.21 0.0588062070348
408.22 0.0591445498185
408.23 0.059482810947
408.24 0.0598196511168
408.25 0.0601537079151
408.26 0.0604836010078
408.27 0.0608079373268
408.28 0.0611253162382
408.29 0.0614343346722
408.3 0.0617335921993
408.31 0.0620216960353
408.32 0.0622972659607
408.33 0.062558939139
408.34 0.0628053748223
408.35 0.0630352589294
408.36 0.0632473084865
408.37 0.0634402759184
408.38 0.0636129531802
408.39 0.063764175721
408.4 0.0638928262697
408.41 0.0639978384354
408.42 0.0640782001152
408.43 0.0641329567029
408.44 0.0641612140906
408.45 0.0641621414605
408.46 0.0641349738586
408.47 0.0640790145482
408.48 0.0639936371368
408.49 0.0638782874742
408.5 0.0637324853173
408.51 0.0635558257598
408.52 0.0633479804229
408.53 0.0631086984061
408.54 0.0628378069955
408.55 0.06253521213
408.56 0.0622008986223
408.57 0.061834930137
408.58 0.0614374489248
408.59 0.0610086753139
408.6 0.0605489069609
408.61 0.0600585178618
408.62 0.0595379571284
408.63 0.0589877475315
408.64 0.0584084838156
408.65 0.0578008307919
408.66 0.0571655212124
408.67 0.0565033534348
408.68 0.0558151888834
408.69 0.0551019493155
408.7 0.0543646139013
408.71 0.053604216129
408.72 0.0528218405431
408.73 0.0520186193299
408.74 0.0511957287611
408.75 0.0503543855084
408.76 0.0494958428431
408.77 0.0486213867347
408.78 0.0477323318636
408.79 0.0468300175623
408.8 0.0459158037023
408.81 0.0449910665406
408.82 0.044057194545
408.83 0.043115584211
408.84 0.0421676358911
408.85 0.0412147496493
408.86 0.0402583211593
408.87 0.0392997376627
408.88 0.0383403740023
408.89 0.0373815887466
408.9 0.0364247204205
408.91 0.0354710838564
408.92 0.0345219666811
408.93 0.0335786259484
408.94 0.0326422849337
408.95 0.0317141300984
408.96 0.0307953082369
408.97 0.0298869238143
408.98 0.0289900365038
408.99 0.0281056589303
409.0 0.0272347546271
409.01 0.0263782362096
409.02 0.0255369637705
409.03 0.0247117434985
409.04 0.0239033265214
409.05 0.0231124079749
409.06 0.0223396262948
409.07 0.0215855627303
409.08 0.0208507410768
409.09 0.0201356276209
409.1 0.0194406312956
409.11 0.0187661040363
409.12 0.018112341332
409.13 0.0174795829638
409.14 0.0168680139208
409.15 0.016277765485
409.16 0.0157089164742
409.17 0.0151614946336
409.18 0.0146354781633
409.19 0.0141307973728
409.2 0.0136473364482
409.21 0.0131849353226
409.22 0.0127433916367
409.23 0.012322462778
409.24 0.011921867987
409.25 0.0115412905183
409.26 0.011180379846
409.27 0.0108387539011
409.28 0.0105160013311
409.29 0.0102116837707
409.3 0.00992533811422
409.31 0.00965647877941
409.32 0.00940459995439
409.33 0.009169177819
409.34 0.00894967273264
409.35 0.00874553138157
409.36 0.00855618887888
409.37 0.00838107081125
409.38 0.0082195952271
409.39 0.00807117456145
409.4 0.00793521749344
409.41 0.00781113073298
409.42 0.00769832073376
409.43 0.00759619533029
409.44 0.00750416529732
409.45 0.00742164583042
409.46 0.00734805794716
409.47 0.00728282980861
409.48 0.00722539796148
409.49 0.00717520850154
409.5 0.0071317181594
409.51 0.00709439531003
409.52 0.0070627209076
409.53 0.00703618934766
409.54 0.0070143092587
409.55 0.00699660422558
409.56 0.00698261344701
409.57 0.00697189232989
409.58 0.00696401302299
409.59 0.00695856489273
409.6 0.0069551549436
409.61 0.00695340818603
409.62 0.00695296795415
409.63 0.00695349617609
409.64 0.00695467359917
409.65 0.00695619997228
409.66 0.00695779418771
409.67 0.00695919438439
409.68 0.00696015801446
409.69 0.00696046187489
409.7 0.00695990210569
409.71 0.00695829415606
409.72 0.00695547271979
409.73 0.00695129164084
409.74 0.00694562379003
409.75 0.00693836091361
409.76 0.00692941345417
409.77 0.00691871034451
409.78 0.00690619877452
409.79 0.0068918439316
409.8 0.00687562871448
409.81 0.00685755342056
409.82 0.00683763540678
409.83 0.0068159087239
409.84 0.00679242372406
409.85 0.00676724664163
409.86 0.00674045914709
409.87 0.00671215787403
409.88 0.00668245391909
409.89 0.00665147231506
409.9 0.006619351477
409.91 0.00658624262185
409.92 0.00655230916169
409.93 0.00651772607099
409.94 0.00648267922873
409.95 0.00644736473562
409.96 0.00641198820771
409.97 0.00637676404704
409.98 0.00634191469065
409.99 0.00630766983924
410.0 0.00627426566681
410.01 0.00624194401309
410.02 0.00621095156037
410.03 0.00618153899671
410.04 0.00615396016759
410.05 0.00612847121822
410.06 0.00610532972871
410.07 0.0060847938447
410.08 0.00606712140583
410.09 0.00605256907471
410.1 0.00604139146913
410.11 0.00603384030008
410.12 0.00603016351861
410.13 0.00603060447396
410.14 0.00603540108613
410.15 0.0060447850353
410.16 0.00605898097111
410.17 0.00607820574426
410.18 0.00610266766316
410.19 0.00613256577804
410.2 0.00616808919496
410.21 0.00620941642192
410.22 0.00625671474926
410.23 0.00631013966621
410.24 0.00636983431548
410.25 0.00643592898733
410.26 0.00650854065468
410.27 0.00658777255038
410.28 0.00667371378756
410.29 0.00676643902393
410.3 0.00686600817053
410.31 0.00697246614517
410.32 0.00708584267086
410.33 0.00720615211878
410.34 0.00733339339582
410.35 0.00746754987583
410.36 0.00760858937399
410.37 0.00775646416331
410.38 0.00791111103212
410.39 0.00807245138131
410.4 0.00824039135974
410.41 0.00841482203641
410.42 0.00859561960758
410.43 0.00878264563702
410.44 0.00897574732758
410.45 0.00917475782209
410.46 0.00937949653161
410.47 0.00958976948898
410.48 0.00980536972576
410.49 0.0100260776704
410.5 0.010251661566
410.51 0.0104818779052
410.52 0.0107164718811
410.53 0.0109551778519
410.54 0.0111977198181
410.55 0.01144381191
410.56 0.0116931588853
410.57 0.0119454566344
410.58 0.0122003926932
410.59 0.012457646762
410.6 0.0127168912299
410.61 0.0129777917038
410.62 0.0132400075428
410.63 0.0135031923955
410.64 0.0137669947421
410.65 0.0140310584408
410.66 0.0142950232776
410.67 0.0145585255214
410.68 0.0148211984834
410.69 0.0150826730826
410.7 0.0153425784157
410.71 0.0156005423353
410.72 0.0158561920338
410.73 0.0161091546355
410.74 0.0163590577971
410.75 0.0166055303171
410.76 0.0168482027539
410.77 0.0170867080553
410.78 0.0173206821963
410.79 0.0175497648293
410.8 0.0177735999429
410.81 0.0179918365327
410.82 0.0182041292814
410.83 0.0184101392488
410.84 0.0186095345714
410.85 0.0188019911692
410.86 0.0189871934608
410.87 0.0191648350834
410.88 0.0193346196178
410.89 0.0194962613156
410.9 0.0196494858271
410.91 0.0197940309273
410.92 0.0199296472385
410.93 0.0200560989457
410.94 0.020173164503
410.95 0.0202806373273
410.96 0.0203783264769
410.97 0.020466057312
410.98 0.0205436721319
410.99 0.020611030789
411.0 0.0206680112725
411.01 0.020714510261
411.02 0.0207504436395
411.03 0.020775746978
411.04 0.0207903759676
411.05 0.0207943068119
411.06 0.0207875365704
411.07 0.0207700834502
411.08 0.0207419870451
411.09 0.0207033085177
411.1 0.0206541307235
411.11 0.0205945582748
411.12 0.0205247175427
411.13 0.020444756595
411.14 0.0203548450708
411.15 0.0202551739887
411.16 0.0201459554899
411.17 0.0200274225154
411.18 0.0198998284172
411.19 0.0197634465049
411.2 0.0196185695274
411.21 0.0194655090919
411.22 0.0193045950211
411.23 0.0191361746505
411.24 0.0189606120675
411.25 0.0187782872959
411.26 0.0185895954261
411.27 0.018394945696
411.28 0.0181947605244
411.29 0.0179894745005
411.3 0.0177795333318
411.31 0.0175653927561
411.32 0.0173475174187
411.33 0.0171263797199
411.34 0.0169024586363
411.35 0.0166762385198
411.36 0.0164482078772
411.37 0.0162188581356
411.38 0.0159886823966
411.39 0.0157581741831
411.4 0.0155278261827
411.41 0.015298128991
411.42 0.0150695698591
411.43 0.014842631448
411.44 0.0146177905937
411.45 0.0143955170872
411.46 0.0141762724705
411.47 0.0139605088544
411.48 0.0137486677592
411.49 0.0135411789817
411.5 0.0133384594925
411.51 0.0131409123643
411.52 0.0129489257361
411.53 0.0127628718134
411.54 0.0125831059097
411.55 0.0124099655289
411.56 0.0122437694934
411.57 0.0120848171179
411.58 0.0119333874329
411.59 0.0117897384589
411.6 0.0116541065337
411.61 0.011526705695
411.62 0.0114077271192
411.63 0.0112973386201
411.64 0.0111956842071
411.65 0.0111028837061
411.66 0.0110190324441
411.67 0.0109442009993
411.68 0.0108784350177
411.69 0.0108217550977
411.7 0.0107741567443
411.71 0.0107356103934
411.72 0.0107060615072
411.73 0.0106854307414
411.74 0.0106736141856
411.75 0.0106704836757
411.76 0.0106758871802
411.77 0.0106896492584
411.78 0.0107115715926
411.79 0.010741433591
411.8 0.0107789930635
411.81 0.0108239869655
411.82 0.0108761322128
411.83 0.0109351265615
411.84 0.0110006495536
411.85 0.0110723635256
411.86 0.0111499146761
411.87 0.0112329341906
411.88 0.0113210394194
411.89 0.0114138351058
411.9 0.0115109146597
411.91 0.0116118614722
411.92 0.0117162502677
411.93 0.0118236484873
411.94 0.0119336176994
411.95 0.0120457150313
411.96 0.0121594946169
411.97 0.0122745090542
411.98 0.0123903108669
411.99 0.0125064539644
412.0 0.0126224950929
412.01 0.0127379952736
412.02 0.0128525212191
412.03 0.0129656467244
412.04 0.0130769540247
412.05 0.0131860351149
412.06 0.0132924930247
412.07 0.0133959430443
412.08 0.0134960138939
412.09 0.0135923488339
412.1 0.0136846067094
412.11 0.0137724629253
412.12 0.0138556103481
412.13 0.0139337601303
412.14 0.0140066424545
412.15 0.014074007194
412.16 0.0141356244888
412.17 0.0141912852337
412.18 0.014240801478
412.19 0.0142840067365
412.2 0.0143207562105
412.21 0.0143509269198
412.22 0.014374417746
412.23 0.0143911493893
412.24 0.0144010642391
412.25 0.014404126162
412.26 0.0144003202087
412.27 0.0143896522442
412.28 0.0143721485035
412.29 0.0143478550771
412.3 0.0143168373315
412.31 0.0142791792666
412.32 0.0142349828182
412.33 0.0141843671069
412.34 0.0141274676416
412.35 0.0140644354808
412.36 0.0139954363572
412.37 0.0139206497728
412.38 0.0138402680666
412.39 0.0137544954638
412.4 0.0136635471082
412.41 0.0135676480861
412.42 0.0134670324443
412.43 0.013361942208
412.44 0.0132526264033
412.45 0.0131393400873
412.46 0.0130223433922
412.47 0.0129019005842
412.48 0.0127782791432
412.49 0.0126517488647
412.5 0.0125225809876
412.51 0.0123910473497
412.52 0.0122574195739
412.53 0.0121219682855
412.54 0.0119849623637
412.55 0.0118466682266
412.56 0.0117073491523
412.57 0.0115672646352
412.58 0.0114266697786
412.59 0.0112858147228
412.6 0.0111449441096
412.61 0.0110042965814
412.62 0.0108641043151
412.63 0.0107245925897
412.64 0.0105859793866
412.65 0.0104484750221
412.66 0.0103122818091
412.67 0.0101775937502
412.68 0.0100445962569
412.69 0.00991346589679
412.7 0.00978437016644
412.71 0.00965746728798
412.72 0.00953290602971
412.73 0.00941082554867
412.74 0.00929135525454
412.75 0.00917461469402
412.76 0.00906071345487
412.77 0.008949751089
412.78 0.00884181705405
412.79 0.00873699067321
412.8 0.00863534111277
412.81 0.00853692737753
412.82 0.00844179832381
412.83 0.00834999269024
412.84 0.0082615391465
412.85 0.00817645636018
412.86 0.0080947530822
412.87 0.00801642825102
412.88 0.00794147111617
412.89 0.00786986138143
412.9 0.00780156936816
412.91 0.00773655619919
412.92 0.00767477400357
412.93 0.00761616614263
412.94 0.00756066745748
412.95 0.00750820453825
412.96 0.007458696015
412.97 0.00741205287044
412.98 0.00736817877404
412.99 0.00732697043747
413.0 0.00728831799075
413.01 0.00725210537854
413.02 0.00721821077581
413.03 0.00718650702194
413.04 0.00715686207213
413.05 0.00712913946492
413.06 0.00710319880433
413.07 0.00707889625509
413.08 0.00705608504925
413.09 0.00703461600231
413.1 0.00701433803691
413.11 0.00699509871201
413.12 0.00697674475539
413.13 0.00695912259725
413.14 0.00694207890258
413.15 0.00692546109998
413.16 0.00690911790462
413.17 0.00689289983289
413.18 0.00687665970647
413.19 0.00686025314357
413.2 0.00684353903493
413.21 0.00682638000265
413.22 0.00680864283959
413.23 0.00679019892749
413.24 0.00677092463199
413.25 0.00675070167279
413.26 0.00672941746751
413.27 0.00670696544788
413.28 0.00668324534699
413.29 0.00665816345678
413.3 0.00663163285475
413.31 0.00660357359953
413.32 0.00657391289461
413.33 0.00654258522031
413.34 0.00650953243374
413.35 0.00647470383712
413.36 0.00643805621456
413.37 0.00639955383822
413.38 0.00635916844414
413.39 0.00631687917894
413.4 0.00627267251829
413.41 0.00622654215823
413.42 0.00617848888084
413.43 0.0061285203954
413.44 0.00607665115674
413.45 0.00602290216229
413.46 0.00596730072934
413.47 0.00590988025445
413.48 0.0058506799565
413.49 0.00578974460526
413.5 0.00572712423716
413.51 0.00566287386008
413.52 0.00559705314874
413.53 0.00552972613257
413.54 0.00546096087757
413.55 0.00539082916373
413.56 0.00531940615964
413.57 0.00524677009571
413.58 0.00517300193733
413.59 0.00509818505928
413.6 0.00502240492264
413.61 0.00494574875533
413.62 0.00486830523717
413.63 0.00479016419061
413.64 0.00471141627774
413.65 0.00463215270454
413.66 0.00455246493287
413.67 0.00447244440095
413.68 0.0043921822526
413.69 0.00431176907594
413.7 0.00423129465164
413.71 0.00415084771126
413.72 0.0040705157057
413.73 0.00399038458407
413.74 0.0039105385831
413.75 0.00383106002711
413.76 0.0037520291387
413.77 0.00367352386018
413.78 0.00359561968565
413.79 0.00351838950385
413.8 0.00344190345176
413.81 0.00336622877876
413.82 0.00329142972158
413.83 0.00321756738983
413.84 0.00314469966205
413.85 0.00307288109246
413.86 0.00300216282819
413.87 0.00293259253706
413.88 0.00286421434588
413.89 0.0027970687893
413.9 0.00273119276912
413.91 0.00266661952417
413.92 0.00260337861066
413.93 0.00254149589304
413.94 0.00248099354533
413.95 0.00242189006291
413.96 0.00236420028477
413.97 0.00230793542609
413.98 0.00225310312108
413.99 0.0021997074761
414.0 0.0021477491328
414.01 0.00209722534115
414.02 0.0020481300423
414.03 0.00200045396079
414.04 0.0019541847062
414.05 0.00190930688356
414.06 0.0018658022125
414.07 0.00182364965455
414.08 0.00178282554825
414.09 0.00174330375158
414.1 0.00170505579123
414.11 0.00166805101804
414.12 0.0016322567682
414.13 0.0015976385294
414.14 0.00156416011141
414.15 0.00153178382024
414.16 0.0015004706353
414.17 0.00147018038874
414.18 0.0014408719461
414.19 0.00141250338776
414.2 0.00138503219002
414.21 0.00135841540534
414.22 0.00133260984072
414.23 0.00130757223356
414.24 0.00128325942404
414.25 0.0012596285235
414.26 0.00123663707781
414.27 0.00121424322521
414.28 0.0011924058478
414.29 0.00117108471608
414.3 0.001150240626
414.31 0.00112983552773
414.32 0.00110983264598
414.33 0.00109019659103
414.34 0.00107089346043
414.35 0.0010518909307
414.36 0.00103315833898
414.37 0.00101466675434
414.38 0.000996389038471
414.39 0.000978299895938
414.4 0.000960375913647
414.41 0.000942595589807
414.42 0.000924939352373
414.43 0.000907389567147
414.44 0.000889930535776
414.45 0.000872548483903
414.46 0.000855231539817
414.47 0.000837969703972
414.48 0.000820754809815
414.49 0.000803580476385
414.5 0.000786442053201
414.51 0.000769336557987
414.52 0.0007522626078
414.53 0.000735220344174
414.54 0.000718211352899
414.55 0.000701238579065
414.56 0.000684306238032
414.57 0.000667419722976
414.58 0.00065058550966
414.59 0.000633811059093
414.6 0.000617104718718
414.61 0.000600475622755
414.62 0.000583933592326
414.63 0.000567489035948
414.64 0.000551152850973
414.65 0.000534936326516
414.66 0.000518851048388
414.67 0.00050290880652
414.68 0.000487121505321
414.69 0.000471501077382
414.7 0.000456059400908
414.71 0.000440808221202
414.72 0.000425759076497
414.73 0.000410923228399
414.74 0.000396311597142
414.75 0.000381934701832
414.76 0.000367802605812
414.77 0.000353924867244
414.78 0.000340310494954
414.79 0.000326967909566
414.8 0.000313904909902
414.81 0.000301128644602
414.82 0.000288645588867
414.83 0.000276461526236
414.84 0.000264581535228
414.85 0.000253009980708
414.86 0.000241750509772
414.87 0.000230806051958
414.88 0.00022017882354
414.89 0.000209870335676
414.9 0.000199881406159
414.91 0.000190212174494
414.92 0.00018086212004
414.93 0.000171830082943
414.94 0.00016311428757
414.95 0.000154712368174
414.96 0.0001466213965
414.97 0.000138837911074
414.98 0.000131357947878
414.99 0.000124177072176
415.0 0.000117290411213
415.01 0.000110692687546
415.02 0.000104378252781
415.03 9.83411214771e-05
415.04 9.25750050179e-05
415.05 8.70733452455e-05
415.06 8.18293476768e-05
415.07 7.68360141307e-05
415.08 7.20861746119e-05
415.09 6.75725183108e-05
415.1 6.32876235953e-05
415.11 5.9223986883e-05
415.12 5.53740502993e-05
415.13 5.1730228039e-05
415.14 4.82849313639e-05
415.15 4.50305921835e-05
415.16 4.19596851759e-05
415.17 3.90647484218e-05
415.18 3.63384025324e-05
415.19 3.37733682669e-05
415.2 3.1362482641e-05
415.21 2.90987135427e-05
415.22 2.69751728732e-05
415.23 2.49851282469e-05
415.24 2.31220132831e-05
415.25 2.13794365352e-05
415.26 1.97511891041e-05
415.27 1.82312509898e-05
415.28 1.68137962367e-05
415.29 1.54931969347e-05
415.3 1.42640261371e-05
415.31 1.31210597612e-05
415.32 1.20592775365e-05
415.33 1.10738630681e-05
415.34 1.01602030813e-05
415.35 9.3138859147e-06
415.36 8.53069932697e-06
415.37 7.80662768274e-06
415.38 7.13784857995e-06
415.39 6.52072898072e-06
415.4 5.95182090483e-06
415.41 5.42785674262e-06
415.42 4.94574424216e-06
415.43 4.50256122214e-06
415.44 4.09555005966e-06
415.45 3.72211199905e-06
415.46 3.37980132478e-06
415.47 3.0663194387e-06
415.48 2.77950887885e-06
415.49 2.51734731392e-06
415.5 2.27794154477e-06
415.51 2.05952154134e-06
415.52 1.86043454063e-06
415.53 1.67913922849e-06
415.54 1.51420002568e-06
415.55 1.36428149584e-06
415.56 1.22814289078e-06
415.57 1.10463284627e-06
415.58 9.92684239333e-07
415.59 8.91309215942e-07
415.6 7.99594396487e-07
415.61 7.16696264259e-07
415.62 6.41836740924e-07
415.63 5.7429895135e-07
415.64 5.13423178899e-07
415.65 4.58603011068e-07
415.66 4.09281674313e-07
415.67 3.64948555953e-07
415.68 3.25135910174e-07
415.69 2.89415744477e-07
415.7 2.57396882237e-07
415.71 2.28722196548e-07
415.72 2.03066010046e-07
415.73 1.80131655087e-07
415.74 1.59649188324e-07
415.75 1.41373253548e-07
415.76 1.25081086492e-07
415.77 1.10570655197e-07
415.78 9.76589295162e-08
415.79 8.61802733147e-08
415.8 7.59849529924e-08
415.81 6.69377560168e-08
415.82 5.89167132803e-08
415.83 5.18119192322e-08
415.84 4.55244438943e-08
415.85 3.99653310565e-08
415.86 3.50546771402e-08
415.87 3.07207854283e-08
415.88 2.68993905774e-08
415.89 2.35329485517e-08
415.9 2.05699873466e-08
415.91 1.79645140978e-08
415.92 1.56754744036e-08
415.93 1.36662599149e-08
415.94 1.19042604717e-08
415.95 1.03604572857e-08
415.96 9.00905388385e-09
415.97 7.82714173565e-09
415.98 6.79439768888e-09
415.99 5.89281053227e-09
416.0 5.10643419e-09
416.01 4.42116523026e-09
416.02 3.82454253974e-09
416.03 3.30556717618e-09
416.04 2.85454056344e-09
416.05 2.46291933698e-09
416.06 2.12318528251e-09
416.07 1.82872893749e-09
416.08 1.57374554378e-09
416.09 1.35314215036e-09
416.1 1.16245476874e-09
416.11 9.97774579244e-10
416.12 8.5568227568e-10
416.13 7.33189718331e-10
416.14 6.27688141308e-10
416.15 5.36902230568e-10
416.16 4.58849453512e-10
416.17 3.9180408043e-10
416.18 3.34265392426e-10
416.19 2.84929620249e-10
416.2 2.42665203916e-10
416.21 2.06491004437e-10
416.22 1.75557136685e-10
416.23 1.49128126745e-10
416.24 1.2656812812e-10
416.25 1.07327959384e-10
416.26 9.09337512829e-11
416.27 7.69770142954e-11
416.28 6.51059583564e-11
416.29 5.5017915107e-11
416.3 4.64527297646e-11
416.31 3.91870047453e-11
416.32 3.30290906293e-11
416.33 2.78147321013e-11
416.34 2.34032872574e-11
416.35 1.96744482635e-11
416.36 1.65253998958e-11
416.37 1.38683600968e-11
416.38 1.16284534317e-11
416.39 9.74187431656e-12
416.4 8.1543021988e-12
416.41 6.81953555691e-12
416.42 5.69831573701e-12
416.43 4.75731529721e-12
416.44 3.9682687541e-12
416.45 3.30722646047e-12
416.46 2.75391483429e-12
416.47 2.29118834572e-12
416.48 1.90456058476e-12
416.49 1.58180341005e-12
416.5 1.3126046456e-12
416.51 1.08827607287e-12
416.52 9.01504582557e-13
416.53 7.4614032273e-13
416.54 6.17016526549e-13
416.55 5.09796437691e-13
416.56 4.20843389759e-13
416.57 3.47110648852e-13
416.58 2.86048107241e-13
416.59 2.35523329976e-13
416.6 1.93754813754e-13
416.61 1.59255625725e-13
416.62 1.30785855582e-13
416.63 1.07312542925e-13
416.64 8.79759383968e-14
416.65 7.20611258291e-14
416.66 5.89741773045e-14
416.67 4.82221370003e-14
416.68 3.93962357022e-14
416.69 3.21578285012e-14
416.7 2.62266255408e-14
416.71 2.1370851636e-14
416.72 1.73990267613e-14
416.73 1.41531071908e-14
416.74 1.15027676836e-14
416.75 9.340639573e-15
416.76 7.57834884709e-15
416.77 6.14322305334e-15
416.78 4.97555680274e-15
416.79 4.02634333939e-15
416.8 3.25539457812e-15
416.81 2.62978460488e-15
416.82 2.12256224132e-15
416.83 1.71168719821e-15
416.84 1.37915184162e-15
416.85 1.11025689143e-15
416.86 8.93014651105e-16
416.87 7.176577901e-16
416.88 5.76235400752e-16
416.89 4.62281144846e-16
416.9 3.70540887626e-16
416.91 2.96749371341e-16
416.92 2.37447275228e-16
416.93 1.89831502726e-16
416.94 1.51632778739e-16
416.95 1.2101567132e-16
416.96 9.64970079715e-17
416.97 7.68793660619e-17
416.98 6.1196904093e-17
416.99 4.8671286202e-17
417.0 3.86758535379e-17
417.01 3.07065272861e-17
417.02 2.43582011297e-17
417.03 1.9305605782e-17
417.04 1.52878132113e-17
417.05 1.20957002132e-17
417.06 9.56181581322e-18
417.07 7.55219935626e-18
417.08 5.95978002076e-18
417.09 4.69905714952e-18
417.1 3.70181692244e-18
417.11 2.91368674651e-18
417.12 2.29136615042e-18
417.13 1.80040346582e-18
417.14 1.4134124095e-18
417.15 1.10864288027e-18
417.16 8.68836699417e-19
417.17 6.80312349218e-19
417.18 5.32233570828e-19
417.19 4.16025438281e-19
417.2 3.24908611176e-19
417.21 2.53528197807e-19
417.22 1.97658287941e-19
417.23 1.53966948282e-19
417.24 1.19829483388e-19
417.25 9.31801884851e-20
417.26 7.23947703454e-20
417.27 5.61971792774e-20
417.28 4.35858532855e-20
417.29 3.37753843929e-20
417.3 2.61504255508e-20
417.31 2.02293036503e-20
417.32 1.56353216031e-20
417.33 1.20741458185e-20
417.34 9.31600529741e-21
417.35 7.18169156987e-21
417.36 5.53155818563e-21
417.37 4.25688514769e-21
417.38 3.27310617399e-21
417.39 2.51450188903e-21
417.4 1.93004551873e-21
417.41 1.48015381748e-21
417.42 1.13414833631e-21
417.43 8.68273573187e-22
417.44 6.64151286904e-22
417.45 5.07576102353e-22
417.46 3.87577919395e-22
417.47 2.95692698048e-22
417.48 2.2539583444e-22
417.49 1.7166228281e-22
417.5 1.30625388207e-22
417.51 9.9312523474e-23
417.52 7.54404295867e-23
417.53 5.72569224236e-23
417.54 4.34185745666e-23
417.55 3.28962834096e-23
417.56 2.49024352853e-23
417.57 1.88347785468e-23
417.58 1.42332123539e-23
417.59 1.07465497127e-23
417.6 8.10697600665e-24
417.61 6.11043932227e-24
417.62 4.60160881691e-24
417.63 3.46234762585e-24
417.64 2.60288724569e-24
417.65 1.95507649097e-24
417.66 1.46722211449e-24
417.67 1.10014945364e-24
417.68 8.24197367639e-25
417.69 6.16927985337e-25
417.7 4.61382833713e-25
417.71 3.4475621598e-25
417.72 2.57386930697e-25
417.73 1.91992643901e-25
417.74 1.43089049898e-25
417.75 1.06549624435e-25
417.76 7.92722452506e-26
417.77 5.89269695729e-26
417.78 4.37653864901e-26
417.79 3.24766437469e-26
417.8 2.4078821493e-26
417.81 1.78370498235e-26
417.82 1.32018421645e-26
417.83 9.76269585308e-27
417.84 7.21321198027e-27
417.85 5.3248986191e-27
417.86 3.92751366239e-27
417.87 2.89432821166e-27
417.88 2.13108888338e-27
417.89 1.56775813136e-27
417.9 1.15233903272e-27
417.91 8.46262693964e-28
417.92 6.20945997474e-28
417.93 4.55225079466e-28
417.94 3.33443488769e-28
417.95 2.44029322755e-28
417.96 1.78437241399e-28
417.97 1.30362505536e-28
417.98 9.51576284357e-29
417.99 6.93998022881e-29
418.0 5.05704209939e-29
418.01 3.68178664035e-29
418.02 2.67820846533e-29
418.03 1.94649750713e-29
418.04 1.41347144012e-29
418.05 1.02551953172e-29
418.06 7.43403407051e-30
418.07 5.38429529981e-30
418.08 3.8963405343e-30
418.09 2.8171414587e-30
418.1 2.03509232285e-30
418.11 1.46886975811e-30
418.12 1.05926878723e-30
418.13 7.6322532743e-31
418.14 5.49443556785e-31
418.15 3.95200156916e-31
418.16 2.84010792932e-31
418.17 2.03927733704e-31
418.18 1.46299032426e-31
418.19 1.04864943542e-31
418.2 7.51005146891e-32
418.21 5.37377170044e-32
418.22 3.84183954853e-32
418.23 2.74424540988e-32
418.24 1.95853069545e-32
418.25 1.39656621319e-32
418.26 9.94984675935e-33
418.27 7.08263670292e-33
418.28 5.03729345089e-33
418.29 3.57950728208e-33
418.3 2.54139962408e-33
418.31 1.80279516615e-33
418.32 1.27774303123e-33
418.33 9.04824537695e-34
418.34 6.40190065836e-34
418.35 4.52561082233e-34
418.36 3.1964593838e-34
418.37 2.25571843572e-34
418.38 1.59046567278e-34
418.39 1.12043695282e-34
418.4 7.8863175408e-35
418.41 5.54606312632e-35
418.42 3.89689827994e-35
418.43 2.73575400242e-35
418.44 1.91892821879e-35
418.45 1.34481990343e-35
418.46 9.41658084252e-36
418.47 6.5878858115e-36
418.48 4.60492540065e-36
418.49 3.21605041189e-36
418.5 2.2441237858e-36
418.51 1.5645681412e-36
418.52 1.08984784251e-36
418.53 7.5850940042e-37
418.54 5.27448156427e-37
418.55 3.66456392862e-37
418.56 2.54383265841e-37
418.57 1.76432459103e-37
418.58 1.22262183752e-37
418.59 8.46504989492e-38
418.6 5.85585896599e-38
418.61 4.04739328912e-38
418.62 2.79501355547e-38
418.63 1.92848445397e-38
418.64 1.32945021474e-38
418.65 9.15696864877e-39
418.66 6.30166175585e-39
418.67 4.3329348827e-39
418.68 2.97668547705e-39
418.69 2.04318385116e-39
418.7 1.40121784205e-39
418.71 9.60124567431e-40
418.72 6.57314509185e-40
418.73 4.49616838529e-40
418.74 3.07280944362e-40
418.75 2.09822666882e-40
418.76 1.43150506504e-40
418.77 9.75791628355e-41
418.78 6.64576529044e-41
418.79 4.52227140442e-41
418.8 3.07462362094e-41
418.81 2.08857948668e-41
418.82 1.41753493079e-41
418.83 9.61258611333e-42
418.84 6.51284031069e-42
418.85 4.40883990246e-42
418.86 2.98196086849e-42
418.87 2.01513090632e-42
418.88 1.3605932131e-42
418.89 9.17861279275e-43
418.9 6.18656400732e-43
418.91 4.16625343251e-43
418.92 2.80327414116e-43
418.93 1.88455653229e-43
418.94 1.26583319752e-43
418.95 8.49508062737e-44
418.96 5.69616081098e-44
418.97 3.81610829257e-44
418.98 2.55436439475e-44
418.99 1.70831803525e-44
419.0 1.14150629903e-44
419.01 7.62099385251e-45
419.02 5.08356783053e-45
419.03 3.38804637878e-45
419.04 2.25607629949e-45
419.05 1.50100428546e-45
419.06 9.97777700675e-46
419.07 6.62688398609e-46
419.08 4.39752841281e-46
419.09 2.9156249176e-46
419.1 1.93142729536e-46
419.11 1.27834709444e-46
419.12 8.45362395715e-47
419.13 5.58548351287e-47
419.14 3.68724788968e-47
419.15 2.43202261898e-47
419.16 1.60271608772e-47
419.17 1.05528385869e-47
419.18 6.94233724316e-48
419.19 4.56316140861e-48
419.2 2.99674415901e-48
419.21 1.96633367349e-48
419.22 1.28910554991e-48
419.23 8.4439072104e-49
419.24 5.52614325249e-49
419.25 3.61347070269e-49
419.26 2.36075353942e-49
419.27 1.54099231751e-49
419.28 1.00501839362e-49
419.29 6.54894373614e-50
419.3 4.26375479587e-50
419.31 2.77355571914e-50
419.32 1.80262455089e-50
419.33 1.17056997627e-50
419.34 7.59474492624e-51
419.35 4.92325937491e-51
419.36 3.18871682435e-51
419.37 2.06349253629e-51
419.38 1.33417735169e-51
419.39 8.61882252853e-52
419.4 5.56296112279e-52
419.41 3.58746624998e-52
419.42 2.31149700841e-52
419.43 1.48806725421e-52
419.44 9.57140066763e-53
419.45 6.15109091069e-53
419.46 3.94959448215e-53
419.47 2.5338247951e-53
419.48 1.62414338789e-53
419.49 1.0401497466e-53
419.5 6.65565925102e-54
419.51 4.25510227867e-54
419.52 2.71801995128e-54
419.53 1.73467847505e-54
419.54 1.10613733535e-54
419.55 7.04730106995e-55
419.56 4.4860107739e-55
419.57 2.85312967967e-55
419.58 1.813035982e-55
419.59 1.15110528422e-55
419.6 7.30209341189e-56
419.61 4.62810745315e-56
419.62 2.93077983955e-56
419.63 1.854328485e-56
419.64 1.17223276598e-56
419.65 7.40397179762e-57
419.66 4.67239303239e-57
419.67 2.94603357427e-57
419.68 1.85592203787e-57
419.69 1.16816846477e-57
419.7 7.3464062353e-58
419.71 4.61602459609e-58
419.72 2.89791071783e-58
419.73 1.8177142021e-58
419.74 1.13917360139e-58
419.75 7.13309382685e-59
419.76 4.46261759601e-59
419.77 2.78949201705e-59
419.78 1.74214494359e-59
419.79 1.08709415117e-59
419.8 6.77756585314e-60
419.81 4.22186211662e-60
419.82 2.62759276459e-60
419.83 1.63393878469e-60
419.84 1.01516636163e-60
419.85 6.30176738302e-61
419.86 3.90851002254e-61
419.87 2.42205390412e-61
419.88 1.49961608932e-61
419.89 9.27684052249e-62
419.9 5.73381666661e-62
419.91 3.54088014921e-62
419.92 2.18475309909e-62
419.93 1.34684374454e-62
419.94 8.2957522878e-63
419.95 5.10526217797e-63
419.96 3.139091948e-63
419.97 1.92847377083e-63
419.98 1.18371499284e-63
419.99 7.25945926903e-64
420.0 4.44820823591e-64
420.01 2.72326346321e-64
420.02 1.66578106591e-64
420.03 1.01805184633e-64
420.04 6.21649491724e-65
420.05 3.79266935383e-65
420.06 2.31189493997e-65
420.07 1.40803976148e-65
420.08 8.56811833633e-66
420.09 5.20930403842e-66
420.1 3.16444584398e-66
420.11 1.9206106916e-66
420.12 1.16467493528e-66
420.13 7.05657283951e-67
420.14 4.27175799419e-67
420.15 2.58370642638e-67
420.16 1.56136127048e-67
420.17 9.42730053097e-68
420.18 5.68715433645e-68
420.19 3.42788614572e-68
420.2 2.06434117908e-68
420.21 1.24211062138e-68
420.22 7.46728603953e-69
420.23 4.48527434593e-69
420.24 2.6917762028e-69
420.25 1.61403370258e-69
420.26 9.66963232898e-70
420.27 5.78803349568e-70
420.28 3.46159155669e-70
420.29 2.06844664341e-70
420.3 1.23491348965e-70
420.31 7.36635185829e-71
420.32 4.3902787595e-71
420.33 2.6143001402e-71
420.34 1.55540148183e-71
420.35 9.24598709746e-72
420.36 5.49145931356e-72
420.37 3.25871192543e-72
420.38 1.93209235529e-72
420.39 1.14454667183e-72
420.4 6.77427533242e-73
420.41 4.00604564887e-73
420.42 2.3669694684e-73
420.43 1.39731116978e-73
420.44 8.24170979042e-74
420.45 4.85696772646e-74
420.46 2.85980769191e-74
420.47 1.68241121489e-74
420.48 9.88897301819e-75
420.49 5.80756316046e-75
420.5 3.40769254339e-75
420.51 1.99779342155e-75
420.52 1.17021178096e-75
420.53 6.84860416751e-76
420.54 4.00463905123e-76
420.55 2.33963657979e-76
420.56 1.36570575706e-76
420.57 7.96506987278e-77
420.58 4.64136531314e-77
420.59 2.70225063196e-77
420.6 1.57191556527e-77
420.61 9.13600890517e-78
420.62 5.30527043115e-78
420.63 3.07809664395e-78
420.64 1.78435264403e-78
420.65 1.0334818134e-78
420.66 5.98065431831e-79
420.67 3.45794654799e-79
420.68 1.99761395445e-79
420.69 1.15299802402e-79
420.7 6.64919815017e-80
420.71 3.83119008648e-80
420.72 2.20557503663e-80
420.73 1.26862623277e-80
420.74 7.29070036619e-81
420.75 4.18628242912e-81
420.76 2.40165993002e-81
420.77 1.37663311444e-81
420.78 7.88403646984e-82
420.79 4.5113108134e-82
420.8 2.57917367205e-82
420.81 1.47326929231e-82
420.82 8.40828452647e-83
420.83 4.79464408478e-83
420.84 2.73167521144e-83
420.85 1.55498234193e-83
420.86 8.84393565353e-84
420.87 5.02561712641e-84
420.88 2.85336241623e-84
420.89 1.61863224022e-84
420.9 9.17409322427e-85
420.91 5.19519464908e-85
420.92 2.93943737179e-85
420.93 1.66169116759e-85
420.94 9.38555856424e-86
420.95 5.29655698265e-86
420.96 2.98642000753e-86
420.97 1.68240998232e-86
420.98 9.46970606726e-87
420.99 5.3255549977e-87
421.0 2.99238150333e-87
421.01 1.67993609584e-87
421.02 9.42306689429e-88
421.03 5.28099187407e-88
421.04 2.95707566154e-88
421.05 1.65437167906e-88
421.06 9.24756620993e-89
421.07 5.16470504953e-89
421.08 2.88195577503e-89
421.09 1.60676666188e-89
421.1 8.9503913454e-90
421.11 4.9814405289e-90
421.12 2.77007538056e-90
421.13 1.53904719444e-90
421.14 8.54350347008e-91
421.15 4.7385315358e-91
421.16 2.62588234297e-91
421.17 1.45388636303e-91
421.18 8.04283900921e-92
421.19 4.445411829e-92
421.2 2.4549256209e-92
421.21 1.35452925273e-92
421.22 7.46727509817e-93
421.23 4.11300868355e-93
421.24 2.26350164303e-93
421.25 1.24458830072e-93
421.26 6.83745257289e-94
421.27 3.75306989127e-94
421.28 2.05827163836e-94
421.29 1.12782687708e-94
421.3 6.17455840103e-95
421.31 3.37748227004e-95
421.32 1.84588213075e-95
421.33 1.00794901739e-95
421.34 5.49916661877e-96
421.35 2.99763605519e-96
421.36 1.63261822968e-96
421.37 8.88411336567e-97
421.38 4.83022381079e-97
421.39 2.62388096964e-97
421.4 1.42411387408e-97
421.41 7.72269739287e-98
421.42 4.18424427401e-98
421.43 2.26510717499e-98
421.44 1.2251356952e-98
421.45 6.62069137788e-99
421.46 3.57475437702e-99
421.47 1.92846953231e-99
421.48 1.03944872215e-99
421.49 5.59779603247e-100
421.5 3.01199871875e-100
421.51 1.61925858433e-100
421.52 8.69763835574e-101
421.53 4.66777803725e-101
421.54 2.50289573969e-101
421.55 1.34090816231e-101
421.56 7.17759620437e-102
421.57 3.83868718259e-102
421.58 2.0512100488e-102
421.59 1.09511886605e-102
421.6 5.8416576106e-103
421.61 3.11339804964e-103
421.62 1.65789458053e-103
421.63 8.82069666274e-104
421.64 4.68891732311e-104
421.65 2.49038203927e-104
421.66 1.32154844625e-104
421.67 7.00686764159e-105
421.68 3.71183319827e-105
421.69 1.96461159161e-105
421.7 1.03893568868e-105
421.71 5.48939320612e-106
421.72 2.89790222557e-106
421.73 1.52850487724e-106
421.74 8.05515017941e-107
421.75 4.24135053623e-107
421.76 2.23130225921e-107
421.77 1.17283348179e-107
421.78 6.15939446712e-108
421.79 3.23194077699e-108
421.8 1.69438649791e-108
421.81 8.87534578986e-109
421.82 4.64495804313e-109
421.83 2.42885741757e-109
421.84 1.26895423339e-109
421.85 6.62389759148e-110
421.86 3.45465730279e-110
421.87 1.80019705937e-110
421.88 9.37257309211e-111
421.89 4.87552442503e-111
421.9 2.53400547855e-111
421.91 1.31588360221e-111
421.92 6.82733342731e-112
421.93 3.53922736803e-112
421.94 1.83311422114e-112
421.95 9.4862442414e-113
421.96 4.9048167953e-113
421.97 2.53381551346e-113
421.98 1.30782882123e-113
421.99 6.7445119649e-114
422.0 3.47515250045e-114
422.01 1.78904357288e-114
422.02 9.20220028063e-115
422.03 4.72918340334e-115
422.04 2.42831121094e-115
422.05 1.24579403043e-115
422.06 6.38574921424e-116
422.07 3.27040233523e-116
422.08 1.67345570855e-116
422.09 8.55560987309e-117
422.1 4.37030187064e-117
422.11 2.23046602189e-117
422.12 1.13737453344e-117
422.13 5.79475528887e-118
422.14 2.94978534527e-118
422.15 1.50027004947e-118
422.16 7.62381198716e-119
422.17 3.87078124566e-119
422.18 1.96358086539e-119
422.19 9.95228185542e-120
422.2 5.03988068753e-120
422.21 2.55000807627e-120
422.22 1.28909988337e-120
422.23 6.51111393321e-121
422.24 3.28584999348e-121
422.25 1.65677633944e-121
422.26 8.34648749328e-122
422.27 4.20114162847e-122
422.28 2.11278162393e-122
422.29 1.06161149322e-122
422.3 5.32967006706e-123
422.31 2.67336803294e-123
422.32 1.33980282409e-123
422.33 6.70882926669e-124
422.34 3.35642002031e-124
422.35 1.67775900574e-124
422.36 8.37927737592e-125
422.37 4.18126090437e-125
422.38 2.0846429485e-125
422.39 1.03843617015e-125
422.4 5.16834677178e-126
422.41 2.5700832777e-126
422.42 1.27692814428e-126
422.43 6.33883482156e-127
422.44 3.14395356692e-127
422.45 1.55799666657e-127
422.46 7.71401781428e-128
422.47 3.81608872231e-128
422.48 1.88616638928e-128
422.49 9.31462236778e-129
422.5 4.59593857652e-129
422.51 2.26572340877e-129
422.52 1.11599764987e-129
422.53 5.4921625305e-130
422.54 2.70051873317e-130
422.55 1.32670608224e-130
422.56 6.51217343771e-131
422.57 3.19374994073e-131
422.58 1.56494677988e-131
422.59 7.6616436504e-132
422.6 3.74772777284e-132
422.61 1.83163037899e-132
422.62 8.94399095687e-133
422.63 4.36363661619e-133
422.64 2.12710787663e-133
422.65 1.03598666836e-133
422.66 5.04129985769e-134
422.67 2.45106374475e-134
422.68 1.19066721234e-134
422.69 5.77896275505e-135
422.7 2.80241925918e-135
422.71 1.35781322671e-135
422.72 6.57310656699e-136
422.73 3.17925252106e-136
422.74 1.53639571703e-136
422.75 7.41830805141e-137
422.76 3.57874168767e-137
422.77 1.72496208362e-137
422.78 8.307157925e-138
422.79 3.99713754341e-138
422.8 1.92162850047e-138
422.81 9.23025038972e-139
422.82 4.42977069595e-139
422.83 2.12408905873e-139
422.84 1.01762533427e-139
422.85 4.87109737595e-140
422.86 2.32964327453e-140
422.87 1.11320654493e-140
422.88 5.31478608887e-141
422.89 2.53524269869e-141
422.9 1.20830620083e-141
422.91 5.75384528915e-142
422.92 2.73755635875e-142
422.93 1.30134266927e-142
422.94 6.18078993436e-143
422.95 2.93305366804e-143
422.96 1.39065610991e-143
422.97 6.5878423738e-144
422.98 3.11810232397e-144
422.99 1.47455589278e-144
423.0 6.96716069791e-145
423.01 3.2890776665e-145
423.02 1.55137269169e-145
423.03 7.31108559671e-146
423.04 3.44247906006e-146
423.05 1.61951307408e-146
423.06 7.61239511701e-147
423.07 3.5750481727e-147
423.08 1.67751412935e-147
423.09 7.86455561605e-148
423.1 3.6838836201e-148
423.11 1.72409553784e-148
423.12 8.06195679773e-149
423.13 3.76654636408e-149
423.14 1.75820650054e-149
423.15 8.20011905129e-150
423.16 3.82115052781e-150
423.17 1.77906513011e-150
423.18 8.27586240137e-151
423.19 3.84643490863e-151
423.2 1.78618824205e-151
423.21 8.28742817366e-152
423.22 3.84181140236e-152
423.23 1.77940996116e-152
423.24 8.23454687633e-153
423.25 3.80738774273e-153
423.26 1.75888814275e-153
423.27 8.11844863854e-154
423.28 3.74396332836e-154
423.29 1.72509826151e-154
423.3 7.94181564152e-155
423.31 3.65299836284e-155
423.32 1.67881509836e-155
423.33 7.70867911074e-156
423.34 3.53655797158e-156
423.35 1.62108321029e-156
423.36 7.42426639326e-157
423.37 3.39723428161e-157
423.38 1.55317775463e-157
423.39 7.09480621959e-158
423.4 3.2380505691e-158
423.41 1.4765577188e-158
423.42 6.72730227514e-159
423.43 3.06235241978e-159
423.44 1.39281394813e-159
423.45 6.32928655657e-160
423.46 2.87369136202e-160
423.47 1.30361454945e-160
423.48 5.90856459513e-161
423.49 2.67570659562e-161
423.5 1.21065026959e-161
423.51 5.47296447906e-162
423.52 2.47201025673e-162
423.53 1.1155823121e-162
423.54 5.03010074862e-163
423.55 2.26608115993e-163
423.56 1.01999477963e-163
423.57 4.58716276613e-164
423.58 2.06117119432e-164
423.59 9.25353540234e-165
423.6 4.15073521659e-165
423.61 1.86022758956e-165
423.62 8.32972848054e-166
423.63 3.72665613626e-166
423.64 1.66583318966e-166
423.65 7.43990537691e-167
423.66 3.31991547003e-167
423.67 1.48016575623e-167
423.68 6.59352096666e-168
423.69 2.93459479579e-168
423.7 1.30497624775e-168
423.71 5.79803434415e-169
423.72 2.5738466767e-169
423.73 1.14158505357e-169
423.74 5.05891739534e-170
423.75 2.23991023701e-170
423.76 9.90894353492e-171
423.77 4.37973471029e-171
423.78 1.93415809268e-171
423.79 8.53414162534e-172
423.8 3.76228278013e-172
423.81 1.65716875521e-172
423.82 7.2929922229e-173
423.83 3.20677491013e-173
423.84 1.40881807868e-173
423.85 6.18393715931e-174
423.86 2.71205774176e-174
423.87 1.18838321293e-174
423.88 5.20280797702e-175
423.89 2.27584562161e-175
423.9 9.94652808287e-176
423.91 4.34334112173e-176
423.92 1.89496013893e-176
423.93 8.26037817396e-177
423.94 3.59768797544e-177
423.95 1.56556380197e-177
423.96 6.80678072545e-178
423.97 2.95689880697e-178
423.98 1.28337884508e-178
423.99 5.56540793465e-179
424.0 2.41136438376e-179
424.01 1.04388436691e-179
424.02 4.51508216392e-180
424.03 1.95120380647e-180
424.04 8.42487224085e-181
424.05 3.63452554335e-181
424.06 1.56659176617e-181
424.07 6.74664201086e-182
424.08 2.90297439672e-182
424.09 1.24802262104e-182
424.1 5.36074836054e-183
424.11 2.30065817973e-183
424.12 9.86512261181e-184
424.13 4.22645830699e-184
424.14 1.80914927867e-184
424.15 7.73741569527e-185
424.16 3.30629171886e-185
424.17 1.41159503161e-185
424.18 6.02147358269e-186
424.19 2.56636936328e-186
424.2 1.09284671561e-186
424.21 4.64967987415e-187
424.22 1.97656257249e-187
424.23 8.39502114278e-188
424.24 3.56251526178e-188
424.25 1.51048141242e-188
424.26 6.3987884119e-189
424.27 2.70834400662e-189
424.28 1.14533785702e-189
424.29 4.8393509418e-190
424.3 2.04298101997e-190
424.31 8.61718186368e-191
424.32 3.6315321896e-191
424.33 1.52910831493e-191
424.34 6.43295204981e-192
424.35 2.70399628815e-192
424.36 1.13560051409e-192
424.37 4.76506448563e-193
424.38 1.99772496403e-193
424.39 8.36808963614e-194
424.4 3.50219773599e-194
424.41 1.46446404945e-194
424.42 6.11843681178e-195
424.43 2.55402977575e-195
424.44 1.06520978084e-195
424.45 4.43882524578e-196
424.46 1.84809657353e-196
424.47 7.68785155164e-197
424.48 3.195280788e-197
424.49 1.32689567983e-197
424.5 5.505391963e-198
424.51 2.28225108105e-198
424.52 9.4528400844e-199
424.53 3.91187449523e-199
424.54 1.6174513521e-199
424.55 6.68191973192e-200
424.56 2.75800464794e-200
424.57 1.13739796191e-200
424.58 4.68655383502e-201
424.59 1.92938317582e-201
424.6 7.93609899643e-202
424.61 3.26151498816e-202
424.62 1.33923069008e-202
424.63 5.49433480389e-203
424.64 2.25215646763e-203
424.65 9.2237115227e-204
424.66 3.77430138285e-204
424.67 1.54308963187e-204
424.68 6.30332126672e-205
424.69 2.57259513954e-205
424.7 1.049052346e-205
424.71 4.27411877116e-206
424.72 1.73988172274e-206
424.73 7.07646850286e-207
424.74 2.87565739148e-207
424.75 1.16756594608e-207
424.76 4.73641130667e-208
424.77 1.91973424139e-208
424.78 7.7742146195e-209
424.79 3.14554319202e-209
424.8 1.27162334575e-209
424.81 5.13623687674e-210
424.82 2.07279002136e-210
424.83 8.35774827034e-211
424.84 3.36702992271e-211
424.85 1.35527796735e-211
424.86 5.45046421612e-212
424.87 2.19009180364e-212
424.88 8.79255025961e-213
424.89 3.52688347844e-213
424.9 1.41348458405e-213
424.91 5.65997813458e-214
424.92 2.26444691003e-214
424.93 9.05176447684e-215
424.94 3.61516446884e-215
424.95 1.44260218988e-215
424.96 5.75160200982e-216
424.97 2.29115662563e-216
424.98 9.11894179512e-217
424.99 3.62625066018e-217
425.0 1.44077084145e-217
425.01 5.71946903117e-218
425.02 2.26850754212e-218
425.03 8.98976739424e-219
425.04 3.55942949152e-219
425.05 1.40810826195e-219
425.06 5.56564384208e-220
425.07 2.19795344144e-220
425.08 8.67251936798e-221
425.09 3.4189738622e-221
425.1 1.34669731865e-221
425.11 5.29990301906e-222
425.12 2.08396088143e-222
425.13 8.18719085874e-223
425.14 3.21368998602e-223
425.15 1.26036622574e-223
425.16 4.93870683125e-224
425.17 1.93354128191e-224
425.18 7.56340512813e-225
425.19 2.9560038202e-225
425.2 1.15429371451e-225
425.21 4.50351260993e-226
425.22 1.7555376499e-226
425.23 6.83742578236e-227
425.24 2.66071780047e-227
425.25 1.03449576581e-227
425.26 4.01866988403e-228
425.27 1.55976675543e-228
425.28 6.04868125817e-229
425.29 2.34361059043e-229
425.3 9.07264497595e-230
425.31 3.50918362467e-230
425.32 1.35613206258e-230
425.33 5.23626462483e-231
425.34 2.02006294035e-231
425.35 7.78631426947e-232
425.36 2.99862852879e-232
425.37 1.15381749814e-232
425.38 4.4358340046e-233
425.39 1.70387277334e-233
425.4 6.53917188572e-234
425.41 2.50744869465e-234
425.42 9.60649742191e-235
425.43 3.67723849599e-235
425.44 1.40637856286e-235
425.45 5.3741080055e-236
425.46 2.05179636142e-236
425.47 7.82682877094e-237
425.48 2.98305405221e-237
425.49 1.13595237847e-237
425.5 4.32198086915e-238
425.51 1.64296861619e-238
425.52 6.24021291018e-239
425.53 2.3680630434e-239
425.54 8.97864550631e-240
425.55 3.40135610395e-240
425.56 1.2874106357e-240
425.57 4.8686190623e-241
425.58 1.83957801309e-241
425.59 6.9447135611e-242
425.6 2.61947451622e-242
425.61 9.8718314179e-243
425.62 3.71710642233e-243
425.63 1.39841467514e-243
425.64 5.25642730853e-244
425.65 1.9740996225e-244
425.66 7.40749181926e-245
425.67 2.77713510378e-245
425.68 1.0402711353e-245
425.69 3.89331731056e-246
425.7 1.45585045264e-246
425.71 5.43923024917e-247
425.72 2.03040106947e-247
425.73 7.57268577066e-248
425.74 2.82190085551e-248
425.75 1.05064809842e-248
425.76 3.90837763043e-249
425.77 1.45264492629e-249
425.78 5.39443713933e-250
425.79 2.00150423937e-250
425.8 7.4197727565e-251
425.81 2.74820045448e-251
425.82 1.01702100394e-251
425.83 3.76040957552e-252
425.84 1.3891978102e-252
425.85 5.12763074318e-253
425.86 1.89100687549e-253
425.87 6.967760037e-254
425.88 2.56517486466e-254
425.89 9.43549042904e-255
425.9 3.467653491e-255
425.91 1.27329965477e-255
425.92 4.67142371905e-256
425.93 1.71234635735e-256
425.94 6.27130148511e-257
425.95 2.2948138227e-257
425.96 8.38998042179e-258
425.97 3.06477185095e-258
425.98 1.11855943485e-258
425.99 4.07890596388e-259
426.0 1.48611368469e-259
426.01 5.40983583175e-260
426.02 1.96761376149e-260
426.03 7.15021875883e-261
426.04 2.59610658871e-261
426.05 9.41779910646e-262
426.06 3.41350102372e-262
426.07 1.23615908562e-262
426.08 4.4727271481e-263
426.09 1.61694094388e-263
426.1 5.84036007716e-264
426.11 2.10770002854e-264
426.12 7.59979174723e-265
426.13 2.73790449348e-265
426.14 9.8550449584e-266
426.15 3.54423604199e-266
426.16 1.27353351335e-266
426.17 4.57216432683e-267
426.18 1.64004965132e-267
426.19 5.87781447492e-268
426.2 2.10474004661e-268
426.21 7.5301697639e-269
426.22 2.69175037747e-269
426.23 9.61365450671e-270
426.24 3.43056735726e-270
426.25 1.22311446902e-270
426.26 4.35704423499e-271
426.27 1.55074556229e-271
426.28 5.51458502858e-272
426.29 1.95933564919e-272
426.3 6.95550321583e-273
426.31 2.46701609948e-273
426.32 8.74257011624e-274
426.33 3.09549407446e-274
426.34 1.09507670978e-274
426.35 3.87064035631e-275
426.36 1.36692539129e-275
426.37 4.82314716874e-276
426.38 1.70035627789e-276
426.39 5.98925848988e-277
426.4 2.10780241433e-277
426.41 7.41157402504e-278
426.42 2.60384252866e-278
426.43 9.13992630515e-279
426.44 3.20548969117e-279
426.45 1.12323282725e-279
426.46 3.93250155495e-280
426.47 1.37559861859e-280
426.48 4.80771009175e-281
426.49 1.67883697081e-281
426.5 5.85736772775e-282
426.51 2.04183276256e-282
426.52 7.11150563672e-283
426.53 2.47472338165e-283
426.54 8.60429867182e-284
426.55 2.98901438556e-284
426.56 1.03744300257e-284
426.57 3.59769380895e-285
426.58 1.24654472252e-285
426.59 4.31534222137e-286
426.6 1.49260995222e-286
426.61 5.15823514447e-287
426.62 1.78106451749e-287
426.63 6.1444339452e-288
426.64 2.11791155772e-288
426.65 7.2938608456e-289
426.66 2.5097521738e-289
426.67 8.62835325198e-290
426.68 2.96379873128e-290
426.69 1.0171692227e-290
426.7 3.48787913146e-291
426.71 1.19495996334e-291
426.72 4.09043028605e-292
426.73 1.39896982931e-292
426.74 4.78047899287e-293
426.75 1.63214294551e-293
426.76 5.56760841925e-294
426.77 1.89759219795e-294
426.78 6.46190846391e-295
426.79 2.19858079448e-295
426.8 7.47390839552e-296
426.81 2.53849798946e-296
426.82 8.61449036235e-297
426.83 2.92082856768e-297
426.84 9.89478263807e-298
426.85 3.34911578051e-298
426.86 1.13260318162e-298
426.87 3.82691754945e-299
426.88 1.29194535912e-299
426.89 4.3577558989e-300
426.9 1.46860622654e-300
426.91 4.94505974972e-301
426.92 1.66364796902e-301
426.93 5.59210139569e-302
426.94 1.87807249857e-302
426.95 6.30192719336e-303
426.96 2.11279870593e-303
426.97 7.0772832174e-304
426.98 2.36863826654e-304
426.99 7.9205368624e-305
427.0 2.64627034708e-305
427.01 8.83359560274e-306
427.02 2.94621563166e-306
427.03 9.81782434573e-307
427.04 3.26881015528e-307
427.05 1.08739630228e-307
427.06 3.61417949541e-308
427.07 1.20020462498e-308
427.08 3.98221392635e-309
427.09 1.32013270421e-309
427.1 4.37254518409e-310
427.11 1.4470206683e-310
427.12 4.78452551784e-311
427.13 1.58061729102e-311
427.14 5.21720971629e-312
427.15 1.7205748593e-312
427.16 5.66934078989e-313
427.17 1.86644530205e-313
427.18 6.13933996334e-314
427.19 2.01767778039e-314
427.2 6.62530158676e-315
427.21 2.1736179208e-315
427.22 7.12499350395e-316
427.23 2.3335088532e-316
427.24 7.63586311291e-317
427.25 2.49649394581e-317
427.26 8.15505249091e-318
427.27 2.66162056596e-318
427.28 8.67939942019e-319
427.29 2.82783413054e-319
427.3 9.20543111331e-320
427.31 2.9940378138e-320
427.32 9.72815256661e-321
427.33 3.15707947693e-321
427.34 1.02271588689e-321
427.35 3.31023982714e-322
427.36 1.08694442085e-322
427.37 3.45845952089e-323
427.38 9.88131291682e-324
427.39 4.94065645841e-324
427.4 0.0
427.41 0.0
427.42 0.0
427.43 0.0
427.44 0.0
427.45 0.0
427.46 0.0
427.47 0.0
427.48 0.0
427.49 0.0
427.5 0.0
427.51 0.0
427.52 0.0
427.53 0.0
427.54 0.0
427.55 0.0
427.56 0.0
427.57 0.0
427.58 0.0
427.59 0.0
427.6 0.0
427.61 0.0
427.62 0.0
427.63 0.0
427.64 0.0
427.65 0.0
427.66 0.0
427.67 0.0
427.68 0.0
427.69 0.0
427.7 0.0
427.71 0.0
427.72 0.0
427.73 0.0
427.74 0.0
427.75 0.0
427.76 0.0
427.77 0.0
427.78 0.0
427.79 0.0
427.8 0.0
427.81 0.0
427.82 0.0
427.83 0.0
427.84 0.0
427.85 0.0
427.86 0.0
427.87 0.0
427.88 0.0
427.89 0.0
427.9 0.0
427.91 0.0
427.92 0.0
427.93 0.0
427.94 0.0
427.95 0.0
427.96 0.0
427.97 0.0
427.98 0.0
427.99 0.0
428.0 0.0
428.01 0.0
428.02 0.0
428.03 0.0
428.04 0.0
428.05 0.0
428.06 0.0
428.07 0.0
428.08 0.0
428.09 0.0
428.1 0.0
428.11 0.0
428.12 0.0
428.13 0.0
428.14 0.0
428.15 0.0
428.16 0.0
428.17 0.0
428.18 0.0
428.19 0.0
428.2 0.0
428.21 0.0
428.22 0.0
428.23 0.0
428.24 0.0
428.25 0.0
428.26 0.0
428.27 0.0
428.28 0.0
428.29 0.0
428.3 0.0
428.31 0.0
428.32 0.0
428.33 0.0
428.34 0.0
428.35 0.0
428.36 0.0
428.37 0.0
428.38 0.0
428.39 0.0
428.4 0.0
428.41 0.0
428.42 0.0
428.43 0.0
428.44 0.0
428.45 0.0
428.46 0.0
428.47 0.0
428.48 0.0
428.49 0.0
428.5 0.0
428.51 0.0
428.52 0.0
428.53 0.0
428.54 0.0
428.55 0.0
428.56 0.0
428.57 0.0
428.58 0.0
428.59 0.0
428.6 0.0
428.61 0.0
428.62 0.0
428.63 0.0
428.64 0.0
428.65 0.0
428.66 0.0
428.67 0.0
428.68 0.0
428.69 0.0
428.7 0.0
428.71 0.0
428.72 0.0
428.73 0.0
428.74 0.0
428.75 0.0
428.76 0.0
428.77 0.0
428.78 0.0
428.79 0.0
428.8 0.0
428.81 0.0
428.82 0.0
428.83 0.0
428.84 0.0
428.85 0.0
428.86 0.0
428.87 0.0
428.88 0.0
428.89 0.0
428.9 0.0
428.91 0.0
428.92 0.0
428.93 0.0
428.94 0.0
428.95 0.0
428.96 0.0
428.97 0.0
428.98 0.0
428.99 0.0
429.0 0.0
429.01 0.0
429.02 0.0
429.03 0.0
429.04 0.0
429.05 0.0
429.06 0.0
429.07 0.0
429.08 0.0
429.09 0.0
429.1 0.0
429.11 0.0
429.12 0.0
429.13 0.0
429.14 0.0
429.15 0.0
429.16 0.0
429.17 0.0
429.18 0.0
429.19 0.0
429.2 0.0
429.21 0.0
429.22 0.0
429.23 0.0
429.24 0.0
429.25 0.0
429.26 0.0
429.27 0.0
429.28 0.0
429.29 0.0
429.3 0.0
429.31 0.0
429.32 0.0
429.33 0.0
429.34 0.0
429.35 0.0
429.36 0.0
429.37 0.0
429.38 0.0
429.39 0.0
429.4 0.0
429.41 0.0
429.42 0.0
429.43 0.0
429.44 0.0
429.45 0.0
429.46 0.0
429.47 0.0
429.48 0.0
429.49 0.0
429.5 0.0
429.51 0.0
429.52 0.0
429.53 0.0
429.54 0.0
429.55 0.0
429.56 0.0
429.57 0.0
429.58 0.0
429.59 0.0
429.6 0.0
429.61 0.0
429.62 0.0
429.63 0.0
429.64 0.0
429.65 0.0
429.66 0.0
429.67 0.0
429.68 0.0
429.69 0.0
429.7 0.0
429.71 0.0
429.72 0.0
429.73 0.0
429.74 0.0
429.75 0.0
429.76 0.0
429.77 0.0
429.78 0.0
429.79 0.0
429.8 0.0
429.81 0.0
429.82 0.0
429.83 0.0
429.84 0.0
429.85 0.0
429.86 0.0
429.87 0.0
429.88 0.0
429.89 0.0
429.9 0.0
429.91 0.0
429.92 0.0
429.93 0.0
429.94 0.0
429.95 0.0
429.96 0.0
429.97 0.0
429.98 0.0
429.99 0.0
