400.0 2.90157216162e-75
400.01 4.95751048694e-75
400.02 8.4628690285e-75
400.03 1.4434286145e-74
400.04 2.45978253565e-74
400.05 4.18814615945e-74
400.06 7.12476685911e-74
400.07 1.21099736567e-73
400.08 2.05655084698e-73
400.09 3.48946958599e-73
400.1 5.91565850835e-73
400.11 1.00200637911e-72
400.12 1.69574907824e-72
400.13 2.86732159409e-72
400.14 4.8441204532e-72
400.15 8.17668325373e-72
400.16 1.37899638528e-71
400.17 2.3236611319e-71
400.18 3.91206598876e-71
400.19 6.58056620316e-71
400.2 1.10597183176e-70
400.21 1.85715683827e-70
400.22 3.11585192237e-70
400.23 5.22310493241e-70
400.24 8.7479119731e-70
400.25 1.46387424529e-69
400.26 2.44752337618e-69
400.27 4.08859072654e-69
400.28 6.82408052023e-69
400.29 1.13798977131e-68
400.3 1.89607838268e-68
400.31 3.15644282981e-68
400.32 5.25004808449e-68
400.33 8.72473705156e-68
400.34 1.44865551909e-67
400.35 2.40326474861e-67
400.36 3.9834724657e-67
400.37 6.59698862909e-67
400.38 1.09157445536e-66
400.39 1.80461558968e-66
400.4 2.98084750082e-66
400.41 4.91947235233e-66
400.42 8.11187038285e-66
400.43 1.33643300787e-65
400.44 2.19987040393e-65
400.45 3.61801791424e-65
400.46 5.94522152268e-65
400.47 9.7608824429e-65
400.48 1.60115669544e-64
400.49 2.62423245151e-64
400.5 4.29728819333e-64
400.51 7.03089109787e-64
400.52 1.14934384558e-63
400.53 1.87721186543e-63
400.54 3.06337609564e-63
400.55 4.99471900022e-63
400.56 8.13664772367e-63
400.57 1.32435275591e-62
400.58 2.15370173608e-62
400.59 3.49938035277e-62
400.6 5.68094327325e-62
400.61 9.21453594893e-62
400.62 1.49331076975e-61
400.63 2.41796849706e-61
400.64 3.91178333184e-61
400.65 6.32299237183e-61
400.66 1.02116103875e-60
400.67 1.6477431979e-60
400.68 2.65649211428e-60
400.69 4.27908828801e-60
400.7 6.88680324939e-60
400.71 1.10740840856e-59
400.72 1.77918730204e-59
400.73 2.85600679563e-59
400.74 4.58058044887e-59
400.75 7.34015965274e-59
400.76 1.17520656749e-58
400.77 1.87995141627e-58
400.78 3.00471132943e-58
400.79 4.79824694705e-58
400.8 7.65572190542e-58
400.81 1.22043151947e-57
400.82 1.94385736346e-57
400.83 3.09342139713e-57
400.84 4.91855451036e-57
400.85 7.81375167523e-57
400.86 1.2402391423e-56
400.87 1.96686691412e-56
400.88 3.11650787426e-56
400.89 4.9338415122e-56
400.9 7.80415476591e-56
400.91 1.23336115071e-55
400.92 1.94750404456e-55
400.93 3.07248792302e-55
400.94 4.84312538985e-55
400.95 7.62754808921e-55
400.96 1.20023948007e-54
400.97 1.88701161932e-54
400.98 2.96418259644e-54
400.99 4.65220714881e-54
401.0 7.29519404274e-54
401.01 1.14297929777e-53
401.02 1.78921937773e-53
401.03 2.7984176694e-53
401.04 4.37305750285e-53
401.05 6.82781199666e-53
401.06 1.06512758693e-52
401.07 1.66014271653e-52
401.08 2.58531179854e-52
401.09 4.02257494714e-52
401.1 6.25344123814e-52
401.11 9.71309674749e-52
401.12 1.50737069681e-51
401.13 2.33725519992e-51
401.14 3.62089485254e-51
401.15 5.60466171684e-51
401.16 8.66775462966e-51
401.17 1.33932977842e-50
401.18 2.06772202502e-50
401.19 3.18948449418e-50
401.2 4.91555487804e-50
401.21 7.56917097523e-50
401.22 1.1645222591e-49
401.23 1.79007400369e-49
401.24 2.74927314221e-49
401.25 4.2187958082e-49
401.26 6.4681909843e-49
401.27 9.90833943673e-49
401.28 1.51650075193e-48
401.29 2.31903923503e-48
401.3 3.54321311897e-48
401.31 5.4089151251e-48
401.32 8.24986364653e-48
401.33 1.2572078585e-47
401.34 1.91421676686e-47
401.35 2.91205019996e-47
401.36 4.42619263621e-47
401.37 6.72179831912e-47
401.38 1.0199158869e-46
401.39 1.54620455435e-46
401.4 2.34203430494e-46
401.41 3.5444044127e-46
401.42 5.35941018858e-46
401.43 8.09681915001e-46
401.44 1.22218118317e-45
401.45 1.84323394369e-45
401.46 2.77746783663e-45
401.47 4.18158885861e-45
401.48 6.29009687226e-45
401.49 9.45359625478e-45
401.5 1.41958198539e-44
401.51 2.12984314768e-44
401.52 3.19270266683e-44
401.53 4.78181798967e-44
401.54 7.15568675169e-44
401.55 1.06987567187e-43
401.56 1.59822903477e-43
401.57 2.38543964467e-43
401.58 3.5573087595e-43
401.59 5.30027500195e-43
401.6 7.89039886036e-43
401.61 1.17360843969e-42
401.62 1.74409928093e-42
401.63 2.58966087005e-42
401.64 3.84183137269e-42
401.65 5.69452383793e-42
401.66 8.43335232344e-42
401.67 1.2478626501e-41
401.68 1.84483292148e-41
401.69 2.72502823628e-41
401.7 4.02169087591e-41
401.71 5.93021006332e-41
401.72 8.73685607695e-41
401.73 1.28606819545e-40
401.74 1.89145723865e-40
401.75 2.77941098107e-40
401.76 4.08068172608e-40
401.77 5.98599555251e-40
401.78 8.77331593538e-40
401.79 1.2847388602e-39
401.8 1.87970486233e-39
401.81 2.7478193755e-39
401.82 4.01338118834e-39
401.83 5.85674549808e-39
401.84 8.53937344482e-39
401.85 1.24399711534e-38
401.86 1.81065810287e-38
401.87 2.63315996997e-38
401.88 3.82597165696e-38
401.89 5.55430808146e-38
401.9 8.0564162055e-38
401.91 1.16755550564e-37
401.92 1.69058452914e-37
401.93 2.44579446087e-37
401.94 3.53530376976e-37
401.95 5.10572274958e-37
401.96 7.36735220572e-37
401.97 1.06215854938e-36
401.98 1.52999840613e-36
401.99 2.20199495777e-36
402.0 3.16639706607e-36
402.01 4.54923258514e-36
402.02 6.53032236608e-36
402.03 9.36601420954e-36
402.04 1.34214277127e-35
402.05 1.92161479336e-35
402.06 2.74889190749e-35
402.07 3.92891564592e-35
402.08 5.61062779538e-35
402.09 8.00523205512e-35
402.1 1.1411956435e-34
402.11 1.62543645915e-34
402.12 2.31314896161e-34
402.13 3.28897761848e-34
402.14 4.67242078796e-34
402.15 6.63203316501e-34
402.16 9.40535394536e-34
402.17 1.33268438941e-33
402.18 1.88670147928e-33
402.19 2.6687185959e-33
402.2 3.77160398764e-33
402.21 5.32565590802e-33
402.22 7.51352667372e-33
402.23 1.05910318589e-32
402.24 1.49161392424e-32
402.25 2.09893164712e-32
402.26 2.950963754e-32
402.27 4.14527328124e-32
402.28 5.81789892e-32
402.29 8.15836043564e-32
402.3 1.14304497282e-31
402.31 1.60010123308e-31
402.32 2.23797543055e-31
402.33 3.12742484016e-31
402.34 4.36658743535e-31
402.35 6.09145657788e-31
402.36 8.49031605334e-31
402.37 1.18236148476e-30
402.38 1.64513068799e-30
402.39 2.28704255548e-30
402.4 3.17666779508e-30
402.41 4.40852255612e-30
402.42 6.11276987945e-30
402.43 8.46850481353e-30
402.44 1.17219305309e-29
402.45 1.62112036018e-29
402.46 2.24003647342e-29
402.47 3.09256354285e-29
402.48 4.2658530065e-29
402.49 5.87918130566e-29
402.5 8.09564643904e-29
402.51 1.11380695394e-28
402.52 1.53105936262e-28
402.53 2.10279941086e-28
402.54 2.88554184225e-28
402.55 3.95622167803e-28
402.56 5.41947943848e-28
402.57 7.41751169966e-28
402.58 1.01433782225e-27
402.59 1.38589622466e-27
402.6 1.89191890236e-27
402.61 2.58046535952e-27
402.62 3.51655377522e-27
402.63 4.78806684844e-27
402.64 6.51368661109e-27
402.65 8.8535455689e-27
402.66 1.20235110422e-26
402.67 1.63143245873e-26
402.68 2.21172233345e-26
402.69 2.99582072249e-26
402.7 4.05438279433e-26
402.71 5.48223177346e-26
402.72 7.40651227641e-26
402.73 9.9975552805e-26
402.74 1.34833433507e-25
402.75 1.81687515462e-25
402.76 2.44611173299e-25
402.77 3.29041902799e-25
402.78 4.4223166667e-25
402.79 5.93843736121e-25
402.8 7.96742959726e-25
402.81 1.06804118959e-24
402.82 1.43047898345e-24
402.83 1.9142500794e-24
402.84 2.55940832659e-24
402.85 3.41904011053e-24
402.86 4.56344189872e-24
402.87 6.08561631792e-24
402.88 8.10849629346e-24
402.89 1.0794431875e-23
402.9 1.43576370186e-23
402.91 1.90805048649e-23
402.92 2.53349742147e-23
402.93 3.36104853487e-23
402.94 4.45505237075e-23
402.95 5.90003456568e-23
402.96 7.8069250649e-23
402.97 1.03211758635e-22
402.98 1.36333334785e-22
402.99 1.79927957606e-22
403.0 2.37256956514e-22
403.01 3.12581285136e-22
403.02 4.11462918514e-22
403.03 5.41155584522e-22
403.04 7.11110840717e-22
403.05 9.33632941885e-22
403.06 1.22472546119e-21
403.07 1.60518480136e-21
403.08 2.10201128773e-21
403.09 2.75022839212e-21
403.1 3.59522596089e-21
403.11 4.69577558542e-21
403.12 6.12790732106e-21
403.13 7.98988918161e-21
403.14 1.04086171755e-20
403.15 1.35478078407e-20
403.16 1.76184919757e-20
403.17 2.28924434687e-20
403.18 2.97193482004e-20
403.19 3.85487342689e-20
403.2 4.99579578999e-20
403.21 6.46878839877e-20
403.22 8.3688334521e-20
403.23 1.08175925006e-19
403.24 1.39707596906e-19
403.25 1.80274018583e-19
403.26 2.32418112496e-19
403.27 2.99385327543e-19
403.28 3.8531398082e-19
403.29 4.95476127736e-19
403.3 6.36582088628e-19
403.31 8.17165094477e-19
403.32 1.04806667548e-18
403.33 1.3430486041e-18
403.34 1.71956366526e-18
403.35 2.19972556579e-18
403.36 2.81152828704e-18
403.37 3.59037759288e-18
403.38 4.5810127962e-18
403.39 5.83991596058e-18
403.4 7.43832932584e-18
403.41 9.46603094836e-18
403.42 1.20360546244e-17
403.43 1.52905846937e-17
403.44 1.94083112214e-17
403.45 2.46135986818e-17
403.46 3.11879044736e-17
403.47 3.9483985879e-17
403.48 4.99435596746e-17
403.49 6.31192326703e-17
403.5 7.97017102573e-17
403.51 1.00553521175e-16
403.52 1.26750779362e-16
403.53 1.59634849079e-16
403.54 2.00876200898e-16
403.55 2.52553259949e-16
403.56 3.17249673545e-16
403.57 3.98174186562e-16
403.58 4.99308238207e-16
403.59 6.25587517116e-16
403.6 7.83125074111e-16
403.61 9.79485242609e-16
403.62 1.2240196144e-15
403.63 1.52827873391e-15
403.64 1.90651609108e-15
403.65 2.37630451277e-15
403.66 2.95928929388e-15
403.67 3.68210751656e-15
403.68 4.57750914728e-15
403.69 5.6857228801e-15
403.7 7.05611854928e-15
403.71 8.7492285498e-15
403.72 1.08392034165e-14
403.73 1.34167919196e-14
403.74 1.65929542059e-14
403.75 2.05032382054e-14
403.76 2.53130753886e-14
403.77 3.12241827626e-14
403.78 3.84822946496e-14
403.79 4.73864913496e-14
403.8 5.83004435073e-14
403.81 7.16659523271e-14
403.82 8.80192384318e-14
403.83 1.08010518122e-13
403.84 1.32427507394e-13
403.85 1.62223614038e-13
403.86 1.98551719606e-13
403.87 2.42804619689e-13
403.88 2.96663387054e-13
403.89 3.6215515267e-13
403.9 4.41722070259e-13
403.91 5.38303547344e-13
403.92 6.55434197483e-13
403.93 7.97360403298e-13
403.94 9.69178888192e-13
403.95 1.17700128798e-12
403.96 1.42814940552e-12
403.97 1.73138663706e-12
403.98 2.09719199645e-12
403.99 2.53808425227e-12
404.0 3.06900495679e-12
404.01 3.70777061077e-12
404.02 4.4756059044e-12
404.03 5.39777193584e-12
404.04 6.50430557477e-12
404.05 7.8308887518e-12
404.06 9.4198694659e-12
404.07 1.13214597679e-11
404.08 1.35951399615e-11
404.09 1.63113028357e-11
404.1 1.95531769865e-11
404.11 2.34190742893e-11
404.12 2.80250134493e-11
404.13 3.35077794032e-11
404.14 4.00284872902e-11
404.15 4.77767299072e-11
404.16 5.69753991613e-11
404.17 6.78862852148e-11
404.18 8.08165719776e-11
404.19 9.6126364557e-11
404.2 1.14237403464e-10
404.21 1.35643142067e-10
404.22 1.60920388281e-10
404.23 1.90742739056e-10
404.24 2.25896067341e-10
404.25 2.6729635609e-10
404.26 3.16010213125e-10
404.27 3.73278444601e-10
404.28 4.40543114026e-10
404.29 5.19478568801e-10
404.3 6.12026977602e-10
404.31 7.20438990347e-10
404.32 8.47320208589e-10
404.33 9.95684238775e-10
404.34 1.1690131946e-09
404.35 1.37132661859e-09
404.36 1.60725990802e-09
404.37 1.88215345705e-09
404.38 2.20215386681e-09
404.39 2.57432872916e-09
404.4 3.00679665873e-09
404.41 3.50887443325e-09
404.42 4.09124330523e-09
404.43 4.76613676958e-09
404.44 5.54755231388e-09
404.45 6.45148994096e-09
404.46 7.49622054003e-09
404.47 8.70258749238e-09
404.48 1.00943452337e-08
404.49 1.16985388581e-08
404.5 1.35459292385e-08
404.51 1.567146856e-08
404.52 1.8114831613e-08
404.53 2.09210086745e-08
404.54 2.41409663232e-08
404.55 2.78323830823e-08
404.56 3.20604673649e-08
404.57 3.68988658191e-08
404.58 4.2430670817e-08
404.59 4.87495365229e-08
404.6 5.59609136956e-08
404.61 6.41834141334e-08
404.62 7.35503164591e-08
404.63 8.42112257572e-08
404.64 9.63339004194e-08
404.65 1.10106260428e-07
404.66 1.25738592189e-07
404.67 1.43465965951e-07
404.68 1.63550882739e-07
404.69 1.86286168687e-07
404.7 2.11998135555e-07
404.71 2.41050027152e-07
404.72 2.73845772254e-07
404.73 3.10834065514e-07
404.74 3.52512798667e-07
404.75 3.99433865122e-07
404.76 4.52208361737e-07
404.77 5.11512212246e-07
404.78 5.780922373e-07
404.79 6.52772696558e-07
404.8 7.36462328529e-07
404.81 8.30161914048e-07
404.82 9.34972389222e-07
404.83 1.05210353348e-06
404.84 1.18288325793e-06
404.85 1.32876751853e-06
404.86 1.49135087775e-06
404.87 1.67237773696e-06
404.88 1.87375426048e-06
404.89 2.09756101022e-06
404.9 2.34606630756e-06
404.91 2.62174033648e-06
404.92 2.92726999902e-06
404.93 3.26557453042e-06
404.94 3.63982187735e-06
404.95 4.05344583833e-06
404.96 4.51016396022e-06
404.97 5.01399617922e-06
404.98 5.56928418872e-06
404.99 6.18071150977e-06
405.0 6.8533242326e-06
405.01 7.5925523899e-06
405.02 8.40423191423e-06
405.03 9.29462712289e-06
405.04 1.02704536643e-05
405.05 1.13389018495e-05
405.06 1.25076602825e-05
405.07 1.37849396911e-05
405.08 1.51794968498e-05
405.09 1.67006584728e-05
405.1 1.8358344945e-05
405.11 2.01630937432e-05
405.12 2.21260823912e-05
405.13 2.42591507756e-05
405.14 2.65748226395e-05
405.15 2.90863260554e-05
405.16 3.18076126696e-05
405.17 3.4753375494e-05
405.18 3.79390650137e-05
405.19 4.13809033632e-05
405.2 4.50958963176e-05
405.21 4.91018428307e-05
405.22 5.34173418496e-05
405.23 5.80617961202e-05
405.24 6.30554126996e-05
405.25 6.84191998806e-05
405.26 7.41749602343e-05
405.27 8.03452794752e-05
405.28 8.69535108528e-05
405.29 9.40237547785e-05
405.3 0.000101580833402
405.31 0.000109650259858
405.32 0.00011825820192
405.33 0.000127431439801
405.34 0.000137197317876
405.35 0.00014758369009
405.36 0.000158618858883
405.37 0.000170331507442
405.38 0.000182750625145
405.39 0.000195905426104
405.4 0.000209825260716
405.41 0.0002245395202
405.42 0.000240077534127
405.43 0.000256468460997
405.44 0.000273741171959
405.45 0.000291924127828
405.46 0.000311045249605
405.47 0.000331131782749
405.48 0.000352210155522
405.49 0.000374305831777
405.5 0.000397443158612
405.51 0.000421645209394
405.52 0.000446933622687
405.53 0.000473328437706
405.54 0.000500847926959
405.55 0.000529508426807
405.56 0.000559324166716
405.57 0.00059030709806
405.58 0.000622466723329
405.59 0.000655809926713
405.6 0.000690340807015
405.61 0.000726060513926
405.62 0.000762967088707
405.63 0.000801055310369
405.64 0.000840316548444
405.65 0.00088073862347
405.66 0.000922305676322
405.67 0.000964998047513
405.68 0.00100879216759
405.69 0.00105366045971
405.7 0.00109957125555
405.71 0.00114648872547
405.72 0.00119437282411
405.73 0.00124317925217
405.74 0.00129285943551
405.75 0.00134336052219
405.76 0.0013946253983
405.77 0.00144659272329
405.78 0.00149919698524
405.79 0.00155236857672
405.8 0.0016060338914
405.81 0.00166011544186
405.82 0.00171453199859
405.83 0.00176919875022
405.84 0.00182402748493
405.85 0.00187892679259
405.86 0.00193380228748
405.87 0.00198855685085
405.88 0.00204309089274
405.89 0.00209730263225
405.9 0.00215108839527
405.91 0.00220434292866
405.92 0.00225695972955
405.93 0.00230883138864
405.94 0.00235984994579
405.95 0.00240990725654
405.96 0.00245889536787
405.97 0.0025067069013
405.98 0.00255323544174
405.99 0.00259837593
406.0 0.00264202505705
406.01 0.00268408165811
406.02 0.00272444710438
406.03 0.00276302569049
406.04 0.00279972501559
406.05 0.002834456356
406.06 0.00286713502738
406.07 0.00289768073458
406.08 0.00292601790707
406.09 0.00295207601829
406.1 0.00297578988703
406.11 0.00299709995918
406.12 0.00301595256845
406.13 0.00303230017446
406.14 0.00304610157704
406.15 0.00305732210554
406.16 0.00306593378222
406.17 0.00307191545891
406.18 0.00307525292625
406.19 0.00307593899511
406.2 0.00307397354997
406.21 0.00306936357402
406.22 0.00306212314632
406.23 0.00305227341109
406.24 0.00303984251984
406.25 0.00302486554688
406.26 0.00300738437913
406.27 0.0029874475813
406.28 0.00296511023767
406.29 0.0029404337718
406.3 0.00291348574581
406.31 0.00288433964083
406.32 0.00285307462061
406.33 0.00281977527997
406.34 0.00278453138054
406.35 0.00274743757557
406.36 0.00270859312632
406.37 0.00266810161228
406.38 0.00262607063745
406.39 0.00258261153533
406.4 0.00253783907475
406.41 0.00249187116923
406.42 0.00244482859207
406.43 0.00239683469963
406.44 0.0023480151651
406.45 0.0022984977251
406.46 0.0022484119411
406.47 0.00219788897798
406.48 0.00214706140148
406.49 0.00209606299662
406.5 0.00204502860855
406.51 0.00199409400759
406.52 0.0019433957798
406.53 0.00189307124422
406.54 0.00184325839796
406.55 0.00179409588986
406.56 0.00174572302345
406.57 0.00169827978959
406.58 0.00165190692896
406.59 0.00160674602456
406.6 0.00156293962377
406.61 0.00152063138961
406.62 0.00147996628049
406.63 0.0014410907575
406.64 0.001404153018
406.65 0.00136930325419
406.66 0.00133669393492
406.67 0.00130648010884
406.68 0.00127881972687
406.69 0.00125387398145
406.7 0.00123180766022
406.71 0.00121278951114
406.72 0.00119699261614
406.73 0.0011845947701
406.74 0.00117577886171
406.75 0.00117073325274
406.76 0.00116965215188
406.77 0.00117273597926
406.78 0.00118019171776
406.79 0.00119223324677
406.8 0.00120908165431
406.81 0.00123096552308
406.82 0.00125812118609
406.83 0.00129079294748
406.84 0.00132923326396
406.85 0.00137370288261
406.86 0.0014244709305
406.87 0.00148181495197
406.88 0.00154602088919
406.89 0.00161738300201
406.9 0.00169620372324
406.91 0.00178279344548
406.92 0.00187747023622
406.93 0.00198055947783
406.94 0.00209239342971
406.95 0.00221331070989
406.96 0.00234365569412
406.97 0.00248377783054
406.98 0.00263403086877
406.99 0.00279477200265
407.0 0.0029663609263
407.01 0.00314915880397
407.02 0.00334352715458
407.03 0.00354982665242
407.04 0.00376841584637
407.05 0.00399964980055
407.06 0.00424387865987
407.07 0.00450144614505
407.08 0.00477268798194
407.09 0.00505793027123
407.1 0.0053574878048
407.11 0.0056716623363
407.12 0.00600074081377
407.13 0.00634499358322
407.14 0.0067046725724
407.15 0.00708000946508
407.16 0.00747121387636
407.17 0.00787847154042
407.18 0.00830194252252
407.19 0.00874175946745
407.2 0.00919802589724
407.21 0.0096708145711
407.22 0.0101601659207
407.23 0.0106660865747
407.24 0.011188547985
407.25 0.0117274851696
407.26 0.0122827955842
407.27 0.0128543381357
407.28 0.0134419323511
407.29 0.0140453577132
407.3 0.0146643531751
407.31 0.0152986168642
407.32 0.0159478059858
407.33 0.0166115369356
407.34 0.017289385629
407.35 0.0179808880536
407.36 0.0186855410513
407.37 0.0194028033334
407.38 0.0201320967317
407.39 0.0208728076866
407.4 0.0216242889717
407.41 0.0223858616515
407.42 0.0231568172709
407.43 0.0239364202665
407.44 0.0247239105953
407.45 0.0255185065697
407.46 0.026319407887
407.47 0.0271257988404
407.48 0.0279368516961
407.49 0.0287517302197
407.5 0.0295695933324
407.51 0.0303895988777
407.52 0.0312109074754
407.53 0.0320326864406
407.54 0.0328541137424
407.55 0.0336743819771
407.56 0.0344927023282
407.57 0.0353083084868
407.58 0.0361204605035
407.59 0.0369284485438
407.6 0.0377315965175
407.61 0.0385292655542
407.62 0.0393208572964
407.63 0.0401058169817
407.64 0.0408836362878
407.65 0.0416538559129
407.66 0.0424160678685
407.67 0.0431699174584
407.68 0.0439151049245
407.69 0.0446513867382
407.7 0.0453785765196
407.71 0.046096545569
407.72 0.0468052229984
407.73 0.047504595451
407.74 0.048194706403
407.75 0.0488756550417
407.76 0.0495475947183
407.77 0.0502107309783
407.78 0.0508653191724
407.79 0.0515116616572
407.8 0.0521501045964
407.81 0.0527810343766
407.82 0.0534048736564
407.83 0.0540220770681
407.84 0.0546331265972
407.85 0.0552385266652
407.86 0.0558387989459
407.87 0.0564344769463
407.88 0.0570261003879
407.89 0.057614209423
407.9 0.0581993387257
407.91 0.0587820114979
407.92 0.0593627334297
407.93 0.0599419866593
407.94 0.060520223773
407.95 0.0610978618912
407.96 0.0616752768824
407.97 0.0622527977491
407.98 0.0628307012291
407.99 0.0634092066537
408.0 0.063988471103
408.01 0.0645685848987
408.02 0.0651495674703
408.03 0.0657313636314
408.04 0.0663138402969
408.05 0.0668967836723
408.06 0.0674798969419
408.07 0.0680627984785
408.08 0.0686450205957
408.09 0.06922600886
408.1 0.0698051219728
408.11 0.0703816322353
408.12 0.0709547265969
408.13 0.0715235082913
408.14 0.0720869990547
408.15 0.0726441419209
408.16 0.0731938045795
408.17 0.0737347832834
408.18 0.0742658072866
408.19 0.0747855437872
408.2 0.0752926033511
408.21 0.0757855457848
408.22 0.0762628864249
408.23 0.0767231028069
408.24 0.0771646416748
408.25 0.0775859262908
408.26 0.0779853639989
408.27 0.0783613539998
408.28 0.0787122952879
408.29 0.0790365947037
408.3 0.0793326750505
408.31 0.0795989832286
408.32 0.0798339983353
408.33 0.0800362396813
408.34 0.0802042746765
408.35 0.0803367265351
408.36 0.0804322817545
408.37 0.0804896973234
408.38 0.0805078076143
408.39 0.080485530921
408.4 0.080421875602
408.41 0.0803159457938
408.42 0.0801669466615
408.43 0.0799741891566
408.44 0.0797370942563
408.45 0.0794551966605
408.46 0.0791281479279
408.47 0.078755719035
408.48 0.0783378023471
408.49 0.0778744129916
408.5 0.0773656896313
408.51 0.0768118946362
408.52 0.076213413657
408.53 0.0755707546083
408.54 0.074884546071
408.55 0.0741555351291
408.56 0.0733845846577
408.57 0.0725726700827
408.58 0.071720875636
408.59 0.070830390133
408.6 0.0699025023
408.61 0.0689385956839
408.62 0.0679401431767
408.63 0.0669087011902
408.64 0.0658459035163
408.65 0.0647534549129
408.66 0.0636331244512
408.67 0.0624867386664
408.68 0.0613161745497
408.69 0.0601233524233
408.7 0.0589102287357
408.71 0.0576787888201
408.72 0.0564310396514
408.73 0.0551690026419
408.74 0.0538947065117
408.75 0.0526101802691
408.76 0.0513174463353
408.77 0.0500185138457
408.78 0.0487153721577
408.79 0.0474099845939
408.8 0.0461042824467
408.81 0.0448001592677
408.82 0.043499465465
408.83 0.0422040032258
408.84 0.040915521782
408.85 0.0396357130335
408.86 0.0383662075391
408.87 0.0371085708868
408.88 0.0358643004476
408.89 0.0346348225192
408.9 0.0334214898598
408.91 0.0322255796129
408.92 0.0310482916196
408.93 0.0298907471139
408.94 0.0287539877939
408.95 0.0276389752607
408.96 0.0265465908137
408.97 0.0254776355907
408.98 0.0244328310386
408.99 0.0234128197002
409.0 0.0224181663004
409.01 0.0214493591141
409.02 0.0205068115986
409.03 0.0195908642704
409.04 0.0187017868069
409.05 0.0178397803539
409.06 0.0170049800169
409.07 0.0161974575172
409.08 0.0154172239902
409.09 0.0146642329079
409.1 0.0139383831031
409.11 0.0132395218755
409.12 0.012567448162
409.13 0.0119219157494
409.14 0.0113026365135
409.15 0.0107092836651
409.16 0.0101414949869
409.17 0.00959887604498
409.18 0.0090810033598
409.19 0.00858742752183
409.2 0.00811767623935
409.21 0.0076712573056
409.22 0.00724766147437
409.23 0.00684636523353
409.24 0.00646683346776
409.25 0.00610852200204
409.26 0.0057708800192
409.27 0.0054533523453
409.28 0.00515538159807
409.29 0.00487641019437
409.3 0.00461588221359
409.31 0.00437324511516
409.32 0.00414795130873
409.33 0.003939459577
409.34 0.00374723635151
409.35 0.00357075684284
409.36 0.00340950602716
409.37 0.00326297949201
409.38 0.00313068414443
409.39 0.00301213878572
409.4 0.00290687455705
409.41 0.00281443526114
409.42 0.00273437756532
409.43 0.00266627109194
409.44 0.00260969840231
409.45 0.00256425488066
409.46 0.00252954852499
409.47 0.00250519965183
409.48 0.00249084052201
409.49 0.00248611489497
409.5 0.00249067751887
409.51 0.00250419356421
409.52 0.00252633800828
409.53 0.00255679497823
409.54 0.00259525706001
409.55 0.00264142458077
409.56 0.00269500487195
409.57 0.00275571152026
409.58 0.00282326361359
409.59 0.00289738498855
409.6 0.00297780348642
409.61 0.00306425022366
409.62 0.00315645888322
409.63 0.00325416503234
409.64 0.00335710547236
409.65 0.0034650176256
409.66 0.00357763896424
409.67 0.00369470648536
409.68 0.00381595623646
409.69 0.00394112289477
409.7 0.00406993940374
409.71 0.00420213666937
409.72 0.00433744331877
409.73 0.00447558552268
409.74 0.00461628688353
409.75 0.00475926838983
409.76 0.00490424843748
409.77 0.00505094291788
409.78 0.00519906537259
409.79 0.00534832721343
409.8 0.00549843800675
409.81 0.00564910582005
409.82 0.00580003762875
409.83 0.00595093978035
409.84 0.00610151851299
409.85 0.00625148052501
409.86 0.00640053359156
409.87 0.00654838722427
409.88 0.00669475336943
409.89 0.00683934713993
409.9 0.00698188757611
409.91 0.00712209843005
409.92 0.00725970896819
409.93 0.00739445478647
409.94 0.00752607863254
409.95 0.00765433122912
409.96 0.00777897209287
409.97 0.00789977034288
409.98 0.00801650549312
409.99 0.0081289682232
410.0 0.00823696112182
410.01 0.00834029939765
410.02 0.00843881155238
410.03 0.00853234001102
410.04 0.00862074170487
410.05 0.00870388860258
410.06 0.00878166818555
410.07 0.00885398386374
410.08 0.0089207553288
410.09 0.0089819188416
410.1 0.00903742745167
410.11 0.00908725114675
410.12 0.00913137693074
410.13 0.00916980882923
410.14 0.00920256782193
410.15 0.00922969170212
410.16 0.00925123486339
410.17 0.00926726801476
410.18 0.00927787782561
410.19 0.00928316650225
410.2 0.00928325129853
410.21 0.00927826396331
410.22 0.00926835012807
410.23 0.00925366863815
410.24 0.00923439083183
410.25 0.0092106997714
410.26 0.00918278943099
410.27 0.00915086384619
410.28 0.00911513623043
410.29 0.00907582806371
410.3 0.0090331681592
410.31 0.00898739171335
410.32 0.00893873934544
410.33 0.00888745613222
410.34 0.00883379064366
410.35 0.00877799398562
410.36 0.00872031885502
410.37 0.00866101861337
410.38 0.00860034638408
410.39 0.00853855417872
410.4 0.00847589205754
410.41 0.0084126073289
410.42 0.00834894379225
410.43 0.0082851410288
410.44 0.00822143374384
410.45 0.00815805116415
410.46 0.00809521649357
410.47 0.00803314642956
410.48 0.00797205074282
410.49 0.00791213192195
410.5 0.00785358488436
410.51 0.00779659675435
410.52 0.00774134670887
410.53 0.00768800589073
410.54 0.00763673738876
410.55 0.00758769628395
410.56 0.00754102976008
410.57 0.00749687727676
410.58 0.00745537080262
410.59 0.00741663510584
410.6 0.00738078809855
410.61 0.00734794123181
410.62 0.00731819993678
410.63 0.00729166410803
410.64 0.00726842862408
410.65 0.00724858390032
410.66 0.00723221646898
410.67 0.00721940958071
410.68 0.0072102438221
410.69 0.00720479774325
410.7 0.00720314848946
410.71 0.00720537243096
410.72 0.00721154578457
410.73 0.00722174522118
410.74 0.00723604845291
410.75 0.0072545347939
410.76 0.00727728568897
410.77 0.00730438520405
410.78 0.00733592047312
410.79 0.007371982096
410.8 0.00741266448206
410.81 0.00745806613495
410.82 0.00750828987387
410.83 0.00756344298723
410.84 0.00762363731509
410.85 0.00768898925697
410.86 0.00775961970224
410.87 0.00783565388082
410.88 0.00791722113228
410.89 0.0080044545921
410.9 0.00809749079431
410.91 0.00819646919039
410.92 0.00830153158484
410.93 0.00841282148837
410.94 0.00853048339038
410.95 0.00865466195295
410.96 0.00878550112906
410.97 0.00892314320857
410.98 0.00906772779584
410.99 0.00921939072368
411.0 0.00937826290868
411.01 0.00954446915358
411.02 0.00971812690303
411.03 0.00989934495921
411.04 0.0100882221647
411.05 0.0102848460597
411.06 0.0104892915228
411.07 0.0107016194014
411.08 0.0109218751428
411.09 0.0111500874333
411.1 0.0113862668551
411.11 0.0116304045693
411.12 0.0118824710359
411.13 0.0121424147788
411.14 0.0124101612053
411.15 0.0126856114903
411.16 0.0129686415332
411.17 0.0132591009974
411.18 0.0135568124403
411.19 0.0138615705426
411.2 0.0141731414448
411.21 0.0144912621986
411.22 0.0148156403395
411.23 0.0151459535882
411.24 0.0154818496864
411.25 0.0158229463707
411.26 0.0161688314922
411.27 0.016519063282
411.28 0.0168731707689
411.29 0.0172306543489
411.3 0.0175909865093
411.31 0.0179536127072
411.32 0.0183179524027
411.33 0.018683400244
411.34 0.0190493274036
411.35 0.0194150830616
411.36 0.019779996032
411.37 0.020143376527
411.38 0.0205045180533
411.39 0.0208626994339
411.4 0.0212171869472
411.41 0.0215672365747
411.42 0.0219120963491
411.43 0.0222510087914
411.44 0.022583213427
411.45 0.0229079493699
411.46 0.0232244579618
411.47 0.0235319854548
411.48 0.0238297857248
411.49 0.0241171230013
411.5 0.0243932746015
411.51 0.0246575336547
411.52 0.0249092118023
411.53 0.0251476418607
411.54 0.0253721804326
411.55 0.0255822104539
411.56 0.025777143662
411.57 0.0259564229722
411.58 0.0261195247512
411.59 0.0262659609732
411.6 0.0263952812488
411.61 0.0265070747149
411.62 0.0266009717749
411.63 0.0266766456807
411.64 0.0267338139473
411.65 0.0267722395914
411.66 0.0267917321885
411.67 0.0267921487423
411.68 0.0267733943602
411.69 0.0267354227334
411.7 0.026678236417
411.71 0.0266018869091
411.72 0.0265064745293
411.73 0.0263921480955
411.74 0.0262591044023
411.75 0.0261075875033
411.76 0.0259378878009
411.77 0.0257503409488
411.78 0.0255453265732
411.79 0.0253232668202
411.8 0.0250846247358
411.81 0.0248299024889
411.82 0.0245596394454
411.83 0.0242744101056
411.84 0.0239748219128
411.85 0.0236615129484
411.86 0.0233351495225
411.87 0.0229964236743
411.88 0.022646050594
411.89 0.0222847659814
411.9 0.0219133233515
411.91 0.0215324913037
411.92 0.021143050766
411.93 0.0207457922285
411.94 0.0203415129799
411.95 0.0199310143591
411.96 0.0195150990355
411.97 0.0190945683304
411.98 0.0186702195915
411.99 0.0182428436314
412.0 0.0178132222423
412.01 0.0173821257961
412.02 0.0169503109407
412.03 0.0165185183999
412.04 0.0160874708877
412.05 0.0156578711414
412.06 0.0152304000826
412.07 0.0148057151112
412.08 0.014384448537
412.09 0.0139672061531
412.1 0.0135545659552
412.11 0.0131470770088
412.12 0.0127452584651
412.13 0.0123495987281
412.14 0.0119605547712
412.15 0.0115785516038
412.16 0.0112039818854
412.17 0.0108372056852
412.18 0.0104785503849
412.19 0.0101283107198
412.2 0.00978674895496
412.21 0.00945409519119
412.22 0.00913054779548
412.23 0.00881627395036
412.24 0.00851141031551
412.25 0.0082160637954
412.26 0.00793031240564
412.27 0.00765420623104
412.28 0.00738776846786
412.29 0.00713099654241
412.3 0.00688386329852
412.31 0.00664631824568
412.32 0.00641828886017
412.33 0.00619968193108
412.34 0.0059903849435
412.35 0.00579026749085
412.36 0.00559918270898
412.37 0.00541696872422
412.38 0.00524345010822
412.39 0.00507843933242
412.4 0.00492173821521
412.41 0.00477313935528
412.42 0.0046324275448
412.43 0.00449938115644
412.44 0.00437377349854
412.45 0.00425537413316
412.46 0.00414395015206
412.47 0.00403926740599
412.48 0.00394109168307
412.49 0.0038491898325
412.5 0.00376333083015
412.51 0.00368328678291
412.52 0.00360883386927
412.53 0.00353975321381
412.54 0.00347583169371
412.55 0.00341686267584
412.56 0.00336264668325
412.57 0.00331299199038
412.58 0.00326771514662
412.59 0.00322664142805
412.6 0.00318960521784
412.61 0.00315645031588
412.62 0.00312703017851
412.63 0.00310120808979
412.64 0.00307885726564
412.65 0.00305986089283
412.66 0.00304411210488
412.67 0.00303151389714
412.68 0.00302197898354
412.69 0.00301542959805
412.7 0.0030117972434
412.71 0.00301102239059
412.72 0.00301305413217
412.73 0.00301784979294
412.74 0.00302537450149
412.75 0.00303560072628
412.76 0.00304850778001
412.77 0.00306408129612
412.78 0.00308231268115
412.79 0.00310319854699
412.8 0.00312674012682
412.81 0.0031529426786
412.82 0.00318181488005
412.83 0.00321336821883
412.84 0.00324761638167
412.85 0.00328457464615
412.86 0.00332425927858
412.87 0.00336668694152
412.88 0.0034118741141
412.89 0.00345983652839
412.9 0.00351058862468
412.91 0.00356414302857
412.92 0.00362051005236
412.93 0.00367969722315
412.94 0.00374170883987
412.95 0.00380654556105
412.96 0.00387420402518
412.97 0.00394467650495
412.98 0.00401795059673
412.99 0.00409400894605
413.0 0.00417282900996
413.01 0.00425438285653
413.02 0.00433863700179
413.03 0.00442555228389
413.04 0.00451508377424
413.05 0.00460718072507
413.06 0.00470178655238
413.07 0.00479883885351
413.08 0.00489826945783
413.09 0.00500000450917
413.1 0.00510396457833
413.11 0.00521006480373
413.12 0.0053182150583
413.13 0.00542832014041
413.14 0.00554027998661
413.15 0.00565398990365
413.16 0.00576934081766
413.17 0.00588621953761
413.18 0.00600450903079
413.19 0.00612408870761
413.2 0.00624483471323
413.21 0.00636662022354
413.22 0.00648931574293
413.23 0.0066127894017
413.24 0.0067369072505
413.25 0.00686153355006
413.26 0.00698653105381
413.27 0.00711176128181
413.28 0.00723708478422
413.29 0.00736236139273
413.3 0.00748745045883
413.31 0.00761221107774
413.32 0.00773650229711
413.33 0.00786018330998
413.34 0.00798311363145
413.35 0.00810515325908
413.36 0.00822616281688
413.37 0.00834600368336
413.38 0.00846453810401
413.39 0.00858162928907
413.4 0.00869714149747
413.41 0.00881094010799
413.42 0.00892289167906
413.43 0.00903286399863
413.44 0.00914072612563
413.45 0.00924634842481
413.46 0.00934960259679
413.47 0.00945036170513
413.48 0.00954850020243
413.49 0.00964389395737
413.5 0.00973642028468
413.51 0.00982595797997
413.52 0.0099123873613
413.53 0.00999559031929
413.54 0.0100754503775
413.55 0.0101518527645
413.56 0.0102246844994
413.57 0.0102938344918
413.58 0.0103591936575
413.59 0.0104206550501
413.6 0.0104781140106
413.61 0.010531468334
413.62 0.0105806184537
413.63 0.0106254676437
413.64 0.0106659222383
413.65 0.0107018918683
413.66 0.0107332897135
413.67 0.0107600327697
413.68 0.0107820421302
413.69 0.0107992432783
413.7 0.0108115663908
413.71 0.01081894665
413.72 0.0108213245615
413.73 0.010818646276
413.74 0.0108108639131
413.75 0.010797935883
413.76 0.0107798272053
413.77 0.0107565098211
413.78 0.0107279628952
413.79 0.0106941731068
413.8 0.0106551349248
413.81 0.0106108508657
413.82 0.0105613317309
413.83 0.0105065968211
413.84 0.0104466741249
413.85 0.0103816004801
413.86 0.0103114217045
413.87 0.010236192695
413.88 0.0101559774925
413.89 0.0100708493127
413.9 0.00998089053847
413.91 0.00988619267659
413.92 0.00978685627469
413.93 0.00968299080011
413.94 0.0095747144795
413.95 0.00946215409955
413.96 0.00934544476924
413.97 0.0092247296441
413.98 0.00910015961374
413.99 0.00897189295358
414.0 0.00884009494245
414.01 0.00870493744772
414.02 0.00856659847997
414.03 0.00842526171937
414.04 0.00828111601616
414.05 0.00813435486787
414.06 0.00798517587585
414.07 0.00783378018418
414.08 0.00768037190371
414.09 0.00752515752451
414.1 0.0073683453197
414.11 0.00721014474382
414.12 0.00705076582901
414.13 0.00689041858207
414.14 0.00672931238554
414.15 0.00656765540584
414.16 0.00640565401153
414.17 0.0062435122044
414.18 0.0060814310663
414.19 0.00591960822427
414.2 0.00575823733632
414.21 0.00559750760028
414.22 0.00543760328774
414.23 0.00527870330499
414.24 0.00512098078259
414.25 0.00496460269517
414.26 0.00480972951257
414.27 0.00465651488351
414.28 0.00450510535245
414.29 0.00435564011037
414.3 0.0042082507797
414.31 0.00406306123371
414.32 0.00392018745021
414.33 0.00377973739929
414.34 0.00364181096469
414.35 0.00350649989824
414.36 0.00337388780638
414.37 0.00324405016794
414.38 0.00311705438203
414.39 0.00299295984475
414.4 0.00287181805339
414.41 0.0027536727366
414.42 0.00263856000898
414.43 0.00252650854847
414.44 0.00241753979473
414.45 0.00231166816683
414.46 0.00220890129844
414.47 0.00210924028865
414.48 0.00201267996662
414.49 0.00191920916829
414.5 0.00182881102319
414.51 0.00174146324975
414.52 0.00165713845723
414.53 0.00157580445263
414.54 0.00149742455091
414.55 0.00142195788701
414.56 0.00134935972805
414.57 0.0012795817844
414.58 0.00121257251816
414.59 0.00114827744784
414.6 0.00108663944816
414.61 0.00102759904366
414.62 0.000971094695341
414.63 0.000917063079357
414.64 0.000865439356957
414.65 0.000816157434974
414.66 0.000769150216254
414.67 0.000724349839493
414.68 0.000681687908048
414.69 0.000641095707367
414.7 0.000602504410776
414.71 0.000565845273417
414.72 0.000531049814237
414.73 0.000498049985966
414.74 0.000466778333111
414.75 0.000437168138045
414.76 0.000409153555324
414.77 0.000382669734419
414.78 0.000357652931104
414.79 0.000334040607767
414.8 0.000311771522972
414.81 0.000290785810608
414.82 0.000271025048999
414.83 0.000252432320395
414.84 0.000234952261234
414.85 0.000218531103641
414.86 0.000203116708589
414.87 0.000188658591197
414.88 0.000175107938612
414.89 0.000162417620957
414.9 0.000150542195789
414.91 0.000139437906548
414.92 0.000129062675439
414.93 0.000119376091202
414.94 0.000110339392198
414.95 0.000101915445255
414.96 9.40687206678e-05
414.97 8.67652637637e-05
414.98 7.99726634166e-05
414.99 7.36600178718e-05
415.0 6.77978982376e-05
415.01 6.23583099767e-05
415.02 5.73146527109e-05
415.03 5.26416786392e-05
415.04 4.83154498476e-05
415.05 4.43132947735e-05
415.06 4.06137640656e-05
415.07 3.7196586069e-05
415.08 3.40426221397e-05
415.09 3.11338219828e-05
415.1 2.84531791885e-05
415.11 2.59846871233e-05
415.12 2.37132953215e-05
415.13 2.16248665041e-05
415.14 1.97061343404e-05
415.15 1.79446620519e-05
415.16 1.63288019474e-05
415.17 1.48476559644e-05
415.18 1.34910372815e-05
415.19 1.22494330552e-05
415.2 1.11139683255e-05
415.21 1.00763711233e-05
415.22 9.12893880679e-06
415.23 8.26450564392e-06
415.24 7.47641165135e-06
415.25 6.75847269446e-06
415.26 6.10495184564e-06
415.27 5.51053199353e-06
415.28 4.97028969069e-06
415.29 4.4796702228e-06
415.3 4.03446387878e-06
415.31 3.63078339755e-06
415.32 3.26504256455e-06
415.33 2.93393592856e-06
415.34 2.63441960694e-06
415.35 2.36369314622e-06
415.36 2.11918240298e-06
415.37 1.89852340943e-06
415.38 1.69954718677e-06
415.39 1.5202654694e-06
415.4 1.35885730224e-06
415.41 1.21365647384e-06
415.42 1.08313974766e-06
415.43 9.65915854484e-07
415.44 8.60715209282e-07
415.45 7.66380316358e-07
415.46 6.81856827465e-07
415.47 6.06185218277e-07
415.48 5.3849304956e-07
415.49 4.77987780336e-07
415.5 4.23950101377e-07
415.51 3.75727758451e-07
415.52 3.32729835854e-07
415.53 2.94421471926e-07
415.54 2.60318979387e-07
415.55 2.29985344541e-07
415.56 2.03026080536e-07
415.57 1.79085411073e-07
415.58 1.57842762079e-07
415.59 1.39009540061e-07
415.6 1.22326176922e-07
415.61 1.07559422155e-07
415.62 9.44998644067e-08
415.63 8.2959665418e-08
415.64 7.27704903839e-08
415.65 6.37816197272e-08
415.66 5.58582282323e-08
415.67 4.88798183749e-08
415.68 4.27387955503e-08
415.69 3.73391737209e-08
415.7 3.25954007895e-08
415.71 2.84312937495e-08
415.72 2.4779074369e-08
415.73 2.15784968347e-08
415.74 1.87760594146e-08
415.75 1.63242927916e-08
415.76 1.41811182843e-08
415.77 1.23092696933e-08
415.78 1.06757730095e-08
415.79 9.25147867802e-09
415.8 8.0106415468e-09
415.81 6.9305440285e-09
415.82 5.99115837974e-09
415.83 5.17484434991e-09
415.84 4.46607877425e-09
415.85 3.85121398525e-09
415.86 3.31826219315e-09
415.87 2.85670324151e-09
415.88 2.45731337971e-09
415.89 2.11201291091e-09
415.9 1.81373077336e-09
415.91 1.55628429606e-09
415.92 1.33427253734e-09
415.93 1.14298176848e-09
415.94 9.78301804712e-10
415.95 8.36652014164e-10
415.96 7.14915951604e-10
415.97 6.10383670381e-10
415.98 5.207008622e-10
415.99 4.43824062038e-10
416.0 3.77981234848e-10
416.01 3.21637132507e-10
416.02 2.73462874411e-10
416.03 2.32309263723e-10
416.04 1.97183404088e-10
416.05 1.67228229233e-10
416.06 1.41704600594e-10
416.07 1.19975666554e-10
416.08 1.0149321129e-10
416.09 8.57857520855e-11
416.1 7.24481715654e-11
416.11 6.11326959464e-11
416.12 5.15410524096e-11
416.13 4.34176582947e-11
416.14 3.65437122679e-11
416.15 3.07320731249e-11
416.16 2.58228256589e-11
416.17 2.16794452401e-11
416.18 1.81854835639e-11
416.19 1.52417075957e-11
416.2 1.27636321938e-11
416.21 1.06793943498e-11
416.22 8.92792356455e-12
416.23 7.45736866299e-12
416.24 6.22374644479e-12
416.25 5.18978203613e-12
416.26 4.32391473091e-12
416.27 3.59944654574e-12
416.28 2.99381372054e-12
416.29 2.48796402577e-12
416.3 2.06582503283e-12
416.31 1.71385050588e-12
416.32 1.42063381792e-12
416.33 1.17657881091e-12
416.34 9.73619839066e-13
416.35 8.0498387911e-13
416.36 6.64988584391e-13
416.37 5.48871019612e-13
416.38 4.52642556988e-13
416.39 3.72966057635e-13
416.4 3.07052017046e-13
416.41 2.52570832078e-13
416.42 2.07578759086e-13
416.43 1.70455487472e-13
416.44 1.39851557655e-13
416.45 1.14644114074e-13
416.46 9.38997081663e-14
416.47 7.68430583688e-14
416.48 6.28308385789e-14
416.49 5.13297069908e-14
416.5 4.189790715e-14
416.51 3.41698753337e-14
416.52 2.78433754836e-14
416.53 2.26687570366e-14
416.54 1.84399940071e-14
416.55 1.49872171652e-14
416.56 1.21704965234e-14
416.57 9.87466978334e-15
416.58 8.00504492191e-15
416.59 6.48383259593e-15
416.6 5.24718726841e-15
416.61 4.2427555493e-15
416.62 3.42764675253e-15
416.63 2.76675456735e-15
416.64 2.23137042756e-15
416.65 1.79803897768e-15
416.66 1.44761427134e-15
416.67 1.16448224085e-15
416.68 9.35920757903e-16
416.69 7.51573440069e-16
416.7 6.03017398351e-16
416.71 4.83408493095e-16
416.72 3.87190477436e-16
416.73 3.09856749568e-16
416.74 2.47755383902e-16
416.75 1.97929731021e-16
416.76 1.57988221357e-16
416.77 1.2599812317e-16
416.78 1.00398929857e-16
416.79 7.99318168487e-17
416.8 6.35822411028e-17
416.81 5.0533278897e-17
416.82 4.01277289548e-17
416.83 3.18373634835e-17
416.84 2.52380025175e-17
416.85 1.99893278305e-17
416.86 1.58185506353e-17
416.87 1.25072098067e-17
416.88 9.88051064547e-18
416.89 7.7987233993e-18
416.9 6.15025013475e-18
416.91 4.84604162662e-18
416.92 3.81510562142e-18
416.93 3.00089653463e-18
416.94 2.35841634178e-18
416.95 1.85188875261e-18
416.96 1.45289505682e-18
416.97 1.1388814027e-18
416.98 8.9196462189e-19
416.99 6.97977786237e-19
417.0 5.45708084977e-19
417.01 4.26288839632e-19
417.02 3.32714936534e-19
417.03 2.59456985168e-19
417.04 2.02154375191e-19
417.05 1.57371326741e-19
417.06 1.22403187155e-19
417.07 9.51227683905e-20
417.08 7.38585620354e-20
417.09 5.72983088494e-20
417.1 4.44127154246e-20
417.11 3.43951648749e-20
417.12 2.66141125197e-20
417.13 2.05755325992e-20
417.14 1.58933214381e-20
417.15 1.22659930079e-20
417.16 9.45834615616e-21
417.17 7.28705626624e-21
417.18 5.60936177486e-21
417.19 4.31418902806e-21
417.2 3.31519641219e-21
417.21 2.54532776653e-21
417.22 1.95255154724e-21
417.23 1.49653068636e-21
417.24 1.14602226436e-21
417.25 8.76848934245e-22
417.26 6.70317846562e-22
417.27 5.11989497003e-22
417.28 3.90719938195e-22
417.29 2.97916346634e-22
417.3 2.2695895262e-22
417.31 1.72752569497e-22
417.32 1.31378988038e-22
417.33 9.98277990505e-23
417.34 7.57881411156e-23
417.35 5.74877323039e-23
417.36 4.35685646069e-23
417.37 3.29909990738e-23
417.38 2.49598409294e-23
417.39 1.88674096283e-23
417.4 1.42497371356e-23
417.41 1.07528980151e-23
417.42 8.10715152288e-24
417.43 6.1071014334e-24
417.44 4.59648711652e-24
417.45 3.45653550821e-24
417.46 2.59704844453e-24
417.47 1.94958925816e-24
417.48 1.46227896101e-24
417.49 1.09582541161e-24
417.5 8.20496102987e-25
417.51 6.13812445655e-25
417.52 4.5879519566e-25
417.53 3.42630507806e-25
417.54 2.55656705462e-25
417.55 1.90595362304e-25
417.56 1.41968320809e-25
417.57 1.05656089185e-25
417.58 7.85636369354e-26
417.59 5.83677006412e-26
417.6 4.33258947124e-26
417.61 3.21326422819e-26
417.62 2.38105417507e-26
417.63 1.76285278867e-26
417.64 1.30402748215e-26
417.65 9.63787663319e-27
417.66 7.11704805125e-27
417.67 5.25100394065e-27
417.68 3.87087098376e-27
417.69 2.85101137472e-27
417.7 2.09803679237e-27
417.71 1.5425922377e-27
417.72 1.13321697292e-27
417.73 8.31761630574e-28
417.74 6.09970136022e-28
417.75 4.46932706145e-28
417.76 3.27189661051e-28
417.77 2.39321035204e-28
417.78 1.74898480335e-28
417.79 1.27707104341e-28
417.8 9.31682491757e-29
417.81 6.79117093754e-29
417.82 4.94589893273e-29
417.83 3.59889898766e-29
417.84 2.61648300331e-29
417.85 1.90059689865e-29
417.86 1.37938642971e-29
417.87 1.00024344374e-29
417.88 7.24685056726e-30
417.89 5.24586034038e-30
417.9 3.79409293903e-30
417.91 2.74171952988e-30
417.92 1.97952915865e-30
417.93 1.42798812361e-30
417.94 1.02922683138e-30
417.95 7.41176110729e-31
417.96 5.33280290813e-31
417.97 3.83365880327e-31
417.98 2.75356406222e-31
417.99 1.97606266001e-31
418.0 1.41687010244e-31
418.01 1.0150399986e-31
418.02 7.26540903872e-32
418.03 5.19589988853e-32
418.04 3.71266076963e-32
418.05 2.65053504457e-32
418.06 1.89062596471e-32
418.07 1.34741528247e-32
418.08 9.59447248277e-33
418.09 6.82597218934e-33
418.1 4.85212193029e-33
418.11 3.44605872344e-33
418.12 2.44532966835e-33
418.13 1.73370792223e-33
418.14 1.22811269974e-33
418.15 8.69209134146e-34
418.16 6.14658808296e-34
418.17 4.34277876218e-34
418.18 3.06566762242e-34
418.19 2.16225143416e-34
418.2 1.52374075626e-34
418.21 1.07285180536e-34
418.22 7.54730932181e-35
418.23 5.30479154427e-35
418.24 3.72536006022e-35
418.25 2.61391790135e-35
418.26 1.8324806106e-35
418.27 1.28354348971e-35
418.28 8.98267201302e-36
418.29 6.28093428552e-36
418.3 4.38800090742e-36
418.31 3.06290071173e-36
418.32 2.13610638805e-36
418.33 1.488458011e-36
418.34 1.0362726711e-36
418.35 7.20833977116e-37
418.36 5.00979782575e-37
418.37 3.47879547126e-37
418.38 2.41357799003e-37
418.39 1.67308313432e-37
418.4 1.15877054918e-37
418.41 8.01864743199e-38
418.42 5.54406776345e-38
418.43 3.82983163273e-38
418.44 2.6433494101e-38
418.45 1.82285953951e-38
418.46 1.255959327e-38
418.47 8.64612845406e-39
418.48 5.94691223081e-39
418.49 4.0868162449e-39
418.5 2.80609538325e-39
418.51 1.92505651107e-39
418.52 1.3194965883e-39
418.53 9.03642804301e-40
418.54 6.18313959397e-40
418.55 4.22712452362e-40
418.56 2.8873854548e-40
418.57 1.97055345049e-40
418.58 1.34367861775e-40
418.59 9.15432494442e-41
418.6 6.23133318027e-41
418.61 4.23798438331e-41
418.62 2.87979425473e-41
418.63 1.95518249041e-41
418.64 1.32628502654e-41
418.65 8.98897478998e-42
418.66 6.08705444748e-42
418.67 4.1183944335e-42
418.68 2.78402042638e-42
418.69 1.8803583523e-42
418.7 1.26891507312e-42
418.71 8.55555554757e-43
418.72 5.76351728933e-43
418.73 3.87927627917e-43
418.74 2.6087805424e-43
418.75 1.75286353859e-43
418.76 1.17674508401e-43
418.77 7.89296909458e-44
418.78 5.28959152348e-44
418.79 3.54182903041e-44
418.8 2.36950033301e-44
418.81 1.58383405952e-44
418.82 1.0577579663e-44
418.83 7.05808126252e-45
418.84 4.70555361427e-45
418.85 3.13442960028e-45
418.86 2.08607556358e-45
418.87 1.38715589924e-45
418.88 9.2160374737e-46
418.89 6.1176821912e-46
418.9 4.05745127254e-46
418.91 2.68870673226e-46
418.92 1.78015277998e-46
418.93 1.1775919804e-46
418.94 7.78316293274e-47
418.95 5.1397396976e-47
418.96 3.39117222902e-47
418.97 2.23553919689e-47
418.98 1.47244285954e-47
418.99 9.68987848457e-48
419.0 6.37121015274e-48
419.01 4.18551833626e-48
419.02 2.74726330928e-48
419.03 1.80166914821e-48
419.04 1.18052045318e-48
419.05 7.72850884428e-49
419.06 5.05523813741e-49
419.07 3.30378096938e-49
419.08 2.15727044443e-49
419.09 1.40741332167e-49
419.1 9.17407822654e-50
419.11 5.9748490546e-50
419.12 3.88790061118e-50
419.13 2.52770907542e-50
419.14 1.64196062478e-50
419.15 1.06566844369e-50
419.16 6.91043187732e-51
419.17 4.47725665984e-51
419.18 2.89829447419e-51
419.19 1.87454876613e-51
419.2 1.21136408569e-51
419.21 7.82125346818e-52
419.22 5.04547134167e-52
419.23 3.25200229192e-52
419.24 2.09422653633e-52
419.25 1.34747336552e-52
419.26 8.66244393309e-53
419.27 5.56396513042e-53
419.28 3.57068943187e-53
419.29 2.28951489016e-53
419.3 1.46675839332e-53
419.31 9.3885258691e-54
419.32 6.00426632877e-54
419.33 3.83659718391e-54
419.34 2.44938004185e-54
419.35 1.56239147657e-54
419.36 9.95743000865e-55
419.37 6.34057112824e-55
419.38 4.03397507216e-55
419.39 2.56425822047e-55
419.4 1.62859845166e-55
419.41 1.03345124662e-55
419.42 6.55223830148e-56
419.43 4.15062109901e-56
419.44 2.62700082594e-56
419.45 1.66123489014e-56
419.46 1.04960427963e-56
419.47 6.62588442561e-57
419.48 4.17912954976e-57
419.49 2.63361038685e-57
419.5 1.65821535709e-57
419.51 1.04316751354e-57
419.52 6.55678417869e-58
419.53 4.11766904939e-58
419.54 2.58366202162e-58
419.55 1.61973392625e-58
419.56 1.01455447396e-58
419.57 6.34937204996e-59
419.58 3.9701772406e-59
419.59 2.48034863387e-59
419.6 1.54824353864e-59
419.61 9.65582836505e-60
419.62 6.01677141687e-60
419.63 3.74594331683e-60
419.64 2.33014315937e-60
419.65 1.44819725652e-60
419.66 8.99283345568e-61
419.67 5.57942050597e-61
419.68 3.45863993445e-61
419.69 2.14212753004e-61
419.7 1.32558935322e-61
419.71 8.19589536927e-62
419.72 5.06299521763e-62
419.73 3.12494474346e-62
419.74 1.92708504483e-62
419.75 1.1873619657e-62
419.76 7.3095240407e-63
419.77 4.4959221013e-63
419.78 2.76294455715e-63
419.79 1.6964820777e-63
419.8 1.04075880802e-63
419.81 6.37932352013e-64
419.82 3.90681523998e-64
419.83 2.39053348936e-64
419.84 1.46147201753e-64
419.85 8.92708952161e-65
419.86 5.44819933246e-65
419.87 3.32215430666e-65
419.88 2.02399914969e-65
419.89 1.23203930761e-65
419.9 7.49311702723e-66
419.91 4.55327813731e-66
419.92 2.76445520925e-66
419.93 1.67694434192e-66
419.94 1.01636909865e-66
419.95 6.15471531312e-67
419.96 3.72381587839e-67
419.97 2.25108628772e-67
419.98 1.35962705712e-67
419.99 8.20485986216e-68
420.0 4.94704943147e-68
420.01 2.98019749298e-68
420.02 1.79377329101e-68
420.03 1.07873252709e-68
420.04 6.48162212466e-69
420.05 3.89114446758e-69
420.06 2.33396702118e-69
420.07 1.39873611387e-69
420.08 8.37530388706e-70
420.09 5.01059236697e-70
420.1 2.99503073883e-70
420.11 1.78869877053e-70
420.12 1.06732540243e-70
420.13 6.36326772587e-71
420.14 3.79041933744e-71
420.15 2.25589060152e-71
420.16 1.34144392682e-71
420.17 7.96986059813e-72
420.18 4.73099663917e-72
420.19 2.80593926691e-72
420.2 1.66275248937e-72
420.21 9.84465858929e-73
420.22 5.82367895078e-73
420.23 3.44205577567e-73
420.24 2.03264761411e-73
420.25 1.19930597807e-73
420.26 7.07003583643e-74
420.27 4.16425143978e-74
420.28 2.45062007442e-74
420.29 1.44091625829e-74
420.3 8.46496582918e-75
420.31 4.96861549839e-75
420.32 2.913864033e-75
420.33 1.70736702174e-75
420.34 9.99558478252e-76
420.35 5.84673268883e-76
420.36 3.41697642475e-76
420.37 1.9952367668e-76
420.38 1.164047248e-76
420.39 6.78532244349e-77
420.4 3.95179206823e-77
420.41 2.29954224601e-77
420.42 1.33694152546e-77
420.43 7.7661745157e-78
420.44 4.50739471238e-78
420.45 2.61377228707e-78
420.46 1.51437565639e-78
420.47 8.76643875674e-79
420.48 5.07033318817e-79
420.49 2.93003972092e-79
420.5 1.69174238091e-79
420.51 9.759299884e-80
420.52 5.62505547463e-80
420.53 3.23935592694e-80
420.54 1.86386408948e-80
420.55 1.07150333107e-80
420.56 6.15455309465e-81
420.57 3.53202063692e-81
420.58 2.02522674863e-81
420.59 1.16023988199e-81
420.6 6.64118590344e-82
420.61 3.79810701866e-82
420.62 2.1702635202e-82
420.63 1.23902895589e-82
420.64 7.06763566961e-83
420.65 4.02801022704e-83
420.66 2.29366869816e-83
420.67 1.30495195876e-83
420.68 7.41791874872e-84
420.69 4.21301817845e-84
420.7 2.39071775352e-84
420.71 1.35546089533e-84
420.72 7.67837629098e-85
420.73 4.34585771189e-85
420.74 2.45756677452e-85
420.75 1.38854149725e-85
420.76 7.83855685028e-86
420.77 4.42116857169e-86
420.78 2.49150491574e-86
420.79 1.40284644256e-86
420.8 7.8919120112e-87
420.81 4.43586220168e-87
420.82 2.49113676371e-87
420.83 1.39778639186e-87
420.84 7.8362405249e-88
420.85 4.38933188581e-88
420.86 2.45647752319e-88
420.87 1.37357026926e-88
420.88 7.67383897508e-89
420.89 4.28349430983e-89
420.9 2.38895197543e-89
420.91 1.33119095128e-89
420.92 7.41134460233e-90
420.93 4.12265857641e-90
420.94 2.29129730767e-90
420.95 1.27235772974e-90
420.96 7.05928527794e-91
420.97 3.91323514851e-91
420.98 2.16737904967e-91
420.99 1.19938195092e-91
421.0 6.63137915024e-92
421.01 3.66331211734e-92
421.02 2.02193736525e-92
421.03 1.11502649258e-92
421.04 6.14364887644e-93
421.05 3.38213781333e-93
421.06 1.86028689103e-93
421.07 1.02233272767e-93
421.08 5.61343004453e-94
421.09 3.07955580286e-94
421.1 1.68799654729e-94
421.11 9.24440028678e-95
421.12 5.0583589372e-95
421.13 2.76544010488e-95
421.14 1.51057600839e-95
421.15 8.24412601046e-96
421.16 4.49542102419e-96
421.17 2.44917510282e-96
421.18 1.33319296121e-96
421.19 7.25086635934e-97
421.2 3.94012955363e-97
421.21 2.13921687396e-97
421.22 1.16044040471e-97
421.23 6.28947768521e-98
421.24 3.40588540786e-98
421.25 1.84276177814e-98
421.26 9.96166819413e-99
421.27 5.38045075586e-99
421.28 2.90354768126e-99
421.29 1.56553570222e-99
421.3 8.43374960137e-100
421.31 4.53943855132e-100
421.32 2.44122210095e-100
421.33 1.31170494886e-100
421.34 7.04188184144e-101
421.35 3.77715687563e-101
421.36 2.02425408422e-101
421.37 1.08389880702e-101
421.38 5.7987737583e-102
421.39 3.09961178901e-102
421.4 1.65539696891e-102
421.41 8.83325402184e-103
421.42 4.70937199089e-103
421.43 2.50858595079e-103
421.44 1.33511503747e-103
421.45 7.09957091651e-104
421.46 3.77197867172e-104
421.47 2.00230424303e-104
421.48 1.06197579797e-104
421.49 5.62759563036e-105
421.5 2.9795786971e-105
421.51 1.57619719355e-105
421.52 8.33086221615e-106
421.53 4.39939610642e-106
421.54 2.32123918329e-106
421.55 1.22368724262e-106
421.56 6.4453229686e-107
421.57 3.39189694475e-107
421.58 1.78346391093e-107
421.59 9.36935544539e-108
421.6 4.91789007421e-108
421.61 2.57912048873e-108
421.62 1.351413206e-108
421.63 7.07503182963e-109
421.64 3.70077217451e-109
421.65 1.93410485268e-109
421.66 1.00993027556e-109
421.67 5.26897916402e-110
421.68 2.7465359201e-110
421.69 1.4304339127e-110
421.7 7.44344570641e-111
421.71 3.86993761894e-111
421.72 2.01028492825e-111
421.73 1.04336191806e-111
421.74 5.41048326885e-112
421.75 2.80324365633e-112
421.76 1.45114012292e-112
421.77 7.50553345056e-113
421.78 3.87862231735e-113
421.79 2.00261346412e-113
421.8 1.03309553352e-113
421.81 5.32485208852e-114
421.82 2.74219494456e-114
421.83 1.41095387163e-114
421.84 7.253556827e-115
421.85 3.72574332946e-115
421.86 1.91204698402e-115
421.87 9.80410377609e-116
421.88 5.02274293992e-116
421.89 2.57097418927e-116
421.9 1.31485600442e-116
421.91 6.71865566419e-117
421.92 3.43012767957e-117
421.93 1.74969318758e-117
421.94 8.91737906426e-118
421.95 4.54084071732e-118
421.96 2.31025022081e-118
421.97 1.17437145179e-118
421.98 5.96452224506e-119
421.99 3.026701225e-119
422.0 1.53457159424e-119
422.01 7.77371241034e-120
422.02 3.93453576314e-120
422.03 1.98967543058e-120
422.04 1.00529770136e-120
422.05 5.07493932708e-121
422.06 2.55970980422e-121
422.07 1.28995429189e-121
422.08 6.4950369227e-122
422.09 3.26747775234e-122
422.1 1.64235624681e-122
422.11 8.24794595714e-123
422.12 4.1385476428e-123
422.13 2.07478846169e-123
422.14 1.03925806059e-123
422.15 5.20111781694e-124
422.16 2.60072057877e-124
422.17 1.29931487118e-124
422.18 6.48572957555e-125
422.19 3.23464762616e-125
422.2 1.61182849495e-125
422.21 8.02480326844e-126
422.22 3.99184502012e-126
422.23 1.98397713145e-126
422.24 9.85197643702e-127
422.25 4.88802906401e-127
422.26 2.42308086006e-127
422.27 1.20012296754e-127
422.28 5.93891760185e-128
422.29 2.93638207921e-128
422.3 1.45057952308e-128
422.31 7.15969023037e-129
422.32 3.53077981601e-129
422.33 1.73968552669e-129
422.34 8.56435336565e-130
422.35 4.21252138064e-130
422.36 2.07020508402e-130
422.37 1.01650223051e-130
422.38 4.98685813412e-131
422.39 2.44438383927e-131
422.4 1.19711399071e-131
422.41 5.85767566727e-132
422.42 2.8637747087e-132
422.43 1.39886591917e-132
422.44 6.82711222978e-133
422.45 3.3290606504e-133
422.46 1.6219224498e-133
422.47 7.89518253648e-134
422.48 3.83988287896e-134
422.49 1.86593922046e-134
422.5 9.05942681631e-135
422.51 4.39468408817e-135
422.52 2.12999367608e-135
422.53 1.03146068538e-135
422.54 4.99057695752e-136
422.55 2.41252902662e-136
422.56 1.16524715185e-136
422.57 5.62324836133e-137
422.58 2.71131635098e-137
422.59 1.30616136453e-137
422.6 6.28690917444e-138
422.61 3.02343928341e-138
422.62 1.45274379571e-138
422.63 6.97429831418e-139
422.64 3.34530502194e-139
422.65 1.60322559575e-139
422.66 7.67674766662e-140
422.67 3.67268436372e-140
422.68 1.755551842e-140
422.69 8.38431186744e-141
422.7 4.00078213313e-141
422.71 1.90741894749e-141
422.72 9.08596365577e-142
422.73 4.3243377871e-142
422.74 2.05632586653e-142
422.75 9.76985186804e-143
422.76 4.63775424729e-143
422.77 2.19963791624e-143
422.78 1.04236153108e-143
422.79 4.93525123134e-144
422.8 2.33466121437e-144
422.81 1.10347420094e-144
422.82 5.21103765993e-145
422.83 2.45872497248e-145
422.84 1.15909599488e-145
422.85 5.45949623244e-146
422.86 2.56926824105e-146
422.87 1.20806426809e-146
422.88 5.67537211461e-147
422.89 2.6639272321e-147
422.9 1.24932113027e-147
422.91 5.85395697166e-148
422.92 2.74061909243e-148
422.93 1.28195135104e-148
422.94 5.9912593862e-149
422.95 2.79761799555e-149
422.96 1.30521608099e-149
422.97 6.0841530639e-150
422.98 2.83361967557e-150
422.99 1.31858065521e-150
423.0 6.13049514719e-151
423.01 2.84779103511e-151
423.02 1.3217350187e-151
423.03 6.12920838598e-152
423.04 2.83980219258e-152
423.05 1.31460568401e-152
423.06 6.08032276527e-153
423.07 2.80983924735e-153
423.08 1.29735857726e-153
423.09 5.98497434365e-154
423.1 2.75859707323e-154
423.11 1.2703926186e-154
423.12 5.84536136535e-155
423.13 2.68725252974e-155
423.14 1.23432438391e-155
423.15 5.66466001354e-156
423.16 2.59741953341e-156
423.17 1.18996467128e-156
423.18 5.44690431309e-157
423.19 2.49108838414e-157
423.2 1.13828821571e-157
423.21 5.19683652298e-158
423.22 2.37055253063e-158
423.23 1.08039813104e-158
423.24 4.9197357606e-159
423.25 2.23832653419e-159
423.26 1.01748688781e-159
423.27 4.62123348919e-160
423.28 2.09705931754e-160
423.29 9.50795747853e-161
423.3 4.30712483246e-161
423.31 1.94944685311e-161
423.32 8.81574567847e-162
423.33 3.98318445744e-162
423.34 1.79814825898e-162
423.35 8.11043760571e-163
423.36 3.65499503053e-163
423.37 1.64570885731e-163
423.38 7.40359979606e-164
423.39 3.32779508165e-164
423.4 1.49449314999e-164
423.41 6.70586790942e-165
423.42 3.00635161256e-165
423.43 1.34662993241e-165
423.44 6.02671239734e-166
423.45 2.69486108251e-166
423.46 1.20397095761e-166
423.47 5.37426839604e-167
423.48 2.39688062599e-167
423.49 1.06806373873e-167
423.5 4.75523133005e-168
423.51 2.11528962815e-168
423.52 9.40138294858e-169
423.53 4.17481619077e-169
423.54 1.85228021305e-169
423.55 8.21106950285e-170
423.56 3.63677540723e-170
423.57 1.60937387609e-170
423.58 7.11575727994e-171
423.59 3.14346780443e-171
423.6 1.38746047471e-171
423.61 6.11865457245e-172
423.62 2.69596943549e-172
423.63 1.18685511311e-172
423.64 5.22040453784e-173
423.65 2.29421610653e-173
423.66 1.00736812022e-173
423.67 4.41942526058e-174
423.68 1.9371671559e-174
423.69 8.48383303817e-175
423.7 3.71228099016e-175
423.71 1.62298042718e-175
423.72 7.08939926315e-176
423.73 3.09406406396e-176
423.74 1.34918927477e-176
423.75 5.87814332449e-177
423.76 2.55876955404e-177
423.77 1.11287372932e-177
423.78 4.83597802762e-178
423.79 2.09964784204e-178
423.8 9.1081948621e-179
423.81 3.94767943629e-179
423.82 1.70952382535e-179
423.83 7.39660026712e-180
423.84 3.19751692791e-180
423.85 1.38107501443e-180
423.86 5.95998815822e-181
423.87 2.56978765134e-181
423.88 1.10706416049e-181
423.89 4.76510041976e-182
423.9 2.04925043488e-182
423.91 8.80525072829e-183
423.92 3.78017695751e-183
423.93 1.62146002635e-183
423.94 6.94902821567e-184
423.95 2.97553878936e-184
423.96 1.27300722846e-184
423.97 5.44151506364e-185
423.98 2.32398068549e-185
423.99 9.91673950865e-186
424.0 4.22794188388e-186
424.01 1.80099631855e-186
424.02 7.66514462819e-187
424.03 3.2595045736e-187
424.04 1.38486215874e-187
424.05 5.87875301476e-188
424.06 2.49337495639e-188
424.07 1.05660748817e-188
424.08 4.47366528823e-189
424.09 1.89250486219e-189
424.1 7.99897303191e-190
424.11 3.37796522024e-190
424.12 1.4252788066e-190
424.13 6.00852944141e-191
424.14 2.53081425614e-191
424.15 1.06506487774e-191
424.16 4.47832457832e-192
424.17 1.88138979147e-192
424.18 7.8970649855e-193
424.19 3.31189342564e-193
424.2 1.38774830879e-193
424.21 5.80990154591e-194
424.22 2.43024776073e-194
424.23 1.01567799365e-194
424.24 4.24116575973e-195
424.25 1.76944946073e-195
424.26 7.37589611799e-196
424.27 3.07195700278e-196
424.28 1.2783188306e-196
424.29 5.31480032256e-197
424.3 2.2077934036e-197
424.31 9.16333623574e-198
424.32 3.79990313912e-198
424.33 1.57440022335e-198
424.34 6.5175064774e-199
424.35 2.69569971507e-199
424.36 1.11400019411e-199
424.37 4.59962825139e-200
424.38 1.89750929327e-200
424.39 7.82111736209e-201
424.4 3.22090122577e-201
424.41 1.3252863441e-201
424.42 5.4483594474e-202
424.43 2.23792482094e-202
424.44 9.18436102475e-203
424.45 3.76596355857e-203
424.46 1.54286167806e-203
424.47 6.31541047924e-204
424.48 2.58285417592e-204
424.49 1.0554116982e-204
424.5 4.30891207712e-205
424.51 1.75766892173e-205
424.52 7.16358185382e-206
424.53 2.91707163328e-206
424.54 1.18682769705e-206
424.55 4.82449615137e-207
424.56 1.95947608862e-207
424.57 7.95154799323e-208
424.58 3.22394120858e-208
424.59 1.30600925589e-208
424.6 5.28602373408e-209
424.61 2.13764545218e-209
424.62 8.63706034861e-210
424.63 3.48674306291e-210
424.64 1.40636370407e-210
424.65 5.66759835905e-211
424.66 2.28204495131e-211
424.67 9.18064165962e-212
424.68 3.69016334156e-212
424.69 1.48197834155e-212
424.7 5.94650564689e-213
424.71 2.38399602587e-213
424.72 9.54933064606e-214
424.73 3.82176560488e-214
424.74 1.52819535934e-214
424.75 6.10544633131e-215
424.76 2.43713547881e-215
424.77 9.71998598008e-216
424.78 3.87324810896e-216
424.79 1.54208640703e-216
424.8 6.13431132176e-217
424.81 2.43807257657e-217
424.82 9.68168968387e-218
424.83 3.84131038263e-218
424.84 1.52275962815e-218
424.85 6.03124569497e-219
424.86 2.38674707906e-219
424.87 9.43690300536e-220
424.88 3.72800336211e-220
424.89 1.47145441338e-220
424.9 5.80284594495e-221
424.91 2.28643564769e-221
424.92 9.00120466605e-222
424.93 3.54051144995e-222
424.94 1.39140987835e-222
424.95 5.46346133497e-223
424.96 2.14340568376e-223
424.97 8.40165017589e-224
424.98 3.29039869104e-224
424.99 1.28752646696e-224
425.0 5.0337022104e-225
425.01 1.96626743293e-225
425.02 7.67399240854e-226
425.03 2.99242901368e-226
425.04 1.16586982224e-226
425.05 4.53837081432e-227
425.06 1.76511744356e-227
425.07 6.85916023622e-228
425.08 2.66312776626e-228
425.09 1.03308669732e-228
425.1 4.00410307314e-229
425.11 1.5505916473e-229
425.12 5.99947633205e-230
425.13 2.31927881523e-230
425.14 8.95810792218e-231
425.15 3.45703146167e-231
425.16 1.33295069731e-231
425.17 5.13509583223e-232
425.18 1.97654511719e-232
425.19 7.60131313939e-233
425.2 2.92074894223e-233
425.21 1.12130444774e-233
425.22 4.30107062689e-234
425.23 1.64836473927e-234
425.24 6.31180786254e-235
425.25 2.41478203836e-235
425.26 9.23051252826e-236
425.27 3.52531077062e-236
425.28 1.34521813094e-236
425.29 5.12875234934e-237
425.3 1.95368462261e-237
425.31 7.43568357276e-238
425.32 2.82755495415e-238
425.33 1.07429838064e-238
425.34 4.07814347103e-239
425.35 1.54676306201e-239
425.36 5.8615003672e-240
425.37 2.21930766622e-240
425.38 8.39556527683e-241
425.39 3.17326312132e-241
425.4 1.1983562323e-241
425.41 4.5215725717e-242
425.42 1.70457763144e-242
425.43 6.42048413117e-243
425.44 2.41625341738e-243
425.45 9.08533400905e-244
425.46 3.41321014271e-244
425.47 1.28117622087e-244
425.48 4.80483439554e-245
425.49 1.8004111367e-245
425.5 6.74044656329e-246
425.51 2.52132808802e-246
425.52 9.42309927082e-247
425.53 3.51869710164e-247
425.54 1.31278532315e-247
425.55 4.89360886925e-248
425.56 1.82258801052e-248
425.57 6.78221379649e-249
425.58 2.52161137785e-249
425.59 9.36717313311e-250
425.6 3.47666344929e-250
425.61 1.28925988157e-250
425.62 4.77685433577e-251
425.63 1.76834598289e-251
425.64 6.54057898526e-252
425.65 2.41706796064e-252
425.66 8.9245276848e-253
425.67 3.29234496277e-253
425.68 1.21352614526e-253
425.69 4.46906482828e-254
425.7 1.64440157505e-254
425.71 6.04536915902e-255
425.72 2.22055472445e-255
425.73 8.14936646129e-256
425.74 2.98820182845e-256
425.75 1.09476201227e-256
425.76 4.00731261647e-257
425.77 1.46558307423e-257
425.78 5.35539329243e-258
425.79 1.95522171691e-258
425.8 7.13221402194e-259
425.81 2.59941986766e-259
425.82 9.4656886108e-260
425.83 3.44390930331e-260
425.84 1.25191519363e-260
425.85 4.54696726168e-261
425.86 1.65003234216e-261
425.87 5.98255636404e-262
425.88 2.16722925024e-262
425.89 7.84416319936e-263
425.9 2.83669145392e-263
425.91 1.02494672574e-263
425.92 3.70010626568e-264
425.93 1.33459905853e-264
425.94 4.8096241965e-265
425.95 1.73178983406e-265
425.96 6.23021365831e-266
425.97 2.23941409685e-266
425.98 8.04247255178e-267
425.99 2.88581495385e-267
426.0 1.03459668896e-267
426.01 3.70593161739e-268
426.02 1.32631728962e-268
426.03 4.74265106614e-269
426.04 1.69441047614e-269
426.05 6.04839011717e-270
426.06 2.15717150465e-270
426.07 7.68693603144e-271
426.08 2.73681582074e-271
426.09 9.73557459935e-272
426.1 3.46020093102e-272
426.11 1.22875348014e-272
426.12 4.35965291943e-273
426.13 1.54547784204e-273
426.14 5.47390634427e-274
426.15 1.9371161184e-274
426.16 6.84916548671e-275
426.17 2.41959889132e-275
426.18 8.54029370598e-276
426.19 3.01179875112e-276
426.2 1.06121359167e-276
426.21 3.73596992047e-277
426.22 1.31409768649e-277
426.23 4.61823090251e-278
426.24 1.62161348721e-278
426.25 5.68908948704e-279
426.26 1.99416869776e-279
426.27 6.98400814541e-280
426.28 2.44383168932e-280
426.29 8.54400628894e-281
426.3 2.9845271857e-281
426.31 1.04162940516e-281
426.32 3.63224083284e-282
426.33 1.26549301886e-282
426.34 4.40522995337e-283
426.35 1.53214943689e-283
426.36 5.3242370196e-284
426.37 1.848576161e-284
426.38 6.41270154814e-285
426.39 2.22263638921e-285
426.4 7.69696523999e-286
426.41 2.66314211531e-286
426.42 9.20646428117e-287
426.43 3.17991209764e-287
426.44 1.09739018064e-287
426.45 3.78382234233e-288
426.46 1.30353926416e-288
426.47 4.48684647416e-289
426.48 1.54305716154e-289
426.49 5.30208312151e-290
426.5 1.82026560068e-290
426.51 6.24376723424e-291
426.52 2.13984521173e-291
426.53 7.32726209945e-292
426.54 2.50682955721e-292
426.55 8.56902873441e-293
426.56 2.92659148126e-293
426.57 9.98656933518e-294
426.58 3.40482073873e-294
426.59 1.15983415574e-294
426.6 3.94749191373e-295
426.61 1.34236406172e-295
426.62 4.56082172318e-296
426.63 1.54824465386e-296
426.64 5.25121492909e-297
426.65 1.77952343446e-297
426.66 6.02519825448e-298
426.67 2.03827456054e-298
426.68 6.8893419156e-299
426.69 2.32657205142e-299
426.7 7.85016864443e-300
426.71 2.64645905599e-300
426.72 8.91405038159e-301
426.73 2.99991328959e-301
426.74 1.00870931643e-301
426.75 3.38880886525e-302
426.76 1.13750111134e-302
426.77 3.81487486819e-303
426.78 1.2782990828e-303
426.79 4.2796511537e-304
426.8 1.43155479178e-304
426.81 4.78444198287e-305
426.82 1.59763778291e-305
426.83 5.33026824433e-306
426.84 1.77682035364e-306
426.85 5.91781913905e-307
426.86 1.96926230662e-307
426.87 6.54740432351e-308
426.88 2.17499601704e-308
426.89 7.21890761058e-309
426.9 2.39391217669e-309
426.91 7.93174341021e-310
426.92 2.62574659886e-310
426.93 8.68481715066e-311
426.94 2.87006848205e-311
426.95 9.47649094881e-312
426.96 3.12627053429e-312
426.97 1.03045557927e-312
426.98 3.39356135224e-313
426.99 1.1166211457e-313
427.0 3.67096042934e-314
427.01 1.2058055289e-314
427.02 3.95729613634e-315
427.03 1.29760808839e-315
427.04 4.25120696998e-316
427.05 1.39156874688e-316
427.06 4.55114646674e-317
427.07 1.48717020231e-317
427.08 4.85539060925e-318
427.09 1.58384106284e-318
427.1 5.16204727431e-319
427.11 1.68095954685e-319
427.12 5.46930669946e-320
427.13 1.77764819374e-320
427.14 5.77562739988e-321
427.15 1.87250879774e-321
427.16 6.07700744385e-322
427.17 1.97626258336e-322
427.18 6.42285339594e-323
427.19 1.97626258336e-323
427.2 4.94065645841e-324
427.21 0.0
427.22 0.0
427.23 0.0
427.24 0.0
427.25 0.0
427.26 0.0
427.27 0.0
427.28 0.0
427.29 0.0
427.3 0.0
427.31 0.0
427.32 0.0
427.33 0.0
427.34 0.0
427.35 0.0
427.36 0.0
427.37 0.0
427.38 0.0
427.39 0.0
427.4 0.0
427.41 0.0
427.42 0.0
427.43 0.0
427.44 0.0
427.45 0.0
427.46 0.0
427.47 0.0
427.48 0.0
427.49 0.0
427.5 0.0
427.51 0.0
427.52 0.0
427.53 0.0
427.54 0.0
427.55 0.0
427.56 0.0
427.57 0.0
427.58 0.0
427.59 0.0
427.6 0.0
427.61 0.0
427.62 0.0
427.63 0.0
427.64 0.0
427.65 0.0
427.66 0.0
427.67 0.0
427.68 0.0
427.69 0.0
427.7 0.0
427.71 0.0
427.72 0.0
427.73 0.0
427.74 0.0
427.75 0.0
427.76 0.0
427.77 0.0
427.78 0.0
427.79 0.0
427.8 0.0
427.81 0.0
427.82 0.0
427.83 0.0
427.84 0.0
427.85 0.0
427.86 0.0
427.87 0.0
427.88 0.0
427.89 0.0
427.9 0.0
427.91 0.0
427.92 0.0
427.93 0.0
427.94 0.0
427.95 0.0
427.96 0.0
427.97 0.0
427.98 0.0
427.99 0.0
428.0 0.0
428.01 0.0
428.02 0.0
428.03 0.0
428.04 0.0
428.05 0.0
428.06 0.0
428.07 0.0
428.08 0.0
428.09 0.0
428.1 0.0
428.11 0.0
428.12 0.0
428.13 0.0
428.14 0.0
428.15 0.0
428.16 0.0
428.17 0.0
428.18 0.0
428.19 0.0
428.2 0.0
428.21 0.0
428.22 0.0
428.23 0.0
428.24 0.0
428.25 0.0
428.26 0.0
428.27 0.0
428.28 0.0
428.29 0.0
428.3 0.0
428.31 0.0
428.32 0.0
428.33 0.0
428.34 0.0
428.35 0.0
428.36 0.0
428.37 0.0
428.38 0.0
428.39 0.0
428.4 0.0
428.41 0.0
428.42 0.0
428.43 0.0
428.44 0.0
428.45 0.0
428.46 0.0
428.47 0.0
428.48 0.0
428.49 0.0
428.5 0.0
428.51 0.0
428.52 0.0
428.53 0.0
428.54 0.0
428.55 0.0
428.56 0.0
428.57 0.0
428.58 0.0
428.59 0.0
428.6 0.0
428.61 0.0
428.62 0.0
428.63 0.0
428.64 0.0
428.65 0.0
428.66 0.0
428.67 0.0
428.68 0.0
428.69 0.0
428.7 0.0
428.71 0.0
428.72 0.0
428.73 0.0
428.74 0.0
428.75 0.0
428.76 0.0
428.77 0.0
428.78 0.0
428.79 0.0
428.8 0.0
428.81 0.0
428.82 0.0
428.83 0.0
428.84 0.0
428.85 0.0
428.86 0.0
428.87 0.0
428.88 0.0
428.89 0.0
428.9 0.0
428.91 0.0
428.92 0.0
428.93 0.0
428.94 0.0
428.95 0.0
428.96 0.0
428.97 0.0
428.98 0.0
428.99 0.0
429.0 0.0
429.01 0.0
429.02 0.0
429.03 0.0
429.04 0.0
429.05 0.0
429.06 0.0
429.07 0.0
429.08 0.0
429.09 0.0
429.1 0.0
429.11 0.0
429.12 0.0
429.13 0.0
429.14 0.0
429.15 0.0
429.16 0.0
429.17 0.0
429.18 0.0
429.19 0.0
429.2 0.0
429.21 0.0
429.22 0.0
429.23 0.0
429.24 0.0
429.25 0.0
429.26 0.0
429.27 0.0
429.28 0.0
429.29 0.0
429.3 0.0
429.31 0.0
429.32 0.0
429.33 0.0
429.34 0.0
429.35 0.0
429.36 0.0
429.37 0.0
429.38 0.0
429.39 0.0
429.4 0.0
429.41 0.0
429.42 0.0
429.43 0.0
429.44 0.0
429.45 0.0
429.46 0.0
429.47 0.0
429.48 0.0
429.49 0.0
429.5 0.0
429.51 0.0
429.52 0.0
429.53 0.0
429.54 0.0
429.55 0.0
429.56 0.0
429.57 0.0
429.58 0.0
429.59 0.0
429.6 0.0
429.61 0.0
429.62 0.0
429.63 0.0
429.64 0.0
429.65 0.0
429.66 0.0
429.67 0.0
429.68 0.0
429.69 0.0
429.7 0.0
429.71 0.0
429.72 0.0
429.73 0.0
429.74 0.0
429.75 0.0
429.76 0.0
429.77 0.0
429.78 0.0
429.79 0.0
429.8 0.0
429.81 0.0
429.82 0.0
429.83 0.0
429.84 0.0
429.85 0.0
429.86 0.0
429.87 0.0
429.88 0.0
429.89 0.0
429.9 0.0
429.91 0.0
429.92 0.0
429.93 0.0
429.94 0.0
429.95 0.0
429.96 0.0
429.97 0.0
429.98 0.0
429.99 0.0
