400.0 2.68018378398e-64
400.01 4.40108782514e-64
400.02 7.22069843552e-64
400.03 1.18364670226e-63
400.04 1.93860214921e-63
400.05 3.17233468621e-63
400.06 5.18672261032e-63
400.07 8.47287417752e-63
400.08 1.38290454705e-62
400.09 2.25516002465e-62
400.1 3.67439834675e-62
400.11 5.98162003063e-62
400.12 9.72915493313e-62
400.13 1.5810846757e-61
400.14 2.56719496235e-61
400.15 4.16472458719e-61
400.16 6.75052320238e-61
400.17 1.09323189647e-60
400.18 1.7689308938e-60
400.19 2.85978347179e-60
400.2 4.61933170638e-60
400.21 7.45502079704e-60
400.22 1.20210466313e-59
400.23 1.93668690859e-59
400.24 3.11745551091e-59
400.25 5.01377481442e-59
400.26 8.0566240228e-59
400.27 1.29349597607e-58
400.28 2.07491724192e-58
400.29 3.32552478998e-58
400.3 5.32529060068e-58
400.31 8.52020702115e-58
400.32 1.36201125004e-57
400.33 2.17537911583e-57
400.34 3.47146609105e-57
400.35 5.53496160433e-57
400.36 8.81738918273e-57
400.37 1.40342471449e-56
400.38 2.23183427474e-56
400.39 3.54616123473e-56
400.4 5.62961539379e-56
400.41 8.92940838261e-56
400.42 1.41511051599e-55
400.43 2.24068983231e-55
400.44 3.54484166059e-55
400.45 5.60319389507e-55
400.46 8.84908106999e-55
400.47 1.39631823295e-54
400.48 2.20137665544e-54
400.49 3.46759219569e-54
400.5 5.45739501068e-54
400.51 8.58156457196e-54
400.52 1.34825261831e-53
400.53 2.11640989107e-53
400.54 3.31934203125e-53
400.55 5.20149206659e-53
400.56 8.14380916316e-53
400.57 1.27394579119e-52
400.58 1.99112268826e-52
400.59 3.10934424137e-52
400.6 4.85135777606e-52
400.61 7.56278082177e-52
400.62 1.17794072507e-51
400.63 1.83311230292e-51
400.64 2.85022024107e-51
400.65 4.42783552341e-51
400.66 6.87271370427e-51
400.67 1.06583195843e-50
400.68 1.65147854496e-50
400.69 2.55670632734e-50
400.7 3.95469021211e-50
400.71 6.11178128535e-50
400.72 9.43728025018e-50
400.73 1.45596056566e-49
400.74 2.24427506969e-49
400.75 3.45641809814e-49
400.76 5.31863476866e-49
400.77 8.17707118702e-49
400.78 1.25608520843e-48
400.79 1.9278095917e-48
400.8 2.95619368265e-48
400.81 4.52924011243e-48
400.82 6.93332435345e-48
400.83 1.06042852885e-47
400.84 1.6204849463e-47
400.85 2.47418580725e-47
400.86 3.7743601146e-47
400.87 5.75278402232e-47
400.88 8.76065378025e-47
400.89 1.33296479011e-46
400.9 2.02639707865e-46
400.91 3.07789738089e-46
400.92 4.67097382883e-46
400.93 7.08246512007e-46
400.94 1.07296404072e-45
400.95 1.62408816912e-45
400.96 2.45616619993e-45
400.97 3.71133033193e-45
400.98 5.60305884988e-45
400.99 8.45170771381e-45
401.0 1.27375959161e-44
401.01 1.9180246211e-44
401.02 2.88565628753e-44
401.03 4.33769224679e-44
401.04 6.514732443e-44
401.05 9.77593138307e-44
401.06 1.46569436302e-43
401.07 2.19559585925e-43
401.08 3.2861327302e-43
401.09 4.91407195637e-43
401.1 7.34212264013e-43
401.11 1.09603764285e-42
401.12 1.63475629365e-42
401.13 2.43615141991e-42
401.14 3.62726471782e-42
401.15 5.39607450023e-42
401.16 8.02047953657e-42
401.17 1.19109512087e-41
401.18 1.76732438056e-41
401.19 2.62005135684e-41
401.2 3.88085174476e-41
401.21 5.74338610048e-41
401.22 8.49244388459e-41
401.23 1.25464561024e-40
401.24 1.85196668331e-40
401.25 2.73129732945e-40
401.26 4.0246535663e-40
401.27 5.92531903306e-40
401.28 8.71602940685e-40
401.29 1.28100064209e-39
401.3 1.88106464364e-39
401.31 2.75982666327e-39
401.32 4.04560618193e-39
401.33 5.92528323423e-39
401.34 8.67078341007e-39
401.35 1.26774315299e-38
401.36 1.85194430543e-38
401.37 2.70301392101e-38
401.38 3.94177976328e-38
401.39 5.74328200217e-38
401.4 8.36087324478e-38
401.41 1.2160931719e-37
401.42 1.76728167058e-37
401.43 2.56606946529e-37
401.44 3.72267186519e-37
401.45 5.39591149567e-37
401.46 7.81445313397e-37
401.47 1.13072261042e-36
401.48 1.63469703459e-36
401.49 2.36125116661e-36
401.5 3.40777418531e-36
401.51 4.91386413571e-36
401.52 7.07944468316e-36
401.53 1.01905811887e-35
401.54 1.46562352258e-35
401.55 2.10605453285e-35
401.56 3.02371260646e-35
401.57 4.33745639032e-35
401.58 6.2166074506e-35
401.59 8.90216173585e-35
401.6 1.27368263735e-34
401.61 1.82075155437e-34
401.62 2.60054194267e-34
401.63 3.71108369039e-34
401.64 5.29128734568e-34
401.65 7.53781817844e-34
401.66 1.07288625336e-33
401.67 1.52575715981e-33
401.68 2.16790808446e-33
401.69 3.0776556463e-33
401.7 4.36538849028e-33
401.71 6.18656364129e-33
401.72 8.75991280357e-33
401.73 1.23929242187e-32
401.74 1.75174754445e-32
401.75 2.4739615935e-32
401.76 3.49090557322e-32
401.77 4.92160735081e-32
401.78 6.93265416203e-32
401.79 9.75698914156e-32
401.8 1.37200539795e-31
401.81 1.92761159903e-31
401.82 2.70587016607e-31
401.83 3.7950551388e-31
401.84 5.31805639646e-31
401.85 7.44580227916e-31
401.86 1.04158273586e-30
401.87 1.4557934425e-30
401.88 2.03296291895e-30
401.89 2.83650052408e-30
401.9 3.95421238083e-30
401.91 5.50758016888e-30
401.92 7.66452730856e-30
401.93 1.06569673908e-29
401.94 1.48049045015e-29
401.95 2.05495017497e-29
401.96 2.84984142308e-29
401.97 3.9487878861e-29
401.98 5.46676781864e-29
401.99 7.56172997951e-29
402.0 1.04504601527e-28
402.01 1.44302340325e-28
402.02 1.99083399535e-28
402.03 2.74422953476e-28
402.04 3.7794580792e-28
402.05 5.20070648101e-28
402.06 7.1502111529e-28
402.07 9.82198130486e-28
402.08 1.34804084615e-27
402.09 1.84854791755e-27
402.1 2.5326902953e-27
402.11 3.46702658878e-27
402.12 4.74193908623e-27
402.13 6.48005186504e-27
402.14 8.84758422158e-27
402.15 1.20696490289e-26
402.16 1.6450848016e-26
402.17 2.24029727773e-26
402.18 3.04822292319e-26
402.19 4.1439214143e-26
402.2 5.62859511473e-26
402.21 7.63857277259e-26
402.22 1.03573378787e-25
402.23 1.40316188839e-25
402.24 1.89928933171e-25
402.25 2.56861012384e-25
402.26 3.47079500335e-25
402.27 4.68579678097e-25
402.28 6.32064863151e-25
402.29 8.51850846798e-25
402.3 1.14706804959e-24
402.31 1.54325793708e-24
402.32 2.07449106155e-24
402.33 2.78617460244e-24
402.34 3.7387704605e-24
402.35 5.01271471816e-24
402.36 6.71492069002e-24
402.37 8.98736746048e-24
402.38 1.20184323284e-23
402.39 1.60578301035e-23
402.4 2.14362891902e-23
402.41 2.85914426013e-23
402.42 3.81018657304e-23
402.43 5.07317832725e-23
402.44 6.74897356697e-23
402.45 8.97054932256e-23
402.46 1.19130801078e-22
402.47 1.58071217515e-22
402.48 2.09558483581e-22
402.49 2.77575677413e-22
402.5 3.67351047119e-22
402.51 4.85741118345e-22
402.52 6.41729740974e-22
402.53 8.47077562822e-22
402.54 1.11716649477e-21
402.55 1.4720966977e-21
402.56 1.93811028952e-21
402.57 2.54943737629e-21
402.58 3.35068747565e-21
402.59 4.39994460351e-21
402.6 5.77276937337e-21
402.61 7.56736912556e-21
402.62 9.91127080667e-21
402.63 1.29699254228e-20
402.64 1.69577929257e-20
402.65 2.21526093527e-20
402.66 2.89137327755e-20
402.67 3.77057122797e-20
402.68 4.91285388813e-20
402.69 6.39564367283e-20
402.7 8.31875594729e-20
402.71 1.08107598407e-19
402.72 1.40371121115e-19
402.73 1.82105486267e-19
402.74 2.36043477264e-19
402.75 3.05692434198e-19
402.76 3.9554972698e-19
402.77 5.11377011122e-19
402.78 6.60548977134e-19
402.79 8.52496413954e-19
402.8 1.09926856697e-18
402.81 1.41624624415e-18
402.82 1.82304523574e-18
402.83 2.34465976826e-18
402.84 3.01290841526e-18
402.85 3.86826075662e-18
402.86 4.9621428871e-18
402.87 6.35984457491e-18
402.88 8.14418164078e-18
402.89 1.0420105419e-17
402.9 1.33204987667e-17
402.91 1.70134572096e-17
402.92 2.17114271695e-17
402.93 2.76826641353e-17
402.94 3.5265586226e-17
402.95 4.48867378452e-17
402.96 5.70832502174e-17
402.97 7.25308980224e-17
402.98 9.20791133259e-17
402.99 1.16794640743e-16
403.0 1.4801591498e-16
403.01 1.87420730245e-16
403.02 2.37110370816e-16
403.03 2.99714107949e-16
403.04 3.78518870338e-16
403.05 4.77629999761e-16
403.06 6.0217035449e-16
403.07 7.58526673786e-16
403.08 9.54654131769e-16
403.09 1.20045246605e-15
403.1 1.50823005957e-15
403.11 1.89327599628e-15
403.12 2.37456453878e-15
403.13 2.97562185259e-15
403.14 3.72559132393e-15
403.15 4.66054172142e-15
403.16 5.82507202008e-15
403.17 7.27427827599e-15
403.18 9.07616191678e-15
403.19 1.13145756793e-14
403.2 1.40928237579e-14
403.21 1.75380572086e-14
403.22 2.18066351072e-14
403.23 2.70906573468e-14
403.24 3.36259174402e-14
403.25 4.17015746282e-14
403.26 5.16719056056e-14
403.27 6.3970569173e-14
403.28 7.9127904374e-14
403.29 9.77918868427e-14
403.3 1.20753492323e-13
403.31 1.48977364327e-13
403.32 1.83638859024e-13
403.33 2.26168749848e-13
403.34 2.78307122907e-13
403.35 3.42168289207e-13
403.36 4.20318889101e-13
403.37 5.15871777914e-13
403.38 6.32598770591e-13
403.39 7.7506590057e-13
403.4 9.48795529072e-13
403.41 1.16046044347e-12
403.42 1.41811602783e-12
403.43 1.73147769889e-12
403.44 2.11225210483e-12
403.45 2.57453211313e-12
403.46 3.13526740601e-12
403.47 3.81482459858e-12
403.48 4.63765324626e-12
403.49 5.63307696994e-12
403.5 6.83623226544e-12
403.51 8.28918145191e-12
403.52 1.00422307381e-11
403.53 1.21554896438e-11
403.54 1.47007141161e-11
403.55 1.77634827585e-11
403.56 2.14457637844e-11
403.57 2.5868939787e-11
403.58 3.11773683676e-11
403.59 3.75425693024e-11
403.6 4.51681434911e-11
403.61 5.42955456939e-11
403.62 6.5210852339e-11
403.63 7.8252687812e-11
403.64 9.38214980226e-11
403.65 1.12390389111e-10
403.66 1.34517782421e-10
403.67 1.60862174859e-10
403.68 1.9219933711e-10
403.69 2.2944233162e-10
403.7 2.73664788454e-10
403.71 3.26127941082e-10
403.72 3.88311996726e-10
403.73 4.61952498123e-10
403.74 5.49082426736e-10
403.75 6.52080902732e-10
403.76 7.7372945594e-10
403.77 9.17276976104e-10
403.78 1.08651460168e-09
403.79 1.28586197621e-09
403.8 1.52046649192e-09
403.81 1.7963173539e-09
403.82 2.1203765376e-09
403.83 2.50072897993e-09
403.84 2.94675464289e-09
403.85 3.4693254218e-09
403.86 4.08103024083e-09
403.87 4.7964320903e-09
403.88 5.63236121775e-09
403.89 6.60824919076e-09
403.9 7.74650911022e-09
403.91 9.07296787127e-09
403.92 1.06173570513e-08
403.93 1.24138697558e-08
403.94 1.45017915771e-08
403.95 1.69262147285e-08
403.96 1.97388454046e-08
403.97 2.29989155046e-08
403.98 2.67742110388e-08
403.99 3.11422308218e-08
404.0 3.61914904614e-08
404.01 4.20229881672e-08
404.02 4.87518505478e-08
404.03 5.65091783436e-08
404.04 6.54441139552e-08
404.05 7.57261546907e-08
404.06 8.75477378643e-08
404.07 1.0112712625e-07
404.08 1.16711624925e-07
404.09 1.34581163221e-07
404.1 1.55052278404e-07
404.11 1.78482540679e-07
404.12 2.05275462398e-07
404.13 2.35885937674e-07
404.14 2.7082626219e-07
404.15 3.10672786697e-07
404.16 3.56073261584e-07
404.17 4.07754933937e-07
404.18 4.66533462659e-07
404.19 5.33322721545e-07
404.2 6.09145564619e-07
404.21 6.95145632507e-07
404.22 7.92600283223e-07
404.23 9.02934735324e-07
404.24 1.02773751598e-06
404.25 1.16877731113e-06
404.26 1.32802131922e-06
404.27 1.5076552147e-06
404.28 1.71010483119e-06
404.29 1.93805967859e-06
404.3 2.19449841173e-06
404.31 2.48271637166e-06
404.32 2.80635532321e-06
404.33 3.16943551492e-06
404.34 3.57639018903e-06
404.35 4.03210267002e-06
404.36 4.54194616035e-06
404.37 5.11182637117e-06
404.38 5.74822711383e-06
404.39 6.45825897497e-06
404.4 7.24971119348e-06
404.41 8.13110685203e-06
404.42 9.11176148829e-06
404.43 1.02018452221e-05
404.44 1.14124484837e-05
404.45 1.27556514165e-05
404.46 1.42445970102e-05
404.47 1.58935680074e-05
404.48 1.77180676029e-05
404.49 1.97349039366e-05
404.5 2.19622783534e-05
404.51 2.44198773811e-05
404.52 2.71289683412e-05
404.53 3.01124984813e-05
404.54 3.33951974789e-05
404.55 3.7003683128e-05
404.56 4.09665699819e-05
404.57 4.53145806779e-05
404.58 5.00806596258e-05
404.59 5.53000886913e-05
404.6 6.1010604454e-05
404.61 6.72525165649e-05
404.62 7.40688266716e-05
404.63 8.15053473208e-05
404.64 8.96108201879e-05
404.65 9.84370329193e-05
404.66 0.000108038933813
404.67 0.000118474743499
404.68 0.000129806062707
404.69 0.000142097975173
404.7 0.00015541914463
404.71 0.00016984190481
404.72 0.000185442341302
404.73 0.000202300364047
404.74 0.000220499769223
404.75 0.000240128289201
404.76 0.000261277629224
404.77 0.000284043489398
404.78 0.0003085255706
404.79 0.000334827562827
404.8 0.000363057114527
404.81 0.000393325781457
404.82 0.000425748953567
404.83 0.000460445758492
404.84 0.000497538940192
404.85 0.000537154711364
404.86 0.00057942257829
404.87 0.000624475136835
404.88 0.000672447838412
404.89 0.000723478724805
404.9 0.000777708130866
404.91 0.000835278354221
404.92 0.000896333291257
404.93 0.000961018038835
404.94 0.00102947846132
404.95 0.00110186072276
404.96 0.00117831078413
404.97 0.00125897386602
404.98 0.00134399387699
404.99 0.00143351280858
405.0 0.00152767009757
405.01 0.00162660195713
405.02 0.00173044067798
405.03 0.00183931390164
405.04 0.00195334386761
405.05 0.0020726466371
405.06 0.00219733129578
405.07 0.00232749913865
405.08 0.00246324284019
405.09 0.00260464561352
405.1 0.00275178036217
405.11 0.00290470882877
405.12 0.00306348074496
405.13 0.00322813298708
405.14 0.00339868874254
405.15 0.00357515669182
405.16 0.00375753021145
405.17 0.00394578660307
405.18 0.00413988635438
405.19 0.00433977243714
405.2 0.00454536964821
405.21 0.00475658399891
405.22 0.00497330215853
405.23 0.00519539095739
405.24 0.00542269695484
405.25 0.00565504607753
405.26 0.00589224333297
405.27 0.0061340726032
405.28 0.00638029652303
405.29 0.00663065644718
405.3 0.00688487250999
405.31 0.00714264378123
405.32 0.00740364852085
405.33 0.00766754453515
405.34 0.00793396963634
405.35 0.00820254220674
405.36 0.00847286186842
405.37 0.0087445102584
405.38 0.00901705190891
405.39 0.00929003523145
405.4 0.00956299360288
405.41 0.00983544655093
405.42 0.0101069010359
405.43 0.0103768528246
405.44 0.010644787952
405.45 0.0109101842655
405.46 0.0111725130448
405.47 0.0114312406931
405.48 0.0116858304895
405.49 0.0119357443979
405.5 0.0121804449216
405.51 0.0124193969968
405.52 0.0126520699148
405.53 0.012877939264
405.54 0.013096488881
405.55 0.0133072128026
405.56 0.013509617206
405.57 0.0137032223292
405.58 0.0138875643594
405.59 0.0140621972807
405.6 0.0142266946689
405.61 0.0143806514255
405.62 0.0145236854392
405.63 0.0146554391669
405.64 0.0147755811239
405.65 0.0148838072753
405.66 0.0149798423203
405.67 0.0150634408622
405.68 0.0151343884562
405.69 0.0151925025303
405.7 0.0152376331723
405.71 0.0152696637796
405.72 0.0152885115665
405.73 0.0152941279276
405.74 0.0152864986538
405.75 0.0152656440006
405.76 0.0152316186079
405.77 0.0151845112717
405.78 0.0151244445698
405.79 0.0150515743439
405.8 0.0149660890403
405.81 0.0148682089144
405.82 0.0147581851037
405.83 0.0146362985746
405.84 0.0145028589501
405.85 0.0143582032246
405.86 0.014202694375
405.87 0.0140367198747
405.88 0.0138606901211
405.89 0.013675036785
405.9 0.0134802110911
405.91 0.0132766820416
405.92 0.0130649345911
405.93 0.0128454677839
405.94 0.0126187928655
405.95 0.0123854313769
405.96 0.0121459132437
405.97 0.0119007748699
405.98 0.0116505572466
405.99 0.0113958040856
406.0 0.0111370599885
406.01 0.0108748686584
406.02 0.010609771166
406.03 0.010342304276
406.04 0.0100729988431
406.05 0.00980237828475
406.06 0.00953095713687
406.07 0.00925923969902
406.08 0.00898771877453
406.09 0.00871687451009
406.1 0.00844717333905
406.11 0.00817906703175
406.12 0.00791299185548
406.13 0.00764936784617
406.14 0.0073885981929
406.15 0.00713106873586
406.16 0.00687714757776
406.17 0.00662718480764
406.18 0.00638151233602
406.19 0.0061404438391
406.2 0.0059042748095
406.21 0.00567328271049
406.22 0.00544772722984
406.23 0.00522785062936
406.24 0.00501387818536
406.25 0.00480601871514
406.26 0.00460446518408
406.27 0.00440939538764
406.28 0.00422097270231
406.29 0.00403934689921
406.3 0.00386465501392
406.31 0.00369702226587
406.32 0.00353656302054
406.33 0.00338338178757
406.34 0.00323757424778
406.35 0.00309922830222
406.36 0.00296842513604
406.37 0.00284524029044
406.38 0.0027297447355
406.39 0.00262200593726
406.4 0.00252208891206
406.41 0.00243005726166
406.42 0.00234597418255
406.43 0.00226990344305
406.44 0.00220191032216
406.45 0.00214206250402
406.46 0.00209043092244
406.47 0.00204709054967
406.48 0.00201212112446
406.49 0.00198560781409
406.5 0.00196764180582
406.51 0.00195832082323
406.52 0.00195774956324
406.53 0.00196604005009
406.54 0.00198331190271
406.55 0.00200969251226
406.56 0.00204531712724
406.57 0.00209032884354
406.58 0.00214487849763
406.59 0.00220912446111
406.6 0.0022832323356
406.61 0.00236737454722
406.62 0.00246172984037
406.63 0.00256648267111
406.64 0.0026818225009
406.65 0.00280794299189
406.66 0.00294504110568
406.67 0.00309331610783
406.68 0.00325296848106
406.69 0.00342419875069
406.7 0.0036072062264
406.71 0.003802187665
406.72 0.00400933585951
406.73 0.00422883816058
406.74 0.00446087493654
406.75 0.00470561797949
406.76 0.004963228865
406.77 0.00523385727367
406.78 0.00551763928364
406.79 0.00581469564328
406.8 0.00612513003408
406.81 0.00644902733416
406.82 0.00678645189324
406.83 0.00713744583035
406.84 0.00750202736589
406.85 0.00788018919994
406.86 0.00827189694898
406.87 0.00867708765327
406.88 0.00909566836734
406.89 0.00952751484593
406.9 0.00997247033775
406.91 0.0104303444993
406.92 0.0109009124405
406.93 0.0113839139138
406.94 0.0118790526583
406.95 0.0123859959085
406.96 0.0129043740789
406.97 0.0134337806328
406.98 0.0139737721442
406.99 0.0145238685597
407.0 0.0150835536676
407.01 0.0156522757794
407.02 0.0162294486268
407.03 0.0168144524789
407.04 0.0174066354793
407.05 0.0180053152042
407.06 0.01860978044
407.07 0.019219293177
407.08 0.0198330908152
407.09 0.0204503885752
407.1 0.0210703821082
407.11 0.021692250293
407.12 0.0223151582122
407.13 0.0229382602923
407.14 0.023560703595
407.15 0.0241816312433
407.16 0.0248001859668
407.17 0.025415513745
407.18 0.0260267675318
407.19 0.0266331110383
407.2 0.0272337225528
407.21 0.0278277987745
407.22 0.0284145586385
407.23 0.0289932471057
407.24 0.0295631388954
407.25 0.0301235421333
407.26 0.0306738018909
407.27 0.0312133035916
407.28 0.0317414762576
407.29 0.0322577955737
407.3 0.0327617867454
407.31 0.0332530271268
407.32 0.0337311485973
407.33 0.0341958396678
407.34 0.0346468472948
407.35 0.0350839783877
407.36 0.0355071009917
407.37 0.0359161451334
407.38 0.0363111033181
407.39 0.0366920306677
407.4 0.0370590446944
407.41 0.0374123247039
407.42 0.0377521108271
407.43 0.0380787026803
407.44 0.0383924576577
407.45 0.0386937888621
407.46 0.0389831626814
407.47 0.0392610960245
407.48 0.0395281532275
407.49 0.0397849426493
407.5 0.0400321129744
407.51 0.040270349244
407.52 0.0405003686401
407.53 0.0407229160466
407.54 0.0409387594171
407.55 0.0411486849771
407.56 0.0413534922917
407.57 0.0415539892326
407.58 0.041750986875
407.59 0.0419452943611
407.6 0.0421377137635
407.61 0.042329034984
407.62 0.0425200307219
407.63 0.042711451549
407.64 0.0429040211226
407.65 0.0430984315725
407.66 0.0432953390929
407.67 0.0434953597712
407.68 0.0436990656833
407.69 0.0439069812822
407.7 0.0441195801067
407.71 0.0443372818331
407.72 0.0445604496903
407.73 0.0447893882579
407.74 0.0450243416608
407.75 0.0452654921741
407.76 0.0455129592472
407.77 0.0457667989531
407.78 0.0460270038654
407.79 0.0462935033639
407.8 0.0465661643629
407.81 0.046844792457
407.82 0.0471291334738
407.83 0.047418875419
407.84 0.0477136507989
407.85 0.0480130392994
407.86 0.0483165708006
407.87 0.0486237287012
407.88 0.0489339535262
407.89 0.0492466467876
407.9 0.0495611750682
407.91 0.0498768742939
407.92 0.0501930541611
407.93 0.0505090026836
407.94 0.0508239908223
407.95 0.0511372771617
407.96 0.051448112595
407.97 0.0517557449826
407.98 0.0520594237456
407.99 0.0523584043611
408.0 0.0526519527222
408.01 0.052939349332
408.02 0.0532198932977
408.03 0.0534929060975
408.04 0.0537577350909
408.05 0.0540137567483
408.06 0.0542603795779
408.07 0.0544970467293
408.08 0.054723238258
408.09 0.0549384730362
408.1 0.0551423103016
408.11 0.0553343508342
408.12 0.0555142377606
408.13 0.0556816569828
408.14 0.055836337236
408.15 0.0559780497811
408.16 0.0561066077417
408.17 0.0562218650978
408.18 0.0563237153519
408.19 0.0564120898863
408.2 0.0564869560319
408.21 0.0565483148727
408.22 0.0565961988104
408.23 0.056630668919
408.24 0.0566518121153
408.25 0.0566597381793
408.26 0.0566545766536
408.27 0.0566364736559
408.28 0.056605588637
408.29 0.0565620911167
408.3 0.0565061574328
408.31 0.0564379675327
408.32 0.0563577018424
408.33 0.056265538241
408.34 0.0561616491727
408.35 0.0560461989212
408.36 0.0559193410756
408.37 0.0557812162094
408.38 0.0556319497948
408.39 0.0554716503721
408.4 0.0553004079905
408.41 0.055118292933
408.42 0.0549253547382
408.43 0.054721621525
408.44 0.0545070996271
408.45 0.0542817735375
408.46 0.0540456061634
408.47 0.0537985393861
408.48 0.0535404949209
408.49 0.0532713754652
408.5 0.0529910661244
408.51 0.0526994360987
408.52 0.0523963406158
408.53 0.0520816230882
408.54 0.0517551174739
408.55 0.0514166508192
408.56 0.0510660459557
408.57 0.0507031243289
408.58 0.0503277089285
408.59 0.0499396272948
408.6 0.0495387145722
408.61 0.0491248165805
408.62 0.0486977928775
408.63 0.0482575197832
408.64 0.0478038933387
408.65 0.0473368321732
408.66 0.0468562802531
408.67 0.0463622094895
408.68 0.0458546221799
408.69 0.0453335532645
408.7 0.0447990723758
408.71 0.0442512856657
408.72 0.0436903373933
408.73 0.0431164112615
408.74 0.0425297314902
408.75 0.0419305636185
408.76 0.0413192150288
408.77 0.0406960351905
408.78 0.0400614156196
408.79 0.0394157895572
408.8 0.0387596313691
408.81 0.0380934556718
408.82 0.0374178161931
408.83 0.036733304376
408.84 0.0360405477389
408.85 0.0353402080029
408.86 0.034632979004
408.87 0.0339195844036
408.88 0.0332007752175
408.89 0.0324773271798
408.9 0.0317500379626
408.91 0.0310197242723
408.92 0.0302872188408
408.93 0.0295533673362
408.94 0.028819025212
408.95 0.0280850545161
408.96 0.0273523206828
408.97 0.0266216893262
408.98 0.0258940230562
408.99 0.0251701783378
409.0 0.02445100241
409.01 0.0237373302846
409.02 0.0230299818401
409.03 0.0223297590273
409.04 0.0216374431998
409.05 0.0209537925843
409.06 0.0202795398999
409.07 0.0196153901397
409.08 0.0189620185203
409.09 0.0183200686096
409.1 0.0176901506363
409.11 0.0170728399869
409.12 0.0164686758932
409.13 0.0158781603113
409.14 0.0153017569919
409.15 0.0147398907428
409.16 0.0141929468787
409.17 0.0136612708567
409.18 0.0131451680919
409.19 0.0126449039477
409.2 0.0121607038948
409.21 0.0116927538305
409.22 0.0112412005511
409.23 0.0108061523681
409.24 0.0103876798594
409.25 0.0099858167449
409.26 0.00960056087801
409.27 0.00923187534061
409.28 0.00887968963283
409.29 0.00854390094613
409.3 0.00822437550943
409.31 0.00792094999763
409.32 0.00763343299258
409.33 0.00736160648603
409.34 0.00710522741516
409.35 0.00686402922109
409.36 0.00663772342144
409.37 0.00642600118844
409.38 0.00622853492444
409.39 0.00604497982741
409.4 0.00587497543941
409.41 0.00571814717155
409.42 0.0055741077997
409.43 0.00544245892567
409.44 0.0053227923992
409.45 0.00521469169663
409.46 0.0051177332529
409.47 0.00503148774376
409.48 0.00495552131605
409.49 0.00488939676389
409.5 0.00483267464978
409.51 0.00478491436948
409.52 0.00474567516042
409.53 0.00471451705356
409.54 0.00469100176915
409.55 0.00467469355722
409.56 0.00466515998369
409.57 0.00466197266372
409.58 0.00466470794373
409.59 0.00467294753406
409.6 0.00468627909429
409.61 0.00470429677333
409.62 0.00472660170674
409.63 0.00475280247352
409.64 0.00478251551496
409.65 0.00481536551798
409.66 0.00485098576549
409.67 0.00488901845619
409.68 0.00492911499638
409.69 0.00497093626599
409.7 0.00501415286124
409.71 0.00505844531607
409.72 0.00510350430447
409.73 0.0051490308256
409.74 0.0051947363735
409.75 0.00524034309318
409.76 0.00528558392447
409.77 0.00533020273504
409.78 0.00537395444374
409.79 0.0054166051354
409.8 0.00545793216784
409.81 0.00549772427176
409.82 0.00553578164426
409.83 0.00557191603615
409.84 0.00560595083342
409.85 0.00563772113296
409.86 0.00566707381244
409.87 0.00569386759431
409.88 0.0057179731035
409.89 0.00573927291864
409.9 0.00575766161614
409.91 0.00577304580668
409.92 0.0057853441636
409.93 0.00579448744225
409.94 0.00580041848988
409.95 0.00580309224512
409.96 0.00580247572631
409.97 0.00579854800801
409.98 0.0057913001847
409.99 0.00578073532113
410.0 0.00576686838832
410.01 0.00574972618473
410.02 0.00572934724171
410.03 0.0057057817127
410.04 0.00567909124554
410.05 0.0056493488374
410.06 0.00561663867188
410.07 0.00558105593773
410.08 0.00554270662914
410.09 0.00550170732703
410.1 0.00545818496144
410.11 0.00541227655473
410.12 0.00536412894568
410.13 0.00531389849439
410.14 0.00526175076832
410.15 0.00520786020941
410.16 0.00515240978274
410.17 0.00509559060683
410.18 0.00503760156621
410.19 0.00497864890637
410.2 0.0049189458118
410.21 0.00485871196752
410.22 0.00479817310459
410.23 0.00473756053026
410.24 0.00467711064324
410.25 0.00461706443481
410.26 0.00455766697628
410.27 0.00449916689347
410.28 0.00444181582882
410.29 0.00438586789178
410.3 0.00433157909811
410.31 0.00427920679866
410.32 0.00422900909833
410.33 0.00418124426574
410.34 0.00413617013436
410.35 0.00409404349552
410.36 0.00405511948416
410.37 0.00401965095772
410.38 0.00398788786897
410.39 0.00396007663343
410.4 0.0039364594919
410.41 0.0039172738691
410.42 0.00390275172897
410.43 0.00389311892748
410.44 0.00388859456386
410.45 0.00388939033128
410.46 0.00389570986776
410.47 0.00390774810863
410.48 0.00392569064167
410.49 0.00394971306623
410.5 0.00397998035771
410.51 0.00401664623902
410.52 0.0040598525606
410.53 0.00410972869081
410.54 0.00416639091863
410.55 0.00422994187067
410.56 0.00430046994472
410.57 0.00437804876211
410.58 0.00446273664133
410.59 0.0045545760955
410.6 0.00465359335628
410.61 0.00475979792705
410.62 0.00487318216818
410.63 0.00499372091737
410.64 0.00512137114793
410.65 0.00525607166815
410.66 0.00539774286468
410.67 0.00554628649295
410.68 0.00570158551777
410.69 0.00586350400672
410.7 0.00603188707951
410.71 0.00620656091574
410.72 0.0063873328238
410.73 0.00657399137318
410.74 0.00676630659243
410.75 0.00696403023463
410.76 0.00716689611207
410.77 0.00737462050146
410.78 0.00758690262064
410.79 0.0078034251776
410.8 0.0080238549918
410.81 0.00824784368797
410.82 0.00847502846155
410.83 0.00870503291491
410.84 0.00893746796285
410.85 0.00917193280532
410.86 0.00940801596512
410.87 0.00964529638754
410.88 0.00988334459849
410.89 0.0101217239175
410.9 0.010359991721
410.91 0.0105977007511
410.92 0.0108344004651
410.93 0.0110696384194
410.94 0.0113029616825
410.95 0.0115339182698
410.96 0.0117620585954
410.97 0.0119869369312
410.98 0.0122081128689
410.99 0.0124251527759
411.0 0.0126376312378
411.01 0.0128451324811
411.02 0.0130472517664
411.03 0.0132435967475
411.04 0.0134337887858
411.05 0.0136174642153
411.06 0.01379427555
411.07 0.013963892626
411.08 0.0141260036743
411.09 0.0142803163158
411.1 0.0144265584736
411.11 0.0145644791984
411.12 0.0146938494003
411.13 0.0148144624851
411.14 0.0149261348897
411.15 0.0150287065153
411.16 0.0151220410549
411.17 0.0152060262143
411.18 0.0152805738259
411.19 0.0153456198542
411.2 0.0154011242954
411.21 0.0154470709703
411.22 0.0154834672143
411.23 0.0155103434664
411.24 0.0155277527603
411.25 0.0155357701229
411.26 0.0155344918835
411.27 0.0155240348996
411.28 0.0155045357053
411.29 0.015476149588
411.3 0.0154390496006
411.31 0.0153934255162
411.32 0.0153394827321
411.33 0.0152774411321
411.34 0.0152075339138
411.35 0.015130006389
411.36 0.0150451147661
411.37 0.0149531249219
411.38 0.014854311171
411.39 0.0147489550405
411.4 0.0146373440579
411.41 0.0145197705602
411.42 0.0143965305299
411.43 0.0142679224662
411.44 0.0141342462968
411.45 0.0139958023366
411.46 0.0138528902987
411.47 0.0137058083621
411.48 0.0135548523018
411.49 0.0134003146824
411.5 0.0132424841216
411.51 0.0130816446231
411.52 0.0129180749825
411.53 0.012752048267
411.54 0.0125838313693
411.55 0.0124136846354
411.56 0.0122418615664
411.57 0.0120686085925
411.58 0.0118941649174
411.59 0.0117187624308
411.6 0.0115426256866
411.61 0.0113659719429
411.62 0.0111890112602
411.63 0.0110119466544
411.64 0.0108349742991
411.65 0.0106582837729
411.66 0.0104820583481
411.67 0.0103064753128
411.68 0.0101317063243
411.69 0.00995791778622
411.7 0.00978527124532
411.71 0.00961392380163
411.72 0.00944402852758
411.73 0.00927573489035
411.74 0.00910918917251
411.75 0.00894453488621
411.76 0.00878191317621
411.77 0.00862146320736
411.78 0.00846332253249
411.79 0.00830762743686
411.8 0.00815451325568
411.81 0.00800411466169
411.82 0.00785656591993
411.83 0.00771200110727
411.84 0.00757055429482
411.85 0.00743235969144
411.86 0.00729755174713
411.87 0.00716626521537
411.88 0.00703863517393
411.89 0.00691479700382
411.9 0.00679488632673
411.91 0.00667903890125
411.92 0.00656739047872
411.93 0.00646007661981
411.94 0.00635723247306
411.95 0.00625899251712
411.96 0.00616549026823
411.97 0.00607685795525
411.98 0.0059932261641
411.99 0.00591472345417
412.0 0.00584147594901
412.01 0.00577360690392
412.02 0.00571123625308
412.03 0.00565448013888
412.04 0.00560345042628
412.05 0.00555825420493
412.06 0.00551899328186
412.07 0.00548576366759
412.08 0.00545865505826
412.09 0.00543775031679
412.1 0.00542312495557
412.11 0.00541484662341
412.12 0.0054129745994
412.13 0.00541755929617
412.14 0.0054286417751
412.15 0.0054462532758
412.16 0.00547041476236
412.17 0.00550113648846
412.18 0.00553841758379
412.19 0.00558224566364
412.2 0.00563259646403
412.21 0.00568943350411
412.22 0.00575270777794
412.23 0.00582235747751
412.24 0.00589830774868
412.25 0.00598047048194
412.26 0.00606874413952
412.27 0.00616301362055
412.28 0.00626315016576
412.29 0.00636901130317
412.3 0.0064804408362
412.31 0.00659726887547
412.32 0.00671931191544
412.33 0.00684637295719
412.34 0.00697824167811
412.35 0.00711469464961
412.36 0.00725549560351
412.37 0.00740039574778
412.38 0.00754913413216
412.39 0.00770143806389
412.4 0.00785702357388
412.41 0.00801559593313
412.42 0.00817685021932
412.43 0.00834047193304
412.44 0.00850613766301
412.45 0.00867351579951
412.46 0.00884226729475
412.47 0.00901204646879
412.48 0.00918250185951
412.49 0.00935327711442
412.5 0.00952401192234
412.51 0.00969434298233
412.52 0.00986390500705
412.53 0.0100323317576
412.54 0.0101992571063
412.55 0.0103643161239
412.56 0.0105271461875
412.57 0.0106873881044
412.58 0.0108446872485
412.59 0.010998694703
412.6 0.0111490684068
412.61 0.0112954742975
412.62 0.0114375874468
412.63 0.0115750931827
412.64 0.0117076881936
412.65 0.011835081608
412.66 0.0119569960445
412.67 0.012073168627
412.68 0.0121833519588
412.69 0.0122873150511
412.7 0.0123848441991
412.71 0.0124757438028
412.72 0.0125598371241
412.73 0.0126369669794
412.74 0.0127069963594
412.75 0.0127698089746
412.76 0.0128253097212
412.77 0.0128734250641
412.78 0.0129141033339
412.79 0.0129473149357
412.8 0.0129730524661
412.81 0.0129913307387
412.82 0.0130021867143
412.83 0.0130056793375
412.84 0.0130018892777
412.85 0.0129909185759
412.86 0.0129728901972
412.87 0.0129479474918
412.88 0.012916253565
412.89 0.0128779905598
412.9 0.0128333588548
412.91 0.0127825761804
412.92 0.0127258766587
412.93 0.0126635097703
412.94 0.0125957392537
412.95 0.0125228419426
412.96 0.012445106547
412.97 0.0123628323835
412.98 0.0122763280628
412.99 0.0121859101393
413.0 0.0120919017308
413.01 0.0119946311158
413.02 0.0118944303142
413.03 0.0117916336601
413.04 0.0116865763735
413.05 0.0115795931379
413.06 0.011471016692
413.07 0.011361176442
413.08 0.0112503971011
413.09 0.0111389973646
413.1 0.0110272886253
413.11 0.0109155737367
413.12 0.0108041458297
413.13 0.0106932871882
413.14 0.0105832681892
413.15 0.0104743463117
413.16 0.0103667652196
413.17 0.0102607539213
413.18 0.0101565260107
413.19 0.0100542789916
413.2 0.00995419368874
413.21 0.00985643374599
413.22 0.00976114521504
413.23 0.0096684562337
413.24 0.00957847679505
413.25 0.00949129860709
413.26 0.00940699504216
413.27 0.009325621175
413.28 0.00924721390794
413.29 0.0091717921809
413.3 0.00909935726405
413.31 0.00902989312987
413.32 0.00896336690164
413.33 0.00889972937446
413.34 0.00883891560516
413.35 0.00878084556652
413.36 0.0087254248616
413.37 0.00867254549331
413.38 0.00862208668433
413.39 0.00857391574234
413.4 0.00852788896535
413.41 0.00848385258184
413.42 0.00844164372032
413.43 0.00840109140305
413.44 0.00836201755839
413.45 0.00832423804646
413.46 0.00828756369299
413.47 0.00825180132582
413.48 0.00821675480936
413.49 0.00818222607162
413.5 0.00814801611938
413.51 0.00811392603667
413.52 0.00807975796209
413.53 0.00804531604097
413.54 0.00801040734815
413.55 0.00797484277778
413.56 0.00793843789661
413.57 0.00790101375754
413.58 0.00786239767051
413.59 0.00782242392801
413.6 0.00778093448293
413.61 0.00773777957656
413.62 0.00769281831494
413.63 0.00764591919219
413.64 0.00759696055941
413.65 0.00754583103841
413.66 0.00749242987944
413.67 0.00743666726278
413.68 0.00737846454388
413.69 0.00731775444244
413.7 0.00725448117574
413.71 0.00718860053693
413.72 0.00712007991929
413.73 0.00704889828761
413.74 0.00697504609798
413.75 0.00689852516777
413.76 0.00681934849742
413.77 0.00673754004615
413.78 0.00665313446363
413.79 0.00656617678001
413.8 0.00647672205672
413.81 0.00638483500052
413.82 0.00629058954368
413.83 0.00619406839281
413.84 0.00609536254944
413.85 0.00599457080511
413.86 0.00589179921398
413.87 0.00578716054605
413.88 0.00568077372381
413.89 0.00557276324561
413.9 0.00546325859853
413.91 0.00535239366392
413.92 0.00524030611839
413.93 0.00512713683333
413.94 0.00501302927561
413.95 0.00489812891234
413.96 0.00478258262228
413.97 0.00466653811649
413.98 0.0045501433706
413.99 0.00443354607109
414.0 0.00431689307771
414.01 0.00420032990413
414.02 0.00408400021864
414.03 0.00396804536668
414.04 0.00385260391688
414.05 0.00373781123173
414.06 0.00362379906455
414.07 0.00351069518343
414.08 0.0033986230233
414.09 0.0032877013668
414.1 0.00317804405446
414.11 0.00306975972469
414.12 0.00296295158366
414.13 0.00285771720533
414.14 0.00275414836136
414.15 0.00265233088076
414.16 0.00255234453885
414.17 0.00245426297505
414.18 0.00235815363873
414.19 0.00226407776251
414.2 0.00217209036189
414.21 0.00208224026043
414.22 0.00199457013922
414.23 0.00190911660949
414.24 0.00182591030715
414.25 0.00174497600784
414.26 0.00166633276121
414.27 0.00158999404289
414.28 0.00151596792275
414.29 0.00144425724793
414.3 0.00137485983918
414.31 0.0013077686989
414.32 0.00124297222949
414.33 0.0011804544604
414.34 0.00112019528245
414.35 0.00106217068808
414.36 0.00100635301587
414.37 0.000952711198202
414.38 0.00090121101063
414.39 0.000851815321713
414.4 0.000804484342109
414.41 0.000759175871789
414.42 0.000715845544315
414.43 0.000674447067155
414.44 0.000634932457139
414.45 0.000597252270182
414.46 0.000561355824514
414.47 0.000527191416715
414.48 0.000494706529947
414.49 0.000463848033821
414.5 0.000434562375463
414.51 0.000406795761359
414.52 0.000380494329686
414.53 0.000355604312868
414.54 0.000332072190186
414.55 0.00030984483032
414.56 0.000288869623782
414.57 0.00026909460524
414.58 0.000250468565792
414.59 0.000232941155308
414.6 0.000216462975002
414.61 0.000200985660421
414.62 0.000186461955113
414.63 0.000172845775233
414.64 0.000160092265402
414.65 0.000148157846153
414.66 0.000137000253322
414.67 0.000126578569747
414.68 0.000116853249689
414.69 0.000107786136359
414.7 9.93404729721e-05
414.71 9.14809077436e-05
414.72 8.41734932481e-05
414.73 7.73856805607e-05
414.74 7.1086308596e-05
414.75 6.52455890578e-05
414.76 5.9835087401e-05
414.77 5.48277002023e-05
414.78 5.01976293216e-05
414.79 4.59203532238e-05
414.8 4.19725958202e-05
414.81 3.83322931673e-05
414.82 3.49785583524e-05
414.83 3.18916448706e-05
414.84 2.90529087884e-05
414.85 2.64447699656e-05
414.86 2.4050672591e-05
414.87 2.18550452723e-05
414.88 1.98432608977e-05
414.89 1.80015964727e-05
414.9 1.63171931175e-05
414.91 1.4778016391e-05
414.92 1.33728170951e-05
414.93 1.20910926917e-05
414.94 1.09230494547e-05
414.95 9.85956545892e-06
414.96 8.89215450001e-06
414.97 8.01293101956e-06
414.98 7.21457610228e-06
414.99 6.49030459718e-06
415.0 5.83383340504e-06
415.01 5.23935096364e-06
415.02 4.70148795291e-06
415.03 4.21528923376e-06
415.04 3.77618702581e-06
415.05 3.3799753228e-06
415.06 3.02278553741e-06
415.07 2.70106336179e-06
415.08 2.41154682486e-06
415.09 2.15124552321e-06
415.1 1.91742099807e-06
415.11 1.70756822823e-06
415.12 1.51939820528e-06
415.13 1.35082155594e-06
415.14 1.19993317382e-06
415.15 1.06499782219e-06
415.16 9.44436667634e-07
415.17 8.36814704518e-07
415.18 7.40829029268e-07
415.19 6.552979238e-07
415.2 5.79150707455e-07
415.21 5.1141831729e-07
415.22 4.51224577197e-07
415.23 3.97778117116e-07
415.24 3.50364904565e-07
415.25 3.08341351772e-07
415.26 2.7112796287e-07
415.27 2.38203486876e-07
415.28 2.09099543483e-07
415.29 1.83395690064e-07
415.3 1.60714899691e-07
415.31 1.40719421373e-07
415.32 1.23106995162e-07
415.33 1.07607396164e-07
415.34 9.39792829425e-08
415.35 8.20073271352e-08
415.36 7.14996025011e-08
415.37 6.22852129203e-08
415.38 5.42121401521e-08
415.39 4.71452934009e-08
415.4 4.096474393e-08
415.41 3.55641291118e-08
415.42 3.08492113934e-08
415.43 2.67365787047e-08
415.44 2.31524738214e-08
415.45 2.00317411405e-08
415.46 1.73168802067e-08
415.47 1.49571961699e-08
415.48 1.29080381328e-08
415.49 1.11301170905e-08
415.5 9.58889584883e-09
415.51 8.25404395085e-09
415.52 7.09895124286e-09
415.53 6.10029426352e-09
415.54 5.23765015829e-09
415.55 4.49315329722e-09
415.56 3.85119021588e-09
415.57 3.29812890482e-09
415.58 2.82207884772e-09
415.59 2.41267855103e-09
415.6 2.06090762347e-09
415.61 1.75892075138e-09
415.62 1.49990117947e-09
415.63 1.27793154657e-09
415.64 1.0878801445e-09
415.65 9.25300867092e-10
415.66 7.86345296591e-10
415.67 6.67685538319e-10
415.68 5.66446562135e-10
415.69 4.80146942998e-10
415.7 4.06647013325e-10
415.71 3.44103548371e-10
415.72 2.9093020346e-10
415.73 2.45763009496e-10
415.74 2.07430311775e-10
415.75 1.74926607448e-10
415.76 1.47389799921e-10
415.77 1.24081444598e-10
415.78 1.04369610476e-10
415.79 8.77140266865e-11
415.8 7.36532227093e-11
415.81 6.17934061959e-11
415.82 5.17988535658e-11
415.83 4.33836161735e-11
415.84 3.63043693071e-11
415.85 3.03542528724e-11
415.86 2.53575716745e-11
415.87 2.11652399914e-11
415.88 1.76508699065e-11
415.89 1.47074158466e-11
415.9 1.22442991612e-11
415.91 1.0184946567e-11
415.92 8.46468502232e-12
415.93 7.02894323839e-12
415.94 5.83171671384e-12
415.95 4.83425899677e-12
415.96 4.00396695454e-12
415.97 3.31343224375e-12
415.98 2.73963500931e-12
415.99 2.26325917086e-12
416.0 1.86811154223e-12
416.01 1.54062952913e-12
416.02 1.26946431317e-12
416.03 1.04512829801e-12
416.04 8.59697206105e-13
416.05 7.06558603671e-13
416.06 5.80199828046e-13
416.07 4.76029320272e-13
416.08 3.90226249443e-13
416.09 3.196140735e-13
416.1 2.61554330869e-13
416.11 2.13857513553e-13
416.12 1.74708347828e-13
416.13 1.42603214878e-13
416.14 1.16297790224e-13
416.15 9.47632760934e-14
416.16 7.71498522389e-14
416.17 6.27561844387e-14
416.18 5.10040114429e-14
416.19 4.14169851317e-14
416.2 3.36030691653e-14
416.21 2.72399118935e-14
416.22 2.20627027158e-14
416.23 1.78541000015e-14
416.24 1.44358852633e-14
416.25 1.1662054403e-14
416.26 9.4131040967e-15
416.27 7.59131112869e-15
416.28 6.11683586823e-15
416.29 4.9245091033e-15
416.3 3.9611849329e-15
416.31 3.18356209001e-15
416.32 2.55639252198e-15
416.33 2.05100980523e-15
416.34 1.64412144936e-15
416.35 1.31681871727e-15
416.36 1.05376556057e-15
416.37 8.42534904158e-16
416.38 6.73066028602e-16
416.39 5.37221378316e-16
416.4 4.28424922079e-16
416.41 3.41367340123e-16
416.42 2.71765917544e-16
416.43 2.16169178332e-16
416.44 1.71798074092e-16
416.45 1.36417010187e-16
416.46 1.08229202711e-16
416.47 8.57918567035e-17
416.48 6.79474761617e-17
416.49 5.37682904219e-17
416.5 4.2511334825e-17
416.51 3.35821773529e-17
416.52 2.65056547162e-17
416.53 2.09022856469e-17
416.54 1.64692779261e-17
416.55 1.29652488714e-17
416.56 1.01979448027e-17
416.57 8.01438014181e-18
416.58 6.29292684472e-18
416.59 4.93697437988e-18
416.6 3.86985320706e-18
416.61 3.03077376615e-18
416.62 2.37158087675e-18
416.63 1.85416225166e-18
416.64 1.4483812315e-18
416.65 1.13042924045e-18
416.66 8.81513973791e-19
416.67 6.86815878489e-19
416.68 5.34658830426e-19
416.69 4.1585165649e-19
416.7 3.23165794186e-19
416.71 2.50921329126e-19
416.72 1.94659229217e-19
416.73 1.50882068995e-19
416.74 1.16849123221e-19
416.75 9.04145792881e-20
416.76 6.98999136145e-20
416.77 5.39933112994e-20
416.78 4.1670472213e-20
416.79 3.21323139895e-20
416.8 2.47560122393e-20
416.81 1.90565582785e-20
416.82 1.46566029801e-20
416.83 1.12628226081e-20
416.84 8.647413249e-21
416.85 6.63361434816e-21
416.86 5.08439459088e-21
416.87 3.89361749904e-21
416.88 2.97914963738e-21
416.89 2.27748923215e-21
416.9 1.73958364599e-21
416.91 1.32757558286e-21
416.92 1.01227413329e-21
416.93 7.7119100131e-22
416.94 5.87017009023e-22
416.95 4.46441257539e-22
416.96 3.39236718531e-22
416.97 2.57552793932e-22
416.98 1.95368501925e-22
416.99 1.48070207281e-22
417.0 1.12125829148e-22
417.01 8.48337147127e-23
417.02 6.41292444377e-23
417.03 4.84360336717e-23
417.04 3.65515519003e-23
417.05 2.75592793704e-23
417.06 2.07613060476e-23
417.07 1.56266631158e-23
417.08 1.17517510733e-23
417.09 8.83006014612e-24
417.1 6.62902220059e-24
417.11 4.97233073535e-24
417.12 3.72644962928e-24
417.13 2.79032766183e-24
417.14 2.08756422503e-24
417.15 1.56044752468e-24
417.16 1.16542186908e-24
417.17 8.69644630653e-25
417.18 6.48373309145e-25
417.19 4.82984372896e-25
417.2 3.5947249229e-25
417.21 2.67314716897e-25
417.22 1.98611636371e-25
417.23 1.47438571429e-25
417.24 1.09355878551e-25
417.25 8.1039684157e-26
417.26 6.00036849894e-26
417.27 4.43897473348e-26
417.28 3.28104345833e-26
417.29 2.42306934272e-26
417.3 1.78790419976e-26
417.31 1.31809641635e-26
417.32 9.70900307289e-27
417.33 7.14540112335e-27
417.34 5.25415761979e-27
417.35 3.86014909937e-27
417.36 2.83354134392e-27
417.37 2.07816253475e-27
417.38 1.52283883534e-27
417.39 1.11494345784e-27
417.4 8.15598095492e-28
417.41 5.96106715122e-28
417.42 4.35307619944e-28
417.43 3.17609117567e-28
417.44 2.31533630612e-28
417.45 1.68639623553e-28
417.46 1.22724022163e-28
417.47 8.92326814198e-29
417.48 6.48250270184e-29
417.49 4.70528421892e-29
417.5 3.41234868574e-29
417.51 2.47255136047e-29
417.52 1.79003536924e-29
417.53 1.2947987383e-29
417.54 9.3576604117e-30
417.55 6.75704241232e-30
417.56 4.87495210933e-30
417.57 3.51405375159e-30
417.58 2.53087548026e-30
417.59 1.82119932745e-30
417.6 1.30938844116e-30
417.61 9.40597535719e-31
417.62 6.75092800362e-31
417.63 4.84113748009e-31
417.64 3.46861141805e-31
417.65 2.4830654688e-31
417.66 1.77600822607e-31
417.67 1.26918827501e-31
417.68 9.06215319364e-32
417.69 6.4648880949e-32
417.7 4.6080255909e-32
417.71 3.28165563175e-32
417.72 2.33504565016e-32
417.73 1.66005312623e-32
417.74 1.1791602599e-32
417.75 8.36850561434e-33
417.76 5.93399552535e-33
417.77 4.2040777262e-33
417.78 2.97590095954e-33
417.79 2.10470105704e-33
417.8 1.48725887375e-33
417.81 1.05004259663e-33
417.82 7.40715545593e-34
417.83 5.22059724924e-34
417.84 3.67631828847e-34
417.85 2.58660550768e-34
417.86 1.81832481287e-34
417.87 1.27713527778e-34
417.88 8.96244496704e-35
417.89 6.28405911801e-35
417.9 4.40228522418e-35
417.91 3.0813444036e-35
417.92 2.15489668647e-35
417.93 1.5056942971e-35
417.94 1.05116597369e-35
417.95 7.33212592914e-36
417.96 5.10990309572e-36
417.97 3.55811136277e-36
417.98 2.47542930637e-36
417.99 1.72070188599e-36
418.0 1.19504663116e-36
418.01 8.29255146911e-37
418.02 5.7493083544e-37
418.03 3.98260400781e-37
418.04 2.75640319904e-37
418.05 1.90608583709e-37
418.06 1.31694079135e-37
418.07 9.09105170334e-38
418.08 6.27026771927e-38
418.09 4.32097859811e-38
418.1 2.97510444805e-38
418.11 2.04666322648e-38
418.12 1.40674253437e-38
418.13 9.66066252827e-39
418.14 6.62862209006e-39
418.15 4.54426511825e-39
418.16 3.11263438399e-39
418.17 2.1301814865e-39
418.18 1.45656256195e-39
418.19 9.95097691484e-40
418.2 6.7924481105e-40
418.21 4.63245246643e-40
418.22 3.15660065529e-40
418.23 2.14907878976e-40
418.24 1.46187101482e-40
418.25 9.93550144796e-41
418.26 6.74674882316e-41
418.27 4.57744679444e-41
418.28 3.10295928419e-41
418.29 2.10161352518e-41
418.3 1.42217694903e-41
418.31 9.61564486997e-42
418.32 6.49571844328e-42
418.33 4.38429696239e-42
418.34 2.95662826093e-42
418.35 1.99212906915e-42
418.36 1.34110322411e-42
418.37 9.02050647231e-43
418.38 6.06210727713e-43
418.39 4.07042998578e-43
418.4 2.73074366014e-43
418.41 1.83039807333e-43
418.42 1.22584097517e-43
418.43 8.20250839613e-44
418.44 5.48382006069e-44
418.45 3.66305693068e-44
418.46 2.44471421924e-44
418.47 1.63018346431e-44
418.48 1.08609751758e-44
418.49 7.2297804394e-45
418.5 4.80845264371e-45
418.51 3.19528442837e-45
418.52 2.12147366579e-45
418.53 1.40730978539e-45
418.54 9.3275096577e-46
418.55 6.17682991271e-46
418.56 4.08685764831e-46
418.57 2.70170116238e-46
418.58 1.78446911935e-46
418.59 1.17761869072e-46
418.6 7.76469260193e-47
418.61 5.11526061922e-47
418.62 3.36693849939e-47
418.63 2.21424931406e-47
418.64 1.45492889486e-47
418.65 9.55170568573e-48
418.66 6.26533080142e-48
418.67 4.10611386809e-48
418.68 2.68869709572e-48
418.69 1.75904387479e-48
418.7 1.14983458784e-48
418.71 7.50962006765e-49
418.72 4.90032022354e-49
418.73 3.19488222578e-49
418.74 2.08117758675e-49
418.75 1.35452591913e-49
418.76 8.8082450873e-50
418.77 5.72288935912e-50
418.78 3.71505456066e-50
418.79 2.40956656446e-50
418.8 1.56148042261e-50
418.81 1.01101602761e-50
418.82 6.54038655863e-51
418.83 4.22739347037e-51
418.84 2.73001984194e-51
418.85 1.76150065668e-51
418.86 1.13559556625e-51
418.87 7.31456389971e-52
418.88 4.70735615347e-52
418.89 3.02684056219e-52
418.9 1.94458037705e-52
418.91 1.24820557284e-52
418.92 8.00516335337e-53
418.93 5.1295366991e-53
418.94 3.28405138559e-53
418.95 2.10070759113e-53
418.96 1.34259529984e-53
418.97 8.57330936472e-54
418.98 5.46985384361e-54
418.99 3.48679810151e-54
419.0 2.22076053218e-54
419.01 1.41318984956e-54
419.02 8.98510457643e-55
419.03 5.70781133221e-55
419.04 3.62276303363e-55
419.05 2.29738663065e-55
419.06 1.45563367286e-55
419.07 9.21497026949e-56
419.08 5.8285378729e-56
419.09 3.68340221869e-56
419.1 2.3257471892e-56
419.11 1.46723507228e-56
419.12 9.24827486529e-57
419.13 5.82432486669e-57
419.14 3.66483380337e-57
419.15 2.30402299246e-57
419.16 1.44724867952e-57
419.17 9.08287512086e-58
419.18 5.69544091839e-58
419.19 3.56824926044e-58
419.2 2.23360741213e-58
419.21 1.3969546992e-58
419.22 8.72934435108e-59
419.23 5.45010349248e-59
419.24 3.3997868706e-59
419.25 2.11895851455e-59
419.26 1.31952320828e-59
419.27 8.20985389817e-60
419.28 5.10361187262e-60
419.29 3.16988614553e-60
419.3 1.96713199151e-60
419.31 1.21968350656e-60
419.32 7.55587233739e-61
419.33 4.67676859792e-61
419.34 2.8922175774e-61
419.35 1.78706293889e-61
419.36 1.10324645886e-61
419.37 6.80501429486e-62
419.38 4.19381574982e-62
419.39 2.58234019191e-62
419.4 1.58869806274e-62
419.41 9.76546840247e-63
419.42 5.99747702963e-63
419.43 3.68017022681e-63
419.44 2.25626974999e-63
419.45 1.38209511616e-63
419.46 8.45879775099e-64
419.47 5.17253152643e-64
419.48 3.16025005153e-64
419.49 1.9291390955e-64
419.5 1.17660159167e-64
419.51 7.16999930496e-65
419.52 4.36548587788e-65
419.53 2.65564398337e-65
419.54 1.61410175074e-65
419.55 9.80202382488e-66
419.56 5.94736219274e-66
419.57 3.60542785407e-66
419.58 2.18380078916e-66
419.59 1.3215786497e-66
419.6 7.99092022144e-67
419.61 4.82752309944e-67
419.62 2.91390715762e-67
419.63 1.75731996546e-67
419.64 1.05888734675e-67
419.65 6.37488648634e-68
419.66 3.83458999027e-68
419.67 2.30456622586e-68
419.68 1.38383156024e-68
419.69 8.30235019707e-69
419.7 4.97671354013e-69
419.71 2.98062964249e-69
419.72 1.78359877655e-69
419.73 1.06637533514e-69
419.74 6.37010795703e-70
419.75 3.80195759334e-70
419.76 2.26720879952e-70
419.77 1.35082640703e-70
419.78 8.04139393971e-71
419.79 4.7828516084e-71
419.8 2.84227599262e-71
419.81 1.68759938232e-71
419.82 1.0011432856e-71
419.83 5.93399109113e-72
419.84 3.51415821115e-72
419.85 2.07931122714e-72
419.86 1.22925350405e-72
419.87 7.26084521498e-73
419.88 4.2850576494e-73
419.89 2.52667815586e-73
419.9 1.48856206778e-73
419.91 8.76209051215e-74
419.92 5.15314409713e-74
419.93 3.0280329896e-74
419.94 1.77775816237e-74
419.95 1.04281801016e-74
419.96 6.11178582958e-75
419.97 3.5789158993e-75
419.98 2.09391293703e-75
419.99 1.22402280127e-75
420.0 7.14898121735e-76
420.01 4.17179120131e-76
420.02 2.43234251423e-76
420.03 1.41693737668e-76
420.04 8.24708252554e-77
420.05 4.79594045166e-77
420.06 2.78657656905e-77
420.07 1.61767746925e-77
420.08 9.382890516e-78
420.09 5.43757320356e-78
420.1 3.14845390954e-78
420.11 1.82143349312e-78
420.12 1.05281739286e-78
420.13 6.08018141833e-79
420.14 3.50835698973e-79
420.15 2.02262220967e-79
420.16 1.16506328943e-79
420.17 6.70514257149e-80
420.18 3.85558486871e-80
420.19 2.21511495515e-80
420.2 1.27152827564e-80
420.21 7.29255185544e-81
420.22 4.17884997605e-81
420.23 2.39253215735e-81
420.24 1.36861891218e-81
420.25 7.82223824491e-82
420.26 4.46686976307e-82
420.27 2.54858597928e-82
420.28 1.4528441759e-82
420.29 8.27489575738e-83
420.3 4.70901174202e-83
420.31 2.67744625595e-83
420.32 1.52102200509e-83
420.33 8.63324326212e-84
420.34 4.89594133477e-84
420.35 2.77410041643e-84
420.36 1.5704781369e-84
420.37 8.88311647904e-85
420.38 5.0202178445e-85
420.39 2.83467656545e-85
420.4 1.599219981e-85
420.41 9.01439624889e-86
420.42 5.07678562282e-86
420.43 2.85670074346e-86
420.44 1.60606978993e-86
420.45 9.02168834912e-87
420.46 5.06331526718e-87
420.47 2.8392645502e-87
420.48 1.59074472468e-87
420.49 8.90469121345e-88
420.5 4.98036275942e-88
420.51 2.78308730423e-88
420.52 1.55387623e-88
420.53 8.66821662118e-89
420.54 4.83133139422e-89
420.55 2.69046681088e-89
420.56 1.49696686998e-89
420.57 8.32186137832e-90
420.58 4.62224013054e-90
420.59 2.56512343449e-90
420.6 1.42228873574e-90
420.61 7.87936121041e-91
420.62 4.36132033995e-91
420.63 2.41195222103e-91
420.64 1.33273299778e-91
420.65 7.35768748491e-92
420.66 4.0584785983e-92
420.67 2.23670608234e-92
420.68 1.23162448151e-92
420.69 6.77596950136e-93
420.7 3.72467434247e-93
420.71 2.0456385856e-93
420.72 1.12251781232e-93
420.73 6.15433751256e-94
420.74 3.37126671526e-94
420.75 1.84513713543e-94
420.76 1.00899245839e-94
420.77 5.51278333726e-95
420.78 3.0093843738e-95
420.79 1.64137620047e-95
420.8 8.94462906908e-96
420.81 4.87012682601e-96
420.82 2.64936588276e-96
420.83 1.44001607396e-96
420.84 7.82017500954e-97
420.85 4.24315929918e-97
420.86 2.30030769617e-97
420.87 1.24596619582e-97
420.88 6.74295588067e-98
420.89 3.6460121156e-98
420.9 1.96974328058e-98
420.91 1.06322426216e-98
420.92 5.73408147569e-99
420.93 3.08977297971e-99
420.94 1.66346249019e-99
420.95 8.94794247728e-100
420.96 4.80902554942e-100
420.97 2.58234768413e-100
420.98 1.38546664417e-100
420.99 7.42679032743e-101
421.0 3.9776812742e-101
421.01 2.12854348613e-101
421.02 1.13804334182e-101
421.03 6.07937321509e-102
421.04 3.24475968507e-102
421.05 1.7303342219e-102
421.06 9.21936872738e-103
421.07 4.90790446449e-103
421.08 2.6104461778e-103
421.09 1.38725760343e-103
421.1 7.36585578406e-104
421.11 3.90762641235e-104
421.12 2.07122170342e-104
421.13 1.09689199449e-104
421.14 5.8039661669e-105
421.15 3.06838325433e-105
421.16 1.62075758249e-105
421.17 8.55362578806e-106
421.18 4.51030755173e-106
421.19 2.3762153289e-106
421.2 1.25080369434e-106
421.21 6.5783388929e-107
421.22 3.45674271539e-107
421.23 1.81485359018e-107
421.24 9.52006379724e-108
421.25 4.98955538431e-108
421.26 2.6128083876e-108
421.27 1.36702671013e-108
421.28 7.14611767859e-109
421.29 3.73239029607e-109
421.3 1.94772511367e-109
421.31 1.01552823035e-109
421.32 5.29029708989e-110
421.33 2.7535428963e-110
421.34 1.43194835686e-110
421.35 7.44023388961e-111
421.36 3.86250935722e-111
421.37 2.00343946497e-111
421.38 1.03826120787e-111
421.39 5.37601850224e-112
421.4 2.78124088322e-112
421.41 1.43760699694e-112
421.42 7.42447029456e-113
421.43 3.83102065045e-113
421.44 1.97509156728e-113
421.45 1.01738117917e-113
421.46 5.23605122008e-114
421.47 2.69245092208e-114
421.48 1.38329697609e-114
421.49 7.10079184275e-115
421.5 3.64184835386e-115
421.51 1.86621061827e-115
421.52 9.55483466097e-116
421.53 4.8877548842e-116
421.54 2.49815500649e-116
421.55 1.27571325378e-116
421.56 6.50894309253e-117
421.57 3.31811629216e-117
421.58 1.69003793392e-117
421.59 8.60052621117e-118
421.6 4.37297823659e-118
421.61 2.22153586626e-118
421.62 1.1275947976e-118
421.63 5.7184261739e-119
421.64 2.89750166774e-119
421.65 1.46688001353e-119
421.66 7.41974890869e-120
421.67 3.74979517957e-120
421.68 1.89343152961e-120
421.69 9.55246342341e-121
421.7 4.81509524842e-121
421.71 2.42503550557e-121
421.72 1.22026748952e-121
421.73 6.1350160081e-122
421.74 3.08176898139e-122
421.75 1.54670745501e-122
421.76 7.75603924331e-123
421.77 3.88593504187e-123
421.78 1.94524718254e-123
421.79 9.72921437801e-124
421.8 4.86188263035e-124
421.81 2.42747567873e-124
421.82 1.21095784094e-124
421.83 6.03568935152e-125
421.84 3.00571953482e-125
421.85 1.4955252427e-125
421.86 7.43468822073e-126
421.87 3.69279749671e-126
421.88 1.83261798202e-126
421.89 9.08682393683e-127
421.9 4.50169432331e-127
421.91 2.22824843016e-127
421.92 1.10198310238e-127
421.93 5.44515165184e-128
421.94 2.68824435669e-128
421.95 1.32602351083e-128
421.96 6.53517804841e-129
421.97 3.2180096533e-129
421.98 1.58321894887e-129
421.99 7.78248574556e-130
422.0 3.82225279444e-130
422.01 1.87561716191e-130
422.02 9.19586754054e-131
422.03 4.50469025509e-131
422.04 2.20475775571e-131
422.05 1.07815336288e-131
422.06 5.2677350411e-132
422.07 2.57152659917e-132
422.08 1.25424343643e-132
422.09 6.11218331126e-133
422.1 2.97601161634e-133
422.11 1.44776005848e-133
422.12 7.0369145482e-134
422.13 3.41736746977e-134
422.14 1.65815376806e-134
422.15 8.03862261638e-135
422.16 3.89369739278e-135
422.17 1.8843712489e-135
422.18 9.11159608701e-136
422.19 4.40196075812e-136
422.2 2.12481728676e-136
422.21 1.02475661937e-136
422.22 4.93791478153e-137
422.23 2.37733380446e-137
422.24 1.14356395494e-137
422.25 5.49609798695e-138
422.26 2.63919933229e-138
422.27 1.26623302165e-138
422.28 6.0698616778e-139
422.29 2.90715153664e-139
422.3 1.39117018865e-139
422.31 6.65145368875e-140
422.32 3.17743443e-140
422.33 1.51656259139e-140
422.34 7.23215620276e-141
422.35 3.44587066157e-141
422.36 1.64041549797e-141
422.37 7.80247653385e-142
422.38 3.70795790375e-142
422.39 1.76060055734e-142
422.4 8.35238666285e-143
422.41 3.95898688986e-143
422.42 1.87491356878e-143
422.43 8.87160417549e-144
422.44 4.19417722134e-144
422.45 1.98113975924e-144
422.46 9.34990431553e-145
422.47 4.40882575401e-145
422.48 2.0771239787e-145
422.49 9.77745035699e-146
422.5 4.59846129772e-146
422.51 2.16084277086e-146
422.52 1.01451276326e-146
422.53 4.75899861546e-147
422.54 2.2304749876e-147
422.55 1.04448655055e-147
422.56 4.88688436097e-148
422.57 2.28446752256e-148
422.58 1.06699314589e-148
422.59 4.97922769472e-149
422.6 2.32159285742e-149
422.61 1.0815182363e-149
422.62 5.03390888083e-150
422.63 2.34099544547e-150
422.64 1.08772598285e-150
422.65 5.04966017022e-151
422.66 2.34222448576e-151
422.67 1.08547192884e-151
422.68 5.02611466051e-152
422.69 2.32525133449e-152
422.7 1.0748085879e-152
422.71 4.96382050324e-153
422.72 2.29047061476e-153
422.73 1.05598341025e-153
422.74 4.86421969006e-154
422.75 2.23868496455e-154
422.76 1.02942923696e-154
422.77 4.72959256455e-155
422.78 2.17107424612e-155
422.79 9.95747756612e-156
422.8 4.56297104096e-156
422.81 2.08915086612e-156
422.82 9.55686847039e-157
422.83 4.3680251413e-157
422.84 1.99470356879e-157
422.85 9.10112993511e-158
422.86 4.1489287775e-158
422.87 1.88973261723e-158
422.88 8.59980202358e-159
422.89 3.91021162405e-159
422.9 1.7763796368e-159
422.91 8.06296963707e-160
422.92 3.65660439809e-160
422.93 1.65685554208e-160
422.94 7.50092852036e-161
422.95 3.3928848737e-161
422.96 1.53336990325e-161
422.97 6.92386291039e-162
422.98 3.12373152557e-162
422.99 1.40806484386e-162
423.0 6.34154858948e-163
423.01 2.8535908774e-163
423.02 1.28295612921e-163
423.03 5.7630928714e-164
423.04 2.58656350091e-164
423.05 1.15988354166e-164
423.06 5.19672028441e-165
423.07 2.32631226847e-165
423.08 1.04047199422e-165
423.09 4.64960964288e-166
423.1 2.07599501257e-166
423.11 9.26104154731e-167
423.12 4.12778504743e-167
423.13 1.8382222929e-167
423.14 8.17904689049e-168
423.15 3.63606033858e-168
423.16 1.61503961361e-168
423.17 7.167356242e-169
423.18 3.17803383631e-169
423.19 1.40793224937e-169
423.2 6.23201816899e-170
423.21 2.75612797293e-170
423.22 1.21784988956e-170
423.23 5.37665112437e-171
423.24 2.37166676355e-171
423.25 1.04524763029e-171
423.26 4.60265507384e-172
423.27 2.0249830014e-172
423.28 8.90139448075e-173
423.29 3.90947488924e-173
423.3 1.71554660968e-173
423.31 7.52160166049e-174
423.32 3.29489706473e-174
423.33 1.4421056787e-174
423.34 6.30632046732e-175
423.35 2.7553622227e-175
423.36 1.20283228622e-175
423.37 5.2463247216e-176
423.38 2.2862776588e-176
423.39 9.95466136762e-177
423.4 4.33059652738e-177
423.41 1.88231658741e-177
423.42 8.17450246554e-178
423.43 3.54693886211e-178
423.44 1.53769354031e-178
423.45 6.66054230192e-179
423.46 2.8825251524e-179
423.47 1.24640830441e-179
423.48 5.38482105795e-180
423.49 2.32437358638e-180
423.5 1.00245364865e-180
423.51 4.31962836019e-181
423.52 1.85973977845e-181
423.53 7.99984717599e-182
423.54 3.43822991259e-182
423.55 1.4764265683e-182
423.56 6.33450236552e-183
423.57 2.71541909187e-183
423.58 1.16301400684e-183
423.59 4.97687504285e-184
423.6 2.12790503376e-184
423.61 9.09015859923e-185
423.62 3.87984515077e-185
423.63 1.65455435241e-185
423.64 7.04971236169e-186
423.65 3.00113457439e-186
423.66 1.27650716319e-186
423.67 5.42481279567e-187
423.68 2.30340321534e-187
423.69 9.77189732589e-188
423.7 4.14201373802e-188
423.71 1.75415468727e-188
423.72 7.42246152278e-189
423.73 3.13799129874e-189
423.74 1.32549846296e-189
423.75 5.59410270184e-190
423.76 2.35887732394e-190
423.77 9.93811433961e-191
423.78 4.18337056192e-191
423.79 1.75943163425e-191
423.8 7.39336538468e-192
423.81 3.10409966362e-192
423.82 1.3021255391e-192
423.83 5.45750032838e-193
423.84 2.28537986802e-193
423.85 9.56195592398e-194
423.86 3.99722680316e-194
423.87 1.66953126941e-194
423.88 6.96713197936e-195
423.89 2.90494042824e-195
423.9 1.21016374306e-195
423.91 5.03703254456e-196
423.92 2.09473500287e-196
423.93 8.70376458534e-197
423.94 3.61334055382e-197
423.95 1.498767848e-197
423.96 6.21131498755e-198
423.97 2.57191406031e-198
423.98 1.0640280202e-198
423.99 4.39818395848e-199
424.0 1.81642482493e-199
424.01 7.49523373131e-200
424.02 3.09012925258e-200
424.03 1.2728927805e-200
424.04 5.23878667793e-201
424.05 2.15423619601e-201
424.06 8.85074108209e-202
424.07 3.63320302171e-202
424.08 1.49012743406e-202
424.09 6.10633838433e-203
424.1 2.50012680882e-203
424.11 1.02274395218e-203
424.12 4.18018513108e-204
424.13 1.70705622373e-204
424.14 6.9650437312e-205
424.15 2.83938041815e-205
424.16 1.15650371262e-205
424.17 4.70645805751e-206
424.18 1.91366126936e-206
424.19 7.77427063096e-207
424.2 3.15557099451e-207
424.21 1.27973476806e-207
424.22 5.18544098288e-208
424.23 2.09930304399e-208
424.24 8.49157575224e-209
424.25 3.43182516085e-209
424.26 1.38575269784e-209
424.27 5.59074938306e-210
424.28 2.25360620277e-210
424.29 9.0763189106e-211
424.3 3.65228935811e-211
424.31 1.46839981666e-211
424.32 5.89857598502e-212
424.33 2.36741147341e-212
424.34 9.49344919824e-213
424.35 3.80362791778e-213
424.36 1.5226347423e-213
424.37 6.08999809139e-214
424.38 2.43367337609e-214
424.39 9.71697618852e-215
424.4 3.876356389e-215
424.41 1.54504087068e-215
424.42 6.15290144109e-216
424.43 2.44818175862e-216
424.44 9.73264919326e-217
424.45 3.86582504056e-217
424.46 1.5341825291e-217
424.47 6.08324886358e-218
424.48 2.41000446634e-218
424.49 9.53946072047e-219
424.5 3.7727107858e-219
424.51 1.49075720196e-219
424.52 5.88550904513e-220
424.53 2.32158644674e-220
424.54 9.14975364273e-221
424.55 3.60294518492e-221
424.56 1.4175213923e-221
424.57 5.57218210802e-222
424.58 2.18849064267e-222
424.59 8.58791623007e-223
424.6 3.36708916958e-223
424.61 1.31900107349e-223
424.62 5.16249201623e-224
424.63 2.01881884421e-224
424.64 7.8878568365e-225
424.65 3.07924611512e-225
424.66 1.2010290099e-225
424.67 4.68043594278e-226
424.68 1.82239630779e-226
424.69 7.08962167948e-227
424.7 2.7556687258e-227
424.71 1.07017466881e-227
424.72 4.15246556121e-228
424.73 1.60983410712e-228
424.74 6.23562403551e-229
424.75 2.4132506573e-229
424.76 9.33143975867e-230
424.77 3.60511060202e-230
424.78 1.39159302163e-230
424.79 5.36697539419e-231
424.8 2.0680959253e-231
424.81 7.9622437108e-232
424.82 3.06283757776e-232
424.83 1.17716185282e-232
424.84 4.52035045016e-233
424.85 1.73433003167e-233
424.86 6.64836869422e-234
424.87 2.54637381701e-234
424.88 9.74435139811e-235
424.89 3.7256960958e-235
424.9 1.42326453983e-235
424.91 5.43234751288e-236
424.92 2.07163467883e-236
424.93 7.89337095304e-237
424.94 3.00493835232e-237
424.95 1.14296342448e-237
424.96 4.34362987931e-238
424.97 1.64928991608e-238
424.98 6.25698203655e-239
424.99 2.37168237059e-239
425.0 8.98197527669e-240
425.01 3.39868486871e-240
425.02 1.28491279389e-240
425.03 4.85355685726e-241
425.04 1.83176730224e-241
425.05 6.90723442848e-242
425.06 2.60232660834e-242
425.07 9.79587244399e-243
425.08 3.68424203354e-243
425.09 1.38444879483e-243
425.1 5.1979171714e-244
425.11 1.9498694038e-244
425.12 7.30811558007e-245
425.13 2.73671140787e-245
425.14 1.02394424762e-245
425.15 3.82778319328e-246
425.16 1.42969060947e-246
425.17 5.33532046972e-247
425.18 1.98931093333e-247
425.19 7.41085884006e-248
425.2 2.75840559603e-248
425.21 1.02582061413e-248
425.22 3.81160977142e-249
425.23 1.41504142487e-249
425.24 5.24872221692e-250
425.25 1.94518869287e-250
425.26 7.20267131425e-251
425.27 2.66470520142e-251
425.28 9.84982365641e-252
425.29 3.63773830868e-252
425.3 1.3423265017e-252
425.31 4.94889897363e-253
425.32 1.82298344438e-253
425.33 6.70935194188e-254
425.34 2.46718738188e-254
425.35 9.06457422558e-255
425.36 3.32748722306e-255
425.37 1.22041938184e-255
425.38 4.47224418949e-256
425.39 1.63744089792e-256
425.4 5.99003653189e-257
425.41 2.18935920425e-257
425.42 7.9951807096e-258
425.43 2.91718021777e-258
425.44 1.06346193118e-258
425.45 3.87350703372e-259
425.46 1.40964729543e-259
425.47 5.12554780665e-260
425.48 1.86206067112e-260
425.49 6.75882308639e-261
425.5 2.45116215649e-261
425.51 8.88171267691e-262
425.52 3.21547479032e-262
425.53 1.16310041588e-262
425.54 4.20351910519e-263
425.55 1.5178629243e-263
425.56 5.47615576503e-264
425.57 1.97397998715e-264
425.58 7.10940754061e-265
425.59 2.55827830727e-265
425.6 9.19784059535e-266
425.61 3.3040581471e-266
425.62 1.18585939158e-266
425.63 4.25248142894e-267
425.64 1.52361544534e-267
425.65 5.45421206988e-268
425.66 1.95079837993e-268
425.67 6.97134322229e-269
425.68 2.48911095602e-269
425.69 8.8796482092e-270
425.7 3.16498005112e-270
425.71 1.12711935145e-270
425.72 4.01044484615e-271
425.73 1.42573530002e-271
425.74 5.06417808554e-272
425.75 1.79722623354e-272
425.76 6.37265256457e-273
425.77 2.25767511674e-273
425.78 7.99146430319e-274
425.79 2.82627875496e-274
425.8 9.98682262866e-275
425.81 3.52584642572e-275
425.82 1.24372155116e-275
425.83 4.38335495481e-276
425.84 1.54352558789e-276
425.85 5.43056153448e-277
425.86 1.90897111655e-277
425.87 6.70467434275e-278
425.88 2.35277139714e-278
425.89 8.24907947602e-279
425.9 2.88971462886e-279
425.91 1.01141208319e-279
425.92 3.53691832899e-280
425.93 1.23579273594e-280
425.94 4.31409751032e-281
425.95 1.50472795264e-281
425.96 5.24384363336e-282
425.97 1.82585039477e-282
425.98 6.35191033886e-283
425.99 2.20783818914e-283
426.0 7.66750090034e-284
426.01 2.66050538802e-284
426.02 9.22355119214e-285
426.03 3.19488988825e-285
426.04 1.10570007664e-285
426.05 3.82333627352e-286
426.06 1.32090434028e-286
426.07 4.55957065407e-287
426.08 1.57253472729e-287
426.09 5.41876419878e-288
426.1 1.86562336911e-288
426.11 6.41758169788e-289
426.12 2.20568023541e-289
426.13 7.57421117926e-290
426.14 2.5986990061e-290
426.15 8.90837034539e-291
426.16 3.05115492129e-291
426.17 1.0441285421e-291
426.18 3.56999319813e-292
426.19 1.21956379251e-292
426.2 4.16260659771e-293
426.21 1.41954749249e-293
426.22 4.83680076039e-294
426.23 1.64660785139e-294
426.24 5.60074601107e-295
426.25 1.90337906017e-295
426.26 6.46291447172e-296
426.27 2.19257896193e-296
426.28 7.43200151118e-297
426.29 2.5169816449e-297
426.3 8.51683081571e-298
426.31 2.87938477863e-298
426.32 9.72624267748e-299
426.33 3.28257162276e-299
426.34 1.10689654728e-299
426.35 3.72926776553e-300
426.36 1.25534707329e-300
426.37 4.22209279375e-301
426.38 1.41878126924e-301
426.39 4.76350725558e-302
426.4 1.59794537244e-302
426.41 5.3557554484e-303
426.42 1.79350776261e-303
426.43 6.00080474299e-304
426.44 2.00603932915e-304
426.45 6.7002823364e-305
426.46 2.23599318756e-305
426.47 7.45541050448e-306
426.48 2.48368411124e-306
426.49 8.26694159408e-307
426.5 2.74926809543e-307
426.51 9.13509414829e-308
426.52 3.03272251593e-308
426.53 1.00594916886e-308
426.54 3.33382738145e-309
426.55 1.10391057786e-309
426.56 3.65214820527e-310
426.57 1.20722050581e-310
426.58 3.98702103557e-311
426.59 1.31563119596e-311
426.6 4.33754018369e-312
426.61 1.4288168793e-312
426.62 4.70254917348e-313
426.63 1.54637148088e-313
426.64 5.08063540251e-314
426.65 1.66780757172e-314
426.66 5.4701289581e-315
426.67 1.79255669871e-315
426.68 5.86910595405e-316
426.69 1.9199711646e-316
426.7 6.27539703361e-317
426.71 2.0493274814e-317
426.72 6.68660045966e-318
426.73 2.17982751076e-318
426.74 7.10006917669e-319
426.75 2.31064621247e-319
426.76 7.51325627631e-320
426.77 2.44068429046e-320
426.78 7.92481295929e-321
426.79 2.56914135837e-321
426.8 8.34970941472e-322
426.81 2.71736105213e-322
426.82 8.89318162514e-323
426.83 2.96439387505e-323
426.84 9.88131291682e-324
426.85 4.94065645841e-324
426.86 0.0
426.87 0.0
426.88 0.0
426.89 0.0
426.9 0.0
426.91 0.0
426.92 0.0
426.93 0.0
426.94 0.0
426.95 0.0
426.96 0.0
426.97 0.0
426.98 0.0
426.99 0.0
427.0 0.0
427.01 0.0
427.02 0.0
427.03 0.0
427.04 0.0
427.05 0.0
427.06 0.0
427.07 0.0
427.08 0.0
427.09 0.0
427.1 0.0
427.11 0.0
427.12 0.0
427.13 0.0
427.14 0.0
427.15 0.0
427.16 0.0
427.17 0.0
427.18 0.0
427.19 0.0
427.2 0.0
427.21 0.0
427.22 0.0
427.23 0.0
427.24 0.0
427.25 0.0
427.26 0.0
427.27 0.0
427.28 0.0
427.29 0.0
427.3 0.0
427.31 0.0
427.32 0.0
427.33 0.0
427.34 0.0
427.35 0.0
427.36 0.0
427.37 0.0
427.38 0.0
427.39 0.0
427.4 0.0
427.41 0.0
427.42 0.0
427.43 0.0
427.44 0.0
427.45 0.0
427.46 0.0
427.47 0.0
427.48 0.0
427.49 0.0
427.5 0.0
427.51 0.0
427.52 0.0
427.53 0.0
427.54 0.0
427.55 0.0
427.56 0.0
427.57 0.0
427.58 0.0
427.59 0.0
427.6 0.0
427.61 0.0
427.62 0.0
427.63 0.0
427.64 0.0
427.65 0.0
427.66 0.0
427.67 0.0
427.68 0.0
427.69 0.0
427.7 0.0
427.71 0.0
427.72 0.0
427.73 0.0
427.74 0.0
427.75 0.0
427.76 0.0
427.77 0.0
427.78 0.0
427.79 0.0
427.8 0.0
427.81 0.0
427.82 0.0
427.83 0.0
427.84 0.0
427.85 0.0
427.86 0.0
427.87 0.0
427.88 0.0
427.89 0.0
427.9 0.0
427.91 0.0
427.92 0.0
427.93 0.0
427.94 0.0
427.95 0.0
427.96 0.0
427.97 0.0
427.98 0.0
427.99 0.0
428.0 0.0
428.01 0.0
428.02 0.0
428.03 0.0
428.04 0.0
428.05 0.0
428.06 0.0
428.07 0.0
428.08 0.0
428.09 0.0
428.1 0.0
428.11 0.0
428.12 0.0
428.13 0.0
428.14 0.0
428.15 0.0
428.16 0.0
428.17 0.0
428.18 0.0
428.19 0.0
428.2 0.0
428.21 0.0
428.22 0.0
428.23 0.0
428.24 0.0
428.25 0.0
428.26 0.0
428.27 0.0
428.28 0.0
428.29 0.0
428.3 0.0
428.31 0.0
428.32 0.0
428.33 0.0
428.34 0.0
428.35 0.0
428.36 0.0
428.37 0.0
428.38 0.0
428.39 0.0
428.4 0.0
428.41 0.0
428.42 0.0
428.43 0.0
428.44 0.0
428.45 0.0
428.46 0.0
428.47 0.0
428.48 0.0
428.49 0.0
428.5 0.0
428.51 0.0
428.52 0.0
428.53 0.0
428.54 0.0
428.55 0.0
428.56 0.0
428.57 0.0
428.58 0.0
428.59 0.0
428.6 0.0
428.61 0.0
428.62 0.0
428.63 0.0
428.64 0.0
428.65 0.0
428.66 0.0
428.67 0.0
428.68 0.0
428.69 0.0
428.7 0.0
428.71 0.0
428.72 0.0
428.73 0.0
428.74 0.0
428.75 0.0
428.76 0.0
428.77 0.0
428.78 0.0
428.79 0.0
428.8 0.0
428.81 0.0
428.82 0.0
428.83 0.0
428.84 0.0
428.85 0.0
428.86 0.0
428.87 0.0
428.88 0.0
428.89 0.0
428.9 0.0
428.91 0.0
428.92 0.0
428.93 0.0
428.94 0.0
428.95 0.0
428.96 0.0
428.97 0.0
428.98 0.0
428.99 0.0
429.0 0.0
429.01 0.0
429.02 0.0
429.03 0.0
429.04 0.0
429.05 0.0
429.06 0.0
429.07 0.0
429.08 0.0
429.09 0.0
429.1 0.0
429.11 0.0
429.12 0.0
429.13 0.0
429.14 0.0
429.15 0.0
429.16 0.0
429.17 0.0
429.18 0.0
429.19 0.0
429.2 0.0
429.21 0.0
429.22 0.0
429.23 0.0
429.24 0.0
429.25 0.0
429.26 0.0
429.27 0.0
429.28 0.0
429.29 0.0
429.3 0.0
429.31 0.0
429.32 0.0
429.33 0.0
429.34 0.0
429.35 0.0
429.36 0.0
429.37 0.0
429.38 0.0
429.39 0.0
429.4 0.0
429.41 0.0
429.42 0.0
429.43 0.0
429.44 0.0
429.45 0.0
429.46 0.0
429.47 0.0
429.48 0.0
429.49 0.0
429.5 0.0
429.51 0.0
429.52 0.0
429.53 0.0
429.54 0.0
429.55 0.0
429.56 0.0
429.57 0.0
429.58 0.0
429.59 0.0
429.6 0.0
429.61 0.0
429.62 0.0
429.63 0.0
429.64 0.0
429.65 0.0
429.66 0.0
429.67 0.0
429.68 0.0
429.69 0.0
429.7 0.0
429.71 0.0
429.72 0.0
429.73 0.0
429.74 0.0
429.75 0.0
429.76 0.0
429.77 0.0
429.78 0.0
429.79 0.0
429.8 0.0
429.81 0.0
429.82 0.0
429.83 0.0
429.84 0.0
429.85 0.0
429.86 0.0
429.87 0.0
429.88 0.0
429.89 0.0
429.9 0.0
429.91 0.0
429.92 0.0
429.93 0.0
429.94 0.0
429.95 0.0
429.96 0.0
429.97 0.0
429.98 0.0
429.99 0.0
