400.0 5.52400386091e-73
400.01 9.36111574287e-73
400.02 1.58498431585e-72
400.03 2.68130387349e-72
400.04 4.53200953208e-72
400.05 7.6534862482e-72
400.06 1.29137243003e-71
400.07 2.17704510394e-71
400.08 3.66696745814e-71
400.09 6.17121102628e-71
400.1 1.03766567657e-70
400.11 1.74328429697e-70
400.12 2.92619118217e-70
400.13 4.90750656073e-70
400.14 8.22323673187e-70
400.15 1.37672883808e-69
400.16 2.30291409935e-69
400.17 3.84884817909e-69
400.18 6.42698867245e-69
400.19 1.07227949492e-68
400.2 1.78744291285e-68
400.21 2.97700848108e-68
400.22 4.95395065119e-68
400.23 8.2365813601e-68
400.24 1.3682517802e-67
400.25 2.27095622867e-67
400.26 3.765955793e-67
400.27 6.23972406189e-67
400.28 1.0329499134e-66
400.29 1.7085073649e-66
400.3 2.8234373757e-66
400.31 4.66190239055e-66
400.32 7.69080686625e-66
400.33 1.2676645545e-65
400.34 2.08766351475e-65
400.35 3.43510777981e-65
400.36 5.64734015441e-65
400.37 9.27622424878e-65
400.38 1.52237710232e-64
400.39 2.4963010532e-64
400.4 4.08973708114e-64
400.41 6.69449052106e-64
400.42 1.09487209041e-63
400.43 1.78909314623e-63
400.44 2.92096418029e-63
400.45 4.76478405829e-63
400.46 7.76575933357e-63
400.47 1.26458592604e-62
400.48 2.05748403218e-62
400.49 3.34463180447e-62
400.5 5.43230154552e-62
400.51 8.81542259316e-62
400.52 1.42930895809e-61
400.53 2.31543613919e-61
400.54 3.74768613301e-61
400.55 6.06062382292e-61
400.56 9.79253557467e-61
400.57 1.58087197224e-60
400.58 2.54989298484e-60
400.59 4.10932907534e-60
400.6 6.61673284919e-60
400.61 1.0644860936e-59
400.62 1.71103974058e-59
400.63 2.74791891463e-59
400.64 4.40931821887e-59
400.65 7.0690765519e-59
400.66 1.13234205986e-58
400.67 1.81224247876e-58
400.68 2.8978685755e-58
400.69 4.62982714939e-58
400.7 7.3905129398e-58
400.71 1.17871306855e-57
400.72 1.87830159832e-57
400.73 2.99051696165e-57
400.74 4.75719467878e-57
400.75 7.56100092801e-57
400.76 1.20069131932e-56
400.77 1.90505343946e-56
400.78 3.01999808255e-56
400.79 4.78332493875e-56
400.8 7.56966767858e-56
400.81 1.196871307e-55
400.82 1.89078352758e-55
400.83 2.98441955565e-55
400.84 4.70653894378e-55
400.85 7.41595607086e-55
400.86 1.1674985586e-54
400.87 1.83640839762e-54
400.88 2.88606361455e-54
400.89 4.53175311129e-54
400.9 7.10968396373e-54
400.91 1.1144435195e-53
400.92 1.7453781815e-53
400.93 2.73114485346e-53
400.94 4.26995835385e-53
400.95 6.67000648697e-53
400.96 1.04100444963e-52
400.97 1.62331435037e-52
400.98 2.52916045349e-52
400.99 3.93707646408e-52
401.0 6.12343382871e-52
401.01 9.51568202333e-52
401.02 1.47743548533e-51
401.03 2.29192732739e-51
401.04 3.55235919234e-51
401.05 5.50118961627e-51
401.06 8.51177371042e-51
401.07 1.31585257988e-50
401.08 2.03244178927e-50
401.09 3.13655356039e-50
401.1 4.83627527775e-50
401.11 7.4506305666e-50
401.12 1.1468292455e-49
401.13 1.76371415968e-49
401.14 2.71007528895e-49
401.15 4.16062163825e-49
401.16 6.38202943719e-49
401.17 9.78099631348e-49
401.18 1.49772162311e-48
401.19 2.29141006855e-48
401.2 3.50266212885e-48
401.21 5.3495516986e-48
401.22 8.16319636674e-48
401.23 1.24459144329e-47
401.24 1.89590726402e-47
401.25 2.88556646913e-47
401.26 4.38802191066e-47
401.27 6.66699615544e-47
401.28 1.01208114583e-46
401.29 1.53505583442e-46
401.3 2.32625184927e-46
401.31 3.52219177537e-46
401.32 5.3283528715e-46
401.33 8.05372267063e-46
401.34 1.21625342255e-45
401.35 1.83516531615e-45
401.36 2.76662325066e-45
401.37 4.16724049513e-45
401.38 6.2714912327e-45
401.39 9.43011060921e-45
401.4 1.41672796489e-44
401.41 2.12657086161e-44
401.42 3.18931168218e-44
401.43 4.77900825794e-44
401.44 7.1548792835e-44
401.45 1.07026310198e-43
401.46 1.59956726562e-43
401.47 2.38857111048e-43
401.48 3.56367060752e-43
401.49 5.31227620372e-43
401.5 7.91202138228e-43
401.51 1.17738356605e-42
401.52 1.75054064734e-42
401.53 2.60045978416e-42
401.54 3.85968441892e-42
401.55 5.72370397171e-42
401.56 8.48059344685e-42
401.57 1.25544888798e-41
401.58 1.85693003688e-41
401.59 2.74419999137e-41
401.6 4.05190904999e-41
401.61 5.97760661665e-41
401.62 8.81086781618e-41
401.63 1.29757883554e-40
401.64 1.90929279281e-40
401.65 2.80695225546e-40
401.66 4.1230749594e-40
401.67 6.0510556631e-40
401.68 8.87288347164e-40
401.69 1.29993644673e-39
401.7 1.90284395686e-39
401.71 2.78296627093e-39
401.72 4.06664650451e-39
401.73 5.93729482832e-39
401.74 8.660929834e-39
401.75 1.26230452107e-38
401.76 1.83817759229e-38
401.77 2.67445016739e-38
401.78 3.88781208283e-38
401.79 5.64676524025e-38
401.8 8.1944142072e-38
401.81 1.18811862838e-37
401.82 1.72117650942e-37
401.83 2.49123517755e-37
401.84 3.60269716475e-37
401.85 5.20552456541e-37
401.86 7.51493027272e-37
401.87 1.08394968347e-36
401.88 1.56212938864e-36
401.89 2.24930627848e-36
401.9 3.23596563257e-36
401.91 4.65139174872e-36
401.92 6.6801412896e-36
401.93 9.5854408323e-36
401.94 1.37423892562e-35
401.95 1.96850314714e-35
401.96 2.81730388111e-35
401.97 4.02860777117e-35
401.98 5.75572440948e-35
401.99 8.21615661031e-35
402.0 1.17182062853e-34
402.01 1.66984931059e-34
402.02 2.37748144804e-34
402.03 3.38205529921e-34
402.04 4.80693206606e-34
402.05 6.82619950775e-34
402.06 9.68531348922e-34
402.07 1.37300494047e-33
402.08 1.94470723583e-33
402.09 2.75207378074e-33
402.1 3.89125442857e-33
402.11 5.49721718684e-33
402.12 7.75925233908e-33
402.13 1.09426011176e-32
402.14 1.54186011317e-32
402.15 2.1706664379e-32
402.16 3.05326796844e-32
402.17 4.29101926456e-32
402.18 6.02531448685e-32
402.19 8.45323003088e-32
402.2 1.18492092101e-31
402.21 1.65950956606e-31
402.22 2.3221692263e-31
402.23 3.24662167069e-31
402.24 4.53516626439e-31
402.25 6.32963192674e-31
402.26 8.82647735702e-31
402.27 1.22975919698e-30
402.28 1.71189238262e-30
402.29 2.38098441252e-30
402.3 3.30872259731e-30
402.31 4.59396704353e-30
402.32 6.37292937429e-30
402.33 8.83311833057e-30
402.34 1.22324290001e-29
402.35 1.69252491895e-29
402.36 2.33981301199e-29
402.37 3.23184813205e-29
402.38 4.46009849859e-29
402.39 6.14980956723e-29
402.4 8.47232482588e-29
402.41 1.16618443589e-28
402.42 1.60381989428e-28
402.43 2.20377709115e-28
402.44 3.02554380015e-28
402.45 4.15014181565e-28
402.46 5.68782391226e-28
402.47 7.78848630518e-28
402.48 1.065574186e-27
402.49 1.45659238067e-27
402.5 1.98937240404e-27
402.51 2.71467508563e-27
402.52 3.7012066819e-27
402.53 5.04188029571e-27
402.54 6.86223261867e-27
402.55 9.33172761805e-27
402.56 1.26789235793e-26
402.57 1.72118053959e-26
402.58 2.33450163563e-26
402.59 3.16362974708e-26
402.6 4.28352031504e-26
402.61 5.79481697805e-26
402.62 7.83253473143e-26
402.63 1.05776367158e-25
402.64 1.42724548478e-25
402.65 1.92412118244e-25
402.66 2.59173071828e-25
402.67 3.48795637294e-25
402.68 4.69003328244e-25
402.69 6.30092800934e-25
402.7 8.4577885468e-25
402.71 1.13431282169e-24
402.72 1.51996144426e-24
402.73 2.03496064519e-24
402.74 2.72209432532e-24
402.75 3.6380950234e-24
402.76 4.85812425827e-24
402.77 6.48166993534e-24
402.78 8.64030189857e-24
402.79 1.15078617373e-23
402.8 1.53138386131e-23
402.81 2.03609111597e-23
402.82 2.70479319135e-23
402.83 3.59000152115e-23
402.84 4.76078877381e-23
402.85 6.30793059538e-23
402.86 8.35061789508e-23
402.87 1.1045211335e-22
402.88 1.45966488547e-22
402.89 1.92732965435e-22
402.9 2.54262644259e-22
402.91 3.3514506386e-22
402.92 4.41374062331e-22
402.93 5.80770436644e-22
402.94 7.63529650171e-22
402.95 1.00293092961e-21
402.96 1.31625445909e-21
402.97 1.72596664523e-21
402.98 2.2612503873e-21
402.99 2.95997894889e-21
403.0 3.8712596689e-21
403.01 5.05870898486e-21
403.02 6.60466511489e-21
403.03 8.61560183472e-21
403.04 1.12290793495e-20
403.05 1.46226603995e-20
403.06 1.90253366219e-20
403.07 2.47321583148e-20
403.08 3.21229482848e-20
403.09 4.16862176525e-20
403.1 5.40497012055e-20
403.11 7.00193082176e-20
403.12 9.06287617661e-20
403.13 1.17202800656e-19
403.14 1.51437574579e-19
403.15 1.95502814333e-19
403.16 2.52171553751e-19
403.17 3.24984679309e-19
403.18 4.1845946296e-19
403.19 5.38353587688e-19
403.2 6.91999120336e-19
403.21 8.88724567262e-19
403.22 1.14038774461e-18
403.23 1.46204792826e-18
403.24 1.87281289299e-18
403.25 2.39690534467e-18
403.26 3.06500431032e-18
403.27 3.91593079373e-18
403.28 4.99876406045e-18
403.29 6.37549606505e-18
403.3 8.12435772891e-18
403.31 1.0343983192e-17
403.32 1.3158618232e-17
403.33 1.67246285263e-17
403.34 2.12386244786e-17
403.35 2.69475945597e-17
403.36 3.41615317389e-17
403.37 4.32691514914e-17
403.38 5.47574398322e-17
403.39 6.92359416109e-17
403.4 8.74669099354e-17
403.41 1.10402695592e-16
403.42 1.39232071021e-16
403.43 1.75437569302e-16
403.44 2.20866389807e-16
403.45 2.77817997002e-16
403.46 3.49152239296e-16
403.47 4.38422667538e-16
403.48 5.50040769633e-16
403.49 6.89478097354e-16
403.5 8.6351479002e-16
403.51 1.08054485269e-15
403.52 1.3509507906e-15
403.53 1.68756291604e-15
403.54 2.10622192454e-15
403.55 2.6264672972e-15
403.56 3.27237886172e-15
403.57 4.07360459724e-15
403.58 5.06661469115e-15
403.59 6.29623017712e-15
403.6 7.81748447671e-15
403.61 9.69788815271e-15
403.62 1.2020181545e-14
403.63 1.48856771504e-14
403.64 1.84183141639e-14
403.65 2.27695721459e-14
403.66 2.81244200739e-14
403.67 3.47085119428e-14
403.68 4.2796881635e-14
403.69 5.27244392052e-14
403.7 6.48986294269e-14
403.71 7.9814683114e-14
403.72 9.80739742955e-14
403.73 1.20406094085e-13
403.74 1.47695367706e-13
403.75 1.81012677722e-13
403.76 2.21653617713e-13
403.77 2.71184190605e-13
403.78 3.31495489601e-13
403.79 4.04869062714e-13
403.8 4.94054970991e-13
403.81 6.02364913186e-13
403.82 7.33783214728e-13
403.83 8.93098976513e-13
403.84 1.08606326103e-12
403.85 1.31957587317e-12
403.86 1.60190708617e-12
403.87 1.94296058764e-12
403.88 2.35458499619e-12
403.89 2.8509425507e-12
403.9 3.44894502631e-12
403.91 4.16876861686e-12
403.92 5.03446147524e-12
403.93 6.07465986235e-12
403.94 7.32343146628e-12
403.95 8.82126746718e-12
403.96 1.06162483985e-11
403.97 1.27654128573e-11
403.98 1.5336362719e-11
403.99 1.84091437997e-11
404.0 2.20784469762e-11
404.01 2.64561817258e-11
404.02 3.16744820034e-11
404.03 3.78892134698e-11
404.04 4.5284061466e-11
404.05 5.40752909644e-11
404.06 6.45172832084e-11
404.07 7.69089690767e-11
404.08 9.16012966175e-11
404.09 1.09005889939e-10
404.1 1.29605079012e-10
404.11 1.53963505217e-10
404.12 1.8274153609e-10
404.13 2.1671075489e-10
404.14 2.56771827005e-10
404.15 3.03975086011e-10
404.16 3.59544228146e-10
404.17 4.24903555416e-10
404.18 5.01709265274e-10
404.19 5.9188534932e-10
404.2 6.97664735561e-10
404.21 8.21636389159e-10
404.22 9.66799176133e-10
404.23 1.13662339405e-09
404.24 1.33512098422e-09
404.25 1.56692556263e-09
404.26 1.83738354214e-09
404.27 2.15265776877e-09
404.28 2.51984525983e-09
404.29 2.94711081417e-09
404.3 3.44383846461e-09
404.31 4.02080296289e-09
404.32 4.6903637279e-09
404.33 5.46668395183e-09
404.34 6.365977846e-09
404.35 7.40678932217e-09
404.36 8.61030574559e-09
404.37 1.00007107666e-08
404.38 1.16055806385e-08
404.39 1.34563288629e-08
404.4 1.55887044719e-08
404.41 1.80433497605e-08
404.42 2.08664238229e-08
404.43 2.41102988271e-08
404.44 2.78343365822e-08
404.45 3.21057536145e-08
404.46 3.70005836713e-08
404.47 4.26047473182e-08
404.48 4.90152390867e-08
404.49 5.63414434589e-08
404.5 6.47065918571e-08
404.51 7.42493737181e-08
404.52 8.51257156973e-08
404.53 9.75107440412e-08
404.54 1.11600946204e-07
404.55 1.27616548849e-07
404.56 1.4580413048e-07
404.57 1.66439488049e-07
404.58 1.89830778064e-07
404.59 2.16321953814e-07
404.6 2.46296521554e-07
404.61 2.80181639574e-07
404.62 3.18452585251e-07
404.63 3.61637616286e-07
404.64 4.10323253367e-07
404.65 4.6516001254e-07
404.66 5.2686861649e-07
404.67 5.96246714799e-07
404.68 6.74176143969e-07
404.69 7.61630758651e-07
404.7 8.59684865946e-07
404.71 9.69522294967e-07
404.72 1.09244613393e-06
404.73 1.2298891669e-06
404.74 1.38342504202e-06
404.75 1.55478020215e-06
404.76 1.74584660819e-06
404.77 1.95869528381e-06
404.78 2.19559070859e-06
404.79 2.45900608466e-06
404.8 2.75163949909e-06
404.81 3.07643100162e-06
404.82 3.43658061334e-06
404.83 3.83556727827e-06
404.84 4.27716876476e-06
404.85 4.76548251882e-06
404.86 5.30494746503e-06
404.87 5.90036674481e-06
404.88 6.55693137398e-06
404.89 7.28024479421e-06
404.9 8.07634828389e-06
404.91 8.95174718491e-06
404.92 9.91343789179e-06
404.93 1.09689355386e-05
404.94 1.21263023082e-05
404.95 1.33941762748e-05
404.96 1.47818006809e-05
404.97 1.62990535323e-05
404.98 1.79564773845e-05
404.99 1.9765309176e-05
405.0 2.17375099532e-05
405.01 2.38857943109e-05
405.02 2.62236593607e-05
405.03 2.87654130227e-05
405.04 3.15262014192e-05
405.05 3.45220351321e-05
405.06 3.7769814074e-05
405.07 4.12873507018e-05
405.08 4.50933912905e-05
405.09 4.92076349696e-05
405.1 5.36507502088e-05
405.11 5.84443884311e-05
405.12 6.36111944141e-05
405.13 6.9174813136e-05
405.14 7.51598927107e-05
405.15 8.159208305e-05
405.16 8.84980298868e-05
405.17 9.59053637917e-05
405.18 0.000103842683812
405.19 0.000112339535369
405.2 0.00012142638205
405.21 0.000131134570945
405.22 0.00014149629119
405.23 0.000152544525378
405.24 0.000164312993553
405.25 0.000176836089481
405.26 0.000190148808949
405.27 0.000204286669874
405.28 0.000219285624
405.29 0.000235181960061
405.3 0.000252012198268
405.31 0.000269812976069
405.32 0.000288620925156
405.33 0.000308472539758
405.34 0.000329404036307
405.35 0.000351451204641
405.36 0.000374649250948
405.37 0.000399032632742
405.38 0.000424634886225
405.39 0.000451488446451
405.4 0.000479624460794
405.41 0.000509072596285
405.42 0.000539860841474
405.43 0.000572015303516
405.44 0.000605560001297
405.45 0.000640516655455
405.46 0.000676904476224
405.47 0.000714739950137
405.48 0.00075403662663
405.49 0.000794804905696
405.5 0.000837051827789
405.51 0.000880780867199
405.52 0.000925991730213
405.53 0.000972680159381
405.54 0.00102083774524
405.55 0.0010704517469
405.56 0.00112150492287
405.57 0.00117397537359
405.58 0.00122783639697
405.59 0.00128305635842
405.6 0.00133959857671
405.61 0.00139742122698
405.62 0.00145647726219
405.63 0.00151671435426
405.64 0.00157807485607
405.65 0.00164049578529
405.66 0.00170390883123
405.67 0.00176824038547
405.68 0.001833411597
405.69 0.00189933845275
405.7 0.00196593188373
405.71 0.00203309789749
405.72 0.00210073773688
405.73 0.00216874806537
405.74 0.00223702117878
405.75 0.0023054452432
405.76 0.00237390455874
405.77 0.00244227984844
405.78 0.00251044857169
405.79 0.00257828526125
405.8 0.00264566188262
405.81 0.00271244821474
405.82 0.00277851225045
405.83 0.0028437206151
405.84 0.00290793900177
405.85 0.00297103262096
405.86 0.00303286666305
405.87 0.00309330677115
405.88 0.00315221952223
405.89 0.00320947291423
405.9 0.00326493685664
405.91 0.00331848366217
405.92 0.00336998853696
405.93 0.00341933006678
405.94 0.0034663906966
405.95 0.00351105720107
405.96 0.00355322114334
405.97 0.00359277931964
405.98 0.00362963418731
405.99 0.00366369427384
406.0 0.00369487456474
406.01 0.00372309686792
406.02 0.00374829015288
406.03 0.00377039086247
406.04 0.00378934319587
406.05 0.00380509936095
406.06 0.003817619795
406.07 0.00382687335236
406.08 0.00383283745831
406.09 0.0038354982284
406.1 0.00383485055269
406.11 0.0038308981448
406.12 0.00382365355566
406.13 0.00381313815228
406.14 0.00379938206186
406.15 0.00378242408221
406.16 0.00376231155913
406.17 0.00373910023218
406.18 0.00371285405003
406.19 0.00368364495714
406.2 0.00365155265349
406.21 0.00361666432938
406.22 0.00357907437748
406.23 0.00353888408451
406.24 0.00349620130485
406.25 0.00345114011898
406.26 0.00340382047919
406.27 0.00335436784552
406.28 0.00330291281486
406.29 0.00324959074595
406.3 0.00319454138357
406.31 0.00313790848451
406.32 0.00307983944873
406.33 0.00302048495831
406.34 0.0029599986273
406.35 0.00289853666524
406.36 0.00283625755711
406.37 0.00277332176235
406.38 0.00270989143547
406.39 0.00264613017066
406.4 0.00258220277254
406.41 0.00251827505518
406.42 0.00245451367117
406.43 0.0023910859724
406.44 0.00232815990409
406.45 0.00226590393299
406.46 0.00220448701107
406.47 0.00214407857504
406.48 0.0020848485825
406.49 0.00202696758456
406.5 0.00197060683511
406.51 0.0019159384362
406.52 0.00186313551895
406.53 0.00181237245906
406.54 0.00176382512564
406.55 0.00171767116193
406.56 0.00167409029605
406.57 0.00163326467978
406.58 0.00159537925294
406.59 0.00156062213079
406.6 0.00152918501162
406.61 0.00150126360122
406.62 0.00147705805102
406.63 0.0014567734061
406.64 0.00144062005929
406.65 0.00142881420726
406.66 0.00142157830424
406.67 0.00141914150904
406.68 0.00142174012054
406.69 0.00142961799696
406.7 0.00144302695404
406.71 0.00146222713691
406.72 0.00148748736075
406.73 0.00151908541486
406.74 0.00155730832511
406.75 0.00160245256942
406.76 0.00165482424121
406.77 0.00171473915555
406.78 0.0017825228932
406.79 0.00185851077742
406.8 0.00194304777902
406.81 0.002036488345
406.82 0.00213919614659
406.83 0.00225154374267
406.84 0.00237391215497
406.85 0.0025066903517
406.86 0.00265027463683
406.87 0.00280506794251
406.88 0.00297147902285
406.89 0.00314992154759
406.9 0.0033408130949
406.91 0.00354457404322
406.92 0.00376162636249
406.93 0.00399239230616
406.94 0.00423729300564
406.95 0.00449674697015
406.96 0.00477116849513
406.97 0.00506096598373
406.98 0.00536654018621
406.99 0.00568828236336
407.0 0.00602657238044
407.01 0.0063817767395
407.02 0.00675424655812
407.03 0.00714431550411
407.04 0.0075522976959
407.05 0.00797848557955
407.06 0.00842314779373
407.07 0.00888652703492
407.08 0.00936883793562
407.09 0.00987026496874
407.1 0.0103909603924
407.11 0.0109310422488
407.12 0.0114905924325
407.13 0.0120696548427
407.14 0.0126682336335
407.15 0.0132862915793
407.16 0.0139237485682
407.17 0.0145804802395
407.18 0.0152563167791
407.19 0.0159510418869
407.2 0.0166643919303
407.21 0.0173960552958
407.22 0.0181456719505
407.23 0.0189128332261
407.24 0.0196970818332
407.25 0.0204979121162
407.26 0.0213147705555
407.27 0.0221470565233
407.28 0.0229941232977
407.29 0.0238552793376
407.3 0.0247297898188
407.31 0.0256168784332
407.32 0.0265157294452
407.33 0.0274254900033
407.34 0.0283452727002
407.35 0.0292741583716
407.36 0.0302111991257
407.37 0.031155421589
407.38 0.0321058303553
407.39 0.0330614116218
407.4 0.0340211369941
407.41 0.0349839674404
407.42 0.0359488573735
407.43 0.0369147588382
407.44 0.0378806257793
407.45 0.0388454183647
407.46 0.0398081073376
407.47 0.0407676783691
407.48 0.0417231363841
407.49 0.0426735098307
407.5 0.0436178548651
407.51 0.0445552594214
407.52 0.0454848471383
407.53 0.0464057811132
407.54 0.0473172674568
407.55 0.048218558619
407.56 0.0491089564616
407.57 0.049987815052
407.58 0.0508545431548
407.59 0.0517086063989
407.6 0.0525495291022
407.61 0.0533768957333
407.62 0.0541903519983
407.63 0.0549896055372
407.64 0.0557744262212
407.65 0.0565446460427
407.66 0.0573001585937
407.67 0.0580409181315
407.68 0.0587669382312
407.69 0.0594782900323
407.7 0.0601751000831
407.71 0.0608575477973
407.72 0.0615258625325
407.73 0.0621803203094
407.74 0.0628212401902
407.75 0.0634489803371
407.76 0.0640639337765
407.77 0.0646665238951
407.78 0.0652571996974
407.79 0.0658364308544
407.8 0.0664047025782
407.81 0.0669625103556
407.82 0.0675103545764
407.83 0.0680487350941
407.84 0.0685781457561
407.85 0.0690990689402
407.86 0.0696119701384
407.87 0.0701172926234
407.88 0.0706154522374
407.89 0.071106832339
407.9 0.0715917789465
407.91 0.07207059611
407.92 0.0725435415478
407.93 0.0730108225785
407.94 0.073472592378
407.95 0.0739289465903
407.96 0.0743799203164
407.97 0.0748254855044
407.98 0.0752655487613
407.99 0.0756999496033
408.0 0.0761284591583
408.01 0.0765507793326
408.02 0.0769665424498
408.03 0.0773753113655
408.04 0.0777765800602
408.05 0.0781697747091
408.06 0.078554255223
408.07 0.0789293172525
408.08 0.079294194645
408.09 0.0796480623399
408.1 0.0799900396848
408.11 0.0803191941542
408.12 0.0806345454469
408.13 0.0809350699389
408.14 0.0812197054642
408.15 0.0814873563946
408.16 0.0817368989891
408.17 0.0819671869784
408.18 0.0821770573535
408.19 0.0823653363218
408.2 0.0825308453966
408.21 0.0826724075826
408.22 0.0827888536217
408.23 0.0828790282625
408.24 0.0829417965162
408.25 0.0829760498633
408.26 0.0829807123753
408.27 0.082954746716
408.28 0.0828971599896
408.29 0.0828070094016
408.3 0.0826834077016
408.31 0.0825255283795
408.32 0.0823326105844
408.33 0.0821039637427
408.34 0.08183897185
408.35 0.0815370974141
408.36 0.0811978850309
408.37 0.0808209645748
408.38 0.0804060539882
408.39 0.0799529616585
408.4 0.079461588371
408.41 0.0789319288322
408.42 0.0783640727559
408.43 0.0777582055111
408.44 0.0771146083319
408.45 0.0764336580896
408.46 0.0757158266346
408.47 0.0749616797125
408.48 0.0741718754658
408.49 0.0733471625309
408.5 0.0724883777456
408.51 0.0715964434809
408.52 0.0706723646156
408.53 0.0697172251725
408.54 0.0687321846354
408.55 0.0677184739714
408.56 0.0666773913789
408.57 0.0656102977873
408.58 0.0645186121336
408.59 0.0634038064409
408.6 0.0622674007259
408.61 0.0611109577638
408.62 0.0599360777356
408.63 0.0587443927866
408.64 0.0575375615248
408.65 0.0563172634836
408.66 0.0550851935784
408.67 0.0538430565827
408.68 0.0525925616488
408.69 0.0513354168994
408.7 0.0500733241137
408.71 0.0488079735316
408.72 0.0475410387971
408.73 0.0462741720635
408.74 0.0450089992781
408.75 0.0437471156666
408.76 0.0424900814312
408.77 0.0412394176811
408.78 0.0399966026055
408.79 0.0387630679035
408.8 0.0375401954804
408.81 0.0363293144189
408.82 0.0351316982322
408.83 0.0339485624055
408.84 0.032781062227
408.85 0.0316302909136
408.86 0.0304972780295
408.87 0.0293829881967
408.88 0.0282883200961
408.89 0.0272141057542
408.9 0.0261611101092
408.91 0.0251300308516
408.92 0.0241214985295
408.93 0.0231360769099
408.94 0.022174263587
408.95 0.0212364908242
408.96 0.020323126619
408.97 0.0194344759789
408.98 0.0185707823918
408.99 0.0177322294806
409.0 0.0169189428243
409.01 0.0161309919327
409.02 0.0153683923588
409.03 0.0146311079334
409.04 0.0139190531071
409.05 0.0132320953844
409.06 0.0125700578332
409.07 0.0119327216575
409.08 0.0113198288154
409.09 0.0107310846702
409.1 0.0101661606604
409.11 0.00962469697355
409.12 0.00910630521342
409.13 0.00861057104602
409.14 0.00813705681426
409.15 0.00768530410959
409.16 0.00725483629062
409.17 0.00684516093906
409.18 0.00645577224441
409.19 0.00608615330941
409.2 0.00573577836908
409.21 0.00540411491707
409.22 0.00509062573375
409.23 0.00479477081137
409.24 0.00451600917223
409.25 0.00425380057685
409.26 0.00400760711956
409.27 0.00377689470993
409.28 0.00356113443902
409.29 0.00335980383013
409.3 0.00317238797442
409.31 0.00299838055239
409.32 0.0028372847426
409.33 0.0026886140199
409.34 0.00255189284564
409.35 0.00242665725288
409.36 0.0023124553301
409.37 0.00220884760734
409.38 0.00211540734879
409.39 0.00203172075651
409.4 0.00195738708992
409.41 0.0018920187062
409.42 0.00183524102665
409.43 0.00178669243443
409.44 0.00174602410925
409.45 0.00171289980436
409.46 0.0016869955716
409.47 0.00166799944018
409.48 0.00165561105463
409.49 0.00164954127776
409.5 0.0016495117639
409.51 0.00165525450809
409.52 0.00166651137635
409.53 0.00168303362238
409.54 0.00170458139554
409.55 0.00173092324516
409.56 0.00176183562566
409.57 0.00179710240698
409.58 0.00183651439463
409.59 0.00187986886307
409.6 0.00192696910648
409.61 0.00197762401
409.62 0.00203164764488
409.63 0.00208885889028
409.64 0.00214908108426
409.65 0.00221214170641
409.66 0.00227787209385
409.67 0.00234610719245
409.68 0.00241668534452
409.69 0.00248944811398
409.7 0.00256424014973
409.71 0.00264090908768
409.72 0.00271930549137
409.73 0.00279928283106
409.74 0.00288069750073
409.75 0.00296340887203
409.76 0.00304727938428
409.77 0.00313217466886
409.78 0.00321796370639
409.79 0.00330451901486
409.8 0.00339171686626
409.81 0.00347943752956
409.82 0.00356756553711
409.83 0.00365598997179
409.84 0.0037446047718
409.85 0.00383330904986
409.86 0.0039220074235
409.87 0.00401061035287
409.88 0.00409903448265
409.89 0.00418720298419
409.9 0.0042750458943
409.91 0.00436250044691
409.92 0.0044495113937
409.93 0.00453603131019
409.94 0.00462202088334
409.95 0.00470744917714
409.96 0.00479229387267
409.97 0.00487654147907
409.98 0.00496018751222
409.99 0.00504323663807
410.0 0.00512570277741
410.01 0.00520760916976
410.02 0.00528898839348
410.03 0.00536988234019
410.04 0.0054503421413
410.05 0.00553042804518
410.06 0.00561020924337
410.07 0.00568976364511
410.08 0.00576917759916
410.09 0.00584854556275
410.1 0.00592796971767
410.11 0.00600755953373
410.12 0.0060874312805
410.13 0.00616770748823
410.14 0.00624851635967
410.15 0.00632999113437
410.16 0.00641226940794
410.17 0.00649549240862
410.18 0.0065798042341
410.19 0.00666535105209
410.2 0.00675228026775
410.21 0.00684073966238
410.22 0.00693087650707
410.23 0.00702283665603
410.24 0.00711676362419
410.25 0.00721279765389
410.26 0.00731107477579
410.27 0.0074117258692
410.28 0.00751487572724
410.29 0.00762064213225
410.3 0.00772913494687
410.31 0.00784045522656
410.32 0.00795469435885
410.33 0.00807193323497
410.34 0.00819224145924
410.35 0.0083156766014
410.36 0.00844228349721
410.37 0.00857209360205
410.38 0.00870512440244
410.39 0.00884137888969
410.4 0.00898084510006
410.41 0.00912349572506
410.42 0.00926928779545
410.43 0.00941816244195
410.44 0.00957004473523
410.45 0.00972484360744
410.46 0.00988245185702
410.47 0.0100427462378
410.48 0.0102055876334
410.49 0.0103708213166
410.5 0.0105382772942
410.51 0.0107077707355
410.52 0.0108791024834
410.53 0.0110520596461
410.54 0.0112264162675
410.55 0.0114019340715
410.56 0.0115783632789
410.57 0.0117554434907
410.58 0.011932904635
410.59 0.0121104679715
410.6 0.0122878471477
410.61 0.0124647493027
410.62 0.0126408762109
410.63 0.0128159254591
410.64 0.0129895916515
410.65 0.0131615676342
410.66 0.0133315457326
410.67 0.0134992189948
410.68 0.0136642824327
410.69 0.0138264342539
410.7 0.0139853770775
410.71 0.0141408191248
410.72 0.0142924753802
410.73 0.0144400687131
410.74 0.014583330955
410.75 0.0147220039264
410.76 0.0148558404046
410.77 0.0149846050302
410.78 0.0151080751444
410.79 0.0152260415541
410.8 0.0153383092186
410.81 0.0154446978573
410.82 0.015545042472
410.83 0.0156391937839
410.84 0.0157270185822
410.85 0.0158083999833
410.86 0.0158832376013
410.87 0.0159514476277
410.88 0.0160129628241
410.89 0.0160677324263
410.9 0.016115721965
410.91 0.0161569130037
410.92 0.0161913027983
410.93 0.0162189038818
410.94 0.01623974358
410.95 0.0162538634607
410.96 0.0162613187249
410.97 0.0162621775437
410.98 0.016256520348
410.99 0.0162444390778
411.0 0.0162260363976
411.01 0.0162014248847
411.02 0.0161707261983
411.03 0.0161340702358
411.04 0.0160915942836
411.05 0.0160434421705
411.06 0.0159897634288
411.07 0.0159307124722
411.08 0.0158664477947
411.09 0.0157971311991
411.1 0.0157229270588
411.11 0.0156440016197
411.12 0.0155605223472
411.13 0.0154726573216
411.14 0.0153805746878
411.15 0.0152844421602
411.16 0.0151844265886
411.17 0.0150806935839
411.18 0.0149734072084
411.19 0.0148627297287
411.2 0.0147488214336
411.21 0.0146318405155
411.22 0.0145119430144
411.23 0.0143892828226
411.24 0.0142640117488
411.25 0.0141362796372
411.26 0.0140062345398
411.27 0.0138740229365
411.28 0.0137397899997
411.29 0.0136036798982
411.3 0.0134658361349
411.31 0.0133264019134
411.32 0.013185520527
411.33 0.0130433357648
411.34 0.0128999923279
411.35 0.0127556362504
411.36 0.012610415318
411.37 0.0124644794779
411.38 0.0123179812354
411.39 0.0121710760277
411.4 0.0120239225732
411.41 0.0118766831868
411.42 0.0117295240583
411.43 0.0115826154881
411.44 0.0114361320744
411.45 0.0112902528502
411.46 0.011145161363
411.47 0.011001045697
411.48 0.0108580984331
411.49 0.0107165165445
411.5 0.0105765012274
411.51 0.0104382576648
411.52 0.0103019947221
411.53 0.010167924577
411.54 0.0100362622812
411.55 0.00990722525755
411.56 0.00978103273359
411.57 0.00965790511325
411.58 0.00953806329056
411.59 0.00942172790818
411.6 0.00930911856478
411.61 0.00920045297567
411.62 0.00909594609136
411.63 0.00899580917927
411.64 0.00890024887414
411.65 0.00880946620287
411.66 0.00872365559011
411.67 0.0086430038506
411.68 0.00856768917522
411.69 0.00849788011696
411.7 0.00843373458392
411.71 0.00837539884598
411.72 0.00832300656191
411.73 0.00827667783375
411.74 0.00823651829513
411.75 0.00820261823997
411.76 0.00817505179798
411.77 0.00815387616305
411.78 0.00813913088043
411.79 0.00813083719817
411.8 0.00812899748821
411.81 0.00813359474175
411.82 0.00814459214364
411.83 0.00816193272951
411.84 0.00818553912946
411.85 0.00821531340122
411.86 0.0082511369555
411.87 0.00829287057548
411.88 0.00834035453206
411.89 0.0083934087958
411.9 0.008451833346
411.91 0.00851540857679
411.92 0.00858389579959
411.93 0.00865703784057
411.94 0.00873455973146
411.95 0.0088161694912
411.96 0.00890155899568
411.97 0.00899040493203
411.98 0.00908236983369
411.99 0.00917710319167
412.0 0.00927424263727
412.01 0.00937341519088
412.02 0.00947423857121
412.03 0.00957632255872
412.04 0.00967927040695
412.05 0.00978268029495
412.06 0.00988614681369
412.07 0.00998926247937
412.08 0.010091619266
412.09 0.0101928101497
412.1 0.0102924306572
412.11 0.0103900804106
412.12 0.0104853646603
412.13 0.0105778957991
412.14 0.0106672948495
412.15 0.0107531929156
412.16 0.0108352325948
412.17 0.0109130693385
412.18 0.0109863727589
412.19 0.0110548278718
412.2 0.0111181362715
412.21 0.0111760172305
412.22 0.0112282087195
412.23 0.0112744683424
412.24 0.0113145741807
412.25 0.0113483255458
412.26 0.0113755436326
412.27 0.0113960720737
412.28 0.0114097773916
412.29 0.0114165493456
412.3 0.0114163011743
412.31 0.0114089697315
412.32 0.0113945155168
412.33 0.0113729226002
412.34 0.0113441984434
412.35 0.0113083736183
412.36 0.0112655014262
412.37 0.01121565742
412.38 0.0111589388329
412.39 0.011095463918
412.4 0.0110253712029
412.41 0.0109488186645
412.42 0.0108659828289
412.43 0.0107770578025
412.44 0.0106822542406
412.45 0.0105817982583
412.46 0.0104759302925
412.47 0.0103649039201
412.48 0.0102489846393
412.49 0.0101284486223
412.5 0.010003581445
412.51 0.00987467680125
412.52 0.00974203520926
412.53 0.009605962716
412.54 0.00946676960716
412.55 0.00932476912898
412.56 0.00918027622835
412.57 0.00903360631731
412.58 0.00888507406783
412.59 0.00873499224234
412.6 0.00858367056506
412.61 0.00843141463918
412.62 0.00827852491385
412.63 0.00812529570528
412.64 0.0079720142752
412.65 0.00781895996979
412.66 0.00766640342168
412.67 0.00751460581705
412.68 0.00736381822954
412.69 0.00721428102203
412.7 0.00706622331712
412.71 0.00691986253647
412.72 0.00677540400883
412.73 0.00663304064621
412.74 0.00649295268714
412.75 0.00635530750567
412.76 0.00622025948431
412.77 0.00608794994896
412.78 0.00595850716338
412.79 0.00583204638054
412.8 0.00570866994813
412.81 0.00558846746491
412.82 0.00547151598496
412.83 0.00535788026606
412.84 0.00524761305904
412.85 0.00514075543433
412.86 0.00503733714202
412.87 0.00493737700199
412.88 0.00484088332031
412.89 0.00474785432833
412.9 0.004658278641
412.91 0.0045721357309
412.92 0.00448939641479
412.93 0.00441002334925
412.94 0.00433397153267
412.95 0.00426118881044
412.96 0.00419161638088
412.97 0.0041251892992
412.98 0.00406183697735
412.99 0.00400148367762
413.0 0.00394404899801
413.01 0.00388944834784
413.02 0.00383759341203
413.03 0.00378839260282
413.04 0.00374175149787
413.05 0.00369757326388
413.06 0.00365575906506
413.07 0.00361620845589
413.08 0.00357881975793
413.09 0.00354349042043
413.1 0.00351011736472
413.11 0.00347859731246
413.12 0.00344882709797
413.13 0.00342070396487
413.14 0.00339412584755
413.15 0.00336899163774
413.16 0.00334520143684
413.17 0.00332265679444
413.18 0.00330126093373
413.19 0.00328091896418
413.2 0.00326153808236
413.21 0.00324302776125
413.22 0.00322529992867
413.23 0.00320826913543
413.24 0.00319185271367
413.25 0.00317597092575
413.26 0.00316054710427
413.27 0.00314550778349
413.28 0.00313078282241
413.29 0.00311630551991
413.3 0.00310201272199
413.31 0.0030878449213
413.32 0.00307374634915
413.33 0.0030596650598
413.34 0.00304555300726
413.35 0.00303136611434
413.36 0.00301706433393
413.37 0.00300261170235
413.38 0.00298797638453
413.39 0.00297313071095
413.4 0.00295805120592
413.41 0.00294271860709
413.42 0.00292711787589
413.43 0.00291123819867
413.44 0.00289507297822
413.45 0.00287861981546
413.46 0.00286188048113
413.47 0.00284486087706
413.48 0.00282757098714
413.49 0.00281002481745
413.5 0.00279224032578
413.51 0.00277423934011
413.52 0.00275604746622
413.53 0.00273769398429
413.54 0.00271921173443
413.55 0.00270063699139
413.56 0.00268200932835
413.57 0.00266337146997
413.58 0.00264476913491
413.59 0.00262625086805
413.6 0.00260786786254
413.61 0.00258967377211
413.62 0.00257172451387
413.63 0.00255407806203
413.64 0.00253679423291
413.65 0.00251993446164
413.66 0.00250356157106
413.67 0.00248773953333
413.68 0.00247253322469
413.69 0.00245800817398
413.7 0.00244423030552
413.71 0.0024312656769
413.72 0.0024191802123
413.73 0.00240803943203
413.74 0.00239790817899
413.75 0.00238885034266
413.76 0.00238092858139
413.77 0.00237420404379
413.78 0.00236873608986
413.79 0.00236458201279
413.8 0.00236179676217
413.81 0.00236043266946
413.82 0.00236053917657
413.83 0.00236216256852
413.84 0.00236534571101
413.85 0.00237012779381
413.86 0.00237654408109
413.87 0.00238462566949
413.88 0.002394399255
413.89 0.00240588690975
413.9 0.00241910586956
413.91 0.00243406833351
413.92 0.0024507812764
413.93 0.00246924627527
413.94 0.00248945935098
413.95 0.00251141082595
413.96 0.00253508519903
413.97 0.00256046103859
413.98 0.00258751089477
413.99 0.00261620123186
414.0 0.00264649238175
414.01 0.00267833851928
414.02 0.00271168766036
414.03 0.0027464816835
414.04 0.0027826563755
414.05 0.00282014150185
414.06 0.00285886090233
414.07 0.00289873261213
414.08 0.00293966900886
414.09 0.00298157698554
414.1 0.00302435814955
414.11 0.00306790904752
414.12 0.0031121214158
414.13 0.00315688245623
414.14 0.00320207513654
414.15 0.00324757851473
414.16 0.00329326808659
414.17 0.00333901615531
414.18 0.00338469222202
414.19 0.00343016339595
414.2 0.00347529482264
414.21 0.00351995012881
414.22 0.00356399188178
414.23 0.00360728206187
414.24 0.00364968254557
414.25 0.00369105559734
414.26 0.00373126436796
414.27 0.00377017339687
414.28 0.00380764911628
414.29 0.00384356035448
414.3 0.00387777883586
414.31 0.00391017967504
414.32 0.00394064186269
414.33 0.00396904874024
414.34 0.00399528846123
414.35 0.00401925443647
414.36 0.00404084576092
414.37 0.00405996761963
414.38 0.0040765316706
414.39 0.00409045640242
414.4 0.00410166746461
414.41 0.00411009796866
414.42 0.00411568875832
414.43 0.00411838864722
414.44 0.00411815462276
414.45 0.00411495201482
414.46 0.0041087546285
414.47 0.00409954483998
414.48 0.00408731365512
414.49 0.00407206073023
414.5 0.00405379435515
414.51 0.00403253139863
414.52 0.00400829721636
414.53 0.00398112552234
414.54 0.00395105822428
414.55 0.00391814522405
414.56 0.00388244418452
414.57 0.00384402026402
414.58 0.0038029458202
414.59 0.00375930008498
414.6 0.00371316881256
414.61 0.00366464390255
414.62 0.00361382300045
414.63 0.00356080907787
414.64 0.00350570999484
414.65 0.00344863804671
414.66 0.00338970949832
414.67 0.00332904410794
414.68 0.00326676464364
414.69 0.00320299639477
414.7 0.00313786668111
414.71 0.00307150436233
414.72 0.00300403935033
414.73 0.00293560212679
414.74 0.00286632326858
414.75 0.00279633298303
414.76 0.0027257606555
414.77 0.00265473441123
414.78 0.00258338069327
414.79 0.00251182385853
414.8 0.00244018579338
414.81 0.00236858555033
414.82 0.00229713900715
414.83 0.00222595854946
414.84 0.00215515277792
414.85 0.00208482624053
414.86 0.00201507919099
414.87 0.00194600737324
414.88 0.00187770183268
414.89 0.00181024875399
414.9 0.0017437293256
414.91 0.00167821963052
414.92 0.00161379056316
414.93 0.00155050777167
414.94 0.00148843162504
414.95 0.00142761720429
414.96 0.0013681143168
414.97 0.00130996753282
414.98 0.00125321624302
414.99 0.00119789473594
415.0 0.00114403229413
415.01 0.00109165330763
415.02 0.00104077740346
415.03 0.000991419589766
415.04 0.000943590413181
415.05 0.000897296127992
415.06 0.000852538875698
415.07 0.000809316873529
415.08 0.000767624610524
415.09 0.000727453049802
415.1 0.000688789835656
415.11 0.000651619504193
415.12 0.000615923696231
415.13 0.000581681371269
415.14 0.000548869021368
415.15 0.00051746088386
415.16 0.000487429151871
415.17 0.0004587441817
415.18 0.000431374696186
415.19 0.000405287983252
415.2 0.000380450088907
415.21 0.00035682600405
415.22 0.0003343798445
415.23 0.000313075023754
415.24 0.000292874418042
415.25 0.000273740523333
415.26 0.000255635603999
415.27 0.000238521832918
415.28 0.000222361422873
415.29 0.000207116749154
415.3 0.000192750463311
415.31 0.000179225598115
415.32 0.000166505663758
415.33 0.000154554735441
415.34 0.000143337532494
415.35 0.000132819489231
415.36 0.000122966817776
415.37 0.000113746563117
415.38 0.000105126650684
415.39 9.70759267639e-05
415.4 8.95641920743e-05
415.41 8.25622288556e-05
415.42 7.60418218294e-05
415.43 6.99757733935e-05
415.44 6.43379134253e-05
415.45 5.91031040667e-05
415.46 5.42472398643e-05
415.47 4.97472436371e-05
415.48 4.55810584353e-05
415.49 4.17276359523e-05
415.5 3.81669217366e-05
415.51 3.48798375461e-05
415.52 3.18482611705e-05
415.53 2.90550040378e-05
415.54 2.64837869052e-05
415.55 2.411921392e-05
415.56 2.19467453218e-05
415.57 1.99526690399e-05
415.58 1.81240714246e-05
415.59 1.64488073357e-05
415.6 1.49154697917e-05
415.61 1.35133593726e-05
415.62 1.22324535468e-05
415.63 1.10633760834e-05
415.64 9.9973666899e-06
415.65 9.02625100621e-06
415.66 8.14241106639e-06
415.67 7.33875633055e-06
415.68 6.6086953731e-06
415.69 5.94610830308e-06
415.7 5.34531997998e-06
415.71 4.80107407774e-06
415.72 4.30850803974e-06
415.73 3.86312895783e-06
415.74 3.4607904001e-06
415.75 3.09767020394e-06
415.76 2.77024924392e-06
415.77 2.47529117709e-06
415.78 2.209823163e-06
415.79 1.97111754977e-06
415.8 1.75667451355e-06
415.81 1.56420563414e-06
415.82 1.39161838645e-06
415.83 1.23700152395e-06
415.84 1.09861132838e-06
415.85 9.74858697241e-07
415.86 8.6429703946e-07
415.87 7.65610948016e-07
415.88 6.77605617473e-07
415.89 5.99196973744e-07
415.9 5.29402483057e-07
415.91 4.67332606997e-07
415.92 4.12182870635e-07
415.93 3.63226511108e-07
415.94 3.19807674492e-07
415.95 2.81335129499e-07
415.96 2.47276467298e-07
415.97 2.17152757646e-07
415.98 1.90533632506e-07
415.99 1.67032769372e-07
416.0 1.46303747621e-07
416.01 1.28036252354e-07
416.02 1.11952601351e-07
416.03 9.78045719543e-08
416.04 8.53705058631e-08
416.05 7.44526710249e-08
416.06 6.48748609499e-08
416.07 5.64802129391e-08
416.08 4.91292278279e-08
416.09 4.26979749413e-08
416.1 3.70764670071e-08
416.11 3.21671907959e-08
416.12 2.78837802278e-08
416.13 2.41498196256e-08
416.14 2.08977656816e-08
416.15 1.80679775534e-08
416.16 1.56078453067e-08
416.17 1.34710076815e-08
416.18 1.16166508717e-08
416.19 1.00088806795e-08
416.2 8.61616103524e-09
416.21 7.4108124614e-09
416.22 6.36856460714e-09
416.23 5.46815749154e-09
416.24 4.69098656611e-09
416.25 4.02078714727e-09
416.26 3.44335417465e-09
416.27 2.94629362608e-09
416.28 2.51880226464e-09
416.29 2.15147271039e-09
416.3 1.83612111973e-09
416.31 1.56563502212e-09
416.32 1.33383910654e-09
416.33 1.13537697266e-09
416.34 9.65607063315e-10
416.35 8.20511179154e-10
416.36 6.96614142879e-10
416.37 5.90913331775e-10
416.38 5.00816934056e-10
416.39 4.24089908039e-10
416.4 3.58806734645e-10
416.41 3.0331015402e-10
416.42 2.56175167295e-10
416.43 2.16177665488e-10
416.44 1.82267120135e-10
416.45 1.53542835202e-10
416.46 1.29233317923e-10
416.47 1.08678377987e-10
416.48 9.13136107386e-11
416.49 7.66569611052e-11
416.5 6.42971015142e-11
416.51 5.38833894826e-11
416.52 4.51171992708e-11
416.53 3.77444474298e-11
416.54 3.15491545366e-11
416.55 2.63479052478e-11
416.56 2.19850862854e-11
416.57 1.83287973599e-11
416.58 1.52673435684e-11
416.59 1.27062296853e-11
416.6 1.05655871849e-11
416.61 8.77797395882e-12
416.62 7.28649467227e-12
416.63 6.04319667822e-12
416.64 5.00770248948e-12
416.65 4.14604511175e-12
416.66 3.42967715378e-12
416.67 2.83462864199e-12
416.68 2.3407919483e-12
416.69 1.93131526004e-12
416.7 1.59208863557e-12
416.71 1.3113089513e-12
416.72 1.079112001e-12
416.73 8.87261694305e-13
416.74 7.28887756051e-13
416.75 5.98264579207e-13
416.76 4.90624961132e-13
416.77 4.02003377186e-13
416.78 3.29104239141e-13
416.79 2.69191265543e-13
416.8 2.19994673052e-13
416.81 1.7963339526e-13
416.82 1.46549960302e-13
416.83 1.19456020985e-13
416.84 9.72868399145e-14
416.85 7.91632948964e-14
416.86 6.43601933054e-14
416.87 5.22798738008e-14
416.88 4.24302347036e-14
416.89 3.44064646744e-14
416.9 2.78758667226e-14
416.91 2.25652641244e-14
416.92 1.82505591989e-14
416.93 1.47480853779e-14
416.94 1.19074515506e-14
416.95 9.60562694392e-15
416.96 7.74205622996e-15
416.97 6.23462934509e-15
416.98 5.01635969922e-15
416.99 4.03264891389e-15
417.0 3.23903670649e-15
417.01 2.59935166205e-15
417.02 2.08419293739e-15
417.03 1.66968487833e-15
417.04 1.33645647869e-15
417.05 1.06880589375e-15
417.06 8.54017110361e-16
417.07 6.81801600685e-16
417.08 5.43842537592e-16
417.09 4.33423089446e-16
417.1 3.45123574514e-16
417.11 2.74574954839e-16
417.12 2.18258380527e-16
417.13 1.73342337466e-16
417.14 1.37550470843e-16
417.15 1.09054408537e-16
417.16 8.63869387861e-17
417.17 6.83717435613e-17
417.18 5.40665848709e-17
417.19 4.27174120305e-17
417.2 3.37213258592e-17
417.21 2.65967188641e-17
417.22 2.09592238462e-17
417.23 1.65023594226e-17
417.24 1.29819699724e-17
417.25 1.02037279552e-17
417.26 8.01310539074e-18
417.27 6.28733427455e-18
417.28 4.92896755507e-18
417.29 3.86072689088e-18
417.3 3.02138392507e-18
417.31 2.36247086059e-18
417.32 1.84565583172e-18
417.33 1.44065068669e-18
417.34 1.12354474915e-18
417.35 8.75479075823e-19
417.36 6.81592620431e-19
417.37 5.30185323061e-19
417.38 4.12054095553e-19
417.39 3.19966478535e-19
417.4 2.4824381716e-19
417.41 1.9243147651e-19
417.42 1.4903816551e-19
417.43 1.15330079885e-19
417.44 8.91684878875e-20
417.45 6.88817105716e-20
417.46 5.3164307072e-20
417.47 4.09977577068e-20
417.48 3.15881188722e-20
417.49 2.43170638656e-20
417.5 1.87034713892e-20
417.51 1.43733174128e-20
417.52 1.10360974247e-20
417.53 8.46637981097e-21
417.54 6.48938711007e-21
417.55 4.96973611082e-21
417.56 3.80265292158e-21
417.57 2.90712536125e-21
417.58 2.22057038881e-21
417.59 1.69468521723e-21
417.6 1.29222235679e-21
417.61 9.84485156388e-22
417.62 7.49384673935e-22
417.63 5.69933459023e-22
417.64 4.33079087708e-22
417.65 3.28801647699e-22
417.66 2.49416091735e-22
417.67 1.89033452648e-22
417.68 1.43145129633e-22
417.69 1.08302429282e-22
417.7 8.18697629123e-23
417.71 6.18347457972e-23
417.72 4.66622138064e-23
417.73 3.51821042643e-23
417.74 2.6503424699e-23
417.75 1.99483000947e-23
417.76 1.50014591091e-23
417.77 1.12715806965e-23
417.78 8.46174355354e-24
417.79 6.34685543503e-24
417.8 4.75642952117e-24
417.81 3.56145316941e-24
417.82 2.66438587539e-24
417.83 1.9915477324e-24
417.84 1.48733236837e-24
417.85 1.10981106788e-24
417.86 8.27396703538e-25
417.87 6.16314284247e-25
417.88 4.58684846993e-25
417.89 3.41075296467e-25
417.9 2.5340189014e-25
417.91 1.88101884773e-25
417.92 1.39508335433e-25
417.93 1.03378655377e-25
417.94 7.65394458913e-26
417.95 5.66191651032e-26
417.96 4.18470955644e-26
417.97 3.09023063088e-26
417.98 2.28002798607e-26
417.99 1.68078891431e-26
418.0 1.23796932815e-26
418.01 9.11025025487e-27
418.02 6.69845187914e-27
418.03 4.9208744997e-27
418.04 3.61188445646e-27
418.05 2.64879971583e-27
418.06 1.94083272315e-27
418.07 1.42085841346e-27
418.08 1.0392911116e-27
418.09 7.59534202617e-28
418.1 5.54601666443e-28
418.11 4.04611961402e-28
418.12 2.9493069712e-28
418.13 2.14795386793e-28
418.14 1.56298076924e-28
418.15 1.13633408003e-28
418.16 8.25433597158e-29
418.17 5.99076058958e-29
418.18 4.34415686488e-29
418.19 3.14740584025e-29
418.2 2.27836712892e-29
418.21 1.64785266469e-29
418.22 1.1907943449e-29
418.23 8.59763217044e-30
418.24 6.20218435011e-30
418.25 4.47027451177e-30
418.26 3.21919606467e-30
418.27 2.31624436385e-30
418.28 1.6651180763e-30
418.29 1.19599512083e-30
418.3 8.58296799028e-31
418.31 6.15416718662e-31
418.32 4.40884469002e-31
418.33 3.1557604041e-31
418.34 2.25687215165e-31
418.35 1.61262580533e-31
418.36 1.15128796582e-31
418.37 8.21217201301e-32
418.38 5.85269405838e-32
418.39 4.16751642403e-32
418.4 2.96498520104e-32
418.41 2.10761583339e-32
418.42 1.49687001075e-32
418.43 1.0621856627e-32
418.44 7.53078926867e-33
418.45 5.33462956566e-33
418.46 3.77565020783e-33
418.47 2.66994890395e-33
418.48 1.8864176891e-33
418.49 1.33166959128e-33
418.5 9.39244839901e-34
418.51 6.61888545481e-34
418.52 4.66030805592e-34
418.53 3.27844647753e-34
418.54 2.30433323183e-34
418.55 1.61825210498e-34
418.56 1.13545725792e-34
418.57 7.96011080694e-35
418.58 5.57559408095e-35
418.59 3.90199668386e-35
418.6 2.72838941558e-35
418.61 1.90611688584e-35
418.62 1.33050470235e-35
418.63 9.27912470588e-36
418.64 6.46578592561e-36
418.65 4.50152165994e-36
418.66 3.1312740533e-36
418.67 2.17623868936e-36
418.68 1.51117822507e-36
418.69 1.04845201757e-36
418.7 7.26783643682e-37
418.71 5.03367813817e-37
418.72 3.4832885544e-37
418.73 2.40833654255e-37
418.74 1.66367545999e-37
418.75 1.14826931206e-37
418.76 7.9184944832e-38
418.77 5.45588479352e-38
418.78 3.75587799564e-38
418.79 2.58333943816e-38
418.8 1.77531402618e-38
418.81 1.21896884829e-38
418.82 8.36245400815e-39
418.83 5.73189980182e-39
418.84 3.92542921345e-39
418.85 2.68595927143e-39
418.86 1.83626521877e-39
418.87 1.25428175777e-39
418.88 8.56009365379e-40
418.89 5.83694550915e-40
418.9 3.97664180916e-40
418.91 2.70689258242e-40
418.92 1.84098089799e-40
418.93 1.25098255958e-40
418.94 8.49330930647e-41
418.95 5.76137757864e-41
418.96 3.90480587849e-41
418.97 2.64421199661e-41
418.98 1.78902663578e-41
418.99 1.2093751885e-41
419.0 8.16824987359e-42
419.01 5.5121456871e-42
419.02 3.71651656519e-42
419.03 2.5036589616e-42
419.04 1.68514773528e-42
419.05 1.13324680655e-42
419.06 7.61438337549e-43
419.07 5.11173918856e-43
419.08 3.42867521058e-43
419.09 2.29777616605e-43
419.1 1.53855421986e-43
419.11 1.02929912507e-43
419.12 6.88008991483e-44
419.13 4.59483940505e-44
419.14 3.06598674026e-44
419.15 2.04406132043e-44
419.16 1.36157409679e-44
419.17 9.06175578052e-45
419.18 6.02569491036e-45
419.19 4.00336913791e-45
419.2 2.65746679846e-45
419.21 1.76251884917e-45
419.22 1.16794772664e-45
419.23 7.73279956949e-46
419.24 5.11533186012e-46
419.25 3.38091760617e-46
419.26 2.23264190823e-46
419.27 1.47308317929e-46
419.28 9.71089327011e-47
419.29 6.39609350212e-47
419.3 4.20914744687e-47
419.31 2.76756090706e-47
419.32 1.81812587617e-47
419.33 1.19336809003e-47
419.34 7.82615790795e-48
419.35 5.12798214555e-48
419.36 3.35712965925e-48
419.37 2.1959044456e-48
419.38 1.43510102117e-48
419.39 9.37076876996e-49
419.4 6.11352485272e-49
419.41 3.98503238478e-49
419.42 2.59534884685e-49
419.43 1.68881990352e-49
419.44 1.09798055584e-49
419.45 7.13230115061e-50
419.46 4.62901307933e-50
419.47 3.00172467989e-50
419.48 1.94480927281e-50
419.49 1.25894538351e-50
419.5 8.14255077175e-51
419.51 5.2618416385e-51
419.52 3.39733821201e-51
419.53 2.19161117909e-51
419.54 1.4125763885e-51
419.55 9.09670457508e-52
419.56 5.85301923563e-52
419.57 3.76269940326e-52
419.58 2.41681167463e-52
419.59 1.55099289489e-52
419.6 9.94490225517e-53
419.61 6.37110763344e-53
419.62 4.07805499095e-53
419.63 2.60804407135e-53
419.64 1.6664814608e-53
419.65 1.06392192739e-53
419.66 6.78645143347e-54
419.67 4.32513276959e-54
419.68 2.75410094558e-54
419.69 1.75220121655e-54
419.7 1.11381179648e-54
419.71 7.07397240669e-55
419.72 4.4888864752e-55
419.73 2.84601769109e-55
419.74 1.80285285131e-55
419.75 1.14105526528e-55
419.76 7.21567211011e-56
419.77 4.55901071891e-56
419.78 2.87798250147e-56
419.79 1.81522054065e-56
419.8 1.14391658873e-56
419.81 7.20249609195e-57
419.82 4.53101413564e-57
419.83 2.84794445878e-57
419.84 1.78850980802e-57
419.85 1.12221184762e-57
419.86 7.03529131385e-58
419.87 4.40669541301e-58
419.88 2.75783128712e-58
419.89 1.72443197698e-58
419.9 1.077328511e-58
419.91 6.72471606031e-59
419.92 4.19395206666e-59
419.93 2.61334463347e-59
419.94 1.62702273558e-59
419.95 1.01207866539e-59
419.96 6.29011565611e-60
419.97 3.90595022153e-60
419.98 2.42336309652e-60
419.99 1.50222155211e-60
420.0 9.30407492981e-61
420.01 5.75752884802e-61
420.02 3.55977671987e-61
420.03 2.19903988749e-61
420.04 1.35727286867e-61
420.05 8.36999004006e-62
420.06 5.15711038223e-62
420.07 3.17476530478e-62
420.08 1.95272252704e-62
420.09 1.20003291942e-62
420.1 7.36833725621e-63
420.11 4.52032378792e-63
420.12 2.7707242457e-63
420.13 1.69683955136e-63
420.14 1.03827396588e-63
420.15 6.34756070448e-64
420.16 3.87726490227e-64
420.17 2.36628906791e-64
420.18 1.44289202583e-64
420.19 8.79070248156e-65
420.2 5.35102577276e-65
420.21 3.25442461603e-65
420.22 1.97758473994e-65
420.23 1.20065905539e-65
420.24 7.28329685893e-66
420.25 4.41428160544e-66
420.26 2.67310347922e-66
420.27 1.61731725375e-66
420.28 9.77683713588e-67
420.29 5.905072774e-67
420.3 3.56349242748e-67
420.31 2.14857312319e-67
420.32 1.29433933567e-67
420.33 7.79058146634e-68
420.34 4.6850616428e-68
420.35 2.8150392719e-68
420.36 1.68996347759e-68
420.37 1.0136636958e-68
420.38 6.07483069453e-69
420.39 3.63745958969e-69
420.4 2.17613527209e-69
420.41 1.30076041495e-69
420.42 7.76841553358e-70
420.43 4.63544354937e-70
420.44 2.76359156007e-70
420.45 1.64619065241e-70
420.46 9.79738371199e-71
420.47 5.82591060057e-71
420.48 3.46131581863e-71
420.49 2.05467128161e-71
420.5 1.21861687255e-71
420.51 7.22130578583e-72
420.52 4.27551069075e-72
420.53 2.52920464276e-72
420.54 1.49487079249e-72
420.55 8.8276896228e-73
420.56 5.20851796375e-73
420.57 3.07047093007e-73
420.58 1.80850421878e-73
420.59 1.06428459227e-73
420.6 6.25777200518e-74
420.61 3.67625315107e-74
420.62 2.15781792254e-74
420.63 1.26545846325e-74
420.64 7.41488988452e-75
420.65 4.34095445826e-75
420.66 2.53915647977e-75
420.67 1.48394366647e-75
420.68 8.66501015019e-76
420.69 5.05527108807e-76
420.7 2.9467516526e-76
420.71 1.71619382303e-76
420.72 9.98648940921e-77
420.73 5.80608072186e-77
420.74 3.37269451078e-77
420.75 1.95746792549e-77
420.76 1.1351049455e-77
420.77 6.57659487386e-78
420.78 3.80706135415e-78
420.79 2.20192425147e-78
420.8 1.27244372981e-78
420.81 7.3468049478e-79
420.82 4.23820682106e-79
420.83 2.44280890739e-79
420.84 1.40676176604e-79
420.85 8.09422607174e-80
420.86 4.6532224679e-80
420.87 2.67273570386e-80
420.88 1.533846595e-80
420.89 8.79491305439e-81
420.9 5.03854204288e-81
420.91 2.88404435717e-81
420.92 1.64938749274e-81
420.93 9.42469209869e-82
420.94 5.38065760981e-82
420.95 3.06921460481e-82
420.96 1.74921368946e-82
420.97 9.96052411801e-83
420.98 5.6668958086e-83
420.99 3.22130596424e-83
421.0 1.82954222853e-83
421.01 1.03818945169e-83
421.02 5.88619300706e-84
421.03 3.33438771612e-84
421.04 1.88721512608e-84
421.05 1.06721134338e-84
421.06 6.02980363356e-85
421.07 3.40392214352e-85
421.08 1.91990517638e-85
421.09 1.0819411865e-85
421.1 6.09187859861e-86
421.11 3.42706655688e-86
421.12 1.92627172745e-86
421.13 1.08177334049e-86
421.14 6.0698605111e-87
421.15 3.4028660964e-87
421.16 1.90605189754e-87
421.17 1.0667147377e-87
421.18 5.9646584749e-88
421.19 3.33231908814e-88
421.2 1.86007858323e-88
421.21 1.0373844084e-88
421.22 5.7805858159e-89
421.23 3.21830871979e-89
421.24 1.79022354008e-89
421.25 9.94971262966e-90
421.26 5.52506668422e-90
421.27 3.06540755278e-90
421.28 1.69927095668e-90
421.29 9.41154143813e-91
421.3 5.20813934425e-91
421.31 2.87957334201e-91
421.32 1.59073342227e-91
421.33 8.77991638692e-92
421.34 4.84180245872e-92
421.35 2.66776435652e-92
421.36 1.46862723364e-92
421.37 8.07791727761e-93
421.38 4.43926364286e-93
421.39 2.4375087713e-93
421.4 1.33722703672e-93
421.41 7.32972739715e-94
421.42 4.01415566097e-94
421.43 2.19646510817e-94
421.44 1.20082057441e-94
421.45 6.55927205863e-95
421.46 3.57978448247e-95
421.47 1.95200906561e-95
421.48 1.06348285299e-95
421.49 5.7889908902e-96
421.5 3.14846560174e-96
421.51 1.71087685839e-96
421.52 9.28885671412e-97
421.53 5.03882746495e-97
421.54 2.73099197886e-97
421.55 1.47888728076e-97
421.56 8.00153732599e-98
421.57 4.32549196601e-98
421.58 2.33626066228e-98
421.59 1.26075528004e-98
421.6 6.79773151212e-99
421.61 3.66202185314e-99
421.62 1.97106782336e-99
421.63 1.06000012778e-99
421.64 5.6955278442e-100
421.65 3.05763579296e-100
421.66 1.64006567899e-100
421.67 8.78942449404e-101
421.68 4.70634057154e-101
421.69 2.51785070796e-101
421.7 1.3458613225e-101
421.71 7.18777314523e-102
421.72 3.83541289095e-102
421.73 2.04481300169e-102
421.74 1.08922796939e-102
421.75 5.79705851356e-103
421.76 3.08262215817e-103
421.77 1.63778398534e-103
421.78 8.69394036721e-104
421.79 4.61105610281e-104
421.8 2.443474821e-104
421.81 1.29371627763e-104
421.82 6.84374673546e-105
421.83 3.61720005451e-105
421.84 1.91018240581e-105
421.85 1.00786152167e-105
421.86 5.31313195246e-106
421.87 2.79849188052e-106
421.88 1.47272348724e-106
421.89 7.74358531337e-107
421.9 4.06805367379e-107
421.91 2.1352806956e-107
421.92 1.11981681798e-107
421.93 5.86762986091e-108
421.94 3.07186515035e-108
421.95 1.60681285073e-108
421.96 8.39754149166e-109
421.97 4.38493068645e-109
421.98 2.28768918836e-109
421.99 1.19249075053e-109
422.0 6.21064536299e-110
422.01 3.23178272789e-110
422.02 1.68023989611e-110
422.03 8.72818900183e-111
422.04 4.53002609701e-111
422.05 2.34909715245e-111
422.06 1.21709636513e-111
422.07 6.30046589291e-112
422.08 3.25869772097e-112
422.09 1.68398881025e-112
422.1 8.69476880165e-113
422.11 4.48539389791e-113
422.12 2.31188831487e-113
422.13 1.19057517966e-113
422.14 6.12590858169e-114
422.15 3.14925560495e-114
422.16 1.61759212147e-114
422.17 8.30144791797e-115
422.18 4.25659552966e-115
422.19 2.18069352546e-115
422.2 1.11622204699e-115
422.21 5.70860864367e-116
422.22 2.91698138631e-116
422.23 1.489226506e-116
422.24 7.59646549459e-117
422.25 3.87156089041e-117
422.26 1.97144348232e-117
422.27 1.00301235063e-117
422.28 5.09861175423e-118
422.29 2.58953221049e-118
422.3 1.31405760665e-118
422.31 6.66240768099e-119
422.32 3.37498398464e-119
422.33 1.70818907892e-119
422.34 8.63821239223e-120
422.35 4.3645103499e-120
422.36 2.20328607589e-120
422.37 1.11129654593e-120
422.38 5.60031882045e-121
422.39 2.81980613646e-121
422.4 1.41856572874e-121
422.41 7.13022752126e-122
422.42 3.58080791923e-122
422.43 1.79672816199e-122
422.44 9.00756567303e-123
422.45 4.51186619771e-123
422.46 2.25802475627e-123
422.47 1.1290804789e-123
422.48 5.6408533739e-124
422.49 2.81571332256e-124
422.5 1.40428666852e-124
422.51 6.99756308838e-125
422.52 3.48386714314e-125
422.53 1.73300597323e-125
422.54 8.6131546852e-126
422.55 4.27708761353e-126
422.56 2.12206048714e-126
422.57 1.05194027649e-126
422.58 5.21012473571e-127
422.59 2.57827282188e-127
422.6 1.27477439861e-127
422.61 6.29740330437e-128
422.62 3.10823176873e-128
422.63 1.53281236368e-128
422.64 7.55245779606e-129
422.65 3.71801666347e-129
422.66 1.82876570672e-129
422.67 8.98728510268e-130
422.68 4.41288572595e-130
422.69 2.1649135374e-130
422.7 1.06116310898e-130
422.71 5.19693689443e-131
422.72 2.54294200483e-131
422.73 1.24322341325e-131
422.74 6.07275300847e-132
422.75 2.96377866684e-132
422.76 1.44520558102e-132
422.77 7.04104637734e-133
422.78 3.42742919911e-133
422.79 1.66695352642e-133
422.8 8.10032053488e-134
422.81 3.93282506791e-134
422.82 1.90779087321e-134
422.83 9.24656904028e-135
422.84 4.47769160798e-135
422.85 2.16646388644e-135
422.86 1.04730322635e-135
422.87 5.05844627008e-136
422.88 2.44109990482e-136
422.89 1.17700329518e-136
422.9 5.67013652799e-137
422.91 2.72918556822e-137
422.92 1.31249098334e-137
422.93 6.30642599173e-138
422.94 3.02756859012e-138
422.95 1.45220654884e-138
422.96 6.95963563887e-139
422.97 3.33248595983e-139
422.98 1.59431402235e-139
422.99 7.62084477532e-140
423.0 3.63962029718e-140
423.01 1.73673178761e-140
423.02 8.28005345996e-141
423.03 3.94418467035e-141
423.04 1.87717626053e-141
423.05 8.92640481526e-142
423.06 4.24103460243e-142
423.07 2.01321781997e-142
423.08 9.54846209568e-143
423.09 4.52480433092e-143
423.1 2.14234737154e-143
423.11 1.01345318307e-143
423.12 4.79006275983e-144
423.13 2.26205118966e-144
423.14 1.06730210567e-144
423.15 5.03148307703e-145
423.16 2.36989103942e-145
423.17 1.11528138618e-145
423.18 5.24401881909e-146
423.19 2.46358608071e-146
423.2 1.1563650425e-146
423.21 5.42307835504e-147
423.22 2.54109274919e-147
423.23 1.18964906358e-147
423.24 5.56468941332e-148
423.25 2.6006787245e-148
423.26 1.21438443587e-148
423.27 5.66564544016e-149
423.28 2.6409872542e-149
423.29 1.2300051516e-149
423.3 5.72362626642e-150
423.31 2.66108850029e-150
423.32 1.23614973719e-150
423.33 5.73728674392e-151
423.34 2.66051519533e-151
423.35 1.23267515834e-151
423.36 5.70630862308e-152
423.37 2.63928069887e-152
423.38 1.21966235494e-152
423.39 5.63141287812e-153
423.4 2.59787847994e-153
423.41 1.19741310677e-153
423.42 5.51433181317e-154
423.43 2.5372630536e-154
423.44 1.16643839934e-154
423.45 5.3577424564e-155
423.46 2.45881339978e-155
423.47 1.1274389163e-155
423.48 5.16516481815e-156
423.49 2.36428082224e-156
423.5 1.08127869823e-156
423.51 4.94083041192e-157
423.52 2.25572399995e-157
423.53 1.02895335024e-157
423.54 4.68952789282e-158
423.55 2.13543459215e-158
423.56 9.71554430125e-159
423.57 4.41643366521e-159
423.58 2.00585714376e-159
423.59 9.10231791246e-160
423.6 4.12693579767e-160
423.61 1.86950718231e-160
423.62 8.46155683345e-161
423.63 3.82645954495e-161
423.64 1.72889130036e-161
423.65 7.8048033369e-162
423.66 3.52030224147e-162
423.67 1.5864326979e-162
423.68 7.14310551474e-163
423.69 3.21348436144e-163
423.7 1.44440515127e-163
423.71 6.48672637807e-164
423.72 2.91062222933e-164
423.73 1.30487772413e-164
423.74 5.84490565113e-165
423.75 2.61582632168e-165
423.76 1.16967179719e-165
423.77 5.22568038652e-166
423.78 2.33262744856e-166
423.79 1.04033122111e-166
423.8 4.63576695198e-167
423.81 2.06393145807e-167
423.82 9.18105646686e-168
423.83 4.08050353954e-168
423.84 1.81200157928e-168
423.85 8.03946404609e-169
423.86 3.56384933261e-169
423.87 1.57846619647e-169
423.88 6.98513732667e-170
423.89 3.08843399495e-170
423.9 1.36434879654e-170
423.91 6.02193706806e-171
423.92 2.65564931981e-171
423.93 1.17011608957e-171
423.94 5.1512293803e-172
423.95 2.26577374282e-172
423.96 9.95739883183e-173
423.97 4.3721895122e-173
423.98 1.91811996675e-173
423.99 8.40768179651e-174
424.0 3.68214154964e-174
424.01 1.6111961122e-174
424.02 7.04401128891e-175
424.03 3.07691425509e-175
424.04 1.34287150029e-175
424.05 5.85567861132e-176
424.06 2.55119538452e-176
424.07 1.11053927198e-176
424.08 4.83000782319e-177
424.09 2.09886961201e-177
424.1 9.11269422527e-178
424.11 3.95304582123e-178
424.12 1.71332839117e-178
424.13 7.41947348521e-179
424.14 3.2101791911e-179
424.15 1.38774341702e-179
424.16 5.99394548871e-180
424.17 2.58666457056e-180
424.18 1.11529858894e-180
424.19 4.80469587757e-181
424.2 2.06806586596e-181
424.21 8.89378327233e-182
424.22 3.82148738523e-182
424.23 1.6405974454e-182
424.24 7.03712627508e-183
424.25 3.01586828195e-183
424.26 1.29137718083e-183
424.27 5.5248126914e-184
424.28 2.36159663779e-184
424.29 1.00859682693e-184
424.3 4.30381094548e-185
424.31 1.83490036231e-185
424.32 7.8161970502e-186
424.33 3.32661257857e-186
424.34 1.41459677472e-186
424.35 6.01017080146e-187
424.36 2.55131849596e-187
424.37 1.08209715008e-187
424.38 4.58555114247e-188
424.39 1.94151407013e-188
424.4 8.21321620707e-189
424.41 3.47144014282e-189
424.42 1.4659859886e-189
424.43 6.1854837494e-190
424.44 2.60760156803e-190
424.45 1.09832914806e-190
424.46 4.62218684901e-191
424.47 1.9435073991e-191
424.48 8.16485754129e-192
424.49 3.42716281825e-192
424.5 1.43729056855e-192
424.51 6.02251827578e-193
424.52 2.52136308383e-193
424.53 1.05466944871e-193
424.54 4.40779161123e-194
424.55 1.84055777664e-194
424.56 7.67894519814e-195
424.57 3.20093897145e-195
424.58 1.33314360086e-195
424.59 5.54753669014e-196
424.6 2.30646647591e-196
424.61 9.58115403808e-197
424.62 3.9766027712e-197
424.63 1.6490366641e-197
424.64 6.83238176748e-198
424.65 2.8283793055e-198
424.66 1.16984113772e-198
424.67 4.83436948846e-199
424.68 1.99607338367e-199
424.69 8.23449328178e-200
424.7 3.39407135138e-200
424.71 1.39774764397e-200
424.72 5.75122399182e-201
424.73 2.36437037029e-201
424.74 9.71168184969e-202
424.75 3.98563108709e-202
424.76 1.6342686925e-202
424.77 6.69535388936e-203
424.78 2.74061055157e-203
424.79 1.12084310984e-203
424.8 4.58000592555e-204
424.81 1.86986807099e-204
424.82 7.62745412607e-205
424.83 3.10865091145e-205
424.84 1.26586682645e-205
424.85 5.150243881e-206
424.86 2.09358830343e-206
424.87 8.50312345019e-207
424.88 3.45055852445e-207
424.89 1.39902032452e-207
424.9 5.66738038e-208
424.91 2.29384682233e-208
424.92 9.2762015637e-209
424.93 3.74800061038e-209
424.94 1.51304847265e-209
424.95 6.10280850121e-210
424.96 2.45940672414e-210
424.97 9.90272416412e-211
424.98 3.98384763986e-211
424.99 1.60130651933e-211
425.0 6.43087303467e-212
425.01 2.58041234789e-212
425.02 1.03450358499e-212
425.03 4.14379823515e-213
425.04 1.65839857038e-213
425.05 6.63136512266e-214
425.06 2.64935819647e-214
425.07 1.05755297312e-214
425.08 4.21781273869e-215
425.09 1.68072310454e-215
425.1 6.69158130097e-216
425.11 2.66185908014e-216
425.12 1.05794983135e-216
425.13 4.20115591755e-217
425.14 1.66684892182e-217
425.15 6.60765545906e-218
425.16 2.61711166553e-218
425.17 1.03566864815e-218
425.18 4.0948982805e-219
425.19 1.61766697471e-219
425.2 6.38496958722e-220
425.21 2.51797990103e-220
425.22 9.92131863772e-221
425.23 3.90580223019e-221
425.24 1.53629569213e-221
425.25 6.03758265012e-222
425.26 2.37069169176e-222
425.27 9.30059597955e-223
425.28 3.64560988065e-223
425.29 1.42775378076e-223
425.3 5.58676183412e-224
425.31 2.18419148078e-224
425.32 8.53188459869e-225
425.33 3.32983680161e-225
425.34 1.29844822675e-225
425.35 5.05882945855e-226
425.36 1.96924228481e-226
425.37 7.65899840216e-227
425.38 2.97624389589e-227
425.39 1.15555007207e-227
425.4 4.48262834296e-228
425.41 1.7374023679e-228
425.42 6.72809008673e-229
425.43 2.60319618532e-229
425.44 1.00634226535e-229
425.45 3.88694360271e-230
425.46 1.50001111837e-230
425.47 5.78368230665e-231
425.48 2.22811751865e-231
425.49 8.57621124178e-232
425.5 3.29819674308e-232
425.51 1.26730561721e-232
425.52 4.86530279139e-233
425.53 1.86621682302e-233
425.54 7.15217346277e-234
425.55 2.73865729866e-234
425.56 1.04775816567e-234
425.57 4.00505173623e-235
425.58 1.52960367883e-235
425.59 5.83678129908e-236
425.6 2.22531571424e-236
425.61 8.47683170858e-237
425.62 3.22625878453e-237
425.63 1.22684176319e-237
425.64 4.6612416179e-238
425.65 1.76945039397e-238
425.66 6.71117990123e-239
425.67 2.54321503392e-239
425.68 9.62921749319e-240
425.69 3.64269343118e-240
425.7 1.37682252198e-240
425.71 5.1994452924e-241
425.72 1.96182279745e-241
425.73 7.39581864973e-242
425.74 2.78571345867e-242
425.75 1.04835976279e-242
425.76 3.94192137704e-243
425.77 1.48091210944e-243
425.78 5.5587139172e-244
425.79 2.08469764057e-244
425.8 7.81151981732e-245
425.81 2.92450060399e-245
425.82 1.0939352186e-245
425.83 4.08841719282e-246
425.84 1.52666067904e-246
425.85 5.69578446188e-247
425.86 2.12318719136e-247
425.87 7.90763722347e-248
425.88 2.94258421634e-248
425.89 1.09404397228e-248
425.9 4.0640998244e-249
425.91 1.50840397543e-249
425.92 5.59364219138e-250
425.93 2.07250415058e-250
425.94 7.6721988076e-251
425.95 2.83770992828e-251
425.96 1.04867246226e-251
425.97 3.87200081767e-252
425.98 1.42841607656e-252
425.99 5.26499218719e-253
426.0 1.93894033496e-253
426.01 7.13435756442e-254
426.02 2.62282316617e-254
426.03 9.63400489328e-255
426.04 3.53564315968e-255
426.05 1.29644382453e-255
426.06 4.74966186276e-256
426.07 1.73858286151e-256
426.08 6.35845801983e-257
426.09 2.32344253126e-257
426.1 8.48273254401e-258
426.11 3.09430647296e-258
426.12 1.1277545553e-258
426.13 4.1066677407e-259
426.14 1.49412955287e-259
426.15 5.43138586333e-260
426.16 1.97268059175e-260
426.17 7.15857531475e-261
426.18 2.59549464814e-261
426.19 9.40237112532e-262
426.2 3.40312854357e-262
426.21 1.2306740138e-262
426.22 4.44663436081e-263
426.23 1.60525311508e-263
426.24 5.79001029069e-264
426.25 2.08659836315e-264
426.26 7.51315072665e-265
426.27 2.70289424379e-265
426.28 9.71537833823e-266
426.29 3.48910544395e-266
426.3 1.25196498794e-266
426.31 4.48842513243e-267
426.32 1.60775363358e-267
426.33 5.75398501555e-268
426.34 2.05750863181e-268
426.35 7.3508628124e-269
426.36 2.62396889175e-269
426.37 9.35842488402e-270
426.38 3.33480579974e-270
426.39 1.1873043254e-270
426.4 4.22354634725e-271
426.41 1.50112269557e-271
426.42 5.33063357627e-272
426.43 1.89132072833e-272
426.44 6.70463664908e-273
426.45 2.37470148343e-273
426.46 8.40362206893e-274
426.47 2.97130829092e-274
426.48 1.04966962317e-274
426.49 3.70494065593e-275
426.5 1.30657274748e-275
426.51 4.60372790278e-276
426.52 1.62072530029e-276
426.53 5.70076171796e-277
426.54 2.00345724164e-277
426.55 7.03478744687e-278
426.56 2.46800249476e-278
426.57 8.65095237766e-279
426.58 3.02974418582e-279
426.59 1.06016072856e-279
426.6 3.70647586991e-280
426.61 1.29471552013e-280
426.62 4.51867642677e-281
426.63 1.57569386999e-281
426.64 5.48979541208e-282
426.65 1.91101540018e-282
426.66 6.64654464656e-283
426.67 2.30967768458e-283
426.68 8.0191907279e-284
426.69 2.7818481495e-284
426.7 9.64184197462e-285
426.71 3.33895304203e-285
426.72 1.1552722081e-285
426.73 3.99376082673e-286
426.74 1.37944215086e-286
426.75 4.76045697523e-287
426.76 1.64141164011e-287
426.77 5.65470672878e-288
426.78 1.94637436257e-288
426.79 6.69370205594e-289
426.8 2.300011948e-289
426.81 7.8961887136e-290
426.82 2.70849886975e-290
426.83 9.28246906928e-291
426.84 3.17849897219e-291
426.85 1.08743761757e-291
426.86 3.71715218463e-292
426.87 1.26952145267e-292
426.88 4.33204998122e-293
426.89 1.47696629885e-293
426.9 5.0311981888e-294
426.91 1.71236356096e-294
426.92 5.82296583656e-295
426.93 1.97840963873e-295
426.94 6.7160188877e-296
426.95 2.2778824626e-296
426.96 7.71923789849e-297
426.97 2.61361282623e-297
426.98 8.8416189166e-298
426.99 2.98845034783e-298
427.0 1.00921572594e-298
427.01 3.40522400587e-299
427.02 1.14797142024e-299
427.03 3.86669732738e-300
427.04 1.30128670562e-300
427.05 4.37551845654e-301
427.06 1.46997436049e-301
427.07 4.93416549587e-302
427.08 1.65478424236e-302
427.09 5.5448876877e-303
427.1 1.85638411535e-303
427.11 6.20964318663e-304
427.12 2.07533954041e-304
427.13 6.93003435796e-305
427.14 2.31209315256e-305
427.15 7.70724171821e-306
427.16 2.56694370574e-306
427.17 8.54195780404e-307
427.18 2.84002531689e-307
427.19 9.43432240903e-308
427.2 3.13128738624e-308
427.21 1.03838607572e-308
427.22 3.44047570635e-309
427.23 1.13894262792e-309
427.24 3.76711529834e-310
427.25 1.24491497179e-310
427.26 4.11049552514e-311
427.27 1.35603963051e-311
427.28 4.46965802989e-312
427.29 1.471973272e-312
427.3 4.8433880287e-313
427.31 1.59229054521e-313
427.32 5.23020945124e-314
427.33 1.71648320522e-314
427.34 5.62838437016e-315
427.35 1.84396065707e-315
427.36 6.03591709103e-316
427.37 1.97405203485e-316
427.38 6.45056306768e-317
427.39 2.10600965669e-317
427.4 6.86984446704e-318
427.41 2.23901657514e-318
427.42 7.29107495537e-319
427.43 2.37220679194e-319
427.44 7.71137660029e-320
427.45 2.50441875877e-320
427.46 8.12737987409e-321
427.47 2.63336989233e-321
427.48 8.54733567305e-322
427.49 2.76676761671e-322
427.5 8.89318162514e-323
427.51 2.96439387505e-323
427.52 9.88131291682e-324
427.53 4.94065645841e-324
427.54 0.0
427.55 0.0
427.56 0.0
427.57 0.0
427.58 0.0
427.59 0.0
427.6 0.0
427.61 0.0
427.62 0.0
427.63 0.0
427.64 0.0
427.65 0.0
427.66 0.0
427.67 0.0
427.68 0.0
427.69 0.0
427.7 0.0
427.71 0.0
427.72 0.0
427.73 0.0
427.74 0.0
427.75 0.0
427.76 0.0
427.77 0.0
427.78 0.0
427.79 0.0
427.8 0.0
427.81 0.0
427.82 0.0
427.83 0.0
427.84 0.0
427.85 0.0
427.86 0.0
427.87 0.0
427.88 0.0
427.89 0.0
427.9 0.0
427.91 0.0
427.92 0.0
427.93 0.0
427.94 0.0
427.95 0.0
427.96 0.0
427.97 0.0
427.98 0.0
427.99 0.0
428.0 0.0
428.01 0.0
428.02 0.0
428.03 0.0
428.04 0.0
428.05 0.0
428.06 0.0
428.07 0.0
428.08 0.0
428.09 0.0
428.1 0.0
428.11 0.0
428.12 0.0
428.13 0.0
428.14 0.0
428.15 0.0
428.16 0.0
428.17 0.0
428.18 0.0
428.19 0.0
428.2 0.0
428.21 0.0
428.22 0.0
428.23 0.0
428.24 0.0
428.25 0.0
428.26 0.0
428.27 0.0
428.28 0.0
428.29 0.0
428.3 0.0
428.31 0.0
428.32 0.0
428.33 0.0
428.34 0.0
428.35 0.0
428.36 0.0
428.37 0.0
428.38 0.0
428.39 0.0
428.4 0.0
428.41 0.0
428.42 0.0
428.43 0.0
428.44 0.0
428.45 0.0
428.46 0.0
428.47 0.0
428.48 0.0
428.49 0.0
428.5 0.0
428.51 0.0
428.52 0.0
428.53 0.0
428.54 0.0
428.55 0.0
428.56 0.0
428.57 0.0
428.58 0.0
428.59 0.0
428.6 0.0
428.61 0.0
428.62 0.0
428.63 0.0
428.64 0.0
428.65 0.0
428.66 0.0
428.67 0.0
428.68 0.0
428.69 0.0
428.7 0.0
428.71 0.0
428.72 0.0
428.73 0.0
428.74 0.0
428.75 0.0
428.76 0.0
428.77 0.0
428.78 0.0
428.79 0.0
428.8 0.0
428.81 0.0
428.82 0.0
428.83 0.0
428.84 0.0
428.85 0.0
428.86 0.0
428.87 0.0
428.88 0.0
428.89 0.0
428.9 0.0
428.91 0.0
428.92 0.0
428.93 0.0
428.94 0.0
428.95 0.0
428.96 0.0
428.97 0.0
428.98 0.0
428.99 0.0
429.0 0.0
429.01 0.0
429.02 0.0
429.03 0.0
429.04 0.0
429.05 0.0
429.06 0.0
429.07 0.0
429.08 0.0
429.09 0.0
429.1 0.0
429.11 0.0
429.12 0.0
429.13 0.0
429.14 0.0
429.15 0.0
429.16 0.0
429.17 0.0
429.18 0.0
429.19 0.0
429.2 0.0
429.21 0.0
429.22 0.0
429.23 0.0
429.24 0.0
429.25 0.0
429.26 0.0
429.27 0.0
429.28 0.0
429.29 0.0
429.3 0.0
429.31 0.0
429.32 0.0
429.33 0.0
429.34 0.0
429.35 0.0
429.36 0.0
429.37 0.0
429.38 0.0
429.39 0.0
429.4 0.0
429.41 0.0
429.42 0.0
429.43 0.0
429.44 0.0
429.45 0.0
429.46 0.0
429.47 0.0
429.48 0.0
429.49 0.0
429.5 0.0
429.51 0.0
429.52 0.0
429.53 0.0
429.54 0.0
429.55 0.0
429.56 0.0
429.57 0.0
429.58 0.0
429.59 0.0
429.6 0.0
429.61 0.0
429.62 0.0
429.63 0.0
429.64 0.0
429.65 0.0
429.66 0.0
429.67 0.0
429.68 0.0
429.69 0.0
429.7 0.0
429.71 0.0
429.72 0.0
429.73 0.0
429.74 0.0
429.75 0.0
429.76 0.0
429.77 0.0
429.78 0.0
429.79 0.0
429.8 0.0
429.81 0.0
429.82 0.0
429.83 0.0
429.84 0.0
429.85 0.0
429.86 0.0
429.87 0.0
429.88 0.0
429.89 0.0
429.9 0.0
429.91 0.0
429.92 0.0
429.93 0.0
429.94 0.0
429.95 0.0
429.96 0.0
429.97 0.0
429.98 0.0
429.99 0.0
