400.0 3.57467853156e-63
400.01 5.84102627312e-63
400.02 9.53597359522e-63
400.03 1.55548072016e-62
400.04 2.53505821928e-62
400.05 4.12795500967e-62
400.06 6.71592264853e-62
400.07 1.09169200086e-61
400.08 1.77303897871e-61
400.09 2.87713440886e-61
400.1 4.66472161998e-61
400.11 7.55640146991e-61
400.12 1.22300442682e-60
400.13 1.97771973264e-60
400.14 3.19539960316e-60
400.15 5.15833234342e-60
400.16 8.31988215441e-60
400.17 1.34075289247e-59
400.18 2.15875831208e-59
400.19 3.47282592995e-59
400.2 5.58194715626e-59
400.21 8.96421240488e-59
400.22 1.43834235296e-58
400.23 2.30587686211e-58
400.24 3.69346226857e-58
400.25 5.91091799894e-58
400.26 9.4514820696e-58
400.27 1.50997100378e-57
400.28 2.41024401338e-57
400.29 3.84394469504e-57
400.3 6.12515327496e-57
400.31 9.7517038498e-57
400.32 1.55119986756e-56
400.33 2.46535081193e-56
400.34 3.91483450148e-56
400.35 6.21114688634e-56
400.36 9.8458656467e-56
400.37 1.55940787499e-55
400.38 2.46768234191e-55
400.39 3.90159778692e-55
400.4 6.16338719274e-55
400.41 9.72792288996e-55
400.42 1.53406760775e-54
400.43 2.41708872574e-54
400.44 3.80508530925e-54
400.45 5.98494158467e-54
400.46 9.40544062753e-54
400.47 1.47680137874e-53
400.48 2.31680106697e-53
400.49 3.63144200209e-53
400.5 5.68713048547e-53
400.51 8.89879056589e-53
400.52 1.39120936066e-52
400.53 2.17308997871e-52
400.54 3.39145953333e-52
400.55 5.2883389428e-52
400.56 8.23902153127e-52
400.57 1.28249507419e-51
400.58 1.99461686224e-51
400.59 3.09946673133e-51
400.6 4.8121392329e-51
400.61 7.46471278903e-51
400.62 1.15694238795e-50
400.63 1.79157121464e-50
400.64 2.77191642219e-50
400.65 4.28499085535e-50
400.66 6.61825322447e-50
400.67 1.02131702828e-49
400.68 1.57471323781e-49
400.69 2.42586202721e-49
400.7 3.73382902091e-49
400.71 5.74204338968e-49
400.72 8.82271449179e-49
400.73 1.3544459953e-48
400.74 2.07751837647e-48
400.75 3.18384390261e-48
400.76 4.87508702357e-48
400.77 7.45824577206e-48
400.78 1.14002590802e-47
400.79 1.74107092948e-47
400.8 2.65669635412e-47
400.81 4.05033633339e-47
400.82 6.16969888199e-47
400.83 9.38989122845e-47
400.84 1.42784434896e-46
400.85 2.16932631824e-46
400.86 3.29300671061e-46
400.87 4.99440847448e-46
400.88 7.5683152604e-46
400.89 1.14587721153e-45
400.9 1.73340746746e-45
400.91 2.61991352138e-45
400.92 3.95637056325e-45
400.93 5.96939998329e-45
400.94 8.99887275043e-45
400.95 1.35540553187e-44
400.96 2.03973669738e-44
400.97 3.06692162398e-44
400.98 4.60738981857e-44
400.99 6.91561729007e-44
401.0 1.03712393492e-43
401.01 1.55401095228e-43
401.02 2.32649008473e-43
401.03 3.4799423485e-43
401.04 5.20075750942e-43
401.05 7.76577624397e-43
401.06 1.15858220491e-42
401.07 1.72700083255e-42
401.08 2.5720650768e-42
401.09 3.82732260864e-42
401.1 5.69025726033e-42
401.11 8.45264140423e-42
401.12 1.25451743247e-41
401.13 1.86030720793e-41
401.14 2.75623567418e-41
401.15 4.08010878737e-41
401.16 6.03463279418e-41
401.17 8.91771660398e-41
401.18 1.31667987496e-40
401.19 1.94236319775e-40
401.2 2.86288825336e-40
401.21 4.21601419933e-40
401.22 6.20330944055e-40
401.23 9.11944774136e-40
401.24 1.33948342755e-39
401.25 1.96575714585e-39
401.26 2.88234587447e-39
401.27 4.2226592501e-39
401.28 6.18087119106e-39
401.29 9.03934706352e-39
401.3 1.32083370337e-38
401.31 1.92833700509e-38
401.32 2.81281676152e-38
401.33 4.09943174347e-38
401.34 5.96938500835e-38
401.35 8.68478824684e-38
401.36 1.262445358e-37
401.37 1.83353691506e-37
401.38 2.66066648465e-37
401.39 3.85757992007e-37
401.4 5.58808673405e-37
401.41 8.08788666105e-37
401.42 1.16958203164e-36
401.43 1.68985729536e-36
401.44 2.43945654849e-36
401.45 3.51851863326e-36
401.46 5.0704947363e-36
401.47 7.30070045107e-36
401.48 1.05027356735e-35
401.49 1.50960753191e-35
401.5 2.16795061501e-35
401.51 3.11070214295e-35
401.52 4.4595515072e-35
401.53 6.38774620745e-35
401.54 9.14171828475e-35
401.55 1.30716896195e-34
401.56 1.86749450752e-34
401.57 2.6656961925e-34
401.58 3.80176862852e-34
401.59 5.41731920296e-34
401.6 7.7127078698e-34
401.61 1.09711726792e-33
401.62 1.55927577469e-33
401.63 2.21419836195e-33
401.64 3.14147661472e-33
401.65 4.45322716549e-33
401.66 6.30724325078e-33
401.67 8.92540689935e-33
401.68 1.26194428238e-32
401.69 1.78269090511e-32
401.7 2.51614479674e-32
401.71 3.54828849776e-32
401.72 4.99949259518e-32
401.73 7.03811968811e-32
401.74 9.89945028845e-32
401.75 1.39119889065e-31
401.76 1.95339952945e-31
401.77 2.74041696453e-31
401.78 3.8411912283e-31
401.79 5.37946296608e-31
401.8 7.52723765594e-31
401.81 1.05233992313e-30
401.82 1.46994192852e-30
401.83 2.05148346777e-30
401.84 2.86061609352e-30
401.85 3.98542688576e-30
401.86 5.54771097857e-30
401.87 7.71572110331e-30
401.88 1.07216821245e-29
401.89 1.48858296873e-29
401.9 2.06493733679e-29
401.91 2.86196567422e-29
401.92 3.9631971487e-29
401.93 5.48340906235e-29
401.94 7.58017665006e-29
401.95 1.04696393169e-28
401.96 1.4448003112e-28
401.97 1.99208399029e-28
401.98 2.74429741423e-28
401.99 3.77727339829e-28
402.0 5.19456728841e-28
402.01 7.13746587812e-28
402.02 9.79856383457e-28
402.03 1.34401625107e-27
402.04 1.84191814506e-27
402.05 2.52208573034e-27
402.06 3.45042884833e-27
402.07 4.71639336736e-27
402.08 6.44125772329e-27
402.09 8.78931531459e-27
402.1 1.19829328667e-26
402.11 1.63228097969e-26
402.12 2.22152101687e-26
402.13 3.02085336724e-26
402.14 4.10423837115e-26
402.15 5.5713343214e-26
402.16 7.55630668977e-26
402.17 1.02396154092e-25
402.18 1.38637726088e-25
402.19 1.87543890231e-25
402.2 2.53482584585e-25
402.21 3.42307997199e-25
402.22 4.61859282799e-25
402.23 6.22624234321e-25
402.24 8.3862166346e-25
402.25 1.12857349338e-24
402.26 1.51746026288e-24
402.27 2.03858357644e-24
402.28 2.73629821678e-24
402.29 3.6696280456e-24
402.3 4.91704720506e-24
402.31 6.58279637847e-24
402.32 8.805219322e-24
402.33 1.17677557814e-23
402.34 1.57134239583e-23
402.35 2.09638827529e-23
402.36 2.79444990447e-23
402.37 3.72172815076e-23
402.38 4.95241099187e-23
402.39 6.58434263838e-23
402.4 8.74645123651e-23
402.41 1.16084717311e-22
402.42 1.53936614001e-22
402.43 2.03954139135e-22
402.44 2.69989472245e-22
402.45 3.57095887703e-22
402.46 4.71896308897e-22
402.47 6.23063089632e-22
402.48 8.21942015133e-22
402.49 1.08336312647e-21
402.5 1.42669333134e-21
402.51 1.87720164126e-21
402.52 2.4678282518e-21
402.53 3.24147480819e-21
402.54 4.25396666391e-21
402.55 5.5778807634e-21
402.56 7.30748752742e-21
402.57 9.56512504167e-21
402.58 1.25094130652e-20
402.59 1.63458280988e-20
402.6 2.13403055759e-20
402.61 2.78367194791e-20
402.62 3.62793238579e-20
402.63 4.7241538045e-20
402.64 6.14628345288e-20
402.65 7.98959663836e-20
402.66 1.03767376235e-19
402.67 1.34654394012e-19
402.68 1.74583797678e-19
402.69 2.26157531626e-19
402.7 2.92712916586e-19
402.71 3.78526623771e-19
402.72 4.89074126266e-19
402.73 6.31359408704e-19
402.74 8.14333569957e-19
402.75 1.04942578912e-18
402.76 1.35121618678e-18
402.77 1.73828770469e-18
402.78 2.23430362406e-18
402.79 2.86936921214e-18
402.8 3.6817508074e-18
402.81 4.72004413866e-18
402.82 6.04590670897e-18
402.83 7.73749774926e-18
402.84 9.89380490642e-18
402.85 1.26400811321e-17
402.86 1.61346702207e-17
402.87 2.0577567615e-17
402.88 2.62211475331e-17
402.89 3.33835919462e-17
402.9 4.24656860789e-17
402.91 5.39718045761e-17
402.92 6.85361092034e-17
402.93 8.69552213797e-17
402.94 1.10228931298e-16
402.95 1.39610872441e-16
402.96 1.76671541256e-16
402.97 2.23376595231e-16
402.98 2.8218404119e-16
402.99 3.56164756831e-16
403.0 4.49151805456e-16
403.01 5.65925246927e-16
403.02 7.12440665701e-16
403.03 8.96111488212e-16
403.04 1.12615741786e-15
403.05 1.41403406199e-15
403.06 1.77396216462e-15
403.07 2.22357891484e-15
403.08 2.78473872336e-15
403.09 3.48449682609e-15
403.1 4.35631629937e-15
403.11 5.44154781138e-15
403.12 6.79124199626e-15
403.13 8.46836708638e-15
403.14 1.05505198122e-14
403.15 1.31332360977e-14
403.16 1.63340303622e-14
403.17 2.02973190269e-14
403.18 2.52004159827e-14
403.19 3.12608263566e-14
403.2 3.87451111351e-14
403.21 4.7979650524e-14
403.22 5.93637000703e-14
403.23 7.33852125701e-14
403.24 9.06399930269e-14
403.25 1.11854866248e-13
403.26 1.37915670362e-13
403.27 1.69901048544e-13
403.28 2.09123200084e-13
403.29 2.5717697603e-13
403.3 3.15998970232e-13
403.31 3.8793857106e-13
403.32 4.75843310948e-13
403.33 5.83161290202e-13
403.34 7.14063969881e-13
403.35 8.73593239551e-13
403.36 1.06783738504e-12
403.37 1.30414142731e-12
403.38 1.5913582973e-12
403.39 1.94014847767e-12
403.4 2.36333710907e-12
403.41 2.87633915834e-12
403.42 3.49766511728e-12
403.43 4.24952188551e-12
403.44 5.15852604066e-12
403.45 6.2565496701e-12
403.46 7.58172239605e-12
403.47 9.17961724683e-12
403.48 1.11046526948e-11
403.49 1.34217485969e-11
403.5 1.62082800458e-11
403.51 1.95563803998e-11
403.52 2.35756531449e-11
403.53 2.839636193e-11
403.54 3.41731792767e-11
403.55 4.10895873215e-11
403.56 4.93630387361e-11
403.57 5.92510029511e-11
403.58 7.10580422982e-11
403.59 8.51440850103e-11
403.6 1.01934087572e-10
403.61 1.21929308116e-10
403.62 1.45720445902e-10
403.63 1.7400293992e-10
403.64 2.07594762926e-10
403.65 2.4745709645e-10
403.66 2.9471832816e-10
403.67 3.5070187639e-10
403.68 4.16958418375e-10
403.69 4.95303179979e-10
403.7 5.87859036366e-10
403.71 6.97106276594e-10
403.72 8.25940001579e-10
403.73 9.77736256072e-10
403.74 1.1564281425e-09
403.75 1.36659332982e-09
403.76 1.61355455551e-09
403.77 1.903494926e-09
403.78 2.24359005183e-09
403.79 2.64215931197e-09
403.8 3.10883882869e-09
403.81 3.65477905375e-09
403.82 4.29287022122e-09
403.83 5.03799931509e-09
403.84 5.90734263485e-09
403.85 6.92069852253e-09
403.86 8.10086534502e-09
403.87 9.4740704092e-09
403.88 1.10704561292e-08
403.89 1.29246304695e-08
403.9 1.50762894605e-08
403.91 1.75709204255e-08
403.92 2.04605954814e-08
403.93 2.38048658802e-08
403.94 2.76717688479e-08
403.95 3.21389597678e-08
403.96 3.72949838348e-08
403.97 4.32407027014e-08
403.98 5.00908931299e-08
403.99 5.79760362823e-08
404.0 6.704431801e-08
404.01 7.74638623625e-08
404.02 8.94252225212e-08
404.03 1.03144155479e-07
404.04 1.18864709041e-07
404.05 1.36862652108e-07
404.06 1.57449281734e-07
404.07 1.80975643113e-07
404.08 2.0783720145e-07
404.09 2.38479007612e-07
404.1 2.7340140253e-07
404.11 3.13166308483e-07
404.12 3.5840415874e-07
404.13 4.09821520436e-07
404.14 4.68209469033e-07
404.15 5.34452776349e-07
404.16 6.09539977737e-07
404.17 6.94574387684e-07
404.18 7.90786136788e-07
404.19 8.99545306736e-07
404.2 1.0223762435e-06
404.21 1.16097313255e-06
404.22 1.31721692317e-06
404.23 1.4931936923e-06
404.24 1.69121454125e-06
404.25 1.91383712131e-06
404.26 2.16388888666e-06
404.27 2.44449217503e-06
404.28 2.7590912178e-06
404.29 3.11148118235e-06
404.3 3.50583934964e-06
404.31 3.94675852955e-06
404.32 4.43928281524e-06
404.33 4.98894577563e-06
404.34 5.60181118192e-06
404.35 6.28451635981e-06
404.36 7.04431825337e-06
404.37 7.88914228025e-06
404.38 8.82763404888e-06
404.39 9.86921399945e-06
404.4 1.10241350183e-05
404.41 1.23035430629e-05
404.42 1.37195408192e-05
404.43 1.52852543963e-05
404.44 1.70149030451e-05
404.45 1.89238718659e-05
404.46 2.10287874472e-05
404.47 2.33475963527e-05
404.48 2.58996463453e-05
404.49 2.87057702084e-05
404.5 3.17883719913e-05
404.51 3.51715154711e-05
404.52 3.88810145886e-05
404.53 4.29445255738e-05
404.54 4.73916404392e-05
404.55 5.22539814727e-05
404.56 5.75652963192e-05
404.57 6.33615531934e-05
404.58 6.96810357166e-05
404.59 7.65644368232e-05
404.6 8.40549511312e-05
404.61 9.21983651194e-05
404.62 0.000101043144405
404.63 0.000110640517361
404.64 0.000121044554267
404.65 0.000132312241134
404.66 0.000144503547288
404.67 0.000157681485775
404.68 0.000171912165574
404.69 0.000187264834593
404.7 0.00020381191237
404.71 0.000221629011365
404.72 0.000240794945725
404.73 0.000261391726356
404.74 0.000283504541133
404.75 0.00030722171908
404.76 0.000332634677329
404.77 0.000359837849704
404.78 0.000388928595765
404.79 0.0004200070892
404.8 0.000453176184471
404.81 0.00048854126069
404.82 0.000526210041725
404.83 0.000566292391661
404.84 0.000608900084773
404.85 0.000654146549293
404.86 0.000702146584372
404.87 0.000753016049712
404.88 0.000806871527551
404.89 0.000863829956755
404.9 0.00092400823899
404.91 0.000987522817086
404.92 0.0010544892259
404.93 0.00112502161616
404.94 0.00119923225205
404.95 0.00127723098333
404.96 0.00135912469327
404.97 0.00144501672369
404.98 0.00153500627863
404.99 0.00162918780865
405.0 0.00172765037764
405.01 0.00183047701462
405.02 0.00193774405291
405.03 0.00204952045959
405.04 0.00216586715815
405.05 0.00228683634762
405.06 0.00241247082156
405.07 0.00254280329062
405.08 0.00267785571232
405.09 0.0028176386323
405.1 0.00296215054083
405.11 0.0031113772491
405.12 0.00326529128957
405.13 0.00342385134462
405.14 0.00358700170833
405.15 0.00375467178554
405.16 0.00392677563285
405.17 0.00410321154599
405.18 0.00428386169783
405.19 0.0044685918314
405.2 0.00465725101191
405.21 0.00484967144168
405.22 0.00504566834186
405.23 0.00524503990405
405.24 0.00544756731534
405.25 0.00565301485927
405.26 0.00586113009546
405.27 0.00607164411974
405.28 0.00628427190664
405.29 0.00649871273535
405.3 0.00671465069989
405.31 0.00693175530389
405.32 0.00714968213944
405.33 0.00736807364956
405.34 0.00758655997269
405.35 0.00780475986747
405.36 0.00802228171535
405.37 0.00823872459809
405.38 0.0084536794465
405.39 0.00866673025655
405.4 0.00887745536813
405.41 0.00908542880139
405.42 0.00929022164511
405.43 0.00949140349111
405.44 0.00968854390812
405.45 0.00988121394838
405.46 0.0100689876798
405.47 0.0102514437358
405.48 0.0104281668762
405.49 0.0105987495488
405.5 0.010762793447
405.51 0.0109199110519
405.52 0.011069727152
405.53 0.0112118803332
405.54 0.0113460244287
405.55 0.0114718299225
405.56 0.0115889852974
405.57 0.0116971983213
405.58 0.011796197262
405.59 0.0118857320261
405.6 0.0119655752139
405.61 0.0120355230839
405.62 0.0120953964221
405.63 0.0121450413108
405.64 0.0121843297916
405.65 0.0122131604196
405.66 0.0122314587049
405.67 0.012239177439
405.68 0.0122362969046
405.69 0.0122228249665
405.7 0.0121987970446
405.71 0.0121642759682
405.72 0.0121193517123
405.73 0.0120641410193
405.74 0.0119987869068
405.75 0.0119234580649
405.76 0.0118383481476
405.77 0.0117436749621
405.78 0.0116396795606
405.79 0.0115266252415
405.8 0.0114047964644
405.81 0.0112744976866
405.82 0.0111360521286
405.83 0.0109898004741
405.84 0.0108360995145
405.85 0.0106753207437
405.86 0.0105078489138
405.87 0.010334080558
405.88 0.01015442249
405.89 0.00996929028894
405.9 0.00977910677759
405.91 0.00958430050253
405.92 0.00938530422468
405.93 0.00918255342834
405.94 0.00897648485649
405.95 0.00876753508012
405.96 0.0085561391088
405.97 0.00834272904947
405.98 0.00812773282002
405.99 0.00791157292358
406.0 0.00769466528935
406.01 0.00747741818502
406.02 0.00726023120531
406.03 0.00704349434082
406.04 0.00682758713064
406.05 0.00661287790168
406.06 0.00639972309726
406.07 0.0061884666965
406.08 0.00597943972616
406.09 0.00577295986529
406.1 0.00556933114309
406.11 0.00536884372952
406.12 0.00517177381779
406.13 0.00497838359732
406.14 0.00478892131531
406.15 0.00460362142464
406.16 0.00442270481522
406.17 0.0042463791258
406.18 0.00407483913248
406.19 0.0039082672102
406.2 0.0037468338629
406.21 0.00359069831787
406.22 0.00344000917941
406.23 0.00329490513694
406.24 0.00315551572222
406.25 0.00302196211025
406.26 0.00289435795839
406.27 0.00277281027793
406.28 0.00265742033233
406.29 0.00254828455622
406.3 0.00244549548937
406.31 0.00234914271946
406.32 0.00225931382782
406.33 0.00217609533212
406.34 0.00209957362002
406.35 0.00202983586793
406.36 0.00196697093898
406.37 0.0019110702544
406.38 0.00186222863268
406.39 0.00182054509079
406.4 0.00178612360209
406.41 0.00175907380549
406.42 0.00173951166072
406.43 0.00172756004449
406.44 0.00172334928286
406.45 0.00172701761492
406.46 0.00173871158336
406.47 0.00175858634759
406.48 0.00178680591539
406.49 0.00182354328919
406.5 0.00186898052353
406.51 0.00192330869031
406.52 0.00198672774896
406.53 0.00205944631895
406.54 0.00214168135217
406.55 0.00223365770355
406.56 0.00233560759816
406.57 0.00244776999396
406.58 0.0025703898394
406.59 0.00270371722587
406.6 0.00284800643527
406.61 0.00300351488369
406.62 0.0031705019626
406.63 0.0033492277796
406.64 0.00353995180143
406.65 0.00374293140241
406.66 0.0039584203223
406.67 0.00418666703817
406.68 0.0044279130554
406.69 0.00468239112394
406.7 0.00495032338629
406.71 0.00523191946449
406.72 0.0055273744944
406.73 0.00583686711554
406.74 0.0061605574262
406.75 0.00649858491365
406.76 0.00685106637016
406.77 0.00721809380592
406.78 0.00759973237093
406.79 0.0079960182978
406.8 0.00840695687857
406.81 0.00883252048851
406.82 0.00927264667047
406.83 0.00972723629374
406.84 0.0101961518011
406.85 0.0106792155588
406.86 0.0111762083224
406.87 0.0116868678346
406.88 0.0122108875668
406.89 0.0127479156199
406.9 0.013297553796
406.91 0.0138593568561
406.92 0.0144328319739
406.93 0.0150174383986
406.94 0.0156125873376
406.95 0.0162176420686
406.96 0.0168319182904
406.97 0.0174546847203
406.98 0.0180851639448
406.99 0.0187225335291
407.0 0.0193659273897
407.01 0.0200144374318
407.02 0.0206671154541
407.03 0.0213229753193
407.04 0.0219809953889
407.05 0.022640121218
407.06 0.0232992685052
407.07 0.0239573262898
407.08 0.0246131603877
407.09 0.0252656170554
407.1 0.0259135268691
407.11 0.0265557088055
407.12 0.0271909745081
407.13 0.0278181327218
407.14 0.0284359938772
407.15 0.0290433748037
407.16 0.0296391035504
407.17 0.0302220242921
407.18 0.0307910022956
407.19 0.0313449289219
407.2 0.0318827266397
407.21 0.032403354021
407.22 0.032905810695
407.23 0.033389142231
407.24 0.0338524449237
407.25 0.0342948704525
407.26 0.034715630389
407.27 0.0351140005243
407.28 0.0354893249904
407.29 0.03584102015
407.3 0.0361685782287
407.31 0.0364715706684
407.32 0.0367496511758
407.33 0.0370025584478
407.34 0.0372301185525
407.35 0.0374322469481
407.36 0.0376089501239
407.37 0.0377603268486
407.38 0.0378865690136
407.39 0.0379879620617
407.4 0.0380648849929
407.41 0.0381178099413
407.42 0.0381473013208
407.43 0.038154014537
407.44 0.0381386942687
407.45 0.0381021723208
407.46 0.0380453650564
407.47 0.0379692704154
407.48 0.0378749645314
407.49 0.037763597959
407.5 0.0376363915279
407.51 0.0374946318402
407.52 0.0373396664305
407.53 0.0371728986114
407.54 0.0369957820244
407.55 0.0368098149253
407.56 0.0366165342258
407.57 0.0364175093223
407.58 0.0362143357395
407.59 0.0360086286183
407.6 0.0358020160796
407.61 0.0355961324949
407.62 0.0353926116964
407.63 0.0351930801581
407.64 0.034999150182
407.65 0.0348124131204
407.66 0.0346344326684
407.67 0.034466738257
407.68 0.0343108185811
407.69 0.0341681152901
407.7 0.0340400168752
407.71 0.0339278527789
407.72 0.0338328877573
407.73 0.0337563165218
407.74 0.0336992586845
407.75 0.0336627540321
407.76 0.0336477581507
407.77 0.0336551384216
407.78 0.0336856704065
407.79 0.0337400346391
407.8 0.0338188138386
407.81 0.033922490555
407.82 0.0340514452594
407.83 0.0342059548851
407.84 0.0343861918271
407.85 0.0345922234015
407.86 0.0348240117672
407.87 0.0350814143083
407.88 0.0353641844734
407.89 0.0356719730664
407.9 0.0360043299792
407.91 0.0363607063581
407.92 0.0367404571887
407.93 0.0371428442863
407.94 0.0375670396739
407.95 0.0380121293297
407.96 0.0384771172824
407.97 0.0389609300326
407.98 0.0394624212757
407.99 0.0399803769013
408.0 0.0405135202402
408.01 0.0410605175338
408.02 0.0416199835938
408.03 0.0421904876229
408.04 0.0427705591666
408.05 0.0433586941633
408.06 0.0439533610612
408.07 0.0445530069711
408.08 0.045156063821
408.09 0.0457609544841
408.1 0.0463660988449
408.11 0.0469699197772
408.12 0.0475708489998
408.13 0.0481673327851
408.14 0.0487578374898
408.15 0.0493408548837
408.16 0.0499149072504
408.17 0.0504785522379
408.18 0.0510303874372
408.19 0.0515690546699
408.2 0.0520932439679
408.21 0.0526016972296
408.22 0.0530932115409
408.23 0.0535666421498
408.24 0.0540209050866
408.25 0.0544549794256
408.26 0.0548679091831
408.27 0.0552588048535
408.28 0.0556268445828
408.29 0.0559712749869
408.3 0.0562914116178
408.31 0.0565866390894
408.32 0.0568564108725
408.33 0.057100248772
408.34 0.0573177421023
408.35 0.0575085465761
408.36 0.0576723829263
408.37 0.0578090352801
408.38 0.0579183493057
408.39 0.0580002301554
408.4 0.0580546402259
408.41 0.058081596761
408.42 0.0580811693194
408.43 0.0580534771329
408.44 0.0579986863784
408.45 0.0579170073878
408.46 0.0578086918202
408.47 0.0576740298178
408.48 0.0575133471695
408.49 0.0573270025022
408.5 0.0571153845203
408.51 0.0568789093122
408.52 0.0566180177415
408.53 0.0563331729378
408.54 0.0560248579024
408.55 0.0556935732407
408.56 0.0553398350317
408.57 0.0549641728443
408.58 0.0545671279062
408.59 0.0541492514307
408.6 0.0537111031052
408.61 0.0532532497415
408.62 0.0527762640878
408.63 0.0522807238008
408.64 0.051767210572
408.65 0.0512363094045
408.66 0.0506886080325
408.67 0.0501246964747
408.68 0.0495451667126
408.69 0.0489506124828
408.7 0.0483416291716
408.71 0.0477188137999
408.72 0.047082765085
408.73 0.0464340835668
408.74 0.0457733717832
408.75 0.0451012344831
408.76 0.0444182788617
408.77 0.0437251148055
408.78 0.0430223551334
408.79 0.042310615822
408.8 0.0415905162027
408.81 0.0408626791196
408.82 0.0401277310382
408.83 0.0393863020946
408.84 0.0386390260789
408.85 0.0378865403431
408.86 0.0371294856299
408.87 0.0363685058159
408.88 0.0356042475676
408.89 0.0348373599052
408.9 0.0340684936763
408.91 0.0332983009373
408.92 0.0325274342458
408.93 0.0317565458652
408.94 0.0309862868856
408.95 0.0302173062671
408.96 0.0294502498088
408.97 0.0286857590526
408.98 0.0279244701275
408.99 0.0271670125436
409.0 0.026414007944
409.01 0.0256660688239
409.02 0.0249237972268
409.03 0.0241877834273
409.04 0.0234586046112
409.05 0.0227368235624
409.06 0.0220229873665
409.07 0.0213176261423
409.08 0.0206212518095
409.09 0.0199343569028
409.1 0.0192574134407
409.11 0.0185908718582
409.12 0.0179351600107
409.13 0.0172906822567
409.14 0.0166578186253
409.15 0.0160369240753
409.16 0.0154283278493
409.17 0.0148323329294
409.18 0.0142492155957
409.19 0.0136792250909
409.2 0.0131225833938
409.21 0.0125794851012
409.22 0.0120500974187
409.23 0.0115345602606
409.24 0.0110329864562
409.25 0.0105454620611
409.26 0.0100720467705
409.27 0.00961277443109
409.28 0.00916765364687
409.29 0.00873666847533
409.3 0.00831977920768
409.31 0.00791692322841
409.32 0.00752801594791
409.33 0.00715295180187
409.34 0.00679160531112
409.35 0.00644383219516
409.36 0.00610947053241
409.37 0.00578834196053
409.38 0.00548025290964
409.39 0.00518499586171
409.4 0.00490235062909
409.41 0.00463208564575
409.42 0.00437395926436
409.43 0.00412772105319
409.44 0.0038931130864
409.45 0.00366987122218
409.46 0.00345772636299
409.47 0.00325640569269
409.48 0.00306563388578
409.49 0.00288513428406
409.5 0.00271463003654
409.51 0.00255384519886
409.52 0.00240250578857
409.53 0.00226034079337
409.54 0.00212708312936
409.55 0.00200247054706
409.56 0.00188624648307
409.57 0.00177816085569
409.58 0.00167797080304
409.59 0.00158544136266
409.6 0.00150034609176
409.61 0.00142246762753
409.62 0.00135159818731
409.63 0.00128754000847
409.64 0.00123010572825
409.65 0.00117911870389
409.66 0.00113441327348
409.67 0.00109583495844
409.68 0.00106324060819
409.69 0.00103649848828
409.7 0.00101548831269
409.71 0.00100010122183
409.72 0.000990239707251
409.73 0.000985817484459
409.74 0.000986759315263
409.75 0.000993000781077
409.76 0.00100448800867
409.77 0.00102117734992
409.78 0.00104303501718
409.79 0.00107003667584
409.8 0.00110216699581
409.81 0.0011394191636
409.82 0.00118179435678
409.83 0.00122930118256
409.84 0.00128195508244
409.85 0.00133977770477
409.86 0.00140279624717
409.87 0.0014710427709
409.88 0.00154455348919
409.89 0.00162336803186
409.9 0.00170752868827
409.91 0.00179707963114
409.92 0.00189206612357
409.93 0.00199253371177
409.94 0.00209852740623
409.95 0.00221009085393
409.96 0.00232726550454
409.97 0.00245008977338
409.98 0.00257859820436
409.99 0.00271282063583
410.0 0.00285278137273
410.01 0.00299849836814
410.02 0.00314998241785
410.03 0.00330723637113
410.04 0.0034702543614
410.05 0.00363902106027
410.06 0.00381351095849
410.07 0.00399368767746
410.08 0.00417950331484
410.09 0.00437089782786
410.1 0.00456779845782
410.11 0.00477011919919
410.12 0.00497776031688
410.13 0.0051906079146
410.14 0.00540853355789
410.15 0.00563139395433
410.16 0.00585903069417
410.17 0.00609127005364
410.18 0.00632792286358
410.19 0.00656878444531
410.2 0.00681363461581
410.21 0.00706223776365
410.22 0.00731434299694
410.23 0.00756968436438
410.24 0.00782798114982
410.25 0.0080889382407
410.26 0.00835224657027
410.27 0.00861758363289
410.28 0.00888461407173
410.29 0.00915299033745
410.3 0.00942235341617
410.31 0.00969233362471
410.32 0.00996255147052
410.33 0.0102326185735
410.34 0.0105021386462
410.35 0.0107707085297
410.36 0.0110379192792
410.37 0.0113033572975
410.38 0.0115666055099
410.39 0.0118272445762
410.4 0.0120848541343
410.41 0.0123390140708
410.42 0.0125893058117
410.43 0.0128353136282
410.44 0.0130766259513
410.45 0.0133128366885
410.46 0.0135435465384
410.47 0.0137683642934
410.48 0.0139869081282
410.49 0.0141988068647
410.5 0.0144037012092
410.51 0.0146012449542
410.52 0.0147911061407
410.53 0.0149729681729
410.54 0.0151465308828
410.55 0.015311511536
410.56 0.0154676457769
410.57 0.0156146885061
410.58 0.0157524146877
410.59 0.0158806200804
410.6 0.0159991218918
410.61 0.016107759349
410.62 0.0162063941867
410.63 0.0162949110475
410.64 0.0163732177944
410.65 0.0164412457335
410.66 0.0164989497467
410.67 0.0165463083334
410.68 0.0165833235619
410.69 0.0166100209312
410.7 0.0166264491443
410.71 0.0166326797946
410.72 0.0166288069677
410.73 0.0166149467617
410.74 0.0165912367275
410.75 0.016557835235
410.76 0.0165149207665
410.77 0.0164626911438
410.78 0.0164013626919
410.79 0.0163311693451
410.8 0.0162523617008
410.81 0.0161652060257
410.82 0.0160699832207
410.83 0.0159669877503
410.84 0.0158565265424
410.85 0.0157389178639
410.86 0.0156144901797
410.87 0.015483581
410.88 0.0153465357227
410.89 0.0152037064768
410.9 0.0150554509732
410.91 0.014902131368
410.92 0.0147441131452
410.93 0.0145817640233
410.94 0.0144154528917
410.95 0.0142455487821
410.96 0.0140724198791
410.97 0.0138964325747
410.98 0.0137179505713
410.99 0.0135373340363
411.0 0.0133549388113
411.01 0.0131711156807
411.02 0.0129862096992
411.03 0.012800559583
411.04 0.0126144971649
411.05 0.0124283469146
411.06 0.0122424255251
411.07 0.0120570415649
411.08 0.0118724951966
411.09 0.01168907796
411.1 0.0115070726196
411.11 0.0113267530743
411.12 0.0111483843266
411.13 0.0109722225103
411.14 0.0107985149725
411.15 0.0106275004074
411.16 0.0104594090371
411.17 0.0102944628378
411.18 0.0101328758041
411.19 0.00997485424961
411.2 0.00982059713745
411.21 0.00967029643657
411.22 0.00952413749844
411.23 0.00938229944902
411.24 0.0092449555909
411.25 0.00911227381016
411.26 0.00898441698268
411.27 0.00886154337476
411.28 0.00874380703283
411.29 0.00863135815722
411.3 0.00852434345522
411.31 0.00842290646864
411.32 0.00832718787159
411.33 0.0082373257343
411.34 0.00815345574919
411.35 0.00807571141561
411.36 0.00800422418027
411.37 0.00793912353067
411.38 0.00788053703904
411.39 0.00782859035522
411.4 0.00778340714691
411.41 0.00774510898644
411.42 0.0077138151836
411.43 0.00768964256471
411.44 0.00767270519827
411.45 0.00766311406848
411.46 0.00766097669797
411.47 0.00766639672182
411.48 0.0076794734154
411.49 0.00770030117886
411.5 0.00772896898167
411.51 0.00776555977095
411.52 0.00781014984777
411.53 0.00786280821584
411.54 0.00792359590742
411.55 0.00799256529157
411.56 0.00806975936994
411.57 0.00815521106581
411.58 0.00824894251186
411.59 0.00835096434266
411.6 0.00846127499757
411.61 0.00857986004006
411.62 0.00870669149936
411.63 0.00884172724006
411.64 0.00898491036561
411.65 0.009136168661
411.66 0.00929541408019
411.67 0.00946254228318
411.68 0.00963743222769
411.69 0.00981994581978
411.7 0.0100099276277
411.71 0.0102072046624
411.72 0.0104115862285
411.73 0.010622863848
411.74 0.0108408112594
411.75 0.0110651844944
411.76 0.0112957220324
411.77 0.0115321450356
411.78 0.0117741576626
411.79 0.0120214474628
411.8 0.0122736858484
411.81 0.0125305286446
411.82 0.0127916167154
411.83 0.0130565766621
411.84 0.0133250215934
411.85 0.0135965519619
411.86 0.0138707564643
411.87 0.0141472130013
411.88 0.0144254896921
411.89 0.0147051459391
411.9 0.0149857335372
411.91 0.015266797823
411.92 0.015547878857
411.93 0.0158285126345
411.94 0.0161082323173
411.95 0.0163865694823
411.96 0.0166630553789
411.97 0.0169372221897
411.98 0.0172086042893
411.99 0.0174767394934
412.0 0.0177411702935
412.01 0.0180014450713
412.02 0.0182571192867
412.03 0.0185077566346
412.04 0.0187529301645
412.05 0.0189922233604
412.06 0.019225231173
412.07 0.0194515610038
412.08 0.0196708336347
412.09 0.0198826841012
412.1 0.020086762506
412.11 0.0202827347702
412.12 0.0204702833204
412.13 0.0206491077101
412.14 0.0208189251741
412.15 0.0209794711146
412.16 0.0211304995201
412.17 0.021271783316
412.18 0.0214031146466
412.19 0.0215243050924
412.2 0.0216351858198
412.21 0.0217356076684
412.22 0.0218254411751
412.23 0.021904576539
412.24 0.0219729235282
412.25 0.0220304113319
412.26 0.0220769883602
412.27 0.0221126219949
412.28 0.0221372982944
412.29 0.0221510216557
412.3 0.0221538144369
412.31 0.0221457165443
412.32 0.022126784986
412.33 0.0220970933972
412.34 0.0220567315392
412.35 0.0220058047761
412.36 0.0219444335319
412.37 0.021872752732
412.38 0.0217909112316
412.39 0.0216990712332
412.4 0.0215974076975
412.41 0.0214861077488
412.42 0.0213653700783
412.43 0.0212354043469
412.44 0.0210964305895
412.45 0.0209486786232
412.46 0.0207923874606
412.47 0.0206278047299
412.48 0.0204551861018
412.49 0.020274794727
412.5 0.0200869006818
412.51 0.0198917804253
412.52 0.0196897162669
412.53 0.0194809958453
412.54 0.019265911619
412.55 0.0190447603682
412.56 0.0188178427085
412.57 0.0185854626156
412.58 0.0183479269612
412.59 0.0181055450592
412.6 0.0178586282225
412.61 0.0176074893295
412.62 0.017352442399
412.63 0.0170938021746
412.64 0.0168318837166
412.65 0.0165670020003
412.66 0.0162994715227
412.67 0.0160296059134
412.68 0.0157577175524
412.69 0.0154841171914
412.7 0.0152091135805
412.71 0.0149330130982
412.72 0.014656119385
412.73 0.0143787329797
412.74 0.0141011509593
412.75 0.0138236665804
412.76 0.0135465689241
412.77 0.0132701425422
412.78 0.012994667107
412.79 0.0127204170625
412.8 0.0124476612791
412.81 0.0121766627112
412.82 0.0119076780578
412.83 0.0116409574275
412.84 0.0113767440075
412.85 0.0111152737385
412.86 0.0108567749937
412.87 0.0106014682666
412.88 0.010349565864
412.89 0.0101012716091
412.9 0.0098567805526
412.91 0.00961627869529
412.92 0.00937994272104
412.93 0.009147939743
412.94 0.00892042706325
412.95 0.00869755194739
412.96 0.0084794514152
412.97 0.00826625204854
412.98 0.00805806981779
412.99 0.00785500992795
413.0 0.00765716668557
413.01 0.0074646233877
413.02 0.00727745223394
413.03 0.00709571426266
413.04 0.00691945931242
413.05 0.00674872600943
413.06 0.00658354178206
413.07 0.00642392290304
413.08 0.00626987456013
413.09 0.00612139095576
413.1 0.00597845543614
413.11 0.00584104065022
413.12 0.00570910873868
413.13 0.00558261155296
413.14 0.00546149090453
413.15 0.00534567884384
413.16 0.00523509796897
413.17 0.00512966176318
413.18 0.00502927496089
413.19 0.00493383394129
413.2 0.00484322714841
413.21 0.00475733553681
413.22 0.00467603304141
413.23 0.00459918707012
413.24 0.00452665901761
413.25 0.00445830479871
413.26 0.00439397539925
413.27 0.00433351744272
413.28 0.00427677377037
413.29 0.00422358403267
413.3 0.00417378528976
413.31 0.00412721261855
413.32 0.00408369972394
413.33 0.0040430795515
413.34 0.00400518489934
413.35 0.00396984902612
413.36 0.00393690625286
413.37 0.00390619255576
413.38 0.00387754614739
413.39 0.00385080804364
413.4 0.00382582261379
413.41 0.0038024381113
413.42 0.00378050718272
413.43 0.00375988735244
413.44 0.00374044148099
413.45 0.00372203819471
413.46 0.00370455228487
413.47 0.00368786507427
413.48 0.00367186474958
413.49 0.00365644665805
413.5 0.00364151356696
413.51 0.00362697588488
413.52 0.00361275184351
413.53 0.00359876763954
413.54 0.00358495753573
413.55 0.00357126392103
413.56 0.00355763732942
413.57 0.00354403641766
413.58 0.00353042790212
413.59 0.0035167864552
413.6 0.00350309456213
413.61 0.00348934233888
413.62 0.00347552731246
413.63 0.00346165416478
413.64 0.00344773444167
413.65 0.00343378622865
413.66 0.00341983379529
413.67 0.00340590721029
413.68 0.00339204192922
413.69 0.00337827835739
413.7 0.00336466139015
413.71 0.00335123993322
413.72 0.00333806640557
413.73 0.00332519622761
413.74 0.00331268729742
413.75 0.00330059945791
413.76 0.00328899395756
413.77 0.00327793290789
413.78 0.00326747874027
413.79 0.00325769366508
413.8 0.00324863913605
413.81 0.00324037532251
413.82 0.00323296059234
413.83 0.00322645100834
413.84 0.00322089984053
413.85 0.00321635709694
413.86 0.00321286907529
413.87 0.0032104779378
413.88 0.00320922131134
413.89 0.0032091319149
413.9 0.00321023721623
413.91 0.00321255911944
413.92 0.00321611368495
413.93 0.00322091088341
413.94 0.00322695438447
413.95 0.00323424138176
413.96 0.00324276245461
413.97 0.00325250146731
413.98 0.00326343550634
413.99 0.00327553485577
414.0 0.00328876301089
414.01 0.00330307672997
414.02 0.00331842612375
414.03 0.00333475478219
414.04 0.00335199993773
414.05 0.00337009266409
414.06 0.00338895810964
414.07 0.00340851576396
414.08 0.00342867975627
414.09 0.00344935918395
414.1 0.00347045846961
414.11 0.00349187774463
414.12 0.00351351325724
414.13 0.00353525780291
414.14 0.00355700117482
414.15 0.00357863063198
414.16 0.00360003138255
414.17 0.00362108707984
414.18 0.00364168032829
414.19 0.00366169319682
414.2 0.00368100773689
414.21 0.00369950650239
414.22 0.00371707306886
414.23 0.00373359254902
414.24 0.00374895210226
414.25 0.00376304143508
414.26 0.00377575329014
414.27 0.00378698392124
414.28 0.00379663355179
414.29 0.00380460681447
414.3 0.0038108131698
414.31 0.00381516730141
414.32 0.00381758948622
414.33 0.00381800593749
414.34 0.00381634911915
414.35 0.00381255802997
414.36 0.00380657845602
414.37 0.00379836319055
414.38 0.00378787222011
414.39 0.00377507287623
414.4 0.00375993995211
414.41 0.003742455784
414.42 0.00372261029695
414.43 0.00370040101522
414.44 0.00367583303739
414.45 0.00364891897681
414.46 0.00361967886783
414.47 0.00358814003888
414.48 0.00355433695322
414.49 0.00351831101875
414.5 0.00348011036801
414.51 0.00343978961016
414.52 0.00339740955644
414.53 0.00335303692083
414.54 0.00330674399815
414.55 0.00325860832121
414.56 0.00320871229943
414.57 0.00315714284103
414.58 0.00310399096093
414.59 0.00304935137688
414.6 0.0029933220959
414.61 0.00293600399354
414.62 0.00287750038822
414.63 0.00281791661301
414.64 0.00275735958708
414.65 0.0026959373891
414.66 0.00263375883481
414.67 0.00257093306072
414.68 0.00250756911616
414.69 0.00244377556545
414.7 0.00237966010204
414.71 0.00231532917641
414.72 0.00225088763912
414.73 0.00218643840065
414.74 0.00212208210919
414.75 0.0020579168476
414.76 0.00199403785053
414.77 0.00193053724255
414.78 0.00186750379804
414.79 0.00180502272337
414.8 0.00174317546174
414.81 0.00168203952099
414.82 0.00162168832453
414.83 0.00156219108519
414.84 0.00150361270211
414.85 0.00144601368005
414.86 0.00138945007095
414.87 0.00133397343712
414.88 0.00127963083539
414.89 0.00122646482152
414.9 0.001174513474
414.91 0.00112381043636
414.92 0.00107438497702
414.93 0.00102626206556
414.94 0.000979462464345
414.95 0.000934002834382
414.96 0.000889895854223
414.97 0.000847150350665
414.98 0.000805771440079
414.99 0.000765760679129
415.0 0.000727116223651
415.01 0.000689832994488
415.02 0.000653902849088
415.03 0.000619314757702
415.04 0.00058605498303
415.05 0.00055410726224
415.06 0.000523452990289
415.07 0.00049407140355
415.08 0.000465939762784
415.09 0.000439033534568
415.1 0.000413326570329
415.11 0.000388791282226
415.12 0.000365398815139
415.13 0.000343119214142
415.14 0.000321921586857
415.15 0.000301774260172
415.16 0.000282644930879
415.17 0.000264500809825
415.18 0.000247308759251
415.19 0.000231035423057
415.2 0.000215647349777
415.21 0.000201111108109
415.22 0.000187393394905
415.23 0.000174461135572
415.24 0.000162281576873
415.25 0.00015082237219
415.26 0.000140051659314
415.27 0.000129938130901
415.28 0.000120451097742
415.29 0.000111560545035
415.3 0.000103237181885
415.31 9.54524842596e-05
415.32 8.81787316703e-05
415.33 8.13890378501e-05
415.34 7.50573757287e-05
415.35 6.91585970021e-05
415.36 6.36684466131e-05
415.37 5.85635724594e-05
415.38 5.38215306513e-05
415.39 4.942078664e-05
415.4 4.53407125394e-05
415.41 4.15615809557e-05
415.42 3.80645556393e-05
415.43 3.48316792625e-05
415.44 3.18458586202e-05
415.45 2.90908475403e-05
415.46 2.65512277805e-05
415.47 2.42123881746e-05
415.48 2.20605022826e-05
415.49 2.00825047817e-05
415.5 1.82660668245e-05
415.51 1.65995705761e-05
415.52 1.50720831281e-05
415.53 1.36733299722e-05
415.54 1.23936682046e-05
415.55 1.12240596159e-05
415.56 1.01560438091e-05
415.57 9.18171147492e-06
415.58 8.29367793967e-06
415.59 7.48505709057e-06
415.6 6.74943576885e-06
415.61 6.0808487116e-06
415.62 5.47375411128e-06
415.63 4.92300985234e-06
415.64 4.423850474e-06
415.65 3.97186489982e-06
415.66 3.56297496604e-06
415.67 3.19341477283e-06
415.68 2.85971087566e-06
415.69 2.55866332732e-06
415.7 2.28732757525e-06
415.71 2.04299721342e-06
415.72 1.82318758341e-06
415.73 1.62562021471e-06
415.74 1.448208091e-06
415.75 1.28904172555e-06
415.76 1.14637602613e-06
415.77 1.01861792766e-06
415.78 9.04314768627e-07
415.79 8.021433858e-07
415.8 7.10899900522e-07
415.81 6.29490168858e-07
415.82 5.56920867278e-07
415.83 4.92291185108e-07
415.84 4.34785094837e-07
415.85 3.83664171385e-07
415.86 3.38260931673e-07
415.87 2.97972666206e-07
415.88 2.62255734905e-07
415.89 2.30620300046e-07
415.9 2.02625469929e-07
415.91 1.77874827694e-07
415.92 1.56012320604e-07
415.93 1.36718486052e-07
415.94 1.1970699153e-07
415.95 1.04721466803e-07
415.96 9.15326075687e-08
415.97 7.99355308847e-08
415.98 6.97473637242e-08
415.99 6.08050469961e-08
416.0 5.29633384072e-08
416.01 4.60929985144e-08
416.02 4.00791452864e-08
416.03 3.48197634264e-08
416.04 3.02243556079e-08
416.05 2.62127236503e-08
416.06 2.27138684871e-08
416.07 1.96649985796e-08
416.08 1.70106371842e-08
416.09 1.47018195999e-08
416.1 1.26953722031e-08
416.11 1.09532657181e-08
416.12 9.44203577369e-09
416.13 8.13226436557e-09
416.14 6.99811637104e-09
416.15 6.01692575998e-09
416.16 5.16882660604e-09
416.17 4.43642443123e-09
416.18 3.80450381441e-09
416.19 3.25976856254e-09
416.2 2.79061108334e-09
416.21 2.38690791136e-09
416.22 2.03983862791e-09
416.23 1.74172567987e-09
416.24 1.48589284524e-09
416.25 1.26654031504e-09
416.26 1.07863456418e-09
416.27 9.17811368433e-10
416.28 7.80290493081e-10
416.29 6.6280073144e-10
416.3 5.62514110196e-10
416.31 4.76988203859e-10
416.32 4.04115614211e-10
416.33 3.42079772966e-10
416.34 2.89316318211e-10
416.35 2.44479378224e-10
416.36 2.06412170893e-10
416.37 1.74121393915e-10
416.38 1.46754940914e-10
416.39 1.23582532267e-10
416.4 1.03978897331e-10
416.41 8.74091875032e-11
416.42 7.34163376028e-11
416.43 6.1610126915e-11
416.44 5.16577212977e-11
416.45 4.327550442e-11
416.46 3.62220298148e-11
416.47 3.0291946321e-11
416.48 2.53107679397e-11
416.49 2.11303754108e-11
416.5 1.76251511538e-11
416.51 1.46886618378e-11
416.52 1.22308139288e-11
416.53 1.01754172964e-11
416.54 8.45810048667e-12
416.55 7.02452873341e-12
416.56 5.8288823051e-12
416.57 4.83255848308e-12
416.58 4.0030654341e-12
416.59 3.31308056837e-12
416.6 2.73964973799e-12
416.61 2.26350690125e-12
416.62 1.86849671608e-12
416.63 1.54108498564e-12
416.64 1.26994400805e-12
416.65 1.04560172325e-12
416.66 8.60145139719e-13
416.67 7.0696989524e-13
416.68 5.80568986916e-13
416.69 4.76354722714e-13
416.7 3.90508820343e-13
416.71 3.1985632955e-13
416.72 2.61759697216e-13
416.73 2.14029845599e-13
416.74 1.74851605513e-13
416.75 1.42721249044e-13
416.76 1.16394210259e-13
416.77 9.48413755674e-14
416.78 7.72125750438e-14
416.79 6.28061184508e-14
416.8 5.10434001549e-14
416.81 4.1447750336e-14
416.82 3.36268397574e-14
416.83 2.72580553544e-14
416.84 2.20763569408e-14
416.85 1.78642039595e-14
416.86 1.44432075588e-14
416.87 1.16672192346e-14
416.88 9.41661439897e-15
416.89 7.59356888146e-15
416.9 6.11815968763e-15
416.91 4.92514930511e-15
416.92 3.96133630211e-15
416.93 3.1833746073e-15
416.94 2.55598029801e-15
416.95 2.0504584631e-15
416.96 1.64349417823e-15
416.97 1.31616119921e-15
416.98 1.05310995067e-15
416.99 8.4190302178e-16
417.0 6.72471896207e-16
417.01 5.36673225036e-16
417.02 4.27926751156e-16
417.03 3.40920143666e-16
417.04 2.71368608113e-16
417.05 2.15819294891e-16
417.06 1.71492309573e-16
417.07 1.36151599177e-16
417.08 1.08000200467e-16
417.09 8.55953345509e-17
417.1 6.77796532766e-17
417.11 5.36256178536e-17
417.12 4.23905441898e-17
417.13 3.34803038973e-17
417.14 2.64200422265e-17
417.15 2.08305789119e-17
417.16 1.64094070579e-17
417.17 1.29154086842e-17
417.18 1.01565715871e-17
417.19 7.98012750654e-18
417.2 6.26464178641e-18
417.21 4.91367435579e-18
417.22 3.85070469721e-18
417.23 3.01507259905e-18
417.24 2.3587344405e-18
417.25 1.84367360484e-18
417.26 1.43983505542e-18
417.27 1.1234795279e-18
417.28 8.75873321326e-19
417.29 6.82246235705e-19
417.3 5.30963555673e-19
417.31 4.12868731134e-19
417.32 3.20762054772e-19
417.33 2.4898758667e-19
417.34 1.93106156209e-19
417.35 1.49636746614e-19
417.36 1.15852153133e-19
417.37 8.9617675787e-20
417.38 6.92639025521e-20
417.39 5.34864720299e-20
417.4 4.12671676414e-20
417.41 3.18118617099e-20
417.42 2.45017567278e-20
417.43 1.88551102105e-20
417.44 1.44972170433e-20
417.45 1.11368897548e-20
417.46 8.54804724912e-21
417.47 6.55531584329e-21
417.48 5.02277868404e-21
417.49 3.84519330406e-21
417.5 2.94114222314e-21
417.51 2.24769608012e-21
417.52 1.71625914382e-21
417.53 1.30933824497e-21
417.54 9.98032207351e-22
417.55 7.60082919315e-22
417.56 5.78363800895e-22
417.57 4.39708586684e-22
417.58 3.34004642694e-22
417.59 2.53491717496e-22
417.6 1.92220081741e-22
417.61 1.45632214879e-22
417.62 1.10240167634e-22
417.63 8.33769469995e-23
417.64 6.30051174481e-23
417.65 4.75695864203e-23
417.66 3.58844784833e-23
417.67 2.70462847098e-23
417.68 2.03672458214e-23
417.69 1.53243022045e-23
417.7 1.15200091463e-23
417.71 8.65264035908e-24
417.72 6.49334076804e-24
417.73 4.86868245885e-24
417.74 3.64735821587e-24
417.75 2.73004056266e-24
417.76 2.04166034724e-24
417.77 1.5255329814e-24
417.78 1.13889430584e-24
417.79 8.49510898405e-25
417.8 6.33108582605e-25
417.81 4.71423426402e-25
417.82 3.50725894958e-25
417.83 2.60704313587e-25
417.84 1.93620935813e-25
417.85 1.43674642619e-25
417.86 1.06520120508e-25
417.87 7.89054290223e-26
417.88 5.83990570509e-26
417.89 4.31845597869e-26
417.9 3.19061844685e-26
417.91 2.35529309849e-26
417.92 1.73715575739e-26
417.93 1.28013647861e-26
417.94 9.42535028729e-27
417.95 6.93365834963e-27
417.96 5.09625428925e-27
417.97 3.74251417885e-27
417.98 2.74599366844e-27
417.99 2.01307206106e-27
418.0 1.47449336977e-27
418.01 1.07907104556e-27
418.02 7.89007202011e-28
418.03 5.76415443719e-28
418.04 4.20740154114e-28
418.05 3.06842864119e-28
418.06 2.23584558662e-28
418.07 1.62776347147e-28
418.08 1.18403489699e-28
418.09 8.60520893353e-29
418.1 6.24859028099e-29
418.11 4.53342454036e-29
418.12 3.28620344135e-29
418.13 2.38005072811e-29
418.14 1.72227181276e-29
418.15 1.24520508831e-29
418.16 8.99505435757e-30
418.17 6.49217787483e-30
418.18 4.68166938515e-30
418.19 3.37314324413e-30
418.2 2.42824520795e-30
418.21 1.74652179235e-30
418.22 1.25510248708e-30
418.23 9.01172818689e-31
418.24 6.46488331119e-31
418.25 4.63379705778e-31
418.26 3.31846346896e-31
418.27 2.37443773393e-31
418.28 1.69749397768e-31
418.29 1.21249347909e-31
418.3 8.65315122453e-32
418.31 6.17010973802e-32
418.32 4.39577237507e-32
418.33 3.12896867383e-32
418.34 2.22531219283e-32
418.35 1.58126403197e-32
418.36 1.12264268245e-32
418.37 7.9634713138e-33
418.38 5.64399996782e-33
418.39 3.99664245845e-33
418.4 2.82766076313e-33
418.41 1.99886298552e-33
418.42 1.41176515596e-33
418.43 9.9624373715e-34
418.44 7.02412873051e-34
418.45 4.94815200856e-34
418.46 3.48271002409e-34
418.47 2.44914958814e-34
418.48 1.72082624019e-34
418.49 1.20804313189e-34
418.5 8.47328031164e-35
418.51 5.93805778826e-35
418.52 4.15777494833e-35
418.53 2.90871552635e-35
418.54 2.03313039306e-35
418.55 1.419884207e-35
418.56 9.90750584569e-36
418.57 6.907159079e-36
418.58 4.811254076e-36
418.59 3.34842702332e-36
418.6 2.32834374062e-36
418.61 1.6176220873e-36
418.62 1.12287329183e-36
418.63 7.7876809062e-37
418.64 5.39646366459e-37
418.65 3.73623408932e-37
418.66 2.58453615896e-37
418.67 1.78630189521e-37
418.68 1.23353312945e-37
418.69 8.51080204969e-38
418.7 5.86697008147e-38
418.71 4.04092667619e-38
418.72 2.78081296256e-38
418.73 1.91199301267e-38
418.74 1.31348323817e-38
418.75 9.01543074677e-39
418.76 6.18261411179e-39
418.77 4.23624932402e-39
418.78 2.9001108411e-39
418.79 1.98367898996e-39
418.8 1.35566349873e-39
418.81 9.25669862935e-40
418.82 6.31515564761e-40
418.83 4.30462878796e-40
418.84 2.93164287875e-40
418.85 1.99484950366e-40
418.86 1.35622867158e-40
418.87 9.21254067435e-41
418.88 6.25244136678e-41
418.89 4.23978222435e-41
418.9 2.87250758523e-41
418.91 1.94447574921e-41
418.92 1.31512668683e-41
418.93 8.88702419758e-42
418.94 6.00024311386e-42
418.95 4.04766949943e-42
418.96 2.72812932442e-42
418.97 1.83716674636e-42
418.98 1.23610655781e-42
418.99 8.30973085438e-43
419.0 5.58138161095e-43
419.01 3.74558958969e-43
419.02 2.51143749551e-43
419.03 1.68247364934e-43
419.04 1.12615425156e-43
419.05 7.53132177059e-44
419.06 5.03231986064e-44
419.07 3.35961092475e-44
419.08 2.24095659373e-44
419.09 1.49348758497e-44
419.1 9.94474156375e-45
419.11 6.61620721785e-45
419.12 4.39793097119e-45
419.13 2.92086463729e-45
419.14 1.93819810915e-45
419.15 1.28501622975e-45
419.16 8.51221868905e-46
419.17 5.63378987493e-46
419.18 3.72547994431e-46
419.19 2.46143021312e-46
419.2 1.62486220506e-46
419.21 1.07169019982e-46
419.22 7.06229239105e-47
419.23 4.64992385886e-47
419.24 3.05893114524e-47
419.25 2.0105610913e-47
419.26 1.32034844607e-47
419.27 8.66330403519e-48
419.28 5.67939750038e-48
419.29 3.72001497705e-48
419.3 2.43450585472e-48
419.31 1.59184460818e-48
419.32 1.03995424185e-48
419.33 6.78815113545e-49
419.34 4.42703023544e-49
419.35 2.88467695829e-49
419.36 1.87804327599e-49
419.37 1.22162445501e-49
419.38 7.9395073121e-50
419.39 5.15552741406e-50
419.4 3.34484779689e-50
419.41 2.16821993478e-50
419.42 1.40428099419e-50
419.43 9.08716503712e-51
419.44 5.87525236013e-51
419.45 3.79531955544e-51
419.46 2.44959272312e-51
419.47 1.57965821646e-51
419.48 1.01778510508e-51
419.49 6.55198302253e-52
419.5 4.21418064848e-52
419.51 2.70817825141e-52
419.52 1.7388617573e-52
419.53 1.11551799053e-52
419.54 7.15009502902e-53
419.55 4.57900124367e-53
419.56 2.92990420863e-53
419.57 1.87309495541e-53
419.58 1.19643712168e-53
419.59 7.63560892646e-54
419.6 4.86879161577e-54
419.61 3.10186155284e-54
419.62 1.97445547654e-54
419.63 1.25572919831e-54
419.64 7.97936539198e-55
419.65 5.06599113483e-55
419.66 3.21354370389e-55
419.67 2.03670302459e-55
419.68 1.28971846745e-55
419.69 8.15991887819e-56
419.7 5.1582273096e-56
419.71 3.25790806038e-56
419.72 2.05589478253e-56
419.73 1.29624369541e-56
419.74 8.16575118028e-57
419.75 5.13960023239e-57
419.76 3.23211087381e-57
419.77 2.03079868296e-57
419.78 1.27488557827e-57
419.79 7.99648737848e-58
419.8 5.01130708417e-58
419.81 3.13780889025e-58
419.82 1.96302429422e-58
419.83 1.22701132793e-58
419.84 7.66293571966e-59
419.85 4.78151481032e-59
419.86 2.98098328327e-59
419.87 1.85685199423e-59
419.88 1.15562984351e-59
419.89 7.18594554093e-60
419.9 4.46449979013e-60
419.91 2.77131188781e-60
419.92 1.71878563386e-60
419.93 1.06507879413e-60
419.94 6.59425099065e-61
419.95 4.07918048345e-61
419.96 2.52118132462e-61
419.97 1.55689367519e-61
419.98 9.60588846558e-62
419.99 5.92161049687e-62
420.0 3.64725264561e-62
420.01 2.24447912664e-62
420.02 1.38003152142e-62
420.03 8.47785831436e-63
420.04 5.20363725813e-63
420.05 3.19118210174e-63
420.06 1.95532914164e-63
420.07 1.19704884196e-63
420.08 7.32196386555e-64
420.09 4.47473173708e-64
420.1 2.73231105727e-64
420.11 1.66692856019e-64
420.12 1.01607916953e-64
420.13 6.18816408652e-65
420.14 3.76547532886e-65
420.15 2.28929365428e-65
420.16 1.39061501694e-65
420.17 8.43987545504e-66
420.18 5.11786556084e-66
420.19 3.10074049712e-66
420.2 1.87700609078e-66
420.21 1.13524514923e-66
420.22 6.86020889688e-67
420.23 4.14198706605e-67
420.24 2.49864092482e-67
420.25 1.50599202465e-67
420.26 9.06912123404e-68
420.27 5.45671731209e-68
420.28 3.28035930892e-68
420.29 1.97031239352e-68
420.3 1.1824219268e-68
420.31 7.08979328433e-69
420.32 4.24735325757e-69
420.33 2.54230063752e-69
420.34 1.52040448464e-69
420.35 9.08479412561e-70
420.36 5.42368864954e-70
420.37 3.23517757606e-70
420.38 1.92808070851e-70
420.39 1.14809019351e-70
420.4 6.83046889583e-71
420.41 4.06021228697e-71
420.42 2.41140788545e-71
420.43 1.43092319929e-71
420.44 8.48370747929e-72
420.45 5.02549399796e-72
420.46 2.97437378186e-72
420.47 1.7588793188e-72
420.48 1.03920266806e-72
420.49 6.13462720505e-73
420.5 3.61826034021e-73
420.51 2.13223545259e-73
420.52 1.25543496722e-73
420.53 7.3854505381e-74
420.54 4.34093696642e-74
420.55 2.54925733633e-74
420.56 1.49577954021e-74
420.57 8.76890190328e-75
420.58 5.13625464951e-75
420.59 3.00587970114e-75
420.6 1.7576012644e-75
420.61 1.02681647823e-75
420.62 5.99361738344e-76
420.63 3.49549683736e-76
420.64 2.03681940672e-76
420.65 1.18582293973e-76
420.66 6.89780453152e-77
420.67 4.0089037698e-77
420.68 2.32789877769e-77
420.69 1.35059850778e-77
420.7 7.82910560715e-78
420.71 4.53442005724e-78
420.72 2.62394701041e-78
420.73 1.51709257798e-78
420.74 8.76380729618e-79
420.75 5.0582147977e-79
420.76 2.9169261142e-79
420.77 1.68065008534e-79
420.78 9.67504263946e-80
420.79 5.56483364431e-80
420.8 3.19797597568e-80
420.81 1.8362081902e-80
420.82 1.05339767633e-80
420.83 6.03790818073e-81
420.84 3.4578357908e-81
420.85 1.97854502854e-81
420.86 1.13112662315e-81
420.87 6.46100716703e-82
420.88 3.68733786933e-82
420.89 2.10256464325e-82
420.9 1.19786946088e-82
420.91 6.81857059576e-83
420.92 3.87793836476e-83
420.93 2.20359701598e-83
420.94 1.2510859921e-83
420.95 7.09685382207e-84
420.96 4.02224268772e-84
420.97 2.27768884188e-84
420.98 1.2886774533e-84
420.99 7.28480244288e-85
421.0 4.1144807951e-85
421.01 2.32185991027e-85
421.02 1.30912374115e-85
421.03 7.37478047793e-86
421.04 4.15088984473e-86
421.05 2.33430194445e-86
421.06 1.31158538224e-86
421.07 7.36308503741e-87
421.08 4.12996886128e-87
421.09 2.31450141539e-87
421.1 1.29596071473e-87
421.11 7.25019913602e-88
421.12 4.05258139403e-88
421.13 2.26327470523e-88
421.14 1.26289285366e-88
421.15 7.04075859851e-89
421.16 3.92189638193e-89
421.17 2.18271226479e-89
421.18 1.21372577495e-89
421.19 6.74323621668e-90
421.2 3.74317286919e-90
421.21 2.07603708854e-90
421.22 1.15041369741e-90
421.23 6.36937314662e-91
421.24 3.52340895364e-91
421.25 1.94739085941e-91
421.26 1.07539227709e-91
421.27 5.93341071912e-92
421.28 3.27088761926e-92
421.29 1.80156753279e-92
421.3 9.91423440051e-93
421.31 5.45119265741e-93
421.32 2.99466048708e-93
421.33 1.64371820787e-93
421.34 9.01427601822e-94
421.35 4.93921636085e-94
421.36 2.70401416198e-94
421.37 1.4790524851e-94
421.38 8.08317388863e-95
421.39 4.41371178411e-95
421.4 2.40796256764e-95
421.41 1.31256012088e-95
421.42 7.14845835188e-96
421.43 3.88981807382e-96
421.44 2.11480291858e-96
421.45 1.14877301355e-96
421.46 6.23479618447e-97
421.47 3.38091311136e-97
421.48 1.8317637948e-97
421.49 9.91582022932e-98
421.5 5.36304610789e-98
421.51 2.89813178147e-98
421.52 1.56476254004e-98
421.53 8.44116645525e-99
421.54 4.54967317845e-99
421.55 2.45008780896e-99
421.56 1.31827741163e-99
421.57 7.08688987753e-100
421.58 3.80652135527e-100
421.59 2.04279398009e-100
421.6 1.09532898586e-100
421.61 5.86797566868e-101
421.62 3.14091179656e-101
421.63 1.67975866258e-101
421.64 8.97556405649e-102
421.65 4.79181810961e-102
421.66 2.55601036611e-102
421.67 1.36222425747e-102
421.68 7.25367880376e-103
421.69 3.85915075865e-103
421.7 2.05139305575e-103
421.71 1.08950625983e-103
421.72 5.78141694729e-104
421.73 3.06522645399e-104
421.74 1.62373275392e-104
421.75 8.59389909646e-105
421.76 4.54453718731e-105
421.77 2.40111403005e-105
421.78 1.26753401224e-105
421.79 6.68544269602e-106
421.8 3.52309563221e-106
421.81 1.85499355854e-106
421.82 9.75852304927e-107
421.83 5.12919831747e-107
421.84 2.69363410725e-107
421.85 1.41335554278e-107
421.86 7.40948397043e-108
421.87 3.88104083025e-108
421.88 2.0311040547e-108
421.89 1.06203748859e-108
421.9 5.54844433721e-109
421.91 2.89618521686e-109
421.92 1.51044579286e-109
421.93 7.87059685699e-110
421.94 4.09764097781e-110
421.95 2.13149271762e-110
421.96 1.10779018923e-110
421.97 5.75247696947e-111
421.98 2.98453018122e-111
421.99 1.54710850659e-111
422.0 8.01289193154e-112
422.01 4.1464984704e-112
422.02 2.14386505829e-112
422.03 1.10748306763e-112
422.04 5.71610840472e-113
422.05 2.94772883995e-113
422.06 1.51879205636e-113
422.07 7.81866878719e-114
422.08 4.02152735841e-114
422.09 2.06667864333e-114
422.1 1.06115442182e-114
422.11 5.44387240013e-115
422.12 2.79036488968e-115
422.13 1.42901824189e-115
422.14 7.31203496222e-116
422.15 3.73819935617e-116
422.16 1.90945914202e-116
422.17 9.74500337781e-117
422.18 4.96909535268e-117
422.19 2.53160753512e-117
422.2 1.28866235304e-117
422.21 6.55398759929e-118
422.22 3.33039542989e-118
422.23 1.6908679841e-118
422.24 8.57723507004e-119
422.25 4.3471901471e-119
422.26 2.20137319184e-119
422.27 1.11378771282e-119
422.28 5.63034340556e-120
422.29 2.8437476706e-120
422.3 1.43506292618e-120
422.31 7.23559989927e-121
422.32 3.64503628314e-121
422.33 1.83464854099e-121
422.34 9.22630094763e-122
422.35 4.63581467228e-122
422.36 2.3272778031e-122
422.37 1.16733122203e-122
422.38 5.85010536611e-123
422.39 2.92925370168e-123
422.4 1.4654601023e-123
422.41 7.32511965619e-124
422.42 3.65829867717e-124
422.43 1.82543893421e-124
422.44 9.10079162965e-125
422.45 4.53330297352e-125
422.46 2.25618148997e-125
422.47 1.12190744785e-125
422.48 5.57395865326e-126
422.49 2.7669044836e-126
422.5 1.37229760015e-126
422.51 6.80026994833e-127
422.52 3.36688059717e-127
422.53 1.66553203027e-127
422.54 8.23193582191e-128
422.55 4.06513221464e-128
422.56 2.005723611e-128
422.57 9.88760734033e-129
422.58 4.8700682557e-129
422.59 2.39663886271e-129
422.6 1.17840305339e-129
422.61 5.7890704329e-130
422.62 2.84149908329e-130
422.63 1.39350945446e-130
422.64 6.82803960353e-131
422.65 3.34276507276e-131
422.66 1.63508145409e-131
422.67 7.99091740775e-132
422.68 3.90191319732e-132
422.69 1.90362885043e-132
422.7 9.27920276809e-133
422.71 4.51921251425e-133
422.72 2.19906758128e-133
422.73 1.06914867135e-133
422.74 5.19351436824e-134
422.75 2.52062527568e-134
422.76 1.22230319998e-134
422.77 5.92206709019e-135
422.78 2.86676048797e-135
422.79 1.38654257479e-135
422.8 6.70036901092e-136
422.81 3.2351017588e-136
422.82 1.56063334766e-136
422.83 7.52207279717e-137
422.84 3.62241241865e-137
422.85 1.74293811995e-137
422.86 8.37895302122e-138
422.87 4.0245863964e-138
422.88 1.93141885529e-138
422.89 9.26094684109e-139
422.9 4.43667920678e-139
422.91 2.12365702075e-139
422.92 1.01562747201e-139
422.93 4.85297678951e-140
422.94 2.31689152631e-140
422.95 1.10516443533e-140
422.96 5.2671030178e-141
422.97 2.50807452616e-141
422.98 1.19325365745e-141
422.99 5.6721645818e-142
423.0 2.69394413704e-142
423.01 1.27835672442e-142
423.02 6.06092970813e-143
423.03 2.87111208256e-143
423.04 1.35889142733e-143
423.05 6.42603495221e-144
423.06 3.03616325873e-144
423.07 1.43327943653e-144
423.08 6.76021225651e-145
423.09 3.18576331303e-145
423.1 1.4999970113e-145
423.11 7.05652676809e-146
423.12 3.31676960901e-146
423.13 1.55762650982e-146
423.14 7.30861470005e-147
423.15 3.42634047604e-147
423.16 1.60490628868e-147
423.17 7.51090991981e-148
423.18 3.51203746817e-148
423.19 1.64077654883e-148
423.2 7.65884803212e-149
423.21 3.5719155048e-149
423.22 1.66441880555e-149
423.23 7.74903751991e-150
423.24 3.60459624416e-150
423.25 1.67528693082e-150
423.26 7.77938898578e-151
423.27 3.60932082524e-151
423.28 1.6731281243e-151
423.29 7.74919561753e-152
423.3 3.58597916038e-152
423.31 1.65799268854e-152
423.32 7.65916055043e-153
423.33 3.53511419947e-153
423.34 1.63023208054e-153
423.35 7.51136964706e-154
423.36 3.45790093512e-154
423.37 1.590485345e-154
423.38 7.30921116637e-155
423.39 3.35610128247e-155
423.4 1.53965466074e-155
423.41 7.05724664178e-156
423.42 3.23199725305e-156
423.43 1.47887130659e-156
423.44 6.76103983903e-157
423.45 3.08830596141e-157
423.46 1.40945383953e-157
423.47 6.42695274636e-158
423.48 2.92808088251e-158
423.49 1.33286064198e-158
423.5 6.06191903049e-159
423.51 2.7546043626e-159
423.52 1.25063921783e-159
423.53 5.67320618991e-160
423.54 2.57127664653e-160
423.55 1.16437468622e-160
423.56 5.26817772279e-161
423.57 2.38150661604e-161
423.58 1.07563984065e-161
423.59 4.8540660275e-162
423.6 2.18860905585e-162
423.61 9.85948922532e-163
423.62 4.43776554632e-163
423.63 1.99571262152e-163
423.64 8.96716923819e-164
423.65 4.02565396391e-164
423.66 1.80568183277e-164
423.67 8.09225814557e-165
423.68 3.62344722981e-165
423.69 1.62105543173e-165
423.7 7.24598620915e-166
423.71 3.23609194942e-166
423.72 1.44400240132e-166
423.73 6.43781793391e-167
423.74 2.86769644396e-167
423.75 1.27629591061e-167
423.76 5.67535836906e-168
423.77 2.52149966667e-168
423.78 1.11930450708e-168
423.79 4.96433753632e-169
423.8 2.19987530712e-169
423.81 9.7399906481e-170
423.82 4.30866498491e-170
423.83 1.90436691304e-170
423.84 8.40973362288e-171
423.85 3.71054381988e-171
423.86 1.63574876949e-171
423.87 7.2047572426e-172
423.88 3.1706318268e-172
423.89 1.39410662091e-172
423.9 6.12448925823e-173
423.91 2.68823652337e-173
423.92 1.17893209174e-173
423.93 5.16575512011e-174
423.94 2.26153103712e-174
423.95 9.8922481536e-175
423.96 4.32325811089e-175
423.97 1.88777851911e-175
423.98 8.23596756357e-176
423.99 3.59006182411e-176
424.0 1.56355419877e-176
424.01 6.80373931395e-177
424.02 2.95805403341e-177
424.03 1.28495598887e-177
424.04 5.57691615787e-178
424.05 2.41837525547e-178
424.06 1.04779658376e-178
424.07 4.53580085184e-179
424.08 1.96179982223e-179
424.09 8.47772092244e-180
424.1 3.66038910122e-180
424.11 1.57906171382e-180
424.12 6.8060426508e-181
424.13 2.93098733249e-181
424.14 1.26112149811e-181
424.15 5.42155202043e-182
424.16 2.32870267409e-182
424.17 9.99374277325e-183
424.18 4.28514976188e-183
424.19 1.83580925457e-183
424.2 7.85801434943e-184
424.21 3.36063845579e-184
424.22 1.43600013388e-184
424.23 6.13071151514e-185
424.24 2.61511621333e-185
424.25 1.1145378414e-185
424.26 4.74594123243e-186
424.27 2.01917335375e-186
424.28 8.58318689313e-187
424.29 3.64541725003e-187
424.3 1.54692633165e-187
424.31 6.5586692809e-188
424.32 2.77834098179e-188
424.33 1.17592350197e-188
424.34 4.9727463581e-189
424.35 2.10105421156e-189
424.36 8.86955683582e-190
424.37 3.74102229365e-190
424.38 1.57653052502e-190
424.39 6.63801431004e-191
424.4 2.79252903342e-191
424.41 1.17376437041e-191
424.42 4.92932962166e-192
424.43 2.06832370997e-192
424.44 8.67107361471e-193
424.45 3.63204272443e-193
424.46 1.52003201922e-193
424.47 6.35591728461e-194
424.48 2.65538470579e-194
424.49 1.10840984571e-194
424.5 4.62271386723e-195
424.51 1.92627089638e-195
424.52 8.0197609994e-196
424.53 3.33602426763e-196
424.54 1.38650260242e-196
424.55 5.75752575597e-197
424.56 2.38877256363e-197
424.57 9.90233073777e-198
424.58 4.10132103589e-198
424.59 1.69720309836e-198
424.6 7.01726017335e-199
424.61 2.89884539898e-199
424.62 1.19648220024e-199
424.63 4.93413630333e-200
424.64 2.03301112613e-200
424.65 8.36935675889e-201
424.66 3.44245378658e-201
424.67 1.41471145217e-201
424.68 5.808865651e-202
424.69 2.38307937277e-202
424.7 9.76808422159e-203
424.71 4.00040531798e-203
424.72 1.63690060378e-203
424.73 6.69212946775e-204
424.74 2.73356919893e-204
424.75 1.11562830092e-204
424.76 4.54917543935e-205
424.77 1.85340171794e-205
424.78 7.54449455129e-206
424.79 3.06841749107e-206
424.8 1.24687369466e-206
424.81 5.06237354807e-207
424.82 2.05357054373e-207
424.83 8.32317022195e-208
424.84 3.37047910994e-208
424.85 1.36369803676e-208
424.86 5.51275260695e-209
424.87 2.22660153348e-209
424.88 8.98545796551e-210
424.89 3.62294417719e-210
424.9 1.45950901034e-210
424.91 5.87456388464e-211
424.92 2.36248029096e-211
424.93 9.49258445345e-212
424.94 3.81087284098e-212
424.95 1.52857994841e-212
424.96 6.12597995471e-213
424.97 2.45293871038e-213
424.98 9.81344595535e-214
424.99 3.9226547501e-214
425.0 1.56661524626e-214
425.01 6.25127096962e-215
425.02 2.49228677233e-215
425.03 9.92776327829e-216
425.04 3.9511955701e-216
425.05 1.57119233541e-216
425.06 6.2424330035e-217
425.07 2.47800478497e-217
425.08 9.82820267449e-218
425.09 3.89466205608e-218
425.1 1.54201702124e-218
425.11 6.1000341772e-219
425.12 2.41101038733e-219
425.13 9.52115438165e-220
425.14 3.75667690813e-220
425.15 1.48095477375e-220
425.16 5.83315422661e-221
425.17 2.29556098469e-221
425.18 9.02605390942e-222
425.19 3.54593461981e-222
425.2 1.39183334519e-222
425.21 5.45842644965e-223
425.22 2.13880603538e-223
425.23 8.3733462767e-224
425.24 3.27529494482e-224
425.25 1.28004574599e-224
425.26 4.99832255526e-225
425.27 1.95005463684e-225
425.28 7.60138960978e-226
425.29 2.96048536601e-226
425.3 1.15201081684e-226
425.31 4.47892621173e-227
425.32 1.73986267346e-227
425.33 6.75273562009e-228
425.34 2.61859440162e-228
425.35 1.01456630752e-228
425.36 3.92750140563e-229
425.37 1.51906366194e-229
425.38 5.87028671225e-230
425.39 2.26655553236e-230
425.4 8.7437378307e-231
425.41 3.37016840821e-231
425.42 1.2978658091e-231
425.43 4.9938062941e-232
425.44 1.91980582799e-232
425.45 7.37405939904e-233
425.46 2.82995591365e-233
425.47 1.08511663367e-233
425.48 4.15716138117e-234
425.49 1.59125968531e-234
425.5 6.08567770269e-235
425.51 2.32541542702e-235
425.52 8.87801475912e-236
425.53 3.38652969867e-236
425.54 1.29067716647e-236
425.55 4.91477994978e-237
425.56 1.86988217344e-237
425.57 7.10801142494e-238
425.58 2.69963907529e-238
425.59 1.02444113004e-238
425.6 3.88411446378e-239
425.61 1.47136610047e-239
425.62 5.56894827762e-240
425.63 2.10595620419e-240
425.64 7.95699708089e-241
425.65 3.00381218508e-241
425.66 1.13297431191e-241
425.67 4.26963808913e-242
425.68 1.60762879927e-242
425.69 6.04789445664e-243
425.7 2.2732455105e-243
425.71 8.53713586408e-244
425.72 3.20333055698e-244
425.73 1.20092264068e-244
425.74 4.49833734051e-245
425.75 1.68349845462e-245
425.76 6.29502030913e-246
425.77 2.35182640241e-246
425.78 8.77883931928e-247
425.79 3.27410536268e-247
425.8 1.22003394635e-247
425.81 4.54229034179e-248
425.82 1.68966877843e-248
425.83 6.27988918651e-249
425.84 2.33198683272e-249
425.85 8.65214760712e-250
425.86 3.20734338228e-250
425.87 1.1879296156e-250
425.88 4.39602013754e-251
425.89 1.6253704106e-251
425.9 6.00438785547e-252
425.91 2.21619943068e-252
425.92 8.17283352215e-253
425.93 3.0113426745e-253
425.94 1.10859117565e-253
425.95 4.07761641053e-254
425.96 1.49852858622e-254
425.97 5.50233981521e-255
425.98 2.0186150033e-255
425.99 7.39917498102e-256
426.0 2.70979733672e-256
426.01 9.91548673229e-257
426.02 3.62505814061e-257
426.03 1.32415744776e-257
426.04 4.83267946949e-258
426.05 1.76221976275e-258
426.06 6.42030789964e-259
426.07 2.33708957019e-259
426.08 8.49999305689e-260
426.09 3.08876947837e-260
426.1 1.12144024072e-260
426.11 4.06808938776e-261
426.12 1.47444491077e-261
426.13 5.33937381102e-262
426.14 1.93186073573e-262
426.15 6.98369102565e-263
426.16 2.52242307511e-263
426.17 9.1027906955e-264
426.18 3.28212332598e-264
426.19 1.18238509634e-264
426.2 4.255853901e-265
426.21 1.53051710257e-265
426.22 5.49937551476e-266
426.23 1.97429605157e-266
426.24 7.08165704666e-267
426.25 2.53793921925e-267
426.26 9.08764295783e-268
426.27 3.25120988803e-268
426.28 1.16215076093e-268
426.29 4.15053085939e-269
426.3 1.48104596071e-269
426.31 5.28028224492e-270
426.32 1.88091621813e-270
426.33 6.69430472354e-271
426.34 2.38048372331e-271
426.35 8.45762972167e-272
426.36 3.00231206491e-272
426.37 1.06484576459e-272
426.38 3.77347343285e-273
426.39 1.33604042229e-273
426.4 4.72630355939e-274
426.41 1.67050330144e-274
426.42 5.89924967323e-275
426.43 2.08146891061e-275
426.44 7.33781557838e-276
426.45 2.58456446418e-276
426.46 9.09560638156e-277
426.47 3.1981561113e-277
426.48 1.12354733257e-277
426.49 3.94372659729e-278
426.5 1.38307565957e-278
426.51 4.8462832062e-279
426.52 1.69666208048e-279
426.53 5.93479374277e-280
426.54 2.07414741255e-280
426.55 7.24264703185e-281
426.56 2.52684576754e-281
426.57 8.8081329431e-282
426.58 3.06769868293e-282
426.59 1.06749352967e-282
426.6 3.71143206321e-283
426.61 1.2892629186e-283
426.62 4.47471294944e-284
426.63 1.55171722919e-284
426.64 5.37630249697e-285
426.65 1.86113776981e-285
426.66 6.43720087671e-286
426.67 2.22453535909e-286
426.68 7.68077914154e-287
426.69 2.64968931119e-287
426.7 9.13289243856e-288
426.71 3.14517955832e-288
426.72 1.08219683236e-288
426.73 3.72040984502e-289
426.74 1.27790633767e-289
426.75 4.38561976577e-290
426.76 1.50378808554e-290
426.77 5.15188329173e-291
426.78 1.76347417972e-291
426.79 6.03109135337e-292
426.8 2.06085018176e-292
426.81 7.03591602577e-293
426.82 2.40004058952e-293
426.83 8.17975391296e-294
426.84 2.78538737166e-294
426.85 9.47664645847e-295
426.86 3.22142087037e-295
426.87 1.09411751294e-295
426.88 3.71282246965e-296
426.89 1.25883297404e-296
426.9 4.26437854339e-297
426.91 1.44333486043e-297
426.92 4.88092534741e-298
426.93 1.64915297261e-298
426.94 5.5672847031e-299
426.95 1.87780128858e-299
426.96 6.32819053626e-300
426.97 2.13075331892e-300
426.98 7.16820658047e-301
426.99 2.40941474867e-301
427.0 8.09163582696e-302
427.01 2.71509359562e-302
427.02 9.10242259607e-303
427.03 3.04896821004e-303
427.04 1.02040484129e-303
427.05 3.41205353928e-304
427.06 1.13994231836e-304
427.07 3.80516617989e-305
427.08 1.26907734789e-305
427.09 4.22888883596e-306
427.1 1.4079530026e-306
427.11 4.68353489229e-307
427.12 1.55662167816e-307
427.13 5.16911389105e-308
427.14 1.71503441912e-308
427.15 5.68529876659e-309
427.16 1.88303094191e-309
427.17 6.23139574157e-310
427.18 2.06033064621e-310
427.19 6.80631781529e-311
427.2 2.24652491016e-311
427.21 7.40856277853e-312
427.22 2.44107096258e-312
427.23 8.03619666566e-313
427.24 2.6432876131e-313
427.25 8.68684350332e-314
427.26 2.85235310016e-314
427.27 9.3576821357e-315
427.28 3.06730528863e-315
427.29 1.00454507634e-315
427.3 3.28704438379e-316
427.31 1.07464599057e-316
427.32 3.51033838996e-317
427.33 1.14566115847e-317
427.34 3.73583291512e-318
427.35 1.2171455405e-318
427.36 3.96206063369e-319
427.37 1.28862201748e-319
427.38 4.1872063485e-320
427.39 1.35966865736e-320
427.4 4.41200621736e-321
427.41 1.42784971648e-321
427.42 4.64421707091e-322
427.43 1.48219693752e-322
427.44 4.94065645841e-323
427.45 1.48219693752e-323
427.46 4.94065645841e-324
427.47 0.0
427.48 0.0
427.49 0.0
427.5 0.0
427.51 0.0
427.52 0.0
427.53 0.0
427.54 0.0
427.55 0.0
427.56 0.0
427.57 0.0
427.58 0.0
427.59 0.0
427.6 0.0
427.61 0.0
427.62 0.0
427.63 0.0
427.64 0.0
427.65 0.0
427.66 0.0
427.67 0.0
427.68 0.0
427.69 0.0
427.7 0.0
427.71 0.0
427.72 0.0
427.73 0.0
427.74 0.0
427.75 0.0
427.76 0.0
427.77 0.0
427.78 0.0
427.79 0.0
427.8 0.0
427.81 0.0
427.82 0.0
427.83 0.0
427.84 0.0
427.85 0.0
427.86 0.0
427.87 0.0
427.88 0.0
427.89 0.0
427.9 0.0
427.91 0.0
427.92 0.0
427.93 0.0
427.94 0.0
427.95 0.0
427.96 0.0
427.97 0.0
427.98 0.0
427.99 0.0
428.0 0.0
428.01 0.0
428.02 0.0
428.03 0.0
428.04 0.0
428.05 0.0
428.06 0.0
428.07 0.0
428.08 0.0
428.09 0.0
428.1 0.0
428.11 0.0
428.12 0.0
428.13 0.0
428.14 0.0
428.15 0.0
428.16 0.0
428.17 0.0
428.18 0.0
428.19 0.0
428.2 0.0
428.21 0.0
428.22 0.0
428.23 0.0
428.24 0.0
428.25 0.0
428.26 0.0
428.27 0.0
428.28 0.0
428.29 0.0
428.3 0.0
428.31 0.0
428.32 0.0
428.33 0.0
428.34 0.0
428.35 0.0
428.36 0.0
428.37 0.0
428.38 0.0
428.39 0.0
428.4 0.0
428.41 0.0
428.42 0.0
428.43 0.0
428.44 0.0
428.45 0.0
428.46 0.0
428.47 0.0
428.48 0.0
428.49 0.0
428.5 0.0
428.51 0.0
428.52 0.0
428.53 0.0
428.54 0.0
428.55 0.0
428.56 0.0
428.57 0.0
428.58 0.0
428.59 0.0
428.6 0.0
428.61 0.0
428.62 0.0
428.63 0.0
428.64 0.0
428.65 0.0
428.66 0.0
428.67 0.0
428.68 0.0
428.69 0.0
428.7 0.0
428.71 0.0
428.72 0.0
428.73 0.0
428.74 0.0
428.75 0.0
428.76 0.0
428.77 0.0
428.78 0.0
428.79 0.0
428.8 0.0
428.81 0.0
428.82 0.0
428.83 0.0
428.84 0.0
428.85 0.0
428.86 0.0
428.87 0.0
428.88 0.0
428.89 0.0
428.9 0.0
428.91 0.0
428.92 0.0
428.93 0.0
428.94 0.0
428.95 0.0
428.96 0.0
428.97 0.0
428.98 0.0
428.99 0.0
429.0 0.0
429.01 0.0
429.02 0.0
429.03 0.0
429.04 0.0
429.05 0.0
429.06 0.0
429.07 0.0
429.08 0.0
429.09 0.0
429.1 0.0
429.11 0.0
429.12 0.0
429.13 0.0
429.14 0.0
429.15 0.0
429.16 0.0
429.17 0.0
429.18 0.0
429.19 0.0
429.2 0.0
429.21 0.0
429.22 0.0
429.23 0.0
429.24 0.0
429.25 0.0
429.26 0.0
429.27 0.0
429.28 0.0
429.29 0.0
429.3 0.0
429.31 0.0
429.32 0.0
429.33 0.0
429.34 0.0
429.35 0.0
429.36 0.0
429.37 0.0
429.38 0.0
429.39 0.0
429.4 0.0
429.41 0.0
429.42 0.0
429.43 0.0
429.44 0.0
429.45 0.0
429.46 0.0
429.47 0.0
429.48 0.0
429.49 0.0
429.5 0.0
429.51 0.0
429.52 0.0
429.53 0.0
429.54 0.0
429.55 0.0
429.56 0.0
429.57 0.0
429.58 0.0
429.59 0.0
429.6 0.0
429.61 0.0
429.62 0.0
429.63 0.0
429.64 0.0
429.65 0.0
429.66 0.0
429.67 0.0
429.68 0.0
429.69 0.0
429.7 0.0
429.71 0.0
429.72 0.0
429.73 0.0
429.74 0.0
429.75 0.0
429.76 0.0
429.77 0.0
429.78 0.0
429.79 0.0
429.8 0.0
429.81 0.0
429.82 0.0
429.83 0.0
429.84 0.0
429.85 0.0
429.86 0.0
429.87 0.0
429.88 0.0
429.89 0.0
429.9 0.0
429.91 0.0
429.92 0.0
429.93 0.0
429.94 0.0
429.95 0.0
429.96 0.0
429.97 0.0
429.98 0.0
429.99 0.0
