400.0 3.41912244059e-75
400.01 5.83734713273e-75
400.02 9.9572657944e-75
400.03 1.69702559399e-74
400.04 2.88975082829e-74
400.05 4.91650079841e-74
400.06 8.35748380446e-74
400.07 1.41944538067e-73
400.08 2.4087156839e-73
400.09 4.08390948246e-73
400.1 6.91815658052e-73
400.11 1.17092311512e-72
400.12 1.9801134974e-72
400.13 3.34561144629e-72
400.14 5.64786920976e-72
400.15 9.52615126153e-72
400.16 1.60536587827e-71
400.17 2.70305134383e-71
400.18 4.54734887525e-71
400.19 7.64338907112e-71
400.2 1.28362264989e-70
400.21 2.15383529241e-70
400.22 3.61086555709e-70
400.23 6.04830747289e-70
400.24 1.01223212352e-69
400.25 1.6925834222e-69
400.26 2.82776791616e-69
400.27 4.72020819903e-69
400.28 7.87231130601e-69
400.29 1.31179833989e-68
400.3 2.18401494928e-68
400.31 3.6330205046e-68
400.32 6.03814869596e-68
400.33 1.00268258287e-67
400.34 1.66359210589e-67
400.35 2.75774396701e-67
400.36 4.56756512163e-67
400.37 7.55856348832e-67
400.38 1.24973374044e-66
400.39 2.06452163044e-66
400.4 3.40757240225e-66
400.41 5.61945838764e-66
400.42 9.25907366672e-66
400.43 1.52427852751e-65
400.44 2.50717608528e-65
400.45 4.12030204652e-65
400.46 6.76545459701e-65
400.47 1.10991220275e-64
400.48 1.81929858223e-64
400.49 2.97949765841e-64
400.5 4.87535032891e-64
400.51 7.97062396648e-64
400.52 1.30197464159e-63
400.53 2.12488995269e-63
400.54 3.46492686994e-63
400.55 5.64514907786e-63
400.56 9.18925853261e-63
400.57 1.49454583174e-62
400.58 2.42863202536e-62
400.59 3.94310107826e-62
400.6 6.39643240725e-62
400.61 1.03671989384e-61
400.62 1.67883789004e-61
400.63 2.71631295409e-61
400.64 4.39111245855e-61
400.65 7.092396833e-61
400.66 1.14455115291e-60
400.67 1.84544497131e-60
400.68 2.97297121734e-60
400.69 4.78524328073e-60
400.7 7.6955745923e-60
400.71 1.23652184891e-59
400.72 1.98511764468e-59
400.73 3.18415658883e-59
400.74 5.10300856328e-59
400.75 8.17112566501e-59
400.76 1.30725765806e-58
400.77 2.08960506452e-58
400.78 3.33726690923e-58
400.79 5.32526696687e-58
400.8 8.49015345194e-58
400.81 1.3524256761e-57
400.82 2.1524594938e-57
400.83 3.42279020079e-57
400.84 5.43812624004e-57
400.85 8.63260764652e-57
400.86 1.3691733354e-56
400.87 2.16969443593e-56
400.88 3.43528228908e-56
400.89 5.43437993341e-56
400.9 8.58936934752e-56
400.91 1.35642651501e-55
400.92 2.1402030358e-55
400.93 3.37394029725e-55
400.94 5.31426887211e-55
400.95 8.36321701086e-55
400.96 1.31500353786e-54
400.97 2.06587570772e-54
400.98 3.24268803451e-54
400.99 5.08545553835e-54
401.0 7.96853100563e-54
401.01 1.24752823728e-53
401.02 1.95139961353e-53
401.03 3.0497606552e-53
401.04 4.76221515195e-53
401.05 7.42978044347e-53
401.06 1.15815493039e-52
401.07 1.80376955769e-52
401.08 2.80684970258e-52
401.09 4.36396215782e-52
401.1 6.77901361497e-52
401.11 1.05214537112e-51
401.12 1.63158124354e-51
401.13 2.52793190872e-51
401.14 3.91332351012e-51
401.15 6.05270969969e-51
401.16 9.35357536817e-51
401.17 1.4442060758e-50
401.18 2.22794465394e-50
401.19 3.4340241161e-50
401.2 5.2884206943e-50
401.21 8.13715078577e-50
401.22 1.25095717975e-49
401.23 1.92148163004e-49
401.24 2.94885719997e-49
401.25 4.52162935736e-49
401.26 6.92723450986e-49
401.27 1.06034827206e-48
401.28 1.62166404692e-48
401.29 2.47797520307e-48
401.3 3.78317765961e-48
401.31 5.7708558902e-48
401.32 8.79523473066e-48
401.33 1.33930149125e-47
401.34 2.03766592379e-47
401.35 3.09750007512e-47
401.36 4.70449900405e-47
401.37 7.13902904336e-47
401.38 1.08240210738e-46
401.39 1.63969027926e-46
401.4 2.48175398195e-46
401.41 3.75300674767e-46
401.42 5.67053030298e-46
401.43 8.56035387974e-46
401.44 1.29117014012e-45
401.45 1.94580332778e-45
401.46 2.92980099529e-45
401.47 4.40758823461e-45
401.48 6.6250265113e-45
401.49 9.94942398836e-45
401.5 1.49290429976e-44
401.51 2.23815269205e-44
401.52 3.35251837771e-44
401.53 5.01737238486e-44
401.54 7.50248637887e-44
401.55 1.12087661513e-43
401.56 1.67314705767e-43
401.57 2.49536530228e-43
401.58 3.71841503544e-43
401.59 5.53611758027e-43
401.6 8.23524380281e-43
401.61 1.22397156606e-42
401.62 1.81756482534e-42
401.63 2.6966973127e-42
401.64 3.99758961176e-42
401.65 5.92090272215e-42
401.66 8.76196181922e-42
401.67 1.29550322784e-41
401.68 1.91381235936e-41
401.69 2.82477540323e-41
401.7 4.16574041269e-41
401.71 6.13796201582e-41
401.72 9.03607656303e-41
401.73 1.32910508665e-40
401.74 1.95327076823e-40
401.75 2.86806700786e-40
401.76 4.20765234503e-40
401.77 6.16757042685e-40
401.78 9.03258584851e-40
401.79 1.32170274208e-39
401.8 1.9323206569e-39
401.81 2.82259335444e-39
401.82 4.11946811075e-39
401.83 6.00700078067e-39
401.84 8.75181127659e-39
401.85 1.27397795238e-38
401.86 1.85288980922e-38
401.87 2.69253269674e-38
401.88 3.90927382353e-38
401.89 5.67093813605e-38
401.9 8.21934935836e-38
401.91 1.1902650552e-37
401.92 1.7221605601e-37
401.93 2.48958699813e-37
401.94 3.59587584056e-37
401.95 5.18926418367e-37
401.96 7.48222194833e-37
401.97 1.077901571e-36
401.98 1.5514984126e-36
401.99 2.23124509515e-36
402.0 3.20602522058e-36
402.01 4.60267492264e-36
402.02 6.60202832643e-36
402.03 9.46167827302e-36
402.04 1.35482337905e-35
402.05 1.93829957492e-35
402.06 2.77065742514e-35
402.07 3.95702208784e-35
402.08 5.6464804683e-35
402.09 8.05027837727e-35
402.1 1.14674717574e-34
402.11 1.63210529013e-34
402.12 2.32087835497e-34
402.13 3.29746577398e-34
402.14 4.68092763577e-34
402.15 6.63907034876e-34
402.16 9.40819534738e-34
402.17 1.33207627884e-33
402.18 1.88441075998e-33
402.19 2.66345748419e-33
402.2 3.76131472766e-33
402.21 5.30710026668e-33
402.22 7.48167129386e-33
402.23 1.05381327939e-32
402.24 1.48303849046e-32
402.25 2.08528246404e-32
402.26 2.92955106048e-32
402.27 4.11207441415e-32
402.28 5.76692855543e-32
402.29 8.08075406693e-32
402.3 1.13131337162e-31
402.31 1.58247793668e-31
402.32 2.21164857328e-31
402.33 3.08829151289e-31
402.34 4.30867928569e-31
402.35 6.00611664221e-31
402.36 8.36502162608e-31
402.37 1.16402976722e-30
402.38 1.61839607829e-30
402.39 2.24817058275e-30
402.4 3.12030765608e-30
402.41 4.32702381145e-30
402.42 5.99521643125e-30
402.43 8.29935151793e-30
402.44 1.14790821889e-29
402.45 1.58633126503e-29
402.46 2.19030358894e-29
402.47 3.02161034169e-29
402.48 4.1648207468e-29
402.49 5.73558714418e-29
402.5 7.89192889379e-29
402.51 1.08495607793e-28
402.52 1.49026967097e-28
402.53 2.04522588917e-28
402.54 2.80440938958e-28
402.55 3.84206984836e-28
402.56 5.25911674947e-28
402.57 7.19256972289e-28
402.58 9.82831486986e-28
402.59 1.34183079604e-27
402.6 1.8303753611e-27
402.61 2.49463079727e-27
402.62 3.39700440959e-27
402.63 4.6217840998e-27
402.64 6.28270850082e-27
402.65 8.53312050399e-27
402.66 1.15795733957e-26
402.67 1.570004703e-26
402.68 2.12683138e-26
402.69 2.87865008945e-26
402.7 3.89285662712e-26
402.71 5.25982933204e-26
402.72 7.10065821536e-26
402.73 9.57743641392e-26
402.74 1.29069509142e-25
402.75 1.73788787018e-25
402.76 2.3379948927e-25
402.77 3.14259978699e-25
402.78 4.22044561074e-25
402.79 5.66306115377e-25
402.8 7.59220467613e-25
402.81 1.01697031507e-24
402.82 1.36104460177e-24
402.83 1.8199529098e-24
402.84 2.43148534963e-24
402.85 3.24568879209e-24
402.86 4.32878291646e-24
402.87 5.76830812056e-24
402.88 7.6798865906e-24
402.89 1.02160938873e-23
402.9 1.35780891774e-23
402.91 1.80308479202e-23
402.92 2.39230945417e-23
402.93 3.17133612936e-23
402.94 4.20040248236e-23
402.95 5.55857218868e-23
402.96 7.34952559002e-23
402.97 9.70910225653e-23
402.98 1.28151164323e-22
402.99 1.69001185104e-22
403.0 2.22679714749e-22
403.01 2.93153629194e-22
403.02 3.8559696442e-22
403.03 5.06752208456e-22
403.04 6.65397869985e-22
403.05 8.72953026647e-22
403.06 1.14425826056e-21
403.07 1.49858351236e-21
403.08 1.96092758713e-21
403.09 2.56369215944e-21
403.1 3.34883620654e-21
403.11 4.37064618105e-21
403.12 5.69929460094e-21
403.13 7.42540720979e-21
403.14 9.66591911668e-21
403.15 1.25715767327e-20
403.16 1.63365391109e-20
403.17 2.1210654786e-20
403.18 2.75151450752e-20
403.19 3.56626203962e-20
403.2 4.61826029656e-20
403.21 5.97540403516e-20
403.22 7.72466861393e-20
403.23 9.97737168604e-20
403.24 1.28758573817e-19
403.25 1.66019796234e-19
403.26 2.13878587796e-19
403.27 2.75295081192e-19
403.28 3.54040795693e-19
403.29 4.54916696806e-19
403.3 5.8402865824e-19
403.31 7.49135110937e-19
403.32 9.60085385214e-19
403.33 1.22937188732e-18
403.34 1.57282501972e-18
403.35 2.01048692478e-18
403.36 2.56770903612e-18
403.37 3.27652946929e-18
403.38 4.17739997517e-18
403.39 5.32134913187e-18
403.4 6.77268941858e-18
403.41 8.61240172334e-18
403.42 1.09423628175e-17
403.43 1.38906207662e-17
403.44 1.76179718239e-17
403.45 2.23261521497e-17
403.46 2.82680311724e-17
403.47 3.57602836991e-17
403.48 4.51991285975e-17
403.49 5.70798576082e-17
403.5 7.20210440077e-17
403.51 9.07945240903e-17
403.52 1.14362492755e-16
403.53 1.43923357589e-16
403.54 1.80968365402e-16
403.55 2.27351465332e-16
403.56 2.8537542036e-16
403.57 3.57897844894e-16
403.58 4.4846165449e-16
403.59 5.61455394438e-16
403.6 7.02310102159e-16
403.61 8.77740796721e-16
403.62 1.09604242796e-15
403.63 1.36745221848e-15
403.64 1.70459286686e-15
403.65 2.1230141356e-15
403.66 2.64185402691e-15
403.67 3.28464517433e-15
403.68 4.08029739556e-15
403.69 5.06429373389e-15
403.7 6.28014496719e-15
403.71 7.78115672826e-15
403.72 9.63257434461e-15
403.73 1.19141836097e-14
403.74 1.47234613411e-14
403.75 1.81793882381e-14
403.76 2.24270587722e-14
403.77 2.7643249292e-14
403.78 3.40431369563e-14
403.79 4.18883994304e-14
403.8 5.14969695515e-14
403.81 6.32547716092e-14
403.82 7.76298279548e-14
403.83 9.51891980205e-14
403.84 1.16619298464e-13
403.85 1.42750255339e-13
403.86 1.74585059578e-13
403.87 2.1333443877e-13
403.88 2.60458524754e-13
403.89 3.17716592121e-13
403.9 3.87226372093e-13
403.91 4.71534714967e-13
403.92 5.73701688758e-13
403.93 6.97400569235e-13
403.94 8.47036605654e-13
403.95 1.02788794691e-12
403.96 1.24627269572e-12
403.97 1.50974673663e-12
403.98 1.8273377716e-12
403.99 2.20982191187e-12
404.0 2.67005023495e-12
404.01 3.22333394402e-12
404.02 3.88789818672e-12
404.03 4.68541623155e-12
404.04 5.64163759278e-12
404.05 6.78712587628e-12
404.06 8.15812462976e-12
404.07 9.79757236718e-12
404.08 1.17562912515e-11
404.09 1.40943777197e-11
404.1 1.68828276886e-11
404.11 2.02054339551e-11
404.12 2.4160999098e-11
404.13 2.8865913673e-11
404.14 3.44571568908e-11
404.15 4.10957853842e-11
404.16 4.89709852339e-11
404.17 5.8304773281e-11
404.18 6.93574460618e-11
404.19 8.24338886325e-11
404.2 9.7890871303e-11
404.21 1.16145480084e-10
404.22 1.37684846701e-10
404.23 1.63077366597e-10
404.24 1.92985618752e-10
404.25 2.28181229605e-10
404.26 2.69561955359e-10
404.27 3.18171292687e-10
404.28 3.75220967873e-10
404.29 4.42116699039e-10
404.3 5.20487675896e-10
404.31 6.12220256803e-10
404.32 7.19496444498e-10
404.33 8.44837770115e-10
404.34 9.91155290766e-10
404.35 1.16180648963e-09
404.36 1.36065995991e-09
404.37 1.59216885579e-09
404.38 1.86145420579e-09
404.39 2.17439930694e-09
404.4 2.53775655343e-09
404.41 2.95926820125e-09
404.42 3.44780273208e-09
404.43 4.01350865614e-09
404.44 4.6679877857e-09
404.45 5.42449021985e-09
404.46 6.29813350746e-09
404.47 7.30614870068e-09
404.48 8.4681562758e-09
404.49 9.80647518416e-09
404.5 1.13464686027e-08
404.51 1.31169302834e-08
404.52 1.51505157534e-08
404.53 1.74842229958e-08
404.54 2.01599276402e-08
404.55 2.32249781212e-08
404.56 2.67328567151e-08
404.57 3.07439128397e-08
404.58 3.53261755109e-08
404.59 4.05562523724e-08
404.6 4.65203232732e-08
404.61 5.33152369413e-08
404.62 6.1049719903e-08
404.63 6.98457074155e-08
404.64 7.98398068234e-08
404.65 9.11849043991e-08
404.66 1.040519274e-07
404.67 1.18631773747e-07
404.68 1.35137422421e-07
404.69 1.53806238341e-07
404.7 1.74902486171e-07
404.71 1.98720068186e-07
404.72 2.25585501922e-07
404.73 2.55861154014e-07
404.74 2.89948747157e-07
404.75 3.28293157689e-07
404.76 3.71386521762e-07
404.77 4.19772668466e-07
404.78 4.74051898633e-07
404.79 5.34886128232e-07
404.8 6.03004415448e-07
404.81 6.7920889048e-07
404.82 7.64381107003e-07
404.83 8.59488833922e-07
404.84 9.65593305559e-07
404.85 1.08385694778e-06
404.86 1.21555159669e-06
404.87 1.36206722537e-06
404.88 1.52492119283e-06
404.89 1.70576802775e-06
404.9 1.90640975749e-06
404.91 2.12880679091e-06
404.92 2.37508936071e-06
404.93 2.6475695283e-06
404.94 2.94875375075e-06
404.95 3.28135600606e-06
404.96 3.64831146853e-06
404.97 4.05279072197e-06
404.98 4.49821449332e-06
404.99 4.98826888434e-06
405.0 5.52692107287e-06
405.01 6.11843544958e-06
405.02 6.76739014916e-06
405.03 7.47869392811e-06
405.04 8.25760333405e-06
405.05 9.10974010354e-06
405.06 1.00411087174e-05
405.07 1.10581140344e-05
405.08 1.21675789139e-05
405.09 1.33767617329e-05
405.1 1.46933736877e-05
405.11 1.61255957671e-05
405.12 1.76820952716e-05
405.13 1.93720417418e-05
405.14 2.12051221552e-05
405.15 2.31915552353e-05
405.16 2.53421047119e-05
405.17 2.76680913604e-05
405.18 3.01814036411e-05
405.19 3.28945067512e-05
405.2 3.5820449893e-05
405.21 3.89728715592e-05
405.22 4.23660026271e-05
405.23 4.60146670498e-05
405.24 4.99342799309e-05
405.25 5.41408427636e-05
405.26 5.86509356167e-05
405.27 6.34817060508e-05
405.28 6.86508545466e-05
405.29 7.41766162374e-05
405.3 8.00777387365e-05
405.31 8.63734558646e-05
405.32 9.3083457087e-05
405.33 0.000100227852486
405.34 0.000107827133104
405.35 0.000115902126517
405.36 0.000124473947505
405.37 0.000133563943721
405.38 0.000143193636269
405.39 0.000153384655139
405.4 0.000164158669476
405.41 0.000175537312675
405.42 0.000187542102341
405.43 0.000200194355191
405.44 0.000213515096994
405.45 0.000227524967695
405.46 0.000242244121919
405.47 0.000257692125065
405.48 0.000273887845268
405.49 0.000290849341542
405.5 0.00030859374845
405.51 0.000327137157717
405.52 0.00034649449721
405.53 0.000366679407792
405.54 0.000387704118567
405.55 0.000409579321096
405.56 0.000432314043189
405.57 0.000455915522932
405.58 0.000480389083632
405.59 0.000505738010391
405.6 0.000531963429069
405.61 0.000559064188399
405.62 0.000587036746063
405.63 0.00061587505952
405.64 0.000645570482436
405.65 0.000676111667528
405.66 0.000707484476664
405.67 0.00073967189905
405.68 0.000772653978312
405.69 0.000806407749291
405.7 0.000840907185315
405.71 0.000876123156703
405.72 0.00091202340122
405.73 0.00094857250714
405.74 0.000985731909558
405.75 0.00102345990049
405.76 0.00106171165328
405.77 0.0011004392618
405.78 0.00113959179463
405.79 0.00117911536479
405.8 0.00121895321495
405.81 0.00125904581833
405.82 0.00129933099543
405.83 0.00133974404629
405.84 0.00138021789832
405.85 0.00142068326922
405.86 0.0014610688449
405.87 0.00150130147158
405.88 0.00154130636183
405.89 0.00158100731364
405.9 0.00162032694191
405.91 0.00165918692135
405.92 0.00169750824001
405.93 0.00173521146229
405.94 0.00177221700033
405.95 0.00180844539263
405.96 0.00184381758865
405.97 0.00187825523799
405.98 0.00191168098299
405.99 0.00194401875308
406.0 0.00197519405972
406.01 0.00200513429025
406.02 0.00203376899944
406.03 0.00206103019696
406.04 0.00208685262973
406.05 0.00211117405732
406.06 0.0021339355193
406.07 0.00215508159318
406.08 0.00217456064141
406.09 0.00219232504665
406.1 0.00220833143372
406.11 0.00222254087764
406.12 0.00223491909639
406.13 0.00224543662795
406.14 0.00225406899062
406.15 0.00226079682617
406.16 0.00226560602536
406.17 0.00226848783543
406.18 0.00226943894951
406.19 0.0022684615778
406.2 0.00226556350073
406.21 0.00226075810429
406.22 0.00225406439805
406.23 0.00224550701635
406.24 0.00223511620346
406.25 0.0022229277835
406.26 0.00220898311623
406.27 0.00219332903979
406.28 0.00217601780166
406.29 0.00215710697932
406.3 0.00213665939205
406.31 0.00211474300552
406.32 0.00209143083097
406.33 0.0020668008206
406.34 0.00204093576125
406.35 0.00201392316818
406.36 0.00198585518096
406.37 0.00195682846353
406.38 0.00192694411035
406.39 0.00189630756083
406.4 0.00186502852387
406.41 0.0018332209147
406.42 0.00180100280582
406.43 0.00176849639393
406.44 0.00173582798474
406.45 0.00170312799736
406.46 0.0016705309897
406.47 0.00163817570666
406.48 0.00160620515216
406.49 0.00157476668636
406.5 0.001544012149
406.51 0.00151409800976
406.52 0.00148518554614
406.53 0.00145744104938
406.54 0.00143103605863
406.55 0.00140614762315
406.56 0.00138295859243
406.57 0.00136165793356
406.58 0.00134244107511
406.59 0.00132551027629
406.6 0.00131107502017
406.61 0.00129935242912
406.62 0.00129056770073
406.63 0.00128495456164
406.64 0.00128275573703
406.65 0.0012842234327
406.66 0.00128961982671
406.67 0.00129921756698
406.68 0.00131330027133
406.69 0.00133216302566
406.7 0.00135611287621
406.71 0.00138546931117
406.72 0.00142056472686
406.73 0.00146174487343
406.74 0.00150936927474
406.75 0.00156381161702
406.76 0.00162546010045
406.77 0.00169471774804
406.78 0.00177200266564
406.79 0.00185774824714
406.8 0.00195240331852
406.81 0.00205643221482
406.82 0.00217031478347
406.83 0.00229454630815
406.84 0.00242963734672
406.85 0.00257611347755
406.86 0.00273451494807
406.87 0.00290539622023
406.88 0.00308932540708
406.89 0.00328688359575
406.9 0.00349866405178
406.91 0.00372527130052
406.92 0.00396732008176
406.93 0.00422543417402
406.94 0.00450024508573
406.95 0.00479239061092
406.96 0.00510251324793
406.97 0.00543125848009
406.98 0.00577927291813
406.99 0.00614720230516
407.0 0.00653568938525
407.01 0.00694537163837
407.02 0.00737687888441
407.03 0.00783083076073
407.04 0.00830783407819
407.05 0.00880848006172
407.06 0.00933334148242
407.07 0.00988296968938
407.08 0.0104578915501
407.09 0.0110586063095
407.1 0.0116855823791
407.11 0.0123392540673
407.12 0.0130200182649
407.13 0.0137282310988
407.14 0.0144642045691
407.15 0.0152282031845
407.16 0.0160204406136
407.17 0.0168410763674
407.18 0.0176902125316
407.19 0.0185678905667
407.2 0.0194740881944
407.21 0.0204087163889
407.22 0.0213716164932
407.23 0.0223625574782
407.24 0.0233812333655
407.25 0.0244272608327
407.26 0.0255001770192
407.27 0.0265994375528
407.28 0.0277244148143
407.29 0.0288743964589
407.3 0.0300485842091
407.31 0.0312460929384
407.32 0.0324659500583
407.33 0.0337070952238
407.34 0.0349683803705
407.35 0.0362485700938
407.36 0.0375463423816
407.37 0.0388602897078
407.38 0.0401889204942
407.39 0.0415306609461
407.4 0.042883857264
407.41 0.0442467782342
407.42 0.0456176181963
407.43 0.0469945003873
407.44 0.048375480655
407.45 0.0497585515366
407.46 0.0511416466929
407.47 0.0525226456877
407.48 0.0538993790993
407.49 0.0552696339497
407.5 0.0566311594362
407.51 0.0579816729438
407.52 0.0593188663216
407.53 0.0606404123986
407.54 0.0619439717165
407.55 0.0632271994536
407.56 0.0644877525132
407.57 0.0657232967493
407.58 0.0669315142991
407.59 0.0681101109935
407.6 0.0692568238142
407.61 0.0703694283654
407.62 0.0714457463289
407.63 0.0724836528691
407.64 0.0734810839558
407.65 0.0744360435734
407.66 0.0753466107814
407.67 0.0762109465973
407.68 0.0770273006685
407.69 0.0777940177036
407.7 0.0785095436325
407.71 0.0791724314683
407.72 0.0797813468411
407.73 0.0803350731806
407.74 0.0808325165211
407.75 0.081272709907
407.76 0.081654817377
407.77 0.0819781375099
407.78 0.0822421065124
407.79 0.0824463008366
407.8 0.082590439312
407.81 0.0826743847841
407.82 0.0826981452488
407.83 0.0826618744791
407.84 0.0825658721386
407.85 0.0824105833824
407.86 0.0821965979448
407.87 0.0819246487191
407.88 0.0815956098332
407.89 0.081210494231
407.9 0.0807704507683
407.91 0.080276760836
407.92 0.0797308345252
407.93 0.0791342063491
407.94 0.0784885305411
407.95 0.0777955759482
407.96 0.0770572205405
407.97 0.0762754455599
407.98 0.0754523293324
407.99 0.0745900407681
408.0 0.0736908325763
408.01 0.0727570342215
408.02 0.0717910446502
408.03 0.0707953248141
408.04 0.0697723900211
408.05 0.0687248021426
408.06 0.0676551617056
408.07 0.0665660999004
408.08 0.0654602705322
408.09 0.0643403419469
408.1 0.0632089889586
408.11 0.0620688848078
408.12 0.060922693179
408.13 0.0597730603025
408.14 0.0586226071693
408.15 0.0574739218836
408.16 0.0563295521764
408.17 0.0551919981062
408.18 0.054063704967
408.19 0.052947056427
408.2 0.0518443679172
408.21 0.0507578802889
408.22 0.0496897537591
408.23 0.0486420621599
408.24 0.0476167875067
408.25 0.0466158149004
408.26 0.0456409277766
408.27 0.044693803512
408.28 0.0437760094
408.29 0.0428889990041
408.3 0.0420341088964
408.31 0.0412125557884
408.32 0.0404254340602
408.33 0.0396737136907
408.34 0.0389582385935
408.35 0.0382797253593
408.36 0.0376387624064
408.37 0.0370358095385
408.38 0.0364711979084
408.39 0.0359451303855
408.4 0.0354576823228
408.41 0.0350088027197
408.42 0.0345983157741
408.43 0.0342259228176
408.44 0.0338912046264
408.45 0.0335936240982
408.46 0.0333325292866
408.47 0.0331071567817
408.48 0.0329166354254
408.49 0.0327599903486
408.5 0.0326361473178
408.51 0.0325439373748
408.52 0.0324821017561
408.53 0.0324492970742
408.54 0.0324441007444
408.55 0.032465016639
408.56 0.0325104809496
408.57 0.0325788682383
408.58 0.0326684976571
408.59 0.0327776393141
408.6 0.0329045207653
408.61 0.0330473336088
408.62 0.0332042401584
408.63 0.0333733801741
408.64 0.0335528776237
408.65 0.0337408474529
408.66 0.033935402338
408.67 0.0341346593979
408.68 0.0343367468385
408.69 0.0345398105071
408.7 0.0347420203305
408.71 0.0349415766128
408.72 0.0351367161693
408.73 0.0353257182729
408.74 0.0355069103897
408.75 0.0356786736818
408.76 0.0358394482571
408.77 0.0359877381434
408.78 0.0361221159709
408.79 0.0362412273417
408.8 0.0363437948729
408.81 0.0364286218953
408.82 0.0364945957963
408.83 0.0365406909937
408.84 0.0365659715307
408.85 0.0365695932832
408.86 0.0365508057737
408.87 0.0365089535853
408.88 0.0364434773757
408.89 0.0363539144876
408.9 0.036239899159
408.91 0.0361011623351
408.92 0.0359375310884
408.93 0.0357489276523
408.94 0.0355353680797
408.95 0.0352969605355
408.96 0.0350339032366
408.97 0.0347464820545
408.98 0.034435067795
408.99 0.034100113175
409.0 0.0337421495131
409.01 0.0333617831557
409.02 0.0329596916605
409.03 0.0325366197582
409.04 0.0320933751177
409.05 0.0316308239384
409.06 0.0311498863928
409.07 0.0306515319473
409.08 0.0301367745834
409.09 0.0296066679475
409.1 0.0290623004524
409.11 0.0285047903569
409.12 0.0279352808478
409.13 0.0273549351478
409.14 0.0267649316735
409.15 0.0261664592663
409.16 0.0255607125161
409.17 0.024948887201
409.18 0.0243321758594
409.19 0.0237117635149
409.2 0.02308882357
409.21 0.0224645138827
409.22 0.0218399730419
409.23 0.0212163168512
409.24 0.0205946350347
409.25 0.0199759881706
409.26 0.0193614048625
409.27 0.0187518791524
409.28 0.0181483681808
409.29 0.0175517900957
409.3 0.0169630222107
409.31 0.0163828994142
409.32 0.0158122128242
409.33 0.0152517086886
409.34 0.014702087524
409.35 0.0141640034885
409.36 0.0136380639801
409.37 0.0131248294547
409.38 0.0126248134516
409.39 0.01213848282
409.4 0.0116662581328
409.41 0.011208514278
409.42 0.0107655812163
409.43 0.0103377448908
409.44 0.00992524827778
409.45 0.00952829256466
409.46 0.00914703844318
409.47 0.00878160750362
409.48 0.0084320837178
409.49 0.00809851499775
409.5 0.00778091481747
409.51 0.00747926388538
409.52 0.00719351185544
409.53 0.00692357906549
409.54 0.00666935829156
409.55 0.00643071650773
409.56 0.00620749664142
409.57 0.00599951931485
409.58 0.00580658456382
409.59 0.00562847352575
409.6 0.00546495008965
409.61 0.00531576250119
409.62 0.00518064491686
409.63 0.00505931890203
409.64 0.00495149486803
409.65 0.00485687344451
409.66 0.00477514678365
409.67 0.00470599979358
409.68 0.00464911129903
409.69 0.00460415512776
409.7 0.00457080112187
409.71 0.00454871607377
409.72 0.00453756458689
409.73 0.00453700986196
409.74 0.00454671440983
409.75 0.00456634069252
409.76 0.00459555169426
409.77 0.00463401142499
409.78 0.00468138535869
409.79 0.00473734080951
409.8 0.0048015472488
409.81 0.0048736765663
409.82 0.00495340327898
409.83 0.00504040469127
409.84 0.00513436101029
409.85 0.00523495542016
409.86 0.00534187411906
409.87 0.00545480632327
409.88 0.0055734442421
409.89 0.00569748302762
409.9 0.00582662070343
409.91 0.00596055807617
409.92 0.00609899863377
409.93 0.00624164843439
409.94 0.00638821598951
409.95 0.00653841214508
409.96 0.00669194996405
409.97 0.00684854461378
409.98 0.00700791326145
409.99 0.0071697749806
410.0 0.00733385067174
410.01 0.0074998629996
410.02 0.00766753634969
410.03 0.00783659680631
410.04 0.00800677215431
410.05 0.00817779190618
410.06 0.00834938735633
410.07 0.0085212916638
410.08 0.00869323996448
410.09 0.00886496951386
410.1 0.00903621986059
410.11 0.00920673305146
410.12 0.00937625386753
410.13 0.00954453009138
410.14 0.00971131280464
410.15 0.0098763567152
410.16 0.0100394205127
410.17 0.0102002672513
410.18 0.010358664757
410.19 0.0105143860591
410.2 0.0106672098419
410.21 0.0108169209151
410.22 0.0109633106998
410.23 0.011106177727
410.24 0.0112453281459
410.25 0.0113805762373
410.26 0.01151174493
410.27 0.0116386663158
410.28 0.0117611821585
410.29 0.0118791443941
410.3 0.0119924156174
410.31 0.0121008695511
410.32 0.012204391493
410.33 0.012302878738
410.34 0.0123962409692
410.35 0.0124844006166
410.36 0.0125672931769
410.37 0.0126448674929
410.38 0.0127170859873
410.39 0.0127839248494
410.4 0.0128453741696
410.41 0.0129014380214
410.42 0.0129521344861
410.43 0.0129974956201
410.44 0.0130375673618
410.45 0.0130724093779
410.46 0.0131020948471
410.47 0.013126710182
410.48 0.013146354688
410.49 0.0131611401612
410.5 0.0131711904239
410.51 0.0131766408021
410.52 0.0131776375443
410.53 0.0131743371852
410.54 0.0131669058566
410.55 0.0131555185498
410.56 0.0131403583304
410.57 0.0131216155135
410.58 0.0130994867996
410.59 0.013074174379
410.6 0.0130458850083
410.61 0.0130148290636
410.62 0.0129812195785
410.63 0.0129452712693
410.64 0.0129071995562
410.65 0.0128672195843
410.66 0.0128255452515
410.67 0.0127823882499
410.68 0.0127379571247
410.69 0.012692456359
410.7 0.0126460854884
410.71 0.0125990382517
410.72 0.012551501784
410.73 0.0125036558551
410.74 0.0124556721609
410.75 0.0124077136698
410.76 0.01235993403
410.77 0.0123124770405
410.78 0.0122654761891
410.79 0.0122190542607
410.8 0.0121733230182
410.81 0.0121283829574
410.82 0.0120843231372
410.83 0.0120412210867
410.84 0.0119991427887
410.85 0.0119581427393
410.86 0.011918264083
410.87 0.0118795388227
410.88 0.0118419881008
410.89 0.011805622551
410.9 0.0117704427176
410.91 0.0117364395371
410.92 0.0117035948815
410.93 0.0116718821567
410.94 0.0116412669519
410.95 0.0116117077365
410.96 0.0115831565977
410.97 0.0115555600139
410.98 0.0115288596589
410.99 0.01150299323
411.0 0.011477895295
411.01 0.0114534981512
411.02 0.0114297326905
411.03 0.0114065292649
411.04 0.011383818546
411.05 0.0113615323713
411.06 0.011339604574
411.07 0.0113179717875
411.08 0.0112965742208
411.09 0.0112753563994
411.1 0.011254267865
411.11 0.0112332638315
411.12 0.0112123057909
411.13 0.0111913620647
411.14 0.0111704082995
411.15 0.0111494279001
411.16 0.0111284123991
411.17 0.0111073617601
411.18 0.0110862846118
411.19 0.0110651984116
411.2 0.0110441295376
411.21 0.0110231133079
411.22 0.0110021939267
411.23 0.0109814243582
411.24 0.0109608661276
411.25 0.0109405890513
411.26 0.0109206708973
411.27 0.0109011969777
411.28 0.0108822596758
411.29 0.0108639579103
411.3 0.0108463965401
411.31 0.0108296857127
411.32 0.0108139401606
411.33 0.0107992784492
411.34 0.0107858221813
411.35 0.0107736951627
411.36 0.0107630225337
411.37 0.0107539298717
411.38 0.0107465422712
411.39 0.0107409834047
411.4 0.0107373745732
411.41 0.0107358337488
411.42 0.0107364746176
411.43 0.0107394056283
411.44 0.0107447290512
411.45 0.0107525400554
411.46 0.0107629258077
411.47 0.0107759646013
411.48 0.0107917250177
411.49 0.0108102651291
411.5 0.0108316317443
411.51 0.0108558597053
411.52 0.0108829712384
411.53 0.0109129753629
411.54 0.0109458673645
411.55 0.0109816283342
411.56 0.0110202247781
411.57 0.0110616083001
411.58 0.0111057153607
411.59 0.0111524671144
411.6 0.011201769326
411.61 0.0112535123697
411.62 0.0113075713091
411.63 0.0113638060609
411.64 0.0114220616408
411.65 0.0114821684915
411.66 0.0115439428921
411.67 0.0116071874472
411.68 0.0116716916536
411.69 0.0117372325424
411.7 0.011803575394
411.71 0.0118704745219
411.72 0.0119376741227
411.73 0.0120049091872
411.74 0.0120719064687
411.75 0.012138385504
411.76 0.012204059681
411.77 0.0122686373484
411.78 0.012331822962
411.79 0.0123933182601
411.8 0.0124528234644
411.81 0.0125100384982
411.82 0.0125646642161
411.83 0.0126164036391
411.84 0.012664963189
411.85 0.0127100539142
411.86 0.0127513927023
411.87 0.0127887034716
411.88 0.0128217183371
411.89 0.0128501787427
411.9 0.012873836556
411.91 0.012892455119
411.92 0.0129058102488
411.93 0.0129136911851
411.94 0.0129159014782
411.95 0.0129122598132
411.96 0.0129026007681
411.97 0.0128867755003
411.98 0.0128646523595
411.99 0.0128361174239
412.0 0.0128010749577
412.01 0.0127594477883
412.02 0.0127111776014
412.03 0.0126562251533
412.04 0.0125945704006
412.05 0.0125262125467
412.06 0.0124511700063
412.07 0.0123694802883
412.08 0.0122811997991
412.09 0.0121864035679
412.1 0.0120851848963
412.11 0.0119776549351
412.12 0.0118639421914
412.13 0.011744191968
412.14 0.011618565742
412.15 0.011487240482
412.16 0.0113504079128
412.17 0.0112082737283
412.18 0.0110610567596
412.19 0.0109089881014
412.2 0.0107523102035
412.21 0.0105912759299
412.22 0.010426147593
412.23 0.0102571959663
412.24 0.0100846992811
412.25 0.00990894221278
412.26 0.00973021486081
412.27 0.00954881172761
412.28 0.00936503070133
412.29 0.00917917204669
412.3 0.00899153740859
412.31 0.00880242883255
412.32 0.00861214780612
412.33 0.00842099432498
412.34 0.00822926598739
412.35 0.00803725712014
412.36 0.00784525793914
412.37 0.00765355374741
412.38 0.00746242417292
412.39 0.00727214244841
412.4 0.00708297473527
412.41 0.00689517949288
412.42 0.0067090068949
412.43 0.00652469829348
412.44 0.00634248573216
412.45 0.00616259150796
412.46 0.00598522778286
412.47 0.00581059624471
412.48 0.00563888781717
412.49 0.00547028241831
412.5 0.00530494876703
412.51 0.00514304423642
412.52 0.00498471475293
412.53 0.00483009474006
412.54 0.004679307105
412.55 0.00453246326676
412.56 0.00438966322397
412.57 0.00425099566048
412.58 0.00411653808679
412.59 0.00398635701541
412.6 0.00386050816781
412.61 0.00373903671109
412.62 0.0036219775219
412.63 0.00350935547562
412.64 0.00340118575843
412.65 0.0032974742001
412.66 0.0031982176254
412.67 0.00310340422169
412.68 0.00301301392089
412.69 0.00292701879343
412.7 0.00284538345238
412.71 0.00276806546563
412.72 0.00269501577432
412.73 0.0026261791156
412.74 0.00256149444813
412.75 0.00250089537845
412.76 0.00244431058685
412.77 0.00239166425118
412.78 0.00234287646715
412.79 0.00229786366397
412.8 0.00225653901402
412.81 0.00221881283552
412.82 0.00218459298712
412.83 0.00215378525351
412.84 0.00212629372132
412.85 0.00210202114436
412.86 0.00208086929766
412.87 0.00206273931976
412.88 0.00204753204257
412.89 0.00203514830855
412.9 0.00202548927459
412.91 0.00201845670248
412.92 0.00201395323561
412.93 0.00201188266161
412.94 0.00201215016088
412.95 0.00201466254082
412.96 0.00201932845558
412.97 0.00202605861146
412.98 0.00203476595769
412.99 0.0020453658628
413.0 0.00205777627641
413.01 0.00207191787659
413.02 0.00208771420275
413.03 0.00210509177418
413.04 0.00212398019426
413.05 0.00214431224049
413.06 0.00216602394024
413.07 0.00218905463263
413.08 0.00221334701628
413.09 0.00223884718326
413.1 0.00226550463932
413.11 0.00229327231044
413.12 0.00232210653584
413.13 0.00235196704767
413.14 0.00238281693738
413.15 0.002414622609
413.16 0.00244735371952
413.17 0.0024809831064
413.18 0.00251548670264
413.19 0.00255084343931
413.2 0.00258703513609
413.21 0.0026240463798
413.22 0.00266186439138
413.23 0.00270047888153
413.24 0.00273988189537
413.25 0.00278006764648
413.26 0.00282103234073
413.27 0.0028627739903
413.28 0.00290529221843
413.29 0.00294858805533
413.3 0.00299266372586
413.31 0.00303752242949
413.32 0.00308316811338
413.33 0.00312960523894
413.34 0.00317683854291
413.35 0.00322487279352
413.36 0.00327371254268
413.37 0.00332336187488
413.38 0.00337382415395
413.39 0.00342510176837
413.4 0.00347719587632
413.41 0.00353010615131
413.42 0.00358383052957
413.43 0.00363836496031
413.44 0.0036937031598
413.45 0.00374983637065
413.46 0.00380675312725
413.47 0.0038644390287
413.48 0.00392287652041
413.49 0.00398204468546
413.5 0.00404191904716
413.51 0.00410247138378
413.52 0.0041636695569
413.53 0.00422547735429
413.54 0.00428785434877
413.55 0.00435075577399
413.56 0.00441413241835
413.57 0.00447793053798
413.58 0.00454209179001
413.59 0.00460655318682
413.6 0.00467124707234
413.61 0.00473610112114
413.62 0.00480103836096
413.63 0.00486597721947
413.64 0.00493083159561
413.65 0.00499551095607
413.66 0.00505992045711
413.67 0.00512396109204
413.68 0.00518752986427
413.69 0.00525051998594
413.7 0.00531282110196
413.71 0.00537431953901
413.72 0.00543489857909
413.73 0.00549443875691
413.74 0.00555281818035
413.75 0.0056099128731
413.76 0.00566559713827
413.77 0.00571974394178
413.78 0.00577222531424
413.79 0.00582291276953
413.8 0.00587167773872
413.81 0.0059183920172
413.82 0.00596292822341
413.83 0.00600516026683
413.84 0.00604496382324
413.85 0.00608221681504
413.86 0.00611679989405
413.87 0.00614859692472
413.88 0.00617749546494
413.89 0.0062033872422
413.9 0.00622616862246
413.91 0.00624574106913
413.92 0.00626201158971
413.93 0.00627489316748
413.94 0.00628430517585
413.95 0.00629017377285
413.96 0.00629243227343
413.97 0.00629102149737
413.98 0.00628589009054
413.99 0.00627699481757
414.0 0.00626430082398
414.01 0.00624778186611
414.02 0.00622742050711
414.03 0.00620320827791
414.04 0.00617514580164
414.05 0.00614324288075
414.06 0.00610751854598
414.07 0.00606800106662
414.08 0.00602472792175
414.09 0.00597774573237
414.1 0.00592711015455
414.11 0.00587288573398
414.12 0.00581514572252
414.13 0.00575397185758
414.14 0.00568945410542
414.15 0.00562169036957
414.16 0.00555078616595
414.17 0.00547685426631
414.18 0.00540001431187
414.19 0.00532039239924
414.2 0.00523812064073
414.21 0.00515333670159
414.22 0.0050661833164
414.23 0.00497680778743
414.24 0.00488536146749
414.25 0.00479199923013
414.26 0.00469687892987
414.27 0.0046001608555
414.28 0.00450200717901
414.29 0.00440258140329
414.3 0.00430204781123
414.31 0.00420057091904
414.32 0.00409831493653
414.33 0.00399544323694
414.34 0.00389211783891
414.35 0.00378849890293
414.36 0.0036847442446
414.37 0.00358100886688
414.38 0.00347744451327
414.39 0.00337419924372
414.4 0.00327141703511
414.41 0.00316923740752
414.42 0.0030677950777
414.43 0.00296721964096
414.44 0.00286763528209
414.45 0.00276916051632
414.46 0.00267190796059
414.47 0.0025759841356
414.48 0.0024814892987
414.49 0.00238851730757
414.5 0.00229715551439
414.51 0.00220748469024
414.52 0.00211957897896
414.53 0.00203350587987
414.54 0.00194932625839
414.55 0.00186709438359
414.56 0.00178685799153
414.57 0.00170865837308
414.58 0.00163253048497
414.59 0.00155850308251
414.6 0.0014865988726
414.61 0.00141683468539
414.62 0.00134922166299
414.63 0.00128376546353
414.64 0.00122046647908
414.65 0.00115932006549
414.66 0.00110031678271
414.67 0.00104344264378
414.68 0.000988679370941
414.69 0.000936004657173
414.7 0.000885392431737
414.71 0.000836813128069
414.72 0.000790233952675
414.73 0.000745619153606
414.74 0.000702930287222
414.75 0.000662126481997
414.76 0.000623164698235
414.77 0.000585999982613
414.78 0.000550585716592
414.79 0.000516873857794
414.8 0.000484815173555
414.81 0.00045435946595
414.82 0.000425455787664
414.83 0.000398052648193
414.84 0.000372098209925
414.85 0.000347540473747
414.86 0.000324327453918
414.87 0.000302407341995
414.88 0.000281728659704
414.89 0.000262240400709
414.9 0.0002438921613
414.91 0.000226634260075
414.92 0.000210417846764
414.93 0.00019519500039
414.94 0.000180918817005
414.95 0.00016754348729
414.96 0.000155024364336
414.97 0.000143318021982
414.98 0.000132382304078
414.99 0.000122176365092
415.0 0.000112660702503
415.01 0.000103797181403
415.02 9.55490517938e-05
415.03 8.78809590252e-05
415.04 8.0758947855e-05
415.05 7.41504605967e-05
415.06 6.80243298249e-05
415.07 6.23507661011e-05
415.08 5.71013411741e-05
415.09 5.2248967099e-05
415.1 4.77678717062e-05
415.11 4.36335708391e-05
415.12 3.98228377596e-05
415.13 3.63136701074e-05
415.14 3.30852547781e-05
415.15 3.01179310672e-05
415.16 2.73931524064e-05
415.17 2.48934469994e-05
415.18 2.26023776436e-05
415.19 2.05045010024e-05
415.2 1.85853265747e-05
415.21 1.68312755851e-05
415.22 1.52296400015e-05
415.23 1.37685418641e-05
415.24 1.24368930941e-05
415.25 1.12243559298e-05
415.26 1.01213041217e-05
415.27 9.11878500104e-06
415.28 8.20848252039e-06
415.29 7.38268135005e-06
415.3 6.63423210005e-06
415.31 5.95651772407e-06
415.32 5.34342114974e-06
415.33 4.78929416816e-06
415.34 4.28892760536e-06
415.35 3.83752278885e-06
415.36 3.43066431356e-06
415.37 3.06429410415e-06
415.38 2.73468676324e-06
415.39 2.43842618944e-06
415.4 2.17238344309e-06
415.41 1.93369583348e-06
415.42 1.71974719694e-06
415.43 1.52814933175e-06
415.44 1.35672455332e-06
415.45 1.20348933049e-06
415.46 1.06663896212e-06
415.47 9.44533251991e-07
415.48 8.35683138723e-07
415.49 7.38738237455e-07
415.5 6.524752493e-07
415.51 5.75787195049e-07
415.52 5.07673429855e-07
415.53 4.47230396249e-07
415.54 3.93643073664e-07
415.55 3.4617708365e-07
415.56 3.04171411065e-07
415.57 2.67031702819e-07
415.58 2.34224107068e-07
415.59 2.05269617215e-07
415.6 1.7973888653e-07
415.61 1.57247480756e-07
415.62 1.37451537579e-07
415.63 1.2004380344e-07
415.64 1.04750019674e-07
415.65 9.13256315374e-08
415.66 7.95527951862e-08
415.67 6.92376591402e-08
415.68 6.0207898241e-08
415.69 5.2310479494e-08
415.7 4.54096405461e-08
415.71 3.93850628558e-08
415.72 3.41302228576e-08
415.73 2.9550905618e-08
415.74 2.55638666127e-08
415.75 2.20956283328e-08
415.76 1.90813994474e-08
415.77 1.64641052079e-08
415.78 1.41935186869e-08
415.79 1.22254832903e-08
415.8 1.05212177761e-08
415.81 9.04669575559e-09
415.82 7.77209234224e-09
415.83 6.67129125568e-09
415.84 5.7214462851e-09
415.85 4.90259156591e-09
415.86 4.19729563366e-09
415.87 3.59035468819e-09
415.88 3.06852093286e-09
415.89 2.62026225015e-09
415.9 2.23554983848e-09
415.91 1.90567076736e-09
415.92 1.62306271197e-09
415.93 1.38116840474e-09
415.94 1.17430759378e-09
415.95 9.97564526674e-10
415.96 8.46689185947e-10
415.97 7.18010690539e-10
415.98 6.0836144752e-10
415.99 5.15010791871e-10
416.0 4.35606990432e-10
416.01 3.68126610575e-10
416.02 3.1083036602e-10
416.03 2.62224652586e-10
416.04 2.21028076505e-10
416.05 1.86142358418e-10
416.06 1.56627067935e-10
416.07 1.31677707775e-10
416.08 1.10606723532e-10
416.09 9.28270658985e-11
416.1 7.78379772567e-11
416.11 6.52127145456e-11
416.12 5.45879557421e-11
416.13 4.5654668627e-11
416.14 3.81502481951e-11
416.15 3.18517534938e-11
416.16 2.65700961935e-11
416.17 2.21450521293e-11
416.18 1.84409836939e-11
416.19 1.53431755678e-11
416.2 1.27546990726e-11
416.21 1.05937316391e-11
416.22 8.79126768199e-12
416.23 7.28916572549e-12
416.24 6.03848408854e-12
416.25 4.9980639346e-12
416.26 4.13332414688e-12
416.27 3.41523740187e-12
416.28 2.81946107747e-12
416.29 2.32560032753e-12
416.3 1.91658385414e-12
416.31 1.57813567507e-12
416.32 1.29832857352e-12
416.33 1.067206978e-12
416.34 8.76468796503e-13
416.35 7.1919725717e-13
416.36 5.89635121569e-13
416.37 4.82994764747e-13
416.38 3.95298583533e-13
416.39 3.23245023298e-13
416.4 2.64096222377e-13
416.41 2.15583879361e-13
416.42 1.75830465745e-13
416.43 1.43283347525e-13
416.44 1.16659755028e-13
416.45 9.49008598976e-14
416.46 7.71334897588e-14
416.47 6.26382416884e-14
416.48 5.08229510845e-14
416.49 4.12006381321e-14
416.5 3.33711941372e-14
416.51 2.70061883899e-14
416.52 2.18362761468e-14
416.53 1.76407725936e-14
416.54 1.42390286234e-14
416.55 1.14833039845e-14
416.56 9.25288354565e-15
416.57 7.44922455959e-15
416.58 5.99195814766e-15
416.59 4.81559782952e-15
416.6 3.8668326955e-15
416.61 3.10230352733e-15
416.62 2.4867774648e-15
416.63 1.99165123946e-15
416.64 1.59372501487e-15
416.65 1.27419887643e-15
416.66 1.01785233145e-15
416.67 8.12374088417e-16
416.68 6.47815116571e-16
416.69 5.16142737722e-16
416.7 4.10877435669e-16
416.71 3.26797322001e-16
416.72 2.5969788503e-16
416.73 2.06196867131e-16
416.74 1.63575944928e-16
416.75 1.29652393336e-16
416.76 1.02675154045e-16
416.77 8.12407478112e-17
416.78 6.42253065044e-17
416.79 5.07296869377e-17
416.8 4.00351907471e-17
416.81 3.15678747411e-17
416.82 2.48698124274e-17
416.83 1.95759747866e-17
416.84 1.5395649171e-17
416.85 1.20975196609e-17
416.86 9.49769870543e-18
416.87 7.45013532012e-18
416.88 5.83893518612e-18
416.89 4.57221735983e-18
416.9 3.57720477797e-18
416.91 2.79630446361e-18
416.92 2.18398086699e-18
416.93 1.70426420373e-18
416.94 1.32876669513e-18
416.95 1.03510466336e-18
416.96 8.05644626725e-19
416.97 6.26507801225e-19
416.98 4.86780497003e-19
416.99 3.77888412106e-19
417.0 2.9310126801e-19
417.01 2.27141002275e-19
417.02 1.75872159384e-19
417.03 1.36057463918e-19
417.04 1.05165033479e-19
417.05 8.12164634709e-20
417.06 6.26672304141e-20
417.07 4.83126261489e-20
417.08 3.72138416881e-20
417.09 2.86399386168e-20
417.1 2.20223355854e-20
417.11 1.69191439743e-20
417.12 1.29872473506e-20
417.13 9.96046363027e-21
417.14 7.63248065012e-21
417.15 5.84353414006e-21
417.16 4.47001700345e-21
417.17 3.41638243408e-21
417.18 2.60884033699e-21
417.19 1.99045441877e-21
417.2 1.51733224795e-21
417.21 1.15566737866e-21
417.22 8.79445105332e-22
417.23 6.68664601716e-22
417.24 5.07962491178e-22
417.25 3.85548192045e-22
417.26 2.92381178469e-22
417.27 2.21535774704e-22
417.28 1.67711189402e-22
417.29 1.26853929355e-22
417.3 9.58670854173e-23
417.31 7.23867099989e-23
417.32 5.46099610602e-23
417.33 4.11631507736e-23
417.34 3.10005263028e-23
417.35 2.33266964764e-23
417.36 1.75372350967e-23
417.37 1.31732436231e-23
417.38 9.88662444644e-24
417.39 7.41356440877e-24
417.4 5.55430605491e-24
417.41 4.15772979981e-24
417.42 3.10961363288e-24
417.43 2.32370137419e-24
417.44 1.73491384094e-24
417.45 1.29419352444e-24
417.46 9.64593312958e-25
417.47 7.18311773611e-25
417.48 5.34447975749e-25
417.49 3.97302777979e-25
417.5 2.95094748199e-25
417.51 2.18990397888e-25
417.52 1.62372462965e-25
417.53 1.20288302868e-25
417.54 8.90344602172e-26
417.55 6.58440560611e-26
417.56 4.86517801199e-26
417.57 3.5917376563e-26
417.58 2.64931863212e-26
417.59 1.95248404188e-26
417.6 1.43768752851e-26
417.61 1.05770664066e-26
417.62 7.774807946e-27
417.63 5.71002253017e-27
417.64 4.18995816766e-27
417.65 3.07188720696e-27
417.66 2.25021780475e-27
417.67 1.64690125762e-27
417.68 1.20429886971e-27
417.69 8.79882559291e-28
417.7 6.42301376895e-28
417.71 4.68464525689e-28
417.72 3.4138016136e-28
417.73 2.48555605537e-28
417.74 1.8081420974e-28
417.75 1.31421150913e-28
417.76 9.5438078675e-29
417.77 6.9247136965e-29
417.78 5.02002256696e-29
417.79 3.63607832416e-29
417.8 2.63138565525e-29
417.81 1.90265255589e-29
417.82 1.37454254812e-29
417.83 9.92157453696e-30
417.84 7.15528149516e-30
417.85 5.15580592589e-30
417.86 3.71184738424e-30
417.87 2.66997610418e-30
417.88 1.91888235932e-30
417.89 1.37788521119e-30
417.9 9.88556372989e-31
417.91 7.0862024267e-31
417.92 5.07515582621e-31
417.93 3.63169126022e-31
417.94 2.59652299601e-31
417.95 1.85480876014e-31
417.96 1.32382267688e-31
417.97 9.44026545903e-32
417.98 6.72608436032e-32
417.99 4.78811007589e-32
418.0 3.40556877096e-32
418.01 2.42013111932e-32
418.02 1.71835088196e-32
418.03 1.2190135046e-32
418.04 8.64030148066e-33
418.05 6.11889482552e-33
418.06 4.32953039746e-33
418.07 3.06078137909e-33
418.08 2.16195943322e-33
418.09 1.52576090747e-33
418.1 1.07584359517e-33
418.11 7.57941185569e-34
418.12 5.33513713869e-34
418.13 3.75214299112e-34
418.14 2.63655531049e-34
418.15 1.85104980867e-34
418.16 1.29844343886e-34
418.17 9.10021556466e-35
418.18 6.37241478112e-35
418.19 4.45841103837e-35
418.2 3.116591536e-35
418.21 2.17672407699e-35
418.22 1.51897486623e-35
418.23 1.0590622969e-35
418.24 7.37761757077e-36
418.25 5.13492948156e-36
418.26 3.57089056577e-36
418.27 2.48108881362e-36
418.28 1.72239118032e-36
418.29 1.19466182963e-36
418.3 8.2790764958e-37
418.31 5.73247956694e-37
418.32 3.96576383518e-37
418.33 2.74116320253e-37
418.34 1.89306990325e-37
418.35 1.30623742113e-37
418.36 9.0053646703e-38
418.37 6.20303454279e-38
418.38 4.26904573634e-38
418.39 2.93549353473e-38
418.4 2.01676437575e-38
418.41 1.38437231954e-38
418.42 9.49454954829e-39
418.43 6.50608205067e-39
418.44 4.45439185394e-39
418.45 3.0470600646e-39
418.46 2.08255904624e-39
418.47 1.42212360364e-39
418.48 9.70288933655e-40
418.49 6.61437059525e-40
418.5 4.50505069958e-40
418.51 3.0657345905e-40
418.52 2.08445794629e-40
418.53 1.41603971487e-40
418.54 9.61128471854e-41
418.55 6.51795209199e-41
418.56 4.41636132324e-41
418.57 2.98979729216e-41
418.58 2.02228612951e-41
418.59 1.36668105598e-41
418.6 9.22816728232e-42
418.61 6.22568947346e-42
418.62 4.19646073654e-42
418.63 2.82619800589e-42
418.64 1.90171625964e-42
418.65 1.27853483797e-42
418.66 8.58821929747e-43
418.67 5.76391273669e-43
418.68 3.86505235686e-43
418.69 2.58950693273e-43
418.7 1.73341474825e-43
418.71 1.15934210558e-43
418.72 7.74719421333e-44
418.73 5.17250584606e-44
418.74 3.45049378521e-44
418.75 2.29977432626e-44
418.76 1.53148555807e-44
418.77 1.01897681531e-44
418.78 6.77390984219e-45
418.79 4.49923040619e-45
418.8 2.98580037654e-45
418.81 1.97973479189e-45
418.82 1.31152621252e-45
418.83 8.68101780458e-46
418.84 5.74100640615e-46
418.85 3.79340426827e-46
418.86 2.50434373582e-46
418.87 1.65189508185e-46
418.88 1.0886660878e-46
418.89 7.16853882721e-47
418.9 4.7161792318e-47
418.91 3.10008551313e-47
418.92 2.03601399213e-47
418.93 1.33601568072e-47
418.94 8.75923272138e-48
418.95 5.73778521827e-48
418.96 3.75531370352e-48
418.97 2.45568054326e-48
418.98 1.60443168118e-48
418.99 1.0473559427e-48
419.0 6.83110696821e-49
419.01 4.45155335708e-49
419.02 2.89838312884e-49
419.03 1.8854877509e-49
419.04 1.22550574119e-49
419.05 7.95849041342e-50
419.06 5.16380409156e-50
419.07 3.34759206415e-50
419.08 2.16829822602e-50
419.09 1.4032311336e-50
419.1 9.07325510477e-51
419.11 5.86166162116e-51
419.12 3.78357266343e-51
419.13 2.44009719901e-51
419.14 1.57230170842e-51
419.15 1.01225133623e-51
419.16 6.51125259711e-52
419.17 4.18470108028e-52
419.18 2.68712612355e-52
419.19 1.7239925054e-52
419.2 1.10511228933e-52
419.21 7.07784676509e-53
419.22 4.52918036561e-53
419.23 2.89575482356e-53
419.24 1.84981234495e-53
419.25 1.18063939634e-53
419.26 7.52888356822e-54
419.27 4.79697663914e-54
419.28 3.053713848e-54
419.29 1.94228423922e-54
419.3 1.23430061711e-54
419.31 7.83705362947e-55
419.32 4.97173994123e-55
419.33 3.1512851385e-55
419.34 1.9956791104e-55
419.35 1.26275016519e-55
419.36 7.9830319807e-56
419.37 5.0424548321e-56
419.38 3.18229089928e-56
419.39 2.00660296407e-56
419.4 1.2641736522e-56
419.41 7.9574832328e-57
419.42 5.00458929185e-57
419.43 3.1447408704e-57
419.44 1.97435389175e-57
419.45 1.23847957272e-57
419.46 7.76204949967e-58
419.47 4.8605753564e-58
419.48 3.0410437336e-58
419.49 1.90099670244e-58
419.5 1.18730903793e-58
419.51 7.40917574645e-59
419.52 4.61955063334e-59
419.53 2.87775143626e-59
419.54 1.79114415248e-59
419.55 1.11386231876e-59
419.56 6.92079838287e-60
419.57 4.29639888569e-60
419.58 2.66487415888e-60
419.59 1.65147699466e-60
419.6 1.02256768365e-60
419.61 6.32608919977e-61
419.62 3.9102297137e-61
419.63 2.41486548533e-61
419.64 1.49007225973e-61
419.65 9.18640159963e-62
419.66 5.65857710089e-62
419.67 3.48251311428e-62
419.68 2.14142069703e-62
419.69 1.31563356142e-62
419.7 8.07591248411e-63
419.71 4.95304161416e-63
419.72 3.03512136729e-63
419.73 1.85824879565e-63
419.74 1.13672489219e-63
419.75 6.94753259849e-64
419.76 4.24257500073e-64
419.77 2.58852388347e-64
419.78 1.57796925354e-64
419.79 9.61100071766e-65
419.8 5.84874106938e-65
419.81 3.55614853865e-65
419.82 2.16033500777e-65
419.83 1.31125158526e-65
419.84 7.95196869457e-66
419.85 4.81822425536e-66
419.86 2.91691027287e-66
419.87 1.7643422857e-66
419.88 1.06626788373e-66
419.89 6.43833434907e-67
419.9 3.88422551467e-67
419.91 2.34131075267e-67
419.92 1.41005935792e-67
419.93 8.48475766941e-68
419.94 5.10111604686e-68
419.95 3.0641828428e-68
419.96 1.83902596903e-68
419.97 1.10276953537e-68
419.98 6.60701618151e-69
419.99 3.95502919278e-69
420.0 2.36547154935e-69
420.01 1.41354447339e-69
420.02 8.43965973699e-70
420.03 5.03459001884e-70
420.04 3.00073052382e-70
420.05 1.78695490951e-70
420.06 1.06322187805e-70
420.07 6.320594481e-71
420.08 3.75418493965e-71
420.09 2.2279072727e-71
420.1 1.32099833963e-71
420.11 7.82584324969e-72
420.12 4.63216190255e-72
420.13 2.73942887063e-72
420.14 1.61867641562e-72
420.15 9.55616769077e-73
420.16 5.63678146385e-73
420.17 3.32202078805e-73
420.18 1.95612771523e-73
420.19 1.15084220245e-73
420.2 6.76484834678e-74
420.21 3.97305029846e-74
420.22 2.33138379711e-74
420.23 1.36686995351e-74
420.24 8.00689867373e-75
420.25 4.68624705754e-75
420.26 2.74037338791e-75
420.27 1.60109836684e-75
420.28 9.34652130328e-76
420.29 5.45137048348e-76
420.3 3.17676514461e-76
420.31 1.84964435847e-76
420.32 1.07600692866e-76
420.33 6.25411144742e-77
420.34 3.63195013087e-77
420.35 2.10735571787e-77
420.36 1.22168582714e-77
420.37 7.07627877365e-78
420.38 4.09518989151e-78
420.39 2.36791913887e-78
420.4 1.36799151439e-78
420.41 7.89630021462e-79
420.42 4.55394323092e-79
420.43 2.62406921164e-79
420.44 1.51072936662e-79
420.45 8.69003988323e-80
420.46 4.99436847268e-80
420.47 2.86789405485e-80
420.48 1.645391841e-80
420.49 9.43190217453e-81
420.5 5.40197970819e-81
420.51 3.09122289812e-81
420.52 1.76738598804e-81
420.53 1.00961595667e-81
420.54 5.76241744633e-82
420.55 3.28607097902e-82
420.56 1.87228895688e-82
420.57 1.06584124963e-82
420.58 6.06227851377e-83
420.59 3.44510892927e-83
420.6 1.95611212038e-83
420.61 1.10970678745e-83
420.62 6.2899392832e-84
420.63 3.56211861192e-84
420.64 2.01555202439e-84
420.65 1.13947122063e-84
420.66 6.43630211929e-85
420.67 3.63239605226e-85
420.68 2.04820622098e-85
420.69 1.15392578843e-85
420.7 6.49539834242e-86
420.71 3.65306511551e-86
420.72 2.05273434843e-86
420.73 1.15247575517e-86
420.74 6.46479203584e-87
420.75 3.62327278664e-87
420.76 2.0289494083e-87
420.77 1.13518100771e-87
420.78 6.34574662438e-88
420.79 3.54424757474e-88
420.8 1.97783057722e-88
420.81 1.10275195208e-88
420.82 6.14313834977e-89
420.83 3.41921546908e-89
420.84 1.90145633005e-89
420.85 1.05650110123e-89
420.86 5.8651249004e-90
420.87 3.25318145957e-90
420.88 1.80286423985e-90
420.89 9.98254951382e-91
420.9 5.52260057755e-91
420.91 3.05259724184e-91
420.92 1.68585063357e-91
420.93 9.30234392171e-92
420.94 5.12848870085e-92
420.95 2.82494584397e-92
420.96 1.55472851e-92
420.97 8.5491455508e-93
420.98 4.69693523815e-93
420.99 2.5782803913e-93
421.0 1.41406519107e-93
421.01 7.74876393312e-94
421.02 4.24247353016e-94
421.03 2.32075644329e-94
421.04 1.26842181007e-94
421.05 6.92662298239e-95
421.06 3.77922814809e-95
421.07 2.06019526271e-95
421.08 1.12211500622e-95
421.09 6.10646776522e-96
421.1 3.32021708487e-96
421.11 1.80370954535e-96
421.12 9.79017465733e-97
421.13 5.30930883449e-97
421.14 2.87679721393e-97
421.15 1.55741453332e-97
421.16 8.42408827691e-98
421.17 4.55266094506e-98
421.18 2.45828040278e-98
421.19 1.32623731379e-98
421.2 7.14882685921e-99
421.21 3.85010015723e-99
421.22 2.07172920661e-99
421.23 1.11382679741e-99
421.24 5.98309706424e-100
421.25 3.21113191644e-100
421.26 1.72192391728e-100
421.27 9.225575812e-101
421.28 4.93851887816e-101
421.29 2.64133609948e-101
421.3 1.41147869801e-101
421.31 7.53613555906e-102
421.32 4.02019193612e-102
421.33 2.14273560828e-102
421.34 1.14107475729e-102
421.35 6.07132276866e-103
421.36 3.22757436965e-103
421.37 1.71432400644e-103
421.38 9.09773469753e-104
421.39 4.82388939865e-104
421.4 2.5555543875e-104
421.41 1.35268485271e-104
421.42 7.15371836054e-105
421.43 3.77999096608e-105
421.44 1.99559955393e-105
421.45 1.05263970413e-105
421.46 5.54765963867e-106
421.47 2.92121540406e-106
421.48 1.53688392594e-106
421.49 8.07871462416e-107
421.5 4.24294281498e-107
421.51 2.22646464078e-107
421.52 1.16731519469e-107
421.53 6.11482718274e-108
421.54 3.20039769431e-108
421.55 1.6735836435e-108
421.56 8.74408979946e-109
421.57 4.56462923984e-109
421.58 2.3807846801e-109
421.59 1.24067617698e-109
421.6 6.45982093367e-110
421.61 3.3605180188e-110
421.62 1.74668942047e-110
421.63 9.07086834596e-111
421.64 4.70658330604e-111
421.65 2.4399804631e-111
421.66 1.26383582077e-111
421.67 6.54061647975e-112
421.68 3.38197521635e-112
421.69 1.74721306938e-112
421.7 9.01872264246e-113
421.71 4.65123095727e-113
421.72 2.39670450063e-113
421.73 1.23391371188e-113
421.74 6.34715058228e-114
421.75 3.26209440797e-114
421.76 1.67508929127e-114
421.77 8.59415359589e-115
421.78 4.40546720526e-115
421.79 2.25634002116e-115
421.8 1.15462467162e-115
421.81 5.90338125721e-116
421.82 3.01567505482e-116
421.83 1.53918905893e-116
421.84 7.84915859235e-117
421.85 3.99924447142e-117
421.86 2.0359003387e-117
421.87 1.03552070907e-117
421.88 5.26241113598e-118
421.89 2.67198782048e-118
421.9 1.35552610501e-118
421.91 6.87076365689e-119
421.92 3.47957215133e-119
421.93 1.76063931486e-119
421.94 8.90099704649e-120
421.95 4.49604480998e-120
421.96 2.26906176396e-120
421.97 1.1441572494e-120
421.98 5.76432990173e-121
421.99 2.90158737077e-121
422.0 1.45930539784e-121
422.01 7.33297894443e-122
422.02 3.68161524425e-122
422.03 1.84680088371e-122
422.04 9.25604506289e-123
422.05 4.63505145169e-123
422.06 2.3190353619e-123
422.07 1.15926812611e-123
422.08 5.79007423391e-124
422.09 2.88940274435e-124
422.1 1.4406409076e-124
422.11 7.17673841204e-125
422.12 3.57208844419e-125
422.13 1.77640097371e-125
422.14 8.82639815157e-126
422.15 4.38177162212e-126
422.16 2.17340006177e-126
422.17 1.07709329965e-126
422.18 5.33323457486e-127
422.19 2.63846756755e-127
422.2 1.30417702989e-127
422.21 6.44087759952e-128
422.22 3.17817097975e-128
422.23 1.56687078117e-128
422.24 7.71814296195e-129
422.25 3.79853531069e-129
422.26 1.86785530255e-129
422.27 9.17685783646e-130
422.28 4.50472714576e-130
422.29 2.20936103234e-130
422.3 1.08265129975e-130
422.31 5.30071221033e-131
422.32 2.59300624446e-131
422.33 1.26735012471e-131
422.34 6.18889869241e-132
422.35 3.0196308102e-132
422.36 1.4720346562e-132
422.37 7.16978172031e-133
422.38 3.48913317255e-133
422.39 1.6964961177e-133
422.4 8.24160710504e-134
422.41 4.00031928849e-134
422.42 1.93999726681e-134
422.43 9.40007443056e-135
422.44 4.55077306804e-135
422.45 2.20121659628e-135
422.46 1.06381005376e-135
422.47 5.13675810369e-136
422.48 2.47820855341e-136
422.49 1.19456641628e-136
422.5 5.75316013956e-137
422.51 2.76838404221e-137
422.52 1.33097507951e-137
422.53 6.39347871131e-138
422.54 3.06851489185e-138
422.55 1.47144136153e-138
422.56 7.04987467407e-139
422.57 3.37476507488e-139
422.58 1.61409617331e-139
422.59 7.71327796316e-140
422.6 3.68275026314e-140
422.61 1.75682809752e-140
422.62 8.37355699215e-141
422.63 3.98762587133e-141
422.64 1.89732855058e-141
422.65 9.01974773593e-142
422.66 4.28420213523e-142
422.67 2.03314909624e-142
422.68 9.64033697361e-143
422.69 4.56708310367e-143
422.7 2.16176920631e-143
422.71 1.02235906152e-143
422.72 4.83082480504e-144
422.73 2.28067203353e-144
422.74 1.07579147665e-144
422.75 5.07010640201e-145
422.76 2.38742512818e-145
422.77 1.12322344556e-145
422.78 5.27990698978e-146
422.79 2.47976254857e-146
422.8 1.1636372992e-146
422.81 5.45567992598e-147
422.82 2.55566452872e-147
422.83 1.19614139348e-147
422.84 5.59351628481e-148
422.85 2.61343080775e-148
422.86 1.22000277473e-148
422.87 5.69028924836e-149
422.88 2.65174390954e-149
422.89 1.23467464488e-149
422.9 5.74377199359e-150
422.91 2.66971908588e-150
422.92 1.23981718955e-150
422.93 5.75272287016e-151
422.94 2.66693827988e-151
422.95 1.23531066151e-151
422.96 5.71693331963e-152
422.97 2.64346628895e-152
422.98 1.22126001591e-152
422.99 5.63723595363e-153
423.0 2.59984825485e-153
423.01 1.19799084696e-153
423.02 5.51547235406e-154
423.03 2.53708861649e-154
423.04 1.16603684546e-154
423.05 5.35442233425e-155
423.06 2.45661266032e-155
423.07 1.1261194521e-155
423.08 5.15769845531e-156
423.09 2.36021272334e-156
423.1 1.0791207895e-156
423.11 4.9296113862e-157
423.12 2.24998188366e-157
423.13 1.02605129062e-157
423.14 4.67501311116e-158
423.15 2.12823856156e-158
423.16 9.680136807e-159
423.17 4.3991259353e-159
423.18 1.99744581549e-159
423.19 9.06165100105e-160
423.2 4.10736567164e-160
423.21 1.86012923646e-160
423.22 8.41679173356e-161
423.23 3.80516729883e-161
423.24 1.71879722196e-161
423.25 7.75709736889e-162
423.26 3.49782079303e-162
423.27 1.57586706812e-162
423.28 7.09357748778e-163
423.29 3.19032382363e-163
423.3 1.43359979186e-163
423.31 6.43642634914e-164
423.32 2.88725665713e-164
423.33 1.29404593005e-164
423.34 5.79479002008e-165
423.35 2.5926830493e-165
423.36 1.15900381539e-165
423.37 5.17659293744e-166
423.38 2.310079243e-166
423.39 1.02999105402e-166
423.4 4.58842608465e-167
423.41 2.04229154723e-167
423.42 9.08229182561e-168
423.43 4.03549559039e-168
423.44 1.79152145863e-168
423.45 7.94640808506e-169
423.46 3.52162758221e-169
423.47 1.55933598618e-169
423.48 6.8985797459e-170
423.49 3.04932271482e-170
423.5 1.3466998176e-170
423.51 5.94240060406e-171
423.52 2.61985203414e-171
423.53 1.15402525606e-171
423.54 5.078992552e-172
423.55 2.23338477331e-172
423.56 9.81235468879e-173
423.57 4.30731504744e-173
423.58 1.88913829048e-173
423.59 8.2783650911e-174
423.6 3.62450842118e-174
423.61 1.5855405849e-174
423.62 6.92993762387e-175
423.63 3.02625138029e-175
423.64 1.32039657159e-175
423.65 5.75608883656e-176
423.66 2.50711526105e-176
423.67 1.09105043172e-176
423.68 4.74393863923e-177
423.69 2.06090044488e-177
423.7 8.9453775564e-178
423.71 3.87939543594e-178
423.72 1.68094358475e-178
423.73 7.27722726645e-179
423.74 3.14776607601e-179
423.75 1.36038763439e-179
423.76 5.87417138263e-180
423.77 2.5342780568e-180
423.78 1.09240989622e-180
423.79 4.70479495667e-181
423.8 2.02450795879e-181
423.81 8.70406225242e-182
423.82 3.73893746131e-182
423.83 1.6047157906e-182
423.84 6.88132015131e-183
423.85 2.94828263035e-183
423.86 1.26208956627e-183
423.87 5.39802574509e-184
423.88 2.30676545571e-184
423.89 9.84907941479e-185
423.9 4.20156950076e-185
423.91 1.79081687038e-185
423.92 7.62631105016e-186
423.93 3.24490184798e-186
423.94 1.37947021377e-186
423.95 5.85931440649e-187
423.96 2.48659462305e-187
423.97 1.0543550691e-187
423.98 4.4667588138e-188
423.99 1.8906965346e-188
424.0 7.99603830379e-189
424.01 3.37871543694e-189
424.02 1.42643530312e-189
424.03 6.01694794046e-190
424.04 2.53585339211e-190
424.05 1.06781432277e-190
424.06 4.49253070994e-191
424.07 1.8884699551e-191
424.08 7.93145413989e-192
424.09 3.32827549687e-192
424.1 1.39543441763e-192
424.11 5.84552208479e-193
424.12 2.44658829354e-193
424.13 1.02310967984e-193
424.14 4.27471540599e-194
424.15 1.78449744975e-194
424.16 7.4430060053e-195
424.17 3.10173377877e-195
424.18 1.29147017897e-195
424.19 5.37264267926e-196
424.2 2.23313637378e-196
424.21 9.27398193916e-197
424.22 3.84805223398e-197
424.23 1.59528904872e-197
424.24 6.60787047747e-198
424.25 2.7346853998e-198
424.26 1.13077691784e-198
424.27 4.67164905494e-199
424.28 1.9283559311e-199
424.29 7.95294352148e-200
424.3 3.27711974843e-200
424.31 1.34921274957e-200
424.32 5.54999094185e-201
424.33 2.2810133374e-201
424.34 9.36671028361e-202
424.35 3.84299715441e-202
424.36 1.57534888809e-202
424.37 6.45219005046e-203
424.38 2.64034856543e-203
424.39 1.07954087148e-203
424.4 4.41002069289e-204
424.41 1.79997253186e-204
424.42 7.34031741849e-205
424.43 2.9908009918e-205
424.44 1.21754186671e-205
424.45 4.95226646205e-206
424.46 2.01255527551e-206
424.47 8.17175509866e-207
424.48 3.31517593067e-207
424.49 1.34375944877e-207
424.5 5.44202075776e-208
424.51 2.20202664359e-208
424.52 8.90243184305e-209
424.53 3.59598985527e-209
424.54 1.45128254141e-209
424.55 5.85206574156e-210
424.56 2.3577086361e-210
424.57 9.49062436992e-211
424.58 3.8170086818e-211
424.59 1.53382292028e-211
424.6 6.15816060671e-212
424.61 2.47030462656e-212
424.62 9.90087835692e-213
424.63 3.96479420823e-213
424.64 1.58632178445e-213
424.65 6.34140716271e-214
424.66 2.53281635493e-214
424.67 1.01075402023e-214
424.68 4.03005492802e-215
424.69 1.60546250041e-215
424.7 6.39017981472e-216
424.71 2.54126353416e-216
424.72 1.00974112032e-216
424.73 4.00861265545e-217
424.74 1.59001732443e-217
424.75 6.30134607237e-218
424.76 2.49510323899e-218
424.77 9.87114248028e-219
424.78 3.9018451844e-219
424.79 1.54097771889e-219
424.8 6.0805994709e-220
424.81 2.39728764963e-220
424.82 9.44316571642e-221
424.83 3.71653978938e-221
424.84 1.46144903508e-221
424.85 5.74185572066e-222
424.86 2.25395161353e-222
424.87 8.84016994981e-223
424.88 3.46417922157e-223
424.89 1.3563251133e-223
424.9 5.30580110998e-224
424.91 2.07377598988e-224
424.92 8.09834790448e-225
424.93 3.15976461128e-225
424.94 1.23179019828e-225
424.95 4.79780364052e-226
424.96 1.86711861068e-226
424.97 7.25980672064e-227
424.98 2.82034295375e-227
424.99 1.0947186009e-227
425.0 4.24547986672e-228
425.01 1.64503365115e-228
425.02 6.36863705833e-229
425.03 2.46343963908e-229
425.04 9.52052863476e-230
425.05 3.67624049244e-230
425.06 1.41830775518e-230
425.07 5.46714702559e-231
425.08 2.10559451978e-231
425.09 8.10237691638e-232
425.1 3.11511336167e-232
425.11 1.19662750595e-232
425.12 4.59269727079e-233
425.13 1.76116631564e-233
425.14 6.74771348597e-234
425.15 2.58307258166e-234
425.16 9.87962130213e-235
425.17 3.77544109458e-235
425.18 1.44151382533e-235
425.19 5.49912558398e-236
425.2 2.09600433311e-236
425.21 7.9820496888e-237
425.22 3.03710908071e-237
425.23 1.15459604668e-237
425.24 4.38554381687e-238
425.25 1.66433426844e-238
425.26 6.31075570688e-239
425.27 2.39081457405e-239
425.28 9.04969896786e-240
425.29 3.42252070239e-240
425.3 1.29324779672e-240
425.31 4.8824873086e-241
425.32 1.84172257475e-241
425.33 6.94114332946e-242
425.34 2.61373483329e-242
425.35 9.83367275318e-243
425.36 3.69652536045e-243
425.37 1.38833841608e-243
425.38 5.20979583745e-244
425.39 1.95330373427e-244
425.4 7.31716028937e-245
425.41 2.73866599723e-245
425.42 1.02413989241e-245
425.43 3.82651314086e-246
425.44 1.4284690908e-246
425.45 5.32797524727e-247
425.46 1.985533697e-247
425.47 7.3929205329e-248
425.48 2.75029023235e-248
425.49 1.02226790844e-248
425.5 3.79642339397e-249
425.51 1.4086667604e-249
425.52 5.22234555887e-250
425.53 1.93440166085e-250
425.54 7.15898446346e-251
425.55 2.64715819664e-251
425.56 9.77984753783e-252
425.57 3.61000651322e-252
425.58 1.33139707653e-252
425.59 4.90603819539e-253
425.6 1.80625043035e-253
425.61 6.64429206528e-254
425.62 2.44198604715e-254
425.63 8.96729287557e-255
425.64 3.29005564138e-255
425.65 1.20605980535e-255
425.66 4.4173128377e-256
425.67 1.61648315585e-256
425.68 5.91027817636e-257
425.69 2.15907820394e-257
425.7 7.88047756158e-258
425.71 2.87382562474e-258
425.72 1.04710926301e-258
425.73 3.81195093998e-259
425.74 1.38652056745e-259
425.75 5.03882229569e-260
425.76 1.8295971748e-260
425.77 6.63751678152e-261
425.78 2.40591065635e-261
425.79 8.71318774338e-262
425.8 3.1528140741e-262
425.81 1.13983860439e-262
425.82 4.11729585789e-263
425.83 1.48595104431e-263
425.84 5.3582212229e-264
425.85 1.93045859581e-264
425.86 6.94902789527e-265
425.87 2.49925938292e-265
425.88 8.9809508563e-266
425.89 3.22446020293e-266
425.9 1.1566858821e-266
425.91 4.14569703604e-267
425.92 1.48457929667e-267
425.93 5.31169281442e-268
425.94 1.89883056885e-268
425.95 6.78208441357e-269
425.96 2.42027034586e-269
425.97 8.62955261321e-270
425.98 3.0742302714e-270
425.99 1.09422900091e-270
426.0 3.89138105013e-271
426.01 1.38268423432e-271
426.02 4.90869416936e-272
426.03 1.74113582295e-272
426.04 6.17053812217e-273
426.05 2.1849280545e-273
426.06 7.72991920957e-274
426.07 2.73235095428e-274
426.08 9.64987571578e-275
426.09 3.40510627698e-275
426.1 1.20050323604e-275
426.11 4.22882498172e-276
426.12 1.48833193409e-276
426.13 5.23363705341e-277
426.14 1.83878569039e-277
426.15 6.45479333229e-278
426.16 2.26390021414e-278
426.17 7.9333375269e-279
426.18 2.77765495375e-279
426.19 9.71682479785e-280
426.2 3.39620706421e-280
426.21 1.1860081198e-280
426.22 4.13813711073e-281
426.23 1.44259958402e-281
426.24 5.02470351978e-282
426.25 1.74863349452e-282
426.26 6.08010188424e-283
426.27 2.11225639289e-283
426.28 7.33172424266e-284
426.29 2.54266604537e-284
426.3 8.81041240005e-285
426.31 3.0501897961e-285
426.32 1.05506982603e-285
426.33 3.64635756961e-286
426.34 1.25910230272e-286
426.35 4.34396677267e-287
426.36 1.49739260362e-287
426.37 5.15713600735e-288
426.38 1.77461929432e-288
426.39 6.10134419444e-289
426.4 2.09589520685e-289
426.41 7.19345143562e-290
426.42 2.46677069229e-290
426.43 8.451697731e-291
426.44 2.89322923892e-291
426.45 9.89567553409e-292
426.46 3.38167417511e-292
426.47 1.15462720882e-292
426.48 3.93890518143e-293
426.49 1.34255775641e-293
426.5 4.57208338099e-294
426.51 1.55567552291e-294
426.52 5.28868386585e-295
426.53 1.79638702322e-295
426.54 6.0964346555e-296
426.55 2.06716741123e-296
426.56 7.00324127383e-297
426.57 2.37053428215e-297
426.58 8.01709637652e-298
426.59 2.70901669209e-298
426.6 9.14597416142e-299
426.61 3.08511936432e-299
426.62 1.03977096487e-299
426.63 3.50128217174e-300
426.64 1.17798633219e-300
426.65 3.95983512001e-301
426.66 1.32995720696e-301
426.67 4.4629492039e-302
426.68 1.49633878502e-302
426.69 5.01258366626e-303
426.7 1.67771060105e-303
426.71 5.61043035185e-304
426.72 1.87455857073e-304
426.73 6.2578560122e-305
426.74 2.08725653926e-305
426.75 6.95584357678e-306
426.76 2.31604768162e-306
426.77 7.70493355521e-307
426.78 2.56102614455e-307
426.79 8.50516686818e-308
426.8 2.82211935912e-308
426.81 9.35603051525e-309
426.82 3.09907148338e-309
426.83 1.02564075695e-309
426.84 3.39142845536e-310
426.85 1.12045330365e-310
426.86 3.69852514516e-311
426.87 1.21979571224e-311
426.88 4.019475091e-312
426.89 1.32335174198e-312
426.9 4.35316328506e-313
426.91 1.43073214373e-313
426.92 4.6982424403e-314
426.93 1.54147407651e-314
426.94 5.05313312124e-315
426.95 1.65504179685e-315
426.96 5.4160280436e-316
426.97 1.77082870444e-316
426.98 5.78490101206e-317
426.99 1.8881607974e-317
427.0 6.15752038149e-318
427.01 2.00630177463e-318
427.02 6.53144902489e-319
427.03 2.12448227712e-319
427.04 6.90407333499e-320
427.05 2.24157583518e-320
427.06 7.27264630678e-321
427.07 2.35669313066e-321
427.08 7.65801751054e-322
427.09 2.47032822921e-322
427.1 7.90505033346e-323
427.11 2.47032822921e-323
427.12 9.88131291682e-324
427.13 4.94065645841e-324
427.14 0.0
427.15 0.0
427.16 0.0
427.17 0.0
427.18 0.0
427.19 0.0
427.2 0.0
427.21 0.0
427.22 0.0
427.23 0.0
427.24 0.0
427.25 0.0
427.26 0.0
427.27 0.0
427.28 0.0
427.29 0.0
427.3 0.0
427.31 0.0
427.32 0.0
427.33 0.0
427.34 0.0
427.35 0.0
427.36 0.0
427.37 0.0
427.38 0.0
427.39 0.0
427.4 0.0
427.41 0.0
427.42 0.0
427.43 0.0
427.44 0.0
427.45 0.0
427.46 0.0
427.47 0.0
427.48 0.0
427.49 0.0
427.5 0.0
427.51 0.0
427.52 0.0
427.53 0.0
427.54 0.0
427.55 0.0
427.56 0.0
427.57 0.0
427.58 0.0
427.59 0.0
427.6 0.0
427.61 0.0
427.62 0.0
427.63 0.0
427.64 0.0
427.65 0.0
427.66 0.0
427.67 0.0
427.68 0.0
427.69 0.0
427.7 0.0
427.71 0.0
427.72 0.0
427.73 0.0
427.74 0.0
427.75 0.0
427.76 0.0
427.77 0.0
427.78 0.0
427.79 0.0
427.8 0.0
427.81 0.0
427.82 0.0
427.83 0.0
427.84 0.0
427.85 0.0
427.86 0.0
427.87 0.0
427.88 0.0
427.89 0.0
427.9 0.0
427.91 0.0
427.92 0.0
427.93 0.0
427.94 0.0
427.95 0.0
427.96 0.0
427.97 0.0
427.98 0.0
427.99 0.0
428.0 0.0
428.01 0.0
428.02 0.0
428.03 0.0
428.04 0.0
428.05 0.0
428.06 0.0
428.07 0.0
428.08 0.0
428.09 0.0
428.1 0.0
428.11 0.0
428.12 0.0
428.13 0.0
428.14 0.0
428.15 0.0
428.16 0.0
428.17 0.0
428.18 0.0
428.19 0.0
428.2 0.0
428.21 0.0
428.22 0.0
428.23 0.0
428.24 0.0
428.25 0.0
428.26 0.0
428.27 0.0
428.28 0.0
428.29 0.0
428.3 0.0
428.31 0.0
428.32 0.0
428.33 0.0
428.34 0.0
428.35 0.0
428.36 0.0
428.37 0.0
428.38 0.0
428.39 0.0
428.4 0.0
428.41 0.0
428.42 0.0
428.43 0.0
428.44 0.0
428.45 0.0
428.46 0.0
428.47 0.0
428.48 0.0
428.49 0.0
428.5 0.0
428.51 0.0
428.52 0.0
428.53 0.0
428.54 0.0
428.55 0.0
428.56 0.0
428.57 0.0
428.58 0.0
428.59 0.0
428.6 0.0
428.61 0.0
428.62 0.0
428.63 0.0
428.64 0.0
428.65 0.0
428.66 0.0
428.67 0.0
428.68 0.0
428.69 0.0
428.7 0.0
428.71 0.0
428.72 0.0
428.73 0.0
428.74 0.0
428.75 0.0
428.76 0.0
428.77 0.0
428.78 0.0
428.79 0.0
428.8 0.0
428.81 0.0
428.82 0.0
428.83 0.0
428.84 0.0
428.85 0.0
428.86 0.0
428.87 0.0
428.88 0.0
428.89 0.0
428.9 0.0
428.91 0.0
428.92 0.0
428.93 0.0
428.94 0.0
428.95 0.0
428.96 0.0
428.97 0.0
428.98 0.0
428.99 0.0
429.0 0.0
429.01 0.0
429.02 0.0
429.03 0.0
429.04 0.0
429.05 0.0
429.06 0.0
429.07 0.0
429.08 0.0
429.09 0.0
429.1 0.0
429.11 0.0
429.12 0.0
429.13 0.0
429.14 0.0
429.15 0.0
429.16 0.0
429.17 0.0
429.18 0.0
429.19 0.0
429.2 0.0
429.21 0.0
429.22 0.0
429.23 0.0
429.24 0.0
429.25 0.0
429.26 0.0
429.27 0.0
429.28 0.0
429.29 0.0
429.3 0.0
429.31 0.0
429.32 0.0
429.33 0.0
429.34 0.0
429.35 0.0
429.36 0.0
429.37 0.0
429.38 0.0
429.39 0.0
429.4 0.0
429.41 0.0
429.42 0.0
429.43 0.0
429.44 0.0
429.45 0.0
429.46 0.0
429.47 0.0
429.48 0.0
429.49 0.0
429.5 0.0
429.51 0.0
429.52 0.0
429.53 0.0
429.54 0.0
429.55 0.0
429.56 0.0
429.57 0.0
429.58 0.0
429.59 0.0
429.6 0.0
429.61 0.0
429.62 0.0
429.63 0.0
429.64 0.0
429.65 0.0
429.66 0.0
429.67 0.0
429.68 0.0
429.69 0.0
429.7 0.0
429.71 0.0
429.72 0.0
429.73 0.0
429.74 0.0
429.75 0.0
429.76 0.0
429.77 0.0
429.78 0.0
429.79 0.0
429.8 0.0
429.81 0.0
429.82 0.0
429.83 0.0
429.84 0.0
429.85 0.0
429.86 0.0
429.87 0.0
429.88 0.0
429.89 0.0
429.9 0.0
429.91 0.0
429.92 0.0
429.93 0.0
429.94 0.0
429.95 0.0
429.96 0.0
429.97 0.0
429.98 0.0
429.99 0.0
