400.0 3.29400160729e-72
400.01 5.57053491967e-72
400.02 9.41225549985e-72
400.03 1.58896461917e-71
400.04 2.68014603781e-71
400.05 4.51675363898e-71
400.06 7.60532994416e-71
400.07 1.27947978655e-70
400.08 2.15066373018e-70
400.09 3.61189656943e-70
400.1 6.06068639141e-70
400.11 1.01608965899e-69
400.12 1.70202511132e-69
400.13 2.84854843026e-69
400.14 4.76326742038e-69
400.15 7.95811175834e-69
400.16 1.32843043101e-68
400.17 2.21559976285e-68
400.18 3.69204951519e-68
400.19 6.14705977385e-68
400.2 1.02256533979e-67
400.21 1.69956747948e-67
400.22 2.8223408996e-67
400.23 4.6827852175e-67
400.24 7.76287727933e-67
400.25 1.28577481558e-66
400.26 2.12780008499e-66
400.27 3.51819932791e-66
400.28 5.81210930485e-66
400.29 9.59336166873e-66
400.3 1.58209141738e-65
400.31 2.60685001027e-65
400.32 4.29164930341e-65
400.33 7.05921030421e-65
400.34 1.16014354321e-64
400.35 1.90498274713e-64
400.36 3.12531703186e-64
400.37 5.12295832781e-64
400.38 8.39018003864e-64
400.39 1.37292068901e-63
400.4 2.24462260144e-63
400.41 3.66661175184e-63
400.42 5.98425695279e-63
400.43 9.7584143025e-63
400.44 1.58990796315e-62
400.45 2.58814395802e-62
400.46 4.20948131436e-62
400.47 6.84057258549e-62
400.48 1.11065720322e-61
400.49 1.80173672999e-61
400.5 2.92029240626e-61
400.51 4.72917144557e-61
400.52 7.65186837318e-61
400.53 1.23701120992e-60
400.54 1.99803684364e-60
400.55 3.2244605054e-60
400.56 5.19917390177e-60
400.57 8.37597434596e-60
400.58 1.34821776561e-59
400.59 2.16824555712e-59
400.6 3.48401966179e-59
400.61 5.59340726086e-59
400.62 8.97213911789e-59
400.63 1.43793504559e-58
400.64 2.30253505392e-58
400.65 3.6838076485e-58
400.66 5.88859047814e-58
400.67 9.40479799911e-58
400.68 1.50076020131e-57
400.69 2.39274737668e-57
400.7 3.81158935953e-57
400.71 6.06651220311e-57
400.72 9.64707728318e-57
400.73 1.5327670379e-56
400.74 2.43321373615e-56
400.75 3.85929590971e-56
400.76 6.11588923572e-56
400.77 9.68355572352e-56
400.78 1.53191198252e-55
400.79 2.42134393818e-55
400.8 3.82386776296e-55
400.81 6.03355060719e-55
400.82 9.51188885534e-55
400.83 1.49825000114e-54
400.84 2.35790074089e-54
400.85 3.707579427e-54
400.86 5.82477455486e-54
400.87 9.14305833307e-54
400.88 1.43392875156e-53
400.89 2.24691874602e-53
400.9 3.51779781502e-53
400.91 5.50272861349e-53
400.92 8.60020942277e-53
400.93 1.34296183735e-52
400.94 2.09527981333e-52
400.95 3.26620995868e-52
400.96 5.08709538525e-52
400.97 7.91624771548e-52
400.98 1.23081444061e-51
400.99 1.91200710946e-51
401.0 2.96763261265e-51
401.01 4.60208334822e-51
401.02 7.13054191669e-51
401.03 1.10386078973e-50
401.04 1.70737842548e-50
401.05 2.63857221084e-50
401.06 4.07410194031e-50
401.07 6.28519145452e-50
401.08 9.68788207392e-50
401.09 1.49197961213e-49
401.1 2.2957291352e-49
401.11 3.5294100318e-49
401.12 5.42134815361e-49
401.13 8.32024649792e-49
401.14 1.27581822104e-48
401.15 1.95463252111e-48
401.16 2.99202455002e-48
401.17 4.57603036422e-48
401.18 6.99256247002e-48
401.19 1.0675974428e-47
401.2 1.62855491378e-47
401.21 2.48210987374e-47
401.22 3.77975203565e-47
401.23 5.75081410858e-47
401.24 8.74216626492e-47
401.25 1.32779951874e-46
401.26 2.01497501006e-46
401.27 3.05513590556e-46
401.28 4.62823195718e-46
401.29 7.00524633703e-46
401.3 1.05938890236e-45
401.31 1.60070440152e-45
401.32 2.41652098901e-45
401.33 3.64496797224e-45
401.34 5.49313881539e-45
401.35 8.27124993181e-45
401.36 1.24435823593e-44
401.37 1.87043845004e-44
401.38 2.80908660654e-44
401.39 4.21512588214e-44
401.4 6.31945581443e-44
401.41 9.46613135619e-44
401.42 1.41673650391e-43
401.43 2.11850432126e-43
401.44 3.16514300493e-43
401.45 4.7247739134e-43
401.46 7.04680801021e-43
401.47 1.05009250661e-42
401.48 1.56345862244e-42
401.49 2.32578163571e-42
401.5 3.45680749229e-42
401.51 5.13340069035e-42
401.52 7.61655964287e-42
401.53 1.12910997032e-41
401.54 1.67238918325e-41
401.55 2.47492572607e-41
401.56 3.65940690016e-41
401.57 5.40608596992e-41
401.58 7.97955927872e-41
401.59 1.1767889331e-40
401.6 1.73397151237e-40
401.61 2.55275451654e-40
401.62 3.75491284337e-40
401.63 5.5184152989e-40
401.64 8.10312640373e-40
401.65 1.18881577366e-39
401.66 1.74261005852e-39
401.67 2.55216992538e-39
401.68 3.73458775867e-39
401.69 5.46008576518e-39
401.7 7.97590499417e-39
401.71 1.16408365786e-38
401.72 1.69750915451e-38
401.73 2.47322581126e-38
401.74 3.6003036269e-38
401.75 5.23646491654e-38
401.76 7.60958514663e-38
401.77 1.1048605732e-37
401.78 1.60279391082e-37
401.79 2.32311978789e-37
401.8 3.36425755839e-37
401.81 4.8677759654e-37
401.82 7.03713106576e-37
401.83 1.01644623148e-36
401.84 1.46688778717e-36
401.85 2.11511063077e-36
401.86 3.04714412283e-36
401.87 4.38608068033e-36
401.88 6.3078876411e-36
401.89 9.06389767831e-36
401.9 1.3012769947e-35
401.91 1.86658693736e-35
401.92 2.6751639606e-35
401.93 3.83068375855e-35
401.94 5.48057225971e-35
401.95 7.83428251018e-35
401.96 1.11891284957e-34
401.97 1.59667676939e-34
401.98 2.27646755234e-34
401.99 3.24287071501e-34
402.0 4.61552935714e-34
402.01 6.5635245348e-34
402.02 9.32559221368e-34
402.03 1.32385201626e-33
402.04 1.8776998608e-33
402.05 2.66094941999e-33
402.06 3.76765195712e-33
402.07 5.33001765664e-33
402.08 7.533733106e-33
402.09 1.06393605338e-32
402.1 1.50122066444e-32
402.11 2.11639757037e-32
402.12 2.98108038659e-32
402.13 4.19540443159e-32
402.14 5.89926208017e-32
402.15 8.28791447734e-32
402.16 1.16336647342e-31
402.17 1.63159189518e-31
402.18 2.28628436962e-31
402.19 3.20090413655e-31
402.2 4.4775330549e-31
402.21 6.25790039188e-31
402.22 8.73860691461e-31
402.23 1.21921269068e-30
402.24 1.6995754827e-30
402.25 2.3671465886e-30
402.26 3.29407559134e-30
402.27 4.58000214585e-30
402.28 6.36240798472e-30
402.29 8.83082055747e-30
402.3 1.22462837511e-29
402.31 1.69680247311e-29
402.32 2.34899434642e-29
402.33 3.24904979227e-29
402.34 4.49008409566e-29
402.35 6.19978024017e-29
402.36 8.55306610535e-29
402.37 1.17893829292e-28
402.38 1.62361865356e-28
402.39 2.23409019632e-28
402.4 3.07143328116e-28
402.41 4.21895780028e-28
402.42 5.79019232694e-28
402.43 7.93970762458e-28
402.44 1.08777667767e-27
402.45 1.48901368334e-27
402.46 2.03648561544e-27
402.47 2.78283666946e-27
402.48 3.79942433946e-27
402.49 5.18288528043e-27
402.5 7.06397419789e-27
402.51 9.61945184444e-27
402.52 1.30880594189e-26
402.53 1.7791964511e-26
402.54 2.41655265063e-26
402.55 3.27938444536e-26
402.56 4.44643671565e-26
402.57 6.02359287908e-26
402.58 8.15310094375e-26
402.59 1.10258921482e-25
402.6 1.48980138335e-25
402.61 2.0112530647e-25
402.62 2.71286871363e-25
402.63 3.65607038297e-25
402.64 4.92293419893e-25
402.65 6.62303769177e-25
402.66 8.90254412335e-25
402.67 1.19562436175e-24
402.68 1.60434988967e-24
402.69 2.15093424722e-24
402.7 2.88123639938e-24
402.71 3.85615394483e-24
402.72 5.15648248181e-24
402.73 6.8893213445e-24
402.74 9.19651006811e-24
402.75 1.2265729177e-23
402.76 1.63450933267e-23
402.77 2.1762317915e-23
402.78 2.89498693876e-23
402.79 3.8477937019e-23
402.8 5.1097618879e-23
402.81 6.77974342375e-23
402.82 8.98772067631e-23
402.83 1.19044569162e-22
402.84 1.57540899531e-22
402.85 2.08305514238e-22
402.86 2.75189541729e-22
402.87 3.63234253046e-22
402.88 4.79032941181e-22
402.89 6.31200995228e-22
402.9 8.30985954473e-22
402.91 1.09305849576e-21
402.92 1.43653706995e-21
402.93 1.88631397952e-21
402.94 2.47476999408e-21
402.95 3.24398929607e-21
402.96 4.2486181092e-21
402.97 5.55955065726e-21
402.98 7.26867749725e-21
402.99 9.49499676322e-21
403.0 1.23924722309e-20
403.01 1.61601281459e-20
403.02 2.10550054756e-20
403.03 2.74087752437e-20
403.04 3.56490214377e-20
403.05 4.63264806644e-20
403.06 6.01498733642e-20
403.07 7.8030400909e-20
403.08 1.01138538061e-19
403.09 1.30976450766e-19
403.1 1.69470252321e-19
403.11 2.1908742299e-19
403.12 2.82986117291e-19
403.13 3.65204841587e-19
403.14 4.7090319263e-19
403.15 6.06667117286e-19
403.16 7.80895624353e-19
403.17 1.00429022426e-18
403.18 1.29047380633e-18
403.19 1.65677245224e-18
403.2 2.12520215816e-18
403.21 2.72371300378e-18
403.22 3.48775646794e-18
403.23 4.46225796874e-18
403.24 5.70409706667e-18
403.25 7.28522305532e-18
403.26 9.29656503625e-18
403.27 1.18529344566e-17
403.28 1.50991662311e-17
403.29 1.92178041198e-17
403.3 2.44387096126e-17
403.31 3.10510644077e-17
403.32 3.94183485743e-17
403.33 4.99970144827e-17
403.34 6.33597463934e-17
403.35 8.02244043691e-17
403.36 1.01490007573e-16
403.37 1.28281426597e-16
403.38 1.6200484001e-16
403.39 2.04416482408e-16
403.4 2.57707788621e-16
403.41 3.24610744262e-16
403.42 4.08528113938e-16
403.43 5.13694268484e-16
403.44 6.45373611608e-16
403.45 8.10105162706e-16
403.46 1.01600374444e-15
403.47 1.27313052093e-15
403.48 1.59394841907e-15
403.49 1.99388134221e-15
403.5 2.4920001729e-15
403.51 3.11186350437e-15
403.52 3.88254701059e-15
403.53 4.83990256985e-15
403.54 6.02809694079e-15
403.55 7.50149024746e-15
403.56 9.32692710815e-15
403.57 1.15865283571e-14
403.58 1.43810894493e-14
403.59 1.78342133907e-14
403.6 2.20973320879e-14
403.61 2.73558011833e-14
403.62 3.38362906953e-14
403.63 4.18157382565e-14
403.64 5.16321847897e-14
403.65 6.3697875642e-14
403.66 7.8515085394e-14
403.67 9.66952139386e-14
403.68 1.18981807553e-13
403.69 1.46278284563e-13
403.7 1.79681294346e-13
403.71 2.20520814896e-13
403.72 2.70408302861e-13
403.73 3.31294456323e-13
403.74 4.05538441214e-13
403.75 4.95990774706e-13
403.76 6.06092461862e-13
403.77 7.399934556e-13
403.78 9.0269406631e-13
403.79 1.10021359992e-12
403.8 1.3397912676e-12
403.81 1.630125305e-12
403.82 1.9816572842e-12
403.83 2.40690982293e-12
403.84 2.92088731867e-12
403.85 3.54155099433e-12
403.86 4.29038147123e-12
403.87 5.19304432771e-12
403.88 6.28017670459e-12
403.89 7.58831603609e-12
403.9 9.16099547962e-12
403.91 1.10500346593e-11
403.92 1.33170590079e-11
403.93 1.60352863778e-11
403.94 1.92916258035e-11
403.95 2.31891404402e-11
403.96 2.78499349234e-11
403.97 3.3418536825e-11
403.98 4.00658526998e-11
403.99 4.7993791609e-11
404.0 5.74406631772e-11
404.01 6.86874734366e-11
404.02 8.20652601854e-11
404.03 9.79636306432e-11
404.04 1.16840688149e-10
404.05 1.39234561883e-10
404.06 1.657767845e-10
404.07 1.97207797632e-10
404.08 2.34394904855e-10
404.09 2.7835303661e-10
404.1 3.30268742189e-10
404.11 3.91527881008e-10
404.12 4.63747549688e-10
404.13 5.48812853757e-10
404.14 6.4891921395e-10
404.15 7.66620988118e-10
404.16 9.04887291641e-10
404.17 1.06716601315e-09
404.18 1.25745714959e-09
404.19 1.48039672631e-09
404.2 1.74135272584e-09
404.21 2.04653462414e-09
404.22 2.40311832776e-09
404.23 2.81938852112e-09
404.24 3.30490067107e-09
404.25 3.87066519969e-09
404.26 4.52935662626e-09
404.27 5.29555079907e-09
404.28 6.18599368856e-09
404.29 7.21990559881e-09
404.3 8.41932507573e-09
404.31 9.80949725151e-09
404.32 1.14193118677e-08
404.33 1.3281796767e-08
404.34 1.54346732393e-08
404.35 1.79209802525e-08
404.36 2.07897752992e-08
404.37 2.40969203437e-08
404.38 2.79059621704e-08
404.39 3.22891173072e-08
404.4 3.73283726417e-08
404.41 4.31167138508e-08
404.42 4.97594948422e-08
404.43 5.73759625501e-08
404.44 6.61009526465e-08
404.45 7.60867730181e-08
404.46 8.75052932233e-08
404.47 1.00550259581e-07
404.48 1.15439857051e-07
404.49 1.32419540641e-07
404.5 1.51765160732e-07
404.51 1.73786408417e-07
404.52 1.9883060872e-07
404.53 2.27286891391e-07
404.54 2.59590770838e-07
404.55 2.96229168665e-07
404.56 3.3774591424e-07
404.57 3.84747760612e-07
404.58 4.37910955129e-07
404.59 4.97988405947e-07
404.6 5.65817487615e-07
404.61 6.42328530669e-07
404.62 7.28554042033e-07
404.63 8.25638704602e-07
404.64 9.34850205968e-07
404.65 1.05759094761e-06
404.66 1.19541068702e-06
404.67 1.35002016624e-06
404.68 1.52330578088e-06
404.69 1.71734534413e-06
404.7 1.9344250003e-06
404.71 2.17705734186e-06
404.72 2.44800078346e-06
404.73 2.75028024468e-06
404.74 3.08720919178e-06
404.75 3.46241308581e-06
404.76 3.87985428166e-06
404.77 4.34385841867e-06
404.78 4.85914233857e-06
404.79 5.43084356147e-06
404.8 6.06455134389e-06
404.81 6.76633933582e-06
404.82 7.54279984544e-06
404.83 8.40107971083e-06
404.84 9.34891776772e-06
404.85 1.03946838907e-05
404.86 1.15474195728e-05
404.87 1.28168799947e-05
404.88 1.42135775189e-05
404.89 1.57488265299e-05
404.9 1.74347895215e-05
404.91 1.92845243155e-05
404.92 2.13120322758e-05
404.93 2.35323073607e-05
404.94 2.59613858342e-05
404.95 2.8616396434e-05
404.96 3.15156107695e-05
404.97 3.46784937001e-05
404.98 3.81257534142e-05
404.99 4.18793909083e-05
405.0 4.59627485347e-05
405.01 5.04005572613e-05
405.02 5.52189822593e-05
405.03 6.0445666408e-05
405.04 6.61097712786e-05
405.05 7.22420151335e-05
405.06 7.88747074517e-05
405.07 8.60417794684e-05
405.08 9.37788101923e-05
405.09 0.000102123047345
405.1 0.000111113422646
405.11 0.000120790560856
405.12 0.000131196781972
405.13 0.000142376095956
405.14 0.000154374189384
405.15 0.000167238403382
405.16 0.000181017702242
405.17 0.000195762632078
405.18 0.000211525268943
405.19 0.000228359155799
405.2 0.000246319227786
405.21 0.000265461725243
405.22 0.00028584409398
405.23 0.000307524872341
405.24 0.000330563564631
405.25 0.000355020500553
405.26 0.000380956680343
405.27 0.000408433605377
405.28 0.000437513094072
405.29 0.000468257083017
405.3 0.000500727413323
405.31 0.000534985602291
405.32 0.00057109260061
405.33 0.000609108535361
405.34 0.000649092439257
405.35 0.000691101966634
405.36 0.000735193096837
405.37 0.000781419825771
405.38 0.000829833846486
405.39 0.00088048421984
405.4 0.000933417036343
405.41 0.000988675070481
405.42 0.00104629742889
405.43 0.00110631919388
405.44 0.00116877106401
405.45 0.00123367899336
405.46 0.00130106383141
405.47 0.00137094096551
405.48 0.00144331996795
405.49 0.00151820424977
405.5 0.00159559072352
405.51 0.00167546947729
405.52 0.00175782346224
405.53 0.00184262819607
405.54 0.00192985148477
405.55 0.00201945316502
405.56 0.00211138486965
405.57 0.0022055898185
405.58 0.00230200263687
405.59 0.00240054920393
405.6 0.00250114653324
405.61 0.00260370268718
405.62 0.00270811672757
405.63 0.002814278704
405.64 0.00292206968151
405.65 0.00303136180926
405.66 0.00314201843118
405.67 0.00325389423984
405.68 0.00336683547425
405.69 0.0034806801622
405.7 0.00359525840747
405.71 0.00371039272201
405.72 0.00382589840276
405.73 0.00394158395277
405.74 0.00405725154579
405.75 0.00417269753318
405.76 0.00428771299201
405.77 0.00440208431247
405.78 0.0045155938228
405.79 0.00462802044963
405.8 0.004739140411
405.81 0.00484872793962
405.82 0.00495655603324
405.83 0.00506239722892
405.84 0.00516602439787
405.85 0.00526721155724
405.86 0.00536573469497
405.87 0.00546137260396
405.88 0.00555390772133
405.89 0.00564312696881
405.9 0.00572882258985
405.91 0.00581079297941
405.92 0.00588884350206
405.93 0.00596278729417
405.94 0.0060324460461
405.95 0.00609765076022
405.96 0.00615824248081
405.97 0.00621407299213
405.98 0.00626500548085
405.99 0.00631091515958
406.0 0.0063516898482
406.01 0.0063872305101
406.02 0.00641745174068
406.03 0.00644228220575
406.04 0.00646166502793
406.05 0.00647555811916
406.06 0.00648393445825
406.07 0.00648678231239
406.08 0.00648410540214
406.09 0.0064759230097
406.1 0.00646227003062
406.11 0.00644319696969
406.12 0.0064187698819
406.13 0.00638907025989
406.14 0.00635419486955
406.15 0.00631425553598
406.16 0.0062693788821
406.17 0.00621970602277
406.18 0.00616539221741
406.19 0.00610660648431
406.2 0.00604353118046
406.21 0.00597636155035
406.22 0.00590530524784
406.23 0.00583058183525
406.24 0.00575242226365
406.25 0.00567106833883
406.26 0.0055867721772
406.27 0.00549979565589
406.28 0.00541040986128
406.29 0.00531889454034
406.3 0.00522553755869
406.31 0.00513063436926
406.32 0.00503448749553
406.33 0.00493740603261
406.34 0.00483970516945
406.35 0.00474170573531
406.36 0.00464373377287
406.37 0.00454612014042
406.38 0.00444920014493
406.39 0.00435331320763
406.4 0.0042588025629
406.41 0.00416601499147
406.42 0.00407530058771
406.43 0.00398701256101
406.44 0.00390150707035
406.45 0.00381914309079
406.46 0.00374028231022
406.47 0.00366528905415
406.48 0.00359453023581
406.49 0.00352837532857
406.5 0.00346719635697
406.51 0.00341136790242
406.52 0.00336126711929
406.53 0.00331727375649
406.54 0.0032797701795
406.55 0.00324914138748
406.56 0.00322577501975
406.57 0.00321006134578
406.58 0.0032023932325
406.59 0.00320316608291
406.6 0.00321277773946
406.61 0.00323162834596
406.62 0.00326012016178
406.63 0.00329865732185
406.64 0.00334764553665
406.65 0.00340749172601
406.66 0.00347860358113
406.67 0.00356138904957
406.68 0.00365625573809
406.69 0.0037636102288
406.7 0.00388385730473
406.71 0.00401739908108
406.72 0.00416463403951
406.73 0.00432595596312
406.74 0.00450175277062
406.75 0.00469240524907
406.76 0.00489828568523
406.77 0.00511975639644
406.78 0.00535716816295
406.79 0.00561085856453
406.8 0.00588115022488
406.81 0.00616834896891
406.82 0.00647274189822
406.83 0.00679459539187
406.84 0.00713415303978
406.85 0.00749163351776
406.86 0.00786722841368
406.87 0.00826110001551
406.88 0.00867337907263
406.89 0.00910416254308
406.9 0.00955351133978
406.91 0.0100214480898
406.92 0.0105079549218
406.93 0.0110129712959
406.94 0.0115363918938
406.95 0.0120780645833
406.96 0.0126377884756
406.97 0.0132153120921
406.98 0.0138103316565
406.99 0.0144224895315
407.0 0.0150513728152
407.01 0.0156965121155
407.02 0.0163573805172
407.03 0.0170333927602
407.04 0.0177239046415
407.05 0.0184282126577
407.06 0.0191455539003
407.07 0.0198751062171
407.08 0.0206159886509
407.09 0.0213672621661
407.1 0.0221279306714
407.11 0.0228969423463
407.12 0.0236731912772
407.13 0.0244555194068
407.14 0.0252427187985
407.15 0.0260335342174
407.16 0.0268266660248
407.17 0.0276207733838
407.18 0.0284144777692
407.19 0.0292063667749
407.2 0.0299949982089
407.21 0.0307789044641
407.22 0.0315565971503
407.23 0.0323265719732
407.24 0.0330873138422
407.25 0.0338373021862
407.26 0.0345750164584
407.27 0.0352989418054
407.28 0.0360075748776
407.29 0.0366994297538
407.3 0.0373730439543
407.31 0.038026984513
407.32 0.0386598540811
407.33 0.0392702970308
407.34 0.0398570055303
407.35 0.0404187255583
407.36 0.0409542628274
407.37 0.0414624885857
407.38 0.0419423452659
407.39 0.0423928519508
407.4 0.0428131096275
407.41 0.0432023061992
407.42 0.0435597212282
407.43 0.0438847303829
407.44 0.0441768095638
407.45 0.0444355386839
407.46 0.0446606050827
407.47 0.0448518065517
407.48 0.0450090539545
407.49 0.0451323734239
407.5 0.0452219081219
407.51 0.045277919552
407.52 0.0453007884104
407.53 0.045291014973
407.54 0.0452492190089
407.55 0.0451761392196
407.56 0.0450726322037
407.57 0.0449396709463
407.58 0.0447783428398
407.59 0.0445898472407
407.6 0.0443754925701
407.61 0.0441366929703
407.62 0.043874964527
407.63 0.0435919210733
407.64 0.0432892695899
407.65 0.0429688052198
407.66 0.0426324059156
407.67 0.0422820267397
407.68 0.0419196938392
407.69 0.0415474981169
407.7 0.0411675886229
407.71 0.0407821656904
407.72 0.0403934738392
407.73 0.0400037944748
407.74 0.0396154384054
407.75 0.039230738206
407.76 0.0388520404528
407.77 0.0384816978556
407.78 0.0381220613136
407.79 0.0377754719208
407.8 0.0374442529464
407.81 0.0371307018156
407.82 0.0368370821156
407.83 0.0365656156528
407.84 0.0363184745835
407.85 0.0360977736432
407.86 0.0359055624976
407.87 0.0357438182385
407.88 0.0356144380459
407.89 0.0355192320397
407.9 0.0354599163414
407.91 0.0354381063669
407.92 0.0354553103717
407.93 0.0355129232673
407.94 0.0356122207295
407.95 0.0357543536168
407.96 0.035940342719
407.97 0.036171073852
407.98 0.0364472933193
407.99 0.0367696037551
408.0 0.0371384603676
408.01 0.0375541675978
408.02 0.0380168762098
408.03 0.0385265808276
408.04 0.0390831179335
408.05 0.0396861643408
408.06 0.0403352361543
408.07 0.0410296882303
408.08 0.041768714147
408.09 0.0425513466961
408.1 0.043376458902
408.11 0.0442427655786
408.12 0.0451488254271
408.13 0.0460930436811
408.14 0.0470736752994
408.15 0.0480888287095
408.16 0.0491364700983
408.17 0.050214428248
408.18 0.0513203999121
408.19 0.0524519557213
408.2 0.0536065466122
408.21 0.0547815107636
408.22 0.0559740810266
408.23 0.0571813928294
408.24 0.058400492538
408.25 0.059628346248
408.26 0.0608618489821
408.27 0.0620978342657
408.28 0.0633330840486
408.29 0.0645643389389
408.3 0.0657883087146
408.31 0.0670016830731
408.32 0.0682011425781
408.33 0.0693833697626
408.34 0.0705450603419
408.35 0.0716829344918
408.36 0.0727937481439
408.37 0.0738743042494
408.38 0.0749214639622
408.39 0.0759321576905
408.4 0.0769033959673
408.41 0.0778322800882
408.42 0.0787160124672
408.43 0.0795519066606
408.44 0.0803373970105
408.45 0.0810700478593
408.46 0.0817475622921
408.47 0.0823677903603
408.48 0.0829287367467
408.49 0.083428567832
408.5 0.0838656181274
408.51 0.0842383960387
408.52 0.0845455889345
408.53 0.0847860674892
408.54 0.0849588892817
408.55 0.0850633016289
408.56 0.0850987436407
408.57 0.0850648474868
408.58 0.084961438869
408.59 0.0847885366983
408.6 0.0845463519792
408.61 0.0842352859102
408.62 0.0838559272106
408.63 0.0834090486921
408.64 0.0828956030937
408.65 0.0823167182062
408.66 0.0816736913136
408.67 0.0809679829849
408.68 0.0802012102505
408.69 0.079375139204
408.7 0.0784916770697
408.71 0.0775528637819
408.72 0.0765608631215
408.73 0.0755179534606
408.74 0.0744265181646
408.75 0.073289035704
408.76 0.0721080695301
408.77 0.0708862577662
408.78 0.0696263027709
408.79 0.0683309606247
408.8 0.0670030305954
408.81 0.0656453446337
408.82 0.0642607569507
408.83 0.0628521337281
408.84 0.0614223430081
408.85 0.0599742448105
408.86 0.0585106815199
408.87 0.0570344685853
408.88 0.0555483855703
408.89 0.0540551675897
408.9 0.0525574971649
408.91 0.0510579965277
408.92 0.0495592203989
408.93 0.0480636492626
408.94 0.0465736831577
408.95 0.0450916359995
408.96 0.0436197304456
408.97 0.0421600933127
408.98 0.0407147515505
408.99 0.039285628774
409.0 0.0378745423526
409.01 0.0364832010502
409.02 0.0351132032101
409.03 0.0337660354728
409.04 0.0324430720135
409.05 0.0311455742837
409.06 0.0298746912379
409.07 0.0286314600261
409.08 0.0274168071287
409.09 0.0262315499109
409.1 0.0250763985709
409.11 0.0239519584543
409.12 0.0228587327091
409.13 0.0217971252514
409.14 0.0207674440133
409.15 0.0197699044442
409.16 0.0188046332353
409.17 0.0178716722393
409.18 0.0169709825545
409.19 0.0161024487462
409.2 0.0152658831772
409.21 0.0144610304193
409.22 0.0136875717199
409.23 0.0129451294989
409.24 0.0122332718511
409.25 0.0115515170307
409.26 0.0108993378979
409.27 0.0102761663051
409.28 0.00968139740599
409.29 0.00911439386814
409.3 0.00857448997539
409.31 0.00806099560399
409.32 0.00757320006052
409.33 0.00711037577033
409.34 0.0066717818065
409.35 0.00625666725132
409.36 0.00586427438334
409.37 0.00549384168462
409.38 0.00514460666414
409.39 0.00481580849467
409.4 0.0045066904614
409.41 0.00421650222223
409.42 0.00394450188023
409.43 0.00368995787007
409.44 0.00345215066123
409.45 0.00323037428139
409.46 0.00302393766438
409.47 0.00283216582786
409.48 0.00265440088623
409.49 0.00249000290509
409.5 0.002338350604
409.51 0.00219884191462
409.52 0.00207089440159
409.53 0.00195394555415
409.54 0.0018474529561
409.55 0.0017508943425
409.56 0.001663767551
409.57 0.0015855903763
409.58 0.00151590033575
409.59 0.00145425435424
409.6 0.00140022837664
409.61 0.00135341691547
409.62 0.00131343254168
409.63 0.00127990532611
409.64 0.00125248223893
409.65 0.00123082651413
409.66 0.00121461698594
409.67 0.00120354740365
409.68 0.00119732573117
409.69 0.00119567343708
409.7 0.001198324781
409.71 0.00120502610138
409.72 0.00121553510976
409.73 0.00122962019605
409.74 0.00124705974916
409.75 0.00126764149688
409.76 0.00129116186863
409.77 0.00131742538427
409.78 0.0013462440721
409.79 0.00137743691839
409.8 0.00141082935091
409.81 0.0014462527584
409.82 0.00148354404754
409.83 0.00152254523888
409.84 0.00156310310266
409.85 0.00160506883547
409.86 0.00164829777797
409.87 0.00169264917409
409.88 0.0017379859715
409.89 0.00178417466313
409.9 0.0018310851691
409.91 0.00187859075826
409.92 0.00192656800832
409.93 0.00197489680328
409.94 0.00202346036674
409.95 0.00207214532936
409.96 0.00212084182865
409.97 0.00216944363914
409.98 0.0022178483305
409.99 0.00226595745163
410.0 0.00231367673794
410.01 0.00236091633933
410.02 0.00240759106624
410.03 0.00245362065085
410.04 0.00249893002063
410.05 0.00254344958125
410.06 0.0025871155059
410.07 0.00262987002796
410.08 0.00267166173399
410.09 0.00271244585399
410.1 0.00275218454593
410.11 0.00279084717149
410.12 0.00282841056012
410.13 0.00286485925848
410.14 0.00290018576248
410.15 0.00293439072924
410.16 0.00296748316622
410.17 0.0029994805952
410.18 0.0030304091887
410.19 0.0030603038766
410.2 0.00308920842094
410.21 0.00311717545718
410.22 0.00314426650002
410.23 0.00317055191248
410.24 0.00319611083693
410.25 0.00322103108701
410.26 0.00324540899961
410.27 0.00326934924631
410.28 0.00329296460395
410.29 0.00331637568418
410.3 0.00333971062204
410.31 0.00336310472406
410.32 0.00338670007633
410.33 0.00341064511347
410.34 0.00343509414956
410.35 0.00346020687223
410.36 0.00348614780161
410.37 0.00351308571579
410.38 0.00354119304473
410.39 0.00357064523491
410.4 0.00360162008698
410.41 0.00363429706906
410.42 0.00366885660831
410.43 0.00370547936381
410.44 0.00374434548369
410.45 0.00378563384963
410.46 0.00382952131221
410.47 0.00387618192031
410.48 0.00392578614813
410.49 0.00397850012338
410.5 0.00403448486014
410.51 0.00409389550011
410.52 0.00415688056585
410.53 0.00422358122958
410.54 0.00429413060117
410.55 0.00436865303893
410.56 0.00444726348647
410.57 0.00453006683929
410.58 0.00461715734417
410.59 0.0047086180346
410.6 0.00480452020522
410.61 0.00490492292817
410.62 0.00500987261399
410.63 0.00511940261947
410.64 0.00523353290477
410.65 0.00535226974183
410.66 0.0054756054758
410.67 0.005603518341
410.68 0.00573597233272
410.69 0.00587291713569
410.7 0.00601428811008
410.71 0.00616000633518
410.72 0.00630997871105
410.73 0.00646409811769
410.74 0.00662224363134
410.75 0.00678428079697
410.76 0.00695006195577
410.77 0.00711942662623
410.78 0.00729220193697
410.79 0.00746820310928
410.8 0.00764723398694
410.81 0.00782908761088
410.82 0.00801354683553
410.83 0.00820038498392
410.84 0.00838936653821
410.85 0.00858024786188
410.86 0.00877277795011
410.87 0.00896669920425
410.88 0.00916174822647
410.89 0.00935765663047
410.9 0.00955415186389
410.91 0.00975095803836
410.92 0.00994779676274
410.93 0.0101443879754
410.94 0.010340450771
410.95 0.0105357042184
410.96 0.0107298681643
410.97 0.01092266402
410.98 0.0111138155267
410.99 0.011303049496
411.0 0.011490096522
411.01 0.0116746916625
411.02 0.011856575085
411.03 0.0120354926768
411.04 0.0122111966153
411.05 0.0123834458974
411.06 0.0125520068255
411.07 0.01271665345
411.08 0.0128771679667
411.09 0.0130333410672
411.1 0.0131849722453
411.11 0.0133318700558
411.12 0.013473852329
411.13 0.0136107463397
411.14 0.0137423889341
411.15 0.0138686266132
411.16 0.0139893155773
411.17 0.0141043217318
411.18 0.0142135206576
411.19 0.0143167975477
411.2 0.0144140471147
411.21 0.0145051734691
411.22 0.0145900899753
411.23 0.0146687190851
411.24 0.0147409921539
411.25 0.014806849243
411.26 0.0148662389105
411.27 0.0149191179944
411.28 0.0149654513921
411.29 0.0150052118384
411.3 0.0150383796854
411.31 0.0150649426878
411.32 0.0150848957954
411.33 0.0150982409561
411.34 0.0151049869318
411.35 0.0151051491279
411.36 0.0150987494401
411.37 0.0150858161183
411.38 0.0150663836491
411.39 0.0150404926593
411.4 0.0150081898373
411.41 0.0149695278768
411.42 0.0149245654391
411.43 0.0148733671351
411.44 0.0148160035262
411.45 0.0147525511421
411.46 0.0146830925141
411.47 0.0146077162233
411.48 0.0145265169597
411.49 0.0144395955913
411.5 0.0143470592408
411.51 0.0142490213654
411.52 0.0141456018397
411.53 0.0140369270361
411.54 0.0139231299009
411.55 0.0138043500227
411.56 0.0136807336907
411.57 0.0135524339384
411.58 0.0134196105703
411.59 0.0132824301695
411.6 0.0131410660818
411.61 0.0129956983745
411.62 0.0128465137679
411.63 0.0126937055356
411.64 0.0125374733735
411.65 0.012378023234
411.66 0.0122155671254
411.67 0.0120503228744
411.68 0.0118825138506
411.69 0.0117123686543
411.7 0.0115401207649
411.71 0.0113660081522
411.72 0.0111902728503
411.73 0.0110131604947
411.74 0.0108349198245
411.75 0.0106558021517
411.76 0.0104760607977
411.77 0.0102959505021
411.78 0.0101157268031
411.79 0.00993564539559
411.8 0.00975596146731
411.81 0.00957692901835
411.82 0.00939880016633
411.83 0.00922182444153
411.84 0.00904624807563
411.85 0.00887231328811
411.86 0.00870025757416
411.87 0.00853031299848
411.88 0.00836270549871
411.89 0.00819765420278
411.9 0.00803537076413
411.91 0.00787605871872
411.92 0.00771991286749
411.93 0.00756711868824
411.94 0.00741785177994
411.95 0.00727227734318
411.96 0.00713054969948
411.97 0.00699281185231
411.98 0.00685919509248
411.99 0.0067298186498
412.0 0.00660478939328
412.01 0.00648420158111
412.02 0.00636813666198
412.03 0.00625666312843
412.04 0.00614983642303
412.05 0.00604769889741
412.06 0.0059502798243
412.07 0.00585759546201
412.08 0.0057696491706
412.09 0.00568643157884
412.1 0.00560792080043
412.11 0.00553408269794
412.12 0.00546487119255
412.13 0.00540022861742
412.14 0.00534008611225
412.15 0.00528436405652
412.16 0.00523297253855
412.17 0.00518581185745
412.18 0.00514277305486
412.19 0.00510373847333
412.2 0.00506858233796
412.21 0.00503717135803
412.22 0.00500936534523
412.23 0.00498501784509
412.24 0.00496397677816
412.25 0.0049460850878
412.26 0.00493118139107
412.27 0.00491910062974
412.28 0.00490967471825
412.29 0.00490273318562
412.3 0.00489810380869
412.31 0.00489561323376
412.32 0.00489508758452
412.33 0.0048963530536
412.34 0.00489923647597
412.35 0.00490356588215
412.36 0.00490917102957
412.37 0.0049158839107
412.38 0.00492353923667
412.39 0.00493197489528
412.4 0.00494103238282
412.41 0.0049505572089
412.42 0.00496039927398
412.43 0.00497041321954
412.44 0.00498045875063
412.45 0.00499040093136
412.46 0.00500011045331
412.47 0.00500946387769
412.48 0.00501834385171
412.49 0.00502663930004
412.5 0.00503424559222
412.51 0.00504106468703
412.52 0.00504700525486
412.53 0.00505198277922
412.54 0.00505591963862
412.55 0.00505874516985
412.56 0.00506039571414
412.57 0.00506081464708
412.58 0.0050599523938
412.59 0.0050577664303
412.6 0.00505422127219
412.61 0.00504928845186
412.62 0.0050429464849
412.63 0.00503518082688
412.64 0.00502598382113
412.65 0.0050153546382
412.66 0.00500329920771
412.67 0.00498983014293
412.68 0.00497496665858
412.69 0.00495873448195
412.7 0.0049411657577
412.71 0.00492229894611
412.72 0.00490217871488
412.73 0.00488085582428
412.74 0.00485838700526
412.75 0.00483483483023
412.76 0.00481026757609
412.77 0.00478475907884
412.78 0.00475838857935
412.79 0.00473124055946
412.8 0.00470340456794
412.81 0.00467497503537
412.82 0.00464605107738
412.83 0.00461673628547
412.84 0.00458713850463
412.85 0.00455736959718
412.86 0.00452754519207
412.87 0.00449778441916
412.88 0.00446820962779
412.89 0.0044389460893
412.9 0.00441012168313
412.91 0.00438186656609
412.92 0.00435431282487
412.93 0.00432759411153
412.94 0.00430184526218
412.95 0.00427720189906
412.96 0.00425380001636
412.97 0.00423177555033
412.98 0.00421126393431
412.99 0.00419239963953
413.0 0.00417531570262
413.01 0.0041601432411
413.02 0.00414701095789
413.03 0.00413604463656
413.04 0.00412736662871
413.05 0.00412109533536
413.06 0.00411734468414
413.07 0.0041162236043
413.08 0.00411783550174
413.09 0.00412227773629
413.1 0.00412964110348
413.11 0.00414000932343
413.12 0.00415345853921
413.13 0.00417005682744
413.14 0.00418986372354
413.15 0.00421292976453
413.16 0.00423929605192
413.17 0.00426899383747
413.18 0.00430204413449
413.19 0.00433845735725
413.2 0.00437823299127
413.21 0.00442135929687
413.22 0.00446781304855
413.23 0.00451755931239
413.24 0.00457055126397
413.25 0.00462673004861
413.26 0.00468602468606
413.27 0.00474835202137
413.28 0.0048136167234
413.29 0.00488171133259
413.3 0.00495251635884
413.31 0.00502590043073
413.32 0.00510172049651
413.33 0.00517982207747
413.34 0.00526003957372
413.35 0.00534219662235
413.36 0.00542610650752
413.37 0.0055115726219
413.38 0.00559838897831
413.39 0.00568634077044
413.4 0.00577520498111
413.41 0.00586475103606
413.42 0.00595474150133
413.43 0.00604493282164
413.44 0.0061350760972
413.45 0.00622491789599
413.46 0.00631420109816
413.47 0.00640266576935
413.48 0.00649005005899
413.49 0.00657609111995
413.5 0.00666052604526
413.51 0.00674309281791
413.52 0.00682353126916
413.53 0.00690158404096
413.54 0.00697699754794
413.55 0.0070495229343
413.56 0.00711891702084
413.57 0.00718494323761
413.58 0.00724737253738
413.59 0.0073059842853
413.6 0.00736056712035
413.61 0.00741091978395
413.62 0.00745685191162
413.63 0.00749818478339
413.64 0.00753475202915
413.65 0.00756640028516
413.66 0.00759298979823
413.67 0.0076143949744
413.68 0.00763050486918
413.69 0.00764122361678
413.7 0.00764647079599
413.71 0.00764618173085
413.72 0.00764030772453
413.73 0.0076288162252
413.74 0.00761169092309
413.75 0.0075889317783
413.76 0.00756055497939
413.77 0.00752659283296
413.78 0.00748709358513
413.79 0.00744212117595
413.8 0.00739175492818
413.81 0.00733608917246
413.82 0.00727523281095
413.83 0.00720930882206
413.84 0.00713845370906
413.85 0.00706281689589
413.86 0.0069825600734
413.87 0.00689785649985
413.88 0.00680889025955
413.89 0.00671585548377
413.9 0.00661895553811
413.91 0.0065184021809
413.92 0.00641441469699
413.93 0.00630721901166
413.94 0.00619704678928
413.95 0.00608413452134
413.96 0.00596872260861
413.97 0.00585105444189
413.98 0.0057313754861
413.99 0.00560993237197
414.0 0.0054869719998
414.01 0.00536274065937
414.02 0.00523748316996
414.03 0.00511144204445
414.04 0.00498485668091
414.05 0.00485796258509
414.06 0.00473099062691
414.07 0.0046041663338
414.08 0.00447770922344
414.09 0.00435183217813
414.1 0.00422674086279
414.11 0.00410263318841
414.12 0.00397969882205
414.13 0.0038581187448
414.14 0.00373806485827
414.15 0.00361969964024
414.16 0.00350317584958
414.17 0.00338863628048
414.18 0.00327621356564
414.19 0.00316603002779
414.2 0.00305819757873
414.21 0.00295281766487
414.22 0.00284998125792
414.23 0.0027497688894
414.24 0.00265225072706
414.25 0.00255748669172
414.26 0.00246552661224
414.27 0.00237641041673
414.28 0.00229016835775
414.29 0.00220682126907
414.3 0.00212638085181
414.31 0.00204884998735
414.32 0.00197422307461
414.33 0.00190248638917
414.34 0.00183361846173
414.35 0.00176759047337
414.36 0.00170436666517
414.37 0.00164390475965
414.38 0.00158615639174
414.39 0.0015310675468
414.4 0.0014785790035
414.41 0.00142862677934
414.42 0.00138114257662
414.43 0.00133605422693
414.44 0.00129328613221
414.45 0.00125275970046
414.46 0.00121439377458
414.47 0.00117810505257
414.48 0.00114380849767
414.49 0.00111141773717
414.5 0.00108084544844
414.51 0.00105200373128
414.52 0.00102480446544
414.53 0.000999159652445
414.54 0.000974981741021
414.55 0.000952183935354
414.56 0.000930680485725
414.57 0.000910386961027
414.58 0.00089122050284
414.59 0.000873100060822
414.6 0.000855946609275
414.61 0.000839683344822
414.62 0.00082423586525
414.63 0.000809532329603
414.64 0.000795503599757
414.65 0.000782083363703
414.66 0.000769208240898
414.67 0.000756817870068
414.68 0.000744854979921
414.69 0.000733265443272
414.7 0.000721998315136
414.71 0.000711005855391
414.72 0.000700243536646
414.73 0.000689670037986
414.74 0.00067924722529
414.75 0.000668940118869
414.76 0.000658716849148
414.77 0.000648548601182
414.78 0.000638409548772
414.79 0.000628276778984
414.8 0.000618130207851
414.81 0.000607952488084
414.82 0.000597728909565
414.83 0.000587447293429
414.84 0.000577097880533
414.85 0.000566673215062
414.86 0.000556168024071
414.87 0.000545579093681
414.88 0.00053490514268
414.89 0.00052414669423
414.9 0.000513305946365
414.91 0.00050238664195
414.92 0.000491393938721
414.93 0.000480334280026
414.94 0.00046921526683
414.95 0.00045804553153
414.96 0.000446834614097
414.97 0.000435592840998
414.98 0.000424331207368
414.99 0.000413061262803
415.0 0.000401795001171
415.01 0.000390544754741
415.02 0.000379323092952
415.03 0.000368142726055
415.04 0.000357016413855
415.05 0.000345956879746
415.06 0.00033497673016
415.07 0.000324088379573
415.08 0.000313303981121
415.09 0.000302635362883
415.1 0.000292093969837
415.11 0.000281690811478
415.12 0.00027143641504
415.13 0.000261340784261
415.14 0.000251413363575
415.15 0.000241663007622
415.16 0.00023209795591
415.17 0.000222725812485
415.18 0.000213553530395
415.19 0.000204587400774
415.2 0.000195833046306
415.21 0.000187295418852
415.22 0.000178978800994
415.23 0.000170886811253
415.24 0.000163022412721
415.25 0.000155387924841
415.26 0.000147985038093
415.27 0.000140814831295
415.28 0.000133877791274
415.29 0.000127173834636
415.3 0.000120702331385
415.31 0.000114462130129
415.32 0.00010845158463
415.33 0.000102668581465
415.34 9.71105685534e-05
415.35 9.17745843415e-05
415.36 8.66572874305e-05
415.37 8.17549864436e-05
415.38 7.70636699479e-05
415.39 7.25790362545e-05
415.4 6.82965229314e-05
415.41 6.42113358801e-05
415.42 6.03184778367e-05
415.43 5.66127761728e-05
415.44 5.30889098838e-05
415.45 4.97414356656e-05
415.46 4.65648129931e-05
415.47 4.35534281243e-05
415.48 4.07016169711e-05
415.49 3.8003686781e-05
415.5 3.54539365944e-05
415.51 3.3046676445e-05
415.52 3.07762452849e-05
415.53 2.86370276252e-05
415.54 2.66234688888e-05
415.55 2.47300894851e-05
415.56 2.29514976179e-05
415.57 2.12824008502e-05
415.58 1.97176164519e-05
415.59 1.82520805632e-05
415.6 1.68808562124e-05
415.61 1.55991402286e-05
415.62 1.44022690955e-05
415.63 1.3285723796e-05
415.64 1.2245133695e-05
415.65 1.1276279518e-05
415.66 1.03750954752e-05
415.67 9.53767058916e-06
415.68 8.76024928013e-06
415.69 8.039231265e-06
415.7 7.37117082483e-06
415.71 6.75277549555e-06
415.72 6.18090423509e-06
415.73 5.65256511916e-06
415.74 5.16491261622e-06
415.75 4.71524449026e-06
415.76 4.30099837851e-06
415.77 3.91974808859e-06
415.78 3.56919965772e-06
415.79 3.24718721428e-06
415.8 2.95166867945e-06
415.81 2.6807213445e-06
415.82 2.43253735656e-06
415.83 2.20541914359e-06
415.84 1.99777480655e-06
415.85 1.80811350465e-06
415.86 1.63504085687e-06
415.87 1.47725438115e-06
415.88 1.33353898991e-06
415.89 1.20276255892e-06
415.9 1.08387158411e-06
415.91 9.75886939358e-07
415.92 8.77899746046e-07
415.93 7.89067363883e-07
415.94 7.08609510532e-07
415.95 6.35804516281e-07
415.96 5.69985718501e-07
415.97 5.10537999402e-07
415.98 4.56894469388e-07
415.99 4.08533297255e-07
416.0 3.64974687511e-07
416.01 3.25778004199e-07
416.02 2.90539039867e-07
416.03 2.58887427615e-07
416.04 2.30484193564e-07
416.05 2.05019446564e-07
416.06 1.82210201538e-07
416.07 1.61798332466e-07
416.08 1.43548650731e-07
416.09 1.27247104284e-07
416.1 1.12699092942e-07
416.11 9.97278949364e-08
416.12 8.81731998145e-08
416.13 7.78897426899e-08
416.14 6.87460348707e-08
416.15 6.06231859016e-08
416.16 5.34138121162e-08
416.17 4.70210268784e-08
416.18 4.13575077903e-08
416.19 3.63446362693e-08
416.2 3.19117050311e-08
416.21 2.79951891662e-08
416.22 2.4538076656e-08
416.23 2.14892543421e-08
416.24 1.88029455345e-08
416.25 1.64381956227e-08
416.26 1.43584022267e-08
416.27 1.25308866096e-08
416.28 1.09265032461e-08
416.29 9.51928461757e-09
416.3 8.28611847832e-09
416.31 7.20645500154e-09
416.32 6.26204138105e-09
416.33 5.43668161953e-09
416.34 4.71601938764e-09
416.35 4.08734198386e-09
416.36 3.53940356452e-09
416.37 3.06226594654e-09
416.38 2.64715541165e-09
416.39 2.28633406056e-09
416.4 1.97298437836e-09
416.41 1.70110577914e-09
416.42 1.46542199721e-09
416.43 1.26129828641e-09
416.44 1.08466747605e-09
416.45 9.31964013691e-10
416.46 8.00065200973e-10
416.47 6.86238898658e-10
416.48 5.88097042704e-10
416.49 5.03554373087e-10
416.5 4.30791832786e-10
416.51 3.68224145469e-10
416.52 3.14471127368e-10
416.53 2.68332331954e-10
416.54 2.28764665409e-10
416.55 1.94862646971e-10
416.56 1.65841021049e-10
416.57 1.4101945793e-10
416.58 1.19809107114e-10
416.59 1.01700791951e-10
416.6 8.62546566401e-11
416.61 7.30910968391e-11
416.62 6.18828234134e-11
416.63 5.23479252869e-11
416.64 4.42438121923e-11
416.65 3.73619314239e-11
416.66 3.15231646506e-11
416.67 2.65738215544e-11
416.68 2.23821566447e-11
416.69 1.88353441567e-11
416.7 1.5836853586e-11
416.71 1.33041752133e-11
416.72 1.1166851031e-11
416.73 9.36477186168e-12
416.74 7.84670623281e-12
416.75 6.56903079855e-12
416.76 5.49463584417e-12
416.77 4.5919827122e-12
416.78 3.83429290842e-12
416.79 3.19885121633e-12
416.8 2.6664074117e-12
416.81 2.22066315769e-12
416.82 1.8478324071e-12
416.83 1.53626516874e-12
416.84 1.27612583547e-12
416.85 1.05911844318e-12
416.86 8.78252253726e-13
416.87 7.27641947562e-13
416.88 6.02337489869e-13
416.89 4.98179410582e-13
416.9 4.11675827071e-13
416.91 3.39898048729e-13
416.92 2.80392045354e-13
416.93 2.31103444447e-13
416.94 1.90314054058e-13
416.95 1.56588194077e-13
416.96 1.28727365958e-13
416.97 1.05732003711e-13
416.98 8.67692322676e-14
416.99 7.11457168605e-14
417.0 5.82848223353e-14
417.01 4.77074173765e-14
417.02 3.90157580307e-14
417.03 3.18799699988e-14
417.04 2.60267218878e-14
417.05 2.12297437078e-14
417.06 1.73018978505e-14
417.07 1.40885548952e-14
417.08 1.14620649725e-14
417.09 9.31714803524e-15
417.1 7.56705408778e-15
417.11 6.14036790678e-15
417.12 4.97835268695e-15
417.13 4.03274387724e-15
417.14 3.26391870324e-15
417.15 2.63937888411e-15
417.16 2.13249418374e-15
417.17 1.7214629706e-15
417.18 1.38845314242e-15
417.19 1.11889280905e-15
417.2 9.00885195697e-16
417.21 7.24726480573e-16
417.22 5.82508842912e-16
417.23 4.67793978965e-16
417.24 3.75344835945e-16
417.25 3.00905395542e-16
417.26 2.41020075226e-16
417.27 1.92885762716e-16
417.28 1.54230703729e-16
417.29 1.23215464967e-16
417.3 9.83520264944e-17
417.31 7.84377482741e-17
417.32 6.25015280732e-17
417.33 4.97599419925e-17
417.34 3.95815509967e-17
417.35 3.14578808399e-17
417.36 2.49798502541e-17
417.37 1.98186428188e-17
417.38 1.57101996148e-17
417.39 1.24426592635e-17
417.4 9.84619484973e-18
417.41 7.78479814425e-18
417.42 6.14964432884e-18
417.43 4.853738267e-18
417.44 3.82759890215e-18
417.45 3.01578378262e-18
417.46 2.37409281731e-18
417.47 1.8673206469e-18
417.48 1.46745170389e-18
417.49 1.15221214064e-18
417.5 9.03909164548e-19
417.51 7.08501615405e-19
417.52 5.54856416186e-19
417.53 4.34154285845e-19
417.54 3.3941519835e-19
417.55 2.6511981648e-19
417.56 2.06907773865e-19
417.57 1.61337431367e-19
417.58 1.25694762297e-19
417.59 9.78414625989e-20
417.6 7.60943486447e-20
417.61 5.91296875467e-20
417.62 4.59073767392e-20
417.63 3.56109108422e-20
417.64 2.75998930872e-20
417.65 2.13725051294e-20
417.66 1.65358746976e-20
417.67 1.27827009262e-20
417.68 9.87283310823e-21
417.69 7.61876671811e-21
417.7 5.87423435251e-21
417.71 4.52523954812e-21
417.72 3.48301698037e-21
417.73 2.67851030768e-21
417.74 2.05804451769e-21
417.75 1.57993754663e-21
417.76 1.21184977862e-21
417.77 9.28712665028e-22
417.78 7.11111432691e-22
417.79 5.44023507603e-22
417.8 4.1583532921e-22
417.81 3.17576833678e-22
417.82 2.42325968522e-22
417.83 1.84745901482e-22
417.84 1.40725687925e-22
417.85 1.07101526471e-22
417.86 8.14407291908e-23
417.87 6.18744510463e-23
417.88 4.69682930119e-23
417.89 3.56222959206e-23
417.9 2.69937206972e-23
417.91 2.04374781322e-23
417.92 1.54602165656e-23
417.93 1.16849687045e-23
417.94 8.82395422413e-24
417.95 6.65767593449e-24
417.96 5.01886795588e-24
417.97 3.78018104546e-24
417.98 2.84474369181e-24
417.99 2.13893407137e-24
418.0 1.60685010828e-24
418.01 1.20608258558e-24
418.02 9.04487230167e-25
418.03 6.77721939714e-25
418.04 5.07369507719e-25
418.05 3.79507963587e-25
418.06 2.836227976e-25
418.07 2.11780072166e-25
418.08 1.57998425796e-25
418.09 1.17772566794e-25
418.1 8.77120443311e-26
418.11 6.52676594509e-26
418.12 4.85244427641e-26
418.13 3.60451458627e-26
418.14 2.67520292313e-26
418.15 1.98376574071e-26
418.16 1.46976450128e-26
418.17 1.08799984707e-26
418.18 8.04699307027e-27
418.19 5.94650971652e-27
418.2 4.39050373434e-27
418.21 3.23884587065e-27
418.22 2.38720614895e-27
418.23 1.75797736911e-27
418.24 1.29348187656e-27
418.25 9.50891857601e-28
418.26 6.98434400181e-28
418.27 5.12558956964e-28
418.28 3.75825068494e-28
418.29 2.75328631319e-28
418.3 2.01530470559e-28
418.31 1.47385165867e-28
418.32 1.07693760623e-28
418.33 7.86232556482e-29
418.34 5.73502369144e-29
418.35 4.17968085505e-29
418.36 3.043510049e-29
418.37 2.21426742319e-29
418.38 1.60956720159e-29
418.39 1.16899288915e-29
418.4 8.48278261296e-30
418.41 6.15018979305e-30
418.42 4.45515082571e-30
418.43 3.22448244591e-30
418.44 2.33174650851e-30
418.45 1.68471470184e-30
418.46 1.21617230401e-30
418.47 8.77177664286e-31
418.48 6.32126115185e-31
418.49 4.55138541528e-31
418.5 3.27421509729e-31
418.51 2.35339329826e-31
418.52 1.69007326037e-31
418.53 1.21266337537e-31
418.54 8.69358099206e-32
418.55 6.22702859749e-32
418.56 4.45642629837e-32
418.57 3.18651750912e-32
418.58 2.27651020981e-32
418.59 1.62497471684e-32
418.6 1.15890363849e-32
418.61 8.25794064729e-33
418.62 5.87922255336e-33
418.63 4.18207441343e-33
418.64 2.97226361025e-33
418.65 2.11060326274e-33
418.66 1.49744058104e-33
418.67 1.06149097052e-33
418.68 7.51807618775e-34
418.69 5.32011295632e-34
418.7 3.76147947696e-34
418.71 2.65717557924e-34
418.72 1.87545013163e-34
418.73 1.32255731382e-34
418.74 9.31852543259e-35
418.75 6.5599963944e-35
418.76 4.6140651138e-35
418.77 3.24255648239e-35
418.78 2.27674867855e-35
418.79 1.59722591873e-35
418.8 1.11954438824e-35
418.81 7.84043210282e-36
418.82 5.48608322425e-36
418.83 3.8353808674e-36
418.84 2.67903455827e-36
418.85 1.8696996499e-36
418.86 1.30373429565e-36
418.87 9.08301530516e-37
418.88 6.32258554928e-37
418.89 4.39726961941e-37
418.9 3.05559076438e-37
418.91 2.12144117887e-37
418.92 1.47160248667e-37
418.93 1.01993793253e-37
418.94 7.06286145739e-38
418.95 4.88665122578e-38
418.96 3.37804718639e-38
418.97 2.3331560807e-38
418.98 1.61007307019e-38
418.99 1.11012297812e-38
419.0 7.64751452549e-39
419.01 5.26372560302e-39
419.02 3.61984425259e-39
419.03 2.48719731933e-39
419.04 1.70747482608e-39
419.05 1.1711758012e-39
419.06 8.0262666514e-40
419.07 5.49577304807e-40
419.08 3.7598256678e-40
419.09 2.56998352591e-40
419.1 1.75515987935e-40
419.11 1.19764123096e-40
419.12 8.16508118922e-41
419.13 5.56183356287e-41
419.14 3.78529021457e-41
419.15 2.57397359912e-41
419.16 1.74877004935e-41
419.17 1.1870938026e-41
419.18 8.05120864191e-42
419.19 5.45583009773e-42
419.2 3.69389295481e-42
419.21 2.49879994064e-42
419.22 1.68889395224e-42
419.23 1.14050445652e-42
419.24 7.69511837825e-43
419.25 5.18749076184e-43
419.26 3.49400144219e-43
419.27 2.35132432097e-43
419.28 1.58097755605e-43
419.29 1.06209309592e-43
419.3 7.12891077861e-44
419.31 4.78087606388e-44
419.32 3.20343195995e-44
419.33 2.1446046103e-44
419.34 1.4345070234e-44
419.35 9.58698030232e-45
419.36 6.40154354044e-45
419.37 4.27082016759e-45
419.38 2.84683029334e-45
419.39 1.89598800182e-45
419.4 1.26163376478e-45
419.41 8.38792878497e-46
419.42 5.57185592741e-46
419.43 3.69801556221e-46
419.44 2.45223057575e-46
419.45 1.62471647505e-46
419.46 1.07551773966e-46
419.47 7.11346639653e-47
419.48 4.70076675842e-47
419.49 3.10370070038e-47
419.5 2.04745647355e-47
419.51 1.34950107296e-47
419.52 8.88700660475e-48
419.53 5.84738223778e-48
419.54 3.84406903007e-48
419.55 2.52490233632e-48
419.56 1.65699692684e-48
419.57 1.08648199641e-48
419.58 7.11782126048e-49
419.59 4.65902814785e-49
419.6 3.04696385979e-49
419.61 1.99096206097e-49
419.62 1.29981749517e-49
419.63 8.47862611504e-50
419.64 5.52576362561e-50
419.65 3.59817958002e-50
419.66 2.34097663127e-50
419.67 1.52172100251e-50
419.68 9.88317996359e-51
419.69 6.41330781397e-51
419.7 4.15806408714e-51
419.71 2.69354344654e-51
419.72 1.74333361336e-51
419.73 1.12735510363e-51
419.74 7.28391181322e-52
419.75 4.70210513657e-52
419.76 3.03279953173e-52
419.77 1.95442399405e-52
419.78 1.25839672577e-52
419.79 8.09543305991e-53
419.8 5.20338912445e-53
419.81 3.34161365011e-53
419.82 2.1441239118e-53
419.83 1.37457118823e-53
419.84 8.80457314043e-54
419.85 5.63472969136e-54
419.86 3.60297775591e-54
419.87 2.30183286919e-54
419.88 1.469297387e-54
419.89 9.37064181587e-55
419.9 5.97107713719e-55
419.91 3.80154151938e-55
419.92 2.41819047976e-55
419.93 1.53689779855e-55
419.94 9.75940143976e-56
419.95 6.1919164693e-56
419.96 3.92509983887e-56
419.97 2.48599378991e-56
419.98 1.57316068151e-56
419.99 9.94648976127e-57
420.0 6.28333635847e-57
420.01 3.96583362255e-57
420.02 2.50093488479e-57
420.03 1.57577421964e-57
420.04 9.91994604415e-58
420.05 6.2394792032e-58
420.06 3.9211285963e-58
420.07 2.46205381882e-58
420.08 1.54457041182e-58
420.09 9.68147643429e-59
420.1 6.06316220307e-59
420.11 3.79385294738e-59
420.12 2.37184067391e-59
420.13 1.48154294222e-59
420.14 9.24627248901e-60
420.15 5.76557790309e-60
420.16 3.5920528157e-60
420.17 2.23597166273e-60
420.18 1.39063638877e-60
420.19 8.64140969836e-61
420.2 5.36511845519e-61
420.21 3.32811057201e-61
420.22 2.062718154e-61
420.23 1.2773377503e-61
420.24 7.90306068197e-62
420.25 4.88549528213e-62
420.26 3.01748828284e-62
420.27 1.86211414462e-62
420.28 1.14812908319e-62
420.29 7.07292169238e-63
420.3 4.35342126182e-63
420.31 2.67723350006e-63
420.32 1.6449985514e-63
420.33 1.00987704718e-63
420.34 6.19434222679e-64
420.35 3.79616955984e-64
420.36 2.32444739268e-64
420.37 1.42205879709e-64
420.38 8.69238787853e-65
420.39 5.30865319073e-65
420.4 3.23931605448e-65
420.41 1.97490407151e-65
420.42 1.20299105859e-65
420.43 7.32154112474e-66
420.44 4.45211450337e-66
420.45 2.70491646272e-66
420.46 1.64196955913e-66
420.47 9.95864057338e-67
420.48 6.03474227387e-67
420.49 3.65376918849e-67
420.5 2.21027953938e-67
420.51 1.33590941376e-67
420.52 8.06734313401e-68
420.53 4.86752018633e-68
420.54 2.93432832293e-68
420.55 1.76739394331e-68
420.56 1.06360833413e-68
420.57 6.39519532576e-69
420.58 3.84193141594e-69
420.59 2.30605209822e-69
420.6 1.38296864553e-69
420.61 8.28665514578e-70
420.62 4.96100780304e-70
420.63 2.96745585518e-70
420.64 1.77346383371e-70
420.65 1.05897112458e-70
420.66 6.31785439291e-71
420.67 3.76598702497e-71
420.68 2.24290943981e-71
420.69 1.33465301122e-71
420.7 7.93503259439e-72
420.71 4.71360050742e-72
420.72 2.79756728921e-72
420.73 1.6589451351e-72
420.74 9.82895207753e-73
420.75 5.81843416274e-73
420.76 3.44134920331e-73
420.77 2.03364468425e-73
420.78 1.20072933298e-73
420.79 7.08335286518e-74
420.8 4.17499871971e-74
420.81 2.4586546379e-74
420.82 1.44664650794e-74
420.83 8.50454395261e-75
420.84 4.99532040369e-75
420.85 2.9315640104e-75
420.86 1.71893369913e-75
420.87 1.00703040396e-75
420.88 5.8945377358e-76
420.89 3.44731234265e-76
420.9 2.01435137251e-76
420.91 1.17601682678e-76
420.92 6.85986478329e-77
420.93 3.99798616855e-77
420.94 2.32804157487e-77
420.95 1.35445284209e-77
420.96 7.87337176315e-78
420.97 4.57279087393e-78
420.98 2.6535399771e-78
420.99 1.53848633074e-78
421.0 8.91220897771e-79
421.01 5.15823107582e-79
421.02 2.98290854402e-79
421.03 1.72346629745e-79
421.04 9.94922757157e-80
421.05 5.73851665969e-80
421.06 3.30699578497e-80
421.07 1.90410699489e-80
421.08 1.09540007932e-80
421.09 6.2961910857e-81
421.1 3.615819518e-81
421.11 2.07471908437e-81
421.12 1.18942091637e-81
421.13 6.81295552008e-82
421.14 3.89905398368e-82
421.15 2.22949578335e-82
421.16 1.27373116471e-82
421.17 7.27063942483e-83
421.18 4.14659053194e-83
421.19 2.3628350737e-83
421.2 1.34523878007e-83
421.21 7.65224842524e-84
421.22 4.34913066057e-84
421.23 2.46967361822e-84
421.24 1.40120081799e-84
421.25 7.94300643435e-85
421.26 4.49876345998e-85
421.27 2.54580488933e-85
421.28 1.43939763879e-85
421.29 8.1313034395e-86
421.3 4.58947768783e-86
421.31 2.58815373748e-86
421.32 1.45827889255e-86
421.33 8.20946436382e-87
421.34 4.61756233273e-87
421.35 2.5949824435e-87
421.36 1.45706791052e-87
421.37 8.17426806831e-88
421.38 4.58185847674e-88
421.39 2.5660090157e-88
421.4 1.43581470772e-88
421.41 8.02716758558e-89
421.42 4.48383863484e-89
421.43 2.50242650896e-89
421.44 1.39539255594e-89
421.45 7.77419060097e-90
421.46 4.32750600191e-90
421.47 2.40682152114e-90
421.48 1.33743845435e-90
421.49 7.42552967968e-91
421.5 4.11912321445e-91
421.51 2.28299962645e-91
421.52 1.2642431531e-91
421.53 6.99486106211e-92
421.54 3.86679623824e-92
421.55 2.13573416359e-92
421.56 1.17860102543e-92
421.57 6.49845546463e-93
421.58 3.57995190242e-93
421.59 1.97046147912e-93
421.6 1.08363349124e-93
421.61 5.95416137946e-94
421.62 3.26875594676e-94
421.63 1.79294969094e-94
421.64 9.82601501841e-95
421.65 5.38034910653e-95
421.66 2.94352142249e-95
421.67 1.60896893208e-95
421.68 8.78722664701e-96
421.69 4.79490172731e-96
421.7 2.61415482604e-96
421.71 1.42398892948e-96
421.72 7.75007013856e-97
421.73 4.21432830804e-97
421.74 2.28968010353e-97
421.75 1.24292512682e-97
421.76 6.74122523279e-98
421.77 3.6530567598e-98
421.78 1.97786987214e-98
421.79 1.06994812647e-98
421.8 5.78297670103e-99
421.81 3.12294168776e-99
421.82 1.68500044559e-99
421.83 9.08363923624e-100
421.84 4.89264209498e-100
421.85 2.63299921759e-100
421.86 1.41573420518e-100
421.87 7.60565169155e-101
421.88 4.08239339435e-101
421.89 2.18935902173e-101
421.9 1.17312105675e-101
421.91 6.28047350317e-102
421.92 3.35943047616e-102
421.93 1.79540586806e-102
421.94 9.58701342087e-103
421.95 5.11478924025e-103
421.96 2.72643948668e-103
421.97 1.45207047683e-103
421.98 7.72686350689e-104
421.99 4.10811410825e-104
422.0 2.18225485454e-104
422.01 1.15822290923e-104
422.02 6.14189723961e-105
422.03 3.25414314925e-105
422.04 1.72263978694e-105
422.05 9.11120894444e-106
422.06 4.81483325461e-106
422.07 2.54220289548e-106
422.08 1.34110530102e-106
422.09 7.06869530381e-107
422.1 3.72253986149e-107
422.11 1.95867853784e-107
422.12 1.02969993359e-107
422.13 5.40856330598e-108
422.14 2.83842133508e-108
422.15 1.4883172666e-108
422.16 7.79718592922e-109
422.17 4.08135125336e-109
422.18 2.13448824915e-109
422.19 1.11533999523e-109
422.2 5.82296924264e-110
422.21 3.03742406061e-110
422.22 1.5830333855e-110
422.23 8.24324925018e-111
422.24 4.28874773765e-111
422.25 2.22939121115e-111
422.26 1.15788593871e-111
422.27 6.00854042824e-112
422.28 3.1152715424e-112
422.29 1.61378821876e-112
422.3 8.35258465297e-113
422.31 4.31935544001e-113
422.32 2.23172518207e-113
422.33 1.15208944197e-113
422.34 5.94231119701e-114
422.35 3.0623039864e-114
422.36 1.57675755284e-114
422.37 8.111576209e-115
422.38 4.16935906415e-115
422.39 2.14119911824e-115
422.4 1.0986731881e-115
422.41 5.63253253466e-116
422.42 2.88511151615e-116
422.43 1.47653998455e-116
422.44 7.55007963551e-117
422.45 3.85728355102e-117
422.46 1.96895282404e-117
422.47 1.00418277708e-117
422.48 5.11698258357e-118
422.49 2.60518651579e-118
422.5 1.32521827728e-118
422.51 6.73534311816e-119
422.52 3.42023341172e-119
422.53 1.73530364134e-119
422.54 8.79668262725e-120
422.55 4.45539364817e-120
422.56 2.25463867159e-120
422.57 1.13996504494e-120
422.58 5.75877127955e-121
422.59 2.90664396289e-121
422.6 1.46580958881e-121
422.61 7.3856205514e-122
422.62 3.71809204288e-122
422.63 1.87015238148e-122
422.64 9.39847877701e-123
422.65 4.71912898718e-123
422.66 2.36749921377e-123
422.67 1.18670166417e-123
422.68 5.94315383493e-124
422.69 2.97382977067e-124
422.7 1.48675343401e-124
422.71 7.42652262118e-125
422.72 3.7064297979e-125
422.73 1.84820338664e-125
422.74 9.2080455122e-126
422.75 4.58362273823e-126
422.76 2.27968050694e-126
422.77 1.13282498413e-126
422.78 5.62438918143e-127
422.79 2.79004766125e-127
422.8 1.38283891514e-127
422.81 6.84786635227e-128
422.82 3.38815032877e-128
422.83 1.67491888493e-128
422.84 8.27272522888e-129
422.85 4.08250883164e-129
422.86 2.01293327219e-129
422.87 9.91642967982e-130
422.88 4.8809572859e-130
422.89 2.4003711047e-130
422.9 1.17943900386e-130
422.91 5.7902363817e-131
422.92 2.84014697123e-131
422.93 1.3919032455e-131
422.94 6.81555133203e-132
422.95 3.33439196831e-132
422.96 1.629881468e-132
422.97 7.96011065336e-133
422.98 3.88423860655e-133
422.99 1.89372280273e-133
423.0 9.22466554908e-134
423.01 4.48960943887e-134
423.02 2.18318333745e-134
423.03 1.06070732057e-134
423.04 5.14902068887e-135
423.05 2.49733854317e-135
423.06 1.21019099115e-135
423.07 5.85941318265e-136
423.08 2.83451033281e-136
423.09 1.37001612141e-136
423.1 6.61602325922e-137
423.11 3.19221461449e-137
423.12 1.53890160369e-137
423.13 7.41230592427e-138
423.14 3.56713488002e-138
423.15 1.71517895511e-138
423.16 8.23992123006e-139
423.17 3.95512663506e-139
423.18 1.89679955465e-139
423.19 9.08879268371e-140
423.2 4.35125632887e-140
423.21 2.08135830952e-140
423.22 9.94724344805e-141
423.23 4.74987690896e-141
423.24 2.26613446535e-141
423.25 1.08022123212e-141
423.26 5.1447402762e-142
423.27 2.44814937676e-142
423.28 1.16395471539e-142
423.29 5.52914484757e-143
423.3 2.62424007367e-143
423.31 1.24443687455e-143
423.32 5.89611427585e-144
423.33 2.79114645803e-144
423.34 1.32014936562e-144
423.35 6.2386012754e-145
423.36 2.94560901622e-145
423.37 1.38959001189e-145
423.38 6.54970861851e-146
423.39 3.08447310658e-146
423.4 1.45132176687e-146
423.41 6.82291784872e-147
423.42 3.20479524845e-147
423.43 1.50402185278e-147
423.44 7.05231524259e-148
423.45 3.30394645716e-148
423.46 1.54652874491e-148
423.47 7.23280414146e-149
423.48 3.37970758033e-149
423.49 1.57788467874e-149
423.5 7.36029303269e-150
423.51 3.4303518163e-150
423.52 1.59737151045e-150
423.53 7.43184969688e-151
423.54 3.4547101324e-151
423.55 1.6045380565e-151
423.56 7.44581331365e-152
423.57 3.45221612311e-152
423.58 1.59921745922e-152
423.59 7.40185854124e-153
423.6 3.42292790439e-153
423.61 1.58153364486e-153
423.62 7.30100811752e-154
423.63 3.36752586249e-154
423.64 1.55189652532e-154
423.65 7.14559330085e-155
423.66 3.28728637894e-155
423.67 1.51098620282e-155
423.68 6.93916428745e-156
423.69 3.18403294866e-156
423.7 1.45972702737e-156
423.71 6.68635541222e-157
423.72 3.06006730514e-157
423.73 1.39925288905e-157
423.74 6.39271227905e-158
423.75 2.91808418472e-158
423.76 1.33086556397e-158
423.77 6.06448982067e-159
423.78 2.76107413401e-159
423.79 1.25598824859e-159
423.8 5.70843154091e-160
423.81 2.59221924559e-160
423.82 1.17611659181e-160
423.83 5.33154077892e-161
423.84 2.41478687338e-161
423.85 1.09276956279e-161
423.86 4.94085474178e-162
423.87 2.2320262336e-162
423.88 1.00744237871e-162
423.89 4.54323131768e-163
423.9 2.04707236525e-163
423.91 9.2156347589e-164
423.92 4.14515739062e-164
423.93 1.86286124998e-164
423.94 8.36457163831e-165
423.95 3.75258565164e-165
423.96 1.68205903776e-165
423.97 7.53313184402e-166
423.98 3.37080488498e-166
423.99 1.50700735981e-166
424.0 6.73163941235e-167
424.01 3.00434655865e-167
424.02 1.33968570817e-167
424.03 5.96869700621e-168
424.04 2.65692841946e-168
424.05 1.18169089125e-168
424.06 5.2511162649e-169
424.07 2.33143382383e-169
424.08 1.03423269763e-169
424.09 4.58392124716e-170
424.1 2.02992383949e-170
424.11 8.98144164899e-171
424.12 3.97041656333e-171
424.13 1.7536778139e-171
424.14 7.73904289679e-172
424.15 3.41230947981e-172
424.16 1.50325716992e-172
424.17 6.61670645126e-173
424.18 2.90987386521e-173
424.19 1.27858667112e-173
424.2 5.61319195392e-174
424.21 2.46214331106e-174
424.22 1.07904727938e-174
424.23 4.72488598234e-175
424.24 2.06712102454e-175
424.25 9.03574961669e-176
424.26 3.9462644422e-176
424.27 1.72199502782e-176
424.28 7.50760326368e-177
424.29 3.27035161126e-177
424.3 1.42334865268e-177
424.31 6.18944707115e-178
424.32 2.689156793e-178
424.33 1.16735812019e-178
424.34 5.06309183775e-179
424.35 2.19407371109e-179
424.36 9.49970972727e-180
424.37 4.10953959397e-180
424.38 1.77623210452e-180
424.39 7.67061127245e-181
424.4 3.3096643023e-181
424.41 1.42679516713e-181
424.42 6.14558211619e-182
424.43 2.64477136976e-182
424.44 1.13720027575e-182
424.45 4.88550531664e-183
424.46 2.09703527841e-183
424.47 8.99343697641e-184
424.48 3.85362425694e-184
424.49 1.64982071001e-184
424.5 7.05712560787e-185
424.51 3.0160786079e-185
424.52 1.28789713709e-185
424.53 5.49469273752e-186
424.54 2.34222902362e-186
424.55 9.97559978481e-187
424.56 4.24494813769e-187
424.57 1.8048016221e-187
424.58 7.66673176861e-188
424.59 3.25397924185e-188
424.6 1.37988533653e-188
424.61 5.84648626317e-189
424.62 2.47497365324e-189
424.63 1.04681500489e-189
424.64 4.42377480308e-190
424.65 1.86784052915e-190
424.66 7.87971103265e-191
424.67 3.3212724286e-191
424.68 1.39869306564e-191
424.69 5.8852383433e-192
424.7 2.47416923492e-192
424.71 1.03924623883e-192
424.72 4.36145336346e-193
424.73 1.82880633326e-193
424.74 7.66174888147e-194
424.75 3.20709498505e-194
424.76 1.34127998597e-194
424.77 5.60467944281e-195
424.78 2.33994594524e-195
424.79 9.76078134422e-196
424.8 4.06805724541e-196
424.81 1.6939993516e-196
424.82 7.04795522496e-197
424.83 2.9297917079e-197
424.84 1.21684165228e-197
424.85 5.04957818826e-198
424.86 2.09362959087e-198
424.87 8.67297924374e-199
424.88 3.58971920628e-199
424.89 1.4844868773e-199
424.9 6.13360719212e-200
424.91 2.53209076131e-200
424.92 1.04439862246e-200
424.93 4.30404719165e-201
424.94 1.77219485415e-201
424.95 7.29070675269e-202
424.96 2.99675681785e-202
424.97 1.230713845e-202
424.98 5.04994191627e-203
424.99 2.07032912699e-203
425.0 8.48039563594e-204
425.01 3.47069578282e-204
425.02 1.41919049825e-204
425.03 5.79813808501e-205
425.04 2.36679218054e-205
425.05 9.65284672094e-206
425.06 3.93345699887e-206
425.07 1.6014637625e-206
425.08 6.51453674079e-207
425.09 2.64772985252e-207
425.1 1.07519569986e-207
425.11 4.36239591566e-208
425.12 1.7684237947e-208
425.13 7.16261048502e-209
425.14 2.89854489134e-209
425.15 1.17195905852e-209
425.16 4.73443939975e-210
425.17 1.91094591854e-210
425.18 7.7064070241e-211
425.19 3.10512581938e-211
425.2 1.25005803009e-211
425.21 5.02811102349e-212
425.22 2.02070657889e-212
425.23 8.11381992205e-213
425.24 3.25515135351e-213
425.25 1.30479030453e-213
425.26 5.22557358584e-214
425.27 2.0909850472e-214
425.28 8.3597174509e-215
425.29 3.33930419758e-215
425.3 1.33273585018e-215
425.31 5.31442019343e-216
425.32 2.11734394615e-216
425.33 8.42850688516e-217
425.34 3.35222833613e-217
425.35 1.33211050214e-217
425.36 5.28896416049e-218
425.37 2.09809287311e-218
425.38 8.31577069846e-219
425.39 3.29309314497e-219
425.4 1.30295446002e-219
425.41 5.15084132361e-220
425.42 2.03446778887e-220
425.43 8.02873599823e-221
425.44 3.1656817284e-221
425.45 1.24712801179e-221
425.46 4.90883609116e-222
425.47 1.93049970888e-222
425.48 7.5855078555e-223
425.49 2.9779904241e-223
425.5 1.16811511585e-223
425.51 4.57795693981e-224
425.52 1.79259208861e-224
425.53 7.01317958431e-225
425.54 2.74139841214e-225
425.55 1.07066367013e-225
425.56 4.17789661079e-226
425.57 1.62886849322e-226
425.58 6.3450941401e-227
425.59 2.46952728838e-227
425.6 9.60314091177e-228
425.61 3.73109653801e-228
425.62 1.44838288115e-228
425.63 5.61764114068e-229
425.64 2.17694930035e-229
425.65 8.42881165178e-230
425.66 3.26067937473e-230
425.67 1.26029889637e-230
425.68 4.86701548527e-231
425.69 1.87791362364e-231
425.7 7.2395606318e-232
425.71 2.78851200992e-232
425.72 1.07314039149e-232
425.73 4.12633302738e-233
425.74 1.58524255831e-233
425.75 6.08486409515e-234
425.76 2.33361794027e-234
425.77 8.94195210786e-235
425.78 3.42340780627e-235
425.79 1.30950947848e-235
425.8 5.00474977163e-236
425.81 1.91108411694e-236
425.82 7.2912325531e-237
425.83 2.77936644421e-237
425.84 1.05855732582e-237
425.85 4.02815957497e-238
425.86 1.53151996938e-238
425.87 5.81784804199e-239
425.88 2.20813588577e-239
425.89 8.37361386924e-240
425.9 3.17266178627e-240
425.91 1.20104239437e-240
425.92 4.54272670073e-241
425.93 1.71671655134e-241
425.94 6.48192932647e-242
425.95 2.4453087465e-242
425.96 9.21694134021e-243
425.97 3.47107228739e-243
425.98 1.30606323806e-243
425.99 4.91007883644e-244
426.0 1.84432068656e-244
426.01 6.9216258904e-245
426.02 2.59539533391e-245
426.03 9.72350024056e-246
426.04 3.63969885087e-246
426.05 1.36123148706e-246
426.06 5.08653730073e-247
426.07 1.89904909926e-247
426.08 7.08392355157e-248
426.09 2.64019041783e-248
426.1 9.83151277399e-249
426.11 3.65787750425e-249
426.12 1.35975817952e-249
426.13 5.05030857924e-250
426.14 1.87412201429e-250
426.15 6.94866735852e-251
426.16 2.57412062453e-251
426.17 9.52752241385e-252
426.18 3.5233418023e-252
426.19 1.30182703521e-252
426.2 4.80590861869e-253
426.21 1.77264366759e-253
426.22 6.53267557669e-254
426.23 2.4053841828e-254
426.24 8.84914931582e-255
426.25 3.25268725586e-255
426.26 1.19455680179e-255
426.27 4.38323762548e-256
426.28 1.60696692394e-256
426.29 5.88630244275e-257
426.3 2.15427886206e-257
426.31 7.87743775242e-258
426.32 2.87800638091e-258
426.33 1.05056332946e-258
426.34 3.83156709432e-259
426.35 1.39622157559e-259
426.36 5.08341969555e-260
426.37 1.84918900366e-260
426.38 6.72094512765e-261
426.39 2.44063654343e-261
426.4 8.85522462423e-262
426.41 3.21010891025e-262
426.42 1.16268927004e-262
426.43 4.20756926976e-263
426.44 1.52132708407e-263
426.45 5.49588494179e-264
426.46 1.98370176414e-264
426.47 7.15383368942e-265
426.48 2.57765631918e-265
426.49 9.27972052958e-266
426.5 3.33786290154e-266
426.51 1.1995705764e-266
426.52 4.30731692107e-267
426.53 1.54529557941e-267
426.54 5.53911025484e-268
426.55 1.98377388979e-268
426.56 7.09852379355e-269
426.57 2.53785980544e-269
426.58 9.06548252381e-270
426.59 3.23547415551e-270
426.6 1.15374188047e-270
426.61 4.11057988552e-271
426.62 1.4632591225e-271
426.63 5.20430931206e-272
426.64 1.84939071565e-272
426.65 6.56625823007e-273
426.66 2.32932965491e-273
426.67 8.25596162998e-274
426.68 2.92366822994e-274
426.69 1.03445647807e-274
426.7 3.65695883154e-275
426.71 1.29167017406e-275
426.72 4.55834197953e-276
426.73 1.6072590847e-276
426.74 5.66224408615e-277
426.75 1.99303532829e-277
426.76 7.00914621438e-278
426.77 2.46285563088e-278
426.78 8.64642348332e-279
426.79 3.03289770672e-279
426.8 1.06292527809e-279
426.81 3.72195759309e-280
426.82 1.30215840435e-280
426.83 4.55176601068e-281
426.84 1.58971675374e-281
426.85 5.54732085994e-282
426.86 1.93406263259e-282
426.87 6.73723186986e-283
426.88 2.34485594439e-283
426.89 8.15407219548e-284
426.9 2.83306572591e-284
426.91 9.83473042831e-285
426.92 3.41108061307e-285
426.93 1.18207550603e-285
426.94 4.09281548659e-286
426.95 1.41586819557e-286
426.96 4.8938110716e-287
426.97 1.69003338756e-287
426.98 5.83132278964e-288
426.99 2.01030796102e-288
427.0 6.92439470022e-289
427.01 2.38300388627e-289
427.02 8.19391394248e-290
427.03 2.81502177587e-290
427.04 9.66264071573e-291
427.05 3.31385587919e-291
427.06 1.13552085449e-291
427.07 3.88758882473e-292
427.08 1.32980893873e-292
427.09 4.54487437331e-293
427.1 1.55195180753e-293
427.11 5.29490644992e-294
427.12 1.80493706861e-294
427.13 6.14737277832e-295
427.14 2.09189916959e-295
427.15 7.1123915596e-296
427.16 2.41609652542e-296
427.17 8.20042981889e-297
427.18 2.78088265984e-297
427.19 9.42220229822e-298
427.2 3.18967105507e-298
427.21 1.07885501023e-298
427.22 3.64589351971e-299
427.23 1.23102987067e-299
427.24 4.15295202393e-300
427.25 1.39980954155e-300
427.26 4.71416411279e-301
427.27 1.58622268979e-301
427.28 5.33270219061e-302
427.29 1.79124180403e-302
427.3 6.01152716879e-303
427.31 2.01576140039e-303
427.32 6.75331718222e-304
427.33 2.26057480616e-304
427.34 7.56039229978e-305
427.35 2.52634984959e-305
427.36 8.43463637691e-306
427.37 2.8136038533e-306
427.38 9.37741741482e-307
427.39 3.12267839572e-307
427.4 1.03895079948e-307
427.41 3.45371436642e-308
427.42 1.1471007538e-308
427.43 3.80662789405e-309
427.44 1.26212682928e-309
427.45 4.18108776845e-310
427.46 1.38388270664e-310
427.47 4.57649500675e-311
427.48 1.51213447837e-311
427.49 4.99196522694e-312
427.5 1.64655559706e-312
427.51 5.42631448733e-313
427.52 1.78672302136e-313
427.53 5.87804922603e-314
427.54 1.93211475371e-314
427.55 6.34536088909e-315
427.56 2.08210894945e-315
427.57 6.8261257838e-316
427.58 2.2359847413e-316
427.59 7.31791062499e-317
427.6 2.39292494073e-317
427.61 7.81798114469e-318
427.62 2.55202198375e-318
427.63 8.32332630923e-319
427.64 2.71227217597e-319
427.65 8.83092935377e-320
427.66 2.87249766492e-320
427.67 9.3378407064e-321
427.68 3.03356306547e-321
427.69 9.83190635224e-322
427.7 3.21142669797e-322
427.71 1.03753785627e-322
427.72 3.45845952089e-323
427.73 9.88131291682e-324
427.74 4.94065645841e-324
427.75 0.0
427.76 0.0
427.77 0.0
427.78 0.0
427.79 0.0
427.8 0.0
427.81 0.0
427.82 0.0
427.83 0.0
427.84 0.0
427.85 0.0
427.86 0.0
427.87 0.0
427.88 0.0
427.89 0.0
427.9 0.0
427.91 0.0
427.92 0.0
427.93 0.0
427.94 0.0
427.95 0.0
427.96 0.0
427.97 0.0
427.98 0.0
427.99 0.0
428.0 0.0
428.01 0.0
428.02 0.0
428.03 0.0
428.04 0.0
428.05 0.0
428.06 0.0
428.07 0.0
428.08 0.0
428.09 0.0
428.1 0.0
428.11 0.0
428.12 0.0
428.13 0.0
428.14 0.0
428.15 0.0
428.16 0.0
428.17 0.0
428.18 0.0
428.19 0.0
428.2 0.0
428.21 0.0
428.22 0.0
428.23 0.0
428.24 0.0
428.25 0.0
428.26 0.0
428.27 0.0
428.28 0.0
428.29 0.0
428.3 0.0
428.31 0.0
428.32 0.0
428.33 0.0
428.34 0.0
428.35 0.0
428.36 0.0
428.37 0.0
428.38 0.0
428.39 0.0
428.4 0.0
428.41 0.0
428.42 0.0
428.43 0.0
428.44 0.0
428.45 0.0
428.46 0.0
428.47 0.0
428.48 0.0
428.49 0.0
428.5 0.0
428.51 0.0
428.52 0.0
428.53 0.0
428.54 0.0
428.55 0.0
428.56 0.0
428.57 0.0
428.58 0.0
428.59 0.0
428.6 0.0
428.61 0.0
428.62 0.0
428.63 0.0
428.64 0.0
428.65 0.0
428.66 0.0
428.67 0.0
428.68 0.0
428.69 0.0
428.7 0.0
428.71 0.0
428.72 0.0
428.73 0.0
428.74 0.0
428.75 0.0
428.76 0.0
428.77 0.0
428.78 0.0
428.79 0.0
428.8 0.0
428.81 0.0
428.82 0.0
428.83 0.0
428.84 0.0
428.85 0.0
428.86 0.0
428.87 0.0
428.88 0.0
428.89 0.0
428.9 0.0
428.91 0.0
428.92 0.0
428.93 0.0
428.94 0.0
428.95 0.0
428.96 0.0
428.97 0.0
428.98 0.0
428.99 0.0
429.0 0.0
429.01 0.0
429.02 0.0
429.03 0.0
429.04 0.0
429.05 0.0
429.06 0.0
429.07 0.0
429.08 0.0
429.09 0.0
429.1 0.0
429.11 0.0
429.12 0.0
429.13 0.0
429.14 0.0
429.15 0.0
429.16 0.0
429.17 0.0
429.18 0.0
429.19 0.0
429.2 0.0
429.21 0.0
429.22 0.0
429.23 0.0
429.24 0.0
429.25 0.0
429.26 0.0
429.27 0.0
429.28 0.0
429.29 0.0
429.3 0.0
429.31 0.0
429.32 0.0
429.33 0.0
429.34 0.0
429.35 0.0
429.36 0.0
429.37 0.0
429.38 0.0
429.39 0.0
429.4 0.0
429.41 0.0
429.42 0.0
429.43 0.0
429.44 0.0
429.45 0.0
429.46 0.0
429.47 0.0
429.48 0.0
429.49 0.0
429.5 0.0
429.51 0.0
429.52 0.0
429.53 0.0
429.54 0.0
429.55 0.0
429.56 0.0
429.57 0.0
429.58 0.0
429.59 0.0
429.6 0.0
429.61 0.0
429.62 0.0
429.63 0.0
429.64 0.0
429.65 0.0
429.66 0.0
429.67 0.0
429.68 0.0
429.69 0.0
429.7 0.0
429.71 0.0
429.72 0.0
429.73 0.0
429.74 0.0
429.75 0.0
429.76 0.0
429.77 0.0
429.78 0.0
429.79 0.0
429.8 0.0
429.81 0.0
429.82 0.0
429.83 0.0
429.84 0.0
429.85 0.0
429.86 0.0
429.87 0.0
429.88 0.0
429.89 0.0
429.9 0.0
429.91 0.0
429.92 0.0
429.93 0.0
429.94 0.0
429.95 0.0
429.96 0.0
429.97 0.0
429.98 0.0
429.99 0.0
