400.0 2.4603044423e-66
400.01 4.06549273256e-66
400.02 6.71214360941e-66
400.03 1.10721765753e-65
400.04 1.82485549211e-65
400.05 3.0050220789e-65
400.06 4.94413781626e-65
400.07 8.12750380309e-65
400.08 1.33489623209e-64
400.09 2.19059224331e-64
400.1 3.59169372875e-64
400.11 5.88383871729e-64
400.12 9.63043569215e-64
400.13 1.57490667579e-63
400.14 2.57328225255e-63
400.15 4.20091348984e-63
400.16 6.85210112858e-63
400.17 1.11667682316e-62
400.18 1.81825568133e-62
400.19 2.95805412765e-62
400.2 4.80818304326e-62
400.21 7.80871515342e-62
400.22 1.26707371525e-61
400.23 2.05422445565e-61
400.24 3.32749660562e-61
400.25 5.3853143581e-61
400.26 8.70819630244e-61
400.27 1.40691893261e-60
400.28 2.27108636452e-60
400.29 3.66287365188e-60
400.3 5.90247204944e-60
400.31 9.50319525867e-60
400.32 1.52872398177e-59
400.33 2.4570399452e-59
400.34 3.94565462994e-59
400.35 6.33066935759e-59
400.36 1.01485479371e-58
400.37 1.62548099434e-58
400.38 2.60125900667e-58
400.39 4.15919239594e-58
400.4 6.64443621144e-58
400.41 1.06054957662e-57
400.42 1.69132678199e-57
400.43 2.69493186436e-57
400.44 4.29034054368e-57
400.45 6.82432111249e-57
400.46 1.08455318735e-56
400.47 1.7221301436e-56
400.48 2.73215160656e-56
400.49 4.33079207256e-56
400.5 6.85888599341e-56
400.51 1.08533434858e-55
400.52 1.71592074121e-55
400.53 2.71053245895e-55
400.54 4.27795009012e-55
400.55 6.74590975519e-55
400.56 1.06284284469e-54
400.57 1.67309765959e-54
400.58 2.6314628476e-54
400.59 4.13520368712e-54
400.6 6.49262444408e-54
400.61 1.01851486335e-53
400.62 1.59638696225e-53
400.63 2.49995784679e-53
400.64 3.91156824685e-53
400.65 6.11494915953e-53
400.66 9.55121237199e-53
400.67 1.49055451844e-52
400.68 2.3241328091e-52
400.69 3.62074325397e-52
400.7 5.63583450092e-52
400.71 8.76480876779e-52
400.72 1.36191615403e-51
400.73 2.11437497434e-51
400.74 3.27972447698e-51
400.75 5.08295687112e-51
400.76 7.87080587142e-51
400.77 1.21771509489e-50
400.78 1.88233054991e-50
400.79 2.90716582405e-50
400.8 4.48608430414e-50
400.81 6.91653803399e-50
400.82 1.06545183251e-49
400.83 1.63984418605e-49
400.84 2.52170953541e-49
400.85 3.87446060493e-49
400.86 5.9477287037e-49
400.87 9.12251874425e-49
400.88 1.39798364506e-48
400.89 2.1404896362e-48
400.9 3.27452175934e-48
400.91 5.0050260757e-48
400.92 7.64343401542e-48
400.93 1.16625739226e-47
400.94 1.77796828889e-47
400.95 2.70817874108e-47
400.96 4.1214909533e-47
400.97 6.26693354893e-47
400.98 9.52093370232e-47
400.99 1.44519917453e-46
401.0 2.19179323003e-46
401.01 3.32120107624e-46
401.02 5.02822231763e-46
401.03 7.60602038712e-46
401.04 1.1495403274e-45
401.05 1.73585981882e-45
401.06 2.61895961594e-45
401.07 3.94790474585e-45
401.08 5.94604568845e-45
401.09 8.94774360049e-45
401.1 1.34531050108e-44
401.11 2.02094849798e-44
401.12 3.03327420897e-44
401.13 4.54874730554e-44
401.14 6.81546768142e-44
401.15 1.02028905216e-43
401.16 1.5260701691e-43
401.17 2.28060195336e-43
401.18 3.40524366285e-43
401.19 5.08008065266e-43
401.2 7.57210685131e-43
401.21 1.12768180363e-42
401.22 1.67795428343e-42
401.23 2.49457972398e-42
401.24 3.70542787703e-42
401.25 5.49924480828e-42
401.26 8.15438955542e-42
401.27 1.20810190433e-41
401.28 1.78829595983e-41
401.29 2.64483713713e-41
401.3 3.9082486437e-41
401.31 5.7701771927e-41
401.32 8.51176895081e-41
401.33 1.25451025362e-40
401.34 1.84736332222e-40
401.35 2.7180292799e-40
401.36 3.99557840633e-40
401.37 5.86852415363e-40
401.38 8.61195690516e-40
401.39 1.26269514884e-39
401.4 1.84977492716e-39
401.41 2.70746578813e-39
401.42 3.9594127667e-39
401.43 5.78525215972e-39
401.44 8.44573634497e-39
401.45 1.23190284661e-38
401.46 1.79530859612e-38
401.47 2.61411972684e-38
401.48 3.80308078682e-38
401.49 5.5280166201e-38
401.5 8.02836005933e-38
401.51 1.16495206561e-37
401.52 1.68893518143e-37
401.53 2.44647972815e-37
401.54 3.54073947694e-37
401.55 5.12000089891e-37
401.56 7.39724177887e-37
401.57 1.06780832632e-36
401.58 1.54007015451e-36
401.59 2.21927652218e-36
401.6 3.19525884271e-36
401.61 4.5964695198e-36
401.62 6.60642389303e-36
401.63 9.4870720832e-36
401.64 1.36119917452e-35
401.65 1.95134862277e-35
401.66 2.79493535828e-35
401.67 3.99974571761e-35
401.68 5.71895538844e-35
401.69 8.17005063195e-35
401.7 1.16615559337e-34
401.71 1.6630754931e-34
401.72 2.36968784338e-34
401.73 3.37360343198e-34
401.74 4.79866720012e-34
401.75 6.81978912097e-34
401.76 9.68378129544e-34
401.77 1.3738607356e-33
401.78 1.94744034712e-33
401.79 2.75809567809e-33
401.8 3.90281714791e-33
401.81 5.51786147965e-33
401.82 7.79447907571e-33
401.83 1.10008719567e-32
401.84 1.55128229755e-32
401.85 2.18563821663e-32
401.86 3.07673029369e-32
401.87 4.32737261042e-32
401.88 6.0811101314e-32
401.89 8.53817708594e-32
401.9 1.19776373541e-31
401.91 1.67880739729e-31
401.92 2.35100905043e-31
401.93 3.28951173708e-31
401.94 4.59867049102e-31
401.95 6.42328003749e-31
401.96 8.96406781339e-31
401.97 1.24990533759e-30
401.98 1.74129689066e-30
401.99 2.42377464979e-30
402.0 3.37081847642e-30
402.01 4.68384166052e-30
402.02 6.50268560437e-30
402.03 9.02001004886e-30
402.04 1.2501006997e-29
402.05 1.73103834268e-29
402.06 2.39492594875e-29
402.07 3.31055802252e-29
402.08 4.57229276778e-29
402.09 6.30943644807e-29
402.1 8.69902987198e-29
402.11 1.19832546011e-28
402.12 1.6493106508e-28
402.13 2.26805641553e-28
402.14 3.11622605858e-28
402.15 4.27787183885e-28
402.16 5.86746214451e-28
402.17 8.04074956242e-28
402.18 1.10094719103e-27
402.19 1.50612199954e-27
402.2 2.0586263586e-27
402.21 2.81137396474e-27
402.22 3.83604259278e-27
402.23 5.2296417022e-27
402.24 7.12334800783e-27
402.25 9.69438139366e-27
402.26 1.31819528416e-26
402.27 1.79086611041e-26
402.28 2.43091736037e-26
402.29 3.29686363849e-26
402.3 4.46740665361e-26
402.31 6.04830524877e-26
402.32 8.18155074274e-26
402.33 1.10576099854e-25
402.34 1.49317469011e-25
402.35 2.01457613263e-25
402.36 2.71569167824e-25
402.37 3.65763993973e-25
402.38 4.92204016251e-25
402.39 6.61779130975e-25
402.4 8.89006005488e-25
402.41 1.19321865436e-24
402.42 1.60014407015e-24
402.43 2.14398553548e-24
402.44 2.87017467513e-24
402.45 3.83900358563e-24
402.46 5.1304140926e-24
402.47 6.85030699092e-24
402.48 9.13884605421e-24
402.49 1.21813774742e-23
402.5 1.62227753192e-23
402.51 2.15862706521e-23
402.52 2.86981429901e-23
402.53 3.81200695915e-23
402.54 5.05914686477e-23
402.55 6.70848729522e-23
402.56 8.88782774181e-23
402.57 1.17649576574e-22
402.58 1.55599723404e-22
402.59 2.05613196773e-22
402.6 2.71466886849e-22
402.61 3.58101757302e-22
402.62 4.71975825156e-22
402.63 6.21522376612e-22
402.64 8.17744244887e-22
402.65 1.074983841e-21
402.66 1.41191999406e-21
402.67 1.85285721509e-21
402.68 2.4293916264e-21
402.69 3.18256161163e-21
402.7 4.16562165366e-21
402.71 5.44761662973e-21
402.72 7.11798329145e-21
402.73 9.29246863689e-21
402.74 1.21207350013e-20
402.75 1.57961235167e-20
402.76 2.05681768725e-20
402.77 2.6758686291e-20
402.78 3.47822354294e-20
402.79 4.51724769703e-20
402.8 5.86157103477e-20
402.81 7.59937493784e-20
402.82 9.84385991049e-20
402.83 1.27402130138e-19
402.84 1.64744781515e-19
402.85 2.12848383643e-19
402.86 2.74759526232e-19
402.87 3.54371570826e-19
402.88 4.5665550876e-19
402.89 5.87952499362e-19
402.9 7.56344221514e-19
402.91 9.72121297964e-19
402.92 1.24837520858e-18
402.93 1.60174554711e-18
402.94 2.0533625063e-18
402.95 2.63003448242e-18
402.96 3.36574314511e-18
402.97 4.30352380727e-18
402.98 5.49782817036e-18
402.99 7.01749039923e-18
403.0 8.94944708491e-18
403.01 1.14033983197e-17
403.02 1.45176424756e-17
403.03 1.84663733497e-17
403.04 2.34687975834e-17
403.05 2.98005156671e-17
403.06 3.78077150933e-17
403.07 4.79248537837e-17
403.08 6.06966712509e-17
403.09 7.68055606972e-17
403.1 9.71055754878e-17
403.11 1.2266463796e-16
403.12 1.54816879253e-16
403.13 1.95227480173e-16
403.14 2.45972922567e-16
403.15 3.09640219244e-16
403.16 3.89449493887e-16
403.17 4.89405261192e-16
403.18 6.14482948902e-16
403.19 7.70858652128e-16
403.2 9.66191870012e-16
403.21 1.20997311002e-15
403.22 1.51395083332e-15
403.23 1.89265534854e-15
403.24 2.36404105225e-15
403.25 2.9502729946e-15
403.26 3.67868927795e-15
403.27 4.58297746277e-15
403.28 5.70461118516e-15
403.29 7.09460285259e-15
403.3 8.81563989765e-15
403.31 1.09446860135e-14
403.32 1.35761455187e-14
403.33 1.68257090371e-14
403.34 2.08350226579e-14
403.35 2.57773514145e-14
403.36 3.18644421561e-14
403.37 3.93548317366e-14
403.38 4.85638951174e-14
403.39 5.98759859242e-14
403.4 7.37590908927e-14
403.41 9.07825014732e-14
403.42 1.11638102957e-13
403.43 1.3716599656e-13
403.44 1.6838530612e-13
403.45 2.06531182181e-13
403.46 2.53099206504e-13
403.47 3.09898624607e-13
403.48 3.79116098545e-13
403.49 4.63391983714e-13
403.5 5.65911499821e-13
403.51 6.90513596527e-13
403.52 8.4182081919e-13
403.53 1.02539407192e-12
403.54 1.24791686787e-12
403.55 1.51741446678e-12
403.56 1.84351424569e-12
403.57 2.23775475259e-12
403.58 2.71395217869e-12
403.59 3.28863448175e-12
403.6 3.98155513318e-12
403.61 4.81630048181e-12
403.62 5.82100707078e-12
403.63 7.0292079585e-12
403.64 8.48083023533e-12
403.65 1.02233695574e-11
403.66 1.23132717083e-11
403.67 1.48175560298e-11
403.68 1.78157211233e-11
403.69 2.14019796203e-11
403.7 2.56878761663e-11
403.71 3.08053511905e-11
403.72 3.69103226896e-11
403.73 4.41868693053e-11
403.74 5.28521106021e-11
403.75 6.31618948716e-11
403.76 7.54174212162e-11
403.77 8.99729413836e-11
403.78 1.07244708087e-10
403.79 1.27721360716e-10
403.8 1.51975966719e-10
403.81 1.80679967994e-10
403.82 2.14619316686e-10
403.83 2.54713124447e-10
403.84 3.02035193925e-10
403.85 3.57838851595e-10
403.86 4.23585557703e-10
403.87 5.00977832749e-10
403.88 5.91997111268e-10
403.89 6.98947213658e-10
403.9 8.24504216216e-10
403.91 9.71773599382e-10
403.92 1.14435566562e-09
403.93 1.3464203423e-09
403.94 1.58279262293e-09
403.95 1.85905005302e-09
403.96 2.18163383662e-09
403.97 2.55797532732e-09
403.98 2.99663987478e-09
403.99 3.50749022688e-09
404.0 4.10187193937e-09
404.01 4.79282352207e-09
404.02 5.59531435442e-09
404.03 6.52651373664e-09
404.04 7.60609480661e-09
404.05 8.85657745048e-09
404.06 1.03037147681e-08
404.07 1.19769281259e-08
404.08 1.39097963403e-08
404.09 1.61406050904e-08
404.1 1.87129632561e-08
404.11 2.1676493524e-08
404.12 2.50876052997e-08
404.13 2.90103587121e-08
404.14 3.35174292941e-08
404.15 3.86911837802e-08
404.16 4.46248783759e-08
404.17 5.14239918203e-08
404.18 5.92077065946e-08
404.19 6.81105527177e-08
404.2 7.82842297161e-08
404.21 8.98996235641e-08
404.22 1.03149036652e-07
404.23 1.18248650163e-07
404.24 1.35441239607e-07
404.25 1.54999165694e-07
404.26 1.77227664178e-07
404.27 2.02468459828e-07
404.28 2.31103731217e-07
404.29 2.63560454569e-07
404.3 3.00315156512e-07
404.31 3.41899107134e-07
404.32 3.88903986334e-07
404.33 4.41988058014e-07
404.34 5.01882888143e-07
404.35 5.6940064421e-07
404.36 6.45442014931e-07
404.37 7.31004790375e-07
404.38 8.27193143808e-07
404.39 9.35227657575e-07
404.4 1.05645613615e-06
404.41 1.19236525011e-06
404.42 1.34459305517e-06
404.43 1.51494243049e-06
404.44 1.70539548029e-06
404.45 1.91812894223e-06
404.46 2.15553064498e-06
404.47 2.42021705626e-06
404.48 2.71505196032e-06
404.49 3.043166302e-06
404.5 3.40797923105e-06
404.51 3.81322037718e-06
404.52 4.26295338188e-06
404.53 4.76160070825e-06
404.54 5.31396974431e-06
404.55 5.92528020892e-06
404.56 6.60119286209e-06
404.57 7.34783951329e-06
404.58 8.17185431234e-06
404.59 9.08040629767e-06
404.6 1.00812331654e-05
404.61 1.11826762113e-05
404.62 1.23937163844e-05
404.63 1.37240113774e-05
404.64 1.51839336645e-05
404.65 1.67846093798e-05
404.66 1.85379579162e-05
404.67 2.04567321025e-05
404.68 2.2554558802e-05
404.69 2.48459797538e-05
404.7 2.73464924598e-05
404.71 3.00725908984e-05
404.72 3.30418058252e-05
404.73 3.62727444009e-05
404.74 3.97851288609e-05
404.75 4.3599833924e-05
404.76 4.77389226121e-05
404.77 5.22256801314e-05
404.78 5.70846454472e-05
404.79 6.234164016e-05
404.8 6.80237942726e-05
404.81 7.415956842e-05
404.82 8.07787721158e-05
404.83 8.79125775515e-05
404.84 9.55935284755e-05
404.85 0.000103855543662
404.86 0.000112733914476
404.87 0.000122265296029
404.88 0.000132487691425
404.89 0.000143440428581
404.9 0.000155164129136
404.91 0.00016770066894
404.92 0.000181093129648
404.93 0.000195385740953
404.94 0.000210623813018
404.95 0.000226853658682
404.96 0.000244122505055
404.97 0.000262478394155
404.98 0.00028197007228
404.99 0.000302646867847
405.0 0.000324558557493
405.01 0.000347755220292
405.02 0.000372287079995
405.03 0.000398204335273
405.04 0.000425556978036
405.05 0.000454394599935
405.06 0.000484766187295
405.07 0.000516719904762
405.08 0.000550302868075
405.09 0.00058556090645
405.1 0.000622538315166
405.11 0.000661277599048
405.12 0.000701819207634
405.13 0.000744201262919
405.14 0.000788459280675
405.15 0.000834625886447
405.16 0.000882730527417
405.17 0.000932799181438
405.18 0.000984854064623
405.19 0.00103891333897
405.2 0.0010949908216
405.21 0.00115309569721
405.22 0.0012132322355
405.23 0.00127539951537
405.24 0.00133959115758
405.25 0.00140579506793
405.26 0.00147399319278
405.27 0.00154416128873
405.28 0.00161626870864
405.29 0.00169027820565
405.3 0.00176614575726
405.31 0.00184382041139
405.32 0.00192324415604
405.33 0.00200435181453
405.34 0.00208707096788
405.35 0.00217132190596
405.36 0.00225701760885
405.37 0.00234406375984
405.38 0.0024323587912
405.39 0.00252179396384
405.4 0.00261225348175
405.41 0.0027036146419
405.42 0.0027957480202
405.43 0.00288851769373
405.44 0.00298178149952
405.45 0.00307539132961
405.46 0.0031691934622
405.47 0.00326302892822
405.48 0.00335673391266
405.49 0.00345014018947
405.5 0.00354307558901
405.51 0.00363536449626
405.52 0.00372682837837
405.53 0.00381728633947
405.54 0.00390655570054
405.55 0.00399445260214
405.56 0.00408079262741
405.57 0.00416539144246
405.58 0.00424806545164
405.59 0.00432863246421
405.6 0.00440691236974
405.61 0.00448272781854
405.62 0.0045559049042
405.63 0.00462627384455
405.64 0.00469366965776
405.65 0.00475793283009
405.66 0.00481890997197
405.67 0.0048764544588
405.68 0.00493042705343
405.69 0.00498069650689
405.7 0.00502714013427
405.71 0.00506964436295
405.72 0.00510810525007
405.73 0.00514242896694
405.74 0.00517253224766
405.75 0.00519834279999
405.76 0.0052197996764
405.77 0.00523685360368
405.78 0.00524946726959
405.79 0.0052576155656
405.8 0.00526128578473
405.81 0.00526047777411
405.82 0.00525520404199
405.83 0.00524548981931
405.84 0.00523137307632
405.85 0.00521290449496
405.86 0.00519014739806
405.87 0.00516317763671
405.88 0.00513208343745
405.89 0.00509696521124
405.9 0.00505793532637
405.91 0.0050151178477
405.92 0.00496864824497
405.93 0.00491867307299
405.94 0.00486534962672
405.95 0.00480884557458
405.96 0.00474933857301
405.97 0.00468701586607
405.98 0.00462207387322
405.99 0.00455471776904
406.0 0.00448516105828
406.01 0.00441362514975
406.02 0.00434033893254
406.03 0.0042655383579
406.04 0.0041894660299
406.05 0.0041123708082
406.06 0.00403450742542
406.07 0.00395613612223
406.08 0.00387752230223
406.09 0.003798936209
406.1 0.00372065262712
406.11 0.00364295060878
406.12 0.00356611322706
406.13 0.00349042735701
406.14 0.00341618348475
406.15 0.003343675545
406.16 0.00327320078648
406.17 0.00320505966482
406.18 0.00313955576165
406.19 0.00307699572856
406.2 0.00301768925394
406.21 0.00296194905056
406.22 0.00291009086104
406.23 0.00286243347829
406.24 0.00281929877752
406.25 0.00278101175594
406.26 0.00274790057612
406.27 0.00272029660872
406.28 0.00269853446976
406.29 0.00268295204763
406.3 0.00267389051472
406.31 0.00267169431833
406.32 0.00267671114555
406.33 0.00268929185641
406.34 0.00270979038
406.35 0.00273856356772
406.36 0.00277597099842
406.37 0.00282237472979
406.38 0.00287813899083
406.39 0.00294362981042
406.4 0.00301921457699
406.41 0.00310526152492
406.42 0.00320213914349
406.43 0.00331021550469
406.44 0.00342985750651
406.45 0.00356143002916
406.46 0.0037052950018
406.47 0.00386181037852
406.48 0.00403132902242
406.49 0.00421419749778
406.5 0.00441075477079
406.51 0.00462133082024
406.52 0.00484624516035
406.53 0.00508580527866
406.54 0.00534030499304
406.55 0.0056100227323
406.56 0.00589521974638
406.57 0.00619613825236
406.58 0.00651299952399
406.59 0.00684600193286
406.6 0.00719531895061
406.61 0.00756109712201
406.62 0.00794345402003
406.63 0.00834247619424
406.64 0.00875821712522
406.65 0.0091906951977
406.66 0.00963989170632
406.67 0.0101057489081
406.68 0.0105881681364
406.69 0.0110870079908
406.7 0.0116020826192
406.71 0.012133160107
406.72 0.0126799609886
406.73 0.0132421568978
406.74 0.0138193693715
406.75 0.0144111688221
406.76 0.0150170736938
406.77 0.015636549817
406.78 0.0162690099729
406.79 0.0169138136844
406.8 0.0175702672412
406.81 0.0182376239742
406.82 0.0189150847855
406.83 0.0196017989453
406.84 0.0202968651617
406.85 0.0209993329296
406.86 0.0217082041628
406.87 0.0224224351128
406.88 0.0231409385745
406.89 0.023862586378
406.9 0.0245862121651
406.91 0.0253106144446
406.92 0.0260345599215
406.93 0.0267567870899
406.94 0.0274760100828
406.95 0.0281909227625
406.96 0.0289002030415
406.97 0.029602517416
406.98 0.0302965256952
406.99 0.0309808859067
407.0 0.0316542593588
407.01 0.0323153158344
407.02 0.0329627388963
407.03 0.0335952312754
407.04 0.0342115203191
407.05 0.0348103634697
407.06 0.0353905537469
407.07 0.0359509252048
407.08 0.0364903583349
407.09 0.0370077853852
407.1 0.0375021955665
407.11 0.0379726401156
407.12 0.0384182371877
407.13 0.0388381765483
407.14 0.0392317240362
407.15 0.0395982257725
407.16 0.0399371120875
407.17 0.0402479011417
407.18 0.0405302022173
407.19 0.0407837186583
407.2 0.0410082504394
407.21 0.0412036963452
407.22 0.0413700557427
407.23 0.041507429935
407.24 0.0416160230821
407.25 0.0416961426799
407.26 0.0417481995912
407.27 0.0417727076219
407.28 0.041770282642
407.29 0.0417416412494
407.3 0.0416875989818
407.31 0.0416090680786
407.32 0.0415070548028
407.33 0.0413826563317
407.34 0.0412370572281
407.35 0.0410715255079
407.36 0.0408874083191
407.37 0.0406861272519
407.38 0.0404691732997
407.39 0.040238101494
407.4 0.0399945252369
407.41 0.0397401103561
407.42 0.0394765689106
407.43 0.0392056527737
407.44 0.038929147023
407.45 0.0386488631675
407.46 0.0383666322418
407.47 0.0380842977981
407.48 0.0378037088289
407.49 0.0375267126502
407.5 0.0372551477768
407.51 0.0369908368224
407.52 0.0367355794538
407.53 0.0364911454296
407.54 0.0362592677551
407.55 0.036041635979
407.56 0.0358398896632
407.57 0.0356556120499
407.58 0.0354903239538
407.59 0.0353454779018
407.6 0.0352224525453
407.61 0.0351225473648
407.62 0.0350469776883
407.63 0.0349968700407
407.64 0.034973257842
407.65 0.0349770774685
407.66 0.0350091646909
407.67 0.0350702515003
407.68 0.0351609633325
407.69 0.0352818166981
407.7 0.0354332172247
407.71 0.0356154581155
407.72 0.0358287190272
407.73 0.0360730653686
407.74 0.0363484480179
407.75 0.036654703457
407.76 0.0369915543198
407.77 0.0373586103467
407.78 0.0377553697402
407.79 0.0381812209127
407.8 0.0386354446152
407.81 0.0391172164381
407.82 0.0396256096693
407.83 0.0401595984979
407.84 0.0407180615474
407.85 0.0412997857232
407.86 0.0419034703584
407.87 0.0425277316391
407.88 0.0431711072915
407.89 0.0438320615126
407.9 0.0445089901232
407.91 0.0452002259243
407.92 0.0459040442356
407.93 0.046618668596
407.94 0.0473422766035
407.95 0.0480730058735
407.96 0.0488089600943
407.97 0.0495482151572
407.98 0.0502888253404
407.99 0.0510288295234
408.0 0.0517662574125
408.01 0.0524991357543
408.02 0.0532254945164
408.03 0.0539433730162
408.04 0.0546508259749
408.05 0.0553459294789
408.06 0.0560267868288
408.07 0.0566915342566
408.08 0.0573383464937
408.09 0.0579654421724
408.1 0.0585710890436
408.11 0.0591536089952
408.12 0.0597113828564
408.13 0.0602428549732
408.14 0.0607465375417
408.15 0.061221014688
408.16 0.0616649462812
408.17 0.0620770714715
408.18 0.0624562119418
408.19 0.0628012748656
408.2 0.0631112555641
408.21 0.063385239855
408.22 0.0636224060891
408.23 0.0638220268695
408.24 0.0639834704517
408.25 0.0641062018208
408.26 0.0641897834474
408.27 0.0642338757196
408.28 0.0642382370558
408.29 0.0642027236973
408.3 0.0641272891868
408.31 0.0640119835368
408.32 0.0638569520924
408.33 0.0636624340964
408.34 0.0634287609642
408.35 0.0631563542767
408.36 0.0628457235005
408.37 0.0624974634476
408.38 0.0621122514835
408.39 0.0616908444981
408.4 0.0612340756511
408.41 0.0607428509063
408.42 0.0602181453694
408.43 0.0596609994437
408.44 0.0590725148206
408.45 0.0584538503197
408.46 0.0578062175978
408.47 0.0571308767405
408.48 0.0564291317575
408.49 0.0557023259974
408.5 0.0549518375
408.51 0.0541790743064
408.52 0.0533854697423
408.53 0.0525724776955
408.54 0.0517415679036
408.55 0.050894221272
408.56 0.0500319252386
408.57 0.0491561692024
408.58 0.0482684400355
408.59 0.0473702176916
408.6 0.0464629709305
408.61 0.0455481531708
408.62 0.044627198489
408.63 0.043701517775
408.64 0.042772495061
408.65 0.0418414840331
408.66 0.0409098047378
408.67 0.0399787404942
408.68 0.0390495350202
408.69 0.0381233897809
408.7 0.0372014615661
408.71 0.0362848603028
408.72 0.0353746471071
408.73 0.0344718325782
408.74 0.0335773753375
408.75 0.032692180813
408.76 0.0318171002686
408.77 0.030952930077
408.78 0.0301004112327
408.79 0.0292602291026
408.8 0.0284330134069
408.81 0.0276193384269
408.82 0.0268197234295
408.83 0.0260346333026
408.84 0.0252644793919
408.85 0.0245096205275
408.86 0.0237703642324
408.87 0.0230469680985
408.88 0.0223396413213
408.89 0.0216485463774
408.9 0.0209738008352
408.91 0.0203154792824
408.92 0.0196736153595
408.93 0.0190482038826
408.94 0.018439203045
408.95 0.0178465366803
408.96 0.0172700965763
408.97 0.0167097448231
408.98 0.0161653161853
408.99 0.0156366204817
409.0 0.0151234449631
409.01 0.0146255566737
409.02 0.0141427047853
409.03 0.0136746228934
409.04 0.0132210312639
409.05 0.0127816390219
409.06 0.0123561462721
409.07 0.0119442461431
409.08 0.0115456267484
409.09 0.0111599730565
409.1 0.0107869686647
409.11 0.0104262974714
409.12 0.0100776452422
409.13 0.00974070106659
409.14 0.00941515870226
409.15 0.00910071780506
409.16 0.0087970850436
409.17 0.00850397509772
409.18 0.00822111154123
409.19 0.00794822760959
409.2 0.00768506685425
409.21 0.00743138368555
409.22 0.00718694380688
409.23 0.00695152454317
409.24 0.00672491506744
409.25 0.00650691652911
409.26 0.00629734208876
409.27 0.00609601686364
409.28 0.00590277778916
409.29 0.00571747340134
409.3 0.00553996354551
409.31 0.00537011901688
409.32 0.00520782113836
409.33 0.00505296128133
409.34 0.00490544033497
409.35 0.00476516812973
409.36 0.00463206282054
409.37 0.00450605023526
409.38 0.00438706319372
409.39 0.00427504080266
409.4 0.00416992773175
409.41 0.00407167347552
409.42 0.00398023160626
409.43 0.00389555902225
409.44 0.00381761519595
409.45 0.0037463614264
409.46 0.00368176009964
409.47 0.00362377396142
409.48 0.00357236540534
409.49 0.00352749578033
409.5 0.00348912472034
409.51 0.0034572094995
409.52 0.00343170441553
409.53 0.00341256020401
409.54 0.00339972348601
409.55 0.00339313625144
409.56 0.00339273538004
409.57 0.00339845220214
409.58 0.00341021210073
409.59 0.00342793415669
409.6 0.00345153083829
409.61 0.00348090773644
409.62 0.00351596334665
409.63 0.00355658889861
409.64 0.0036026682342
409.65 0.00365407773435
409.66 0.00371068629527
409.67 0.00377235535416
409.68 0.00383893896441
409.69 0.00391028392018
409.7 0.00398622992985
409.71 0.00406660983785
409.72 0.00415124989406
409.73 0.00423997006968
409.74 0.00433258441842
409.75 0.00442890148151
409.76 0.00452872473478
409.77 0.00463185307595
409.78 0.00473808134991
409.79 0.00484720090962
409.8 0.00495900020994
409.81 0.00507326543153
409.82 0.00518978113178
409.83 0.00530833091939
409.84 0.00542869814903
409.85 0.00555066663252
409.86 0.00567402136243
409.87 0.00579854924414
409.88 0.00592403983212
409.89 0.00605028606604
409.9 0.00617708500236
409.91 0.00630423853668
409.92 0.00643155411249
409.93 0.00655884541157
409.94 0.00668593302145
409.95 0.00681264507554
409.96 0.00693881786117
409.97 0.00706429639146
409.98 0.0071889349366
409.99 0.00731259751064
410.0 0.00743515830981
410.01 0.0075565020989
410.02 0.0076765245424
410.03 0.0077951324773
410.04 0.00791224412509
410.05 0.00802778924047
410.06 0.0081417091951
410.07 0.00825395699486
410.08 0.00836449722954
410.09 0.00847330595459
410.1 0.00858037050469
410.11 0.00868568923972
410.12 0.00878927122393
410.13 0.00889113583972
410.14 0.00899131233811
410.15 0.00908983932803
410.16 0.0091867642075
410.17 0.00928214254004
410.18 0.00937603737993
410.19 0.00946851855069
410.2 0.00955966188136
410.21 0.00964954840547
410.22 0.00973826352804
410.23 0.0098258961663
410.24 0.00991253786975
410.25 0.00999828192585
410.26 0.0100832224575
410.27 0.0101674535183
410.28 0.010251068193
410.29 0.0103341577078
410.3 0.0104168105589
410.31 0.010499111664
410.32 0.0105811415439
410.33 0.0106629755395
410.34 0.0107446830706
410.35 0.0108263269412
410.36 0.0109079626971
410.37 0.0109896380402
410.38 0.011071392304
410.39 0.011153255994
410.4 0.011235250397
410.41 0.0113173872611
410.42 0.011399668551
410.43 0.0114820862768
410.44 0.0115646224025
410.45 0.0116472488302
410.46 0.0117299274632
410.47 0.0118126103469
410.48 0.011895239886
410.49 0.0119777491369
410.5 0.0120600621734
410.51 0.0121420945228
410.52 0.0122237536696
410.53 0.0123049396231
410.54 0.0123855455451
410.55 0.0124654584332
410.56 0.0125445598551
410.57 0.0126227267284
410.58 0.0126998321414
410.59 0.0127757462084
410.6 0.0128503369547
410.61 0.0129234712239
410.62 0.0129950156035
410.63 0.0130648373606
410.64 0.0131328053838
410.65 0.0131987911224
410.66 0.0132626695205
410.67 0.0133243199368
410.68 0.0133836270464
410.69 0.0134404817187
410.7 0.0134947818656
410.71 0.0135464332554
410.72 0.013595350288
410.73 0.0136414567266
410.74 0.0136846863811
410.75 0.0137249837415
410.76 0.0137623045558
410.77 0.0137966163509
410.78 0.0138278988931
410.79 0.0138561445866
410.8 0.0138813588077
410.81 0.013903560174
410.82 0.0139227807461
410.83 0.0139390661637
410.84 0.0139524757127
410.85 0.0139630823263
410.86 0.0139709725182
410.87 0.0139762462498
410.88 0.0139790167325
410.89 0.0139794101657
410.9 0.0139775654122
410.91 0.0139736336134
410.92 0.0139677777455
410.93 0.0139601721192
410.94 0.0139510018254
410.95 0.0139404621287
410.96 0.013928757813
410.97 0.0139161024795
410.98 0.0139027178018
410.99 0.0138888327411
411.0 0.0138746827226
411.01 0.0138605087784
411.02 0.0138465566588
411.03 0.013833075915
411.04 0.0138203189572
411.05 0.0138085400905
411.06 0.0137979945322
411.07 0.0137889374138
411.08 0.0137816227701
411.09 0.0137763025205
411.1 0.0137732254437
411.11 0.0137726361498
411.12 0.0137747740542
411.13 0.0137798723551
411.14 0.0137881570182
411.15 0.0137998457732
411.16 0.0138151471235
411.17 0.0138342593746
411.18 0.0138573696825
411.19 0.0138846531276
411.2 0.0139162718156
411.21 0.0139523740112
411.22 0.0139930933048
411.23 0.0140385478194
411.24 0.0140888394583
411.25 0.0141440531984
411.26 0.0142042564321
411.27 0.0142694983615
411.28 0.0143398094477
411.29 0.0144152009189
411.3 0.0144956643398
411.31 0.0145811712463
411.32 0.0146716728474
411.33 0.0147670997973
411.34 0.0148673620405
411.35 0.0149723487317
411.36 0.0150819282328
411.37 0.0151959481889
411.38 0.0153142356846
411.39 0.0154365974821
411.4 0.015562820341
411.41 0.0156926714219
411.42 0.0158258987724
411.43 0.0159622318964
411.44 0.0161013824047
411.45 0.0162430447477
411.46 0.0163868970267
411.47 0.0165326018827
411.48 0.0166798074611
411.49 0.0168281484477
411.5 0.016977247174
411.51 0.0171267147879
411.52 0.0172761524846
411.53 0.0174251527949
411.54 0.0175733009237
411.55 0.0177201761356
411.56 0.0178653531802
411.57 0.0180084037511
411.58 0.0181488979739
411.59 0.0182864059143
411.6 0.018420499101
411.61 0.0185507520559
411.62 0.0186767438243
411.63 0.0187980594982
411.64 0.0189142917243
411.65 0.0190250421915
411.66 0.0191299230876
411.67 0.0192285585216
411.68 0.0193205859004
411.69 0.0194056572574
411.7 0.0194834405222
411.71 0.0195536207289
411.72 0.0196159011533
411.73 0.0196700043768
411.74 0.0197156732688
411.75 0.0197526718853
411.76 0.0197807862771
411.77 0.0197998252061
411.78 0.0198096207643
411.79 0.0198100288946
411.8 0.0198009298101
411.81 0.019782228311
411.82 0.0197538539983
411.83 0.0197157613833
411.84 0.0196679298941
411.85 0.0196103637794
411.86 0.0195430919119
411.87 0.0194661674919
411.88 0.0193796676559
411.89 0.0192836929918
411.9 0.0191783669644
411.91 0.0190638352571
411.92 0.018940265032
411.93 0.0188078441156
411.94 0.0186667801142
411.95 0.018517299465
411.96 0.0183596464299
411.97 0.0181940820363
411.98 0.018020882973
411.99 0.0178403404473
412.0 0.0176527590092
412.01 0.0174584553504
412.02 0.0172577570845
412.03 0.0170510015139
412.04 0.0168385343912
412.05 0.0166207086816
412.06 0.01639788333
412.07 0.0161704220424
412.08 0.0159386920839
412.09 0.0157030631001
412.1 0.0154639059673
412.11 0.0152215916749
412.12 0.0149764902452
412.13 0.0147289696937
412.14 0.0144793950344
412.15 0.0142281273313
412.16 0.0139755228014
412.17 0.0137219319678
412.18 0.0134676988683
412.19 0.0132131603179
412.2 0.0129586452277
412.21 0.0127044739803
412.22 0.0124509578615
412.23 0.0121983985484
412.24 0.011947087653
412.25 0.0116973063209
412.26 0.0114493248828
412.27 0.0112034025592
412.28 0.0109597872141
412.29 0.0107187151579
412.3 0.0104804109962
412.31 0.0102450875226
412.32 0.0100129456535
412.33 0.00978417440097
412.34 0.00955895088318
412.35 0.00933744036828
412.36 0.00911979634967
412.37 0.00890616065005
412.38 0.00869666355175
412.39 0.00849142395065
412.4 0.00829054953159
412.41 0.00809413696262
412.42 0.00790227210614
412.43 0.00771503024478
412.44 0.00753247631993
412.45 0.00735466518138
412.46 0.00718164184614
412.47 0.00701344176503
412.48 0.00685009109576
412.49 0.00669160698112
412.5 0.00653799783131
412.51 0.00638926360942
412.52 0.00624539611932
412.53 0.00610637929522
412.54 0.00597218949242
412.55 0.00584279577867
412.56 0.00571816022596
412.57 0.00559823820233
412.58 0.0054829786636
412.59 0.00537232444476
412.6 0.00526621255113
412.61 0.00516457444899
412.62 0.0050673363559
412.63 0.0049744195305
412.64 0.00488574056191
412.65 0.00480121165861
412.66 0.00472074093682
412.67 0.00464423270834
412.68 0.00457158776765
412.69 0.00450270367833
412.7 0.00443747505832
412.71 0.00437579386419
412.72 0.00431754967379
412.73 0.0042626299672
412.74 0.00421092040552
412.75 0.00416230510704
412.76 0.00411666692051
412.77 0.00407388769475
412.78 0.00403384854433
412.79 0.00399643011051
412.8 0.00396151281705
412.81 0.00392897712007
412.82 0.00389870375156
412.83 0.00387057395567
412.84 0.00384446971729
412.85 0.00382027398233
412.86 0.00379787086891
412.87 0.00377714586905
412.88 0.00375798604031
412.89 0.00374028018668
412.9 0.00372391902856
412.91 0.00370879536111
412.92 0.00369480420083
412.93 0.00368184292006
412.94 0.00366981136903
412.95 0.00365861198554
412.96 0.00364814989199
412.97 0.0036383329799
412.98 0.0036290719819
412.99 0.00362028053149
413.0 0.00361187521055
413.01 0.00360377558524
413.02 0.00359590423035
413.03 0.00358818674275
413.04 0.00358055174435
413.05 0.00357293087521
413.06 0.00356525877736
413.07 0.00355747307003
413.08 0.003549514317
413.09 0.00354132598683
413.1 0.0035328544067
413.11 0.00352404871075
413.12 0.00351486078359
413.13 0.00350524519991
413.14 0.00349515916098
413.15 0.00348456242877
413.16 0.00347341725852
413.17 0.00346168833054
413.18 0.00344934268191
413.19 0.00343634963883
413.2 0.00342268075012
413.21 0.00340830972269
413.22 0.00339321235928
413.23 0.00337736649911
413.24 0.00336075196176
413.25 0.00334335049467
413.26 0.00332514572457
413.27 0.00330612311293
413.28 0.00328626991576
413.29 0.00326557514765
413.3 0.00324402955016
413.31 0.0032216255645
413.32 0.00319835730827
413.33 0.00317422055619
413.34 0.00314921272455
413.35 0.00312333285895
413.36 0.00309658162514
413.37 0.0030689613025
413.38 0.00304047577967
413.39 0.0030111305519
413.4 0.00298093271963
413.41 0.0029498909878
413.42 0.00291801566522
413.43 0.00288531866362
413.44 0.00285181349576
413.45 0.002817515272
413.46 0.00278244069487
413.47 0.00274660805115
413.48 0.00271003720081
413.49 0.00267274956256
413.5 0.00263476809536
413.51 0.00259611727569
413.52 0.00255682307006
413.53 0.00251691290258
413.54 0.00247641561724
413.55 0.00243536143477
413.56 0.00239378190388
413.57 0.00235170984681
413.58 0.00230917929912
413.59 0.00226622544384
413.6 0.00222288453991
413.61 0.00217919384519
413.62 0.00213519153409
413.63 0.00209091661024
413.64 0.00204640881435
413.65 0.00200170852763
413.66 0.00195685667124
413.67 0.00191189460215
413.68 0.00186686400582
413.69 0.00182180678632
413.7 0.00177676495436
413.71 0.00173178051377
413.72 0.00168689534699
413.73 0.00164215110032
413.74 0.00159758906919
413.75 0.00155325008445
413.76 0.00150917439998
413.77 0.00146540158226
413.78 0.00142197040266
413.79 0.00137891873274
413.8 0.00133628344333
413.81 0.00129410030772
413.82 0.00125240390959
413.83 0.00121122755605
413.84 0.0011706031962
413.85 0.00113056134566
413.86 0.00109113101729
413.87 0.00105233965851
413.88 0.00101421309538
413.89 0.000976775483667
413.9 0.000940049267074
413.91 0.000904055142706
413.92 0.000868812033848
413.93 0.000834337070065
413.94 0.000800645574586
413.95 0.000767751058906
413.96 0.000735665224472
413.97 0.00070439797131
413.98 0.00067395741337
413.99 0.000644349900383
414.0 0.000615580045937
414.01 0.000587650761482
414.02 0.00056056329594
414.03 0.00053431728057
414.04 0.000508910778703
414.05 0.000484340339978
414.06 0.000460601058653
414.07 0.000437686635597
414.08 0.000415589443519
414.09 0.000394300595027
414.1 0.000373810013069
414.11 0.000354106503344
414.12 0.000335177828254
414.13 0.000317010781975
414.14 0.000299591266261
414.15 0.000282904366561
414.16 0.000266934428096
414.17 0.000251665131519
414.18 0.000237079567812
414.19 0.000223160312109
414.2 0.00020988949613
414.21 0.000197248878947
414.22 0.000185219915824
414.23 0.000173783824904
414.24 0.000162921651516
414.25 0.00015261432993
414.26 0.000142842742391
414.27 0.000133587775295
414.28 0.000124830372386
414.29 0.000116551584899
414.3 0.000108732618559
414.31 0.0001013548774
414.32 9.44000043793e-05
414.33 8.78499187732e-05
414.34 8.16868503667e-05
414.35 7.58933704716e-05
414.36 7.04524198122e-05
414.37 6.53473333423e-05
414.38 6.05618620644e-05
414.39 5.60801919401e-05
414.4 5.18869599856e-05
414.41 4.796726766e-05
414.42 4.43066916612e-05
414.43 4.08912922498e-05
414.44 3.77076192291e-05
414.45 3.47427157116e-05
414.46 3.19841198085e-05
414.47 2.94198643771e-05
414.48 2.70384749661e-05
414.49 2.48289660956e-05
414.5 2.27808360101e-05
414.51 2.08840600407e-05
414.52 1.91290827082e-05
414.53 1.75068087002e-05
414.54 1.60085928469e-05
414.55 1.46262292188e-05
414.56 1.3351939465e-05
414.57 1.21783605038e-05
414.58 1.1098531674e-05
414.59 1.01058814485e-05
414.6 9.19421380557e-06
414.61 8.3576943495e-06
414.62 7.5908362625e-06
414.63 6.88848616748e-06
414.64 6.24580997265e-06
414.65 5.65827876403e-06
414.66 5.12165480571e-06
414.67 4.63197770202e-06
414.68 4.18555077008e-06
414.69 3.77892766571e-06
414.7 3.40889930068e-06
414.71 3.07248108409e-06
414.72 2.76690051586e-06
414.73 2.48958515618e-06
414.74 2.23815099008e-06
414.75 2.01039120274e-06
414.76 1.80426537722e-06
414.77 1.61788912294e-06
414.78 1.4495241403e-06
414.79 1.29756872367e-06
414.8 1.16054870261e-06
414.81 1.03710881886e-06
414.82 9.26004534197e-07
414.83 8.26094263078e-07
414.84 7.36332021547e-07
414.85 6.55760483175e-07
414.86 5.83504431169e-07
414.87 5.18764594957e-07
414.88 4.60811858661e-07
414.89 4.08981828224e-07
414.9 3.62669743426e-07
414.91 3.21325720653e-07
414.92 2.84450312044e-07
414.93 2.515903665e-07
414.94 2.22335178011e-07
414.95 1.96312906839e-07
414.96 1.73187259217e-07
414.97 1.52654411474e-07
414.98 1.34440164765e-07
414.99 1.18297316913e-07
415.0 1.04003238274e-07
415.01 9.13576389417e-08
415.02 8.01805150522e-08
415.03 7.03102624431e-08
415.04 6.16019463853e-08
415.05 5.39257166284e-08
415.06 4.71653574967e-08
415.07 4.12169632914e-08
415.08 3.59877297579e-08
415.09 3.13948528886e-08
415.1 2.73645268232e-08
415.11 2.38310330983e-08
415.12 2.07359139731e-08
415.13 1.8027223015e-08
415.14 1.56588465778e-08
415.15 1.35898902291e-08
415.16 1.1784124596e-08
415.17 1.02094854896e-08
415.18 8.83762354093e-09
415.19 7.64349893599e-09
415.2 6.60501717384e-09
415.21 5.70270208576e-09
415.22 4.9194026541e-09
415.23 4.24003044766e-09
415.24 3.65132475333e-09
415.25 3.14164272849e-09
415.26 2.70077212703e-09
415.27 2.31976436454e-09
415.28 1.99078588527e-09
415.29 1.70698597637e-09
415.3 1.46237934368e-09
415.31 1.25174191933e-09
415.32 1.07051851482e-09
415.33 9.14741065288e-10
415.34 7.80956331412e-10
415.35 6.66162036578e-10
415.36 5.6775051788e-10
415.37 4.83459062137e-10
415.38 4.11326182251e-10
415.39 3.49653165784e-10
415.4 2.96970297155e-10
415.41 2.52007217861e-10
415.42 2.13666946147e-10
415.43 1.81003129045e-10
415.44 1.53200146224e-10
415.45 1.29555726901e-10
415.46 1.09465778747e-10
415.47 9.24111615233e-11
415.48 7.7946168493e-11
415.49 6.56885058054e-11
415.5 5.53105843188e-11
415.51 4.65319599946e-11
415.52 3.91127783141e-11
415.53 3.28480953684e-11
415.54 2.75629635624e-11
415.55 2.3108183448e-11
415.56 1.93566352396e-11
415.57 1.620011422e-11
415.58 1.35466036692e-11
415.59 1.13179272689e-11
415.6 9.44773027522e-12
415.61 7.87974521278e-12
415.62 6.56630353147e-12
415.63 5.46705965774e-12
415.64 4.54789825614e-12
415.65 3.77999935422e-12
415.66 3.13903934414e-12
415.67 2.60450881005e-12
415.68 2.15913069375e-12
415.69 1.78836454514e-12
415.7 1.47998455029e-12
415.71 1.22372072157e-12
415.72 1.01095410447e-12
415.73 8.34458130865e-13
415.74 6.88179353347e-13
415.75 5.67051751778e-13
415.76 4.66839629809e-13
415.77 3.84004832938e-13
415.78 3.15594635295e-13
415.79 2.5914717255e-13
415.8 2.12611754584e-13
415.81 1.74281783609e-13
415.82 1.42738339945e-13
415.83 1.16802786205e-13
415.84 9.54969877296e-14
415.85 7.80099584657e-14
415.86 6.3669922106e-14
415.87 5.19209324072e-14
415.88 4.23033280182e-14
415.89 3.44374090226e-14
415.9 2.80098175674e-14
415.91 2.27621857994e-14
415.92 1.84816829456e-14
415.93 1.49931515388e-14
415.94 1.21525720416e-14
415.95 9.84163677896e-15
415.96 7.96324928939e-15
415.97 6.43779490458e-15
415.98 5.20005341367e-15
415.99 4.19664575359e-15
416.0 3.38392440671e-15
416.01 2.7262320925e-15
416.02 2.19446585104e-15
416.03 1.76489410604e-15
416.04 1.41818308092e-15
416.05 1.13859629221e-15
416.06 9.13336987476e-16
416.07 7.32008523872e-16
416.08 5.86171960322e-16
416.09 4.68983699535e-16
416.1 3.74898981063e-16
416.11 2.99429491591e-16
416.12 2.38945405483e-16
416.13 1.90513866594e-16
416.14 1.51767329403e-16
416.15 1.20796342238e-16
416.16 9.606231855e-17
416.17 7.63266377474e-17
416.18 6.05930736983e-17
416.19 4.80610901512e-17
416.2 3.80879880212e-17
416.21 3.01582560806e-17
416.22 2.38587778635e-17
416.23 1.88587949019e-17
416.24 1.48937292219e-17
416.25 1.17521341762e-17
416.26 9.26517865402e-18
416.27 7.29818087067e-18
416.28 5.74379872161e-18
416.29 4.51655774842e-18
416.3 3.54845813086e-18
416.31 2.78545126615e-18
416.32 2.18461647157e-18
416.33 1.71190082729e-18
416.34 1.3403115408e-18
416.35 1.04847159332e-18
416.36 8.19466745881e-19
416.37 6.39925997523e-19
416.38 4.99288917152e-19
416.39 3.89222420474e-19
416.4 3.03156945205e-19
416.41 2.35917927444e-19
416.42 1.83433272552e-19
416.43 1.42501367153e-19
416.44 1.10607275188e-19
416.45 8.57772465191e-20
416.46 6.64636599032e-20
416.47 5.14541190517e-20
416.48 3.97996986376e-20
416.49 3.07583589949e-20
416.5 2.37503645317e-20
416.51 1.83231922228e-20
416.52 1.41239357863e-20
416.53 1.0877624662e-20
416.54 8.37020589778e-21
416.55 6.43519853398e-21
416.56 4.94323770181e-21
416.57 3.79389034544e-21
416.58 2.90925499526e-21
416.59 2.22896134492e-21
416.6 1.70626710627e-21
416.61 1.305014186e-21
416.62 9.97257196369e-22
416.63 7.61417504486e-22
416.64 5.80847688627e-22
416.65 4.42716190417e-22
416.66 3.37141545851e-22
416.67 2.56520969302e-22
416.68 1.95010142517e-22
416.69 1.48120529374e-22
416.7 1.12407953034e-22
416.71 8.52319747187e-23
416.72 6.45701490643e-23
416.73 4.8874773081e-23
416.74 3.69625091728e-23
416.75 2.79294164928e-23
416.76 2.10856020111e-23
416.77 1.59050072947e-23
416.78 1.19868608816e-23
416.79 9.02611332054e-24
416.8 6.79078252477e-24
416.81 5.10461023311e-24
416.82 3.8337966582e-24
416.83 2.87686369248e-24
416.84 2.15691593383e-24
416.85 1.61573776009e-24
416.86 1.20929498737e-24
416.87 9.04310040042e-25
416.88 6.75656834382e-25
416.89 5.04380998296e-25
416.9 3.76196699286e-25
416.91 2.80346388303e-25
416.92 2.08736631496e-25
416.93 1.55283780712e-25
416.94 1.15418982676e-25
416.95 8.57140680743e-26
416.96 6.35990594325e-26
416.97 4.71490555395e-26
416.98 3.49236013099e-26
416.99 2.58457277143e-26
417.0 1.9110947817e-26
417.01 1.41188526983e-26
417.02 1.04217417313e-26
417.03 7.68608041395e-27
417.04 5.66360895141e-27
417.05 4.16970483396e-27
417.06 3.06719286023e-27
417.07 2.2542421902e-27
417.08 1.65532692967e-27
417.09 1.21448094306e-27
417.1 8.90269194148e-28
417.11 6.52042200245e-28
417.12 4.77148738124e-28
417.13 3.48863530755e-28
417.14 2.54847912643e-28
417.15 1.86007436017e-28
417.16 1.35644830862e-28
417.17 9.88325285876e-29
417.18 7.19482576747e-29
417.19 5.23316432528e-29
417.2 3.80305125792e-29
417.21 2.76136427339e-29
417.22 2.00326747637e-29
417.23 1.45203770718e-29
417.24 1.0515757547e-29
417.25 7.60898888779e-30
417.26 5.50094180817e-30
417.27 3.97347849664e-30
417.28 2.86766488704e-30
417.29 2.06780530632e-30
417.3 1.48975416192e-30
417.31 1.07236661335e-30
417.32 7.71250886651e-31
417.33 5.54206714502e-31
417.34 3.97897861354e-31
417.35 2.85427058157e-31
417.36 2.04570210722e-31
417.37 1.46491814488e-31
417.38 1.04811283357e-31
417.39 7.49249451385e-32
417.4 5.35141390757e-32
417.41 3.8188655343e-32
417.42 2.72285117771e-32
417.43 1.9397115743e-32
417.44 1.38061988395e-32
417.45 9.81826624266e-33
417.46 6.97620444697e-33
417.47 4.95253220992e-33
417.48 3.51284616769e-33
417.49 2.48951455067e-33
417.5 1.76276297506e-33
417.51 1.2470873819e-33
417.52 8.81502531598e-34
417.53 6.22549597382e-34
417.54 4.39286708568e-34
417.55 3.09703335932e-34
417.56 2.18156128247e-34
417.57 1.5353686368e-34
417.58 1.07964661206e-34
417.59 7.58532688552e-35
417.6 5.32464538678e-35
417.61 3.73448562271e-35
417.62 2.61694507336e-35
417.63 1.8322390567e-35
417.64 1.28172064318e-35
417.65 8.9583563708e-36
417.66 6.25585976052e-36
417.67 4.36485063988e-36
417.68 3.0428145438e-36
417.69 2.11936273042e-36
417.7 1.47488723095e-36
417.71 1.02550091394e-36
417.72 7.12421473161e-37
417.73 4.94494725618e-37
417.74 3.42933600727e-37
417.75 2.37619527792e-37
417.76 1.64504556122e-37
417.77 1.13788257273e-37
417.78 7.8639487502e-38
417.79 5.43009735614e-38
417.8 3.74626306743e-38
417.81 2.58233533941e-38
417.82 1.77848710022e-38
417.83 1.22380581773e-38
417.84 8.41391306357e-39
417.85 5.77972586802e-39
417.86 3.96679880144e-39
417.87 2.72017483992e-39
417.88 1.86370503401e-39
417.89 1.27579604119e-39
417.9 8.72587595906e-40
417.91 5.96294128305e-40
417.92 4.07132473378e-40
417.93 2.77737592918e-40
417.94 1.89302915989e-40
417.95 1.28915059457e-40
417.96 8.77149692713e-41
417.97 5.96303681669e-41
417.98 4.0502793595e-41
417.99 2.74869264078e-41
418.0 1.86376474953e-41
418.01 1.26264051302e-41
418.02 8.54657404022e-42
418.03 5.78000363461e-42
418.04 3.905601029e-42
418.05 2.63676456874e-42
418.06 1.77860105187e-42
418.07 1.19869708208e-42
418.08 8.07168238246e-43
418.09 5.43053219928e-43
418.1 3.65043344462e-43
418.11 2.4517161568e-43
418.12 1.64520361895e-43
418.13 1.10304399835e-43
418.14 7.38906910979e-44
418.15 4.94550145292e-44
418.16 3.30715577541e-44
418.17 2.20964589854e-44
418.18 1.47507609811e-44
418.19 9.83852247166e-45
418.2 6.55645448496e-45
418.21 4.36547928873e-45
418.22 2.9041465377e-45
418.23 1.93031787827e-45
418.24 1.28192569463e-45
418.25 8.50590611176e-46
418.26 5.63899915426e-46
418.27 3.73514259974e-46
418.28 2.47192936672e-46
418.29 1.63451398109e-46
418.3 1.07985373592e-46
418.31 7.12795489975e-47
418.32 4.70098281756e-47
418.33 3.09767675703e-47
418.34 2.03942267213e-47
418.35 1.34153528996e-47
418.36 8.81699658772e-48
418.37 5.78979192856e-48
418.38 3.79864713549e-48
418.39 2.49011074255e-48
418.4 1.63091784055e-48
418.41 1.06725750556e-48
418.42 6.97798552955e-49
418.43 4.55842300771e-49
418.44 2.97524610913e-49
418.45 1.940237439e-49
418.46 1.26418483915e-49
418.47 8.22981338493e-50
418.48 5.35294905133e-50
418.49 3.47872377056e-50
418.5 2.25876210137e-50
418.51 1.46536141718e-50
418.52 9.49823094646e-51
418.53 6.15126462158e-51
418.54 3.98024502506e-51
418.55 2.57323185226e-51
418.56 1.66215584662e-51
418.57 1.07272469141e-51
418.58 6.91717120954e-52
418.59 4.45648537748e-52
418.6 2.86866714267e-52
418.61 1.84497949959e-52
418.62 1.18556847662e-52
418.63 7.611766444e-53
418.64 4.88278922556e-53
418.65 3.12949465106e-53
418.66 2.00402973972e-53
418.67 1.28220605452e-53
418.68 8.19662746488e-54
418.69 5.23523622983e-54
418.7 3.34088157912e-54
418.71 2.13014709013e-54
418.72 1.35700615364e-54
418.73 8.63729501245e-55
418.74 5.49284573809e-55
418.75 3.49012325001e-55
418.76 2.21568408336e-55
418.77 1.40539571307e-55
418.78 8.90662410114e-56
418.79 5.63963938992e-56
418.8 3.56790481227e-56
418.81 2.25527183409e-56
418.82 1.42432220624e-56
418.83 8.98754974349e-57
418.84 5.66628065191e-57
418.85 3.56926315006e-57
418.86 2.24637764014e-57
418.87 1.41257228006e-57
418.88 8.87487620761e-58
418.89 5.57105749995e-58
418.9 3.49411094362e-58
418.91 2.18957311775e-58
418.92 1.37090047523e-58
418.93 8.57582902658e-59
418.94 5.36006447374e-59
418.95 3.34724595786e-59
418.96 2.08847341066e-59
418.97 1.30194904568e-59
418.98 8.10928823738e-60
418.99 5.04655719316e-60
419.0 3.13784418581e-60
419.01 1.94935645961e-60
419.02 1.20997072095e-60
419.03 7.5038159551e-61
419.04 4.64957436797e-61
419.05 2.87851128099e-61
419.06 1.78051807045e-61
419.07 1.10039484723e-61
419.08 6.79476471713e-62
419.09 4.1920264133e-62
419.1 2.5840285657e-62
419.11 1.59145485269e-62
419.12 9.79298406424e-63
419.13 6.02087325908e-63
419.14 3.69851713676e-63
419.15 2.26996676074e-63
419.16 1.39198665879e-63
419.17 8.52853351474e-64
419.18 5.22080365553e-64
419.19 3.19318494574e-64
419.2 1.95134696933e-64
419.21 1.19143028668e-64
419.22 7.26819358453e-65
419.23 4.43004409092e-65
419.24 2.69782219825e-65
419.25 1.64150538392e-65
419.26 9.97918357036e-66
419.27 6.0613787822e-66
419.28 3.67850668489e-66
419.29 2.23046486943e-66
419.3 1.35127249734e-66
419.31 8.1792635164e-67
419.32 4.94662713623e-67
419.33 2.98901340949e-67
419.34 1.80455558373e-67
419.35 1.08851990854e-67
419.36 6.56033779241e-68
419.37 3.95038787537e-68
419.38 2.37671435896e-68
419.39 1.4286898286e-68
419.4 8.58069821855e-69
419.41 5.14909632189e-69
419.42 3.08718827717e-69
419.43 1.84934922369e-69
419.44 1.10687468447e-69
419.45 6.61914191719e-70
419.46 3.95483749596e-70
419.47 2.36090931665e-70
419.48 1.40816544009e-70
419.49 8.391735163e-71
419.5 4.99658833629e-71
419.51 2.97248096927e-71
419.52 1.76680373342e-71
419.53 1.04925548043e-71
419.54 6.22583915947e-72
419.55 3.69095083098e-72
419.56 2.18626264956e-72
419.57 1.29386845077e-72
419.58 7.65070794753e-73
419.59 4.51998336929e-73
419.6 2.66806104778e-73
419.61 1.57354222161e-73
419.62 9.27224185305e-74
419.63 5.45902161778e-74
419.64 3.21120912839e-74
419.65 1.88732232767e-74
419.66 1.10827434076e-74
419.67 6.50237768458e-75
419.68 3.81171847469e-75
419.69 2.23250867544e-75
419.7 1.30643920847e-75
419.71 7.63851558346e-76
419.72 4.46223506471e-76
419.73 2.60447163993e-76
419.74 1.51883477955e-76
419.75 8.84963067673e-77
419.76 5.15185311429e-77
419.77 2.99657747355e-77
419.78 1.74145100839e-77
419.79 1.01116196293e-77
419.8 5.86615994306e-78
419.81 3.40024952185e-78
419.82 1.96920708173e-78
419.83 1.13945112664e-78
419.84 6.58754701657e-79
419.85 3.80518228397e-79
419.86 2.19609395676e-79
419.87 1.26633928533e-79
419.88 7.29580059963e-80
419.89 4.19971233773e-80
419.9 2.4154043543e-80
419.91 1.38798207711e-80
419.92 7.96895884455e-81
419.93 4.57133472072e-81
419.94 2.620041516e-81
419.95 1.50036538619e-81
419.96 8.5843934027e-82
419.97 4.90733719498e-82
419.98 2.80288901339e-82
419.99 1.59951977831e-82
420.0 9.12004624277e-83
420.01 5.19550992439e-83
420.02 2.95721587952e-83
420.03 1.68175060634e-83
420.04 9.55572997056e-84
420.05 5.42487651813e-84
420.06 3.07708545953e-84
420.07 1.74386544203e-84
420.08 9.87438593278e-85
420.09 5.5863859359e-85
420.1 3.15773358761e-85
420.11 1.78337941728e-85
420.12 1.00631912355e-85
420.13 5.67350463867e-86
420.14 3.19588258504e-86
420.15 1.79868009514e-86
420.16 1.01144146634e-86
420.17 5.68265503425e-87
420.18 3.18996225204e-87
420.19 1.78913663006e-87
420.2 1.00259418946e-87
420.21 5.61345921748e-88
420.22 3.14021708945e-88
420.23 1.75514291879e-88
420.24 9.80142028621e-89
420.25 5.46876486287e-89
420.26 3.04868954676e-89
420.27 1.69809062844e-89
420.28 9.45000941436e-90
420.29 5.25445079748e-90
420.3 2.91908089599e-90
420.31 1.62027467574e-90
420.32 8.98576114525e-91
420.33 4.97903075356e-91
420.34 2.75650293853e-91
420.35 1.52474010395e-91
420.36 8.42668770908e-92
420.37 4.65309251991e-92
420.38 2.56714375498e-92
420.39 1.41508459307e-92
420.4 7.79360388321e-93
420.41 4.28862395592e-93
420.42 2.3578779346e-93
420.43 1.29523443453e-93
420.44 7.10884684803e-94
420.45 3.89828553623e-94
420.46 2.13585540277e-94
420.47 1.1692133387e-94
420.48 6.39498289779e-95
420.49 3.4946905531e-95
420.5 1.90810283642e-95
420.51 1.04092284669e-95
420.52 5.67360395797e-96
420.53 3.08974903687e-96
420.54 1.68116796825e-96
420.55 9.13950595883e-97
420.56 4.96430031795e-97
420.57 2.69412092578e-97
420.58 1.46083052897e-97
420.59 7.91418685871e-98
420.6 4.28387190471e-98
420.61 2.31680971095e-98
420.62 1.25189517636e-98
420.63 6.75879508782e-99
420.64 3.64581230145e-99
420.65 1.96491172728e-99
420.66 1.058072668e-99
420.67 5.69261299176e-100
420.68 3.06007123046e-100
420.69 1.64352049647e-100
420.7 8.81946875153e-101
420.71 4.72860938179e-101
420.72 2.53307568303e-101
420.73 1.35577182558e-101
420.74 7.25017944729e-102
420.75 3.87377702955e-102
420.76 2.06796981754e-102
420.77 1.10300500887e-102
420.78 5.87806637631e-103
420.79 3.12979000787e-103
420.8 1.66502065721e-103
420.81 8.85009158038e-104
420.82 4.700019027e-104
420.83 2.4938778612e-104
420.84 1.32213090246e-104
420.85 7.00321476707e-105
420.86 3.70633052426e-105
420.87 1.95981266626e-105
420.88 1.03540125374e-105
420.89 5.46545754824e-106
420.9 2.88249177482e-106
420.91 1.51891454384e-106
420.92 7.9969119993e-107
420.93 4.20663669374e-107
420.94 2.21091174685e-107
420.95 1.16099813214e-107
420.96 6.09137515219e-108
420.97 3.1931762195e-108
420.98 1.67245383106e-108
420.99 8.75203612482e-109
421.0 4.57601856768e-109
421.01 2.39050780989e-109
421.02 1.24771750555e-109
421.03 6.50677938756e-110
421.04 3.3903115458e-110
421.05 1.76496804803e-110
421.06 9.18031956178e-111
421.07 4.77092361084e-111
421.08 2.47725571729e-111
421.09 1.28517695175e-111
421.1 6.66160273271e-112
421.11 3.4499932373e-112
421.12 1.78517777042e-112
421.13 9.22929248077e-113
421.14 4.76737221142e-113
421.15 2.46044365884e-113
421.16 1.26873669571e-113
421.17 6.53662077873e-114
421.18 3.36479640747e-114
421.19 1.73056535715e-114
421.2 8.89284928843e-115
421.21 4.565807227e-115
421.22 2.34216735069e-115
421.23 1.20044422514e-115
421.24 6.14737580206e-116
421.25 3.14529404223e-116
421.26 1.607890443e-116
421.27 8.21249972268e-117
421.28 4.19100321951e-117
421.29 2.13690066156e-117
421.3 1.08861517779e-117
421.31 5.54099998716e-118
421.32 2.81790031582e-118
421.33 1.43181469321e-118
421.34 7.26895058343e-119
421.35 3.68706106546e-119
421.36 1.86858413453e-119
421.37 9.46168959355e-120
421.38 4.78683488972e-120
421.39 2.41964644355e-120
421.4 1.22202218003e-120
421.41 6.16637564491e-121
421.42 3.10888444045e-121
421.43 1.56604015419e-121
421.44 7.88179109975e-122
421.45 3.96342513487e-122
421.46 1.99131566806e-122
421.47 9.99616175248e-123
421.48 5.01360542581e-123
421.49 2.51241131626e-123
421.5 1.25792585203e-123
421.51 6.29278735992e-124
421.52 3.14524719276e-124
421.53 1.57068907355e-124
421.54 7.83699147392e-125
421.55 3.90689948913e-125
421.56 1.94598198384e-125
421.57 9.68431939711e-126
421.58 4.81529730195e-126
421.59 2.39221836622e-126
421.6 1.18741422415e-126
421.61 5.88880788602e-127
421.62 2.91793919751e-127
421.63 1.44460396421e-127
421.64 7.14570493457e-128
421.65 3.53154763279e-128
421.66 1.74384857207e-128
421.67 8.60352023203e-129
421.68 4.24099061209e-129
421.69 2.08872925892e-129
421.7 1.02782860975e-129
421.71 5.05339174356e-130
421.72 2.48238388492e-130
421.73 1.21836841703e-130
421.74 5.97464402e-131
421.75 2.92731291399e-131
421.76 1.43301248931e-131
421.77 7.0089750625e-132
421.78 3.42517500891e-132
421.79 1.67237909803e-132
421.8 8.15850168916e-133
421.81 3.97658067034e-133
421.82 1.93656865869e-133
421.83 9.42279436027e-134
421.84 4.58089397568e-134
421.85 2.22507410517e-134
421.86 1.07984751059e-134
421.87 5.23605374647e-135
421.88 2.5367021248e-135
421.89 1.22788745429e-135
421.9 5.93842620447e-136
421.91 2.8695108972e-136
421.92 1.38537742121e-136
421.93 6.68270122279e-137
421.94 3.22076988334e-137
421.95 1.55092594418e-137
421.96 7.46184352987e-138
421.97 3.586946733e-138
421.98 1.72277051113e-138
421.99 8.26710861895e-139
422.0 3.96372550022e-139
422.01 1.89879119921e-139
422.02 9.08813065616e-140
422.03 4.34605908749e-140
422.04 2.07654048888e-140
422.05 9.9130864361e-141
422.06 4.72825722614e-141
422.07 2.25328958553e-141
422.08 1.07289355497e-141
422.09 5.10410941844e-142
422.1 2.42609067142e-142
422.11 1.15217326176e-142
422.12 5.46704022645e-143
422.13 2.59185355253e-143
422.14 1.2277002972e-143
422.15 5.81029222495e-144
422.16 2.74743421584e-144
422.17 1.29801688541e-144
422.18 6.1271299889e-145
422.19 2.88973194313e-145
422.2 1.36170093517e-145
422.21 6.41105680979e-146
422.22 3.01579090646e-146
422.23 1.41741342519e-146
422.24 6.65603457109e-147
422.25 3.12290166026e-147
422.26 1.46394499983e-147
422.27 6.85669647893e-148
422.28 3.20869769535e-148
422.29 1.50025952227e-148
422.3 7.00854222243e-149
422.31 3.27124226449e-149
422.32 1.52553239985e-149
422.33 7.10810566932e-150
422.34 3.3091010358e-150
422.35 1.53918170345e-150
422.36 7.15308637583e-151
422.37 3.32139676987e-151
422.38 1.54089044142e-151
422.39 7.14243794414e-152
422.4 3.3078431102e-152
422.41 1.53061879757e-152
422.42 7.07640848846e-153
422.43 3.26875566938e-153
422.44 1.50860567345e-153
422.45 6.95653102468e-154
422.46 3.20503981178e-154
422.47 1.47535945153e-154
422.48 6.78556430327e-155
422.49 3.11815579311e-155
422.5 1.431638478e-155
422.51 6.56738727424e-156
422.52 3.0100631312e-156
422.53 1.37842231133e-156
422.54 6.30685282137e-157
422.55 2.883147167e-157
422.56 1.31687525872e-157
422.57 6.0096084656e-158
422.58 2.74013165777e-158
422.59 1.2483040946e-158
422.6 5.68189327984e-159
422.61 2.58398186948e-159
422.62 1.17411210167e-159
422.63 5.33032119009e-160
422.64 2.41780296854e-160
422.65 1.09575168272e-160
422.66 4.96166111776e-161
422.67 2.2447385417e-161
422.68 1.01467775814e-161
422.69 4.58262405548e-162
422.7 2.06787381002e-162
422.71 9.32304000265e-163
422.72 4.19966621978e-163
422.73 1.89014758112e-163
422.74 8.49963678081e-164
422.75 3.81881598722e-164
422.76 1.7142762541e-164
422.77 7.68876521183e-165
422.78 3.44553052354e-165
422.79 1.54269231655e-165
422.8 6.90122590552e-166
422.81 3.08458600458e-166
422.82 1.3774988221e-166
422.83 6.14623697648e-167
422.84 2.74000325319e-167
422.85 1.22044037973e-167
422.86 5.43132474813e-168
422.87 2.41500862252e-168
422.88 1.07289028582e-168
422.89 4.76228796888e-169
422.9 2.11202816515e-169
422.91 9.35852641294e-170
422.92 4.14322909587e-170
422.93 1.83271163847e-170
422.94 8.09977659066e-171
422.95 3.57664350811e-171
422.96 1.57798177391e-171
422.97 6.95587906363e-172
422.98 3.06355565964e-172
422.99 1.34810351208e-172
423.0 5.92712952049e-173
423.01 2.60369019489e-173
423.02 1.14276757745e-173
423.03 5.01129795383e-174
423.04 2.19566587743e-174
423.05 9.61182804341e-175
423.06 4.2040652228e-175
423.07 1.83720073366e-175
423.08 8.02171979581e-176
423.09 3.49946841232e-176
423.1 1.52531794719e-176
423.11 6.64266568047e-177
423.12 2.89033460702e-177
423.13 1.25654360129e-177
423.14 5.45796461217e-178
423.15 2.36868647666e-178
423.16 1.02708918954e-178
423.17 4.44971758713e-179
423.18 1.92610718284e-179
423.19 8.33013742005e-180
423.2 3.59954488563e-180
423.21 1.55405624751e-180
423.22 6.7036230596e-181
423.23 2.88919032134e-181
423.24 1.24413190929e-181
423.25 5.35279263186e-182
423.26 2.30100796341e-182
423.27 9.8827893108e-183
423.28 4.24096476714e-183
423.29 1.81833335178e-183
423.3 7.78943678686e-184
423.31 3.33397487329e-184
423.32 1.42574645387e-184
423.33 6.09180496099e-185
423.34 2.6005990102e-185
423.35 1.10923740995e-185
423.36 4.72714948189e-186
423.37 2.01278726497e-186
423.38 8.56288533906e-187
423.39 3.63970423382e-187
423.4 1.54573760112e-187
423.41 6.55887209491e-188
423.42 2.78064959513e-188
423.43 1.17784211713e-188
423.44 4.98484441046e-189
423.45 2.10785070635e-189
423.46 8.90536655876e-190
423.47 3.75913104472e-190
423.48 1.58542916622e-190
423.49 6.68082250509e-191
423.5 2.81278628892e-191
423.51 1.18322476708e-191
423.52 4.97303458379e-192
423.53 2.08833140561e-192
423.54 8.76195609179e-193
423.55 3.67304659578e-193
423.56 1.53842211948e-193
423.57 6.43796047212e-194
423.58 2.69181251946e-194
423.59 1.12451440726e-194
423.6 4.69363108854e-195
423.61 1.95738651544e-195
423.62 8.15582587156e-196
423.63 3.39533797056e-196
423.64 1.41228318427e-196
423.65 5.8692725666e-197
423.66 2.43708390366e-197
423.67 1.01106807291e-197
423.68 4.19096490896e-198
423.69 1.73568681683e-198
423.7 7.18211604109e-199
423.71 2.96932122786e-199
423.72 1.22655114145e-199
423.73 5.06218312034e-200
423.74 2.08743881271e-200
423.75 8.60029542258e-201
423.76 3.54027254841e-201
423.77 1.4560749752e-201
423.78 5.98348891583e-202
423.79 2.4566820706e-202
423.8 1.0077832462e-202
423.81 4.13056085186e-203
423.82 1.6915102256e-203
423.83 6.92092181345e-204
423.84 2.82928678402e-204
423.85 1.15561643951e-204
423.86 4.71600399513e-205
423.87 1.92290721865e-205
423.88 7.83368686857e-206
423.89 3.18858352796e-206
423.9 1.29674057821e-206
423.91 5.269047536e-207
423.92 2.13911850479e-207
423.93 8.67683392594e-208
423.94 3.51650661051e-208
423.95 1.42391906102e-208
423.96 5.76080111102e-209
423.97 2.32864975299e-209
423.98 9.40479157196e-210
423.99 3.79505339578e-210
424.0 1.53006654281e-210
424.01 6.163486645e-211
424.02 2.48065467942e-211
424.03 9.97538986029e-212
424.04 4.00790257381e-212
424.05 1.60889664659e-212
424.06 6.45301759916e-213
424.07 2.58595679803e-213
424.08 1.03538863399e-213
424.09 4.14199179041e-214
424.1 1.65553660166e-214
424.11 6.61137897655e-215
424.12 2.63796500864e-215
424.13 1.05164635556e-215
424.14 4.18884339698e-216
424.15 1.66702548734e-216
424.16 6.62848179703e-217
424.17 2.63335620499e-217
424.18 1.04527090427e-217
424.19 4.14545139406e-218
424.2 1.64262529194e-218
424.21 6.50322673779e-219
424.22 2.57242664477e-219
424.23 1.01667188775e-219
424.24 4.01460058085e-220
424.25 1.58389936161e-220
424.26 6.24362106136e-221
424.27 2.45906043681e-221
424.28 9.67666220328e-222
424.29 3.80457080961e-222
424.3 1.4945466474e-222
424.31 5.86593154339e-223
424.32 2.30031980497e-223
424.33 9.01287108652e-224
424.34 3.52827000394e-224
424.35 1.38001617968e-224
424.36 5.39299796536e-225
424.37 2.10571721262e-225
424.38 8.2147348555e-226
424.39 3.20192213278e-226
424.4 1.24695762261e-226
424.41 4.85195020548e-227
424.42 1.88627360841e-227
424.43 7.32684078344e-228
424.44 2.84349541582e-228
424.45 1.10258485615e-228
424.46 4.27164572306e-229
424.47 1.65349216844e-229
424.48 6.39488546602e-230
424.49 2.47108173916e-230
424.5 9.54036882639e-231
424.51 3.68016194758e-231
424.52 1.41837937931e-231
424.53 5.46187302428e-232
424.54 2.10142794338e-232
424.55 8.07813522352e-233
424.56 3.10264042761e-233
424.57 1.19062634488e-233
424.58 4.56502585147e-234
424.59 1.74877810464e-234
424.6 6.69344787164e-235
424.61 2.55969827827e-235
424.62 9.78028205592e-236
424.63 3.73368517667e-236
424.64 1.42412373277e-236
424.65 5.4272704635e-237
424.66 2.06651669497e-237
424.67 7.86176547321e-238
424.68 2.98830528229e-238
424.69 1.13488943589e-238
424.7 4.30631561699e-239
424.71 1.63260782128e-239
424.72 6.18417258474e-240
424.73 2.3404805807e-240
424.74 8.85018187051e-241
424.75 3.34366732686e-241
424.76 1.26216937948e-241
424.77 4.76031761952e-242
424.78 1.79381616887e-242
424.79 6.75372931234e-243
424.8 2.54058119221e-243
424.81 9.54874333004e-244
424.82 3.585775315e-244
424.83 1.3453758855e-244
424.84 5.04345229887e-245
424.85 1.8890171839e-245
424.86 7.06915675613e-246
424.87 2.64315741197e-246
424.88 9.87420539041e-247
424.89 3.68557282981e-247
424.9 1.37445824593e-247
424.91 5.12131886876e-248
424.92 1.9065833484e-248
424.93 7.09175113282e-249
424.94 2.63557203189e-249
424.95 9.78633338024e-250
424.96 3.63068720629e-250
424.97 1.34580264003e-250
424.98 4.98422488839e-251
424.99 1.84432560449e-251
425.0 6.81869514462e-252
425.01 2.51877088866e-252
425.02 9.29607820772e-253
425.03 3.42795083804e-253
425.04 1.26297022917e-253
425.05 4.64916922723e-254
425.06 1.70994171837e-254
425.07 6.28363535018e-255
425.08 2.3070890232e-255
425.09 8.46333329142e-256
425.1 3.10200324384e-256
425.11 1.13596974257e-256
425.12 4.15637756926e-257
425.13 1.51945181953e-257
425.14 5.54986714833e-258
425.15 2.02535871633e-258
425.16 7.38490702547e-259
425.17 2.69036883288e-259
425.18 9.79269722119e-260
425.19 3.56136546525e-260
425.2 1.29406017437e-260
425.21 4.69803353919e-261
425.22 1.70412507395e-261
425.23 6.17604615273e-262
425.24 2.23636821687e-262
425.25 8.09095531553e-263
425.26 2.92469111923e-263
425.27 1.05629183461e-263
425.28 3.81163715169e-264
425.29 1.37424097194e-264
425.3 4.95037326176e-265
425.31 1.78170874877e-265
425.32 6.40706590466e-266
425.33 2.30200033516e-266
425.34 8.2637141535e-267
425.35 2.96393655155e-267
425.36 1.06215092415e-267
425.37 3.80300829413e-268
425.38 1.36047957593e-268
425.39 4.86273376586e-269
425.4 1.7365715087e-269
425.41 6.19624473268e-270
425.42 2.20896160127e-270
425.43 7.86812920211e-271
425.44 2.80013204448e-271
425.45 9.9565585725e-272
425.46 3.53723331555e-272
425.47 1.25557272564e-272
425.48 4.4529083027e-273
425.49 1.5778631851e-273
425.5 5.58622786892e-274
425.51 1.97602149031e-274
425.52 6.98374530367e-275
425.53 2.46608949772e-275
425.54 8.70067582081e-276
425.55 3.06704998496e-276
425.56 1.08022054451e-276
425.57 3.80126129991e-277
425.58 1.33649312191e-277
425.59 4.69493349177e-278
425.6 1.64784315892e-278
425.61 5.77864499352e-279
425.62 2.02469620414e-279
425.63 7.08789760763e-280
425.64 2.47912665029e-280
425.65 8.66370598374e-281
425.66 3.02504896906e-281
425.67 1.05532159645e-281
425.68 3.67841694641e-282
425.69 1.28103441187e-282
425.7 4.45742813638e-283
425.71 1.54964284924e-283
425.72 5.38272999461e-284
425.73 1.86808781211e-284
425.74 6.47762333799e-285
425.75 2.24418061911e-285
425.76 7.76825791905e-286
425.77 2.68666289824e-286
425.78 9.28381402314e-287
425.79 3.20526099353e-287
425.8 1.10566631184e-287
425.81 3.81073254421e-288
425.82 1.31224997436e-288
425.83 4.51490263909e-289
425.84 1.55204360433e-289
425.85 5.33068671857e-290
425.86 1.82930496902e-290
425.87 6.27209720774e-291
425.88 2.14863754204e-291
425.89 7.35423073025e-292
425.9 2.51498300861e-292
425.91 8.59323268888e-293
425.92 2.93360610615e-293
425.93 1.00062360198e-293
425.94 3.41007080511e-294
425.95 1.16112710485e-294
425.96 3.95020689078e-295
425.97 1.34271436073e-295
425.98 4.56006609967e-296
425.99 1.54732789342e-296
426.0 5.24586709756e-297
426.01 1.77695293587e-297
426.02 6.01392876283e-298
426.03 2.03359444109e-298
426.04 6.87059145923e-299
426.05 2.31925027533e-299
426.06 7.82212624528e-300
426.07 2.63588062372e-300
426.08 8.87463227295e-301
426.09 2.98537374065e-301
426.1 1.00339229693e-301
426.11 3.36950829064e-302
426.12 1.1305401968e-302
426.13 3.78991264735e-303
426.14 1.26939301534e-303
426.15 4.24802164588e-304
426.16 1.42036855886e-304
426.17 4.74503141363e-305
426.18 1.58380185086e-305
426.19 5.28185303335e-306
426.2 1.75993039591e-306
426.21 5.85906591412e-307
426.22 1.94887950318e-307
426.23 6.47687185762e-308
426.24 2.15064799755e-308
426.25 7.13505090256e-309
426.26 2.36509467371e-309
426.27 7.83292010493e-310
426.28 2.59192586801e-310
426.29 8.56929646131e-311
426.3 2.83068453437e-311
426.31 9.34246520187e-312
426.32 3.08074121115e-312
426.33 1.01501546657e-312
426.34 3.34128725614e-313
426.35 1.09895189206e-313
426.36 3.61133070436e-314
426.37 1.18571292008e-314
426.38 3.88969507076e-315
426.39 1.27489751119e-315
426.4 4.1750213557e-316
426.41 1.36604763772e-316
426.42 4.46577340534e-317
426.43 1.45865075697e-317
426.44 4.76024838783e-318
426.45 1.55214181101e-318
426.46 5.05656425893e-319
426.47 1.64593029256e-319
426.48 5.35270720704e-320
426.49 1.73911107336e-320
426.5 5.64717033197e-321
426.51 1.83298354607e-321
426.52 5.92878775009e-322
426.53 1.92685601878e-322
426.54 6.42285339594e-323
426.55 1.97626258336e-323
426.56 4.94065645841e-324
426.57 0.0
426.58 0.0
426.59 0.0
426.6 0.0
426.61 0.0
426.62 0.0
426.63 0.0
426.64 0.0
426.65 0.0
426.66 0.0
426.67 0.0
426.68 0.0
426.69 0.0
426.7 0.0
426.71 0.0
426.72 0.0
426.73 0.0
426.74 0.0
426.75 0.0
426.76 0.0
426.77 0.0
426.78 0.0
426.79 0.0
426.8 0.0
426.81 0.0
426.82 0.0
426.83 0.0
426.84 0.0
426.85 0.0
426.86 0.0
426.87 0.0
426.88 0.0
426.89 0.0
426.9 0.0
426.91 0.0
426.92 0.0
426.93 0.0
426.94 0.0
426.95 0.0
426.96 0.0
426.97 0.0
426.98 0.0
426.99 0.0
427.0 0.0
427.01 0.0
427.02 0.0
427.03 0.0
427.04 0.0
427.05 0.0
427.06 0.0
427.07 0.0
427.08 0.0
427.09 0.0
427.1 0.0
427.11 0.0
427.12 0.0
427.13 0.0
427.14 0.0
427.15 0.0
427.16 0.0
427.17 0.0
427.18 0.0
427.19 0.0
427.2 0.0
427.21 0.0
427.22 0.0
427.23 0.0
427.24 0.0
427.25 0.0
427.26 0.0
427.27 0.0
427.28 0.0
427.29 0.0
427.3 0.0
427.31 0.0
427.32 0.0
427.33 0.0
427.34 0.0
427.35 0.0
427.36 0.0
427.37 0.0
427.38 0.0
427.39 0.0
427.4 0.0
427.41 0.0
427.42 0.0
427.43 0.0
427.44 0.0
427.45 0.0
427.46 0.0
427.47 0.0
427.48 0.0
427.49 0.0
427.5 0.0
427.51 0.0
427.52 0.0
427.53 0.0
427.54 0.0
427.55 0.0
427.56 0.0
427.57 0.0
427.58 0.0
427.59 0.0
427.6 0.0
427.61 0.0
427.62 0.0
427.63 0.0
427.64 0.0
427.65 0.0
427.66 0.0
427.67 0.0
427.68 0.0
427.69 0.0
427.7 0.0
427.71 0.0
427.72 0.0
427.73 0.0
427.74 0.0
427.75 0.0
427.76 0.0
427.77 0.0
427.78 0.0
427.79 0.0
427.8 0.0
427.81 0.0
427.82 0.0
427.83 0.0
427.84 0.0
427.85 0.0
427.86 0.0
427.87 0.0
427.88 0.0
427.89 0.0
427.9 0.0
427.91 0.0
427.92 0.0
427.93 0.0
427.94 0.0
427.95 0.0
427.96 0.0
427.97 0.0
427.98 0.0
427.99 0.0
428.0 0.0
428.01 0.0
428.02 0.0
428.03 0.0
428.04 0.0
428.05 0.0
428.06 0.0
428.07 0.0
428.08 0.0
428.09 0.0
428.1 0.0
428.11 0.0
428.12 0.0
428.13 0.0
428.14 0.0
428.15 0.0
428.16 0.0
428.17 0.0
428.18 0.0
428.19 0.0
428.2 0.0
428.21 0.0
428.22 0.0
428.23 0.0
428.24 0.0
428.25 0.0
428.26 0.0
428.27 0.0
428.28 0.0
428.29 0.0
428.3 0.0
428.31 0.0
428.32 0.0
428.33 0.0
428.34 0.0
428.35 0.0
428.36 0.0
428.37 0.0
428.38 0.0
428.39 0.0
428.4 0.0
428.41 0.0
428.42 0.0
428.43 0.0
428.44 0.0
428.45 0.0
428.46 0.0
428.47 0.0
428.48 0.0
428.49 0.0
428.5 0.0
428.51 0.0
428.52 0.0
428.53 0.0
428.54 0.0
428.55 0.0
428.56 0.0
428.57 0.0
428.58 0.0
428.59 0.0
428.6 0.0
428.61 0.0
428.62 0.0
428.63 0.0
428.64 0.0
428.65 0.0
428.66 0.0
428.67 0.0
428.68 0.0
428.69 0.0
428.7 0.0
428.71 0.0
428.72 0.0
428.73 0.0
428.74 0.0
428.75 0.0
428.76 0.0
428.77 0.0
428.78 0.0
428.79 0.0
428.8 0.0
428.81 0.0
428.82 0.0
428.83 0.0
428.84 0.0
428.85 0.0
428.86 0.0
428.87 0.0
428.88 0.0
428.89 0.0
428.9 0.0
428.91 0.0
428.92 0.0
428.93 0.0
428.94 0.0
428.95 0.0
428.96 0.0
428.97 0.0
428.98 0.0
428.99 0.0
429.0 0.0
429.01 0.0
429.02 0.0
429.03 0.0
429.04 0.0
429.05 0.0
429.06 0.0
429.07 0.0
429.08 0.0
429.09 0.0
429.1 0.0
429.11 0.0
429.12 0.0
429.13 0.0
429.14 0.0
429.15 0.0
429.16 0.0
429.17 0.0
429.18 0.0
429.19 0.0
429.2 0.0
429.21 0.0
429.22 0.0
429.23 0.0
429.24 0.0
429.25 0.0
429.26 0.0
429.27 0.0
429.28 0.0
429.29 0.0
429.3 0.0
429.31 0.0
429.32 0.0
429.33 0.0
429.34 0.0
429.35 0.0
429.36 0.0
429.37 0.0
429.38 0.0
429.39 0.0
429.4 0.0
429.41 0.0
429.42 0.0
429.43 0.0
429.44 0.0
429.45 0.0
429.46 0.0
429.47 0.0
429.48 0.0
429.49 0.0
429.5 0.0
429.51 0.0
429.52 0.0
429.53 0.0
429.54 0.0
429.55 0.0
429.56 0.0
429.57 0.0
429.58 0.0
429.59 0.0
429.6 0.0
429.61 0.0
429.62 0.0
429.63 0.0
429.64 0.0
429.65 0.0
429.66 0.0
429.67 0.0
429.68 0.0
429.69 0.0
429.7 0.0
429.71 0.0
429.72 0.0
429.73 0.0
429.74 0.0
429.75 0.0
429.76 0.0
429.77 0.0
429.78 0.0
429.79 0.0
429.8 0.0
429.81 0.0
429.82 0.0
429.83 0.0
429.84 0.0
429.85 0.0
429.86 0.0
429.87 0.0
429.88 0.0
429.89 0.0
429.9 0.0
429.91 0.0
429.92 0.0
429.93 0.0
429.94 0.0
429.95 0.0
429.96 0.0
429.97 0.0
429.98 0.0
429.99 0.0
