400.0 8.37098180432e-76
400.01 1.43353761176e-75
400.02 2.45281898299e-75
400.03 4.19320039231e-75
400.04 7.16224955949e-75
400.05 1.22229769707e-74
400.06 2.08414653248e-74
400.07 3.55061202253e-74
400.08 6.04368611777e-74
400.09 1.02783711299e-73
400.1 1.74650728593e-73
400.11 2.96510598127e-73
400.12 5.02960353472e-73
400.13 8.52414829853e-73
400.14 1.44341745687e-72
400.15 2.44206164465e-72
400.16 4.12805052601e-72
400.17 6.97199550549e-72
400.18 1.17650263763e-71
400.19 1.98359234848e-71
400.2 3.34145530243e-71
400.21 5.62396488411e-71
400.22 9.45743264605e-71
400.23 1.58901364388e-70
400.24 2.66750786121e-70
400.25 4.47411870316e-70
400.26 7.49778545132e-70
400.27 1.2554003003e-69
400.28 2.10017343087e-69
400.29 3.51036118824e-69
400.3 5.86235563439e-69
400.31 9.78174259498e-69
400.32 1.63073732647e-68
400.33 2.71628606916e-68
400.34 4.52054412853e-68
400.35 7.51674179799e-68
400.36 1.2487982003e-67
400.37 2.07290122635e-67
400.38 3.43786378658e-67
400.39 5.69668800281e-67
400.4 9.43148148274e-67
400.41 1.56013115918e-66
400.42 2.57849336114e-66
400.43 4.25789195479e-66
400.44 7.02501035502e-66
400.45 1.15803853987e-65
400.46 1.90731651802e-65
400.47 3.13867421296e-65
400.48 5.16051947262e-65
400.49 8.47743201284e-65
400.5 1.39142218138e-64
400.51 2.281798245e-64
400.52 3.73868842708e-64
400.53 6.1204734456e-64
400.54 1.00109311592e-63
400.55 1.63601636781e-63
400.56 2.67131145354e-63
400.57 4.35797887443e-63
400.58 7.10345163039e-63
400.59 1.15685105502e-62
400.6 1.88238814437e-62
400.61 3.06030437633e-62
400.62 4.97100019617e-62
400.63 8.06764258484e-62
400.64 1.30819724944e-61
400.65 2.11945171076e-61
400.66 3.43081683965e-61
400.67 5.54875120753e-61
400.68 8.9663705847e-61
400.69 1.44764418105e-60
400.7 2.33523550991e-60
400.71 3.76377155273e-60
400.72 6.06093375749e-60
400.73 9.75168203013e-60
400.74 1.56762881928e-59
400.75 2.51785466616e-59
400.76 4.04056214259e-59
400.77 6.47853239871e-59
400.78 1.03785143946e-58
400.79 1.66118293691e-58
400.8 2.65658333272e-58
400.81 4.24475998026e-58
400.82 6.7765172028e-58
400.83 1.08089539031e-57
400.84 1.72260021374e-57
400.85 2.74289410641e-57
400.86 4.36372424302e-57
400.87 6.93632235275e-57
400.88 1.10160259436e-56
400.89 1.74801173804e-56
400.9 2.77132495013e-56
400.91 4.3898964015e-56
400.92 6.94775992698e-56
400.93 1.09864921065e-55
400.94 1.73578929293e-55
400.95 2.7400511793e-55
400.96 4.32159492532e-55
400.97 6.81009470496e-55
400.98 1.0722250731e-54
400.99 1.68671799491e-54
401.0 2.65107924942e-54
401.01 4.16319405829e-54
401.02 6.53212237275e-54
401.03 1.02401349931e-53
401.04 1.60391283971e-53
401.05 2.5100337364e-53
401.06 3.92466024258e-53
401.07 6.13123956474e-53
401.08 9.57013838484e-53
401.09 1.49249148631e-52
401.1 2.32556894653e-52
401.11 3.62051448492e-52
401.12 5.63164241976e-52
401.13 8.75232762638e-52
401.14 1.35905105955e-51
401.15 2.10849071656e-51
401.16 3.26837082732e-51
401.17 5.06191292521e-51
401.18 7.8328845852e-51
401.19 1.21102329482e-50
401.2 1.87071220376e-50
401.21 2.88725521314e-50
401.22 4.45232728655e-50
401.23 6.85981970184e-50
401.24 1.05599541724e-49
401.25 1.62418344035e-49
401.26 2.49592674961e-49
401.27 3.83223652065e-49
401.28 5.87890561379e-49
401.29 9.01082141302e-49
401.3 1.37992661071e-48
401.31 2.111403852e-48
401.32 3.22782768239e-48
401.33 4.93029705457e-48
401.34 7.52418636573e-48
401.35 1.14728076884e-47
401.36 1.74784773541e-47
401.37 2.66048730542e-47
401.38 4.04615483856e-47
401.39 6.14819336943e-47
401.4 9.33418169863e-47
401.41 1.41588732979e-46
401.42 2.14587713784e-46
401.43 3.24941157142e-46
401.44 4.9161859928e-46
401.45 7.43148490471e-46
401.46 1.12239728464e-45
401.47 1.6937188745e-45
401.48 2.55364051263e-45
401.49 3.84682034763e-45
401.5 5.78985599325e-45
401.51 8.70677520669e-45
401.52 1.30818936541e-44
401.53 1.96384681748e-44
401.54 2.94556300533e-44
401.55 4.41420742188e-44
401.56 6.60938223934e-44
401.57 9.88764155425e-44
401.58 1.47791096568e-43
401.59 2.20712810734e-43
401.6 3.29329415926e-43
401.61 4.90972558201e-43
401.62 7.31320296009e-43
401.63 1.08838299163e-42
401.64 1.61837655706e-42
401.65 2.4043690219e-42
401.66 3.56899863081e-42
401.67 5.29316401524e-42
401.68 7.84346628106e-42
401.69 1.16124652899e-41
401.7 1.71776811201e-41
401.71 2.53879922128e-41
401.72 3.74900387201e-41
401.73 5.53129898306e-41
401.74 8.15383824192e-41
401.75 1.20093848292e-40
401.76 1.76727097227e-40
401.77 2.59841933517e-40
401.78 3.81714842069e-40
401.79 5.60263805541e-40
401.8 8.21617724198e-40
401.81 1.20384547454e-39
401.82 1.76236314476e-39
401.83 2.57776766801e-39
401.84 3.76717551562e-39
401.85 5.50062008013e-39
401.86 8.02474346002e-39
401.87 1.16969969757e-38
401.88 1.70349675352e-38
401.89 2.47874559465e-38
401.9 3.60368077591e-38
401.91 5.23461063446e-38
401.92 7.59707065996e-38
401.93 1.10161961685e-37
401.94 1.59602933191e-37
401.95 2.31032878286e-37
401.96 3.34141502708e-37
401.97 4.82848366567e-37
401.98 6.97131688439e-37
401.99 1.00564012746e-36
402.0 1.44941942401e-36
402.01 2.08722502093e-36
402.02 3.00308883947e-36
402.03 4.31708699342e-36
402.04 6.20064878519e-36
402.05 8.89830275612e-36
402.06 1.27585387159e-35
402.07 1.82775679041e-35
402.08 2.61613161291e-35
402.09 3.74131679923e-35
402.1 5.34580474018e-35
402.11 7.63177243412e-35
402.12 1.08858274166e-34
402.13 1.55139072258e-34
402.14 2.20904543176e-34
402.15 3.14276434971e-34
402.16 4.46727513241e-34
402.17 6.3444984568e-34
402.18 9.00275857386e-34
402.19 1.27637304546e-33
402.2 1.80802052744e-33
402.21 2.55889698295e-33
402.22 3.61847819622e-33
402.23 5.11237650587e-33
402.24 7.21677911815e-33
402.25 1.01785920492e-32
402.26 1.43435191087e-32
402.27 2.01951664337e-32
402.28 2.84094528471e-32
402.29 3.99302486715e-32
402.3 5.60744306502e-32
402.31 7.86776614878e-32
402.32 1.10296498616e-31
402.33 1.54488345199e-31
402.34 2.16198874689e-31
402.35 3.02297704592e-31
402.36 4.22318379347e-31
402.37 5.89479664635e-31
402.38 8.22093824174e-31
402.39 1.14550675898e-30
402.4 1.59476846367e-30
402.41 2.21830538959e-30
402.42 3.08296605023e-30
402.43 4.28094711422e-30
402.44 5.9392922478e-30
402.45 8.23290759639e-30
402.46 1.14023797011e-29
402.47 1.57783457837e-29
402.48 2.18147958149e-29
402.49 3.01345387108e-29
402.5 4.15912196187e-29
402.51 5.73538368041e-29
402.52 7.90218165875e-29
402.53 1.08781553008e-28
402.54 1.49619160167e-28
402.55 2.05609360893e-28
402.56 2.82307402512e-28
402.57 3.87280260383e-28
402.58 5.30825979284e-28
402.59 7.26946902094e-28
402.6 9.94665198719e-28
402.61 1.35979947341e-27
402.62 1.85736187452e-27
402.63 2.53478948687e-27
402.64 3.4562964099e-27
402.65 4.70872986116e-27
402.66 6.40944291387e-27
402.67 8.71686869999e-27
402.68 1.1844710144e-26
402.69 1.60809641216e-26
402.7 2.18134039075e-26
402.71 2.95636812815e-26
402.72 4.00329223969e-26
402.73 5.41626357172e-26
402.74 7.32159999859e-26
402.75 9.88862525541e-26
402.76 1.33441081166e-25
402.77 1.7991480301e-25
402.78 2.42363913072e-25
402.79 3.26206586991e-25
402.8 4.3867330784e-25
402.81 5.89404442762e-25
402.82 7.91241965769e-25
402.83 1.06127744372e-24
402.84 1.42223796359e-24
402.85 1.90431729928e-24
402.86 2.54759314025e-24
402.87 3.40521502884e-24
402.88 4.54760488823e-24
402.89 6.06798670123e-24
402.9 8.08965924424e-24
402.91 1.07755525488e-23
402.92 1.4340773691e-23
402.93 1.90690618788e-23
402.94 2.53343511719e-23
402.95 3.36290002867e-23
402.96 4.46007169645e-23
402.97 5.9100810373e-23
402.98 7.82471888955e-23
402.99 1.03506533679e-22
403.0 1.36801386175e-22
403.01 1.80649574819e-22
403.02 2.38345579679e-22
403.03 3.14196232192e-22
403.04 4.1382674589e-22
403.05 5.44577697932e-22
403.06 7.16019516462e-22
403.07 9.40618639894e-22
403.08 1.23459926483e-21
403.09 1.61905707882e-21
403.1 2.12139733082e-21
403.11 2.77718997486e-21
403.12 3.63256063373e-21
403.13 4.74726929086e-21
403.14 6.19867085531e-21
403.15 8.08680548651e-21
403.16 1.05409348808e-20
403.17 1.37279274775e-20
403.18 1.78630056061e-20
403.19 2.3223507099e-20
403.2 3.01664905276e-20
403.21 3.91512366577e-20
403.22 5.0767981077e-20
403.23 6.57745694179e-20
403.24 8.51431761858e-20
403.25 1.10119794675e-19
403.26 1.42299918491e-19
403.27 1.83724731851e-19
403.28 2.37003252231e-19
403.29 3.05467282574e-19
403.3 3.93367802676e-19
403.31 5.06123649269e-19
403.32 6.5063611208e-19
403.33 8.35686545384e-19
403.34 1.07243843066e-18
403.35 1.37507073532e-18
403.36 1.76157615427e-18
403.37 2.25476621459e-18
403.38 2.88353566376e-18
403.39 3.684451534e-18
403.4 4.70374837774e-18
403.41 5.99983113693e-18
403.42 7.64641184518e-18
403.43 9.73643697386e-18
403.44 1.23870000793e-17
403.45 1.57454811505e-17
403.46 1.99972117252e-17
403.47 2.53750359266e-17
403.48 3.21712250909e-17
403.49 4.07523113143e-17
403.5 5.15775375348e-17
403.51 6.52217841466e-17
403.52 8.24040312802e-17
403.53 1.04022659817e-16
403.54 1.31199192731e-16
403.55 1.65332443306e-16
403.56 2.08165482458e-16
403.57 2.61868381138e-16
403.58 3.29140346473e-16
403.59 4.13335677056e-16
403.6 5.18618944036e-16
403.61 6.50155996725e-16
403.62 8.14348838328e-16
403.63 1.01912417147e-15
403.64 1.27428753777e-15
403.65 1.59195754612e-15
403.66 1.98709779071e-15
403.67 2.47816781085e-15
403.68 3.08791896772e-15
403.69 3.84436656332e-15
403.7 4.78197608548e-15
403.71 5.94310934847e-15
403.72 7.37978576795e-15
403.73 9.15582537013e-15
403.74 1.13494537491e-14
403.75 1.40564654837e-14
403.76 1.73940620156e-14
403.77 2.15055032679e-14
403.78 2.65657400654e-14
403.79 3.27882275252e-14
403.8 4.0433159012e-14
403.81 4.98174071374e-14
403.82 6.13265139898e-14
403.83 7.54291388896e-14
403.84 9.26944503285e-14
403.85 1.13813041556e-13
403.86 1.39622059032e-13
403.87 1.71135362667e-13
403.88 2.0957968981e-13
403.89 2.5643797541e-13
403.9 3.13501193237e-13
403.91 3.82930332979e-13
403.92 4.67330421701e-13
403.93 5.69838842734e-13
403.94 6.94230609074e-13
403.95 8.45043721386e-13
403.96 1.02772829395e-12
403.97 1.24882377825e-12
403.98 1.51616936793e-12
403.99 1.83915354817e-12
404.0 2.22900977549e-12
404.01 2.69916646423e-12
404.02 3.26566083789e-12
404.03 3.94762780686e-12
404.04 4.76787689182e-12
404.05 5.75357236213e-12
404.06 6.93703424382e-12
404.07 8.35668072128e-12
404.08 1.00581357655e-11
404.09 1.2095529633e-11
404.1 1.45330242629e-11
404.11 1.74466006375e-11
404.12 2.09261509505e-11
404.13 2.5077925052e-11
404.14 3.00273882212e-11
404.15 3.59225559859e-11
404.16 4.29378816056e-11
404.17 5.12787831191e-11
404.18 6.11869097107e-11
404.19 7.29462617657e-11
404.2 8.68902955903e-11
404.21 1.03410162605e-10
404.22 1.22964254159e-10
404.23 1.4608924725e-10
404.24 1.73412873712e-10
404.25 2.0566866621e-10
404.26 2.43712969041e-10
404.27 2.88544540783e-10
404.28 3.4132711963e-10
404.29 4.03415371496e-10
404.3 4.76384696026e-10
404.31 5.6206542735e-10
404.32 6.62582035292e-10
404.33 7.80398009581e-10
404.34 9.18367195225e-10
404.35 1.07979244239e-09
404.36 1.26849253984e-09
404.37 1.48887851823e-09
404.38 1.74604053931e-09
404.39 2.04584673034e-09
404.4 2.39505548168e-09
404.41 2.80144289922e-09
404.42 3.27394729575e-09
404.43 3.82283281513e-09
404.44 4.45987451453e-09
404.45 5.19856748176e-09
404.46 6.05436284076e-09
404.47 7.04493379867e-09
404.48 8.19047521451e-09
404.49 9.51404052491e-09
404.5 1.10419202466e-08
404.51 1.28040666913e-08
404.52 1.48345699785e-08
404.53 1.71721909138e-08
404.54 1.98609568206e-08
404.55 2.2950826971e-08
404.56 2.64984348557e-08
404.57 3.05679151684e-08
404.58 3.52318240595e-08
404.59 4.05721619256e-08
404.6 4.66815087685e-08
404.61 5.36642829517e-08
404.62 6.1638135031e-08
404.63 7.07354892172e-08
404.64 8.1105245953e-08
404.65 9.29146600489e-08
404.66 1.0635140982e-07
404.67 1.21625873694e-07
404.68 1.38973631823e-07
404.69 1.58658211311e-07
404.7 1.80974094764e-07
404.71 2.06250013007e-07
404.72 2.34852543895e-07
404.73 2.67190040282e-07
404.74 3.03716911309e-07
404.75 3.4493828224e-07
404.76 3.91415059108e-07
404.77 4.43769425437e-07
404.78 5.02690799191e-07
404.79 5.68942278977e-07
404.8 6.4336760922e-07
404.81 7.26898694679e-07
404.82 8.20563695105e-07
404.83 9.25495731175e-07
404.84 1.04294223295e-06
404.85 1.17427496194e-06
404.86 1.32100073767e-06
404.87 1.48477289883e-06
404.88 1.66740352827e-06
404.89 1.87087646999e-06
404.9 2.09736116442e-06
404.91 2.34922732641e-06
404.92 2.629060488e-06
404.93 2.93967842512e-06
404.94 3.28414848377e-06
404.95 3.66580581785e-06
404.96 4.08827254579e-06
404.97 4.55547782857e-06
404.98 5.07167886588e-06
404.99 5.64148280092e-06
405.0 6.26986951757e-06
405.01 6.96221530592e-06
405.02 7.72431736409e-06
405.03 8.56241909513e-06
405.04 9.48323614833e-06
405.05 1.04939831438e-05
405.06 1.16024010082e-05
405.07 1.2816784838e-05
405.08 1.41460121943e-05
405.09 1.55995717191e-05
405.1 1.71875919524e-05
405.11 1.89208702115e-05
405.12 2.08109013831e-05
405.13 2.28699064608e-05
405.14 2.5110860648e-05
405.15 2.75475208291e-05
405.16 3.01944521964e-05
405.17 3.30670538068e-05
405.18 3.6181582823e-05
405.19 3.95551771827e-05
405.2 4.32058764231e-05
405.21 4.71526403728e-05
405.22 5.14153654112e-05
405.23 5.60148979838e-05
405.24 6.09730450476e-05
405.25 6.63125811143e-05
405.26 7.20572515473e-05
405.27 7.82317717651e-05
405.28 8.48618219949e-05
405.29 9.19740372217e-05
405.3 9.95959919735e-05
405.31 0.00010775617959
405.32 0.000116483985623
405.33 0.000125809655026
405.34 0.000135764252803
405.35 0.000146379617802
405.36 0.000157688309345
405.37 0.000169723546425
405.38 0.000182519139219
405.39 0.000196109412677
405.4 0.000210529122019
405.41 0.00022581335996
405.42 0.000241997455567
405.43 0.000259116864665
405.44 0.000277207051777
405.45 0.000296303363614
405.46 0.000316440894222
405.47 0.000337654341894
405.48 0.000359977858078
405.49 0.000383444888541
405.5 0.000408088007108
405.51 0.0004339387424
405.52 0.000461027398028
405.53 0.000489382866792
405.54 0.0005190324395
405.55 0.000550001609103
405.56 0.000582313870888
405.57 0.000615990519589
405.58 0.000651050444284
405.59 0.000687509922077
405.6 0.000725382411577
405.61 0.000764678347274
405.62 0.000805404935966
405.63 0.000847565956429
405.64 0.000891161563581
405.65 0.000936188098434
405.66 0.000982637905127
405.67 0.00103049915642
405.68 0.00107975568898
405.69 0.00113038684982
405.7 0.00118236735528
405.71 0.00123566716395
405.72 0.00129025136469
405.73 0.00134608008129
405.74 0.00140310839486
405.75 0.00146128628521
405.76 0.00152055859238
405.77 0.00158086499937
405.78 0.00164214003701
405.79 0.00170431311198
405.8 0.00176730855866
405.81 0.00183104571549
405.82 0.00189543902643
405.83 0.00196039816792
405.84 0.00202582820162
405.85 0.00209162975303
405.86 0.00215769921601
405.87 0.00222392898302
405.88 0.00229020770073
405.89 0.00235642055049
405.9 0.00242244955308
405.91 0.0024881738968
405.92 0.00255347028802
405.93 0.00261821332301
405.94 0.00268227587974
405.95 0.00274552952827
405.96 0.00280784495806
405.97 0.00286909242059
405.98 0.00292914218537
405.99 0.00298786500742
406.0 0.00304513260423
406.01 0.00310081813994
406.02 0.00315479671469
406.03 0.00320694585679
406.04 0.00325714601536
406.05 0.00330528105131
406.06 0.00335123872413
406.07 0.00339491117223
406.08 0.00343619538466
406.09 0.00347499366176
406.1 0.00351121406283
406.11 0.00354477083846
406.12 0.00357558484575
406.13 0.00360358394439
406.14 0.00362870337206
406.15 0.00365088609727
406.16 0.00367008314858
406.17 0.0036862539186
406.18 0.00369936644199
406.19 0.00370939764645
406.2 0.00371633357604
406.21 0.00372016958649
406.22 0.00372091051218
406.23 0.00371857080483
406.24 0.00371317464409
406.25 0.00370475602053
406.26 0.00369335879159
406.27 0.00367903671146
406.28 0.00366185343593
406.29 0.00364188250344
406.3 0.00361920729385
406.31 0.00359392096653
406.32 0.00356612637963
406.33 0.00353593599229
406.34 0.00350347175207
406.35 0.00346886496963
406.36 0.00343225618284
406.37 0.00339379501285
406.38 0.00335364001418
406.39 0.00331195852137
406.4 0.00326892649448
406.41 0.00322472836571
406.42 0.00317955688937
406.43 0.00313361299737
406.44 0.00308710566224
406.45 0.00304025176957
406.46 0.0029932760015
406.47 0.00294641073288
406.48 0.00289989594136
406.49 0.00285397913243
406.5 0.00280891528024
406.51 0.00276496678469
406.52 0.00272240344503
406.53 0.00268150244985
406.54 0.00264254838305
406.55 0.00260583324497
406.56 0.00257165648767
406.57 0.00254032506279
406.58 0.00251215348014
406.59 0.00248746387503
406.6 0.00246658608158
406.61 0.00244985770923
406.62 0.00243762421926
406.63 0.00243023899771
406.64 0.00242806342089
406.65 0.00243146690938
406.66 0.00244082696598
406.67 0.00245652919319
406.68 0.00247896728514
406.69 0.0025085429892
406.7 0.00254566603187
406.71 0.00259075400394
406.72 0.00264423219941
406.73 0.00270653340309
406.74 0.0027780976214
406.75 0.00285937175133
406.76 0.00295080918252
406.77 0.00305286932765
406.78 0.00316601707642
406.79 0.00329072216913
406.8 0.00342745848573
406.81 0.00357670324692
406.82 0.00373893612446
406.83 0.00391463825799
406.84 0.00410429117674
406.85 0.00430837562475
406.86 0.00452737028912
406.87 0.00476175043151
406.88 0.00501198642387
406.89 0.00527854219027
406.9 0.00556187355736
406.91 0.00586242651714
406.92 0.00618063540644
406.93 0.00651692100853
406.94 0.00687168858304
406.95 0.00724532583159
406.96 0.00763820080719
406.97 0.00805065977652
406.98 0.00848302504506
406.99 0.00893559275581
407.0 0.00940863067339
407.01 0.00990237596582
407.02 0.010417032997
407.03 0.010952771144
407.04 0.0115097226528
407.05 0.0120879805483
407.06 0.0126875966123
407.07 0.0133085794468
407.08 0.0139508926362
407.09 0.0146144530259
407.1 0.0152991291313
407.11 0.0160047396943
407.12 0.0167310524005
407.13 0.0174777827733
407.14 0.0182445932584
407.15 0.0190310925113
407.16 0.0198368349015
407.17 0.0206613202431
407.18 0.0215039937646
407.19 0.0223642463235
407.2 0.0232414148764
407.21 0.0241347832085
407.22 0.0250435829288
407.23 0.0259669947311
407.24 0.0269041499251
407.25 0.0278541322335
407.26 0.0288159798544
407.27 0.0297886877829
407.28 0.0307712103857
407.29 0.0317624642194
407.3 0.0327613310818
407.31 0.0337666612836
407.32 0.0347772771249
407.33 0.0357919765604
407.34 0.0368095370353
407.35 0.0378287194702
407.36 0.0388482723747
407.37 0.0398669360659
407.38 0.0408834469675
407.39 0.0418965419631
407.4 0.042904962779
407.41 0.043907460367
407.42 0.0449027992611
407.43 0.0458897618796
407.44 0.0468671527441
407.45 0.0478338025874
407.46 0.0487885723243
407.47 0.0497303568558
407.48 0.0506580886828
407.49 0.0515707413043
407.5 0.0524673323756
407.51 0.0533469266057
407.52 0.0542086383731
407.53 0.0550516340432
407.54 0.0558751339704
407.55 0.0566784141719
407.56 0.0574608076634
407.57 0.0582217054468
407.58 0.0589605571465
407.59 0.0596768712909
407.6 0.0603702152392
407.61 0.0610402147588
407.62 0.0616865532576
407.63 0.062308970683
407.64 0.0629072620973
407.65 0.063481275948
407.66 0.0640309120474
407.67 0.0645561192855
407.68 0.065056893096
407.69 0.0655332727028
407.7 0.0659853381735
407.71 0.0664132073082
407.72 0.0668170323949
407.73 0.0671969968636
407.74 0.0675533118697
407.75 0.067886212843
407.76 0.0681959560335
407.77 0.068482815089
407.78 0.0687470776973
407.79 0.0689890423265
407.8 0.0692090150941
407.81 0.0694073067964
407.82 0.0695842301266
407.83 0.0697400971096
407.84 0.0698752167768
407.85 0.069989893106
407.86 0.0700844232432
407.87 0.0701590960269
407.88 0.070214190826
407.89 0.0702499767037
407.9 0.0702667119154
407.91 0.070264643743
407.92 0.070244008668
407.93 0.0702050328797
407.94 0.0701479331124
407.95 0.0700729178016
407.96 0.0699801885459
407.97 0.0698699418583
407.98 0.0697423711876
407.99 0.0695976691858
408.0 0.0694360301976
408.01 0.0692576529432
408.02 0.0690627433635
408.03 0.0688515175964
408.04 0.0686242050497
408.05 0.0683810515339
408.06 0.0681223224199
408.07 0.067848305783
408.08 0.0675593154954
408.09 0.0672556942301
408.1 0.0669378163376
408.11 0.0666060905589
408.12 0.0662609625388
408.13 0.0659029171053
408.14 0.0655324802812
408.15 0.0651502209979
408.16 0.0647567524831
408.17 0.0643527332948
408.18 0.0639388679802
408.19 0.063515907339
408.2 0.0630846482729
408.21 0.0626459332104
408.22 0.0622006490949
408.23 0.0617497259319
408.24 0.0612941348914
408.25 0.0608348859692
408.26 0.06037302521
408.27 0.0599096315052
408.28 0.0594458129742
408.29 0.058982702951
408.3 0.058521455592
408.31 0.0580632411327
408.32 0.0576092408182
408.33 0.0571606415389
408.34 0.0567186302044
408.35 0.0562843878914
408.36 0.0558590838038
408.37 0.0554438690855
408.38 0.0550398705266
408.39 0.0546481842081
408.4 0.0542698691286
408.41 0.0539059408572
408.42 0.0535573652602
408.43 0.0532250523454
408.44 0.0529098502698
408.45 0.0526125395554
408.46 0.0523338275563
408.47 0.0520743432197
408.48 0.0518346321805
408.49 0.0516151522295
408.5 0.0514162691893
408.51 0.0512382532334
408.52 0.0510812756791
408.53 0.0509454062803
408.54 0.0508306110479
408.55 0.0507367506148
408.56 0.0506635791674
408.57 0.0506107439535
408.58 0.0505777853788
408.59 0.050564137697
408.6 0.0505691302958
408.61 0.0505919895764
408.62 0.0506318414205
408.63 0.0506877142355
408.64 0.0507585425626
408.65 0.0508431712319
408.66 0.0509403600417
408.67 0.0510487889374
408.68 0.051167063663
408.69 0.0512937218524
408.7 0.0514272395266
408.71 0.0515660379608
408.72 0.0517084908811
408.73 0.0518529319493
408.74 0.0519976624931
408.75 0.0521409594364
408.76 0.0522810833837
408.77 0.0524162868117
408.78 0.0525448223195
408.79 0.0526649508917
408.8 0.0527749501235
408.81 0.0528731223635
408.82 0.0529578027252
408.83 0.0530273669223
408.84 0.0530802388838
408.85 0.0531148981055
408.86 0.0531298866969
408.87 0.0531238160863
408.88 0.0530953733456
408.89 0.0530433271029
408.9 0.0529665330116
408.91 0.0528639387477
408.92 0.0527345885114
408.93 0.0525776270123
408.94 0.0523923029183
408.95 0.0521779717563
408.96 0.0519340982528
408.97 0.0516602581076
408.98 0.0513561391965
408.99 0.0510215422043
409.0 0.050656380691
409.01 0.0502606805986
409.02 0.0498345792081
409.03 0.0493783235629
409.04 0.0488922683721
409.05 0.0483768734169
409.06 0.0478327004801
409.07 0.0472604098251
409.08 0.0466607562523
409.09 0.0460345847613
409.1 0.0453828258515
409.11 0.0447064904936
409.12 0.0440066648067
409.13 0.0432845044772
409.14 0.0425412289546
409.15 0.041778115463
409.16 0.0409964928635
409.17 0.0401977354074
409.18 0.0393832564151
409.19 0.0385545019187
409.2 0.0377129443037
409.21 0.0368600759854
409.22 0.0359974031538
409.23 0.0351264396185
409.24 0.0342487007864
409.25 0.0333656978003
409.26 0.0324789318663
409.27 0.0315898887951
409.28 0.0307000337809
409.29 0.029810806439
409.3 0.028923616121
409.31 0.0280398375233
409.32 0.0271608066046
409.33 0.0262878168223
409.34 0.0254221156985
409.35 0.0245649017221
409.36 0.0237173215909
409.37 0.022880467797
409.38 0.0220553765547
409.39 0.0212430260696
409.4 0.0204443351439
409.41 0.0196601621118
409.42 0.0188913040983
409.43 0.0181384965896
409.44 0.017402413306
409.45 0.0166836663629
409.46 0.0159828067072
409.47 0.0153003248132
409.48 0.014636651622
409.49 0.0139921597082
409.5 0.0133671646552
409.51 0.0127619266219
409.52 0.0121766520818
409.53 0.011611495716
409.54 0.0110665624411
409.55 0.0105419095538
409.56 0.0100375489723
409.57 0.00955344955814
409.58 0.00908953949855
409.59 0.0086457087336
409.6 0.00822181141037
409.61 0.00781766834848
409.62 0.00743306950169
409.63 0.007067776401
409.64 0.00672152456585
409.65 0.0063940258708
409.66 0.00608497085604
409.67 0.00579403097131
409.68 0.00552086074357
409.69 0.00526509986018
409.7 0.00502637515994
409.71 0.00480430252593
409.72 0.00459848867472
409.73 0.0044085328378
409.74 0.00423402833199
409.75 0.00407456401661
409.76 0.00392972563604
409.77 0.00379909704743
409.78 0.00368226133389
409.79 0.00357880180451
409.8 0.00348830288326
409.81 0.00341035088953
409.82 0.00334453471362
409.83 0.00329044639127
409.84 0.00324768158178
409.85 0.0032158399545
409.86 0.0031945254894
409.87 0.00318334669717
409.88 0.00318191676516
409.89 0.00318985363516
409.9 0.00320678001981
409.91 0.00323232336379
409.92 0.00326611575686
409.93 0.00330779380502
409.94 0.0033569984666
409.95 0.00341337485985
409.96 0.00347657204815
409.97 0.0035462428094
409.98 0.00362204339535
409.99 0.00370363328676
410.0 0.00379067494981
410.01 0.003882833599
410.02 0.00397977697136
410.03 0.00408117511642
410.04 0.00418670020615
410.05 0.00429602636846
410.06 0.00440882954773
410.07 0.00452478739514
410.08 0.00464357919134
410.09 0.00476488580356
410.1 0.00488838967869
410.11 0.00501377487362
410.12 0.00514072712357
410.13 0.00526893394891
410.14 0.00539808480026
410.15 0.00552787124163
410.16 0.00565798717077
410.17 0.00578812907556
410.18 0.00591799632504
410.19 0.00604729149326
410.2 0.00617572071385
410.21 0.00630299406307
410.22 0.00642882596866
410.23 0.00655293564172
410.24 0.00667504752866
410.25 0.00679489178006
410.26 0.0069122047331
410.27 0.0070267294043
410.28 0.00713821598892
410.29 0.00724642236374
410.3 0.00735111458942
410.31 0.00745206740912
410.32 0.00754906473983
410.33 0.00764190015284
410.34 0.00773037734021
410.35 0.00781431056378
410.36 0.00789352508374
410.37 0.00796785756373
410.38 0.00803715644958
410.39 0.00810128231923
410.4 0.00816010820124
410.41 0.00821351985979
410.42 0.00826141604405
410.43 0.00830370870033
410.44 0.00834032314532
410.45 0.00837119819932
410.46 0.00839628627824
410.47 0.00841555344383
410.48 0.00842897941151
410.49 0.00843655751548
410.5 0.00843829463128
410.51 0.00843421105592
410.52 0.00842434034603
410.53 0.00840872911487
410.54 0.00838743678903
410.55 0.0083605353259
410.56 0.00832810889346
410.57 0.00829025351372
410.58 0.00824707667155
410.59 0.00819869689087
410.6 0.00814524328006
410.61 0.00808685504884
410.62 0.00802368099878
410.63 0.00795587898988
410.64 0.00788361538555
410.65 0.00780706447866
410.66 0.00772640790093
410.67 0.00764183401863
410.68 0.00755353731685
410.69 0.0074617177752
410.7 0.00736658023742
410.71 0.00726833377764
410.72 0.00716719106566
410.73 0.00706336773394
410.74 0.00695708174874
410.75 0.00684855278772
410.76 0.00673800162642
410.77 0.00662564953578
410.78 0.00651171769294
410.79 0.00639642660721
410.8 0.00627999556338
410.81 0.00616264208388
410.82 0.00604458141171
410.83 0.0059260260157
410.84 0.00580718511935
410.85 0.00568826425477
410.86 0.0055694648428
410.87 0.00545098380025
410.88 0.00533301317531
410.89 0.00521573981175
410.9 0.00509934504254
410.91 0.0049840044134
410.92 0.00486988743648
410.93 0.00475715737449
410.94 0.00464597105512
410.95 0.00453647871591
410.96 0.00442882387898
410.97 0.00432314325557
410.98 0.00421956667966
410.99 0.00411821707012
411.0 0.00401921042056
411.01 0.00392265581616
411.02 0.00382865547617
411.03 0.00373730482133
411.04 0.00364869256468
411.05 0.00356290082466
411.06 0.00348000525895
411.07 0.0034000752176
411.08 0.00332317391389
411.09 0.00324935861122
411.1 0.00317868082433
411.11 0.00311118653314
411.12 0.00304691640717
411.13 0.00298590603903
411.14 0.00292818618467
411.15 0.00287378300885
411.16 0.00282271833366
411.17 0.00277500988823
411.18 0.00273067155774
411.19 0.00268971362983
411.2 0.0026521430365
411.21 0.00261796358969
411.22 0.00258717620884
411.23 0.00255977913859
411.24 0.0025357681551
411.25 0.00251513675939
411.26 0.00249787635628
411.27 0.00248397641755
411.28 0.00247342462812
411.29 0.00246620701409
411.3 0.00246230805187
411.31 0.00246171075724
411.32 0.002464396754
411.33 0.00247034632152
411.34 0.00247953842087
411.35 0.00249195069942
411.36 0.00250755947381
411.37 0.00252633969157
411.38 0.0025482648717
411.39 0.0025733070247
411.4 0.00260143655298
411.41 0.00263262213226
411.42 0.00266683057532
411.43 0.00270402667922
411.44 0.00274417305748
411.45 0.00278722995874
411.46 0.00283315507381
411.47 0.00288190333285
411.48 0.00293342669482
411.49 0.00298767393134
411.5 0.00304459040725
411.51 0.00310411786014
411.52 0.00316619418156
411.53 0.00323075320206
411.54 0.00329772448302
411.55 0.00336703311757
411.56 0.00343859954335
411.57 0.00351233936968
411.58 0.0035881632217
411.59 0.00366597660404
411.6 0.00374567978632
411.61 0.00382716771305
411.62 0.00391032994
411.63 0.00399505059918
411.64 0.00408120839436
411.65 0.00416867662905
411.66 0.00425732326819
411.67 0.00434701103533
411.68 0.00443759754601
411.69 0.00452893547863
411.7 0.00462087278315
411.71 0.00471325292808
411.72 0.00480591518596
411.73 0.00489869495687
411.74 0.00499142412983
411.75 0.00508393148086
411.76 0.00517604310705
411.77 0.00526758289492
411.78 0.00535837302149
411.79 0.00544823448615
411.8 0.00553698767095
411.81 0.00562445292683
411.82 0.00571045118301
411.83 0.00579480457648
411.84 0.00587733709832
411.85 0.00595787525337
411.86 0.00603624872968
411.87 0.00611229107379
411.88 0.00618584036798
411.89 0.00625673990546
411.9 0.00632483885922
411.91 0.00638999294057
411.92 0.00645206504297
411.93 0.00651092586702
411.94 0.00656645452256
411.95 0.00661853910366
411.96 0.00666707723265
411.97 0.0067119765693
411.98 0.00675315528152
411.99 0.00679054247415
412.0 0.0068240785726
412.01 0.00685371565832
412.02 0.00687941775354
412.03 0.00690116105268
412.04 0.00691893409869
412.05 0.00693273790217
412.06 0.00694258600241
412.07 0.00694850446889
412.08 0.00695053184295
412.09 0.00694871901934
412.1 0.00694312906771
412.11 0.00693383699479
412.12 0.00692092944808
412.13 0.00690450436253
412.14 0.00688467055181
412.15 0.00686154724638
412.16 0.0068352635808
412.17 0.00680595803296
412.18 0.0067737778185
412.19 0.00673887824373
412.2 0.00670142202071
412.21 0.00666157854844
412.22 0.00661952316428
412.23 0.00657543636989
412.24 0.00652950303619
412.25 0.00648191159184
412.26 0.00643285320002
412.27 0.00638252092815
412.28 0.00633110891528
412.29 0.00627881154191
412.3 0.00622582260685
412.31 0.00617233451583
412.32 0.0061185374861
412.33 0.00606461877161
412.34 0.00601076191269
412.35 0.0059571460143
412.36 0.00590394505653
412.37 0.00585132724083
412.38 0.00579945437507
412.39 0.00574848130049
412.4 0.00569855536291
412.41 0.00564981593074
412.42 0.00560239396138
412.43 0.00555641161793
412.44 0.00551198193728
412.45 0.00546920855042
412.46 0.00542818545576
412.47 0.00538899684533
412.48 0.00535171698406
412.49 0.00531641014144
412.5 0.00528313057482
412.51 0.00525192256335
412.52 0.00522282049108
412.53 0.00519584897756
412.54 0.00517102305408
412.55 0.00514834838331
412.56 0.00512782152004
412.57 0.00510943021044
412.58 0.00509315372701
412.59 0.0050789632365
412.6 0.00506682219762
412.61 0.00505668678556
412.62 0.00504850634012
412.63 0.00504222383411
412.64 0.00503777635894
412.65 0.00503509562404
412.66 0.00503410846685
412.67 0.00503473737023
412.68 0.00503690098425
412.69 0.00504051464903
412.7 0.00504549091601
412.71 0.00505174006458
412.72 0.00505917061138
412.73 0.00506768980987
412.74 0.00507720413749
412.75 0.00508761976844
412.76 0.00509884302972
412.77 0.00511078083881
412.78 0.00512334112104
412.79 0.00513643320528
412.8 0.00514996819652
412.81 0.00516385932431
412.82 0.00517802226594
412.83 0.00519237544378
412.84 0.00520684029604
412.85 0.00522134152072
412.86 0.00523580729231
412.87 0.0052501694515
412.88 0.00526436366765
412.89 0.00527832957464
412.9 0.00529201088025
412.91 0.00530535544977
412.92 0.00531831536451
412.93 0.005330846956
412.94 0.00534291081674
412.95 0.00535447178871
412.96 0.00536549893045
412.97 0.00537596546425
412.98 0.00538584870444
412.99 0.0053951299682
413.0 0.00540379447037
413.01 0.00541183120347
413.02 0.0054192328046
413.03 0.00542599541056
413.04 0.00543211850272
413.05 0.00543760474317
413.06 0.00544245980365
413.07 0.00544669218865
413.08 0.00545031305438
413.09 0.00545333602472
413.1 0.00545577700595
413.11 0.00545765400135
413.12 0.00545898692711
413.13 0.00545979743083
413.14 0.00546010871388
413.15 0.00545994535859
413.16 0.00545933316169
413.17 0.00545829897457
413.18 0.00545687055177
413.19 0.00545507640814
413.2 0.00545294568565
413.21 0.00545050803049
413.22 0.00544779348096
413.23 0.00544483236663
413.24 0.00544165521913
413.25 0.00543829269492
413.26 0.00543477551001
413.27 0.00543113438679
413.28 0.00542740001286
413.29 0.00542360301167
413.3 0.00541977392468
413.31 0.00541594320469
413.32 0.00541214121967
413.33 0.0054083982667
413.34 0.00540474459515
413.35 0.00540121043833
413.36 0.00539782605273
413.37 0.00539462176391
413.38 0.00539162801784
413.39 0.00538887543676
413.4 0.00538639487813
413.41 0.00538421749572
413.42 0.00538237480119
413.43 0.00538089872525
413.44 0.00537982167661
413.45 0.00537917659778
413.46 0.00537899701603
413.47 0.00537931708837
413.48 0.0053801716391
413.49 0.00538159618876
413.5 0.00538362697306
413.51 0.00538630095078
413.52 0.0053896557994
413.53 0.00539372989751
413.54 0.00539856229298
413.55 0.0054041926561
413.56 0.00541066121696
413.57 0.00541800868643
413.58 0.00542627616031
413.59 0.00543550500628
413.6 0.00544573673347
413.61 0.00545701284462
413.62 0.0054693746709
413.63 0.00548286318973
413.64 0.00549751882592
413.65 0.00551338123686
413.66 0.00553048908237
413.67 0.00554887978019
413.68 0.00556858924817
413.69 0.00558965163432
413.7 0.00561209903616
413.71 0.00563596121071
413.72 0.00566126527699
413.73 0.00568803541243
413.74 0.00571629254541
413.75 0.00574605404557
413.76 0.00577733341414
413.77 0.00581013997626
413.78 0.00584447857757
413.79 0.00588034928716
413.8 0.00591774710933
413.81 0.00595666170614
413.82 0.00599707713329
413.83 0.00603897159137
413.84 0.00608231719486
413.85 0.00612707976087
413.86 0.00617321861986
413.87 0.00622068645032
413.88 0.00626942913932
413.89 0.00631938567071
413.9 0.00637048804278
413.91 0.00642266121679
413.92 0.00647582309784
413.93 0.00652988454937
413.94 0.00658474944217
413.95 0.00664031473903
413.96 0.00669647061547
413.97 0.00675310061717
413.98 0.00681008185433
413.99 0.00686728523303
414.0 0.00692457572333
414.01 0.0069818126639
414.02 0.00703885010234
414.03 0.00709553717058
414.04 0.00715171849408
414.05 0.00720723463377
414.06 0.00726192255898
414.07 0.00731561614993
414.08 0.00736814672756
414.09 0.00741934360893
414.1 0.00746903468552
414.11 0.00751704702233
414.12 0.0075632074749
414.13 0.00760734332148
414.14 0.00764928290763
414.15 0.00768885630002
414.16 0.00772589594633
414.17 0.00776023733814
414.18 0.00779171967343
414.19 0.00782018651536
414.2 0.00784548644406
414.21 0.00786747369794
414.22 0.00788600880137
414.23 0.00790095917513
414.24 0.00791219972673
414.25 0.00791961341709
414.26 0.00792309180073
414.27 0.00792253553633
414.28 0.00791785486507
414.29 0.00790897005373
414.3 0.00789581180035
414.31 0.00787832160004
414.32 0.00785645206867
414.33 0.00783016722284
414.34 0.00779944271422
414.35 0.00776426601689
414.36 0.00772463656666
414.37 0.00768056585125
414.38 0.00763207745088
414.39 0.00757920702869
414.4 0.00752200227118
414.41 0.00746052277858
414.42 0.00739483990577
414.43 0.00732503655441
414.44 0.00725120691736
414.45 0.00717345617648
414.46 0.00709190015557
414.47 0.0070066649299
414.48 0.00691788639462
414.49 0.00682570979398
414.5 0.00673028921391
414.51 0.00663178704055
414.52 0.00653037338737
414.53 0.00642622549386
414.54 0.00631952709885
414.55 0.00621046779149
414.56 0.00609924234319
414.57 0.00598605002389
414.58 0.00587109390576
414.59 0.00575458015798
414.6 0.00563671733576
414.61 0.00551771566711
414.62 0.00539778634047
414.63 0.00527714079669
414.64 0.00515599002838
414.65 0.00503454388975
414.66 0.00491301041993
414.67 0.00479159518263
414.68 0.00467050062475
414.69 0.00454992545662
414.7 0.00443006405614
414.71 0.00431110589909
414.72 0.00419323501751
414.73 0.00407662948818
414.74 0.00396146095259
414.75 0.00384789416996
414.76 0.00373608660447
414.77 0.00362618804782
414.78 0.00351834027763
414.79 0.00341267675274
414.8 0.00330932234531
414.81 0.00320839311036
414.82 0.00310999609245
414.83 0.00301422916958
414.84 0.0029211809338
414.85 0.00283093060815
414.86 0.00274354799918
414.87 0.00265909348441
414.88 0.00257761803358
414.89 0.0024991632629
414.9 0.0024237615209
414.91 0.00235143600484
414.92 0.00228220090613
414.93 0.00221606158354
414.94 0.00215301476256
414.95 0.00209304875947
414.96 0.00203614372851
414.97 0.00198227193052
414.98 0.00193139802146
414.99 0.00188347935915
415.0 0.00183846632653
415.01 0.00179630266989
415.02 0.00175692585031
415.03 0.00172026740682
415.04 0.00168625332957
415.05 0.00165480444151
415.06 0.00162583678697
415.07 0.00159926202572
415.08 0.00157498783102
415.09 0.00155291829015
415.1 0.0015329543062
415.11 0.00151499399966
415.12 0.00149893310856
415.13 0.00148466538597
415.14 0.00147208299358
415.15 0.00146107689034
415.16 0.00145153721496
415.17 0.00144335366127
415.18 0.0014364158455
415.19 0.0014306136644
415.2 0.00142583764351
415.21 0.00142197927449
415.22 0.00141893134094
415.23 0.00141658823178
415.24 0.00141484624159
415.25 0.00141360385722
415.26 0.00141276203002
415.27 0.00141222443325
415.28 0.00141189770402
415.29 0.00141169166931
415.3 0.00141151955583
415.31 0.00141129818308
415.32 0.00141094813955
415.33 0.00141039394166
415.34 0.00140956417527
415.35 0.00140839161961
415.36 0.00140681335356
415.37 0.00140477084419
415.38 0.00140221001763
415.39 0.00139908131234
415.4 0.00139533971489
415.41 0.00139094477844
415.42 0.00138586062423
415.43 0.00138005592634
415.44 0.00137350388012
415.45 0.00136618215471
415.46 0.00135807283012
415.47 0.00134916231945
415.48 0.00133944127682
415.49 0.00132890449165
415.5 0.00131755077
415.51 0.00130538280375
415.52 0.00129240702826
415.53 0.00127863346958
415.54 0.00126407558181
415.55 0.00124875007565
415.56 0.00123267673907
415.57 0.00121587825095
415.58 0.00119837998872
415.59 0.0011802098309
415.6 0.00116139795566
415.61 0.00114197663618
415.62 0.00112198003397
415.63 0.001101443991
415.64 0.00108040582164
415.65 0.00105890410541
415.66 0.00103697848128
415.67 0.00101466944463
415.68 0.000992018147533
415.69 0.000969066203291
415.7 0.00094585549595
415.71 0.000922427995547
415.72 0.00089882557974
415.73 0.000875089862493
415.74 0.000851262030346
415.75 0.00082738268683
415.76 0.00080349170546
415.77 0.000779628091719
415.78 0.000755829854377
415.79 0.000732133886418
415.8 0.000708575855799
415.81 0.000685190106201
415.82 0.000662009567868
415.83 0.000639065678579
415.84 0.000616388314726
415.85 0.000594005732445
415.86 0.00057194451866
415.87 0.00055022955187
415.88 0.000528883972459
415.89 0.000507929162263
415.9 0.000487384733087
415.91 0.00046726852382
415.92 0.000447596605785
415.93 0.000428383295897
415.94 0.000409641177211
415.95 0.000391381126389
415.96 0.000373612347623
415.97 0.000356342412509
415.98 0.000339577305382
415.99 0.000323321473605
416.0 0.000307577882282
416.01 0.000292348072909
416.02 0.000277632225433
416.03 0.00026342922322
416.04 0.000249736720453
416.05 0.000236551211461
416.06 0.000223868101516
416.07 0.000211681778661
416.08 0.00019998568612
416.09 0.000188772394894
416.1 0.000178033676145
416.11 0.000167760573011
416.12 0.000157943471507
416.13 0.000148572170199
416.14 0.000139635948368
416.15 0.000131123632391
416.16 0.000123023660118
416.17 0.000115324143016
416.18 0.000108012925928
416.19 0.000101077644251
416.2 9.45057784408e-05
416.21 8.82847057054e-05
416.22 8.24017488243e-05
416.23 7.68442220209e-05
416.24 7.15994738541e-05
416.25 6.66549271093e-05
416.26 6.19981156877e-05
416.27 5.76167185133e-05
416.28 5.34985904918e-05
416.29 4.96317905693e-05
416.3 4.60046069561e-05
416.31 4.26055795885e-05
416.32 3.94235199166e-05
416.33 3.64475281131e-05
416.34 3.36670078057e-05
416.35 3.10716784452e-05
416.36 2.8651585425e-05
416.37 2.63971080712e-05
416.38 2.42989656285e-05
416.39 2.23482213675e-05
416.4 2.05362849397e-05
416.41 1.88549131072e-05
416.42 1.72962089749e-05
416.43 1.58526198492e-05
416.44 1.45169338457e-05
416.45 1.32822753672e-05
416.46 1.21420995677e-05
416.47 1.1090185915e-05
416.48 1.01206309616e-05
416.49 9.22784042617e-06
416.5 8.40652068571e-06
416.51 7.65166977123e-06
416.52 6.95856795594e-06
416.53 6.3227680184e-06
416.54 5.74008525828e-06
416.55 5.20658733648e-06
416.56 4.71858400584e-06
416.57 4.27261679349e-06
416.58 3.86544869031e-06
416.59 3.49405389772e-06
416.6 3.15560767721e-06
416.61 2.84747634286e-06
416.62 2.56720743258e-06
416.63 2.31252008933e-06
416.64 2.08129567921e-06
416.65 1.87156866946e-06
416.66 1.68151778557e-06
416.67 1.50945746311e-06
416.68 1.35382960689e-06
416.69 1.21319566661e-06
416.7 1.08622903581e-06
416.71 9.71707778175e-07
416.72 8.68507682874e-07
416.73 7.75595648831e-07
416.74 6.92023395621e-07
416.75 6.16921497309e-07
416.76 5.49493733944e-07
416.77 4.89011754253e-07
416.78 4.34810041943e-07
416.79 3.8628117713e-07
416.8 3.42871383664e-07
416.81 3.04076352486e-07
416.82 2.69437330679e-07
416.83 2.38537465525e-07
416.84 2.109983926e-07
416.85 1.86477056832e-07
416.86 1.64662755349e-07
416.87 1.45274390968e-07
416.88 1.28057925298e-07
416.89 1.12784020522e-07
416.9 9.9245859198e-08
416.91 8.72571315947e-08
416.92 7.66501804312e-08
416.93 6.72742931647e-08
416.94 5.89941323368e-08
416.95 5.16882948499e-08
416.96 4.52479914225e-08
416.97 3.95758378668e-08
416.98 3.45847502256e-08
416.99 3.01969362073e-08
417.0 2.63429757532e-08
417.01 2.29609839702e-08
417.02 1.99958500477e-08
417.03 1.73985461595e-08
417.04 1.51255007254e-08
417.05 1.31380307615e-08
417.06 1.14018284032e-08
417.07 9.88649701116e-09
417.08 8.56513259863e-09
417.09 7.41394661774e-09
417.1 6.41192643746e-09
417.11 5.54053012003e-09
417.12 4.7834123641e-09
417.13 4.12617872888e-09
417.14 3.55616548511e-09
417.15 3.06224265572e-09
417.16 2.63463801216e-09
417.17 2.26477998208e-09
417.18 1.94515760073e-09
417.19 1.66919580224e-09
417.2 1.43114449945e-09
417.21 1.22598004151e-09
417.22 1.04931776848e-09
417.23 8.9733450193e-10
417.24 7.66699920732e-10
417.25 6.54515872252e-10
417.26 5.58262761843e-10
417.27 4.75752248241e-10
417.28 4.05085549783e-10
417.29 3.4461673686e-10
417.3 2.92920450145e-10
417.31 2.48763542325e-10
417.32 2.11080193916e-10
417.33 1.78950101503e-10
417.34 1.5157937993e-10
417.35 1.28283858992e-10
417.36 1.0847449023e-10
417.37 9.16446110753e-11
417.38 7.73588419165e-11
417.39 6.52434171414e-11
417.4 5.49777739654e-11
417.41 4.62872432474e-11
417.42 3.89367046815e-11
417.43 3.27250849728e-11
417.44 2.74805920514e-11
417.45 2.30565912158e-11
417.46 1.93280405001e-11
417.47 1.61884126665e-11
417.48 1.35470401791e-11
417.49 1.13268274231e-11
417.5 9.46228143003e-12
417.51 7.8978185286e-12
417.52 6.58630977032e-12
417.53 5.48783275527e-12
417.54 4.56860167643e-12
417.55 3.80005108119e-12
417.56 3.15805207309e-12
417.57 2.62224249783e-12
417.58 2.17545512351e-12
417.59 1.80322997758e-12
417.6 1.49339887876e-12
417.61 1.23573183664e-12
417.62 1.02163641167e-12
417.63 8.4390236276e-13
417.64 6.9648498004e-13
417.65 5.74321427726e-13
417.66 4.73175224966e-13
417.67 3.89504686194e-13
417.68 3.20351741641e-13
417.69 2.63248075115e-13
417.7 2.16135961108e-13
417.71 1.77301565998e-13
417.72 1.45318806996e-13
417.73 1.19002144761e-13
417.74 9.73669275886e-14
417.75 7.95961122748e-14
417.76 6.50123640066e-14
417.77 5.30546890135e-14
417.78 4.32588829395e-14
417.79 3.52411880163e-14
417.8 2.86846458888e-14
417.81 2.33277126908e-14
417.82 1.89547707078e-14
417.83 1.53882284507e-14
417.84 1.24819496839e-14
417.85 1.0115793203e-14
417.86 8.19108004407e-15
417.87 6.62683427572e-15
417.88 5.35666839673e-15
417.89 4.32620532223e-15
417.9 3.490946593e-15
417.91 2.81451128722e-15
417.92 2.26718258601e-15
417.93 1.82470941174e-15
417.94 1.46731933257e-15
417.95 1.17890627567e-15
417.96 9.46362737971e-16
417.97 7.59031320797e-16
417.98 6.08254701605e-16
417.99 4.87006731966e-16
418.0 3.89590328513e-16
418.01 3.11390301576e-16
418.02 2.48671325688e-16
418.03 1.98412966178e-16
418.04 1.58175094349e-16
418.05 1.25988198849e-16
418.06 1.00264073439e-16
418.07 7.97231655516e-17
418.08 6.33355341177e-17
418.09 5.02729132118e-17
418.1 3.98698296424e-17
418.11 3.15920945181e-17
418.12 2.50112946564e-17
418.13 1.97841610065e-17
418.14 1.5635897519e-17
418.15 1.23467230168e-17
418.16 9.74101715082e-18
418.17 7.67857486798e-18
418.18 6.04756647328e-18
418.19 4.75887602308e-18
418.2 3.74155249995e-18
418.21 2.9391585113e-18
418.22 2.30684219291e-18
418.23 1.80899129221e-18
418.24 1.41735545322e-18
418.25 1.10954467668e-18
418.26 8.67829725455e-19
418.27 6.78184659657e-19
418.28 5.29523348745e-19
418.29 4.13091234606e-19
418.3 3.21981231739e-19
418.31 2.50748790942e-19
418.32 1.95106101107e-19
418.33 1.51679387232e-19
418.34 1.17816466437e-19
418.35 9.14342976866e-20
418.36 7.08983268231e-20
418.37 5.49270849799e-20
418.38 4.25168253406e-20
418.39 3.28820449926e-20
418.4 2.54085874598e-20
418.41 1.96166994031e-20
418.42 1.5131955831e-20
418.43 1.16623992565e-20
418.44 8.98058148852e-21
418.45 6.90946980398e-21
418.46 5.31139622974e-21
418.47 4.07940093621e-21
418.48 3.13045736986e-21
418.49 2.40017500781e-21
418.5 1.83866130799e-21
418.51 1.40729218955e-21
418.52 1.07619391005e-21
418.53 8.2228145454e-22
418.54 6.27731862576e-22
418.55 4.78797157619e-22
418.56 3.64882190435e-22
418.57 2.77828939824e-22
418.58 2.11361561861e-22
418.59 1.60656480943e-22
418.6 1.22009656007e-22
418.61 9.25792947347e-23
418.62 7.01870914869e-23
418.63 5.31648185795e-23
418.64 4.02360314632e-23
418.65 3.04249346756e-23
418.66 2.29862371123e-23
418.67 1.73512122631e-23
418.68 1.30862579174e-23
418.69 9.86108814771e-24
418.7 7.42434113724e-24
418.71 5.58489110038e-24
418.72 4.19754356404e-24
418.73 3.15209593968e-24
418.74 2.36497936332e-24
418.75 1.77287859223e-24
418.76 1.32786629922e-24
418.77 9.93695708512e-25
418.78 7.42978407026e-25
418.79 5.55037955296e-25
418.8 4.14278967841e-25
418.81 3.08949005095e-25
418.82 2.30199528072e-25
418.83 1.71374329811e-25
418.84 1.27470832567e-25
418.85 9.47326285492e-26
418.86 7.03415713667e-26
418.87 5.21853086344e-26
418.88 3.86819321929e-26
418.89 2.86478328989e-26
418.9 2.11982057349e-26
418.91 1.56722064253e-26
418.92 1.1576703125e-26
418.93 8.54404174962e-27
418.94 6.30036252824e-27
418.95 4.64185350707e-27
418.96 3.41696895805e-27
418.97 2.51312649583e-27
418.98 1.84676390206e-27
418.99 1.35591391454e-27
419.0 9.94664391264e-28
419.01 7.29028885365e-28
419.02 5.33871348736e-28
419.03 3.90617957473e-28
419.04 2.85556143351e-28
419.05 2.08571288176e-28
419.06 1.52209322027e-28
419.07 1.10981781552e-28
419.08 8.08510836617e-29
419.09 5.88496264936e-29
419.1 4.27981788135e-29
419.11 3.10978654035e-29
419.12 2.2576654282e-29
419.13 1.63761684997e-29
419.14 1.186830576e-29
419.15 8.5938717263e-30
419.16 6.21745599515e-30
419.17 4.49428165303e-30
419.18 3.2458733036e-30
419.19 2.34221390344e-30
419.2 1.68867182667e-30
419.21 1.21643154371e-30
419.22 8.75495265061e-31
419.23 6.29569445196e-31
419.24 4.52331877845e-31
419.25 3.24709100932e-31
419.26 2.32892465951e-31
419.27 1.66893771895e-31
419.28 1.1949466974e-31
419.29 8.54831759284e-32
419.3 6.10993341228e-32
419.31 4.36330948294e-32
419.32 3.11328780979e-32
419.33 2.2194544525e-32
419.34 1.5808727561e-32
419.35 1.12504865778e-32
419.36 7.99962095054e-33
419.37 5.6831775589e-33
419.38 4.03400798131e-33
419.39 2.86092184524e-33
419.4 2.02721096762e-33
419.41 1.43521053282e-33
419.42 1.01521024367e-33
419.43 7.17496987564e-34
419.44 5.06649811376e-34
419.45 3.57453374308e-34
419.46 2.51973361264e-34
419.47 1.77465350111e-34
419.48 1.24880958532e-34
419.49 8.78016321973e-35
419.5 6.16783387207e-35
419.51 4.32898876304e-35
419.52 3.0357357273e-35
419.53 2.12698867565e-35
419.54 1.4889842571e-35
419.55 1.0414507735e-35
419.56 7.27798406256e-36
419.57 5.0816782753e-36
419.58 3.54508738189e-36
419.59 2.47098685645e-36
419.6 1.72082869247e-36
419.61 1.19737050139e-36
419.62 8.32421297262e-37
419.63 5.78204575275e-37
419.64 4.01276361806e-37
419.65 2.7824626489e-37
419.66 1.92769722239e-37
419.67 1.33435692087e-37
419.68 9.2284532382e-38
419.69 6.37689890245e-38
419.7 4.40264694679e-38
419.71 3.03697978564e-38
419.72 2.09311772141e-38
419.73 1.44134889876e-38
419.74 9.91672566374e-39
419.75 6.8169669748e-39
419.76 4.68206882606e-39
419.77 3.21298064578e-39
419.78 2.20293730768e-39
419.79 1.5091064626e-39
419.8 1.03290726584e-39
419.81 7.06360651436e-40
419.82 4.82631181316e-40
419.83 3.29479173523e-40
419.84 2.24731666036e-40
419.85 1.53152569467e-40
419.86 1.04281679238e-40
419.87 7.0943964968e-41
419.88 4.8222154539e-41
419.89 3.27492588987e-41
419.9 2.22218419849e-41
419.91 1.50654582457e-41
419.92 1.02048905154e-41
419.93 6.90650078872e-42
419.94 4.67015714526e-42
419.95 3.15521265669e-42
419.96 2.12985230842e-42
419.97 1.43646171331e-42
419.98 9.6797097189e-43
419.99 6.51709909564e-43
420.0 4.38399477933e-43
420.01 2.94652034677e-43
420.02 1.97866637259e-43
420.03 1.32757606576e-43
420.04 8.89958935193e-44
420.05 5.96079565551e-44
420.06 3.98898324818e-44
420.07 2.66712827574e-44
420.08 1.78176041984e-44
420.09 1.18926441287e-44
420.1 7.93106030387e-45
420.11 5.28454734557e-45
420.12 3.51809892256e-45
420.13 2.34008704891e-45
420.14 1.55517652371e-45
420.15 1.03264508637e-45
420.16 6.85087725643e-46
420.17 4.5411411676e-46
420.18 3.00751312594e-46
420.19 1.99009483538e-46
420.2 1.31572075733e-46
420.21 8.69115294391e-47
420.22 5.73607434107e-47
420.23 3.78247322522e-47
420.24 2.49207246236e-47
420.25 1.64047336101e-47
420.26 1.07895022813e-47
420.27 7.09018149494e-48
420.28 4.65518565786e-48
420.29 3.05379846473e-48
420.3 2.00155464401e-48
420.31 1.31074509877e-48
420.32 8.57615746114e-49
420.33 5.60648884626e-49
420.34 3.66195405651e-49
420.35 2.38978335852e-49
420.36 1.55821681412e-49
420.37 1.0151283405e-49
420.38 6.60750851453e-50
420.39 4.29712733109e-50
420.4 2.79217366454e-50
420.41 1.81271839917e-50
420.42 1.17582305586e-50
420.43 7.62039201065e-51
420.44 4.9344228923e-51
420.45 3.19241345979e-51
420.46 2.06360044117e-51
420.47 1.33277182589e-51
420.48 8.60022289703e-52
420.49 5.54481835666e-52
420.5 3.57181249734e-52
420.51 2.29886619428e-52
420.52 1.47829956031e-52
420.53 9.4980601178e-53
420.54 6.09720915427e-53
420.55 3.91066833079e-53
420.56 2.50607802482e-53
420.57 1.60458195813e-53
420.58 1.02648577097e-53
420.59 6.56096430567e-54
420.6 4.1899238405e-54
420.61 2.67342678775e-54
420.62 1.70433190602e-54
420.63 1.08558482973e-54
420.64 6.90871169514e-55
420.65 4.39292800894e-55
420.66 2.79083920419e-55
420.67 1.77149224934e-55
420.68 1.12348534177e-55
420.69 7.11900465598e-56
420.7 4.50707573621e-56
420.71 2.85097984733e-56
420.72 1.80184384849e-56
420.73 1.13779459906e-56
420.74 7.1785097883e-57
420.75 4.52510268095e-57
420.76 2.85000939998e-57
420.77 1.7934441589e-57
420.78 1.1275949909e-57
420.79 7.08340590986e-58
420.8 4.44585028348e-58
420.81 2.7879902461e-58
420.82 1.74683296518e-58
420.83 1.09354137766e-58
420.84 6.83979010638e-59
420.85 4.27438897727e-59
420.86 2.66887983471e-59
420.87 1.66497498082e-59
420.88 1.03779151584e-59
420.89 6.46303090293e-60
420.9 4.0214813743e-60
420.91 2.50011279757e-60
420.92 1.55294779803e-60
420.93 9.63779809429e-61
420.94 5.97616394414e-61
420.95 3.70246442734e-61
420.96 2.29183315925e-61
420.97 1.41742084496e-61
420.98 8.75867364408e-62
420.99 5.40756297829e-62
421.0 3.33571194561e-62
421.01 2.05588684137e-62
421.02 1.26599965115e-62
421.03 7.78917888093e-63
421.04 4.78821322491e-63
421.05 2.94089147535e-63
421.06 1.80471333631e-63
421.07 1.10652484415e-63
421.08 6.77856591518e-64
421.09 4.14894989612e-64
421.1 2.53724420574e-64
421.11 1.55027970303e-64
421.12 9.46414891823e-65
421.13 5.77267067304e-65
421.14 3.51799899627e-65
421.15 2.14209315251e-65
421.16 1.30318090306e-65
421.17 7.92126921976e-66
421.18 4.81070308391e-66
421.19 2.91908031913e-66
421.2 1.76973096213e-66
421.21 1.07199353412e-66
421.22 6.48784992148e-67
421.23 3.92313395097e-67
421.24 2.37022290755e-67
421.25 1.4307671421e-67
421.26 8.62923779965e-68
421.27 5.19995552298e-68
421.28 3.13076545585e-68
421.29 1.88332447365e-68
421.3 1.13194018835e-68
421.31 6.79744216535e-69
421.32 4.07841368584e-69
421.33 2.44489798323e-69
421.34 1.46438044783e-69
421.35 8.76336323884e-70
421.36 5.23976027267e-70
421.37 3.13022628973e-70
421.38 1.86837378006e-70
421.39 1.1142316892e-70
421.4 6.63912675247e-71
421.41 3.95248405895e-71
421.42 2.35100204227e-71
421.43 1.39720328568e-71
421.44 8.29640419911e-72
421.45 4.92202618174e-72
421.46 2.91757244681e-72
421.47 1.7279178489e-72
421.48 1.02246451641e-72
421.49 6.04501123134e-73
421.5 3.5708342484e-73
421.51 2.10749223629e-73
421.52 1.24275634126e-73
421.53 7.32199966647e-74
421.54 4.31019713798e-74
421.55 2.53506019509e-74
421.56 1.48971479368e-74
421.57 8.74664897439e-75
421.58 5.13102318392e-75
421.59 3.007391507e-75
421.6 1.76116348878e-75
421.61 1.03046463201e-75
421.62 6.02407291406e-76
421.63 3.51860942614e-76
421.64 2.05340973338e-76
421.65 1.19730248335e-76
421.66 6.97518712107e-77
421.67 4.06005161526e-77
421.68 2.36119013068e-77
421.69 1.3719998892e-77
421.7 7.96527741111e-78
421.71 4.62031353508e-78
421.72 2.67772332946e-78
421.73 1.55054248127e-78
421.74 8.97067967023e-79
421.75 5.18550122245e-79
421.76 2.99488289585e-79
421.77 1.72819467481e-79
421.78 9.9638961442e-80
421.79 5.73970318144e-80
421.8 3.30349298397e-80
421.81 1.89968264812e-80
421.82 1.09147158883e-80
421.83 6.2656701411e-81
421.84 3.59373734012e-81
421.85 2.05943860364e-81
421.86 1.17916635445e-81
421.87 6.74566890282e-82
421.88 3.85565951708e-82
421.89 2.20189214754e-82
421.9 1.25636874061e-82
421.91 7.16245513206e-83
421.92 4.07972057786e-83
421.93 2.32178839538e-83
421.94 1.32019646594e-83
421.95 7.50029262872e-84
421.96 4.25737163833e-84
421.97 2.4145078951e-84
421.98 1.36816794005e-84
421.99 7.74593595207e-85
422.0 4.38159372891e-85
422.01 2.4763613866e-85
422.02 1.39836212741e-85
422.03 7.8894911877e-86
422.04 4.4473575879e-86
422.05 2.50483323676e-86
422.06 1.40954614138e-86
422.07 7.925076977e-87
422.08 4.4519614387e-87
422.09 2.49875117418e-87
422.1 1.40125876105e-87
422.11 7.85122427055e-88
422.12 4.39521513846e-88
422.13 2.45836636406e-88
422.14 1.37384198665e-88
422.15 7.67097693979e-89
422.16 4.2794532064e-89
422.17 2.38533620066e-89
422.18 1.32841762489e-89
422.19 7.3916836441e-90
422.2 4.10937548794e-90
422.21 2.28261146014e-90
422.22 1.26681113819e-90
422.23 7.0245007866e-91
422.24 3.89173060999e-91
422.25 2.15423852168e-91
422.26 1.19142996174e-91
422.27 6.58365340915e-92
422.28 3.63487193762e-92
422.29 2.0050951288e-92
422.3 1.10510759012e-92
422.31 6.08552224244e-93
422.32 3.34822672814e-93
422.33 1.84058371977e-93
422.34 1.01092748945e-93
422.35 5.5476384373e-94
422.36 3.0417253933e-94
422.37 1.6663091181e-94
422.38 9.12042026067e-95
422.39 4.98767151151e-95
422.4 2.72523870265e-95
422.41 1.4877671505e-95
422.42 8.11501067163e-96
422.43 4.42249079555e-96
422.44 2.40806659201e-96
422.45 1.310067763e-96
422.46 7.12102876307e-97
422.47 3.86736740337e-97
422.48 2.09851383781e-97
422.49 1.13771099394e-97
422.5 6.16276751603e-98
422.51 3.33536469325e-98
422.52 1.80357655894e-98
422.53 9.74427539553e-99
422.54 5.2600301027e-99
422.55 2.83694307872e-99
422.56 1.52875090469e-99
422.57 8.23088520223e-100
422.58 4.42771923901e-100
422.59 2.37978277654e-100
422.6 1.27796297607e-100
422.61 6.85682301086e-101
422.62 3.6757953122e-101
422.63 1.96880821165e-101
422.64 1.05360838226e-101
422.65 5.63350565551e-102
422.66 3.0095527836e-102
422.67 1.606382289e-102
422.68 8.56681842915e-103
422.69 4.5647177588e-103
422.7 2.43014400604e-103
422.71 1.29262872439e-103
422.72 6.86972429182e-104
422.73 3.64777905283e-104
422.74 1.93526951347e-104
422.75 1.02583638248e-104
422.76 5.43298433531e-105
422.77 2.87489852766e-105
422.78 1.51995349578e-105
422.79 8.02900619782e-106
422.8 4.23757110195e-106
422.81 2.23458004363e-106
422.82 1.17733090932e-106
422.83 6.19761920366e-107
422.84 3.2596798194e-107
422.85 1.71296587581e-107
422.86 8.99386142036e-108
422.87 4.71810263677e-108
422.88 2.47293265459e-108
422.89 1.29503321409e-108
422.9 6.77599750178e-109
422.91 3.54233214263e-109
422.92 1.85024412998e-109
422.93 9.65589429348e-110
422.94 5.0347705468e-110
422.95 2.62295340447e-110
422.96 1.36529085368e-110
422.97 7.10041116989e-111
422.98 3.68948312869e-111
422.99 1.9154519918e-111
423.0 9.9357516307e-112
423.01 5.14936758e-112
423.02 2.66643360835e-112
423.03 1.37953069265e-112
423.04 7.13108597703e-113
423.05 3.68301671928e-113
423.06 1.90053302504e-113
423.07 9.79875419492e-114
423.08 5.04765912373e-114
423.09 2.5979625503e-114
423.1 1.3359784927e-114
423.11 6.86419732174e-115
423.12 3.52373925646e-115
423.13 1.80734675029e-115
423.14 9.26196025148e-116
423.15 4.7422894242e-116
423.16 2.42603415588e-116
423.17 1.24002225256e-116
423.18 6.3326539877e-117
423.19 3.23121422371e-117
423.2 1.64728770609e-117
423.21 8.39067452474e-118
423.22 4.27019792745e-118
423.23 2.17131507839e-118
423.24 1.10311655835e-118
423.25 5.59942808791e-119
423.26 2.83981240422e-119
423.27 1.43899519811e-119
423.28 7.28538907388e-120
423.29 3.68527471947e-120
423.3 1.86256182895e-120
423.31 9.40535605754e-121
423.32 4.74529806283e-121
423.33 2.3920787032e-121
423.34 1.20478941965e-121
423.35 6.06276225072e-122
423.36 3.04827148334e-122
423.37 1.53130062997e-122
423.38 7.68583384702e-123
423.39 3.85429751096e-123
423.4 1.93118193397e-123
423.41 9.66773767967e-124
423.42 4.83559854664e-124
423.43 2.41656973075e-124
423.44 1.20662449322e-124
423.45 6.01961415504e-125
423.46 3.00046721141e-125
423.47 1.4942829056e-125
423.48 7.4353340275e-126
423.49 3.69650971287e-126
423.5 1.8361448216e-126
423.51 9.11267171752e-127
423.52 4.5186450795e-127
423.53 2.23869252256e-127
423.54 1.10816487191e-127
423.55 5.48072513489e-128
423.56 2.70829131941e-128
423.57 1.33713866078e-128
423.58 6.59600879886e-129
423.59 3.250945728e-129
423.6 1.60089159648e-129
423.61 7.87658280368e-130
423.62 3.87201894455e-130
423.63 1.90178236784e-130
423.64 9.33271217367e-131
423.65 4.57592228698e-131
423.66 2.24167743817e-131
423.67 1.09721393302e-131
423.68 5.36578441183e-132
423.69 2.62179564397e-132
423.7 1.2799357459e-132
423.71 6.24311322369e-133
423.72 3.04255170173e-133
423.73 1.48148901293e-133
423.74 7.20746622018e-134
423.75 3.5034063173e-134
423.76 1.70146145254e-134
423.77 8.25614729645e-135
423.78 4.00273153879e-135
423.79 1.9389169458e-135
423.8 9.38394950058e-136
423.81 4.53770052299e-136
423.82 2.19234910173e-136
423.83 1.05829636388e-136
423.84 5.10421088855e-137
423.85 2.45965178395e-137
423.86 1.18424717805e-137
423.87 5.69685022595e-138
423.88 2.73811041641e-138
423.89 1.31489424817e-138
423.9 6.3089110796e-139
423.91 3.02441720201e-139
423.92 1.44861409064e-139
423.93 6.9324608155e-140
423.94 3.31471240967e-140
423.95 1.58353620569e-140
423.96 7.55846929547e-141
423.97 3.60465264726e-141
423.98 1.71757892344e-141
423.99 8.17699430824e-142
424.0 3.88950560095e-142
424.01 1.84849729543e-142
424.02 8.7774214227e-143
424.03 4.16426916876e-143
424.04 1.97394182549e-143
424.05 9.34875153666e-144
424.06 4.4238113487e-144
424.07 2.09152611558e-144
424.08 9.87992613102e-145
424.09 4.66302577284e-145
424.1 2.19890084745e-145
424.11 1.03601773515e-145
424.12 4.87699652118e-146
424.13 2.29383098109e-146
424.14 1.07793877644e-146
424.15 5.06116490988e-147
424.16 2.37427267412e-147
424.17 1.11284431755e-147
424.18 5.21149041553e-148
424.19 2.43844624864e-148
424.2 1.13995614137e-148
424.21 5.32459783214e-149
424.22 2.48490157811e-149
424.23 1.15865805522e-149
424.24 5.39790318803e-150
424.25 2.51257254306e-150
424.26 1.1685191671e-150
424.27 5.42971186637e-151
424.28 2.52081770124e-151
424.29 1.16931038883e-151
424.3 5.41928372727e-152
424.31 2.50944500564e-152
424.32 1.16101328312e-152
424.33 5.36686173673e-153
424.34 2.47871924056e-153
424.35 1.14382077782e-153
424.36 5.27366255629e-154
424.37 2.42935177341e-154
424.38 1.11812970851e-154
424.39 5.14182960218e-155
424.4 2.36247317638e-155
424.41 1.084525592e-155
424.42 4.97435110308e-156
424.43 2.27959018908e-156
424.44 1.04376044657e-156
424.45 4.77494753042e-157
424.46 2.18252930994e-157
424.47 9.96724831985e-158
424.48 4.54793432156e-158
424.49 2.07336996385e-158
424.5 9.44415560002e-159
424.51 4.29806696229e-159
424.52 1.95437065655e-159
424.53 8.8790070731e-160
424.54 4.03037617608e-160
424.55 1.82789176626e-160
424.56 8.28283638555e-161
424.57 3.75000115258e-161
424.58 1.69631863192e-161
424.59 7.66667716277e-162
424.6 3.46202844596e-162
424.61 1.56198838655e-162
424.62 7.04123244792e-163
424.63 3.17134343162e-163
424.64 1.42712357814e-163
424.65 6.41657980345e-164
424.66 2.8825001005e-164
424.67 1.29377505914e-164
424.68 5.80192260035e-165
424.69 2.59961359504e-165
424.7 1.16377595698e-165
424.71 5.2053948048e-166
424.72 2.32627835856e-166
424.73 1.03870781487e-166
424.74 4.63392318411e-167
424.75 2.06551319617e-167
424.76 9.1987926624e-168
424.77 4.09314753496e-168
424.78 1.81973303817e-168
424.79 8.08316927386e-169
424.8 3.58739649825e-169
424.81 1.59074584881e-169
424.82 7.04767599307e-170
424.83 3.11971393992e-170
424.84 1.37977200715e-170
424.85 6.09710393653e-171
424.86 2.69192886705e-171
424.87 1.18748265118e-171
424.88 5.23377055633e-172
424.89 2.30476047979e-172
424.9 1.01405294264e-172
424.91 4.45778556332e-173
424.92 1.95794924531e-173
424.93 8.59225976699e-174
424.94 3.76735963022e-174
424.95 1.65040478263e-174
424.96 7.22383104286e-175
424.97 3.15913655275e-175
424.98 1.38036179268e-175
424.99 6.02616714957e-176
425.0 2.62853116135e-176
425.01 1.14553614969e-176
425.02 4.9880199303e-177
425.03 2.17005766197e-177
425.04 9.43274469894e-178
425.05 4.09664752644e-178
425.06 1.77763597365e-178
425.07 7.70691863971e-179
425.08 3.33843120072e-179
425.09 1.44486675824e-179
425.1 6.24794043925e-180
425.11 2.69941511101e-180
425.12 1.16526896811e-180
425.13 5.0258138629e-181
425.14 2.16576001478e-181
425.15 9.32476670792e-182
425.16 4.01133868269e-182
425.17 1.72410773589e-182
425.18 7.403944965e-183
425.19 3.17676929056e-183
425.2 1.36185817519e-183
425.21 5.83313195694e-184
425.22 2.49629227382e-184
425.23 1.06736455456e-184
425.24 4.55988440158e-185
425.25 1.94633952395e-185
425.26 8.3005540776e-186
425.27 3.53687146545e-186
425.28 1.5057580156e-186
425.29 6.40493612072e-187
425.3 2.72206276039e-187
425.31 1.1558598495e-187
425.32 4.90383596679e-188
425.33 2.07869323945e-188
425.34 8.80376791356e-189
425.35 3.72537914555e-189
425.36 1.57505631244e-189
425.37 6.65342712769e-190
425.38 2.80813793298e-190
425.39 1.1841730695e-190
425.4 4.98925425804e-191
425.41 2.1002926167e-191
425.42 8.83380253712e-192
425.43 3.71226765393e-192
425.44 1.55867147594e-192
425.45 6.53873304392e-193
425.46 2.74066742814e-193
425.47 1.14773805732e-193
425.48 4.80234038339e-194
425.49 2.00764447556e-194
425.5 8.38579786305e-195
425.51 3.49965863053e-195
425.52 1.45925332092e-195
425.53 6.07938166611e-196
425.54 2.53053204341e-196
425.55 1.05241731593e-196
425.56 4.37308422362e-197
425.57 1.8155633651e-197
425.58 7.53110482349e-198
425.59 3.12125813018e-198
425.6 1.29248167177e-198
425.61 5.3474017318e-199
425.62 2.21047162301e-199
425.63 9.12957978096e-200
425.64 3.76738795397e-200
425.65 1.55329381864e-200
425.66 6.39868300745e-201
425.67 2.63360895224e-201
425.68 1.08301805416e-201
425.69 4.44983405763e-202
425.7 1.82673540995e-202
425.71 7.4925765983e-203
425.72 3.07050951995e-203
425.73 1.25722618407e-203
425.74 5.14327918513e-204
425.75 2.10227968378e-204
425.76 8.58548037962e-205
425.77 3.50317973e-205
425.78 1.42818330175e-205
425.79 5.81740359883e-206
425.8 2.36754450713e-206
425.81 9.62699666211e-207
425.82 3.91117459209e-207
425.83 1.5876226904e-207
425.84 6.43889145592e-208
425.85 2.6091474519e-208
425.86 1.05635490942e-208
425.87 4.27311714903e-209
425.88 1.72704421413e-209
425.89 6.97406234394e-210
425.9 2.81379145991e-210
425.91 1.1342837269e-210
425.92 4.56851661051e-211
425.93 1.83845255965e-211
425.94 7.39185364378e-212
425.95 2.96946358438e-212
425.96 1.19186306241e-212
425.97 4.77967568976e-213
425.98 1.9151121507e-213
425.99 7.66679244239e-214
426.0 3.06659845771e-214
426.01 1.22552967653e-214
426.02 4.89344221367e-215
426.03 1.95222022834e-215
426.04 7.78156349252e-216
426.05 3.09905036783e-216
426.06 1.2331449156e-216
426.07 4.90256444226e-217
426.08 1.94740471825e-217
426.09 7.72881367092e-218
426.1 3.06473670125e-218
426.11 1.214219529e-218
426.12 4.80645599485e-219
426.13 1.90097515102e-219
426.14 7.51193154908e-220
426.15 2.96585910867e-220
426.16 1.16996568261e-220
426.17 4.61125822271e-221
426.18 1.8158897391e-221
426.19 7.14468718794e-222
426.2 2.80866974468e-222
426.21 1.10316848228e-222
426.22 4.32919080588e-223
426.23 1.69744347798e-223
426.24 6.64978538152e-224
426.25 2.60281708247e-224
426.26 1.01789593586e-224
426.27 3.97728603077e-225
426.28 1.55272298477e-225
426.29 6.05654364721e-226
426.3 2.36036645207e-226
426.31 9.19089337662e-227
426.32 3.57568897076e-227
426.33 1.38990607915e-227
426.34 5.39802493646e-228
426.35 2.09463343236e-228
426.36 8.12091356413e-229
426.37 3.14575907105e-229
426.38 1.21750215797e-229
426.39 4.70801387641e-230
426.4 1.81898635514e-230
426.41 7.02174188223e-231
426.42 2.70822032381e-231
426.43 1.04363067945e-231
426.44 4.01821707294e-232
426.45 1.54576569273e-232
426.46 5.94124752357e-233
426.47 2.28157810693e-233
426.48 8.75420571725e-234
426.49 3.35599934662e-234
426.5 1.28543671362e-234
426.51 4.91929927327e-235
426.52 1.88095974629e-235
426.53 7.18587190313e-236
426.54 2.74285691905e-236
426.55 1.04604543348e-236
426.56 3.98585646333e-237
426.57 1.5174572842e-237
426.58 5.772115422e-238
426.59 2.19370008228e-238
426.6 8.3299656152e-239
426.61 3.16033323533e-239
426.62 1.19797087758e-239
426.63 4.53715227549e-240
426.64 1.71689668645e-240
426.65 6.49125517983e-241
426.66 2.45209286907e-241
426.67 9.25483880903e-242
426.68 3.48999268185e-242
426.69 1.31493379116e-242
426.7 4.95002016623e-243
426.71 1.86180315951e-243
426.72 6.99655528571e-244
426.73 2.62699042564e-244
426.74 9.8549953161e-245
426.75 3.69383989e-245
426.76 1.38332244693e-245
426.77 5.17597886103e-246
426.78 1.93501918949e-246
426.79 7.22772751025e-247
426.8 2.69737903887e-247
426.81 1.00578672237e-247
426.82 3.74708487505e-248
426.83 1.39477731467e-248
426.84 5.18728288372e-249
426.85 1.92751915363e-249
426.86 7.15617882572e-250
426.87 2.65452842045e-250
426.88 9.83823714482e-251
426.89 3.64309844114e-251
426.9 1.34787071924e-251
426.91 4.98252267448e-252
426.92 1.84023819783e-252
426.93 6.79082456453e-253
426.94 2.50377150979e-253
426.95 9.22339032995e-254
426.96 3.39476874889e-254
426.97 1.24839929698e-254
426.98 4.58691347381e-255
426.99 1.68388059702e-255
427.0 6.17626256005e-256
427.01 2.26341359429e-256
427.02 8.28754314534e-257
427.03 3.0318757352e-257
427.04 1.10820652955e-257
427.05 4.04719122345e-258
427.06 1.47676182475e-258
427.07 5.38382459287e-259
427.08 1.96107886579e-259
427.09 7.13711885789e-260
427.1 2.59522198605e-260
427.11 9.42865634144e-261
427.12 3.42254221958e-261
427.13 1.24128507673e-261
427.14 4.49798462511e-262
427.15 1.62850130746e-262
427.16 5.89090432093e-263
427.17 2.12911705608e-263
427.18 7.68848588729e-264
427.19 2.77399591069e-264
427.2 9.99987391163e-265
427.21 3.60169509171e-265
427.22 1.29611362649e-265
427.23 4.66018246645e-266
427.24 1.67411959256e-266
427.25 6.00888301684e-267
427.26 2.15488814356e-267
427.27 7.72110443381e-268
427.28 2.76412598825e-268
427.29 9.88689573588e-269
427.3 3.53334290311e-269
427.31 1.26163965753e-269
427.32 4.50099561068e-270
427.33 1.60437379374e-270
427.34 5.71381588453e-271
427.35 2.03315569419e-271
427.36 7.22834286965e-272
427.37 2.56761890588e-272
427.38 9.11267952824e-273
427.39 3.2313599839e-273
427.4 1.14484923987e-273
427.41 4.05261147902e-274
427.42 1.43332723423e-274
427.43 5.06499997993e-275
427.44 1.78828714889e-275
427.45 6.30839350228e-276
427.46 2.22343280158e-276
427.47 7.82984119038e-277
427.48 2.75489855456e-277
427.49 9.68460654339e-278
427.5 3.40159076666e-278
427.51 1.19372931493e-278
427.52 4.18555802338e-279
427.53 1.46630591671e-279
427.54 5.13238845855e-280
427.55 1.79489135113e-280
427.56 6.27163135309e-281
427.57 2.18950828442e-281
427.58 7.63723889151e-282
427.59 2.66164340785e-282
427.6 9.26802247736e-283
427.61 3.22439321506e-283
427.62 1.12081163677e-283
427.63 3.89261074012e-284
427.64 1.35074396028e-284
427.65 4.68305010643e-285
427.66 1.62221453108e-285
427.67 5.6145051244e-286
427.68 1.94150445005e-286
427.69 6.70793754764e-287
427.7 2.3155989467e-287
427.71 7.98658997389e-288
427.72 2.75221999947e-288
427.73 9.47607777817e-289
427.74 3.2598513717e-289
427.75 1.12044539181e-289
427.76 3.84775403762e-290
427.77 1.3202239984e-290
427.78 4.52596984109e-291
427.79 1.55024165075e-291
427.8 5.30531113796e-292
427.81 1.81403653329e-292
427.82 6.1973341326e-293
427.83 2.11537568137e-293
427.84 7.21429363935e-294
427.85 2.4582374777e-294
427.86 8.369077092e-295
427.87 2.84678726104e-295
427.88 9.67511579766e-296
427.89 3.2853454513e-296
427.9 1.11462716928e-296
427.91 3.77834769271e-297
427.92 1.27966982167e-297
427.93 4.3302966452e-298
427.94 1.46406743714e-298
427.95 4.94570521316e-299
427.96 1.66924115918e-299
427.97 5.62903119145e-300
427.98 1.89658336964e-300
427.99 6.3846035274e-301
428.0 2.14743309266e-301
428.01 7.21654064313e-302
428.02 2.42304898941e-302
428.03 8.12866152945e-303
428.04 2.72458021272e-303
428.05 9.12439060551e-304
428.06 3.05303548207e-304
428.07 1.02066576298e-304
428.08 3.40925083154e-305
428.09 1.13777942403e-305
428.1 3.79385657506e-306
428.11 1.26394289824e-306
428.12 4.20724411924e-307
428.13 1.39923829485e-307
428.14 4.64953333304e-308
428.15 1.54365683802e-308
428.16 5.12054125028e-309
428.17 1.69708927789e-309
428.18 5.61975293299e-310
428.19 1.85931712012e-310
428.2 6.14629535716e-311
428.21 2.03000494938e-311
428.22 6.6989151943e-312
428.23 2.20869412196e-312
428.24 7.27596135041e-313
428.25 2.39479809503e-313
428.26 7.8753730853e-314
428.27 2.58759964349e-314
428.28 8.49467447079e-315
428.29 2.78625019131e-315
428.3 9.13097586514e-316
428.31 2.98977145813e-316
428.32 9.78098300612e-317
428.33 3.19705926899e-317
428.34 1.04410151837e-317
428.35 3.40689388943e-318
428.36 1.11070403776e-318
428.37 3.61794391137e-319
428.38 1.17745724717e-319
428.39 3.82851468962e-320
428.4 1.24405729623e-320
428.41 4.03651632652e-321
428.42 1.30927396148e-321
428.43 4.24896455423e-322
428.44 1.38338380836e-322
428.45 4.44659081257e-323
428.46 1.48219693752e-323
428.47 4.94065645841e-324
428.48 0.0
428.49 0.0
428.5 0.0
428.51 0.0
428.52 0.0
428.53 0.0
428.54 0.0
428.55 0.0
428.56 0.0
428.57 0.0
428.58 0.0
428.59 0.0
428.6 0.0
428.61 0.0
428.62 0.0
428.63 0.0
428.64 0.0
428.65 0.0
428.66 0.0
428.67 0.0
428.68 0.0
428.69 0.0
428.7 0.0
428.71 0.0
428.72 0.0
428.73 0.0
428.74 0.0
428.75 0.0
428.76 0.0
428.77 0.0
428.78 0.0
428.79 0.0
428.8 0.0
428.81 0.0
428.82 0.0
428.83 0.0
428.84 0.0
428.85 0.0
428.86 0.0
428.87 0.0
428.88 0.0
428.89 0.0
428.9 0.0
428.91 0.0
428.92 0.0
428.93 0.0
428.94 0.0
428.95 0.0
428.96 0.0
428.97 0.0
428.98 0.0
428.99 0.0
429.0 0.0
429.01 0.0
429.02 0.0
429.03 0.0
429.04 0.0
429.05 0.0
429.06 0.0
429.07 0.0
429.08 0.0
429.09 0.0
429.1 0.0
429.11 0.0
429.12 0.0
429.13 0.0
429.14 0.0
429.15 0.0
429.16 0.0
429.17 0.0
429.18 0.0
429.19 0.0
429.2 0.0
429.21 0.0
429.22 0.0
429.23 0.0
429.24 0.0
429.25 0.0
429.26 0.0
429.27 0.0
429.28 0.0
429.29 0.0
429.3 0.0
429.31 0.0
429.32 0.0
429.33 0.0
429.34 0.0
429.35 0.0
429.36 0.0
429.37 0.0
429.38 0.0
429.39 0.0
429.4 0.0
429.41 0.0
429.42 0.0
429.43 0.0
429.44 0.0
429.45 0.0
429.46 0.0
429.47 0.0
429.48 0.0
429.49 0.0
429.5 0.0
429.51 0.0
429.52 0.0
429.53 0.0
429.54 0.0
429.55 0.0
429.56 0.0
429.57 0.0
429.58 0.0
429.59 0.0
429.6 0.0
429.61 0.0
429.62 0.0
429.63 0.0
429.64 0.0
429.65 0.0
429.66 0.0
429.67 0.0
429.68 0.0
429.69 0.0
429.7 0.0
429.71 0.0
429.72 0.0
429.73 0.0
429.74 0.0
429.75 0.0
429.76 0.0
429.77 0.0
429.78 0.0
429.79 0.0
429.8 0.0
429.81 0.0
429.82 0.0
429.83 0.0
429.84 0.0
429.85 0.0
429.86 0.0
429.87 0.0
429.88 0.0
429.89 0.0
429.9 0.0
429.91 0.0
429.92 0.0
429.93 0.0
429.94 0.0
429.95 0.0
429.96 0.0
429.97 0.0
429.98 0.0
429.99 0.0
