400.0 1.70314884836e-72
400.01 2.87612160979e-72
400.02 4.85272406991e-72
400.03 8.18064718176e-72
400.04 1.37788648418e-71
400.05 2.31879806942e-71
400.06 3.89884645987e-71
400.07 6.54987553938e-71
400.08 1.09939479151e-70
400.09 1.8437329413e-70
400.1 3.0893425613e-70
400.11 5.17199185984e-70
400.12 8.65113940268e-70
400.13 1.44581424795e-69
400.14 2.41421199165e-69
400.15 4.02774546956e-69
400.16 6.71386099629e-69
400.17 1.11816626486e-68
400.18 1.86064764668e-68
400.19 3.09346782327e-68
400.2 5.13867061515e-68
400.21 8.52863779655e-68
400.22 1.4142698184e-67
400.23 2.34319584397e-67
400.24 3.87890029085e-67
400.25 6.41552728091e-67
400.26 1.06018049204e-66
400.27 1.75045509358e-66
400.28 2.88765863277e-66
400.29 4.7595340872e-66
400.3 7.8380268011e-66
400.31 1.28965266312e-65
400.32 2.12012997827e-65
400.33 3.48237813292e-65
400.34 5.71495848248e-65
400.35 9.37074122418e-65
400.36 1.53517723807e-64
400.37 2.51285143348e-64
400.38 4.10959302269e-64
400.39 6.71513163641e-64
400.4 1.09631147088e-63
400.41 1.78828650161e-63
400.42 2.91449927151e-63
400.43 4.74585555954e-63
400.44 7.72127097293e-63
400.45 1.25512443391e-62
400.46 2.03848953813e-62
400.47 3.30791165415e-62
400.48 5.36318811082e-62
400.49 8.68792113822e-62
400.5 1.40615249839e-61
400.51 2.27390694485e-61
400.52 3.67397896796e-61
400.53 5.93095127382e-61
400.54 9.5661185539e-61
400.55 1.54159706244e-60
400.56 2.4821595952e-60
400.57 3.99311890085e-60
400.58 6.41827756842e-60
400.59 1.03073841013e-59
400.6 1.65387292657e-59
400.61 2.65142610744e-59
400.62 4.24698406096e-59
400.63 6.79681495617e-59
400.64 1.08681087181e-58
400.65 1.73630579413e-58
400.66 2.77154648664e-58
400.67 4.42019910862e-58
400.68 7.04344634295e-58
400.69 1.12137869531e-57
400.7 1.78378744832e-57
400.71 2.83502973959e-57
400.72 4.5019000313e-57
400.73 7.14262397561e-57
400.74 1.13225289583e-56
400.75 1.79329940947e-56
400.76 2.83782678397e-56
400.77 4.48686160072e-56
400.78 7.08799131309e-56
400.79 1.11873542933e-55
400.8 1.76423047571e-55
400.81 2.77975781776e-55
400.82 4.37605037977e-55
400.83 6.88305719942e-55
400.84 1.08169334197e-54
400.85 1.69844171144e-54
400.86 2.6645314453e-54
400.87 4.1765219224e-54
400.88 6.54082294511e-54
400.89 1.02346673986e-53
400.9 1.60006927809e-53
400.91 2.49935273197e-53
400.92 3.90067736421e-53
400.93 6.08241740983e-53
400.94 9.47624157528e-53
400.95 1.47509414442e-52
400.96 2.29417776875e-52
400.97 3.56498828873e-52
400.98 5.53493927487e-52
400.99 8.58600873539e-52
401.0 1.33074089687e-51
401.01 2.06072193793e-51
401.02 3.18837208068e-51
401.03 4.92881267985e-51
401.04 7.61271096525e-51
401.05 1.17478956863e-50
401.06 1.81135900568e-50
401.07 2.79044007348e-50
401.08 4.29501394513e-50
401.09 6.60511173605e-50
401.1 1.01489116507e-49
401.11 1.55805393464e-49
401.12 2.38984214406e-49
401.13 3.66251705801e-49
401.14 5.60807494951e-49
401.15 8.57969155023e-49
401.16 1.31145457608e-48
401.17 2.0028966651e-48
401.18 3.05624064094e-48
401.19 4.65951015039e-48
401.2 7.09768449504e-48
401.21 1.08023148394e-47
401.22 1.64263353173e-47
401.23 2.49567627039e-47
401.24 3.78843227422e-47
401.25 5.74585309877e-47
401.26 8.70709376994e-47
401.27 1.31830420459e-46
401.28 1.99425993995e-46
401.29 3.01419681112e-46
401.3 4.55182083314e-46
401.31 6.86787567645e-46
401.32 1.03534097721e-45
401.33 1.5594379316e-45
401.34 2.34680225547e-45
401.35 3.52865023538e-45
401.36 5.30108100707e-45
401.37 7.95690149377e-45
401.38 1.19329338947e-44
401.39 1.78802752666e-44
401.4 2.67685519571e-44
401.41 4.00404794761e-44
401.42 5.9840797487e-44
401.43 8.93550677404e-44
401.44 1.333106103e-43
401.45 1.98716512843e-43
401.46 2.95955837589e-43
401.47 4.4039621363e-43
401.48 6.54762735837e-43
401.49 9.72630861196e-43
401.5 1.44356335435e-42
401.51 2.14065837596e-42
401.52 3.17163055257e-42
401.53 4.69506418301e-42
401.54 6.94423144228e-42
401.55 1.02619655575e-41
401.56 1.51516744682e-41
401.57 2.23518987661e-41
401.58 3.29451830665e-41
401.59 4.8516910863e-41
401.6 7.13868254245e-41
401.61 1.04946198141e-40
401.62 1.54148414976e-40
401.63 2.2622215195e-40
401.64 3.31707207105e-40
401.65 4.85957622365e-40
401.66 7.11320953374e-40
401.67 1.04029501589e-39
401.68 1.52009645479e-39
401.69 2.21926665087e-39
401.7 3.23721497262e-39
401.71 4.71799315318e-39
401.72 6.87015894292e-39
401.73 9.99539532832e-39
401.74 1.452970775e-38
401.75 2.11026742442e-38
401.76 3.06225832042e-38
401.77 4.43986601457e-38
401.78 6.43163837321e-38
401.79 9.30887253509e-38
401.8 1.3461586992e-37
401.81 1.94499797276e-37
401.82 2.80779732829e-37
401.83 4.04982327871e-37
401.84 5.83619912132e-37
401.85 8.40326079052e-37
401.86 1.2088969874e-36
401.87 1.73761861815e-36
401.88 2.49541820887e-36
401.89 3.58060101765e-36
401.9 5.13324785391e-36
401.91 7.35279148669e-36
401.92 1.05229129746e-35
401.93 1.50467747546e-35
401.94 2.1496837488e-35
401.95 3.06852339876e-35
401.96 4.37630939302e-35
401.97 6.23606034149e-35
401.98 8.87843281015e-35
401.99 1.26294962545e-34
402.0 1.79497935128e-34
402.01 2.54892230693e-34
402.02 3.61640825243e-34
402.03 5.1265124648e-34
402.04 7.26089733702e-34
402.05 1.02750108067e-33
402.06 1.45277377297e-33
402.07 2.05228375271e-33
402.08 2.8966800987e-33
402.09 4.08495594041e-33
402.1 5.75569709526e-33
402.11 8.10274546388e-33
402.12 1.13969902042e-32
402.13 1.6016656666e-32
402.14 2.24893689709e-32
402.15 3.15505101493e-32
402.16 4.42241214977e-32
402.17 6.19349449116e-32
402.18 8.66634570531e-32
402.19 1.21160198295e-31
402.2 1.69241807171e-31
402.21 2.36199538789e-31
402.22 3.29362498823e-31
402.23 4.58873486519e-31
402.24 6.38756737127e-31
402.25 8.88386059409e-31
402.26 1.23450168956e-30
402.27 1.71397844072e-30
402.28 2.37762157815e-30
402.29 3.29536727631e-30
402.3 4.56340094987e-30
402.31 6.31389193788e-30
402.32 8.72829414051e-30
402.33 1.20555024218e-29
402.34 1.6636615075e-29
402.35 2.29386753346e-29
402.36 3.16006061634e-29
402.37 4.34956879835e-29
402.38 5.98164601221e-29
402.39 8.21899894319e-29
402.4 1.12834225796e-28
402.41 1.54769897382e-28
402.42 2.12107413663e-28
402.43 2.9043497537e-28
402.44 3.97343116231e-28
402.45 5.4313299257e-28
402.46 7.4177191935e-28
402.47 1.01218128928e-27
402.48 1.37997091694e-27
402.49 1.87977242715e-27
402.5 2.55837574371e-27
402.51 3.47894125325e-27
402.52 4.72665140628e-27
402.53 6.41628675833e-27
402.54 8.70237250147e-27
402.55 1.17927552589e-26
402.56 1.59667532716e-26
402.57 2.15993984313e-26
402.58 2.91937852869e-26
402.59 3.94241987832e-26
402.6 5.3193559778e-26
402.61 7.17098718167e-26
402.62 9.65878613623e-26
402.63 1.29983990744e-25
402.64 1.74775637682e-25
402.65 2.34798672274e-25
402.66 3.15162176227e-25
402.67 4.22664971555e-25
402.68 5.66346389236e-25
402.69 7.58213874727e-25
402.7 1.01420332809e-24
402.71 1.35544546161e-24
402.72 1.80993415956e-24
402.73 2.41472244074e-24
402.74 3.21881022392e-24
402.75 4.28693835543e-24
402.76 5.70456873712e-24
402.77 7.58441535825e-24
402.78 1.00750013489e-23
402.79 1.33718602601e-23
402.8 1.77321851948e-23
402.81 2.34939694618e-23
402.82 3.11009928849e-23
402.83 4.11354090609e-23
402.84 5.43602066963e-23
402.85 7.17744859755e-23
402.86 9.46853513217e-23
402.87 1.24801329375e-22
402.88 1.64353645097e-22
402.89 2.16253518362e-22
402.9 2.84295991332e-22
402.91 3.73423807323e-22
402.92 4.90068718061e-22
402.93 6.42592530758e-22
402.94 8.418565151e-22
402.95 1.10195584746e-21
402.96 1.44116605036e-21
402.97 1.8831614901e-21
402.98 2.45858268398e-21
402.99 3.20705040017e-21
403.0 4.1797515182e-21
403.01 5.44275588169e-21
403.02 7.08126683814e-21
403.03 9.20506323976e-21
403.04 1.19554604091e-20
403.05 1.55142057662e-20
403.06 2.01148362461e-20
403.07 2.60571652968e-20
403.08 3.37257446211e-20
403.09 4.36133692869e-20
403.1 5.63509760599e-20
403.11 7.2745638407e-20
403.12 9.38288057561e-20
403.13 1.20917491902e-19
403.14 1.55691816078e-19
403.15 2.00293175121e-19
403.16 2.57448419726e-19
403.17 3.30626775857e-19
403.18 4.2423796048e-19
403.19 5.43882071439e-19
403.2 6.9666448625e-19
403.21 8.91592309628e-19
403.22 1.14007301975e-18
403.23 1.45654106953e-18
403.24 1.85924453662e-18
403.25 2.37123177359e-18
403.26 3.02158774182e-18
403.27 3.84698175581e-18
403.28 4.89360325008e-18
403.29 6.21958056316e-18
403.3 7.89800040966e-18
403.31 1.00206736565e-17
403.32 1.27028274236e-17
403.33 1.60889458397e-17
403.34 2.03600337695e-17
403.35 2.5742641628e-17
403.36 3.2520067627e-17
403.37 4.10462496106e-17
403.38 5.17629758746e-17
403.39 6.52211876632e-17
403.4 8.21073210125e-17
403.41 1.03275849047e-16
403.42 1.29789445914e-16
403.43 1.62968510128e-16
403.44 2.04452170065e-16
403.45 2.56273362008e-16
403.46 3.20951138595e-16
403.47 4.01604053448e-16
403.48 5.02089300765e-16
403.49 6.27173296336e-16
403.5 7.82740604117e-16
403.51 9.7604958243e-16
403.52 1.21604489632e-15
403.53 1.51373917776e-15
403.54 1.88267868463e-15
403.55 2.33951089763e-15
403.56 2.90467570267e-15
403.57 3.60324625401e-15
403.58 4.46595094331e-15
403.59 5.53041427821e-15
403.6 6.84266210102e-15
403.61 8.45894568693e-15
403.62 1.0447950128e-14
403.63 1.28934653602e-14
403.64 1.58976136087e-14
403.65 1.95847453579e-14
403.66 2.41061377343e-14
403.67 2.96456550258e-14
403.68 3.64265616914e-14
403.69 4.47197144753e-14
403.7 5.48534031195e-14
403.71 6.7225159833e-14
403.72 8.23159174458e-14
403.73 1.00706966641e-13
403.74 1.23100245606e-13
403.75 1.50342593017e-13
403.76 1.83454709852e-13
403.77 2.23665710025e-13
403.78 2.72454297436e-13
403.79 3.3159779154e-13
403.8 4.03230439328e-13
403.81 4.89912703614e-13
403.82 5.94713511574e-13
403.83 7.21307790116e-13
403.84 8.74092013483e-13
403.85 1.05832095218e-12
403.86 1.28026935076e-12
403.87 1.54742288646e-12
403.88 1.86870348436e-12
403.89 2.25473490164e-12
403.9 2.71815546142e-12
403.91 3.27398593312e-12
403.92 3.9400618444e-12
403.93 4.73754099229e-12
403.94 5.69149862665e-12
403.95 6.83162473817e-12
403.96 8.1930401308e-12
403.97 9.8172505338e-12
403.98 1.17532609562e-11
403.99 1.40588758551e-11
404.0 1.68022145355e-11
404.01 2.00634755824e-11
404.02 2.39369891195e-11
404.03 2.85336013645e-11
404.04 3.39834423972e-11
404.05 4.0439135369e-11
404.06 4.80795136629e-11
404.07 5.71139218805e-11
404.08 6.77871871121e-11
404.09 8.03853588857e-11
404.1 9.52423296319e-11
404.11 1.12747462633e-10
404.12 1.33354371413e-10
404.13 1.57591013591e-10
404.14 1.86071283573e-10
404.15 2.19508312335e-10
404.16 2.58729709244e-10
404.17 3.04695010602e-10
404.18 3.58515632733e-10
404.19 4.21477664292e-10
404.2 4.95067873352e-10
404.21 5.81003350196e-10
404.22 6.81265256889e-10
404.23 7.9813721018e-10
404.24 9.34248885441e-10
404.25 1.09262549671e-09
404.26 1.27674388201e-09
404.27 1.49059600432e-09
404.28 1.73876076782e-09
404.29 2.02648514629e-09
404.3 2.35977572699e-09
404.31 2.74550188927e-09
404.32 3.19151196325e-09
404.33 3.70676385066e-09
404.34 4.30147173834e-09
404.35 4.98727069517e-09
404.36 5.77740111601e-09
404.37 6.6869151627e-09
404.38 7.73290755192e-09
404.39 8.93477325415e-09
404.4 1.03144948972e-08
404.41 1.18969629119e-08
404.42 1.3710331718e-08
404.43 1.5786415523e-08
404.44 1.81611276006e-08
404.45 2.08749672195e-08
404.46 2.39735587213e-08
404.47 2.75082475808e-08
404.48 3.153675864e-08
404.49 3.61239220723e-08
404.5 4.13424730184e-08
404.51 4.72739312252e-08
404.52 5.40095674285e-08
404.53 6.16514636304e-08
404.54 7.0313674843e-08
404.55 8.01235002955e-08
404.56 9.12228725279e-08
404.57 1.03769873214e-07
404.58 1.17940384979e-07
404.59 1.33929888881e-07
404.6 1.51955417623e-07
404.61 1.72257674913e-07
404.62 1.95103331778e-07
404.63 2.20787510895e-07
404.64 2.49636470327e-07
404.65 2.82010498234e-07
404.66 3.1830703033e-07
404.67 3.58964001943e-07
404.68 4.04463446586e-07
404.69 4.55335352856e-07
404.7 5.12161791399e-07
404.71 5.75581323345e-07
404.72 6.46293701332e-07
404.73 7.25064873683e-07
404.74 8.12732301699e-07
404.75 9.10210599245e-07
404.76 1.01849750283e-06
404.77 1.13868017933e-06
404.78 1.27194187702e-06
404.79 1.4195689244e-06
404.8 1.58295807913e-06
404.81 1.76362422785e-06
404.82 1.96320843527e-06
404.83 2.18348633846e-06
404.84 2.42637687988e-06
404.85 2.6939513694e-06
404.86 2.98844286257e-06
404.87 3.3122558391e-06
404.88 3.66797616146e-06
404.89 4.05838128976e-06
404.9 4.48645072492e-06
404.91 4.95537664729e-06
404.92 5.4685747136e-06
404.93 6.02969496987e-06
404.94 6.64263283271e-06
404.95 7.31154008628e-06
404.96 8.04083583652e-06
404.97 8.83521735844e-06
404.98 9.69967076671e-06
404.99 1.06394814337e-05
405.0 1.16602440736e-05
405.01 1.27678724041e-05
405.02 1.39686082939e-05
405.03 1.52690302951e-05
405.04 1.66760614567e-05
405.05 1.81969763094e-05
405.06 1.98394069056e-05
405.07 2.16113477963e-05
405.08 2.35211598186e-05
405.09 2.55775725696e-05
405.1 2.77896854319e-05
405.11 3.01669670199e-05
405.12 3.27192529117e-05
405.13 3.54567415295e-05
405.14 3.83899880328e-05
405.15 4.15298960909e-05
405.16 4.48877073994e-05
405.17 4.84749888128e-05
405.18 5.2303616967e-05
405.19 5.63857602717e-05
405.2 6.07338581608e-05
405.21 6.53605974946e-05
405.22 7.02788860207e-05
405.23 7.55018228093e-05
405.24 8.10426655909e-05
405.25 8.69147949409e-05
405.26 9.31316752687e-05
405.27 9.97068125872e-05
405.28 0.000106653709057
405.29 0.000113985814317
405.3 0.000121716473642
405.31 0.000129858872977
405.32 0.000138425980931
405.33 0.000147430487844
405.34 0.000156884742049
405.35 0.000166800683481
405.36 0.000177189774835
405.37 0.000188062930464
405.38 0.000199430443277
405.39 0.000211301909876
405.4 0.000223686154249
405.41 0.000236591150337
405.42 0.0002500239438
405.43 0.000263990573385
405.44 0.000278495992266
405.45 0.000293543989798
405.46 0.000309137114096
405.47 0.000325276595937
405.48 0.000341962274417
405.49 0.000359192524897
405.5 0.000376964189705
405.51 0.000395272512126
405.52 0.000414111074189
405.53 0.000433471738773
405.54 0.000453344596544
405.55 0.000473717918243
405.56 0.000494578112825
405.57 0.000515909691934
405.58 0.000537695241199
405.59 0.000559915398795
405.6 0.000582548841693
405.61 0.000605572280013
405.62 0.000628960459819
405.63 0.00065268617471
405.64 0.00067672028647
405.65 0.000701031755035
405.66 0.000725587677952
405.67 0.000750353339492
405.68 0.000775292269489
405.69 0.000800366311932
405.7 0.0008255357033
405.71 0.000850759160526
405.72 0.000875993978457
405.73 0.000901196136583
405.74 0.000926320414758
405.75 0.000951320517576
405.76 0.000976149206988
405.77 0.0010007584427
405.78 0.00102509952979
405.79 0.00104912327307
405.8 0.00107278013732
405.81 0.00109602041301
405.82 0.00111879438648
405.83 0.00114105251395
405.84 0.00116274559847
405.85 0.00118382496904
405.86 0.00120424266078
405.87 0.00122395159552
405.88 0.00124290576163
405.89 0.00126106039232
405.9 0.00127837214127
405.91 0.00129479925481
405.92 0.00131030173961
405.93 0.00132484152497
405.94 0.00133838261872
405.95 0.00135089125606
405.96 0.00136233604017
405.97 0.00137268807411
405.98 0.00138192108301
405.99 0.00139001152595
406.0 0.00139693869686
406.01 0.00140268481387
406.02 0.00140723509652
406.03 0.0014105778305
406.04 0.00141270441943
406.05 0.00141360942353
406.06 0.0014132905848
406.07 0.00141174883874
406.08 0.00140898831249
406.09 0.00140501630946
406.1 0.00139984328059
406.11 0.00139348278244
406.12 0.00138595142243
406.13 0.00137726879159
406.14 0.00136745738538
406.15 0.00135654251294
406.16 0.0013445521956
406.17 0.00133151705516
406.18 0.00131747019286
406.19 0.00130244705962
406.2 0.00128648531872
406.21 0.00126962470157
406.22 0.00125190685769
406.23 0.00123337519985
406.24 0.00121407474537
406.25 0.00119405195474
406.26 0.00117335456854
406.27 0.00115203144378
406.28 0.0011301323908
406.29 0.00110770801177
406.3 0.00108480954194
406.31 0.00106148869471
406.32 0.00103779751158
406.33 0.00101378821801
406.34 0.00098951308631
406.35 0.000965024306428
406.36 0.000940373865717
406.37 0.000915613438513
406.38 0.000890794286477
406.39 0.0008659671705
406.4 0.000841182274994
406.41 0.000816489145302
406.42 0.000791936638936
406.43 0.000767572891284
406.44 0.00074344529639
406.45 0.000719600503346
406.46 0.000696084428792
406.47 0.000672942285959
406.48 0.00065021863065
406.49 0.000627957424479
406.5 0.000606202115668
406.51 0.000584995737609
406.52 0.000564381025395
406.53 0.000544400550421
406.54 0.000525096873154
406.55 0.000506512714082
406.56 0.000488691142813
406.57 0.000471675785268
406.58 0.000455511048808
406.59 0.000440242365136
406.6 0.00042591645072
406.61 0.000412581584458
406.62 0.000400287902211
406.63 0.00038908770782
406.64 0.000379035800098
406.65 0.000370189815275
406.66 0.000362610584276
406.67 0.000356362504129
406.68 0.000351513922755
406.69 0.00034813753626
406.7 0.000346310797805
406.71 0.000346116337004
406.72 0.000347642388713
406.73 0.000350983229965
406.74 0.000356239623692
406.75 0.000363519267763
406.76 0.00037293724774
406.77 0.000384616491627
406.78 0.000398688224768
406.79 0.000415292422889
406.8 0.00043457826117
406.81 0.000456704557074
406.82 0.000481840204523
406.83 0.000510164596868
406.84 0.000541868035961
406.85 0.0005771521245
406.86 0.000616230138675
406.87 0.000659327378016
406.88 0.000706681489234
406.89 0.000758542760714
406.9 0.00081517438423
406.91 0.000876852680354
406.92 0.000943867283964
406.93 0.0010165212862
406.94 0.00109513132914
406.95 0.00118002764959
406.96 0.00127155406811
406.97 0.00137006791978
406.98 0.001475939923
406.99 0.00158955398284
407.0 0.0017113069255
407.01 0.00184160816067
407.02 0.00198087926881
407.03 0.00212955351027
407.04 0.00228807525403
407.05 0.00245689932342
407.06 0.00263649025722
407.07 0.00282732148426
407.08 0.00302987441061
407.09 0.00324463741848
407.1 0.00347210477666
407.11 0.00371277546276
407.12 0.00396715189813
407.13 0.00423573859672
407.14 0.00451904073001
407.15 0.00481756261055
407.16 0.00513180609741
407.17 0.0054622689274
407.18 0.00580944297668
407.19 0.00617381245804
407.2 0.00655585205962
407.21 0.00695602503186
407.22 0.00737478122974
407.23 0.00781255511824
407.24 0.00826976374951
407.25 0.00874680472074
407.26 0.00924405412232
407.27 0.00976186448641
407.28 0.0103005627464
407.29 0.0108604482179
407.3 0.0114417906134
407.31 0.0120448281002
407.32 0.0126697654154
407.33 0.0133167720484
407.34 0.0139859805021
407.35 0.0146774846466
407.36 0.0153913381737
407.37 0.0161275531665
407.38 0.0168860987925
407.39 0.0176669001319
407.4 0.0184698371504
407.41 0.0192947438252
407.42 0.0201414074331
407.43 0.0210095680081
407.44 0.0218989179746
407.45 0.022809101962
407.46 0.023739716805
407.47 0.024690311733
407.48 0.0256603887502
407.49 0.0266494032078
407.5 0.0276567645671
407.51 0.0286818373513
407.52 0.0297239422841
407.53 0.0307823576087
407.54 0.0318563205821
407.55 0.0329450291377
407.56 0.0340476437057
407.57 0.0351632891842
407.58 0.0362910570467
407.59 0.0374300075761
407.6 0.0385791722106
407.61 0.0397375559874
407.62 0.0409041400696
407.63 0.0420778843394
407.64 0.0432577300421
407.65 0.0444426024633
407.66 0.0456314136226
407.67 0.046823064966
407.68 0.0480164500397
407.69 0.049210457128
407.7 0.0504039718392
407.71 0.0515958796212
407.72 0.0527850681932
407.73 0.0539704298773
407.74 0.0551508638155
407.75 0.0563252780609
407.76 0.0574925915294
407.77 0.0586517358029
407.78 0.059801656775
407.79 0.0609413161306
407.8 0.0620696926557
407.81 0.0631857833722
407.82 0.0642886044952
407.83 0.0653771922139
407.84 0.0664506032963
407.85 0.0675079155213
407.86 0.068548227944
407.87 0.0695706609994
407.88 0.0705743564558
407.89 0.0715584772245
407.9 0.0725222070414
407.91 0.0734647500303
407.92 0.0743853301644
407.93 0.0752831906409
407.94 0.0761575931848
407.95 0.0770078173005
407.96 0.0778331594873
407.97 0.0786329324393
407.98 0.0794064642464
407.99 0.080153097617
408.0 0.0808721891387
408.01 0.0815631085975
408.02 0.0822252383712
408.03 0.0828579729145
408.04 0.083460718352
408.05 0.0840328921933
408.06 0.084573923183
408.07 0.0850832512989
408.08 0.0855603279072
408.09 0.0860046160842
408.1 0.0864155911099
408.11 0.0867927411401
408.12 0.0871355680563
408.13 0.087443588498
408.14 0.0877163350719
408.15 0.0879533577367
408.16 0.0881542253562
408.17 0.0883185274133
408.18 0.0884458758746
408.19 0.0885359071934
408.2 0.0885882844373
408.21 0.0886026995247
408.22 0.0885788755529
408.23 0.0885165691988
408.24 0.0884155731725
408.25 0.0882757187023
408.26 0.0880968780294
408.27 0.0878789668887
408.28 0.0876219469532
408.29 0.0873258282183
408.3 0.0869906713016
408.31 0.0866165896356
408.32 0.0862037515299
408.33 0.08575238208
408.34 0.0852627649013
408.35 0.0847352436682
408.36 0.0841702234376
408.37 0.0835681717401
408.38 0.082929619421
408.39 0.0822551612186
408.4 0.081545456064
408.41 0.0808012270943
408.42 0.0800232613689
408.43 0.079212409283
408.44 0.0783695836737
408.45 0.077495758617
408.46 0.0765919679164
408.47 0.0756593032852
408.48 0.0746989122278
408.49 0.0737119956275
408.5 0.0726998050503
408.51 0.0716636397767
408.52 0.0706048435742
408.53 0.0695248012277
408.54 0.0684249348444
408.55 0.0673066999523
408.56 0.0661715814143
408.57 0.0650210891774
408.58 0.0638567538836
408.59 0.0626801223635
408.6 0.06149275304
408.61 0.0602962112662
408.62 0.0590920646241
408.63 0.0578818782103
408.64 0.056667209935
408.65 0.0554496058595
408.66 0.0542305955986
408.67 0.0530116878127
408.68 0.0517943658135
408.69 0.050580083307
408.7 0.0493702602955
408.71 0.04816627916
408.72 0.0469694809429
408.73 0.0457811618472
408.74 0.0446025699717
408.75 0.0434349022939
408.76 0.0422793019156
408.77 0.0411368555814
408.78 0.0400085914793
408.79 0.0388954773314
408.8 0.0377984187789
408.81 0.0367182580654
408.82 0.0356557730205
408.83 0.0346116763422
408.84 0.0335866151758
408.85 0.0325811709867
408.86 0.031595859719
408.87 0.0306311322347
408.88 0.0296873750218
408.89 0.0287649111639
408.9 0.0278640015568
408.91 0.0269848463598
408.92 0.0261275866684
408.93 0.025292306392
408.94 0.0244790343211
408.95 0.0236877463671
408.96 0.0229183679577
408.97 0.0221707765696
408.98 0.0214448043806
408.99 0.0207402410235
409.0 0.0200568364225
409.01 0.0193943036942
409.02 0.0187523220964
409.03 0.0181305400051
409.04 0.0175285779037
409.05 0.016946031368
409.06 0.0163824740297
409.07 0.0158374605051
409.08 0.0153105292719
409.09 0.0148012054829
409.1 0.0143090037029
409.11 0.0138334305566
409.12 0.0133739872781
409.13 0.0129301721513
409.14 0.0125014828332
409.15 0.0120874185526
409.16 0.0116874821785
409.17 0.0113011821516
409.18 0.0109280342765
409.19 0.0105675633699
409.2 0.0102193047647
409.21 0.00988280566737
409.22 0.00955762636946
409.23 0.00924334131409
409.24 0.00893954001919
409.25 0.00864582786019
409.26 0.00836182671551
409.27 0.00808717547909
409.28 0.00782153044467
409.29 0.00756456556719
409.3 0.00731597260713
409.31 0.00707546116425
409.32 0.00684275860719
409.33 0.00661760990605
409.34 0.00639977737516
409.35 0.00618904033348
409.36 0.00598519469001
409.37 0.00578805246193
409.38 0.00559744123301
409.39 0.00541320355968
409.4 0.00523519633239
409.41 0.00506329009922
409.42 0.0048973683591
409.43 0.00473732683109
409.44 0.00458307270666
409.45 0.00443452389082
409.46 0.0042916082382
409.47 0.0041542627896
409.48 0.00402243301414
409.49 0.00389607206169
409.5 0.00377514003015
409.51 0.00365960325136
409.52 0.00354943359923
409.53 0.00344460782326
409.54 0.00334510691012
409.55 0.00325091547565
409.56 0.00316202118904
409.57 0.003078414231
409.58 0.00300008678669
409.59 0.00292703257455
409.6 0.00285924641124
409.61 0.00279672381282
409.62 0.00273946063209
409.63 0.00268745273149
409.64 0.00264069569084
409.65 0.00259918454893
409.66 0.00256291357766
409.67 0.00253187608741
409.68 0.00250606426189
409.69 0.00248546902083
409.7 0.00247007990844
409.71 0.00245988500568
409.72 0.0024548708643
409.73 0.00245502246019
409.74 0.00246032316396
409.75 0.00247075472644
409.76 0.0024862972766
409.77 0.00250692932974
409.78 0.00253262780344
409.79 0.00256336803912
409.8 0.00259912382688
409.81 0.0026398674314
409.82 0.0026855696168
409.83 0.00273619966842
409.84 0.00279172540958
409.85 0.00285211321142
409.86 0.0029173279942
409.87 0.00298733321841
409.88 0.00306209086422
409.89 0.00314156139812
409.9 0.00322570372544
409.91 0.00331447512788
409.92 0.00340783118528
409.93 0.00350572568095
409.94 0.00360811049022
409.95 0.00371493545193
409.96 0.00382614822284
409.97 0.00394169411517
409.98 0.00406151591753
409.99 0.00418555370004
410.0 0.00431374460411
410.01 0.00444602261818
410.02 0.00458231834034
410.03 0.00472255872941
410.04 0.00486666684589
410.05 0.00501456158464
410.06 0.00516615740119
410.07 0.00532136403376
410.08 0.00548008622323
410.09 0.00564222343354
410.1 0.00580766957489
410.11 0.00597631273252
410.12 0.00614803490378
410.13 0.00632271174616
410.14 0.00650021233934
410.15 0.00668039896406
410.16 0.00686312690065
410.17 0.00704824425034
410.18 0.00723559178197
410.19 0.00742500280716
410.2 0.00761630308643
410.21 0.00780931076909
410.22 0.00800383636934
410.23 0.0081996827808
410.24 0.00839664533182
410.25 0.0085945118833
410.26 0.00879306297101
410.27 0.00899207199349
410.28 0.00919130544718
410.29 0.00939052320931
410.3 0.00958947886932
410.31 0.00978792010912
410.32 0.00998558913207
410.33 0.0101822231402
410.34 0.0103775548594
410.35 0.0105713131103
410.36 0.0107632234252
410.37 0.0109530087076
410.38 0.0111403899332
410.39 0.0113250868887
410.4 0.0115068189477
410.41 0.0116853058778
410.42 0.011860268678
410.43 0.0120314304409
410.44 0.0121985172366
410.45 0.0123612590139
410.46 0.0125193905138
410.47 0.0126726521923
410.48 0.0128207911455
410.49 0.0129635620342
410.5 0.0131007280015
410.51 0.0132320615795
410.52 0.0133573455792
410.53 0.01347637396
410.54 0.0135889526718
410.55 0.0136949004668
410.56 0.0137940496754
410.57 0.0138862469415
410.58 0.013971353914
410.59 0.0140492478886
410.6 0.0141198223978
410.61 0.0141829877446
410.62 0.0142386714767
410.63 0.0142868187987
410.64 0.0143273929194
410.65 0.0143603753322
410.66 0.0143857660263
410.67 0.0144035836284
410.68 0.0144138654726
410.69 0.0144166675986
410.7 0.0144120646779
410.71 0.014400149868
410.72 0.0143810345957
410.73 0.0143548482693
410.74 0.0143217379232
410.75 0.0142818677938
410.76 0.0142354188309
410.77 0.0141825881469
410.78 0.014123588405
410.79 0.0140586471508
410.8 0.0139880060897
410.81 0.0139119203149
410.82 0.0138306574875
410.83 0.0137444969749
410.84 0.0136537289494
410.85 0.0135586534535
410.86 0.0134595794337
410.87 0.0133568237489
410.88 0.0132507101572
410.89 0.0131415682849
410.9 0.0130297325834
410.91 0.0129155412769
410.92 0.0127993353064
410.93 0.0126814572727
410.94 0.012562250385
410.95 0.012442057416
410.96 0.0123212196695
410.97 0.0122000759639
410.98 0.0120789616346
410.99 0.011958207558
411.0 0.0118381392028
411.01 0.0117190757082
411.02 0.0116013289946
411.03 0.0114852029076
411.04 0.0113709923986
411.05 0.0112589827432
411.06 0.011149448801
411.07 0.0110426543159
411.08 0.0109388512613
411.09 0.0108382792291
411.1 0.0107411648649
411.11 0.0106477213503
411.12 0.010558147932
411.13 0.0104726294991
411.14 0.0103913362092
411.15 0.010314423162
411.16 0.0102420301222
411.17 0.0101742812904
411.18 0.0101112851219
411.19 0.0100531341935
411.2 0.00999990511697
411.21 0.00995165849941
411.22 0.00990843894869
411.23 0.00987027512414
411.24 0.00983717983089
411.25 0.00980915015701
411.26 0.00978616765239
411.27 0.00976819854808
411.28 0.00975519401493
411.29 0.00974709046017
411.3 0.00974380986072
411.31 0.0097452601317
411.32 0.00975133552879
411.33 0.0097619170831
411.34 0.00977687306682
411.35 0.00979605948851
411.36 0.00981932061615
411.37 0.00984648952672
411.38 0.00987738868057
411.39 0.00991183051915
411.4 0.00994961808445
411.41 0.00999054565857
411.42 0.010034399422
411.43 0.0100809581285
411.44 0.0101299937962
411.45 0.0101812724112
411.46 0.0102345546445
411.47 0.0102895965787
411.48 0.010346150444
411.49 0.0104039653609
411.5 0.0104627880886
411.51 0.0105223637775
411.52 0.0105824367237
411.53 0.0106427511229
411.54 0.0107030518248
411.55 0.0107630850821
411.56 0.0108225992965
411.57 0.010881345756
411.58 0.0109390793656
411.59 0.0109955593652
411.6 0.0110505500369
411.61 0.0111038213967
411.62 0.0111551498706
411.63 0.0112043189522
411.64 0.0112511198396
411.65 0.0112953520509
411.66 0.011336824015
411.67 0.0113753536362
411.68 0.0114107688311
411.69 0.0114429080347
411.7 0.0114716206756
411.71 0.0114967676164
411.72 0.0115182215589
411.73 0.0115358674121
411.74 0.0115496026205
411.75 0.0115593374528
411.76 0.0115649952467
411.77 0.0115665126124
411.78 0.0115638395893
411.79 0.0115569397576
411.8 0.0115457903034
411.81 0.0115303820351
411.82 0.0115107193523
411.83 0.0114868201651
411.84 0.0114587157655
411.85 0.0114264506481
411.86 0.0113900822837
411.87 0.0113496808428
411.88 0.0113053288722
411.89 0.0112571209243
411.9 0.0112051631409
411.91 0.0111495727917
411.92 0.011090477771
411.93 0.0110280160525
411.94 0.0109623351058
411.95 0.0108935912761
411.96 0.0108219491295
411.97 0.0107475807679
411.98 0.0106706651149
411.99 0.0105913871767
412.0 0.0105099372816
412.01 0.0104265103008
412.02 0.0103413048546
412.03 0.0102545225083
412.04 0.0101663669599
412.05 0.0100770432256
412.06 0.00998675682587
412.07 0.00989571297588
412.08 0.00980411578525
412.09 0.00971216747002
412.1 0.00962006758139
412.11 0.00952801225463
412.12 0.00943619348213
412.13 0.00934479841379
412.14 0.00925400868845
412.15 0.00916399979923
412.16 0.00907494049604
412.17 0.00898699222765
412.18 0.00890030862619
412.19 0.00881503503586
412.2 0.0087313080882
412.21 0.00864925532516
412.22 0.00856899487159
412.23 0.00849063515786
412.24 0.00841427469356
412.25 0.0083400018924
412.26 0.00826789494843
412.27 0.00819802176323
412.28 0.00813043992344
412.29 0.00806519672776
412.3 0.00800232926194
412.31 0.00794186452053
412.32 0.00788381957333
412.33 0.00782820177454
412.34 0.00777500901234
412.35 0.00772422999624
412.36 0.00767584457964
412.37 0.0076298241145
412.38 0.00758613183522
412.39 0.00754472326846
412.4 0.0075055466657
412.41 0.00746854345512
412.42 0.00743364870953
412.43 0.00740079162683
412.44 0.00736989601979
412.45 0.00734088081168
412.46 0.0073136605345
412.47 0.00728814582679
412.48 0.00726424392777
412.49 0.007241859165
412.5 0.00722089343276
412.51 0.00720124665867
412.52 0.00718281725601
412.53 0.00716550255968
412.54 0.00714919924381
412.55 0.00713380371926
412.56 0.0071192125096
412.57 0.00710532260429
412.58 0.00709203178807
412.59 0.00707923894576
412.6 0.00706684434218
412.61 0.00705474987666
412.62 0.00704285931237
412.63 0.00703107848054
412.64 0.00701931546014
412.65 0.00700748073351
412.66 0.00699548731899
412.67 0.00698325088139
412.68 0.00697068982165
412.69 0.00695772534693
412.7 0.00694428152265
412.71 0.00693028530806
412.72 0.00691566657708
412.73 0.00690035812599
412.74 0.00688429566999
412.75 0.00686741783027
412.76 0.0068496661136
412.77 0.00683098488607
412.78 0.00681132134311
412.79 0.00679062547714
412.8 0.0067688500449
412.81 0.00674595053596
412.82 0.00672188514384
412.83 0.00669661474133
412.84 0.00667010286119
412.85 0.00664231568346
412.86 0.00661322203042
412.87 0.00658279336994
412.88 0.00655100382821
412.89 0.00651783021211
412.9 0.0064832520419
412.91 0.00644725159423
412.92 0.00640981395576
412.93 0.00637092708711
412.94 0.00633058189699
412.95 0.00628877232621
412.96 0.00624549544072
412.97 0.00620075153335
412.98 0.00615454423313
412.99 0.00610688062144
413.0 0.00605777135379
413.01 0.00600723078616
413.02 0.00595527710461
413.03 0.00590193245674
413.04 0.0058472230838
413.05 0.00579117945176
413.06 0.00573383638
413.07 0.00567523316604
413.08 0.00561541370474
413.09 0.00555442660051
413.1 0.00549232527089
413.11 0.00542916804011
413.12 0.00536501822101
413.13 0.00529994418401
413.14 0.00523401941168
413.15 0.00516732253765
413.16 0.00509993736847
413.17 0.00503195288753
413.18 0.00496346323961
413.19 0.00489456769546
413.2 0.00482537059513
413.21 0.0047559812696
413.22 0.00468651393987
413.23 0.00461708759293
413.24 0.00454782583428
413.25 0.0044788567165
413.26 0.00441031254383
413.27 0.00434232965246
413.28 0.0042750481667
413.29 0.00420861173101
413.3 0.0041431672183
413.31 0.00407886441459
413.32 0.00401585568074
413.33 0.00395429559166
413.34 0.00389434055366
413.35 0.00383614840079
413.36 0.00377987797096
413.37 0.00372568866285
413.38 0.00367373997462
413.39 0.00362419102559
413.4 0.00357720006217
413.41 0.00353292394929
413.42 0.00349151764878
413.43 0.00345313368624
413.44 0.00341792160783
413.45 0.00338602742884
413.46 0.00335759307555
413.47 0.00333275582243
413.48 0.00331164772625
413.49 0.00329439505936
413.5 0.00328111774393
413.51 0.00327192878935
413.52 0.00326693373483
413.53 0.00326623009949
413.54 0.00326990684216
413.55 0.00327804383312
413.56 0.0032907113402
413.57 0.00330796953162
413.58 0.00332986799786
413.59 0.00335644529517
413.6 0.00338772851296
413.61 0.00342373286768
413.62 0.00346446132559
413.63 0.00350990425668
413.64 0.00356003912245
413.65 0.00361483019959
413.66 0.003674228342
413.67 0.00373817078342
413.68 0.00380658098267
413.69 0.00387936851367
413.7 0.00395642900204
413.71 0.00403764411018
413.72 0.00412288157239
413.73 0.00421199528149
413.74 0.00430482542825
413.75 0.00440119869476
413.76 0.0045009285024
413.77 0.00460381531536
413.78 0.00470964699969
413.79 0.00481819923838
413.8 0.00492923600201
413.81 0.00504251007466
413.82 0.00515776363433
413.83 0.00527472888677
413.84 0.00539312875132
413.85 0.00551267759724
413.86 0.00563308202832
413.87 0.00575404171355
413.88 0.00587525026127
413.89 0.00599639613377
413.9 0.0061171635991
413.91 0.0062372337166
413.92 0.00635628535227
413.93 0.00647399622004
413.94 0.00659004394434
413.95 0.00670410713981
413.96 0.00681586650301
413.97 0.00692500591146
413.98 0.00703121352492
413.99 0.00713418288357
414.0 0.007233613998
414.01 0.0073292144255
414.02 0.00742070032752
414.03 0.00750779750273
414.04 0.00759024239055
414.05 0.00766778303991
414.06 0.00774018003814
414.07 0.00780720739509
414.08 0.00786865337779
414.09 0.00792432129104
414.1 0.00797403019979
414.11 0.00801761558941
414.12 0.00805492996001
414.13 0.00808584335179
414.14 0.00811024379838
414.15 0.0081280377056
414.16 0.00813915015377
414.17 0.0081435251217
414.18 0.00814112563129
414.19 0.00813193381189
414.2 0.00811595088426
414.21 0.0080931970642
414.22 0.00806371138658
414.23 0.00802755145085
414.24 0.00798479308957
414.25 0.0079355299621
414.26 0.00787987307577
414.27 0.00781795023742
414.28 0.00774990543864
414.29 0.0076758981782
414.3 0.00759610272584
414.31 0.00751070733139
414.32 0.00741991338413
414.33 0.00732393452694
414.34 0.00722299573032
414.35 0.00711733233161
414.36 0.00700718904456
414.37 0.00689281894483
414.38 0.00677448243687
414.39 0.0066524462077
414.4 0.00652698217322
414.41 0.00639836642235
414.42 0.00626687816457
414.43 0.006132798686
414.44 0.00599641031924
414.45 0.00585799543182
414.46 0.00571783543801
414.47 0.00557620983854
414.48 0.00543339529232
414.49 0.00528966472415
414.5 0.00514528647208
414.51 0.0050005234776
414.52 0.00485563252168
414.53 0.00471086350931
414.54 0.00456645880459
414.55 0.00442265261853
414.56 0.00427967045077
414.57 0.00413772858661
414.58 0.00399703364995
414.59 0.00385778221272
414.6 0.00372016046074
414.61 0.00358434391585
414.62 0.0034504972137
414.63 0.00331877393627
414.64 0.00318931649798
414.65 0.00306225608398
414.66 0.00293771263877
414.67 0.00281579490341
414.68 0.00269660049895
414.69 0.00258021605399
414.7 0.0024667173736
414.71 0.00235616964723
414.72 0.00224862769268
414.73 0.00214413623329
414.74 0.0020427302056
414.75 0.00194443509424
414.76 0.00184926729138
414.77 0.00175723447748
414.78 0.0016683360205
414.79 0.00158256339068
414.8 0.00149990058786
414.81 0.00142032457863
414.82 0.00134380574062
414.83 0.00127030831116
414.84 0.00119979083798
414.85 0.00113220662939
414.86 0.00106750420183
414.87 0.00100562772255
414.88 0.000946517445586
414.89 0.000890110139037
414.9 0.000836339502194
414.91 0.000785136570836
414.92 0.000736430109453
414.93 0.000690146989168
414.94 0.000646212550349
414.95 0.000604550949012
414.96 0.000565085486306
414.97 0.000527738920495
414.98 0.000492433760988
414.99 0.000459092544118
415.0 0.000427638090487
415.01 0.000397993743821
415.02 0.000370083591377
415.03 0.00034383266607
415.04 0.000319167130571
415.05 0.000296014443711
415.06 0.000274303509615
415.07 0.00025396481006
415.08 0.00023493052061
415.09 0.000217134611129
415.1 0.000200512931337
415.11 0.000185003282096
415.12 0.000170545473151
415.13 0.000157081368073
415.14 0.000144554917175
415.15 0.000132912179164
415.16 0.000122101332322
415.17 0.000112072675992
415.18 0.000102778623132
415.19 9.41736847159e-05
415.2 8.62144467158e-05
415.21 7.88595404013e-05
415.22 7.20696066602e-05
415.23 6.58072550246e-05
415.24 6.00370180561e-05
415.25 5.47253017165e-05
415.26 4.98403323195e-05
415.27 4.53521006256e-05
415.28 4.12323036105e-05
415.29 3.74542844031e-05
415.3 3.39929708557e-05
415.31 3.08248131751e-05
415.32 2.79277210087e-05
415.33 2.52810003484e-05
415.34 2.28652905803e-05
415.35 2.06625019789e-05
415.36 1.86557539121e-05
415.37 1.68293139946e-05
415.38 1.51685383985e-05
415.39 1.36598135045e-05
415.4 1.22904990493e-05
415.41 1.10488729029e-05
415.42 9.92407758531e-06
415.43 8.90606861302e-06
415.44 7.98556474382e-06
415.45 7.15400017255e-06
415.46 6.40347871282e-06
415.47 5.72672998499e-06
415.48 5.11706761703e-06
415.49 4.56834945283e-06
415.5 4.07493975113e-06
415.51 3.63167334934e-06
415.52 3.23382175715e-06
415.53 2.87706113839e-06
415.54 2.55744213263e-06
415.55 2.27136146315e-06
415.56 2.01553527353e-06
415.57 1.78697413139e-06
415.58 1.58295963536e-06
415.59 1.40102255939e-06
415.6 1.23892246691e-06
415.61 1.09462872695e-06
415.62 9.66302863941e-07
415.63 8.52282173153e-07
415.64 7.51064534554e-07
415.65 6.61294358746e-07
415.66 5.8174960006e-07
415.67 5.11329773517e-07
415.68 4.49044914117e-07
415.69 3.94005419009e-07
415.7 3.45412715184e-07
415.71 3.02550697645e-07
415.72 2.64777885342e-07
415.73 2.3152024454e-07
415.74 2.0226463177e-07
415.75 1.765528109e-07
415.76 1.53976001337e-07
415.77 1.3416991675e-07
415.78 1.16810256086e-07
415.79 1.01608610942e-07
415.8 8.83087556238e-08
415.81 7.66832883934e-08
415.82 6.65305944934e-08
415.83 5.76721035741e-08
415.84 4.99498160618e-08
415.85 4.32240748536e-08
415.86 3.73715604729e-08
415.87 3.22834894733e-08
415.88 2.78639974483e-08
415.89 2.40286894764e-08
415.9 2.07033422194e-08
415.91 1.7822743189e-08
415.92 1.53296539135e-08
415.93 1.31738848672e-08
415.94 1.13114710811e-08
415.95 9.703938332e-09
415.96 8.31765071293e-09
415.97 7.12323122893e-09
415.98 6.09504783312e-09
415.99 5.21075803282e-09
416.0 4.45090584905e-09
416.01 3.79856551419e-09
416.02 3.2390268423e-09
416.03 2.75951770964e-09
416.04 2.34895954147e-09
416.05 1.99775211919e-09
416.06 1.69758440162e-09
416.07 1.44126839919e-09
416.08 1.22259345223e-09
416.09 1.03619854719e-09
416.1 8.77460560221e-10
416.11 7.4239654759e-10
416.12 6.27578410117e-10
416.13 5.30058444985e-10
416.14 4.47304465897e-10
416.15 3.77143322514e-10
416.16 3.17711784437e-10
416.17 2.67413875065e-10
416.18 2.24883847755e-10
416.19 1.88954092234e-10
416.2 1.58627344165e-10
416.21 1.33052646284e-10
416.22 1.11504576545e-10
416.23 9.33653181275e-11
416.24 7.8109198684e-11
416.25 6.52893727174e-11
416.26 5.45263619541e-11
416.27 4.54982047489e-11
416.28 3.79319973798e-11
416.29 3.15966380719e-11
416.3 2.62966091625e-11
416.31 2.18666543626e-11
416.32 1.81672269449e-11
416.33 1.50806011899e-11
416.34 1.2507553846e-11
416.35 1.0364534939e-11
416.36 8.58125822917e-12
416.37 7.09865116018e-12
416.38 5.86711243448e-12
416.39 4.8450325556e-12
416.4 3.99753892043e-12
416.41 3.29543245452e-12
416.42 2.71428746253e-12
416.43 2.23369040861e-12
416.44 1.83659683082e-12
416.45 1.50878860103e-12
416.46 1.23841633126e-12
416.47 1.01561395404e-12
416.48 8.32174417073e-13
416.49 6.81277073498e-13
416.5 5.5725875514e-13
416.51 4.5542172002e-13
416.52 3.71872694379e-13
416.53 3.03388108416e-13
416.54 2.47301374665e-13
416.55 2.01408696723e-13
416.56 1.6389043974e-13
416.57 1.33245556281e-13
416.58 1.08236953678e-13
416.59 8.78460219154e-14
416.6 7.1234823185e-14
416.61 5.77146829783e-14
416.62 4.67201244301e-14
416.63 3.77872580631e-14
416.64 3.05358828577e-14
416.65 2.46546757222e-14
416.66 1.9888948401e-14
416.67 1.60305365955e-14
416.68 1.29094580685e-14
416.69 1.03870369146e-14
416.7 8.35024179574e-15
416.71 6.70702832226e-15
416.72 5.38251119319e-15
416.73 4.31582131414e-15
416.74 3.45752780926e-15
416.75 2.76752543364e-15
416.76 2.21330503573e-15
416.77 1.76853897824e-15
416.78 1.41192527426e-15
416.79 1.12624402852e-15
416.8 8.97587927495e-16
416.81 7.14735274758e-16
416.82 5.68639655533e-16
416.83 4.52014932308e-16
416.84 3.58998086204e-16
416.85 2.84875563547e-16
416.86 2.25861378143e-16
416.87 1.78917352315e-16
416.88 1.41607633202e-16
416.89 1.11981061016e-16
416.9 8.84761476197e-17
416.91 6.98443923829e-17
416.92 5.5088455328e-17
416.93 4.34123563211e-17
416.94 3.41813991254e-17
416.95 2.6889951842e-17
416.96 2.11355681127e-17
416.97 1.65982208906e-17
416.98 1.30236544992e-17
416.99 1.0210050859e-17
417.0 7.99736019855e-18
417.01 6.25877185556e-18
417.02 4.89390232785e-18
417.03 3.82335994948e-18
417.04 2.98441207199e-18
417.05 2.3275343662e-18
417.06 1.81366523613e-18
417.07 1.41202331481e-18
417.08 1.09837419026e-18
417.09 8.53655186528e-19
417.1 6.62885256598e-19
417.11 5.14301687066e-19
417.12 3.98677063282e-19
417.13 3.08779361338e-19
417.14 2.38945574395e-19
417.15 1.84745313492e-19
417.16 1.42715644095e-19
417.17 1.10152268616e-19
417.18 8.49452350873e-20
417.19 6.54497981817e-20
417.2 5.03850058519e-20
417.21 3.87541331859e-20
417.22 2.97823150931e-20
417.23 2.28677056413e-20
417.24 1.75432658568e-20
417.25 1.34468948552e-20
417.26 1.02981042905e-20
417.27 7.87981959892e-21
417.28 6.02419437858e-21
417.29 4.60156319436e-21
417.3 3.51184643825e-21
417.31 2.67786917758e-21
417.32 2.04017258884e-21
417.33 1.55298825917e-21
417.34 1.18111762193e-21
417.35 8.97515253601e-22
417.36 6.81419001859e-22
417.37 5.1690454906e-22
417.38 3.91769101842e-22
417.39 2.96670060496e-22
417.4 2.24461040563e-22
417.41 1.69680500345e-22
417.42 1.28158263098e-22
417.43 9.67130327302e-23
417.44 7.29200745313e-23
417.45 5.49329495034e-23
417.46 4.13468515582e-23
417.47 3.10939348424e-23
417.48 2.33632166322e-23
417.49 1.75393421503e-23
417.5 1.3155812555e-23
417.51 9.85929284219e-24
417.52 7.38239991907e-24
417.53 5.52297506366e-24
417.54 4.12831007245e-24
417.55 3.08315421807e-24
417.56 2.30060415765e-24
417.57 1.7151901132e-24
417.58 1.27763364953e-24
417.59 9.50876535984e-25
417.6 7.07075244925e-25
417.61 5.25328360036e-25
417.62 3.89959741496e-25
417.63 2.89222724695e-25
417.64 2.14322992761e-25
417.65 1.58682425227e-25
417.66 1.17385000536e-25
417.67 8.67601103361e-26
417.68 6.4069494508e-26
417.69 4.72722432698e-26
417.7 3.48485601421e-26
417.71 2.56677132108e-26
417.72 1.88891854359e-26
417.73 1.38887446887e-26
417.74 1.02032016867e-26
417.75 7.48916951564e-27
417.76 5.49230394021e-27
417.77 4.02438180876e-27
417.78 2.94623581208e-27
417.79 2.15506088095e-27
417.8 1.57498091495e-27
417.81 1.1500448036e-27
417.82 8.39030864324e-28
417.83 6.11596267647e-28
417.84 4.45425861226e-28
417.85 3.24122920049e-28
417.86 2.35650176742e-28
417.87 1.7117861544e-28
417.88 1.24238145853e-28
417.89 9.00915638772e-29
417.9 6.52735153864e-29
417.91 4.72512815886e-29
417.92 3.41754226569e-29
417.93 2.46966421441e-29
417.94 1.78314079446e-29
417.95 1.28634385262e-29
417.96 9.27154749536e-30
417.97 6.67684188762e-30
417.98 4.80411803186e-30
417.99 3.4536630051e-30
418.0 2.48067551811e-30
418.01 1.78026098878e-30
418.02 1.27650083206e-30
418.03 9.14496908787e-31
418.04 6.54586574717e-31
418.05 4.68139900461e-31
418.06 3.34509099009e-31
418.07 2.38816277805e-31
418.08 1.70350584184e-31
418.09 1.21407926468e-31
418.1 8.64518256519e-32
418.11 6.15070656727e-32
418.12 4.37219537681e-32
418.13 3.10525897234e-32
418.14 2.20353423584e-32
418.15 1.56230381069e-32
418.16 1.10671270134e-32
418.17 7.83299787752e-33
418.18 5.53917181038e-33
418.19 3.91368056558e-33
418.2 2.76280114829e-33
418.21 1.94866682911e-33
418.22 1.37324893119e-33
418.23 9.66906899828e-34
418.24 6.80211173412e-34
418.25 4.78108622653e-34
418.26 3.35763206303e-34
418.27 2.35593521152e-34
418.28 1.65164723763e-34
418.29 1.15689770636e-34
418.3 8.09648167508e-35
418.31 5.66136853705e-35
418.32 3.95521621216e-35
418.33 2.76084957005e-35
418.34 1.92547981927e-35
418.35 1.34171078556e-35
418.36 9.34119768855e-36
418.37 6.49785368533e-36
418.38 4.5160735381e-36
418.39 3.13599812948e-36
418.4 2.17577657765e-36
418.41 1.50826103694e-36
418.42 1.04462986872e-36
418.43 7.22889770388e-37
418.44 4.99810564281e-37
418.45 3.45272902924e-37
418.46 2.38310552476e-37
418.47 1.6434169552e-37
418.48 1.13233769655e-37
418.49 7.79521109526e-38
418.5 5.36171231184e-38
418.51 3.68470605134e-38
418.52 2.53003133432e-38
418.53 1.73569201203e-38
418.54 1.18971556126e-38
418.55 8.14774319039e-39
418.56 5.57513302546e-39
418.57 3.81150811883e-39
418.58 2.60352754345e-39
418.59 1.77685184034e-39
418.6 1.21161312378e-39
418.61 8.25468364151e-40
418.62 5.61902042945e-40
418.63 3.8215936002e-40
418.64 2.5968813259e-40
418.65 1.763126278e-40
418.66 1.1960200101e-40
418.67 8.10619759165e-41
418.68 5.48933376871e-41
418.69 3.71403338276e-41
418.7 2.51070495924e-41
418.71 1.69577906857e-41
418.72 1.14437028636e-41
418.73 7.7159177187e-42
418.74 5.19795260411e-42
418.75 3.4986520681e-42
418.76 2.35284277788e-42
418.77 1.58091591903e-42
418.78 1.06132489181e-42
418.79 7.11887947203e-43
418.8 4.77088164222e-43
418.81 3.19454755496e-43
418.82 2.13719320664e-43
418.83 1.42857131367e-43
418.84 9.54077771436e-44
418.85 6.36633287273e-44
418.86 4.24442261733e-44
418.87 2.82729815728e-44
418.88 1.88169102143e-44
418.89 1.25126336038e-44
418.9 8.31328855645e-45
418.91 5.5184955323e-45
418.92 3.6600940723e-45
418.93 2.42542311887e-45
418.94 1.60585559971e-45
418.95 1.06230488978e-45
418.96 7.02126853109e-46
418.97 4.63666477609e-46
418.98 3.05928210099e-46
418.99 2.01677322e-46
419.0 1.32836773525e-46
419.01 8.74184865821e-47
419.02 5.74793649379e-47
419.03 3.77610751555e-47
419.04 2.47856580589e-47
419.05 1.62547490512e-47
419.06 1.0650838431e-47
419.07 6.97286146429e-48
419.08 4.56102013461e-48
419.09 2.98082619848e-48
419.1 1.94641315986e-48
419.11 1.26986373991e-48
419.12 8.27757120007e-49
419.13 5.39103858533e-49
419.14 3.50804913719e-49
419.15 2.28077586194e-49
419.16 1.48157370232e-49
419.17 9.61584880212e-50
419.18 6.23556346276e-50
419.19 4.04005701255e-50
419.2 2.615308929e-50
419.21 1.69153976517e-50
419.22 1.09311320194e-50
419.23 7.05783952769e-51
419.24 4.55304698922e-51
419.25 2.93464922263e-51
419.26 1.88987889619e-51
419.27 1.21600529385e-51
419.28 7.81737001017e-52
419.29 5.02122385751e-52
419.3 3.22242049757e-52
419.31 2.06622947094e-52
419.32 1.32372754009e-52
419.33 8.47310073557e-53
419.34 5.41888391458e-53
419.35 3.46258973951e-53
419.36 2.21062939488e-53
419.37 1.41011507621e-53
419.38 8.98704432475e-54
419.39 5.72272562151e-54
419.4 3.64093291294e-54
419.41 2.31444114887e-54
419.42 1.46995256342e-54
419.43 9.32790705969e-55
419.44 5.91410203548e-55
419.45 3.7464257384e-55
419.46 2.37120529603e-55
419.47 1.49949456729e-55
419.48 9.47423929063e-56
419.49 5.98091340993e-56
419.5 3.77237095795e-56
419.51 2.37730543418e-56
419.52 1.49685346144e-56
419.53 9.41666892008e-57
419.54 5.91887310555e-57
419.55 3.71710192322e-57
419.56 2.3323494626e-57
419.57 1.46219901818e-57
419.58 9.15889469812e-58
419.59 5.73196270874e-58
419.6 3.58415975654e-58
419.61 2.2392112873e-58
419.62 1.39774034998e-58
419.63 8.71729299093e-59
419.64 5.43200918906e-59
419.65 3.38191790788e-59
419.66 2.10372679884e-59
419.67 1.30749287167e-59
419.68 8.11919613529e-60
419.69 5.03744651719e-60
419.7 3.12270944063e-60
419.71 1.93408882983e-60
419.72 1.19686445607e-60
419.73 7.40009397916e-61
419.74 4.57144199095e-61
419.75 2.82158347843e-61
419.76 1.74002827975e-61
419.77 1.07212006053e-61
419.78 6.60015675483e-62
419.79 4.05965185059e-62
419.8 2.49486496187e-62
419.81 1.5318950376e-62
419.82 9.39798369835e-63
419.83 5.76055168955e-63
419.84 3.52790742967e-63
419.85 2.15870847486e-63
419.86 1.3197586726e-63
419.87 8.06155395765e-64
419.88 4.92001830112e-64
419.89 3.00011832587e-64
419.9 1.8278214176e-64
419.91 1.11263534618e-64
419.92 6.76699188346e-65
419.93 4.11208583221e-65
419.94 2.49661973576e-65
419.95 1.51448975524e-65
419.96 9.17918225593e-66
419.97 5.5585991751e-66
419.98 3.3631825172e-66
419.99 2.03310228002e-66
420.0 1.2279812356e-66
420.01 7.41050741522e-67
420.02 4.46815133717e-67
420.03 2.69173012477e-67
420.04 1.62016359045e-67
420.05 9.74338657535e-68
420.06 5.85443127216e-68
420.07 3.5146590605e-68
420.08 2.10816891735e-68
420.09 1.26343039733e-68
420.1 7.56520933409e-69
420.11 4.52599729882e-69
420.12 2.70539911504e-69
420.13 1.61574235364e-69
420.14 9.64132199828e-70
420.15 5.74810613203e-70
420.16 3.42402306483e-70
420.17 2.03785039178e-70
420.18 1.21180188987e-70
420.19 7.19970440573e-71
420.2 4.27387109762e-71
420.21 2.53484778322e-71
420.22 1.50212496295e-71
420.23 8.8937302751e-72
420.24 5.26120903803e-72
420.25 3.10964543596e-72
420.26 1.83636878344e-72
420.27 1.08350929756e-72
420.28 6.38747326854e-73
420.29 3.76226395216e-73
420.3 2.21407913743e-73
420.31 1.30184934986e-73
420.32 7.64807316324e-74
420.33 4.48918031286e-74
420.34 2.63272670061e-74
420.35 1.54265289608e-74
420.36 9.03138533043e-75
420.37 5.28280083719e-75
420.38 3.08743495172e-75
420.39 1.80283137342e-75
420.4 1.05180713014e-75
420.41 6.1311342595e-76
420.42 3.57083065753e-76
420.43 2.07788446257e-76
420.44 1.20808432408e-76
420.45 7.01773258125e-77
420.46 4.07305329991e-77
420.47 2.36193033615e-77
420.48 1.36847789795e-77
420.49 7.92195194262e-78
420.5 4.58194985452e-78
420.51 2.64784264727e-78
420.52 1.52882482527e-78
420.53 8.81956148363e-79
420.54 5.0834665549e-79
420.55 2.9274983673e-79
420.56 1.68444589162e-79
420.57 9.68369675221e-80
420.58 5.56223084864e-80
420.59 3.1921298573e-80
420.6 1.8303569971e-80
420.61 1.04861187065e-80
420.62 6.00229654771e-81
420.63 3.43276314793e-81
420.64 1.96152542929e-81
420.65 1.11987038199e-81
420.66 6.38800558547e-82
420.67 3.64071370135e-82
420.68 2.07315360733e-82
420.69 1.17950598179e-82
420.7 6.70490341619e-83
420.71 3.80810239301e-83
420.72 2.16096842282e-83
420.73 1.22521396098e-83
420.74 6.94063435137e-84
420.75 3.92834938225e-84
420.76 2.22149203254e-84
420.77 1.25517166315e-84
420.78 7.08573987018e-85
420.79 3.99660286761e-85
420.8 2.25227024433e-85
420.81 1.26815902076e-85
420.82 7.13428811079e-86
420.83 4.01006382482e-86
420.84 2.25203760702e-86
420.85 1.26364098872e-86
420.86 7.08427617164e-87
420.87 3.96817644104e-87
420.88 2.22080372896e-87
420.89 1.24180411351e-87
420.9 6.93776719924e-88
420.91 3.87266618926e-88
420.92 2.15985261968e-88
420.93 1.2035437548e-88
420.94 6.70074918655e-89
420.95 3.72742190806e-89
420.96 2.07165511744e-89
420.97 1.15040317934e-89
420.98 6.38272894939e-90
420.99 3.53823311753e-90
421.0 1.95970272635e-90
421.01 1.08447030089e-90
421.02 5.99609964807e-91
421.03 3.31240729854e-91
421.04 1.82827843465e-91
421.05 1.0082416937e-91
421.06 5.55534048063e-92
421.07 3.05830238029e-92
421.08 1.68218546634e-92
421.09 9.24466211546e-93
421.1 5.07612048057e-93
421.11 2.78481604598e-93
421.12 1.52645784917e-93
421.13 8.35981819375e-94
421.14 4.57438339387e-94
421.15 2.50087510099e-94
421.16 1.36607692787e-94
421.17 7.45559009567e-95
421.18 4.06548723237e-95
421.19 2.2149651261e-95
421.2 1.20571564599e-95
421.21 6.55762553008e-96
421.22 3.5634612594e-96
421.23 1.93473364001e-96
421.24 1.0495280177e-96
421.25 5.68840622623e-97
421.26 3.08042672049e-97
421.27 1.66669016717e-97
421.28 9.00995407011e-98
421.29 4.866469361e-98
421.3 2.62620801401e-98
421.31 1.41601535772e-98
421.32 7.6283483589e-99
421.33 4.10597956718e-99
421.34 2.20814080196e-99
421.35 1.18648008791e-99
421.36 6.36968356624e-100
421.37 3.41663805907e-100
421.38 1.83106517646e-100
421.39 9.80465563249e-101
421.4 5.24547230645e-101
421.41 2.80388737349e-101
421.42 1.49747728656e-101
421.43 7.99067809126e-102
421.44 4.26020736806e-102
421.45 2.26935038481e-102
421.46 1.20780294581e-102
421.47 6.42265103531e-103
421.48 3.41237129412e-103
421.49 1.81143162792e-103
421.5 9.60752062108e-104
421.51 5.09124992554e-104
421.52 2.69563583241e-104
421.53 1.42600726197e-104
421.54 7.53712930795e-105
421.55 3.98028259594e-105
421.56 2.10012701545e-105
421.57 1.10713588641e-105
421.58 5.8314963361e-106
421.59 3.06890043392e-106
421.6 1.61364985246e-106
421.61 8.47733838757e-107
421.62 4.44972783201e-107
421.63 2.33362511254e-107
421.64 1.2227915916e-107
421.65 6.40173231235e-108
421.66 3.3486232575e-108
421.67 1.75008354254e-108
421.68 9.13850144511e-109
421.69 4.76776566127e-109
421.7 2.48529834413e-109
421.71 1.29439215473e-109
421.72 6.73560989239e-110
421.73 3.50196412445e-110
421.74 1.81915695751e-110
421.75 9.44174709577e-111
421.76 4.89619005507e-111
421.77 2.53680966733e-111
421.78 1.31323126324e-111
421.79 6.79232182269e-112
421.8 3.5100961166e-112
421.81 1.8123558563e-112
421.82 9.34957036821e-113
421.83 4.81907345652e-113
421.84 2.48175639922e-113
421.85 1.27696345064e-113
421.86 6.56479994784e-114
421.87 3.37200521663e-114
421.88 1.73052824465e-114
421.89 8.87345719524e-115
421.9 4.54601367511e-115
421.91 2.32697827939e-115
421.92 1.19008404735e-115
421.93 6.08116308291e-116
421.94 3.10469812615e-116
421.95 1.58371059167e-116
421.96 8.07153204749e-117
421.97 4.11017054065e-117
421.98 2.09116076219e-117
421.99 1.06301333623e-117
422.0 5.39900484626e-118
422.01 2.73975945286e-118
422.02 1.38910432426e-118
422.03 7.0368939337e-119
422.04 3.56164688147e-119
422.05 1.80112737071e-119
422.06 9.10042563754e-120
422.07 4.5941238303e-120
422.08 2.3172207098e-120
422.09 1.16776597748e-120
422.1 5.8798730207e-121
422.11 2.95803827462e-121
422.12 1.4868369432e-121
422.13 7.46700788954e-122
422.14 3.7467402816e-122
422.15 1.8783835719e-122
422.16 9.40889637848e-123
422.17 4.70887110152e-123
422.18 2.3546080895e-123
422.19 1.17637063127e-123
422.2 5.87209979769e-124
422.21 2.92864273092e-124
422.22 1.45936213615e-124
422.23 7.26580044714e-125
422.24 3.61432806725e-125
422.25 1.79636831885e-125
422.26 8.92045314696e-126
422.27 4.42590571966e-126
422.28 2.19402268057e-126
422.29 1.08668526847e-126
422.3 5.37762060301e-127
422.31 2.65888926686e-127
422.32 1.31351203186e-127
422.33 6.48323213831e-128
422.34 3.19722206582e-128
422.35 1.57535248926e-128
422.36 7.75543920848e-129
422.37 3.81468573114e-129
422.38 1.87471323023e-129
422.39 9.20522983185e-130
422.4 4.51604375099e-130
422.41 2.2136316602e-130
422.42 1.08411733061e-130
422.43 5.30482338061e-131
422.44 2.59351810141e-131
422.45 1.26686795356e-131
422.46 6.18296986673e-132
422.47 3.01499517811e-132
422.48 1.46892569044e-132
422.49 7.1505054728e-133
422.5 3.47774210099e-133
422.51 1.68998058319e-133
422.52 8.20521129861e-134
422.53 3.9803525137e-134
422.54 1.92919894568e-134
422.55 9.34235159929e-135
422.56 4.5202152115e-135
422.57 2.18517251573e-135
422.58 1.05544609893e-135
422.59 5.093427175e-136
422.6 2.45588403342e-136
422.61 1.18312143495e-136
422.62 5.69474788832e-137
422.63 2.73869326823e-137
422.64 1.3159397294e-137
422.65 6.31760277747e-138
422.66 3.03034688717e-138
422.67 1.45229916481e-138
422.68 6.95414180288e-139
422.69 3.32701461991e-139
422.7 1.59033855905e-139
422.71 7.59535681539e-140
422.72 3.62435296417e-140
422.73 1.72797121152e-140
422.74 8.23125834045e-141
422.75 3.91759624275e-141
422.76 1.86293125527e-141
422.77 8.85110914712e-142
422.78 4.20167325147e-142
422.79 1.99283144833e-142
422.8 9.44370848965e-143
422.81 4.47134612669e-143
422.82 2.11523059501e-143
422.83 9.99771751738e-144
422.84 4.72136652384e-144
422.85 2.22770809809e-144
422.86 1.05020132837e-144
422.87 4.94664285281e-145
422.88 2.32794255951e-145
422.89 1.09460562953e-145
422.9 5.14241127253e-146
422.91 2.41379092022e-146
422.92 1.13202548475e-146
422.93 5.30440250223e-147
422.94 2.48336439965e-147
422.95 1.1616308659e-147
422.96 5.42899632869e-148
422.97 2.5350974897e-148
422.98 1.18275146586e-148
422.99 5.51335601583e-149
423.0 2.56780648891e-149
423.01 1.19490192083e-149
423.02 5.5555356529e-150
423.03 2.58073452196e-150
423.04 1.19780035127e-150
423.05 5.55455476963e-151
423.06 2.57358065373e-151
423.07 1.19137923269e-151
423.08 5.51043622326e-152
423.09 2.54651153428e-152
423.1 1.17578801069e-152
423.11 5.42420531312e-153
423.12 2.50015494535e-153
423.13 1.15138731892e-153
423.14 5.29785017061e-154
423.15 2.43557559751e-154
423.16 1.11873511241e-154
423.17 5.13424556149e-155
423.18 2.3542344807e-155
423.19 1.07856546061e-155
423.2 4.93704417822e-156
423.21 2.25793393546e-156
423.22 1.03176112579e-156
423.23 4.7105411616e-157
423.24 2.14875132743e-157
423.25 9.79321356334e-158
423.26 4.45951886342e-158
423.27 2.02896473027e-158
423.28 9.2232653354e-159
423.29 4.1890796698e-159
423.3 1.90097431954e-159
423.31 8.61901412434e-160
423.32 3.90447500829e-160
423.33 1.76722324272e-160
423.34 7.99178689589e-161
423.35 3.61093846199e-161
423.36 1.63012156269e-161
423.37 7.35264519853e-162
423.38 3.31353024902e-162
423.39 1.491976498e-162
423.4 6.71207401775e-163
423.41 3.01699926616e-163
423.42 1.35493164035e-163
423.43 6.079715781e-164
423.44 2.72566753906e-164
423.45 1.22091716493e-164
423.46 5.46415775807e-165
423.47 2.44334037796e-165
423.48 1.0916123165e-165
423.49 4.87277765133e-166
423.5 2.17324392691e-166
423.51 9.6842070735e-167
423.52 4.31164873605e-167
423.53 1.91799022653e-167
423.54 8.52458253325e-168
423.55 3.78550271878e-168
423.56 1.67956848675e-168
423.57 7.44552943806e-169
423.58 3.29774571846e-169
423.59 1.45936006505e-169
423.6 6.45255125264e-170
423.61 2.85052057728e-170
423.62 1.25817372254e-170
423.63 5.54856595933e-171
423.64 2.44480715691e-171
423.65 1.07629711428e-171
423.66 4.73416571567e-172
423.67 2.08055139576e-172
423.68 9.13560163889e-173
423.69 4.00792486504e-173
423.7 1.75681366777e-173
423.71 7.69405956553e-174
423.72 3.36673628283e-174
423.73 1.47192732278e-174
423.74 6.4296502155e-175
423.75 2.80615748064e-175
423.76 1.2236591021e-175
423.77 5.33129313915e-176
423.78 2.32075018042e-176
423.79 1.00936428928e-176
423.8 4.38622787721e-177
423.81 1.90439993722e-177
423.82 8.26130847105e-178
423.83 3.58066120936e-178
423.84 1.55060555909e-178
423.85 6.70908284035e-179
423.86 2.90033847995e-179
423.87 1.25273129637e-179
423.88 5.40618474313e-180
423.89 2.33102832245e-180
423.9 1.00421783581e-180
423.91 4.32247035413e-181
423.92 1.85891627014e-181
423.93 7.98750873971e-182
423.94 3.42915074163e-182
423.95 1.47090803182e-182
423.96 6.30388344482e-183
423.97 2.69932105648e-183
423.98 1.15484745814e-183
423.99 4.9364917505e-184
424.0 2.10831704989e-184
424.01 8.99657363081e-185
424.02 3.83567735912e-185
424.03 1.63391971055e-185
424.04 6.95413419668e-186
424.05 2.95718936057e-186
424.06 1.25643178726e-186
424.07 5.33362414565e-187
424.08 2.26219278828e-187
424.09 9.58651003921e-188
424.1 4.05896364769e-188
424.11 1.71709176201e-188
424.12 7.25764230409e-189
424.13 3.06493541842e-189
424.14 1.29321522309e-189
424.15 5.45185129091e-190
424.16 2.29636493441e-190
424.17 9.66410243122e-191
424.18 4.06355231066e-191
424.19 1.70715870832e-191
424.2 7.16581601305e-192
424.21 3.00525356565e-192
424.22 1.25927418811e-192
424.23 5.27209460035e-193
424.24 2.2053107775e-193
424.25 9.21679902855e-194
424.26 3.84870078372e-194
424.27 1.60572767007e-194
424.28 6.69350121725e-195
424.29 2.78778010658e-195
424.3 1.16007854581e-195
424.31 4.82325238932e-196
424.32 2.00362431574e-196
424.33 8.31603505909e-197
424.34 3.44857791071e-197
424.35 1.4288527831e-197
424.36 5.91505300312e-198
424.37 2.44654669175e-198
424.38 1.01104873256e-198
424.39 4.17459532202e-199
424.4 1.72218732128e-199
424.41 7.09855751785e-200
424.42 2.92336831944e-200
424.43 1.20287549976e-200
424.44 4.94517351694e-201
424.45 2.03126274294e-201
424.46 8.33632011873e-202
424.47 3.41827010199e-202
424.48 1.40043218106e-202
424.49 5.73246616558e-203
424.5 2.34446973455e-203
424.51 9.58013157439e-204
424.52 3.91130811781e-204
424.53 1.59549812238e-204
424.54 6.50270837907e-205
424.55 2.64798774689e-205
424.56 1.0773613139e-205
424.57 4.3795601444e-206
424.58 1.77878445522e-206
424.59 7.21838212025e-207
424.6 2.92671291657e-207
424.61 1.18561611159e-207
424.62 4.79879030789e-208
424.63 1.94063190078e-208
424.64 7.84112309676e-209
424.65 3.16546189526e-209
424.66 1.27679043541e-209
424.67 5.14547963697e-210
424.68 2.07183812033e-210
424.69 8.33507453323e-211
424.7 3.35032446262e-211
424.71 1.34551319646e-211
424.72 5.39899303578e-212
424.73 2.16451841737e-212
424.74 8.67028785136e-213
424.75 3.469999877e-213
424.76 1.38755151233e-213
424.77 5.54360762361e-214
424.78 2.21288866421e-214
424.79 8.82572431165e-215
424.8 3.51693922141e-215
424.81 1.40024193938e-215
424.82 5.57012590671e-216
424.83 2.21386255793e-216
424.84 8.79143989068e-217
424.85 3.48813334874e-217
424.86 1.38276971792e-217
424.87 5.47684377972e-218
424.88 2.1673774931e-218
424.89 8.56963801352e-219
424.9 3.38543210368e-219
424.91 1.3362553332e-219
424.92 5.26973173638e-220
424.93 2.07640122141e-220
424.94 8.17443521936e-221
424.95 3.21534774773e-221
424.96 1.26363560872e-221
424.97 4.96180250442e-222
424.98 1.94661831338e-222
424.99 7.63037440222e-223
425.0 2.98837162455e-223
425.01 1.16935687235e-223
425.02 4.57175820734e-224
425.03 1.78584246861e-224
425.04 6.96990329505e-225
425.05 2.71790373733e-225
425.06 1.05892475641e-225
425.07 4.12211254561e-226
425.08 1.60323911864e-226
425.09 6.23017820798e-227
425.1 2.4189469854e-227
425.11 9.38373951703e-228
425.12 3.63704981662e-228
425.13 1.40846567681e-228
425.14 5.44962977291e-229
425.15 2.10674243154e-229
425.16 8.13728633696e-230
425.17 3.14030236867e-230
425.18 1.21084080385e-230
425.19 4.66472817225e-231
425.2 1.79551627955e-231
425.21 6.90519687937e-232
425.22 2.65330085251e-232
425.23 1.01863979821e-232
425.24 3.90731564255e-233
425.25 1.49747666826e-233
425.26 5.73410109487e-234
425.27 2.19378639579e-234
425.28 8.38584913488e-235
425.29 3.20275312412e-235
425.3 1.22214741779e-235
425.31 4.65958714042e-236
425.32 1.77498625377e-236
425.33 6.75563633041e-237
425.34 2.5689830783e-237
425.35 9.76067690554e-238
425.36 3.70529118462e-238
425.37 1.40536282647e-238
425.38 5.32571954811e-239
425.39 2.01647033048e-239
425.4 7.62832332807e-240
425.41 2.88330152052e-240
425.42 1.08886676461e-240
425.43 4.1084985275e-241
425.44 1.54887097623e-241
425.45 5.83406227102e-242
425.46 2.19558670053e-242
425.47 8.25569870915e-243
425.48 3.10156431422e-243
425.49 1.16421036034e-243
425.5 4.36622227451e-244
425.51 1.63607773516e-244
425.52 6.12527710302e-245
425.53 2.29124357045e-245
425.54 8.56328681671e-246
425.55 3.19766846557e-246
425.56 1.19302649922e-246
425.57 4.44723889038e-247
425.58 1.65635926015e-247
425.59 6.16371193816e-248
425.6 2.29167928927e-248
425.61 8.51312594664e-249
425.62 3.15971556652e-249
425.63 1.17173832086e-249
425.64 4.34147185229e-250
425.65 1.60718939602e-250
425.66 5.94457539462e-251
425.67 2.19683952288e-251
425.68 8.1114694991e-252
425.69 2.99243315701e-252
425.7 1.10299384618e-252
425.71 4.06205157425e-253
425.72 1.49465682443e-253
425.73 5.49491853481e-254
425.74 2.01838838999e-254
425.75 7.40750465652e-255
425.76 2.71620684558e-255
425.77 9.95124590442e-256
425.78 3.64263611801e-256
425.79 1.33222577929e-256
425.8 4.86814594274e-257
425.81 1.77735040834e-257
425.82 6.48345109969e-258
425.83 2.36299679943e-258
425.84 8.60485863094e-259
425.85 3.13074761578e-259
425.86 1.13808864378e-259
425.87 4.13359414756e-260
425.88 1.50004155391e-260
425.89 5.43879210951e-261
425.9 1.97026816477e-261
425.91 7.13135299269e-262
425.92 2.57894595075e-262
425.93 9.3182907925e-263
425.94 3.36398453478e-263
425.95 1.21337609461e-263
425.96 4.37280983151e-264
425.97 1.5745246338e-264
425.98 5.6645059986e-265
425.99 2.03609639479e-265
426.0 7.31237308273e-266
426.01 2.62386846638e-266
426.02 9.40696420826e-267
426.03 3.36961773681e-267
426.04 1.20596718876e-267
426.05 4.31235058519e-268
426.06 1.54069382619e-268
426.07 5.49974224763e-269
426.08 1.96151684751e-269
426.09 6.98981146234e-270
426.1 2.48864295545e-270
426.11 8.85285675246e-271
426.12 3.14650186457e-271
426.13 1.1173680845e-271
426.14 3.96449837221e-272
426.15 1.40541290751e-272
426.16 4.97786763603e-273
426.17 1.76159659957e-273
426.18 6.22864092278e-274
426.19 2.20041115928e-274
426.2 7.76672798878e-275
426.21 2.7390254293e-275
426.22 9.6511206716e-276
426.23 3.39768521077e-276
426.24 1.1951220146e-276
426.25 4.20015256026e-277
426.26 1.47482875625e-277
426.27 5.17418366958e-278
426.28 1.81370143862e-278
426.29 6.35204354344e-279
426.3 2.22272046466e-279
426.31 7.77105427412e-280
426.32 2.71455564582e-280
426.33 9.47417206248e-281
426.34 3.30375245875e-281
426.35 1.15105862507e-281
426.36 4.00692395247e-282
426.37 1.39363315281e-282
426.38 4.8429451539e-283
426.39 1.68149021663e-283
426.4 5.83314606363e-284
426.41 2.02178546753e-284
426.42 7.00149853307e-285
426.43 2.42253826858e-285
426.44 8.37479148697e-286
426.45 2.89268452364e-286
426.46 9.98278812398e-287
426.47 3.44212270349e-287
426.48 1.18583579199e-287
426.49 4.08175067876e-288
426.5 1.40375755068e-288
426.51 4.82349074397e-289
426.52 1.65597778398e-289
426.53 5.68030002787e-290
426.54 1.94675705395e-290
426.55 6.66616334447e-291
426.56 2.28067739412e-291
426.57 7.79606546109e-292
426.58 2.6626299257e-292
426.59 9.08593975803e-293
426.6 3.09779453828e-293
426.61 1.05525903435e-293
426.62 3.59161073269e-294
426.63 1.22135848791e-294
426.64 4.14973880179e-295
426.65 1.40871156785e-295
426.66 4.77801064121e-296
426.67 1.61918270704e-296
426.68 5.48236963818e-297
426.69 1.85466075764e-297
426.7 6.26879928374e-298
426.71 2.11703461438e-298
426.72 7.14324039259e-299
426.73 2.40816524909e-299
426.74 8.11149709213e-300
426.75 2.72985425592e-300
426.76 9.1791320567e-301
426.77 3.08380911121e-301
426.78 1.03513518079e-301
426.79 3.4716054651e-302
426.8 1.16328832702e-302
426.81 3.89464690123e-303
426.82 1.30278431552e-303
426.83 4.35412272336e-304
426.84 1.45396021351e-304
426.85 4.85096444967e-305
426.86 1.61706461457e-305
426.87 5.38580181236e-306
426.88 1.79224375177e-306
426.89 5.95891916878e-307
426.9 1.97952789569e-307
426.91 6.5702133243e-308
426.92 2.17881836646e-308
426.93 7.21915384338e-309
426.94 2.38987550964e-309
426.95 7.90474697821e-310
426.96 2.61230799832e-310
426.97 8.62550437039e-311
426.98 2.84556382731e-311
426.99 9.37941767593e-312
427.0 3.0889233585e-312
427.01 1.01639402254e-312
427.02 3.34149475852e-313
427.03 1.09759767567e-313
427.04 3.60221214085e-314
427.05 1.18118821453e-314
427.06 3.86983668512e-315
427.07 1.26674698928e-315
427.08 4.14296094188e-316
427.09 1.35380311001e-316
427.1 4.42001650368e-317
427.11 1.44183622085e-317
427.12 4.69928562779e-318
427.13 1.53027940618e-318
427.14 4.9788971394e-319
427.15 1.61850964921e-319
427.16 5.25685847175e-320
427.17 1.70600867509e-320
427.18 5.53353523342e-321
427.19 1.7934582944e-321
427.2 5.78056805634e-322
427.21 1.8774494542e-322
427.22 5.92878775009e-323
427.23 1.97626258336e-323
427.24 4.94065645841e-324
427.25 0.0
427.26 0.0
427.27 0.0
427.28 0.0
427.29 0.0
427.3 0.0
427.31 0.0
427.32 0.0
427.33 0.0
427.34 0.0
427.35 0.0
427.36 0.0
427.37 0.0
427.38 0.0
427.39 0.0
427.4 0.0
427.41 0.0
427.42 0.0
427.43 0.0
427.44 0.0
427.45 0.0
427.46 0.0
427.47 0.0
427.48 0.0
427.49 0.0
427.5 0.0
427.51 0.0
427.52 0.0
427.53 0.0
427.54 0.0
427.55 0.0
427.56 0.0
427.57 0.0
427.58 0.0
427.59 0.0
427.6 0.0
427.61 0.0
427.62 0.0
427.63 0.0
427.64 0.0
427.65 0.0
427.66 0.0
427.67 0.0
427.68 0.0
427.69 0.0
427.7 0.0
427.71 0.0
427.72 0.0
427.73 0.0
427.74 0.0
427.75 0.0
427.76 0.0
427.77 0.0
427.78 0.0
427.79 0.0
427.8 0.0
427.81 0.0
427.82 0.0
427.83 0.0
427.84 0.0
427.85 0.0
427.86 0.0
427.87 0.0
427.88 0.0
427.89 0.0
427.9 0.0
427.91 0.0
427.92 0.0
427.93 0.0
427.94 0.0
427.95 0.0
427.96 0.0
427.97 0.0
427.98 0.0
427.99 0.0
428.0 0.0
428.01 0.0
428.02 0.0
428.03 0.0
428.04 0.0
428.05 0.0
428.06 0.0
428.07 0.0
428.08 0.0
428.09 0.0
428.1 0.0
428.11 0.0
428.12 0.0
428.13 0.0
428.14 0.0
428.15 0.0
428.16 0.0
428.17 0.0
428.18 0.0
428.19 0.0
428.2 0.0
428.21 0.0
428.22 0.0
428.23 0.0
428.24 0.0
428.25 0.0
428.26 0.0
428.27 0.0
428.28 0.0
428.29 0.0
428.3 0.0
428.31 0.0
428.32 0.0
428.33 0.0
428.34 0.0
428.35 0.0
428.36 0.0
428.37 0.0
428.38 0.0
428.39 0.0
428.4 0.0
428.41 0.0
428.42 0.0
428.43 0.0
428.44 0.0
428.45 0.0
428.46 0.0
428.47 0.0
428.48 0.0
428.49 0.0
428.5 0.0
428.51 0.0
428.52 0.0
428.53 0.0
428.54 0.0
428.55 0.0
428.56 0.0
428.57 0.0
428.58 0.0
428.59 0.0
428.6 0.0
428.61 0.0
428.62 0.0
428.63 0.0
428.64 0.0
428.65 0.0
428.66 0.0
428.67 0.0
428.68 0.0
428.69 0.0
428.7 0.0
428.71 0.0
428.72 0.0
428.73 0.0
428.74 0.0
428.75 0.0
428.76 0.0
428.77 0.0
428.78 0.0
428.79 0.0
428.8 0.0
428.81 0.0
428.82 0.0
428.83 0.0
428.84 0.0
428.85 0.0
428.86 0.0
428.87 0.0
428.88 0.0
428.89 0.0
428.9 0.0
428.91 0.0
428.92 0.0
428.93 0.0
428.94 0.0
428.95 0.0
428.96 0.0
428.97 0.0
428.98 0.0
428.99 0.0
429.0 0.0
429.01 0.0
429.02 0.0
429.03 0.0
429.04 0.0
429.05 0.0
429.06 0.0
429.07 0.0
429.08 0.0
429.09 0.0
429.1 0.0
429.11 0.0
429.12 0.0
429.13 0.0
429.14 0.0
429.15 0.0
429.16 0.0
429.17 0.0
429.18 0.0
429.19 0.0
429.2 0.0
429.21 0.0
429.22 0.0
429.23 0.0
429.24 0.0
429.25 0.0
429.26 0.0
429.27 0.0
429.28 0.0
429.29 0.0
429.3 0.0
429.31 0.0
429.32 0.0
429.33 0.0
429.34 0.0
429.35 0.0
429.36 0.0
429.37 0.0
429.38 0.0
429.39 0.0
429.4 0.0
429.41 0.0
429.42 0.0
429.43 0.0
429.44 0.0
429.45 0.0
429.46 0.0
429.47 0.0
429.48 0.0
429.49 0.0
429.5 0.0
429.51 0.0
429.52 0.0
429.53 0.0
429.54 0.0
429.55 0.0
429.56 0.0
429.57 0.0
429.58 0.0
429.59 0.0
429.6 0.0
429.61 0.0
429.62 0.0
429.63 0.0
429.64 0.0
429.65 0.0
429.66 0.0
429.67 0.0
429.68 0.0
429.69 0.0
429.7 0.0
429.71 0.0
429.72 0.0
429.73 0.0
429.74 0.0
429.75 0.0
429.76 0.0
429.77 0.0
429.78 0.0
429.79 0.0
429.8 0.0
429.81 0.0
429.82 0.0
429.83 0.0
429.84 0.0
429.85 0.0
429.86 0.0
429.87 0.0
429.88 0.0
429.89 0.0
429.9 0.0
429.91 0.0
429.92 0.0
429.93 0.0
429.94 0.0
429.95 0.0
429.96 0.0
429.97 0.0
429.98 0.0
429.99 0.0
