400.0 7.4267381474e-76
400.01 1.27065959479e-75
400.02 2.17212113357e-75
400.03 3.70990316975e-75
400.04 6.33089076831e-75
400.05 1.07942079078e-74
400.06 1.83882521198e-74
400.07 3.12978015948e-74
400.08 5.32244189606e-74
400.09 9.04339993455e-74
400.1 1.53523993346e-73
400.11 2.60402105749e-73
400.12 4.41302550845e-73
400.13 7.47226208744e-73
400.14 1.26412921173e-72
400.15 2.13675412316e-72
400.16 3.60862161908e-72
400.17 6.08908245547e-72
400.18 1.02656410855e-71
400.19 1.72919515319e-71
400.2 2.91021889134e-71
400.21 4.89362869458e-71
400.22 8.22167083103e-71
400.23 1.38010734926e-70
400.24 2.31467150138e-70
400.25 3.87873021305e-70
400.26 6.49401809045e-70
400.27 1.08632838536e-69
400.28 1.81565142011e-69
400.29 3.03198837767e-69
400.3 5.05878594478e-69
400.31 8.43312983699e-69
400.32 1.40460749944e-68
400.33 2.33746378754e-68
400.34 3.88649857212e-68
400.35 6.45648053503e-68
400.36 1.07165968236e-67
400.37 1.77722187738e-67
400.38 2.94476146826e-67
400.39 4.8750862697e-67
400.4 8.0637712893e-67
400.41 1.33265523636e-66
400.42 2.20049877537e-66
400.43 3.63034722206e-66
400.44 5.98410094452e-66
400.45 9.85537989253e-66
400.46 1.62170382367e-65
400.47 2.66620429891e-65
400.48 4.37964612e-65
400.49 7.18800431455e-65
400.5 1.17869475303e-64
400.51 1.93115922894e-64
400.52 3.16124772705e-64
400.53 5.17038268792e-64
400.54 8.44910213354e-64
400.55 1.37950139381e-63
400.56 2.250388189e-63
400.57 3.66789123126e-63
400.58 5.97309152835e-63
400.59 9.7186424212e-63
400.6 1.57992237479e-62
400.61 2.5661947273e-62
400.62 4.16454135905e-62
400.63 6.75256017784e-62
400.64 1.09393989129e-61
400.65 1.77068850612e-61
400.66 2.86361474155e-61
400.67 4.62711957945e-61
400.68 7.47017144824e-61
400.69 1.20496415608e-60
400.7 1.94196500491e-60
400.71 3.12703241526e-60
400.72 5.03091615547e-60
400.73 8.08696359905e-60
400.74 1.29881593879e-59
400.75 2.08417145442e-59
400.76 3.34151172718e-59
400.77 5.35274122803e-59
400.78 8.56708783825e-59
400.79 1.36997897954e-58
400.8 2.18886158754e-58
400.81 3.49418913275e-58
400.82 5.57311789107e-58
400.83 8.88124322233e-58
400.84 1.41407684261e-57
400.85 2.24955164973e-57
400.86 3.57554822854e-57
400.87 5.67823057954e-57
400.88 9.00963341221e-57
400.89 1.42831806622e-56
400.9 2.26238467772e-56
400.91 3.58040112312e-56
400.92 5.66135816157e-56
400.93 8.9440308794e-56
400.94 1.41178856957e-55
400.95 2.2265361219e-55
400.96 3.50843586263e-55
400.97 5.52358511432e-55
400.98 8.68864937634e-55
400.99 1.36554874007e-54
401.0 2.14430151439e-54
401.01 3.36424961385e-54
401.02 5.27368617878e-54
401.03 8.25969606275e-54
401.04 1.29252086639e-53
401.05 2.02085322613e-53
401.06 3.15686269803e-53
401.07 4.92720154679e-53
401.08 7.68366945992e-53
401.09 1.19718352825e-52
401.1 1.86370214191e-52
401.11 2.89878488626e-52
401.12 4.50483807284e-52
401.13 6.9946517034e-52
401.14 1.0851173695e-51
401.15 1.6819421308e-51
401.16 2.6047682876e-51
401.17 4.0304251004e-51
401.18 6.23097955638e-51
401.19 9.62466252157e-51
401.2 1.48538285547e-50
401.21 2.29041941274e-50
401.22 3.52870487539e-50
401.23 5.43174497849e-50
401.24 8.35385856353e-50
401.25 1.2836853272e-49
401.26 1.97085080335e-49
401.27 3.02324005401e-49
401.28 4.63356467614e-49
401.29 7.09547604943e-49
401.3 1.08560431291e-48
401.31 1.65953071222e-48
401.32 2.53467768117e-48
401.33 3.86797714987e-48
401.34 5.89751116057e-48
401.35 8.98415747235e-48
401.36 1.36744432165e-47
401.37 2.07953225652e-47
401.38 3.15969660045e-47
401.39 4.79676913891e-47
401.4 7.27571977271e-47
401.41 1.10262243e-46
401.42 1.66955755235e-46
401.43 2.52580418584e-46
401.44 3.81787473739e-46
401.45 5.76590369711e-46
401.46 8.70035164789e-46
401.47 1.31168617246e-45
401.48 1.97581731485e-45
401.49 2.97363285265e-45
401.5 4.47148334931e-45
401.51 6.71799385243e-45
401.52 1.00844286783e-44
401.53 1.51246978711e-44
401.54 2.26644836738e-44
401.55 3.39335005929e-44
401.56 5.07615892603e-44
401.57 7.58691939231e-44
401.58 1.13297269052e-43
401.59 1.69042974451e-43
401.6 2.51998828967e-43
401.61 3.75338947535e-43
401.62 5.58563372471e-43
401.63 8.30510232995e-43
401.64 1.23378996807e-42
401.65 1.83130716232e-42
401.66 2.71584428511e-42
401.67 4.02413229621e-42
401.68 5.95749033998e-42
401.69 8.81207441799e-42
401.7 1.30231690461e-41
401.71 1.92299835276e-41
401.72 2.83703608044e-41
401.73 4.1819084241e-41
401.74 6.1589671851e-41
401.75 9.06285380847e-41
401.76 1.33243420004e-40
401.77 1.95726793215e-40
401.78 2.87262213449e-40
401.79 4.21240807757e-40
401.8 6.17171813944e-40
401.81 9.03452747788e-40
401.82 1.32138239086e-39
401.83 1.93096898988e-39
401.84 2.8193292444e-39
401.85 4.11282286792e-39
401.86 5.99456850344e-39
401.87 8.72970487754e-39
401.88 1.27017894316e-38
401.89 1.84651979703e-38
401.9 2.68204919843e-38
401.91 3.89227238068e-38
401.92 5.64369352038e-38
401.93 8.17612139217e-38
401.94 1.18346373084e-37
401.95 1.71153698068e-37
401.96 2.47309804532e-37
401.97 3.57042647063e-37
401.98 5.15018186889e-37
401.99 7.42247511202e-37
402.0 1.06880541887e-36
402.01 1.53770227358e-36
402.02 2.21039341688e-36
402.03 3.17461170325e-36
402.04 4.55549275144e-36
402.05 6.53136296672e-36
402.06 9.35612448249e-36
402.07 1.3390965031e-35
402.08 1.91492369438e-35
402.09 2.73599174345e-35
402.1 3.90572628503e-35
402.11 5.57073550602e-35
402.12 7.93865604836e-35
402.13 1.13032971693e-34
402.14 1.60800360332e-34
402.15 2.28555987044e-34
402.16 3.24580107091e-34
402.17 4.60548008602e-34
402.18 6.52907460041e-34
402.19 9.2480903803e-34
402.2 1.30880881832e-33
402.21 1.85064906462e-33
402.22 2.61454212888e-33
402.23 3.69054859914e-33
402.24 5.2048704679e-33
402.25 7.33419808563e-33
402.26 1.0325689408e-32
402.27 1.45247675948e-32
402.28 2.04137616308e-32
402.29 2.86655711196e-32
402.3 4.02181297617e-32
402.31 5.63776352669e-32
402.32 7.89615296218e-32
402.33 1.10496357662e-31
402.34 1.54491320248e-31
402.35 2.15816139291e-31
402.36 3.0122254006e-31
402.37 4.2006328666e-31
402.38 5.8528271477e-31
402.39 8.14780042883e-31
402.4 1.13328405939e-30
402.41 1.57492867294e-30
402.42 2.18678815072e-30
402.43 3.03372525288e-30
402.44 4.20503382779e-30
402.45 5.82353183026e-30
402.46 8.05799745331e-30
402.47 1.1140162106e-29
402.48 1.53879089434e-29
402.49 2.12369144459e-29
402.5 2.92837667999e-29
402.51 4.0344670646e-29
402.52 5.55352999288e-29
402.53 7.63793189257e-29
402.54 1.04955730019e-28
402.55 1.44098758287e-28
402.56 1.97668759021e-28
402.57 2.70919050917e-28
402.58 3.70992190601e-28
402.59 5.07590753955e-28
402.6 6.93883163581e-28
402.61 9.47725813217e-28
402.62 1.2933104359e-27
402.63 1.76338266357e-27
402.64 2.40222711143e-27
402.65 3.26968017386e-27
402.66 4.44651944878e-27
402.67 6.0416954709e-27
402.68 8.20202669404e-27
402.69 1.11251849146e-26
402.7 1.50770720619e-26
402.71 2.04150522331e-26
402.72 2.76189836395e-26
402.73 3.73326314244e-26
402.74 5.04188835919e-26
402.75 6.80333035518e-26
402.76 9.17220192826e-26
402.77 1.23551882563e-25
402.78 1.66283378398e-25
402.79 2.23600115953e-25
402.8 3.00413138022e-25
402.81 4.03264072549e-25
402.82 5.40858742571e-25
402.83 7.2477280454e-25
402.84 9.70384020881e-25
402.85 1.29810282903e-24
402.86 1.73499516491e-24
402.87 2.31692061513e-24
402.88 3.09134695999e-24
402.89 4.12105168322e-24
402.9 5.48898550112e-24
402.91 7.30465684371e-24
402.92 9.71250523829e-24
402.93 1.29028731002e-23
402.94 1.71263690595e-23
402.95 2.27126539197e-23
402.96 3.00949884476e-23
402.97 3.98422807063e-23
402.98 5.27008856196e-23
402.99 6.96490742701e-23
403.0 9.196794787e-23
403.01 1.21333676142e-22
403.02 1.5993736199e-22
403.03 2.10640663215e-22
403.04 2.77177651705e-22
403.05 3.64416406353e-22
403.06 4.7869770306e-22
403.07 6.28273119087e-22
403.08 8.23871208875e-22
403.09 1.07942851432e-21
403.1 1.41303252605e-21
403.11 1.84813692393e-21
403.12 2.41512626761e-21
403.13 3.15332875799e-21
403.14 4.11360298199e-21
403.15 5.36165924313e-21
403.16 6.98232013086e-21
403.17 9.08498086463e-21
403.18 1.1810600772e-20
403.19 1.53406469301e-20
403.2 1.99085244226e-20
403.21 2.5814170985e-20
403.22 3.34426747419e-20
403.23 4.32880019131e-20
403.24 5.59832088483e-20
403.25 7.23388745809e-20
403.26 9.33919450741e-20
403.27 1.20467751855e-19
403.28 1.55258684956e-19
403.29 1.99923899245e-19
403.3 2.5721555937e-19
403.31 3.30638537569e-19
403.32 4.24652239769e-19
403.33 5.44925434604e-19
403.34 6.98657703373e-19
403.35 8.94984547766e-19
403.36 1.14548744848e-18
403.37 1.46483546147e-18
403.38 1.87159151558e-18
403.39 2.38922473907e-18
403.4 3.04738026493e-18
403.41 3.88347050405e-18
403.42 4.94466739198e-18
403.43 6.29039429677e-18
403.44 7.99543996482e-18
403.45 1.01538461071e-17
403.46 1.28837562477e-17
403.47 1.63334578046e-17
403.48 2.06889039177e-17
403.49 2.61830685621e-17
403.5 3.31075707453e-17
403.51 4.18271044645e-17
403.52 5.27973346581e-17
403.53 6.65870705907e-17
403.54 8.39057129392e-17
403.55 1.05637196559e-16
403.56 1.32881926257e-16
403.57 1.67008538435e-16
403.58 2.09717729967e-16
403.59 2.63120892437e-16
403.6 3.29836893365e-16
403.61 4.1311107845e-16
403.62 5.16961456783e-16
403.63 6.46358106258e-16
403.64 8.07443137336e-16
403.65 1.00780012542e-15
403.66 1.25678382009e-15
403.67 1.56592322826e-15
403.68 1.9494139259e-15
403.69 2.42471877094e-15
403.7 3.01330017944e-15
403.71 3.74151191717e-15
403.72 4.64168410511e-15
403.73 5.75344202358e-15
403.74 7.12530754167e-15
403.75 8.81664185495e-15
403.76 1.08999999861e-14
403.77 1.34639815489e-14
403.78 1.66166790179e-14
403.79 2.04898446735e-14
403.8 2.52439211001e-14
403.81 3.10741082678e-14
403.82 3.8217673646e-14
403.83 4.69627514044e-14
403.84 5.76589236522e-14
403.85 7.07299321392e-14
403.86 8.66889343682e-14
403.87 1.06156795408e-13
403.88 1.29883997859e-13
403.89 1.58776859754e-13
403.9 1.9392887645e-13
403.91 2.36658150869e-13
403.92 2.88552050506e-13
403.93 3.51520433656e-13
403.94 4.27859026179e-13
403.95 5.2032480949e-13
403.96 6.3222560678e-13
403.97 7.67526435271e-13
403.98 9.30975636032e-13
403.99 1.12825430949e-12
404.0 1.36615318539e-12
404.01 1.65278175346e-12
404.02 1.99781529036e-12
404.03 2.4127863557e-12
404.04 2.91142841508e-12
404.05 3.51008050197e-12
404.06 4.22816327785e-12
404.07 5.08873851934e-12
404.08 6.11916598349e-12
404.09 7.35187381346e-12
404.1 8.82526118727e-12
404.11 1.05847548272e-11
404.12 1.26840443273e-11
404.13 1.51865250806e-11
404.14 1.81669819564e-11
404.15 2.17135518688e-11
404.16 2.5930009066e-11
404.17 3.09384234473e-11
404.18 3.68822495836e-11
404.19 4.39299124818e-11
404.2 5.22789656288e-11
404.21 6.21609075975e-11
404.22 7.38467556628e-11
404.23 8.76534886139e-11
404.24 1.03951486453e-10
404.25 1.23173112131e-10
404.26 1.4582260013e-10
404.27 1.72487438763e-10
404.28 2.03851457851e-10
404.29 2.40709861159e-10
404.3 2.8398647405e-10
404.31 3.3475351145e-10
404.32 3.94254209946e-10
404.33 4.63928710865e-10
404.34 5.45443629136e-10
404.35 6.40725795907e-10
404.36 7.52000721858e-10
404.37 8.8183639346e-10
404.38 1.03319308652e-09
404.39 1.209479961e-09
404.4 1.41461928872e-09
404.41 1.65311926203e-09
404.42 1.93015643722e-09
404.43 2.25166898268e-09
404.44 2.62446202841e-09
404.45 3.05632655215e-09
404.46 3.55617338846e-09
404.47 4.13418411115e-09
404.48 4.80198071791e-09
404.49 5.57281623924e-09
404.5 6.46178860266e-09
404.51 7.48608030871e-09
404.52 8.66522671805e-09
404.53 1.00214160097e-08
404.54 1.15798241506e-08
404.55 1.33689885139e-08
404.56 1.5421224106e-08
404.57 1.77730866967e-08
404.58 2.0465887511e-08
404.59 2.35462645204e-08
404.6 2.7066815773e-08
404.61 3.10868006256e-08
404.62 3.56729151834e-08
404.63 4.0900148716e-08
404.64 4.68527282997e-08
404.65 5.36251594379e-08
404.66 6.13233709227e-08
404.67 7.00659727356e-08
404.68 7.99856363237e-08
404.69 9.12306071386e-08
404.7 1.03966359884e-07
404.71 1.18377407472e-07
404.72 1.34669275255e-07
404.73 1.53070652627e-07
404.74 1.73835734648e-07
404.75 1.97246766853e-07
404.76 2.23616806885e-07
404.77 2.53292717064e-07
404.78 2.86658402411e-07
404.79 3.24138309013e-07
404.8 3.66201197904e-07
404.81 4.13364209882e-07
404.82 4.66197236817e-07
404.83 5.25327615063e-07
404.84 5.91445156516e-07
404.85 6.65307532701e-07
404.86 7.47746026928e-07
404.87 8.39671669119e-07
404.88 9.42081767249e-07
404.89 1.05606684855e-06
404.9 1.18281802259e-06
404.91 1.32363477718e-06
404.92 1.47993321645e-06
404.93 1.65325474899e-06
404.94 1.84527523174e-06
404.95 2.05781457319e-06
404.96 2.29284679697e-06
404.97 2.55251056399e-06
404.98 2.83912014821e-06
404.99 3.15517685756e-06
405.0 3.50338088791e-06
405.01 3.88664359359e-06
405.02 4.30810015373e-06
405.03 4.77112260863e-06
405.04 5.27933323529e-06
405.05 5.83661822582e-06
405.06 6.44714162623e-06
405.07 7.11535948741e-06
405.08 7.84603417317e-06
405.09 8.64424876375e-06
405.1 9.51542148602e-06
405.11 1.04653200944e-05
405.12 1.15000761189e-05
405.13 1.26261988898e-05
405.14 1.38505892393e-05
405.15 1.51805527746e-05
405.16 1.66238126075e-05
405.17 1.81885214185e-05
405.18 1.98832727273e-05
405.19 2.17171112304e-05
405.2 2.36995420648e-05
405.21 2.5840538845e-05
405.22 2.81505503186e-05
405.23 3.06405054759e-05
405.24 3.33218169496e-05
405.25 3.62063825294e-05
405.26 3.93065846202e-05
405.27 4.26352874647e-05
405.28 4.62058319524e-05
405.29 5.00320278377e-05
405.3 5.41281431883e-05
405.31 5.85088908899e-05
405.32 6.31894120372e-05
405.33 6.8185256044e-05
405.34 7.35123573171e-05
405.35 7.91870083434e-05
405.36 8.52258290519e-05
405.37 9.16457323266e-05
405.38 9.84638855571e-05
405.39 0.000105697668134
405.4 0.000113364624811
405.41 0.000121482414879
405.42 0.000130068757119
405.43 0.000139141370516
405.44 0.000148717910767
405.45 0.000158815902606
405.46 0.000169452668029
405.47 0.000180645250531
405.48 0.000192410335467
405.49 0.000204764166729
405.5 0.000217722459933
405.51 0.000231300312347
405.52 0.000245512109848
405.53 0.000260371431207
405.54 0.000275890950054
405.55 0.000292082334902
405.56 0.000308956147647
405.57 0.000326521741001
405.58 0.000344787155339
405.59 0.000363759015477
405.6 0.000383442427928
405.61 0.000403840879221
405.62 0.000424956135864
405.63 0.000446788146593
405.64 0.000469334947542
405.65 0.000492592570988
405.66 0.00051655495835
405.67 0.000541213878107
405.68 0.000566558849329
405.69 0.000592577071496
405.7 0.000619253361269
405.71 0.000646570096892
405.72 0.000674507170856
405.73 0.000703041951455
405.74 0.000732149253831
405.75 0.000761801321065
405.76 0.000791967815854
405.77 0.000822615823235
405.78 0.000853709864812
405.79 0.000885211924849
405.8 0.00091708148856
405.81 0.000949275592853
405.82 0.00098174888972
405.83 0.00101445372239
405.84 0.00104734021429
405.85 0.00108035637082
405.86 0.00111344819373
405.87 0.0011465598081
405.88 0.00117963360137
405.89 0.00121261037434
405.9 0.00124542950357
405.91 0.00127802911459
405.92 0.00131034626546
405.93 0.00134231713992
405.94 0.00137387724936
405.95 0.0014049616428
405.96 0.00143550512398
405.97 0.0014654424746
405.98 0.00149470868262
405.99 0.00152323917465
406.0 0.00155097005126
406.01 0.00157783832394
406.02 0.00160378215274
406.03 0.00162874108313
406.04 0.00165265628104
406.05 0.0016754707647
406.06 0.00169712963214
406.07 0.00171758028302
406.08 0.00173677263373
406.09 0.00175465932438
406.1 0.00177119591677
406.11 0.00178634108202
406.12 0.00180005677699
406.13 0.00181230840848
406.14 0.00182306498418
406.15 0.00183229924977
406.16 0.00183998781124
406.17 0.00184611124189
406.18 0.00185065417345
406.19 0.00185360537083
406.2 0.00185495779028
406.21 0.00185470862061
406.22 0.00185285930746
406.23 0.00184941556058
406.24 0.00184438734434
406.25 0.00183778885161
406.26 0.00182963846145
406.27 0.00181995868108
406.28 0.00180877607279
406.29 0.00179612116639
406.3 0.00178202835819
406.31 0.00176653579727
406.32 0.00174968526026
406.33 0.00173152201557
406.34 0.00171209467849
406.35 0.00169145505826
406.36 0.00166965799867
406.37 0.0016467612135
406.38 0.00162282511837
406.39 0.00159791266053
406.4 0.00157208914823
406.41 0.00154542208127
406.42 0.00151798098432
406.43 0.00148983724485
406.44 0.00146106395718
406.45 0.00143173577446
406.46 0.00140192877016
406.47 0.00137172031077
406.48 0.00134118894132
406.49 0.00131041428534
406.5 0.00127947696075
406.51 0.00124845851325
406.52 0.00121744136854
406.53 0.00118650880494
406.54 0.00115574494743
406.55 0.00112523478465
406.56 0.00109506420973
406.57 0.00106532008614
406.58 0.00103609033949
406.59 0.00100746407612
406.6 0.000979531729196
406.61 0.000952385232949
406.62 0.000926118225588
406.63 0.000900826281231
406.64 0.00087660717112
406.65 0.000853561154232
406.66 0.000831791297261
406.67 0.000811403823791
406.68 0.000792508492343
406.69 0.000775219002805
406.7 0.000759653430616
406.71 0.000745934687867
406.72 0.000734191010355
406.73 0.000724556469405
406.74 0.000717171507116
406.75 0.000712183493478
406.76 0.000709747303625
406.77 0.000710025913269
406.78 0.000713191010163
406.79 0.000719423619227
406.8 0.000728914738743
406.81 0.000741865984809
406.82 0.000758490241022
406.83 0.000779012310108
406.84 0.000803669564017
406.85 0.000832712588738
406.86 0.000866405819878
406.87 0.000905028164806
406.88 0.000948873606945
406.89 0.000998251787555
406.9 0.00105348856017
406.91 0.00111492651257
406.92 0.0011829254511
406.93 0.00125786284182
406.94 0.00134013420284
406.95 0.0014301534422
406.96 0.00152835313529
406.97 0.00163518473577
406.98 0.00175111871407
406.99 0.00187664461716
407.0 0.00201227104357
407.01 0.00215852552747
407.02 0.00231595432573
407.03 0.00248512210204
407.04 0.00266661150222
407.05 0.00286102261509
407.06 0.00306897231346
407.07 0.00329109347024
407.08 0.00352803404473
407.09 0.00378045603495
407.1 0.0040490342918
407.11 0.00433445519194
407.12 0.00463741516644
407.13 0.00495861908286
407.14 0.00529877847954
407.15 0.00565860965107
407.16 0.00603883158514
407.17 0.00644016375153
407.18 0.00686332374508
407.19 0.00730902478547
407.2 0.00777797307735
407.21 0.00827086503578
407.22 0.00878838438262
407.23 0.00933119912108
407.24 0.00989995839615
407.25 0.0104952892504
407.26 0.0111177932852
407.27 0.011768043239
407.28 0.0124465794956
407.29 0.013153906535
407.3 0.0138904893429
407.31 0.0146567497942
407.32 0.0154530630271
407.33 0.0162797538257
407.34 0.0171370930299
407.35 0.0180252939921
407.36 0.0189445091008
407.37 0.0198948263911
407.38 0.0208762662648
407.39 0.0218887783403
407.4 0.0229322384554
407.41 0.024006445844
407.42 0.025111120509
407.43 0.0262459008138
407.44 0.0274103413127
407.45 0.0286039108423
407.46 0.0298259908936
407.47 0.0310758742842
407.48 0.0323527641501
407.49 0.0336557732728
407.5 0.0349839237596
407.51 0.0363361470903
407.52 0.0377112845437
407.53 0.0391080880157
407.54 0.0405252212368
407.55 0.0419612613975
407.56 0.0434147011864
407.57 0.0448839512422
407.58 0.0463673430225
407.59 0.0478631320843
407.6 0.0493695017738
407.61 0.0508845673168
407.62 0.0524063802998
407.63 0.0539329335296
407.64 0.0554621662563
407.65 0.0569919697401
407.66 0.0585201931441
407.67 0.0600446497274
407.68 0.0615631233148
407.69 0.0630733750151
407.7 0.064573150157
407.71 0.0660601854126
407.72 0.0675322160725
407.73 0.068986983439
407.74 0.0704222422993
407.75 0.071835768441
407.76 0.073225366171
407.77 0.0745888757971
407.78 0.0759241810331
407.79 0.0772292162862
407.8 0.0785019737859
407.81 0.0797405105159
407.82 0.0809429549069
407.83 0.0821075132551
407.84 0.0832324758256
407.85 0.0843162226087
407.86 0.0853572286916
407.87 0.0863540692163
407.88 0.0873054238931
407.89 0.0882100810417
407.9 0.0890669411385
407.91 0.089875019845
407.92 0.0906334505033
407.93 0.0913414860804
407.94 0.0919985005529
407.95 0.0926039897225
407.96 0.0931575714595
407.97 0.0936589853734
407.98 0.0941080919145
407.99 0.0945048709136
408.0 0.094849419571
408.01 0.0951419499095
408.02 0.0953827857089
408.03 0.0955723589451
408.04 0.0957112057578
408.05 0.0957999619747
408.06 0.0958393582245
408.07 0.0958302146713
408.08 0.0957734354065
408.09 0.095670002538
408.1 0.095520970015
408.11 0.0953274572318
408.12 0.0950906424522
408.13 0.0948117561001
408.14 0.0944920739588
408.15 0.0941329103262
408.16 0.0937356111681
408.17 0.0933015473154
408.18 0.0928321077479
408.19 0.0923286930075
408.2 0.0917927087806
408.21 0.0912255596898
408.22 0.0906286433314
408.23 0.0900033445932
408.24 0.0893510302848
408.25 0.0886730441097
408.26 0.0879707020053
408.27 0.087245287874
408.28 0.0864980497246
408.29 0.0857301962408
408.3 0.0849428937891
408.31 0.0841372638747
408.32 0.083314381052
408.33 0.0824752712898
408.34 0.0816209107904
408.35 0.0807522252577
408.36 0.0798700896034
408.37 0.0789753280817
408.38 0.078068714835
408.39 0.0771509748342
408.4 0.0762227851908
408.41 0.0752847768189
408.42 0.0743375364193
408.43 0.0733816087604
408.44 0.0724174992228
408.45 0.0714456765798
408.46 0.070466575979
408.47 0.0694806020932
408.48 0.0684881324054
408.49 0.0674895205958
408.5 0.0664850999942
408.51 0.0654751870665
408.52 0.0644600849
408.53 0.0634400866566
408.54 0.0624154789626
408.55 0.061386545204
408.56 0.0603535687013
408.57 0.059316835735
408.58 0.0582766384
408.59 0.0572332772643
408.6 0.0561870638137
408.61 0.0551383226645
408.62 0.0540873935295
408.63 0.0530346329243
408.64 0.0519804156051
408.65 0.0509251357304
408.66 0.0498692077418
408.67 0.0488130669634
408.68 0.0477571699188
408.69 0.0467019943698
408.7 0.0456480390827
408.71 0.0445958233294
408.72 0.0435458861332
408.73 0.0424987852713
408.74 0.0414550960487
408.75 0.0404154098574
408.76 0.039380332538
408.77 0.0383504825632
408.78 0.0373264890603
408.79 0.0363089896942
408.8 0.035298628431
408.81 0.0342960532033
408.82 0.0333019134983
408.83 0.0323168578913
408.84 0.0313415315444
408.85 0.030376573692
408.86 0.0294226151342
408.87 0.0284802757573
408.88 0.0275501621001
408.89 0.0266328649854
408.9 0.0257289572328
408.91 0.0248389914687
408.92 0.0239634980485
408.93 0.0231029831046
408.94 0.0222579267317
408.95 0.021428781319
408.96 0.0206159700408
408.97 0.0198198855098
408.98 0.0190408886013
408.99 0.0182793074522
409.0 0.0175354366368
409.01 0.0168095365229
409.02 0.0161018328053
409.03 0.0154125162193
409.04 0.0147417424277
409.05 0.0140896320809
409.06 0.0134562710427
409.07 0.0128417107777
409.08 0.0122459688927
409.09 0.0116690298237
409.1 0.0111108456617
409.11 0.0105713371066
409.12 0.0100503945407
409.13 0.0095478792106
409.14 0.00906362450835
409.15 0.00859743733999
409.16 0.00814909957131
409.17 0.00771836953966
409.18 0.00730498362103
409.19 0.0069086578416
409.2 0.00652908952316
409.21 0.00616595895205
409.22 0.00581893106173
409.23 0.00548765711918
409.24 0.00517177640614
409.25 0.00487091788626
409.26 0.00458470185017
409.27 0.00431274153072
409.28 0.0040546446813
409.29 0.00381001511085
409.3 0.00357845416963
409.31 0.0033595621805
409.32 0.00315293981115
409.33 0.00295818938311
409.34 0.00277491611429
409.35 0.00260272929208
409.36 0.00244124337486
409.37 0.00229007902015
409.38 0.00214886403821
409.39 0.00201723427052
409.4 0.00189483439288
409.41 0.00178131864324
409.42 0.00167635147525
409.43 0.00157960813817
409.44 0.00149077518478
409.45 0.00140955090886
409.46 0.00133564571422
409.47 0.00126878241744
409.48 0.0012086964867
409.49 0.00115513621935
409.5 0.00110786286082
409.51 0.00106665066771
409.52 0.00103128691799
409.53 0.00100157187114
409.54 0.000977318681383
409.55 0.000958353266744
409.56 0.000944514137068
409.57 0.00093565218379
409.58 0.000931630434347
409.59 0.000932323773982
409.6 0.000937618637613
409.61 0.000947412674346
409.62 0.000961614387081
409.63 0.000980142749563
409.64 0.00100292680306
409.65 0.00102990523479
409.66 0.00106102593991
409.67 0.00109624556913
409.68 0.00113552906323
409.69 0.00117884917638
409.7 0.00122618598937
409.71 0.00127752641422
409.72 0.00133286369114
409.73 0.00139219687894
409.74 0.00145553033979
409.75 0.00152287321911
409.76 0.00159423892131
409.77 0.00166964458201
409.78 0.00174911053728
409.79 0.00183265979036
409.8 0.00192031747637
409.81 0.0020121103253
409.82 0.00210806612379
409.83 0.00220821317584
409.84 0.00231257976305
409.85 0.00242119360453
409.86 0.00253408131696
409.87 0.00265126787517
409.88 0.00277277607374
409.89 0.00289862598998
409.9 0.00302883444907
409.91 0.00316341449178
409.92 0.00330237484563
409.93 0.00344571940019
409.94 0.00359344668759
409.95 0.00374554936902
409.96 0.00390201372852
409.97 0.00406281917526
409.98 0.00422793775552
409.99 0.00439733367604
410.0 0.00457096284009
410.01 0.0047487723982
410.02 0.00493070031505
410.03 0.00511667495474
410.04 0.00530661468623
410.05 0.00550042751106
410.06 0.00569801071572
410.07 0.00589925055065
410.08 0.0061040219384
410.09 0.00631218821322
410.1 0.00652360089438
410.11 0.00673809949582
410.12 0.00695551137431
410.13 0.00717565161856
410.14 0.00739832298165
410.15 0.00762331585892
410.16 0.00785040831351
410.17 0.00807936615166
410.18 0.00830994304953
410.19 0.00854188073337
410.2 0.00877490921463
410.21 0.00900874708124
410.22 0.00924310184625
410.23 0.00947767035478
410.24 0.00971213924965
410.25 0.00994618549627
410.26 0.0101794769666
410.27 0.0104116730817
410.28 0.010642425513
410.29 0.01087137894
410.3 0.0110981718639
410.31 0.0113224374758
410.32 0.0115438045759
410.33 0.0117618985426
410.34 0.011976342348
410.35 0.0121867576172
410.36 0.0123927657262
410.37 0.012593988937
410.38 0.012790051563
410.39 0.0129805811625
410.4 0.0131652097535
410.41 0.0133435750455
410.42 0.0135153216836
410.43 0.013680102498
410.44 0.0138375797536
410.45 0.0139874263942
410.46 0.0141293272752
410.47 0.0142629803773
410.48 0.0143880979978
410.49 0.0145044079102
410.5 0.0146116544881
410.51 0.0147095997871
410.52 0.0147980245778
410.53 0.0148767293252
410.54 0.0149455351085
410.55 0.0150042844764
410.56 0.0150528422322
410.57 0.015091096145
410.58 0.0151189575815
410.59 0.0151363620561
410.6 0.0151432696943
410.61 0.0151396656066
410.62 0.0151255601718
410.63 0.0151009892253
410.64 0.0150660141526
410.65 0.0150207218859
410.66 0.0149652248044
410.67 0.0148996605365
410.68 0.0148241916662
410.69 0.0147390053436
410.7 0.0146443128016
410.71 0.0145403487804
410.72 0.0144273708626
410.73 0.0143056587222
410.74 0.0141755132902
410.75 0.0140372558413
410.76 0.013891227006
410.77 0.0137377857118
410.78 0.0135773080597
410.79 0.0134101861405
410.8 0.0132368267967
410.81 0.0130576503351
410.82 0.0128730891971
410.83 0.0126835865916
410.84 0.0124895950973
410.85 0.0122915752402
410.86 0.0120899940532
410.87 0.011885323623
410.88 0.0116780396305
410.89 0.0114686198924
410.9 0.0112575429073
410.91 0.0110452864138
410.92 0.0108323259663
410.93 0.010619133532
410.94 0.0104061761171
410.95 0.0101939144236
410.96 0.00998280154484
410.97 0.00977328170098
410.98 0.0095657890204
410.99 0.00936074636983
411.0 0.00915856423675
411.01 0.00895963966701
411.02 0.00876435526051
411.03 0.0085730782271
411.04 0.00838615950497
411.05 0.00820393294311
411.06 0.00802671454938
411.07 0.00785480180531
411.08 0.00768847304844
411.09 0.00752798692292
411.1 0.00737358189862
411.11 0.00722547585889
411.12 0.00708386575686
411.13 0.00694892733997
411.14 0.00682081494224
411.15 0.00669966134351
411.16 0.00658557769499
411.17 0.00647865350988
411.18 0.0063789567182
411.19 0.00628653378444
411.2 0.00620140988675
411.21 0.00612358915622
411.22 0.00605305497472
411.23 0.00598977032978
411.24 0.00593367822471
411.25 0.00588470214235
411.26 0.00584274656057
411.27 0.00580769751768
411.28 0.00577942322583
411.29 0.00575777473049
411.3 0.00574258661378
411.31 0.00573367773972
411.32 0.00573085203914
411.33 0.00573389933206
411.34 0.00574259618504
411.35 0.00575670680136
411.36 0.00577598394132
411.37 0.00580016987018
411.38 0.00582899733101
411.39 0.0058621905398
411.4 0.00589946619979
411.41 0.00594053453223
411.42 0.00598510032035
411.43 0.00603286396359
411.44 0.00608352253853
411.45 0.00613677086354
411.46 0.00619230256342
411.47 0.00624981113071
411.48 0.00630899097999
411.49 0.00636953849162
411.5 0.00643115304129
411.51 0.00649353801146
411.52 0.00655640178132
411.53 0.00661945869128
411.54 0.00668242997848
411.55 0.00674504467959
411.56 0.00680704049743
411.57 0.00686816462787
411.58 0.0069281745437
411.59 0.0069868387321
411.6 0.00704393738294
411.61 0.00709926302469
411.62 0.00715262110546
411.63 0.00720383051672
411.64 0.00725272405736
411.65 0.00729914883629
411.66 0.00734296661195
411.67 0.00738405406715
411.68 0.00742230301858
411.69 0.00745762056001
411.7 0.0074899291389
411.71 0.00751916656653
411.72 0.00754528596189
411.73 0.00756825563009
411.74 0.00758805887634
411.75 0.00760469375698
411.76 0.00761817276928
411.77 0.00762852248219
411.78 0.00763578311042
411.79 0.00764000803465
411.8 0.00764126327094
411.81 0.00763962689256
411.82 0.00763518840803
411.83 0.00762804809897
411.84 0.00761831632187
411.85 0.00760611277798
411.86 0.00759156575559
411.87 0.00757481134919
411.88 0.00755599266003
411.89 0.00753525898261
411.9 0.00751276498167
411.91 0.00748866986438
411.92 0.00746313655204
411.93 0.00743633085591
411.94 0.00740842066137
411.95 0.00737957512468
411.96 0.00734996388623
411.97 0.00731975630431
411.98 0.0072891207127
411.99 0.00725822370575
412.0 0.00722722945375
412.01 0.00719629905171
412.02 0.00716558990379
412.03 0.00713525514582
412.04 0.00710544310769
412.05 0.00707629681736
412.06 0.00704795354758
412.07 0.00702054440646
412.08 0.00699419397243
412.09 0.00696901997404
412.1 0.00694513301454
412.11 0.00692263634106
412.12 0.00690162565783
412.13 0.00688218898279
412.14 0.00686440654633
412.15 0.0068483507312
412.16 0.00683408605192
412.17 0.00682166917216
412.18 0.00681114895835
412.19 0.00680256656741
412.2 0.0067959555668
412.21 0.00679134208454
412.22 0.00678874498711
412.23 0.00678817608296
412.24 0.0067896403493
412.25 0.00679313617993
412.26 0.00679865565179
412.27 0.00680618480803
412.28 0.00681570395538
412.29 0.00682718797358
412.3 0.00684060663504
412.31 0.00685592493249
412.32 0.00687310341288
412.33 0.0068920985157
412.34 0.00691286291412
412.35 0.00693534585722
412.36 0.00695949351208
412.37 0.00698524930416
412.38 0.00701255425498
412.39 0.00704134731579
412.4 0.00707156569639
412.41 0.00710314518805
412.42 0.00713602047985
412.43 0.00717012546763
412.44 0.00720539355494
412.45 0.00724175794544
412.46 0.00727915192618
412.47 0.00731750914141
412.48 0.00735676385635
412.49 0.00739685121071
412.5 0.00743770746151
412.51 0.00747927021486
412.52 0.00752147864641
412.53 0.00756427371021
412.54 0.00760759833549
412.55 0.0076513976112
412.56 0.00769561895791
412.57 0.00774021228667
412.58 0.00778513014457
412.59 0.00783032784646
412.6 0.00787576359264
412.61 0.0079213985719
412.62 0.00796719704962
412.63 0.00801312644046
412.64 0.00805915736523
412.65 0.00810526369145
412.66 0.00815142255726
412.67 0.00819761437827
412.68 0.00824382283691
412.69 0.00829003485404
412.7 0.00833624054241
412.71 0.00838243314181
412.72 0.00842860893573
412.73 0.00847476714927
412.74 0.00852090982843
412.75 0.00856704170071
412.76 0.00861317001717
412.77 0.00865930437616
412.78 0.0087054565291
412.79 0.00875164016866
412.8 0.00879787069998
412.81 0.00884416499555
412.82 0.00889054113452
412.83 0.00893701812738
412.84 0.00898361562703
412.85 0.00903035362736
412.86 0.00907725215066
412.87 0.00912433092515
412.88 0.00917160905423
412.89 0.00921910467892
412.9 0.00926683463531
412.91 0.00931481410869
412.92 0.00936305628631
412.93 0.00941157201061
412.94 0.00946036943506
412.95 0.00950945368449
412.96 0.00955882652216
412.97 0.00960848602554
412.98 0.00965842627305
412.99 0.00970863704382
413.0 0.00975910353264
413.01 0.00980980608204
413.02 0.00986071993384
413.03 0.00991181500183
413.04 0.00996305566771
413.05 0.0100144006021
413.06 0.0100658026124
413.07 0.0101172085188
413.08 0.0101685590605
413.09 0.0102197888333
413.1 0.0102708262591
413.11 0.0103215935902
413.12 0.0103720069464
413.13 0.0104219763889
413.14 0.0104714060292
413.15 0.0105201941738
413.16 0.0105682335058
413.17 0.0106154113023
413.18 0.0106616096873
413.19 0.010706705921
413.2 0.0107505727223
413.21 0.0107930786266
413.22 0.010834088375
413.23 0.0108734633353
413.24 0.0109110619526
413.25 0.0109467402277
413.26 0.010980352222
413.27 0.0110117505853
413.28 0.011040787106
413.29 0.0110673132797
413.3 0.0110911808946
413.31 0.0111122426301
413.32 0.0111303526664
413.33 0.0111453673013
413.34 0.0111571455719
413.35 0.0111655498774
413.36 0.0111704465997
413.37 0.011171706719
413.38 0.0111692064209
413.39 0.011162827691
413.4 0.0111524588948
413.41 0.0111379953386
413.42 0.0111193398093
413.43 0.0110964030886
413.44 0.0110691044401
413.45 0.0110373720653
413.46 0.0110011435259
413.47 0.0109603661306
413.48 0.0109149972835
413.49 0.010865004791
413.5 0.0108103671277
413.51 0.0107510736565
413.52 0.0106871248037
413.53 0.0106185321873
413.54 0.0105453186968
413.55 0.0104675185244
413.56 0.0103851771477
413.57 0.0102983512626
413.58 0.0102071086677
413.59 0.0101115280996
413.6 0.010011699021
413.61 0.00990772136175
413.62 0.00979970521413
413.63 0.00968777048483
413.64 0.00957204650436
413.65 0.0094526715966
413.66 0.00932979261066
413.67 0.00920356441749
413.68 0.00907414937394
413.69 0.00894171675734
413.7 0.00880644217338
413.71 0.00866850694073
413.72 0.00852809745548
413.73 0.00838540453905
413.74 0.00824062277274
413.75 0.00809394982274
413.76 0.00794558575884
413.77 0.00779573237066
413.78 0.00764459248466
413.79 0.00749236928562
413.8 0.00733926564578
413.81 0.00718548346511
413.82 0.00703122302575
413.83 0.00687668236389
413.84 0.0067220566617
413.85 0.00656753766238
413.86 0.00641331311063
413.87 0.00625956622103
413.88 0.00610647517649
413.89 0.00595421265862
413.9 0.0058029454118
413.91 0.00565283384248
413.92 0.00550403165471
413.93 0.00535668552325
413.94 0.00521093480463
413.95 0.00506691128699
413.96 0.00492473897875
413.97 0.00478453393628
413.98 0.00464640413023
413.99 0.00451044935026
414.0 0.00437676114746
414.01 0.00424542281352
414.02 0.00411650939584
414.03 0.00399008774721
414.04 0.00386621660865
414.05 0.00374494672407
414.06 0.00362632098487
414.07 0.00351037460282
414.08 0.00339713530934
414.09 0.00328662357902
414.1 0.00317885287555
414.11 0.00307382991783
414.12 0.00297155496402
414.13 0.00287202211151
414.14 0.00277521961053
414.15 0.0026811301891
414.16 0.00258973138743
414.17 0.00250099589926
414.18 0.00241489191837
414.19 0.00233138348805
414.2 0.0022504308515
414.21 0.00217199080149
414.22 0.00209601702722
414.23 0.00202246045688
414.24 0.00195126959413
414.25 0.00188239084716
414.26 0.00181576884878
414.27 0.00175134676646
414.28 0.00168906660102
414.29 0.00162886947306
414.3 0.00157069589613
414.31 0.00151448603599
414.32 0.00146017995524
414.33 0.00140771784281
414.34 0.00135704022792
414.35 0.00130808817818
414.36 0.00126080348181
414.37 0.00121512881363
414.38 0.00117100788518
414.39 0.00112838557891
414.4 0.00108720806664
414.41 0.00104742291283
414.42 0.00100897916279
414.43 0.000971827416424
414.44 0.000935919888077
414.45 0.000901210452955
414.46 0.000867654680853
414.47 0.000835209857824
414.48 0.000803834996518
414.49 0.000773490835934
414.5 0.000744139831352
414.51 0.000715746135233
414.52 0.000688275569872
414.53 0.0006616955926
414.54 0.000635975254333
414.55 0.000611085152244
414.56 0.000586997377333
414.57 0.000563685457649
414.58 0.000541124297894
414.59 0.000519290116104
414.6 0.000498160378104
414.61 0.000477713730352
414.62 0.000457929931807
414.63 0.00043878978537
414.64 0.00042027506944
414.65 0.000402368470081
414.66 0.000385053514235
414.67 0.000368314504405
414.68 0.000352136455172
414.69 0.000336505031857
414.7 0.000321406491637
414.71 0.000306827627329
414.72 0.000292755714073
414.73 0.00027917845906
414.74 0.000266083954435
414.75 0.000253460633487
414.76 0.000241297230156
414.77 0.000229582741908
414.78 0.000218306395975
414.79 0.000207457618916
414.8 0.000197026009463
414.81 0.000187001314576
414.82 0.000177373408592
414.83 0.000168132275381
414.84 0.000159267993365
414.85 0.00015077072325
414.86 0.000142630698343
414.87 0.000134838217257
414.88 0.000127383638868
414.89 0.000120257379324
414.9 0.000113449910939
414.91 0.000106951762795
414.92 0.000100753522871
414.93 9.48458415074e-05
414.94 8.92194360635e-05
414.95 8.38650965639e-05
414.96 7.87736921927e-05
414.97 7.39361784671e-05
414.98 6.93436049429e-05
414.99 6.4987123309e-05
415.0 6.08579957359e-05
415.01 5.69476033543e-05
415.02 5.32474547469e-05
415.03 4.97491943489e-05
415.04 4.64446106586e-05
415.05 4.3325644174e-05
415.06 4.03843949768e-05
415.07 3.76131298971e-05
415.08 3.50042892015e-05
415.09 3.25504927553e-05
415.1 3.02445456182e-05
415.11 2.8079443044e-05
415.12 2.60483748586e-05
415.13 2.4144729201e-05
415.14 2.2362095619e-05
415.15 2.06942675158e-05
415.16 1.91352439516e-05
415.17 1.76792308092e-05
415.18 1.63206413372e-05
415.19 1.50540960884e-05
415.2 1.38744222769e-05
415.21 1.27766525771e-05
415.22 1.17560233952e-05
415.23 1.08079726412e-05
415.24 9.92813703577e-06
415.25 9.11234898498e-06
415.26 8.35663305734e-06
415.27 7.65720209953e-06
415.28 7.0104530259e-06
415.29 6.41296231787e-06
415.3 5.8614812684e-06
415.31 5.35293100655e-06
415.32 4.88439733587e-06
415.33 4.45312541973e-06
415.34 4.05651434511e-06
415.35 3.69211159535e-06
415.36 3.35760746039e-06
415.37 3.05082941194e-06
415.38 2.76973646889e-06
415.39 2.51241357677e-06
415.4 2.27706602321e-06
415.41 2.06201390957e-06
415.42 1.86568669701e-06
415.43 1.68661784371e-06
415.44 1.5234395479e-06
415.45 1.37487760989e-06
415.46 1.23974642448e-06
415.47 1.11694411364e-06
415.48 1.00544780763e-06
415.49 9.04309081547e-07
415.5 8.12649552601e-07
415.51 7.29656642408e-07
415.52 6.54579507159e-07
415.53 5.86725137534e-07
415.54 5.25454629143e-07
415.55 4.70179623347e-07
415.56 4.20358917442e-07
415.57 3.75495242442e-07
415.58 3.35132205971e-07
415.59 2.98851397188e-07
415.6 2.66269650148e-07
415.61 2.37036461506e-07
415.62 2.10831558109e-07
415.63 1.8736260971e-07
415.64 1.66363081723e-07
415.65 1.47590222795e-07
415.66 1.30823181779e-07
415.67 1.15861248599e-07
415.68 1.02522213427e-07
415.69 9.06408386109e-08
415.7 8.00674377437e-08
415.71 7.06665563755e-08
415.72 6.23157489042e-08
415.73 5.49044463006e-08
415.74 4.83329094393e-08
415.75 4.25112629497e-08
415.76 3.7358604653e-08
415.77 3.2802185824e-08
415.78 2.87766576877e-08
415.79 2.52233797503e-08
415.8 2.20897857523e-08
415.81 1.93288032248e-08
415.82 1.68983228247e-08
415.83 1.47607138224e-08
415.84 1.28823823053e-08
415.85 1.12333688557e-08
415.86 9.78698264717e-09
415.87 8.5194690889e-09
415.88 7.40970832431e-09
415.89 6.43894206437e-09
415.9 5.59052640215e-09
415.91 4.8497084151e-09
415.92 4.20342451497e-09
415.93 3.64011865116e-09
415.94 3.14957861244e-09
415.95 2.72278880373e-09
415.96 2.35179799892e-09
415.97 2.02960068861e-09
415.98 1.75003075164e-09
415.99 1.50766628315e-09
416.0 1.29774450883e-09
416.01 1.11608580538e-09
416.02 9.59025931598e-10
416.03 8.23355652966e-10
416.04 7.0626701499e-10
416.05 6.05305588083e-10
416.06 5.18328068729e-10
416.07 4.4346467899e-10
416.08 3.79085859075e-10
416.09 3.23772796087e-10
416.1 2.76291376408e-10
416.11 2.35569189746e-10
416.12 2.00675249949e-10
416.13 1.70802131471e-10
416.14 1.45250251144e-10
416.15 1.2341405285e-10
416.16 1.04769878059e-10
416.17 8.88653281584e-11
416.18 7.53099452746e-11
416.19 6.37670570341e-11
416.2 5.3946647627e-11
416.21 4.55991327435e-11
416.22 3.85099296346e-11
416.23 3.24947258193e-11
416.24 2.73953609583e-11
416.25 2.30762462524e-11
416.26 1.94212545178e-11
416.27 1.63310219322e-11
416.28 1.37206094343e-11
416.29 1.1517477978e-11
416.3 9.65973736363e-12
416.31 8.09463327317e-12
416.32 6.77724147505e-12
416.33 5.66934200898e-12
416.34 4.73844955513e-12
416.35 3.9569791886e-12
416.36 3.30152936035e-12
416.37 2.75226627e-12
416.38 2.29239583887e-12
416.39 1.90771128475e-12
416.4 1.58620587267e-12
416.41 1.31774179241e-12
416.42 1.093767318e-12
416.43 9.07075455806e-13
416.44 7.51598205556e-13
416.45 6.22231357922e-13
416.46 5.14685447861e-13
416.47 4.25359087561e-13
416.48 3.51231427605e-13
416.49 2.89770950028e-13
416.5 2.38858190959e-13
416.51 1.96720331385e-13
416.52 1.61875889001e-13
416.53 1.33087998165e-13
416.54 1.09324983967e-13
416.55 8.97271249032e-14
416.56 7.35786607161e-14
416.57 6.02842411797e-14
416.58 4.93491309943e-14
416.59 4.03625882827e-14
416.6 3.29839217396e-14
416.61 2.69308063461e-14
416.62 2.196950148e-14
416.63 1.79066697745e-14
416.64 1.45825415241e-14
416.65 1.18652089666e-14
416.66 9.64586836677e-15
416.67 7.83485635924e-15
416.68 6.35835120228e-15
416.69 5.1556300944e-15
416.7 4.17679105212e-15
416.71 3.38086251129e-15
416.72 2.73423619573e-15
416.73 2.20936924043e-15
416.74 1.78371035509e-15
416.75 1.43881221879e-15
416.76 1.15959852176e-15
416.77 9.33759297862e-16
416.78 7.51252576861e-16
416.79 6.03894059948e-16
416.8 4.8501959804e-16
416.81 3.89207824065e-16
416.82 3.12052438599e-16
416.83 2.49975440483e-16
416.84 2.00074087811e-16
416.85 1.59995618381e-16
416.86 1.27834793024e-16
416.87 1.02050184562e-16
416.88 8.1395848345e-17
416.89 6.48656015576e-17
416.9 5.16476281503e-17
416.91 4.10875313689e-17
416.92 3.26582906236e-17
416.93 2.59358558391e-17
416.94 2.05793403657e-17
416.95 1.63149613178e-17
416.96 1.29230307519e-17
416.97 1.02274281576e-17
416.98 8.08708907906e-18
416.99 6.38913030139e-18
417.0 5.04330219864e-18
417.01 3.97751628957e-18
417.02 3.13424303148e-18
417.03 2.46761327353e-18
417.04 1.94108812464e-18
417.05 1.52558754091e-18
417.06 1.19798874835e-18
417.07 9.39922551483e-19
417.08 7.36809343612e-19
417.09 5.77087813506e-19
417.1 4.5159841133e-19
417.11 3.53090985964e-19
417.12 2.75831955554e-19
417.13 2.15291185149e-19
417.14 1.67892633158e-19
417.15 1.3081596642e-19
417.16 1.0183887397e-19
417.17 7.92118477949e-20
417.18 6.15588390088e-20
417.19 4.77985164068e-20
417.2 3.70819132397e-20
417.21 2.87430976045e-20
417.22 2.22601827415e-20
417.23 1.72245387186e-20
417.24 1.33165030809e-20
417.25 1.02862365245e-20
417.26 7.93864784672e-21
417.27 6.12153429025e-21
417.28 4.71626016048e-21
417.29 3.63043728599e-21
417.3 2.79218276266e-21
417.31 2.1456182864e-21
417.32 1.64734589996e-21
417.33 1.26369088777e-21
417.34 9.68546832952e-22
417.35 7.41692886231e-22
417.36 5.67480990946e-22
417.37 4.33812677778e-22
417.38 3.31342295997e-22
417.39 2.52857145603e-22
417.4 1.92795681095e-22
417.41 1.46873379022e-22
417.42 1.11792479316e-22
417.43 8.50170057059e-23
417.44 6.45985452283e-23
417.45 4.9041459413e-23
417.46 3.71986988422e-23
417.47 2.81913470324e-23
417.48 2.13465463855e-23
417.49 1.61496505771e-23
417.5 1.22073769066e-23
417.51 9.21945592023e-24
417.52 6.95683888311e-24
417.53 5.24496160446e-24
417.54 3.95090325894e-24
417.55 2.97354279164e-24
417.56 2.2360201048e-24
417.57 1.67996769248e-24
417.58 1.26110099958e-24
417.59 9.45850557581e-25
417.6 7.08792139587e-25
417.61 5.30687642908e-25
417.62 3.96992929291e-25
417.63 2.96722365331e-25
417.64 2.21585586217e-25
417.65 1.65331819484e-25
417.66 1.23252318461e-25
417.67 9.18031246723e-26
417.68 6.83193212659e-26
417.69 5.07987863458e-26
417.7 3.7738691986e-26
417.71 2.80119965502e-26
417.72 2.07742330055e-26
417.73 1.5393226017e-26
417.74 1.13961460741e-26
417.75 8.42966046077e-27
417.76 6.22996877637e-27
417.77 4.60029170796e-27
417.78 3.39397458819e-27
417.79 2.50181685682e-27
417.8 1.84257916385e-27
417.81 1.35587767643e-27
417.82 9.96870119056e-28
417.83 7.32285372954e-28
417.84 5.37459635992e-28
417.85 3.94125977669e-28
417.86 2.88767279665e-28
417.87 2.11390085907e-28
417.88 1.54612627965e-28
417.89 1.12987141588e-28
417.9 8.24967414407e-29
417.91 6.01822305993e-29
417.92 4.38655399228e-29
417.93 3.19449631222e-29
417.94 2.32436868567e-29
417.95 1.68978462273e-29
417.96 1.22738667567e-29
417.97 8.90748639979e-30
417.98 6.45881201391e-30
417.99 4.67922397769e-30
418.0 3.38702760356e-30
418.01 2.44955588012e-30
418.02 1.77002613597e-30
418.03 1.27789661557e-30
418.04 9.21797388803e-31
418.05 6.6435306043e-31
418.06 4.78394435214e-31
418.07 3.44189019575e-31
418.08 2.47418184606e-31
418.09 1.77701025281e-31
418.1 1.27518138374e-31
418.11 9.14276815483e-32
418.12 6.5494851644e-32
418.13 4.68770562385e-32
418.14 3.35225627594e-32
418.15 2.39517806901e-32
418.16 1.70986614382e-32
418.17 1.21957954735e-32
418.18 8.6912424393e-33
418.19 6.18838478012e-33
418.2 4.40247062399e-33
418.21 3.12924334198e-33
418.22 2.22231654531e-33
418.23 1.57687117738e-33
418.24 1.1179187058e-33
418.25 7.91859158144e-34
418.26 5.60414517634e-34
418.27 3.96273036942e-34
418.28 2.79964768409e-34
418.29 1.97622301679e-34
418.3 1.39377360939e-34
418.31 9.82137364225e-35
418.32 6.91474139756e-35
418.33 4.86410973853e-35
418.34 3.41864888697e-35
418.35 2.40065275571e-35
418.36 1.68433279723e-35
418.37 1.18072885677e-35
418.38 8.26982200569e-36
418.39 5.78716492859e-36
418.4 4.04631109113e-36
418.41 2.82667834577e-36
418.42 1.97295521454e-36
418.43 1.3758838554e-36
418.44 9.5867198196e-37
418.45 6.67393554009e-37
418.46 4.64213421853e-37
418.47 3.22609454675e-37
418.48 2.24006283945e-37
418.49 1.55405728896e-37
418.5 1.07720301497e-37
418.51 7.46022298181e-38
418.52 5.1621398879e-38
418.53 3.56887586702e-38
418.54 2.46522650493e-38
418.55 1.70139803475e-38
418.56 1.17321805485e-38
418.57 8.0830499264e-39
418.58 5.56410731143e-39
418.59 3.82683243256e-39
418.6 2.62970545414e-39
418.61 1.80550410763e-39
418.62 1.23855006671e-39
418.63 8.48891853455e-40
418.64 5.81319480977e-40
418.65 3.97741677413e-40
418.66 2.71901145572e-40
418.67 1.85714018016e-40
418.68 1.26736598754e-40
418.69 8.64138036402e-41
418.7 5.88691693927e-41
418.71 4.00697291901e-41
418.72 2.7250132534e-41
418.73 1.85158879075e-41
418.74 1.2570257655e-41
418.75 8.52643584678e-42
418.76 5.77849298579e-42
418.77 3.91277941184e-42
418.78 2.64715792527e-42
418.79 1.78936134284e-42
418.8 1.20848137766e-42
418.81 8.15465490125e-43
418.82 5.49787578628e-43
418.83 3.70346268289e-43
418.84 2.49255491222e-43
418.85 1.67612038963e-43
418.86 1.12613225055e-43
418.87 7.55957352812e-44
418.88 5.07024455708e-44
418.89 3.39769375521e-44
418.9 2.27490501949e-44
418.91 1.52182957013e-44
418.92 1.01716751197e-44
418.93 6.79270345122e-45
418.94 4.53227801463e-45
418.95 3.02144116349e-45
418.96 2.01249798283e-45
418.97 1.33930804735e-45
418.98 8.90531355355e-46
418.99 5.91618389782e-46
419.0 3.92697220381e-46
419.01 2.60434012336e-46
419.02 1.72568406585e-46
419.03 1.1424799542e-46
419.04 7.55717711817e-47
419.05 4.99452654469e-47
419.06 3.29801603501e-47
419.07 2.17587986117e-47
419.08 1.43430256421e-47
419.09 9.44648739913e-48
419.1 6.21618078943e-48
419.11 4.0869623474e-48
419.12 2.68473453225e-48
419.13 1.76208061609e-48
419.14 1.15551053942e-48
419.15 7.57086951034e-49
419.16 4.95611440822e-49
419.17 3.24160876539e-49
419.18 2.11837862373e-49
419.19 1.38315319806e-49
419.2 9.02320236759e-50
419.21 5.88132017153e-50
419.22 3.83012246033e-50
419.23 2.49215017928e-50
419.24 1.62016584379e-50
419.25 1.05236997083e-50
419.26 6.82969224922e-51
419.27 4.42850902865e-51
419.28 2.86904689475e-51
419.29 1.85712643448e-51
419.3 1.20107190786e-51
419.31 7.76104603071e-52
419.32 5.01066331319e-52
419.33 3.23216778018e-52
419.34 2.08312957198e-52
419.35 1.34141260861e-52
419.36 8.63042527562e-53
419.37 5.54786291959e-53
419.38 3.56322264071e-53
419.39 2.28656688321e-53
419.4 1.46604928936e-53
419.41 9.39154290272e-54
419.42 6.01103192232e-54
419.43 3.84401288202e-54
419.44 2.45609039636e-54
419.45 1.56793325743e-54
419.46 1.00007946446e-54
419.47 6.37331170906e-55
419.48 4.05806988896e-55
419.49 2.5816513893e-55
419.5 1.64096525259e-55
419.51 1.04213716733e-55
419.52 6.61262809098e-56
419.53 4.19224854644e-56
419.54 2.65548382527e-56
419.55 1.68059865091e-56
419.56 1.06269361993e-56
419.57 6.71391515011e-57
419.58 4.23806229437e-57
419.59 2.6728989241e-57
419.6 1.68430775729e-57
419.61 1.06043505053e-57
419.62 6.67068467159e-58
419.63 4.19257134651e-58
419.64 2.63277790498e-58
419.65 1.65185415384e-58
419.66 1.03550663859e-58
419.67 6.4857139101e-59
419.68 4.05869484976e-59
419.69 2.53769091928e-59
419.7 1.58531205962e-59
419.71 9.89497072361e-60
419.72 6.1707503473e-60
419.73 3.84490090862e-60
419.74 2.3936245986e-60
419.75 1.48884895208e-60
419.76 9.25271003624e-61
419.77 5.74527706916e-61
419.78 3.56432022889e-61
419.79 2.2093583657e-61
419.8 1.3682937035e-61
419.81 8.46673961532e-62
419.82 5.23451913297e-62
419.83 3.23341234325e-62
419.84 1.99557982515e-62
419.85 1.23055443501e-62
419.86 7.58151970032e-63
419.87 4.66697439468e-63
419.88 2.87037263487e-63
419.89 1.76386302455e-63
419.9 1.08296680321e-63
419.91 6.64338076174e-64
419.92 4.07180393148e-64
419.93 2.49349374275e-64
419.94 1.52564475598e-64
419.95 9.32657680373e-65
419.96 5.69658830383e-65
419.97 3.47641095027e-65
419.98 2.1196838803e-65
419.99 1.29132273572e-65
420.0 7.85999392578e-66
420.01 4.78005986627e-66
420.02 2.90447855161e-66
420.03 1.76330209764e-66
420.04 1.06956944348e-66
420.05 6.4820885947e-67
420.06 3.92504509234e-67
420.07 2.37464148622e-67
420.08 1.4354073438e-67
420.09 8.66913945601e-68
420.1 5.23119039851e-68
420.11 3.15390623503e-68
420.12 1.8998562446e-68
420.13 1.14344799194e-68
420.14 6.87599898841e-69
420.15 4.13122553166e-69
420.16 2.47996594775e-69
420.17 1.48742899499e-69
420.18 8.91354540506e-70
420.19 5.3368922127e-70
420.2 3.19264105915e-70
420.21 1.90825087474e-70
420.22 1.13957931654e-70
420.23 6.79950595839e-71
420.24 4.05353448162e-71
420.25 2.41442710109e-71
420.26 1.43687184596e-71
420.27 8.54369401056e-72
420.28 5.07571290005e-72
420.29 3.01281263829e-72
420.3 1.78677930023e-72
420.31 1.05874997508e-72
420.32 6.26815354166e-73
420.33 3.70774238639e-73
420.34 2.19130681738e-73
420.35 1.293959074e-73
420.36 7.63416607725e-74
420.37 4.50014367041e-74
420.38 2.65042102051e-74
420.39 1.55964970674e-74
420.4 9.1698658244e-75
420.41 5.38669773603e-75
420.42 3.16159287938e-75
420.43 1.85401394092e-75
420.44 1.08628493985e-75
420.45 6.35913777272e-76
420.46 3.71943028011e-76
420.47 2.17359348172e-76
420.48 1.26912364699e-76
420.49 7.40377584814e-77
420.5 4.31545209588e-77
420.51 2.51317685083e-77
420.52 1.46232368388e-77
420.53 8.50134595158e-78
420.54 4.93805107741e-78
420.55 2.86580857949e-78
420.56 1.66173777216e-78
420.57 9.62723376739e-79
420.58 5.57268192951e-79
420.59 3.22292876339e-79
420.6 1.86234814035e-79
420.61 1.075213591e-79
420.62 6.20229378367e-80
420.63 3.57465089405e-80
420.64 2.05844206184e-80
420.65 1.1843153912e-80
420.66 6.80800414685e-81
420.67 3.91017290837e-81
420.68 2.24386035618e-81
420.69 1.28652847042e-81
420.7 7.36998645557e-82
420.71 4.21830221022e-82
420.72 2.41230603763e-82
420.73 1.37832244889e-82
420.74 7.86851845785e-83
420.75 4.4880616994e-83
420.76 2.55769280662e-83
420.77 1.45633624364e-83
420.78 8.28511700808e-84
420.79 4.70933241729e-84
420.8 2.67450713217e-84
420.81 1.51758101971e-84
420.82 8.60366960809e-85
420.83 4.87348097966e-85
420.84 2.7581541758e-85
420.85 1.55962976393e-85
420.86 8.8114666744e-86
420.87 4.97391780178e-86
420.88 2.80525740402e-86
420.89 1.58077676265e-86
420.9 8.90004252165e-87
420.91 5.00653587462e-87
420.92 2.81388468573e-87
420.93 1.58015238792e-87
420.94 8.86574753971e-88
420.95 4.96998938463e-88
420.96 2.78367977816e-88
420.97 1.55778242749e-88
420.98 8.70999767188e-89
420.99 4.86578583606e-89
421.0 2.71588673132e-89
421.01 1.51458631785e-89
421.02 8.439177428e-90
421.03 4.6981828877e-90
421.04 2.61326488123e-90
421.05 1.45231444895e-90
421.06 8.06420569051e-91
421.07 4.47389974275e-91
421.08 2.47990252676e-91
421.09 1.37343049836e-91
421.1 7.59980546448e-92
421.11 4.20167035577e-92
421.12 2.32094682303e-92
421.13 1.28094981746e-92
421.14 7.06354562423e-93
421.15 3.89167984974e-93
421.16 2.14227475115e-93
421.17 1.17824863491e-93
421.18 6.47474149481e-94
421.19 3.55493475903e-94
421.2 1.95013442327e-94
421.21 1.06886086075e-94
421.22 5.85330983085e-95
421.23 3.20262112596e-95
421.24 1.75078705842e-95
421.25 9.56279407504e-96
421.26 5.2186718872e-96
421.27 2.84550198874e-96
421.28 1.55017777852e-96
421.29 8.43777291705e-97
421.3 4.58878670935e-97
421.31 2.49339809257e-97
421.32 1.35365841231e-97
421.33 7.34260663937e-98
421.34 3.97937760302e-98
421.35 2.15478405124e-98
421.36 1.16577856588e-98
421.37 6.30161827913e-99
421.38 3.40339088098e-99
421.39 1.8365183922e-99
421.4 9.90153314749e-100
421.41 5.33375817951e-100
421.42 2.87070066925e-100
421.43 1.54371175682e-100
421.44 8.29408010335e-101
421.45 4.45239771926e-101
421.46 2.38804986077e-101
421.47 1.27972466804e-101
421.48 6.85193769454e-102
421.49 3.66550639419e-102
421.5 1.95919773554e-102
421.51 1.0462760193e-102
421.52 5.58261894573e-103
421.53 2.97614037302e-103
421.54 1.58523097625e-103
421.55 8.43636577849e-104
421.56 4.48582126203e-104
421.57 2.38315473463e-104
421.58 1.26498748854e-104
421.59 6.70878588581e-105
421.6 3.55488327466e-105
421.61 1.88204702882e-105
421.62 9.95541365981e-106
421.63 5.2615277044e-106
421.64 2.7783574889e-106
421.65 1.46584517425e-106
421.66 7.72701562434e-107
421.67 4.06966997177e-107
421.68 2.14156029104e-107
421.69 1.12596562466e-107
421.7 5.9148491181e-108
421.71 3.10445895314e-108
421.72 1.62799057342e-108
421.73 8.52985330295e-109
421.74 4.46534430306e-109
421.75 2.33556550537e-109
421.76 1.22054238721e-109
421.77 6.37290423802e-110
421.78 3.32464769945e-110
421.79 1.73291628453e-110
421.8 9.02470982505e-111
421.81 4.69583277993e-111
421.82 2.44126942549e-111
421.83 1.26806791323e-111
421.84 6.5810172225e-112
421.85 3.41245751995e-112
421.86 1.76793051802e-112
421.87 9.1513853694e-113
421.88 4.73295317695e-113
421.89 2.44568930535e-113
421.9 1.26268224394e-113
421.91 6.51344236858e-114
421.92 3.35699572951e-114
421.93 1.72868042902e-114
421.94 8.89410708784e-115
421.95 4.57207878711e-115
421.96 2.34827399989e-115
421.97 1.20505687868e-115
421.98 6.1785993597e-116
421.99 3.16516413892e-116
422.0 1.62004153993e-116
422.01 8.28475704547e-117
422.02 4.23308623678e-117
422.03 2.16101692142e-117
422.04 1.10225716758e-117
422.05 5.61734901434e-118
422.06 2.86024738427e-118
422.07 1.45512230748e-118
422.08 7.39637824729e-119
422.09 3.75631875967e-119
422.1 1.90602888661e-119
422.11 9.66318356915e-120
422.12 4.89479709775e-120
422.13 2.47726730246e-120
422.14 1.25266447006e-120
422.15 6.3287852752e-121
422.16 3.19469700889e-121
422.17 1.61124915173e-121
422.18 8.11931593522e-122
422.19 4.08789650832e-122
422.2 2.05638324423e-122
422.21 1.03355105139e-122
422.22 5.19019317452e-123
422.23 2.60410699321e-123
422.24 1.30544277193e-123
422.25 6.53853668279e-124
422.26 3.27210328386e-124
422.27 1.63605219683e-124
422.28 8.17317916985e-125
422.29 4.07951558059e-125
422.3 2.03446341869e-125
422.31 1.01371269881e-125
422.32 5.04665482167e-126
422.33 2.5102445207e-126
422.34 1.24753335753e-126
422.35 6.19458217688e-127
422.36 3.07323367142e-127
422.37 1.52336109335e-127
422.38 7.54455881851e-128
422.39 3.73326269345e-128
422.4 1.84572487218e-128
422.41 9.1173597487e-129
422.42 4.49981781279e-129
422.43 2.21893449822e-129
422.44 1.09324562114e-129
422.45 5.38164099856e-130
422.46 2.64688707031e-130
422.47 1.30070800853e-130
422.48 6.38627959786e-131
422.49 3.13285110913e-131
422.5 1.5355193531e-131
422.51 7.51959665926e-132
422.52 3.67923485236e-132
422.53 1.79863975085e-132
422.54 8.78525914267e-133
422.55 4.2873474291e-133
422.56 2.09048229001e-133
422.57 1.01842257941e-133
422.58 4.95716367685e-134
422.59 2.41080570539e-134
422.6 1.17142604281e-134
422.61 5.68710506684e-135
422.62 2.75861657337e-135
422.63 1.33694993016e-135
422.64 6.47385036832e-136
422.65 3.13208748405e-136
422.66 1.51401027799e-136
422.67 7.31219012948e-137
422.68 3.52849770773e-137
422.69 1.70120212489e-137
422.7 8.19493863529e-138
422.71 3.94420253371e-138
422.72 1.89669029552e-138
422.73 9.1129156204e-139
422.74 4.37463666329e-139
422.75 2.09821670475e-139
422.76 1.0055007635e-139
422.77 4.81435578226e-140
422.78 2.30312585638e-140
422.79 1.10083156249e-140
422.8 5.25711875258e-141
422.81 2.50840936949e-141
422.82 1.19583911216e-141
422.83 5.6960108209e-142
422.84 2.71076937237e-142
422.85 1.28895586528e-142
422.86 6.12360595233e-143
422.87 2.9066995172e-143
422.88 1.378531686e-143
422.89 6.5321640015e-144
422.9 3.09258125665e-144
422.91 1.46288056916e-144
422.92 6.9138560948e-145
422.93 3.26479196467e-145
422.94 1.5403322288e-145
422.95 7.26100949019e-146
422.96 3.41982055943e-146
422.97 1.60928641784e-146
422.98 7.56636147528e-147
422.99 3.55438557295e-147
423.0 1.6682675489e-147
423.01 7.82331071066e-148
423.02 3.66555017463e-148
423.03 1.71597703206e-148
423.04 8.02615394038e-149
423.05 3.75082854302e-149
423.06 1.75134074555e-149
423.07 8.17029624626e-150
423.08 3.80827821548e-150
423.09 1.7735492196e-150
423.1 8.25242403223e-151
423.11 3.83657362812e-151
423.12 1.78208843495e-151
423.13 8.27063164763e-152
423.14 3.83505695867e-152
423.15 1.77675959992e-152
423.16 8.22449489282e-153
423.17 3.80376354947e-153
423.18 1.75768684357e-153
423.19 8.11508744819e-154
423.2 3.74342053836e-154
423.21 1.72531240908e-154
423.22 7.94493933796e-155
423.23 3.6554187717e-155
423.24 1.68037960732e-155
423.25 7.71793967251e-156
423.26 3.54175951443e-156
423.27 1.62390444818e-156
423.28 7.43918889001e-157
423.29 3.40497880814e-157
423.3 1.5571374613e-157
423.31 7.11480833546e-158
423.32 3.24805346886e-158
423.33 1.48151770908e-158
423.34 6.75171709951e-159
423.35 3.07429358645e-159
423.36 1.39862135099e-159
423.37 6.35738746125e-160
423.38 2.88722693594e-160
423.39 1.31010731941e-160
423.4 5.93959096223e-161
423.41 2.6904809106e-161
423.42 1.21766270569e-161
423.43 5.5061470668e-162
423.44 2.48766743938e-162
423.45 1.1229503351e-162
423.46 5.06468557648e-163
423.47 2.28227588348e-163
423.48 1.02756074736e-163
423.49 4.62243255571e-164
423.5 2.07757816864e-164
423.51 9.32970421663e-165
423.52 4.18602762596e-165
423.53 1.87654946837e-165
423.54 8.40507624309e-166
423.55 3.76137825607e-166
423.56 1.68180668523e-166
423.57 7.51326750385e-167
423.58 3.35355429178e-167
423.59 1.49556586439e-167
423.6 6.66391515322e-168
423.61 2.96672359895e-168
423.62 1.31961859338e-168
423.63 5.86466863243e-169
423.64 2.60412749742e-169
423.65 1.15532646216e-169
423.66 5.12119025772e-170
423.67 2.26809276399e-170
423.68 1.00363183348e-170
423.69 4.43722810742e-171
423.7 1.96007547753e-171
423.71 8.650825419e-172
423.72 3.81474939307e-172
423.73 1.68073092105e-172
423.74 7.39867720412e-173
423.75 3.25412088654e-173
423.76 1.43000316059e-173
423.77 6.27861747987e-174
423.78 2.7543223407e-174
423.79 1.20722777056e-174
423.8 5.28673305759e-175
423.81 2.31317909963e-175
423.82 1.01124141957e-175
423.83 4.41696697493e-176
423.84 1.92760110725e-176
423.85 8.40492600936e-177
423.86 3.66162896254e-177
423.87 1.59381711854e-177
423.88 6.93148602718e-178
423.89 3.01188183783e-178
423.9 1.30759490482e-178
423.91 5.67194775907e-179
423.92 2.45818711093e-179
423.93 1.06444043734e-179
423.94 4.60523190487e-180
423.95 1.99069789548e-180
423.96 8.59771257486e-181
423.97 3.71008790704e-181
423.98 1.59959187683e-181
423.99 6.89061353006e-182
424.0 2.96572110416e-182
424.01 1.2753413333e-182
424.02 5.47956742628e-183
424.03 2.35228439725e-183
424.04 1.00892084046e-183
424.05 4.32362551023e-184
424.06 1.85124014977e-184
424.07 7.91956200356e-185
424.08 3.38503589596e-185
424.09 1.44560321714e-185
424.1 6.16820282912e-186
424.11 2.6296133677e-186
424.12 1.12007953929e-186
424.13 4.76682865763e-187
424.14 2.02690750975e-187
424.15 8.61116744906e-188
424.16 3.65522276251e-188
424.17 1.55020587069e-188
424.18 6.56883899741e-189
424.19 2.78106775763e-189
424.2 1.17640872074e-189
424.21 4.97197129879e-190
424.22 2.09953299028e-190
424.23 8.85809851289e-191
424.24 3.73406626813e-191
424.25 1.57270493215e-191
424.26 6.6181436423e-192
424.27 2.782587576e-192
424.28 1.16892112384e-192
424.29 4.90620041275e-193
424.3 2.05744898187e-193
424.31 8.6205818091e-194
424.32 3.60884137201e-194
424.33 1.50946386406e-194
424.34 6.30814054636e-195
424.35 2.63392687552e-195
424.36 1.0988281556e-195
424.37 4.58014847433e-196
424.38 1.90744949224e-196
424.39 7.93688796184e-197
424.4 3.2996749904e-197
424.41 1.3706159861e-197
424.42 5.68832148353e-198
424.43 2.3587188946e-198
424.44 9.77219110172e-199
424.45 4.04512018139e-199
424.46 1.67299490923e-199
424.47 6.9132382198e-200
424.48 2.85425084047e-200
424.49 1.17740659868e-200
424.5 4.85271186969e-201
424.51 1.99832563041e-201
424.52 8.2218911721e-202
424.53 3.37987704735e-202
424.54 1.38820560073e-202
424.55 5.6967924227e-203
424.56 2.33577341152e-203
424.57 9.56873965178e-204
424.58 3.91653920971e-204
424.59 1.60167328427e-204
424.6 6.54438886526e-205
424.61 2.6717017502e-205
424.62 1.08975925332e-205
424.63 4.44116458814e-206
424.64 1.8083682929e-206
424.65 7.35699755373e-207
424.66 2.99046037422e-207
424.67 1.21450471451e-207
424.68 4.92815172826e-208
424.69 1.99798695518e-208
424.7 8.09328695264e-209
424.71 3.27552517602e-209
424.72 1.32452651697e-209
424.73 5.3513589793e-210
424.74 2.16018639097e-210
424.75 8.71248570835e-211
424.76 3.51088532279e-211
424.77 1.41356219668e-211
424.78 5.68639353915e-212
424.79 2.28550731528e-212
424.8 9.17808406448e-213
424.81 3.68252038162e-213
424.82 1.47625710129e-213
424.83 5.9129274826e-214
424.84 2.36628373354e-214
424.85 9.46138677088e-215
424.86 3.77977968803e-215
424.87 1.50869652458e-215
424.88 6.01673668372e-216
424.89 2.39741839632e-216
424.9 9.54443828399e-217
424.91 3.79647572359e-217
424.92 1.50881013523e-217
424.93 5.99117866181e-218
424.94 2.37691505486e-218
424.95 9.42190594349e-219
424.96 3.73153552084e-219
424.97 1.47659062991e-219
424.98 5.83789593079e-220
424.99 2.30609026201e-220
425.0 9.10164657591e-221
425.01 3.5891147661e-221
425.02 1.41409451019e-221
425.03 5.56664132554e-222
425.04 2.18943348078e-222
425.05 8.60387284025e-223
425.06 3.37815773318e-223
425.07 1.3252248683e-223
425.08 5.19425112641e-224
425.09 2.03413616304e-224
425.1 7.95904227456e-225
425.11 3.11146782676e-225
425.12 1.21532807437e-225
425.13 4.74291627762e-226
425.14 1.84935846366e-226
425.15 7.20477549357e-227
425.16 2.8044229862e-227
425.17 1.09066228697e-227
425.18 4.23799838654e-228
425.19 1.64533747778e-228
425.2 6.38223668541e-229
425.21 2.47351491931e-229
425.22 9.57811120298e-230
425.23 3.70568865737e-230
425.24 1.43245732952e-230
425.25 5.53245859297e-231
425.26 2.13490405908e-231
425.27 8.23118316959e-232
425.28 3.170807538e-232
425.29 1.22039722163e-232
425.3 4.69306156039e-233
425.31 1.80316307069e-233
425.32 6.92209364163e-234
425.33 2.65499463848e-234
425.34 1.01745108489e-234
425.35 3.89571468562e-235
425.36 1.49033691311e-235
425.37 5.69646569898e-236
425.38 2.17545561745e-236
425.39 8.30077573994e-237
425.4 3.16454187315e-237
425.41 1.20538761515e-237
425.42 4.58739688986e-238
425.43 1.74433389217e-238
425.44 6.62699487933e-239
425.45 2.51551761812e-239
425.46 9.54029500662e-240
425.47 3.61509702388e-240
425.48 1.36867969231e-240
425.49 5.17734852957e-241
425.5 1.95675608375e-241
425.51 7.38906855902e-242
425.52 2.78783080114e-242
425.53 1.05091318409e-242
425.54 3.95813845211e-243
425.55 1.48949426291e-243
425.56 5.6002885045e-244
425.57 2.10380595036e-244
425.58 7.89631873027e-245
425.59 2.96119749617e-245
425.6 1.10951656202e-245
425.61 4.15359279925e-246
425.62 1.5535947996e-246
425.63 5.80597701638e-247
425.64 2.16788668642e-247
425.65 8.08763525481e-248
425.66 3.01460383782e-248
425.67 1.12269723015e-248
425.68 4.17752220662e-249
425.69 1.55309705311e-249
425.7 5.76902122324e-250
425.71 2.14106272253e-250
425.72 7.93926605885e-251
425.73 2.94140641112e-251
425.74 1.08881332132e-251
425.75 4.02694343448e-252
425.76 1.48806309237e-252
425.77 5.49402806749e-253
425.78 2.0266750211e-253
425.79 7.46966402617e-254
425.8 2.75069054357e-254
425.81 1.01205965639e-254
425.82 3.72043913499e-255
425.83 1.36648858327e-255
425.84 5.01466035805e-256
425.85 1.83865713864e-256
425.86 6.73571484833e-257
425.87 2.46541677656e-257
425.88 9.016141377e-258
425.89 3.29438833591e-258
425.9 1.20268690604e-258
425.91 4.38686314707e-259
425.92 1.59874537988e-259
425.93 5.82141058292e-260
425.94 2.11787767406e-260
425.95 7.69834244389e-261
425.96 2.79587204641e-261
425.97 1.01452106891e-261
425.98 3.67814259252e-262
425.99 1.33235441509e-262
426.0 4.82208300196e-263
426.01 1.7437061939e-263
426.02 6.29992894785e-264
426.03 2.27416360572e-264
426.04 8.20222108596e-265
426.05 2.9557312954e-265
426.06 1.06419727158e-265
426.07 3.82827427304e-266
426.08 1.37596586814e-266
426.09 4.94124046999e-267
426.1 1.77291547564e-267
426.11 6.35570578215e-268
426.12 2.2764769164e-268
426.13 8.14678827404e-269
426.14 2.91295194994e-269
426.15 1.04064816941e-269
426.16 3.71448185207e-270
426.17 1.32469613623e-270
426.18 4.72017402726e-271
426.19 1.68044175665e-271
426.2 5.97740428932e-272
426.21 2.12434725397e-272
426.22 7.5433125199e-273
426.23 2.67622365273e-273
426.24 9.48650895489e-274
426.25 3.35980560138e-274
426.26 1.18890072285e-274
426.27 4.20340024209e-275
426.28 1.48483983848e-275
426.29 5.2406142091e-276
426.3 1.84802772044e-276
426.31 6.51116176467e-277
426.32 2.29209282416e-277
426.33 8.06175564454e-278
426.34 2.83302737926e-278
426.35 9.94708033785e-279
426.36 3.48950794841e-279
426.37 1.22308452341e-279
426.38 4.28324051785e-280
426.39 1.49869123025e-280
426.4 5.23932793654e-281
426.41 1.83004897062e-281
426.42 6.38665641106e-282
426.43 2.22693789994e-282
426.44 7.7582964973e-283
426.45 2.70052593106e-283
426.46 9.3919126175e-284
426.47 3.26349872345e-284
426.48 1.13301735852e-284
426.49 3.93018860821e-285
426.5 1.36211549678e-285
426.51 4.71669927792e-286
426.52 1.63187223873e-286
426.53 5.64102251659e-287
426.54 1.94828830997e-287
426.55 6.7231426895e-288
426.56 2.31800914561e-288
426.57 7.98512417388e-289
426.58 2.74834921925e-289
426.59 9.45117641041e-290
426.6 3.24730840057e-290
426.61 1.11476908179e-290
426.62 3.82357846134e-291
426.63 1.3103243465e-291
426.64 4.48653775758e-292
426.65 1.53485571641e-292
426.66 5.24623206525e-293
426.67 1.79164165703e-293
426.68 6.11333954782e-294
426.69 2.08415299658e-294
426.7 7.09911789674e-295
426.71 2.41603317134e-295
426.72 8.21533181686e-296
426.73 2.79107198962e-296
426.74 9.47415923728e-297
426.75 3.21317244488e-297
426.76 1.08880749189e-297
426.77 3.68631021391e-298
426.78 1.24697105076e-298
426.79 4.21448560943e-299
426.8 1.42316905451e-299
426.81 4.80166791657e-300
426.82 1.61864445022e-300
426.83 5.45173222996e-301
426.84 1.83459955265e-301
426.85 6.16838911888e-302
426.86 2.07217272987e-302
426.87 6.95510767932e-303
426.88 2.33241311511e-303
426.89 7.81503277869e-304
426.9 2.61625363994e-304
426.91 8.75089755605e-305
426.92 2.92448276584e-305
426.93 9.76493249928e-306
426.94 3.25771537261e-306
426.95 1.08587726746e-306
426.96 3.61636334023e-307
426.97 1.20333649221e-307
426.98 4.0006064328e-308
426.99 1.32888770449e-308
427.0 4.4103641556e-309
427.01 1.46246111999e-309
427.02 4.8452693069e-310
427.03 1.60389238329e-310
427.04 5.30464398073e-311
427.05 1.7529154583e-311
427.06 5.78747879315e-312
427.07 1.90915666028e-312
427.08 6.2924161008e-313
427.09 2.07213006904e-313
427.1 6.81773795327e-314
427.11 2.24123455094e-314
427.12 7.36135946934e-315
427.13 2.41575259667e-315
427.14 7.92082827045e-316
427.15 2.5948511512e-316
427.16 8.49333034544e-317
427.17 2.77758468996e-317
427.18 9.07570429669e-318
427.19 2.9629017968e-318
427.2 9.66446750487e-319
427.21 3.14966849224e-319
427.22 1.02558146764e-319
427.23 3.33642530637e-320
427.24 1.08447409262e-320
427.25 3.52268805485e-321
427.26 1.14129164189e-321
427.27 3.70549234381e-322
427.28 1.18575755002e-322
427.29 3.95252516673e-323
427.3 1.48219693752e-323
427.31 4.94065645841e-324
427.32 0.0
427.33 0.0
427.34 0.0
427.35 0.0
427.36 0.0
427.37 0.0
427.38 0.0
427.39 0.0
427.4 0.0
427.41 0.0
427.42 0.0
427.43 0.0
427.44 0.0
427.45 0.0
427.46 0.0
427.47 0.0
427.48 0.0
427.49 0.0
427.5 0.0
427.51 0.0
427.52 0.0
427.53 0.0
427.54 0.0
427.55 0.0
427.56 0.0
427.57 0.0
427.58 0.0
427.59 0.0
427.6 0.0
427.61 0.0
427.62 0.0
427.63 0.0
427.64 0.0
427.65 0.0
427.66 0.0
427.67 0.0
427.68 0.0
427.69 0.0
427.7 0.0
427.71 0.0
427.72 0.0
427.73 0.0
427.74 0.0
427.75 0.0
427.76 0.0
427.77 0.0
427.78 0.0
427.79 0.0
427.8 0.0
427.81 0.0
427.82 0.0
427.83 0.0
427.84 0.0
427.85 0.0
427.86 0.0
427.87 0.0
427.88 0.0
427.89 0.0
427.9 0.0
427.91 0.0
427.92 0.0
427.93 0.0
427.94 0.0
427.95 0.0
427.96 0.0
427.97 0.0
427.98 0.0
427.99 0.0
428.0 0.0
428.01 0.0
428.02 0.0
428.03 0.0
428.04 0.0
428.05 0.0
428.06 0.0
428.07 0.0
428.08 0.0
428.09 0.0
428.1 0.0
428.11 0.0
428.12 0.0
428.13 0.0
428.14 0.0
428.15 0.0
428.16 0.0
428.17 0.0
428.18 0.0
428.19 0.0
428.2 0.0
428.21 0.0
428.22 0.0
428.23 0.0
428.24 0.0
428.25 0.0
428.26 0.0
428.27 0.0
428.28 0.0
428.29 0.0
428.3 0.0
428.31 0.0
428.32 0.0
428.33 0.0
428.34 0.0
428.35 0.0
428.36 0.0
428.37 0.0
428.38 0.0
428.39 0.0
428.4 0.0
428.41 0.0
428.42 0.0
428.43 0.0
428.44 0.0
428.45 0.0
428.46 0.0
428.47 0.0
428.48 0.0
428.49 0.0
428.5 0.0
428.51 0.0
428.52 0.0
428.53 0.0
428.54 0.0
428.55 0.0
428.56 0.0
428.57 0.0
428.58 0.0
428.59 0.0
428.6 0.0
428.61 0.0
428.62 0.0
428.63 0.0
428.64 0.0
428.65 0.0
428.66 0.0
428.67 0.0
428.68 0.0
428.69 0.0
428.7 0.0
428.71 0.0
428.72 0.0
428.73 0.0
428.74 0.0
428.75 0.0
428.76 0.0
428.77 0.0
428.78 0.0
428.79 0.0
428.8 0.0
428.81 0.0
428.82 0.0
428.83 0.0
428.84 0.0
428.85 0.0
428.86 0.0
428.87 0.0
428.88 0.0
428.89 0.0
428.9 0.0
428.91 0.0
428.92 0.0
428.93 0.0
428.94 0.0
428.95 0.0
428.96 0.0
428.97 0.0
428.98 0.0
428.99 0.0
429.0 0.0
429.01 0.0
429.02 0.0
429.03 0.0
429.04 0.0
429.05 0.0
429.06 0.0
429.07 0.0
429.08 0.0
429.09 0.0
429.1 0.0
429.11 0.0
429.12 0.0
429.13 0.0
429.14 0.0
429.15 0.0
429.16 0.0
429.17 0.0
429.18 0.0
429.19 0.0
429.2 0.0
429.21 0.0
429.22 0.0
429.23 0.0
429.24 0.0
429.25 0.0
429.26 0.0
429.27 0.0
429.28 0.0
429.29 0.0
429.3 0.0
429.31 0.0
429.32 0.0
429.33 0.0
429.34 0.0
429.35 0.0
429.36 0.0
429.37 0.0
429.38 0.0
429.39 0.0
429.4 0.0
429.41 0.0
429.42 0.0
429.43 0.0
429.44 0.0
429.45 0.0
429.46 0.0
429.47 0.0
429.48 0.0
429.49 0.0
429.5 0.0
429.51 0.0
429.52 0.0
429.53 0.0
429.54 0.0
429.55 0.0
429.56 0.0
429.57 0.0
429.58 0.0
429.59 0.0
429.6 0.0
429.61 0.0
429.62 0.0
429.63 0.0
429.64 0.0
429.65 0.0
429.66 0.0
429.67 0.0
429.68 0.0
429.69 0.0
429.7 0.0
429.71 0.0
429.72 0.0
429.73 0.0
429.74 0.0
429.75 0.0
429.76 0.0
429.77 0.0
429.78 0.0
429.79 0.0
429.8 0.0
429.81 0.0
429.82 0.0
429.83 0.0
429.84 0.0
429.85 0.0
429.86 0.0
429.87 0.0
429.88 0.0
429.89 0.0
429.9 0.0
429.91 0.0
429.92 0.0
429.93 0.0
429.94 0.0
429.95 0.0
429.96 0.0
429.97 0.0
429.98 0.0
429.99 0.0
