400.0 3.287563859e-70
400.01 5.52196123314e-70
400.02 9.26693723854e-70
400.03 1.55382749701e-69
400.04 2.60311344901e-69
400.05 4.35719605594e-69
400.06 7.28693373533e-69
400.07 1.2176045186e-68
400.08 2.03278475258e-68
400.09 3.3907849777e-68
400.1 5.65109774019e-68
400.11 9.40998865313e-68
400.12 1.56555775266e-67
400.13 2.60239250257e-67
400.14 4.32215380704e-67
400.15 7.17218277353e-67
400.16 1.1891213916e-66
400.17 1.96981185945e-66
400.18 3.26022081817e-66
400.19 5.39129377236e-66
400.2 8.90764069504e-66
400.21 1.47046975641e-65
400.22 2.42534327087e-65
400.23 3.9968149956e-65
400.24 6.58079844591e-65
400.25 1.0825970656e-64
400.26 1.7794214198e-64
400.27 2.92223067369e-64
400.28 4.7948374486e-64
400.29 7.86062348582e-64
400.3 1.28754914003e-63
400.31 2.10714462245e-63
400.32 3.44547091108e-63
400.33 5.62893901816e-63
400.34 9.18815286959e-63
400.35 1.4984891174e-62
400.36 2.44175837976e-62
400.37 3.97535111499e-62
400.38 6.46654064197e-62
400.39 1.05097465421e-61
400.4 1.70661746627e-61
400.41 2.76887813713e-61
400.42 4.48843779537e-61
400.43 7.26959626349e-61
400.44 1.17638393601e-60
400.45 1.90200472511e-60
400.46 3.07254187224e-60
400.47 4.95915567032e-60
400.48 7.99726311538e-60
400.49 1.2885424807e-59
400.5 2.07433936734e-59
400.51 3.33644976803e-59
400.52 5.36183054375e-59
400.53 8.60924942925e-59
400.54 1.38115114925e-58
400.55 2.21381252538e-58
400.56 3.5453913758e-58
400.57 5.67297983845e-58
400.58 9.06947209225e-58
400.59 1.44869342799e-57
400.6 2.31203648741e-57
400.61 3.6866897357e-57
400.62 5.87357080529e-57
400.63 9.34956789407e-57
400.64 1.48697813783e-56
400.65 2.36287822229e-56
400.66 3.7514728549e-56
400.67 5.95094572747e-56
400.68 9.43178480241e-56
400.69 1.49356968267e-55
400.7 2.36309297002e-55
400.71 3.73559546454e-55
400.72 5.90014361887e-55
400.73 9.3108437681e-55
400.74 1.46804445906e-54
400.75 2.31266692582e-54
400.76 3.64007794433e-54
400.77 5.7244265786e-54
400.78 8.99449963004e-54
400.79 1.41203590346e-53
400.8 2.21481870853e-53
400.81 3.47099780975e-53
400.82 5.43493317273e-53
400.83 8.5027182773e-53
400.84 1.32906151808e-52
400.85 2.07565939649e-52
400.86 3.23884980281e-52
400.87 5.04951003936e-52
400.88 7.86559143258e-52
400.89 1.22415733783e-51
400.9 1.90356104634e-51
400.91 2.95746824596e-51
400.92 4.59089208481e-51
400.93 7.12029177593e-51
400.94 1.10337263679e-50
400.95 1.70832438753e-50
400.96 2.64266543693e-50
400.97 4.08448909641e-50
400.98 6.30749637983e-50
400.99 9.73195274136e-50
401.0 1.50026053534e-49
401.01 2.31077197409e-49
401.02 3.5560774447e-49
401.03 5.46775494377e-49
401.04 8.39983172465e-49
401.05 1.28930552067e-48
401.06 1.97726469184e-48
401.07 3.02968511095e-48
401.08 4.63824715191e-48
401.09 7.09469929778e-48
401.1 1.08427092438e-47
401.11 1.65563783876e-47
401.12 2.52590252695e-47
401.13 3.85027317735e-47
401.14 5.86394938239e-47
401.15 8.92303495513e-47
401.16 1.35662147723e-46
401.17 2.06076511898e-46
401.18 3.12767784485e-46
401.19 4.74284842332e-46
401.2 7.18588378569e-46
401.21 1.08778945828e-45
401.22 1.64525498285e-45
401.23 2.48625286339e-45
401.24 3.75388609275e-45
401.25 5.66292222275e-45
401.26 8.53539876864e-45
401.27 1.28537765966e-44
401.28 1.93402191762e-44
401.29 2.90747338602e-44
401.3 4.3671068416e-44
401.31 6.55383643844e-44
401.32 9.82700309271e-44
401.33 1.47221181681e-43
401.34 2.20365304746e-43
401.35 3.29564064209e-43
401.36 4.92447791465e-43
401.37 7.35197887786e-43
401.38 1.09666004198e-42
401.39 1.63441937284e-42
401.4 2.43376530406e-42
401.41 3.6209089312e-42
401.42 5.38245269016e-42
401.43 7.99404434085e-42
401.44 1.18625101486e-41
401.45 1.758775283e-41
401.46 2.6053604896e-41
401.47 3.85610636187e-41
401.48 5.70235037506e-41
401.49 8.42524435084e-41
401.5 1.2437549563e-40
401.51 1.83447102287e-40
401.52 2.70340181012e-40
401.53 3.98046726738e-40
401.54 5.85573245874e-40
401.55 8.60700604158e-40
401.56 1.2639989175e-39
401.57 1.85466300305e-39
401.58 2.71898635377e-39
401.59 3.98265566611e-39
401.6 5.8285725128e-39
401.61 8.52266387365e-39
401.62 1.24512292634e-38
401.63 1.81749327073e-38
401.64 2.65067880712e-38
401.65 3.86246994031e-38
401.66 5.62337222899e-38
401.67 8.17998040937e-38
401.68 1.18886189611e-37
401.69 1.72637152701e-37
401.7 2.50472951769e-37
401.71 3.63087347773e-37
401.72 5.25878130004e-37
401.73 7.60996775756e-37
401.74 1.10028257718e-36
401.75 1.58945913918e-36
401.76 2.294130993e-36
401.77 3.30834482262e-36
401.78 4.76680118091e-36
401.79 6.86225765096e-36
401.8 9.87030821604e-36
401.81 1.41846335717e-35
401.82 2.03671021037e-35
401.83 2.92189141525e-35
401.84 4.1881537523e-35
401.85 5.99797807135e-35
401.86 8.58244132517e-35
401.87 1.22698859201e-34
401.88 1.75264484271e-34
401.89 2.5013301971e-34
401.9 3.56674322935e-34
401.91 5.08155203839e-34
401.92 7.2334356423e-34
401.93 1.02876594315e-33
401.94 1.46188176229e-33
401.95 2.07554249682e-33
401.96 2.94425027588e-33
401.97 4.17293414862e-33
401.98 5.90924573974e-33
401.99 8.36077012119e-33
402.0 1.18190951003e-32
402.01 1.66934416744e-32
402.02 2.35576114015e-32
402.03 3.32154649048e-32
402.04 4.67921639399e-32
402.05 6.58611996291e-32
402.06 9.26210833347e-32
402.07 1.30140894769e-31
402.08 1.82701213875e-31
402.09 2.56267061946e-31
402.1 3.59143374798e-31
402.11 5.02882637335e-31
402.12 7.03540553025e-31
402.13 9.8341163632e-31
402.14 1.37342599264e-30
402.15 1.91645618372e-30
402.16 2.6718756304e-30
402.17 3.7218365447e-30
402.18 5.17990822783e-30
402.19 7.20295244457e-30
402.2 1.00074341718e-29
402.21 1.38918040599e-29
402.22 1.9267185054e-29
402.23 2.66994060782e-29
402.24 3.69665265472e-29
402.25 5.11374893828e-29
402.26 7.06795656437e-29
402.27 9.76049973505e-29
402.28 1.34670957704e-28
402.29 1.85651967302e-28
402.3 2.55710684803e-28
402.31 3.51902139595e-28
402.32 4.83858808886e-28
402.33 6.64720555839e-28
402.34 9.12395802738e-28
402.35 1.25127037071e-27
402.36 1.71452078934e-27
402.37 2.34724305441e-27
402.38 3.21068044019e-27
402.39 4.3879312499e-27
402.4 5.99164755534e-27
402.41 8.17440999286e-27
402.42 1.11426960987e-26
402.43 1.51756697895e-26
402.44 2.06504330165e-26
402.45 2.80759312281e-26
402.46 3.81384369058e-26
402.47 5.17625093332e-26
402.48 7.01926221633e-26
402.49 9.51023664534e-26
402.5 1.2874041164e-25
402.51 1.74125419465e-25
402.52 2.35306091617e-25
402.53 3.17707800237e-25
402.54 4.28594207609e-25
402.55 5.77681459936e-25
402.56 7.77954637959e-25
402.57 1.04675207756e-24
402.58 1.40720413075e-24
402.59 1.89014048138e-24
402.6 2.53661629684e-24
402.61 3.40125494015e-24
402.62 4.55666714411e-24
402.63 6.09928795789e-24
402.64 8.15707926327e-24
402.65 1.08996848158e-23
402.66 1.4551806445e-23
402.67 1.94108070153e-23
402.68 2.58698545292e-23
402.69 3.44483237392e-23
402.7 4.58316944325e-23
402.71 6.09238648529e-23
402.72 8.09156804992e-23
402.73 1.07374622065e-22
402.74 1.42362077825e-22
402.75 1.88586543398e-22
402.76 2.49603571508e-22
402.77 3.30076497751e-22
402.78 4.36116102759e-22
402.79 5.7572270182e-22
402.8 7.59361019666e-22
402.81 1.00070704464e-21
402.82 1.31761741706e-21
402.83 1.73338649798e-21
402.84 2.27837498772e-21
402.85 2.99211796462e-21
402.86 3.92605095204e-21
402.87 5.147031948e-21
402.88 6.74188761762e-21
402.89 8.82327603515e-21
402.9 1.15372402447e-20
402.91 1.50729312632e-20
402.92 1.96751120152e-20
402.93 2.5660222689e-20
402.94 3.34370027546e-20
402.95 4.35329375111e-20
402.96 5.66281427771e-20
402.97 7.35987394077e-20
402.98 9.55723237987e-20
402.99 1.23998841685e-19
403.0 1.60741058272e-19
403.01 2.08189935555e-19
403.02 2.69411636989e-19
403.03 3.48334654752e-19
403.04 4.49987788428e-19
403.05 5.80802511608e-19
403.06 7.48996788839e-19
403.07 9.65061828834e-19
403.08 1.24237880382e-18
403.09 1.5979995064e-18
403.1 2.05363359784e-18
403.11 2.63689595131e-18
403.12 3.38288113723e-18
403.13 4.3361489886e-18
403.14 5.55322622645e-18
403.15 7.1057553155e-18
403.16 9.08445428265e-18
403.17 1.16040916772e-17
403.18 1.48097310391e-17
403.19 1.88845614548e-17
403.2 2.40597078209e-17
403.21 3.06265097441e-17
403.22 3.8951875793e-17
403.23 4.94974652364e-17
403.24 6.28436287577e-17
403.25 7.97192606141e-17
403.26 1.01038986706e-16
403.27 1.27949447463e-16
403.28 1.61886845255e-16
403.29 2.04648430149e-16
403.3 2.58481215743e-16
403.31 3.26191973525e-16
403.32 4.11283479907e-16
403.33 5.18123121276e-16
403.34 6.5215134349e-16
403.35 8.20139116357e-16
403.36 1.03050563552e-15
403.37 1.29370998122e-15
403.38 1.62273348918e-15
403.39 2.03367327597e-15
403.4 2.54647183401e-15
403.41 3.18581303293e-15
403.42 3.98222142685e-15
403.43 4.97340970532e-15
403.44 6.2059287154e-15
403.45 7.73718605612e-15
403.46 9.63791320018e-15
403.47 1.1995177902e-14
403.48 1.49160588673e-14
403.49 1.8532123956e-14
403.5 2.3004882355e-14
403.51 2.85324161347e-14
403.52 3.53574385029e-14
403.53 4.37770762071e-14
403.54 5.4154733468e-14
403.55 6.69344663914e-14
403.56 8.2658382165e-14
403.57 1.01987679046e-13
403.58 1.25728064191e-13
403.59 1.54860430296e-13
403.6 1.90577842896e-13
403.61 2.34330092941e-13
403.62 2.87877309482e-13
403.63 3.53354411681e-13
403.64 4.33348515579e-13
403.65 5.30991808145e-13
403.66 6.50072869617e-13
403.67 7.95169977153e-13
403.68 9.71810572682e-13
403.69 1.18666184181e-12
403.7 1.44775824796e-12
403.71 1.76477291867e-12
403.72 2.14934101409e-12
403.73 2.61544465198e-12
403.74 3.17987065062e-12
403.75 3.86275432257e-12
403.76 4.6882248506e-12
403.77 5.68517045596e-12
403.78 6.88814468524e-12
403.79 8.33843876524e-12
403.8 1.00853491808e-11
403.81 1.21876745071e-11
403.82 1.47154811775e-11
403.83 1.77521844006e-11
403.84 2.13969979915e-11
403.85 2.5767815596e-11
403.86 3.10045958269e-11
403.87 3.7273335397e-11
403.88 4.47707276252e-11
403.89 5.37296189623e-11
403.9 6.44253936931e-11
403.91 7.71834370331e-11
403.92 9.23878497924e-11
403.93 1.10491614004e-10
403.94 1.32028438848e-10
403.95 1.57626550317e-10
403.96 1.88024726901e-10
403.97 2.2409092772e-10
403.98 2.66843909649e-10
403.99 3.17478286813e-10
404.0 3.77393550177e-10
404.01 4.48227637728e-10
404.02 5.31895727918e-10
404.03 6.30635021705e-10
404.04 7.47056382911e-10
404.05 8.84203823977e-10
404.06 1.04562295602e-09
404.07 1.23543966994e-09
404.08 1.45845048079e-09
404.09 1.72022615294e-09
404.1 2.02723043001e-09
404.11 2.38695592415e-09
404.12 2.80807947592e-09
404.13 3.30063958096e-09
404.14 3.87623879628e-09
404.15 4.54827438997e-09
404.16 5.33220088573e-09
404.17 6.24582858266e-09
404.18 7.30966260345e-09
404.19 8.54728754411e-09
404.2 9.98580337115e-09
404.21 1.16563188389e-08
404.22 1.35945093879e-08
404.23 1.58412472361e-08
404.24 1.84433121957e-08
404.25 2.14541926411e-08
404.26 2.49349870254e-08
404.27 2.89554173973e-08
404.28 3.35949675101e-08
404.29 3.89441593514e-08
404.3 4.51059832483e-08
404.31 5.21974981384e-08
404.32 6.03516201311e-08
404.33 6.9719119132e-08
404.34 8.04708450608e-08
404.35 9.28002070704e-08
404.36 1.06925931166e-07
404.37 1.23095123737e-07
404.38 1.41586670757e-07
404.39 1.62715004741e-07
404.4 1.8683427406e-07
404.41 2.14342951759e-07
404.42 2.45688923776e-07
404.43 2.81375099237e-07
404.44 3.21965588435e-07
404.45 3.68092497081e-07
404.46 4.20463388529e-07
404.47 4.79869468783e-07
404.48 5.47194552312e-07
404.49 6.23424869908e-07
404.5 7.09659783038e-07
404.51 8.0712347236e-07
404.52 9.17177671196e-07
404.53 1.04133551784e-06
404.54 1.18127660351e-06
404.55 1.33886329552e-06
404.56 1.51615841788e-06
404.57 1.71544437369e-06
404.58 1.93924379585e-06
404.59 2.19034181425e-06
404.6 2.47181002849e-06
404.61 2.78703227633e-06
404.62 3.13973228781e-06
404.63 3.53400331461e-06
404.64 3.97433982294e-06
404.65 4.46567133621e-06
404.66 5.0133985106e-06
404.67 5.62343152302e-06
404.68 6.30223084556e-06
404.69 7.05685047455e-06
404.7 7.894983675e-06
404.71 8.825011292e-06
404.72 9.8560526709e-06
404.73 1.0998019216e-05
404.74 1.22616706041e-05
404.75 1.36586736545e-05
404.76 1.52016638395e-05
404.77 1.6904309402e-05
404.78 1.8781378024e-05
404.79 2.08488059708e-05
404.8 2.31237696065e-05
404.81 2.5624759155e-05
404.82 2.83716545476e-05
404.83 3.13858031708e-05
404.84 3.46900992948e-05
404.85 3.83090649271e-05
404.86 4.22689318027e-05
404.87 4.65977241804e-05
404.88 5.13253420793e-05
404.89 5.64836445451e-05
404.9 6.21065324958e-05
404.91 6.82300306527e-05
404.92 7.48923680168e-05
404.93 8.21340563095e-05
404.94 8.99979657481e-05
404.95 9.85293974846e-05
404.96 0.00010777615199
404.97 0.000117788592626
404.98 0.0001286197036
404.99 0.000140325141466
405.0 0.000152963279283
405.01 0.000166595242534
405.02 0.000181284935834
405.03 0.000197099059487
405.04 0.000214107114866
405.05 0.000232381397618
405.06 0.000251996977675
405.07 0.000273031665027
405.08 0.000295565960226
405.09 0.000319682988629
405.1 0.000345468417336
405.11 0.000373010353878
405.12 0.000402399225705
405.13 0.000433727639565
405.14 0.000467090219949
405.15 0.00050258342581
405.16 0.000540305344865
405.17 0.000580355464857
405.18 0.000622834421267
405.19 0.000667843721061
405.2 0.000715485442192
405.21 0.000765861908694
405.22 0.000819075341353
405.23 0.0008752274841
405.24 0.000934419206414
405.25 0.000996750082219
405.26 0.00106231794591
405.27 0.00113121842636
405.28 0.00120354445992
405.29 0.00127938578371
405.3 0.00135882841049
405.31 0.00144195408697
405.32 0.00152883973717
405.33 0.00161955689311
405.34 0.00171417111497
405.35 0.00181274140317
405.36 0.00191531960517
405.37 0.00202194981972
405.38 0.00213266780167
405.39 0.00224750037052
405.4 0.00236646482612
405.41 0.00248956837496
405.42 0.0026168075708
405.43 0.00274816777322
405.44 0.00288362262812
405.45 0.00302313357386
405.46 0.00316664937712
405.47 0.00331410570234
405.48 0.00346542471869
405.49 0.00362051474846
405.5 0.00377926996065
405.51 0.00394157011353
405.52 0.00410728034966
405.53 0.00427625104686
405.54 0.00444831772828
405.55 0.00462330103462
405.56 0.00480100676113
405.57 0.00498122596202
405.58 0.00516373512415
405.59 0.00534829641203
405.6 0.00553465798544
405.61 0.00572255439067
405.62 0.00591170702612
405.63 0.00610182468226
405.64 0.00629260415595
405.65 0.00648373093817
405.66 0.00667487997413
405.67 0.00686571649403
405.68 0.00705589691238
405.69 0.00724506979327
405.7 0.00743287687852
405.71 0.00761895417513
405.72 0.00780293309814
405.73 0.00798444166445
405.74 0.00816310573272
405.75 0.00833855028428
405.76 0.00851040073934
405.77 0.00867828430281
405.78 0.00884183133335
405.79 0.00900067672937
405.8 0.00915446132537
405.81 0.00930283329172
405.82 0.00944544953101
405.83 0.00958197706412
405.84 0.00971209439876
405.85 0.00983549287373
405.86 0.0099518779719
405.87 0.0100609705951
405.88 0.0101625082946
405.89 0.0102562464501
405.9 0.0103419593923
405.91 0.0104194414625
405.92 0.0104885080036
405.93 0.0105489962779
405.94 0.0106007663084
405.95 0.0106437016367
405.96 0.0106777099962
405.97 0.0107027238982
405.98 0.0107187011252
405.99 0.0107256251334
406.0 0.0107235053609
406.01 0.0107123774412
406.02 0.0106923033228
406.03 0.0106633712947
406.04 0.0106256959192
406.05 0.0105794178745
406.06 0.0105247037074
406.07 0.0104617455023
406.08 0.0103907604659
406.09 0.0103119904355
406.1 0.0102257013119
406.11 0.0101321824233
406.12 0.0100317458261
406.13 0.00992472554547
406.14 0.00981147676385
406.15 0.00969237496199
406.16 0.00956781501887
406.17 0.00943821027667
406.18 0.00930399157691
406.19 0.00916560627392
406.2 0.00902351723173
406.21 0.00887820181027
406.22 0.00873015084667
406.23 0.00857986763705
406.24 0.00842786692405
406.25 0.00827467389496
406.26 0.00812082319467
406.27 0.00796685795774
406.28 0.00781332886269
406.29 0.00766079321184
406.3 0.00750981403889
406.31 0.00736095924615
406.32 0.00721480077274
406.33 0.00707191379426
406.34 0.00693287595417
406.35 0.00679826662609
406.36 0.00666866620598
406.37 0.00654465543233
406.38 0.00642681473212
406.39 0.00631572358936
406.4 0.00621195993315
406.41 0.0061160995409
406.42 0.00602871545271
406.43 0.00595037739179
406.44 0.00588165118605
406.45 0.00582309818522
406.46 0.00577527466798
406.47 0.00573873123319
406.48 0.00571401216938
406.49 0.00570165479647
406.5 0.00570218877386
406.51 0.00571613536913
406.52 0.00574400668183
406.53 0.005786304817
406.54 0.00584352100354
406.55 0.00591613465299
406.56 0.00600461235471
406.57 0.00610940680406
406.58 0.00623095566098
406.59 0.00636968033685
406.6 0.00652598470843
406.61 0.00670025375869
406.62 0.00689285214482
406.63 0.00710412269507
406.64 0.00733438483689
406.65 0.0075839329597
406.66 0.00785303471696
406.67 0.00814192927303
406.68 0.00845082550143
406.69 0.0087799001422
406.7 0.00912929592705
406.71 0.00949911968204
406.72 0.00988944041844
406.73 0.0103002874236
406.74 0.0107316483641
406.75 0.0111834674145
406.76 0.0116556434266
406.77 0.0121480281525
406.78 0.0126604245381
406.79 0.0131925851026
406.8 0.0137442104192
406.81 0.014314947715
406.82 0.0149043896056
406.83 0.0155120729808
406.84 0.0161374780588
406.85 0.0167800276238
406.86 0.0174390864639
406.87 0.0181139610234
406.88 0.0188038992844
406.89 0.0195080908915
406.9 0.0202256675321
406.91 0.0209557035827
406.92 0.0216972170331
406.93 0.0224491706961
406.94 0.0232104737104
406.95 0.0239799833419
406.96 0.0247565070879
406.97 0.0255388050856
406.98 0.0263255928256
406.99 0.0271155441679
407.0 0.0279072946575
407.01 0.028699445132
407.02 0.0294905656146
407.03 0.0302791994818
407.04 0.0310638678927
407.05 0.0318430744666
407.06 0.0326153101915
407.07 0.0333790585453
407.08 0.0341328008092
407.09 0.0348750215514
407.1 0.0356042142558
407.11 0.0363188870719
407.12 0.037017568657
407.13 0.0376988140837
407.14 0.0383612107818
407.15 0.0390033844851
407.16 0.0396240051508
407.17 0.0402217928205
407.18 0.0407955233887
407.19 0.0413440342488
407.2 0.0418662297811
407.21 0.0423610866526
407.22 0.0428276588961
407.23 0.043265082737
407.24 0.0436725811378
407.25 0.0440494680313
407.26 0.044395152215
407.27 0.0447091408784
407.28 0.0449910427417
407.29 0.0452405707803
407.3 0.0454575445157
407.31 0.0456418918544
407.32 0.0457936504584
407.33 0.0459129686329
407.34 0.0460001057215
407.35 0.0460554319993
407.36 0.0460794280589
407.37 0.0460726836856
407.38 0.0460358962226
407.39 0.0459698684287
407.4 0.045875505833
407.41 0.045753813597
407.42 0.0456058928937
407.43 0.0454329368179
407.44 0.0452362258447
407.45 0.0450171228547
407.46 0.0447770677478
407.47 0.0445175716693
407.48 0.044240210874
407.49 0.0439466202567
407.5 0.0436384865786
407.51 0.0433175414218
407.52 0.042985553904
407.53 0.0426443231884
407.54 0.0422956708242
407.55 0.0419414329546
407.56 0.0415834524283
407.57 0.041223570853
407.58 0.0408636206296
407.59 0.0405054170036
407.6 0.0401507501725
407.61 0.0398013774883
407.62 0.0394590157897
407.63 0.0391253339027
407.64 0.0388019453453
407.65 0.0384904012696
407.66 0.0381921836764
407.67 0.0379086989334
407.68 0.037641271629
407.69 0.0373911387887
407.7 0.0371594444835
407.71 0.0369472348542
407.72 0.0367554535757
407.73 0.0365849377818
407.74 0.0364364144703
407.75 0.0363104974039
407.76 0.0362076845229
407.77 0.0361283558794
407.78 0.0360727721049
407.79 0.0360410734153
407.8 0.0360332791608
407.81 0.0360492879197
407.82 0.0360888781371
407.83 0.0361517093045
407.84 0.0362373236746
407.85 0.0363451485029
407.86 0.0364744988056
407.87 0.0366245806201
407.88 0.0367944947532
407.89 0.0369832409988
407.9 0.0371897228047
407.91 0.0374127523674
407.92 0.0376510561303
407.93 0.037903280659
407.94 0.0381679988668
407.95 0.0384437165595
407.96 0.0387288792714
407.97 0.0390218793569
407.98 0.0393210633074
407.99 0.0396247392566
408.0 0.0399311846411
408.01 0.0402386539787
408.02 0.0405453867286
408.03 0.0408496151971
408.04 0.0411495724511
408.05 0.0414435002031
408.06 0.0417296566311
408.07 0.0420063240964
408.08 0.0422718167258
408.09 0.0425244878203
408.1 0.0427627370599
408.11 0.0429850174696
408.12 0.0431898421165
408.13 0.0433757905077
408.14 0.0435415146623
408.15 0.0436857448288
408.16 0.0438072948271
408.17 0.0439050669903
408.18 0.0439780566869
408.19 0.0440253564077
408.2 0.0440461593997
408.21 0.0440397628363
408.22 0.0440055705122
408.23 0.0439430950571
408.24 0.0438519596611
408.25 0.0437318993122
408.26 0.0435827615427
408.27 0.0434045066911
408.28 0.0431972076812
408.29 0.042961049329
408.3 0.0426963271854
408.31 0.0424034459286
408.32 0.0420829173195
408.33 0.0417353577377
408.34 0.0413614853159
408.35 0.0409621166924
408.36 0.040538163405
408.37 0.0400906279475
408.38 0.0396205995147
408.39 0.0391292494604
408.4 0.0386178264948
408.41 0.0380876516484
408.42 0.0375401130297
408.43 0.0369766604039
408.44 0.0363987996207
408.45 0.0358080869191
408.46 0.035206123135
408.47 0.0345945478405
408.48 0.0339750334394
408.49 0.0333492792452
408.5 0.0327190055656
408.51 0.0320859478175
408.52 0.0314518506937
408.53 0.030818462404
408.54 0.0301875290082
408.55 0.0295607888611
408.56 0.0289399671852
408.57 0.0283267707863
408.58 0.027722882926
408.59 0.0271299583634
408.6 0.0265496185756
408.61 0.0259834471671
408.62 0.0254329854753
408.63 0.0248997283782
408.64 0.0243851203088
408.65 0.0238905514806
408.66 0.0234173543256
408.67 0.0229668001469
408.68 0.022540095985
408.69 0.0221383816989
408.7 0.0217627272591
408.71 0.0214141302511
408.72 0.0210935135868
408.73 0.0208017234217
408.74 0.0205395272727
408.75 0.0203076123354
408.76 0.0201065839961
408.77 0.0199369645353
408.78 0.0197991920198
408.79 0.0196936193801
408.8 0.0196205136711
408.81 0.0195800555118
408.82 0.019572338705
408.83 0.0195973700329
408.84 0.0196550692294
408.85 0.0197452691274
408.86 0.0198677159824
408.87 0.0200220699716
408.88 0.0202079058711
408.89 0.0204247139113
408.9 0.0206719008128
408.91 0.0209487910056
408.92 0.0212546280334
408.93 0.0215885761456
408.94 0.0219497220801
408.95 0.022337077039
408.96 0.0227495788609
408.97 0.0231860943905
408.98 0.0236454220485
408.99 0.0241262946034
409.0 0.0246273821457
409.01 0.0251472952644
409.02 0.0256845884259
409.03 0.0262377635538
409.04 0.026805273806
409.05 0.0273855275467
409.06 0.027976892508
409.07 0.0285777001344
409.08 0.0291862501038
409.09 0.0298008150153
409.1 0.0304196452336
409.11 0.031040973879
409.12 0.0316630219492
409.13 0.0322840035584
409.14 0.0329021312772
409.15 0.0335156215578
409.16 0.034122700223
409.17 0.0347216080015
409.18 0.035310606087
409.19 0.0358879817001
409.2 0.036452053628
409.21 0.0370011777211
409.22 0.0375337523193
409.23 0.0380482235845
409.24 0.0385430907139
409.25 0.0390169110084
409.26 0.0394683047707
409.27 0.0398959600082
409.28 0.040298636916
409.29 0.0406751721156
409.3 0.0410244826264
409.31 0.0413455695468
409.32 0.0416375214251
409.33 0.0418995172993
409.34 0.0421308293878
409.35 0.0423308254146
409.36 0.042498970554
409.37 0.042634828982
409.38 0.0427380650241
409.39 0.0428084438902
409.4 0.0428458319911
409.41 0.0428501968327
409.42 0.0428216064856
409.43 0.0427602286327
409.44 0.0426663291963
409.45 0.0425402705532
409.46 0.0423825093434
409.47 0.0421935938854
409.48 0.0419741612107
409.49 0.0417249337325
409.5 0.041446715567
409.51 0.0411403885256
409.52 0.0408069078025
409.53 0.0404472973773
409.54 0.040062645161
409.55 0.0396540979105
409.56 0.0392228559382
409.57 0.0387701676487
409.58 0.0382973239294
409.59 0.0378056524263
409.6 0.0372965117371
409.61 0.0367712855512
409.62 0.0362313767684
409.63 0.0356782016279
409.64 0.0351131838773
409.65 0.0345377490123
409.66 0.0339533186166
409.67 0.0333613048298
409.68 0.0327631049714
409.69 0.0321600963453
409.7 0.0315536312518
409.71 0.0309450322271
409.72 0.0303355875335
409.73 0.0297265469193
409.74 0.0291191176644
409.75 0.0285144609285
409.76 0.0279136884145
409.77 0.0273178593578
409.78 0.0267279778508
409.79 0.0261449905089
409.8 0.0255697844834
409.81 0.0250031858211
409.82 0.0244459581745
409.83 0.0238988018563
409.84 0.0233623532375
409.85 0.0228371844811
409.86 0.0223238036037
409.87 0.0218226548561
409.88 0.0213341194095
409.89 0.0208585163365
409.9 0.0203961038704
409.91 0.0199470809276
409.92 0.0195115888768
409.93 0.0190897135349
409.94 0.018681487373
409.95 0.0182868919109
409.96 0.0179058602801
409.97 0.0175382799356
409.98 0.0171839954938
409.99 0.0168428116762
410.0 0.0165144963381
410.01 0.01619878356
410.02 0.0158953767815
410.03 0.0156039519584
410.04 0.0153241607211
410.05 0.0150556335168
410.06 0.0147979827167
410.07 0.0145508056701
410.08 0.0143136876898
410.09 0.0140862049525
410.1 0.0138679273002
410.11 0.0136584209296
410.12 0.0134572509572
410.13 0.0132639838492
410.14 0.0130781897074
410.15 0.0128994444034
410.16 0.0127273315525
410.17 0.0125614443246
410.18 0.0124013870865
410.19 0.0122467768725
410.2 0.0120972446836
410.21 0.0119524366137
410.22 0.0118120148047
410.23 0.0116756582323
410.24 0.0115430633264
410.25 0.0114139444299
410.26 0.011288034102
410.27 0.0111650832716
410.28 0.0110448612491
410.29 0.0109271556025
410.3 0.0108117719092
410.31 0.0106985333895
410.32 0.0105872804339
410.33 0.0104778700329
410.34 0.0103701751204
410.35 0.0102640838397
410.36 0.0101594987453
410.37 0.0100563359484
410.38 0.00995452421869
410.39 0.009854004052
410.4 0.00975472671436
410.41 0.00965665327239
410.42 0.00955975361963
410.43 0.00946400550804
410.44 0.00936939359339
410.45 0.00927590850269
410.46 0.0091835459313
410.47 0.00909230577654
410.48 0.00900219131432
410.49 0.0089132084241
410.5 0.00882536486736
410.51 0.00873866962337
410.52 0.00865313228598
410.53 0.00856876252386
410.54 0.00848556960604
410.55 0.00840356199412
410.56 0.00832274700134
410.57 0.00824313051834
410.58 0.00816471680465
410.59 0.00808750834424
410.6 0.00801150576302
410.61 0.00793670780536
410.62 0.00786311136645
410.63 0.00779071157665
410.64 0.00771950193361
410.65 0.00764947447759
410.66 0.00758062000505
410.67 0.00751292831535
410.68 0.00744638848523
410.69 0.00738098916545
410.7 0.00731671889404
410.71 0.00725356642063
410.72 0.00719152103598
410.73 0.00713057290148
410.74 0.007070713373
410.75 0.00701193531401
410.76 0.00695423339291
410.77 0.00689760435997
410.78 0.00684204729933
410.79 0.00678756385225
410.8 0.00673415840774
410.81 0.00668183825758
410.82 0.00663061371276
410.83 0.00658049817919
410.84 0.00653150819067
410.85 0.00648366339801
410.86 0.00643698651323
410.87 0.00639150320865
410.88 0.00634724197095
410.89 0.00630423391086
410.9 0.00626251252963
410.91 0.00622211344377
410.92 0.00618307407019
410.93 0.00614543327408
410.94 0.00610923098248
410.95 0.00607450776653
410.96 0.00604130439617
410.97 0.00600966137087
410.98 0.00597961843064
410.99 0.00595121405139
411.0 0.00592448492937
411.01 0.00589946545898
411.02 0.00587618720888
411.03 0.00585467840092
411.04 0.00583496339679
411.05 0.00581706219696
411.06 0.00580098995656
411.07 0.00578675652275
411.08 0.00577436599781
411.09 0.0057638163322
411.1 0.0057550989514
411.11 0.00574819842029
411.12 0.00574309214828
411.13 0.00573975013846
411.14 0.00573813478313
411.15 0.00573820070845
411.16 0.00573989466973
411.17 0.00574315549928
411.18 0.00574791410775
411.19 0.00575409353972
411.2 0.00576160908392
411.21 0.00577036843795
411.22 0.00578027192686
411.23 0.00579121277488
411.24 0.00580307742875
411.25 0.00581574593102
411.26 0.00582909234132
411.27 0.00584298520291
411.28 0.00585728805202
411.29 0.00587185996669
411.3 0.00588655615182
411.31 0.00590122855679
411.32 0.00591572652186
411.33 0.00592989744917
411.34 0.00594358749432
411.35 0.00595664227405
411.36 0.0059689075856
411.37 0.00598023013338
411.38 0.00599045825828
411.39 0.00599944266512
411.4 0.0060070371439
411.41 0.00601309928018
411.42 0.00601749115055
411.43 0.00602007999879
411.44 0.00602073888875
411.45 0.00601934733017
411.46 0.00601579187373
411.47 0.00600996667191
411.48 0.00600177400256
411.49 0.00599112475225
411.5 0.0059779388568
411.51 0.00596214569673
411.52 0.00594368444557
411.53 0.0059225043694
411.54 0.00589856507627
411.55 0.00587183671441
411.56 0.00584230011865
411.57 0.00580994690457
411.58 0.0057747795104
411.59 0.00573681118688
411.6 0.00569606593567
411.61 0.0056525783973
411.62 0.00560639368957
411.63 0.00555756719804
411.64 0.00550616432022
411.65 0.00545226016535
411.66 0.00539593921192
411.67 0.0053372949253
411.68 0.00527642933794
411.69 0.00521345259486
411.7 0.0051484824672
411.71 0.0050816438368
411.72 0.00501306815481
411.73 0.00494289287741
411.74 0.00487126088178
411.75 0.00479831986551
411.76 0.00472422173269
411.77 0.00464912196973
411.78 0.00457317901413
411.79 0.00449655361929
411.8 0.00441940821845
411.81 0.00434190629056
411.82 0.00426421173111
411.83 0.00418648823061
411.84 0.0041088986633
411.85 0.00403160448871
411.86 0.00395476516835
411.87 0.00387853759981
411.88 0.00380307557029
411.89 0.00372852923152
411.9 0.00365504459784
411.91 0.00358276306893
411.92 0.00351182097877
411.93 0.00344234917193
411.94 0.00337447260842
411.95 0.00330830999794
411.96 0.0032439734644
411.97 0.00318156824122
411.98 0.00312119239798
411.99 0.00306293659868
412.0 0.00300688389185
412.01 0.00295310953248
412.02 0.00290168083579
412.03 0.00285265706257
412.04 0.00280608933582
412.05 0.00276202058822
412.06 0.00272048553998
412.07 0.00268151070642
412.08 0.00264511443461
412.09 0.00261130696822
412.1 0.0025800905399
412.11 0.00255145949004
412.12 0.00252540041124
412.13 0.00250189231718
412.14 0.00248090683504
412.15 0.00246240842024
412.16 0.00244635459244
412.17 0.00243269619154
412.18 0.00242137765257
412.19 0.0024123372982
412.2 0.00240550764761
412.21 0.00240081574057
412.22 0.00239818347527
412.23 0.00239752795885
412.24 0.00239876186919
412.25 0.00240179382669
412.26 0.00240652877487
412.27 0.00241286836836
412.28 0.00242071136704
412.29 0.00242995403512
412.3 0.00244049054378
412.31 0.00245221337618
412.32 0.00246501373358
412.33 0.00247878194125
412.34 0.00249340785305
412.35 0.00250878125336
412.36 0.00252479225527
412.37 0.00254133169373
412.38 0.00255829151259
412.39 0.00257556514434
412.4 0.00259304788151
412.41 0.00261063723849
412.42 0.00262823330293
412.43 0.00264573907552
412.44 0.00266306079721
412.45 0.00268010826296
412.46 0.00269679512104
412.47 0.00271303915707
412.48 0.00272876256191
412.49 0.00274389218266
412.5 0.00275835975605
412.51 0.00277210212346
412.52 0.0027850614271
412.53 0.00279718528663
412.54 0.00280842695579
412.55 0.00281874545866
412.56 0.00282810570502
412.57 0.00283647858474
412.58 0.00284384104066
412.59 0.00285017612016
412.6 0.00285547300501
412.61 0.00285972701969
412.62 0.00286293961822
412.63 0.00286511834954
412.64 0.00286627680183
412.65 0.00286643452597
412.66 0.00286561693848
412.67 0.00286385520465
412.68 0.002861186102
412.69 0.00285765186516
412.7 0.00285330001251
412.71 0.00284818315549
412.72 0.00284235879148
412.73 0.00283588908108
412.74 0.00282884061086
412.75 0.00282128414247
412.76 0.00281329434948
412.77 0.00280494954286
412.78 0.00279633138647
412.79 0.00278752460374
412.8 0.00277861667692
412.81 0.00276969754009
412.82 0.00276085926751
412.83 0.00275219575841
412.84 0.00274380241987
412.85 0.00273577584902
412.86 0.00272821351597
412.87 0.00272121344889
412.88 0.00271487392265
412.89 0.00270929315214
412.9 0.0027045689918
412.91 0.00270079864252
412.92 0.00269807836696
412.93 0.00269650321467
412.94 0.00269616675789
412.95 0.00269716083902
412.96 0.00269957533074
412.97 0.00270349790947
412.98 0.00270901384294
412.99 0.00271620579242
413.0 0.0027251536301
413.01 0.00273593427193
413.02 0.00274862152625
413.03 0.00276328595821
413.04 0.00277999477004
413.05 0.00279881169694
413.06 0.00281979691845
413.07 0.00284300698471
413.08 0.00286849475725
413.09 0.00289630936353
413.1 0.00292649616457
413.11 0.00295909673464
413.12 0.00299414885217
413.13 0.00303168650073
413.14 0.0030717398788
413.15 0.0031143354173
413.16 0.00315949580334
413.17 0.00320724000896
413.18 0.00325758332334
413.19 0.00331053738712
413.2 0.00336611022734
413.21 0.00342430629159
413.22 0.00348512647985
413.23 0.00354856817273
413.24 0.00361462525478
413.25 0.0036832881315
413.26 0.00375454373902
413.27 0.00382837554523
413.28 0.00390476354154
413.29 0.00398368422442
413.3 0.00406511056595
413.31 0.00414901197308
413.32 0.00423535423506
413.33 0.00432409945907
413.34 0.00441520599395
413.35 0.00450862834245
413.36 0.00460431706226
413.37 0.00470221865673
413.38 0.00480227545589
413.39 0.00490442548908
413.4 0.00500860235041
413.41 0.00511473505846
413.42 0.00522274791212
413.43 0.00533256034419
413.44 0.00544408677497
413.45 0.00555723646798
413.46 0.00567191339013
413.47 0.00578801607878
413.48 0.00590543751832
413.49 0.00602406502876
413.5 0.00614378016917
413.51 0.00626445865848
413.52 0.00638597031655
413.53 0.00650817902787
413.54 0.00663094273083
413.55 0.00675411343481
413.56 0.00687753726753
413.57 0.00700105455496
413.58 0.00712449993579
413.59 0.00724770251231
413.6 0.0073704860393
413.61 0.00749266915233
413.62 0.00761406563645
413.63 0.00773448473615
413.64 0.00785373150695
413.65 0.00797160720872
413.66 0.00808790974052
413.67 0.00820243411637
413.68 0.00831497298081
413.69 0.00842531716311
413.7 0.00853325626821
413.71 0.00863857930237
413.72 0.00874107533101
413.73 0.00884053416595
413.74 0.00893674707886
413.75 0.00902950753739
413.76 0.00911861196028
413.77 0.00920386048723
413.78 0.00928505775939
413.79 0.00936201370577
413.8 0.00943454433093
413.81 0.00950247249908
413.82 0.00956562870958
413.83 0.00962385185878
413.84 0.00967698998318
413.85 0.00972490097877
413.86 0.00976745329152
413.87 0.00980452657423
413.88 0.00983601230482
413.89 0.0098618143615
413.9 0.00988184955056
413.91 0.00989604808247
413.92 0.00990435399267
413.93 0.00990672550347
413.94 0.00990313532402
413.95 0.00989357088552
413.96 0.00987803450958
413.97 0.00985654350771
413.98 0.00982913021065
413.99 0.0097958419267
414.0 0.00975674082853
414.01 0.00971190376863
414.02 0.00966142202407
414.03 0.00960540097156
414.04 0.00954395969442
414.05 0.0094772305236
414.06 0.00940535851528
414.07 0.00932850086787
414.08 0.00924682628213
414.09 0.00916051426797
414.1 0.00906975440211
414.11 0.00897474554135
414.12 0.008875694996
414.13 0.00877281766866
414.14 0.00866633516364
414.15 0.00855647487251
414.16 0.00844346904135
414.17 0.00832755382535
414.18 0.00820896833666
414.19 0.00808795369107
414.2 0.0079647520593
414.21 0.00783960572848
414.22 0.00771275617939
414.23 0.00758444318454
414.24 0.00745490393255
414.25 0.0073243721833
414.26 0.00719307745871
414.27 0.0070612442732
414.28 0.00692909140795
414.29 0.00679683123223
414.3 0.00666466907529
414.31 0.00653280265121
414.32 0.00640142153936
414.33 0.00627070672206
414.34 0.00614083018118
414.35 0.0060119545544
414.36 0.00588423285199
414.37 0.00575780823396
414.38 0.00563281384746
414.39 0.00550937272367
414.4 0.00538759773301
414.41 0.00526759159714
414.42 0.00514944695597
414.43 0.00503324648734
414.44 0.00491906307694
414.45 0.00480696003549
414.46 0.00469699136023
414.47 0.00458920203732
414.48 0.00448362838162
414.49 0.00438029841022
414.5 0.00427923224578
414.51 0.00418044254592
414.52 0.00408393495454
414.53 0.00398970857107
414.54 0.0038977564337
414.55 0.0038080660125
414.56 0.00372061970863
414.57 0.00363539535563
414.58 0.00355236671923
414.59 0.00347150399201
414.6 0.00339277427956
414.61 0.00331614207487
414.62 0.00324156971799
414.63 0.0031690178381
414.64 0.00309844577556
414.65 0.00302981198154
414.66 0.0029630743933
414.67 0.00289819078326
414.68 0.00283511908044
414.69 0.00277381766314
414.7 0.0027142456217
414.71 0.00265636299102
414.72 0.00260013095212
414.73 0.00254551200291
414.74 0.00249247009815
414.75 0.00244097075903
414.76 0.002390981153
414.77 0.00234247014473
414.78 0.00229540831925
414.79 0.00224976797838
414.8 0.00220552311213
414.81 0.00216264934643
414.82 0.00212112386899
414.83 0.00208092533516
414.84 0.00204203375565
414.85 0.00200443036826
414.86 0.00196809749552
414.87 0.00193301839056
414.88 0.00189917707324
414.89 0.00186655815877
414.9 0.00183514668089
414.91 0.00180492791185
414.92 0.00177588718113
414.93 0.00174800969506
414.94 0.00172128035915
414.95 0.00169568360511
414.96 0.00167120322418
414.97 0.00164782220856
414.98 0.00162552260238
414.99 0.00160428536362
415.0 0.00158409023823
415.01 0.00156491564765
415.02 0.00154673859055
415.03 0.00152953455979
415.04 0.00151327747513
415.05 0.00149793963228
415.06 0.00148349166864
415.07 0.0014699025459
415.08 0.0014571395497
415.09 0.00144516830603
415.1 0.0014339528144
415.11 0.00142345549732
415.12 0.00141363726547
415.13 0.00140445759824
415.14 0.00139587463868
415.15 0.00138784530208
415.16 0.00138032539736
415.17 0.00137326976017
415.18 0.00136663239663
415.19 0.00136036663653
415.2 0.00135442529489
415.21 0.00134876084048
415.22 0.00134332557013
415.23 0.0013380717874
415.24 0.00133295198445
415.25 0.00132791902559
415.26 0.00132292633131
415.27 0.00131792806141
415.28 0.00131287929606
415.29 0.00130773621338
415.3 0.00130245626244
415.31 0.00129699833055
415.32 0.00129132290364
415.33 0.00128539221879
415.34 0.00127917040796
415.35 0.00127262363193
415.36 0.00126572020378
415.37 0.00125843070116
415.38 0.00125072806668
415.39 0.00124258769593
415.4 0.00123398751272
415.41 0.00122490803116
415.42 0.0012153324043
415.43 0.00120524645933
415.44 0.00119463871906
415.45 0.00118350040998
415.46 0.00117182545675
415.47 0.00115961046357
415.48 0.00114685468261
415.49 0.00113355996993
415.5 0.00111973072923
415.51 0.00110537384421
415.52 0.00109049859976
415.53 0.00107511659305
415.54 0.00105924163484
415.55 0.00104288964201
415.56 0.00102607852202
415.57 0.00100882805007
415.58 0.000991159739949
415.59 0.000973096709245
415.6 0.000954663540029
415.61 0.000935886135715
415.62 0.000916791575094
415.63 0.0008974079644
415.64 0.000877764288283
415.65 0.000857890260549
415.66 0.000837816175505
415.67 0.000817572760721
415.68 0.000797191031975
415.69 0.000776702151123
415.7 0.000756137287598
415.71 0.000735527484179
415.72 0.000714903527642
415.73 0.000694295824847
415.74 0.000673734284762
415.75 0.000653248206868
415.76 0.000632866176344
415.77 0.000612615966368
415.78 0.000592524447805
415.79 0.00057261750652
415.8 0.000552919968471
415.81 0.000533455532707
415.82 0.000514246712315
415.83 0.000495314783349
415.84 0.000476679741675
415.85 0.000458360267656
415.86 0.000440373698546
415.87 0.000422736008408
415.88 0.00040546179535
415.89 0.000388564275828
415.9 0.000372055285727
415.91 0.000355945287915
415.92 0.000340243385938
415.93 0.000324957343476
415.94 0.000310093609208
415.95 0.000295657346677
415.96 0.000281652468752
415.97 0.000268081676282
415.98 0.000254946500515
415.99 0.000242247348866
416.0 0.000229983553619
416.01 0.000218153423138
416.02 0.000206754295194
416.03 0.000195782591993
416.04 0.000185233876525
416.05 0.000175102909858
416.06 0.000165383709023
416.07 0.000156069605134
416.08 0.000147153301428
416.09 0.000138626930924
416.1 0.000130482113397
416.11 0.000122710011429
416.12 0.00011530138527
416.13 0.000108246646306
416.14 0.000101535908927
416.15 9.51590406204e-05
416.16 8.91057101371e-05
416.17 8.33654335924e-05
416.18 7.79276183982e-05
416.19 7.27816049278e-05
416.2 6.79167058452e-05
416.21 6.33222430458e-05
416.22 5.89875821732e-05
416.23 5.49021646961e-05
416.24 5.10555375412e-05
416.25 4.7437380298e-05
416.26 4.40375300207e-05
416.27 4.08460036672e-05
416.28 3.78530182266e-05
416.29 3.50490085962e-05
416.3 3.24246432769e-05
416.31 2.9970837968e-05
416.32 2.76787671433e-05
416.33 2.55398737007e-05
416.34 2.35458767811e-05
416.35 2.16887778534e-05
416.36 1.99608651695e-05
416.37 1.83547166915e-05
416.38 1.68632015951e-05
416.39 1.54794804547e-05
416.4 1.41970042136e-05
416.41 1.30095120416e-05
416.42 1.19110281818e-05
416.43 1.08958578845e-05
416.44 9.95858252378e-06
416.45 9.0940539905e-06
416.46 8.29738844887e-06
416.47 7.56395954318e-06
416.48 6.88939113506e-06
416.49 6.26954964791e-06
416.5 5.70053609107e-06
416.51 5.17867783127e-06
416.52 4.7005201747e-06
416.53 4.26281781822e-06
416.54 3.86252622386e-06
416.55 3.49679296612e-06
416.56 3.16294909728e-06
416.57 2.85850057157e-06
416.58 2.58111976478e-06
416.59 2.32863712218e-06
416.6 2.0990329634e-06
416.61 1.89042946939e-06
416.62 1.70108287334e-06
416.63 1.52937587357e-06
416.64 1.37381028406e-06
416.65 1.23299993467e-06
416.66 1.10566383104e-06
416.67 9.90619581207e-07
416.68 8.86777094161e-07
416.69 7.93132553006e-07
416.7 7.08762663959e-07
416.71 6.32819180455e-07
416.72 5.64523700225e-07
416.73 5.03162731874e-07
416.74 4.48083026283e-07
416.75 3.98687167186e-07
416.76 3.54429414377e-07
416.77 3.14811792275e-07
416.78 2.7938041599e-07
416.79 2.47722046511e-07
416.8 2.19460866298e-07
416.81 1.94255466259e-07
416.82 1.71796034902e-07
416.83 1.51801740357e-07
416.84 1.34018295929e-07
416.85 1.18215699854e-07
416.86 1.0418614004e-07
416.87 9.17420547057e-08
416.88 8.07143399953e-08
416.89 7.09506958896e-08
416.9 6.23141019603e-08
416.91 5.46814147995e-08
416.92 4.79420792438e-08
416.93 4.19969458253e-08
416.94 3.67571871986e-08
416.95 3.21433066247e-08
416.96 2.80842319228e-08
416.97 2.45164886368e-08
416.98 2.13834464959e-08
416.99 1.86346335776e-08
417.0 1.62251129076e-08
417.01 1.41149165459e-08
417.02 1.22685325182e-08
417.03 1.06544402514e-08
417.04 9.2446904592e-09
417.05 8.01452570159e-09
417.06 6.94203810686e-09
417.07 6.00786099885e-09
417.08 5.19489141159e-09
417.09 4.48804070234e-09
417.1 3.8740106894e-09
417.11 3.34109294417e-09
417.12 2.87898905803e-09
417.13 2.47864988371e-09
417.14 2.13213191786e-09
417.15 1.83246914831e-09
417.16 1.57355883447e-09
417.17 1.35005982449e-09
417.18 1.15730213807e-09
417.19 9.91206659297e-10
417.2 8.48213890947e-10
417.21 7.25220819889e-10
417.22 6.19525033728e-10
417.23 5.28775311822e-10
417.24 4.50927989773e-10
417.25 3.84208465966e-10
417.26 3.27077282145e-10
417.27 2.78200267758e-10
417.28 2.36422290306e-10
417.29 2.00744201657e-10
417.3 1.70302613451e-10
417.31 1.44352173875e-10
417.32 1.22250053382e-10
417.33 1.03442378837e-10
417.34 8.74523842275e-11
417.35 7.38700719489e-11
417.36 6.23432017832e-11
417.37 5.25694455258e-11
417.38 4.42895637775e-11
417.39 3.72814780638e-11
417.4 3.13551262798e-11
417.41 2.63480026891e-11
417.42 2.21212954794e-11
417.43 1.85565453447e-11
417.44 1.55527578536e-11
417.45 1.3023910595e-11
417.46 1.08968033858e-11
417.47 9.10920626503e-12
417.48 7.60826568758e-12
417.49 6.34913434724e-12
417.5 5.29379447237e-12
417.51 4.41004832136e-12
417.52 3.67065301428e-12
417.53 3.05257982776e-12
417.54 2.53638069983e-12
417.55 2.10564698266e-12
417.56 1.74654748388e-12
417.57 1.44743458392e-12
417.58 1.19850873997e-12
417.59 9.91533012375e-13
417.6 8.19590401848e-13
417.61 6.7687778649e-13
417.62 5.58531115484e-13
417.63 4.60477268042e-13
417.64 3.79308636601e-13
417.65 3.12177055328e-13
417.66 2.56704180072e-13
417.67 2.10905844125e-13
417.68 1.73128274271e-13
417.69 1.419943613e-13
417.7 1.16358445241e-13
417.71 9.52683038812e-14
417.72 7.79332287763e-14
417.73 6.36972404955e-14
417.74 5.20166380541e-14
417.75 4.24411998379e-14
417.76 3.45984576881e-14
417.77 2.81805547579e-14
417.78 2.29332734599e-14
417.79 1.86468841902e-14
417.8 1.51485201866e-14
417.81 1.22958302514e-14
417.82 9.97170037153e-15
417.83 8.07986853173e-15
417.84 6.5412851415e-15
417.85 5.2910952522e-15
417.86 4.27613877897e-15
417.87 3.45288183044e-15
417.88 2.78570646523e-15
417.89 2.2454981481e-15
417.9 1.80848021899e-15
417.91 1.455253113e-15
417.92 1.17000313013e-15
417.93 9.39851465144e-16
417.94 7.54319151931e-16
417.95 6.04887707167e-16
417.96 4.8463870481e-16
417.97 3.87958386591e-16
417.98 3.10295806455e-16
417.99 2.47964997471e-16
418.0 1.97983303841e-16
418.01 1.57939393702e-16
418.02 1.25885606981e-16
418.03 1.00250235741e-16
418.04 7.97661148219e-17
418.05 6.34125457456e-17
418.06 5.03681094916e-17
418.07 3.9972363187e-17
418.08 3.16947778079e-17
418.09 2.51095720452e-17
418.1 1.98753425634e-17
418.11 1.57185922077e-17
418.12 1.2420422918e-17
418.13 9.80579553346e-18
418.14 7.73486957662e-18
418.15 6.09602682641e-18
418.16 4.80025663288e-18
418.17 3.77664145357e-18
418.18 2.96873045448e-18
418.19 2.33162923508e-18
418.2 1.82966646831e-18
418.21 1.43452485842e-18
418.22 1.12374543451e-18
418.23 8.79531736186e-19
418.24 6.87794663197e-19
418.25 5.37390272843e-19
418.26 4.19512120626e-19
418.27 3.27207264813e-19
418.28 2.54991130555e-19
418.29 1.98541328682e-19
418.3 1.54454471554e-19
418.31 1.20053205472e-19
418.32 9.32332336646e-20
418.33 7.23421558422e-20
418.34 5.60835968618e-20
418.35 4.3441417046e-20
418.36 3.36198537884e-20
418.37 2.59962898098e-20
418.38 2.00840193863e-20
418.39 1.55029235873e-20
418.4 1.19563960791e-20
418.41 9.21320411722e-21
418.42 7.09324245938e-21
418.43 5.45635513903e-21
418.44 4.19357260609e-21
418.45 3.22024871947e-21
418.46 2.47069068736e-21
418.47 1.89396109146e-21
418.48 1.45059922106e-21
418.49 1.11006277575e-21
418.5 8.48733514108e-22
418.51 6.48363975009e-22
418.52 4.94868845095e-22
418.53 3.77385372528e-22
418.54 2.87543612751e-22
418.55 2.18900170385e-22
418.56 1.66499213646e-22
418.57 1.26532470149e-22
418.58 9.60761294171e-23
418.59 7.28874443976e-23
418.6 5.52476309893e-23
418.61 4.18406391312e-23
418.62 3.16596910189e-23
418.63 2.39352929193e-23
418.64 1.80798379638e-23
418.65 1.36450155071e-23
418.66 1.02890966259e-23
418.67 7.75182875927e-24
418.68 5.8351873922e-24
418.69 4.38863191746e-24
418.7 3.29782206541e-24
418.71 2.47599061503e-24
418.72 1.85735312749e-24
418.73 1.39207835602e-24
418.74 1.04245326367e-24
418.75 7.79961593824e-25
418.76 5.83060412182e-25
418.77 4.35489416529e-25
418.78 3.24986534873e-25
418.79 2.42313071157e-25
418.8 1.80514473614e-25
418.81 1.34360288917e-25
418.82 9.99202567487e-26
418.83 7.42437442553e-26
418.84 5.51175498227e-26
418.85 4.08830843693e-26
418.86 3.02984991047e-26
418.87 2.24348045423e-26
418.88 1.65976719849e-26
418.89 1.22686217564e-26
418.9 9.06083224054e-27
418.91 6.68596524047e-27
418.92 4.92928412536e-27
418.93 3.63100880085e-27
418.94 2.6723569313e-27
418.95 1.96510309077e-27
418.96 1.44377635848e-27
418.97 1.05983492275e-27
418.98 7.77320709239e-28
418.99 5.6962096225e-28
419.0 4.17056986135e-28
419.01 3.0509040564e-28
419.02 2.22990012933e-28
419.03 1.62841834985e-28
419.04 1.18814727137e-28
419.05 8.66160301331e-29
419.06 6.30884688496e-29
419.07 4.59119154707e-29
419.08 3.33829375154e-29
419.09 2.42519910598e-29
419.1 1.76032947909e-29
419.11 1.27662762174e-29
419.12 9.25035125746e-30
419.13 6.69693253949e-30
419.14 4.84414725509e-30
419.15 3.50092221508e-30
419.16 2.5279664098e-30
419.17 1.82382787438e-30
419.18 1.31468016729e-30
419.19 9.46847608003e-31
419.2 6.81339823748e-31
419.21 4.89859092736e-31
419.22 3.51886241277e-31
419.23 2.52555663133e-31
419.24 1.81107171865e-31
419.25 1.29759122146e-31
419.26 9.28889088369e-32
419.27 6.64375389184e-32
419.28 4.74773995711e-32
419.29 3.38987765156e-32
419.3 2.41827026777e-32
419.31 1.72365110196e-32
419.32 1.22748897162e-32
419.33 8.73392682415e-33
419.34 6.209050777e-33
419.35 4.41026399246e-33
419.36 3.12987990721e-33
419.37 2.21929213548e-33
419.38 1.57226224845e-33
419.39 1.11290786544e-33
419.4 7.87076869071e-34
419.41 5.56158782165e-34
419.42 3.92648698308e-34
419.43 2.76970322775e-34
419.44 1.95202791824e-34
419.45 1.37455627521e-34
419.46 9.67080747368e-35
419.47 6.79808612814e-35
419.48 4.77457038771e-35
419.49 3.35046935721e-35
419.5 2.34909571648e-35
419.51 1.64558184785e-35
419.52 1.15175995778e-35
419.53 8.05430693707e-36
419.54 5.6275334941e-36
419.55 3.92854483262e-36
419.56 2.74011664815e-36
419.57 1.90954589777e-36
419.58 1.32958119555e-36
419.59 9.24960824969e-37
419.6 6.42917914193e-37
419.61 4.46489682096e-37
419.62 3.09806867073e-37
419.63 2.14780260683e-37
419.64 1.48772069e-37
419.65 1.02960858018e-37
419.66 7.11945281115e-38
419.67 4.91863721084e-38
419.68 3.39521029229e-38
419.69 2.34159767918e-38
419.7 1.61354689415e-38
419.71 1.11089910524e-38
419.72 7.64172411825e-39
419.73 5.25208571185e-39
419.74 3.60658330292e-39
419.75 2.47447940195e-39
419.76 1.69627175567e-39
419.77 1.16179828503e-39
419.78 7.9504139943e-40
419.79 5.43591264653e-40
419.8 3.71346133997e-40
419.81 2.53459782136e-40
419.82 1.72847427398e-40
419.83 1.17771578331e-40
419.84 8.01755195976e-41
419.85 5.45339283853e-41
419.86 3.70608602883e-41
419.87 2.51644777461e-41
419.88 1.70719865326e-41
419.89 1.15718796922e-41
419.9 7.8369571588e-42
419.91 5.30291600283e-42
419.92 3.58513683271e-42
419.93 2.42170052685e-42
419.94 1.63440186475e-42
419.95 1.10209992923e-42
419.96 7.42517702806e-43
419.97 4.99823144898e-43
419.98 3.36162779271e-43
419.99 2.25894991047e-43
420.0 1.5166567034e-43
420.01 1.01739989711e-43
420.02 6.81898605479e-44
420.03 4.56637556719e-44
420.04 3.05525290447e-44
420.05 2.04242640295e-44
420.06 1.36417277813e-44
420.07 9.10366052301e-45
420.08 6.06996857086e-45
420.09 4.04371503544e-45
420.1 2.69152461402e-45
420.11 1.78994580257e-45
420.12 1.1893375185e-45
420.13 7.89576237587e-46
420.14 5.23729133008e-46
420.15 3.47090804608e-46
420.16 2.29828136734e-46
420.17 1.52050200322e-46
420.18 1.00506583337e-46
420.19 6.6378240325e-47
420.2 4.3800661871e-47
420.21 2.88774821241e-47
420.22 1.90222413107e-47
420.23 1.251952242e-47
420.24 8.23261015209e-48
420.25 5.40892613636e-48
420.26 3.55065326512e-48
420.27 2.32878389704e-48
420.28 1.52606779514e-48
420.29 9.99176423765e-49
420.3 6.53633407508e-49
420.31 4.27218466372e-49
420.32 2.78990557505e-49
420.33 1.82034080884e-49
420.34 1.18669638231e-49
420.35 7.72947939866e-50
420.36 5.03019223062e-50
420.37 3.27071447285e-50
420.38 2.12483100968e-50
420.39 1.37920832977e-50
420.4 8.94456160416e-51
420.41 5.79578091133e-51
420.42 3.75222241318e-51
420.43 2.42710686661e-51
420.44 1.56860262365e-51
420.45 1.01288627828e-51
420.46 6.53479775051e-52
420.47 4.21237790906e-52
420.48 2.71297764199e-52
420.49 1.74577719235e-52
420.5 1.12241930714e-52
420.51 7.2101641838e-53
420.52 4.62763281893e-53
420.53 2.96753837031e-53
420.54 1.90133002432e-53
420.55 1.21714517555e-53
420.56 7.78486292927e-54
420.57 4.97488757643e-54
420.58 3.17642996372e-54
420.59 2.02637122557e-54
420.6 1.29158338051e-54
420.61 8.2252593173e-55
420.62 5.23359922001e-55
420.63 3.32717035484e-55
420.64 2.11335923536e-55
420.65 1.34120550338e-55
420.66 8.50434832804e-56
420.67 5.38778759274e-56
420.68 3.41038652839e-56
420.69 2.15685254334e-56
420.7 1.36289066903e-56
420.71 8.60449316527e-57
420.72 5.42766809254e-57
420.73 3.42077872922e-57
420.74 2.15407289688e-57
420.75 1.35525033143e-57
420.76 8.51926956806e-58
420.77 5.35067917129e-58
420.78 3.35767900116e-58
420.79 2.10519897773e-58
420.8 1.31877540434e-58
420.81 8.25414777112e-59
420.82 5.16175459405e-59
420.83 3.22512223057e-59
420.84 2.01334739533e-59
420.85 1.25578406554e-59
420.86 7.82591148362e-60
420.87 4.87280023346e-60
420.88 3.03141919107e-60
420.89 1.88424380713e-60
420.9 1.17017794904e-60
420.91 7.26089967119e-61
420.92 4.50145252583e-61
420.93 2.78829439137e-61
420.94 1.72563240879e-61
420.95 1.06704236954e-61
420.96 6.59232717204e-62
420.97 4.06929855169e-62
420.98 2.50971304053e-62
420.99 1.54650843549e-62
421.0 9.52147500488e-63
421.01 5.85706282721e-63
421.02 3.59980723989e-63
421.03 2.21056007544e-63
421.04 1.35627922833e-63
421.05 8.31418361503e-64
421.06 5.09229816913e-64
421.07 3.11624612115e-64
421.08 1.90534396803e-64
421.09 1.16396183473e-64
421.1 7.1044065159e-65
421.11 4.33252003713e-65
421.12 2.63983673733e-65
421.13 1.60707916033e-65
421.14 9.77509941516e-66
421.15 5.94057945598e-66
421.16 3.60711632111e-66
421.17 2.18834201455e-66
421.18 1.32645940118e-66
421.19 8.0333453623e-67
421.2 4.86096648463e-67
421.21 2.93881689413e-67
421.22 1.77519530796e-67
421.23 1.07137983346e-67
421.24 6.46047582923e-68
421.25 3.89232644638e-68
421.26 2.34302930587e-68
421.27 1.40919111651e-68
421.28 8.46809624393e-69
421.29 5.08423231251e-69
421.3 3.049921771e-69
421.31 1.82799804177e-69
421.32 1.09467818836e-69
421.33 6.5496925758e-70
421.34 3.91542653325e-70
421.35 2.33862697988e-70
421.36 1.39561794273e-70
421.37 8.32138940249e-71
421.38 4.95734174669e-71
421.39 2.95070359132e-71
421.4 1.75479352779e-71
421.41 1.04267791563e-71
421.42 6.19010532697e-72
421.43 3.67172050571e-72
421.44 2.17603012591e-72
421.45 1.28849846295e-72
421.46 7.62301226478e-73
421.47 4.50601927063e-73
421.48 2.66123473564e-73
421.49 1.57035208191e-73
421.5 9.25837139588e-74
421.51 5.45375814461e-74
421.52 3.20982136388e-74
421.53 1.88751131834e-74
421.54 1.10897556804e-74
421.55 6.5099567686e-75
421.56 3.81819358165e-75
421.57 2.23749201707e-75
421.58 1.31005267506e-75
421.59 7.66372186109e-76
421.6 4.4793440731e-76
421.61 2.61584992683e-76
421.62 1.52628254792e-76
421.63 8.89776158459e-77
421.64 5.18263117892e-77
421.65 3.01608484711e-77
421.66 1.75372106485e-77
421.67 1.01882875745e-77
421.68 5.91378571198e-78
421.69 3.42968066418e-78
421.7 1.98730945513e-78
421.71 1.15053815368e-78
421.72 6.65518701568e-79
421.73 3.84630053505e-79
421.74 2.2210067537e-79
421.75 1.28138682848e-79
421.76 7.38642588292e-80
421.77 4.25414360169e-80
421.78 2.44801266087e-80
421.79 1.40746915504e-80
421.8 8.0851452207e-81
421.81 4.64045404593e-81
421.82 2.66107331627e-81
421.83 1.52467372657e-81
421.84 8.72811993645e-82
421.85 4.9921566744e-82
421.86 2.85285317449e-82
421.87 1.62889971443e-82
421.88 9.29250890786e-83
421.89 5.29657757576e-83
421.9 3.01634769606e-83
421.91 1.71629199895e-83
421.92 9.75718786159e-84
421.93 5.54219584326e-84
421.94 3.14530512244e-84
421.95 1.78347657174e-84
421.96 1.01040560722e-84
421.97 5.71936481268e-85
421.98 3.23462220161e-85
421.99 1.82777629106e-85
422.0 1.03192047244e-85
422.01 5.82094009786e-86
422.02 3.28067904084e-86
422.03 1.84738779711e-86
422.04 1.03938419734e-86
422.05 5.84275749371e-87
422.06 3.28158248555e-87
422.07 1.84150330079e-87
422.08 1.03248889833e-87
422.09 5.78391620174e-88
422.1 3.23729522182e-88
422.11 1.81036578383e-88
422.12 1.01151906297e-88
422.13 5.64684053287e-89
422.14 3.14963833321e-89
422.15 1.75525235356e-89
422.16 9.77332077307e-90
422.17 5.43711419706e-90
422.18 3.02216706756e-90
422.19 1.67838734143e-90
422.2 9.31300067567e-91
422.21 5.16310296534e-91
422.22 2.85993162496e-91
422.23 1.58279338588e-91
422.24 8.75218554172e-92
422.25 4.83540123996e-92
422.26 2.66914539573e-92
422.27 1.47209439215e-92
422.28 8.11190390747e-93
422.29 4.46615353642e-93
422.3 2.45679100418e-93
422.31 1.35028825424e-93
422.32 7.4149543054e-94
422.33 4.06831133497e-94
422.34 2.23019888768e-94
422.35 1.22150914169e-94
422.36 6.68457131149e-95
422.37 3.65488833156e-95
422.38 1.99663360611e-95
422.39 1.08979887015e-95
422.4 5.9431684866e-96
422.41 3.23827289129e-96
422.42 1.76291981188e-96
422.43 9.58904562817e-97
422.44 5.21125019505e-97
422.45 2.82964645068e-97
422.46 1.53513346924e-97
422.47 8.32115893387e-98
422.48 4.50656050579e-98
422.49 2.43854238226e-98
422.5 1.31837549585e-98
422.51 7.12150279581e-99
422.52 3.84350887643e-99
422.53 2.07256347451e-99
422.54 1.11663568937e-99
422.55 6.01089139557e-100
422.56 3.23288287352e-100
422.57 1.73725980831e-100
422.58 9.32745766626e-101
422.59 5.00363375245e-101
422.6 2.68183128496e-101
422.61 1.43615430554e-101
422.62 7.68412584637e-102
422.63 4.10782133045e-102
422.64 2.19407937547e-102
422.65 1.17089199501e-102
422.66 6.24316842454e-103
422.67 3.32595966498e-103
422.68 1.77032343086e-103
422.69 9.41481887389e-104
422.7 5.00259141722e-104
422.71 2.6558394065e-104
422.72 1.40874471547e-104
422.73 7.46597449205e-105
422.74 3.95334227128e-105
422.75 2.09153936598e-105
422.76 1.10558307721e-105
422.77 5.83902634023e-106
422.78 3.08115253387e-106
422.79 1.62446244543e-106
422.8 8.55716419135e-107
422.81 4.50374473117e-107
422.82 2.36832544761e-107
422.83 1.24432179593e-107
422.84 6.53202364078e-108
422.85 3.42599322515e-108
422.86 1.79534933129e-108
422.87 9.40015773703e-109
422.88 4.917507497e-109
422.89 2.57026932214e-109
422.9 1.34225783328e-109
422.91 7.00352969051e-110
422.92 3.65108306506e-110
422.93 1.90173572765e-110
422.94 9.89697173825e-111
422.95 5.14609983233e-111
422.96 2.67348527604e-111
422.97 1.38771760726e-111
422.98 7.19694382963e-112
422.99 3.72922717401e-112
423.0 1.93069325652e-112
423.01 9.9869167977e-113
423.02 5.16146867881e-113
423.03 2.66525565394e-113
423.04 1.37508062499e-113
423.05 7.08828490097e-114
423.06 3.65071457326e-114
423.07 1.8786172531e-114
423.08 9.65878382437e-115
423.09 4.9616976726e-115
423.1 2.54660661459e-115
423.11 1.30592170431e-115
423.12 6.69107856779e-116
423.13 3.4253017116e-116
423.14 1.7519642755e-116
423.15 8.95313995236e-117
423.16 4.57139988364e-117
423.17 2.33209783097e-117
423.18 1.18868841383e-117
423.19 6.05359004515e-118
423.2 3.08021971626e-118
423.21 1.56593632505e-118
423.22 7.95408473485e-119
423.23 4.03673314288e-119
423.24 2.04688564389e-119
423.25 1.03700495657e-119
423.26 5.24918400572e-120
423.27 2.65476738828e-120
423.28 1.34148204335e-120
423.29 6.77277995703e-121
423.3 3.41643199659e-121
423.31 1.72187772484e-121
423.32 8.67072769738e-122
423.33 4.36247046511e-122
423.34 2.19297239288e-122
423.35 1.10143162393e-122
423.36 5.52720574858e-123
423.37 2.77126102309e-123
423.38 1.3882668338e-123
423.39 6.94851781899e-124
423.4 3.47484242549e-124
423.41 1.73620805822e-124
423.42 8.66746571277e-125
423.43 4.32320878237e-125
423.44 2.15448760236e-125
423.45 1.07276723753e-125
423.46 5.33692028996e-126
423.47 2.65277028222e-126
423.48 1.31744436271e-126
423.49 6.5371527918e-127
423.5 3.24092290807e-127
423.51 1.60536014867e-127
423.52 7.9451109752e-128
423.53 3.92872083478e-128
423.54 1.94100245565e-128
423.55 9.58130603595e-129
423.56 4.72549221468e-129
423.57 2.32859040889e-129
423.58 1.14647046004e-129
423.59 5.63970446622e-130
423.6 2.77187432901e-130
423.61 1.36117648784e-130
423.62 6.67850189607e-131
423.63 3.27391485871e-131
423.64 1.60353860824e-131
423.65 7.8472081619e-132
423.66 3.83684838458e-132
423.67 1.87438075058e-132
423.68 9.14881204416e-133
423.69 4.46164804125e-133
423.7 2.17395035774e-133
423.71 1.05834594495e-133
423.72 5.1478915614e-134
423.73 2.50181298619e-134
423.74 1.21479782987e-134
423.75 5.89354881233e-135
423.76 2.85675814835e-135
423.77 1.38354655478e-135
423.78 6.69480284777e-136
423.79 3.23672289378e-136
423.8 1.56349666645e-136
423.81 7.54591853142e-137
423.82 3.638739599e-137
423.83 1.75312771107e-137
423.84 8.43917211906e-138
423.85 4.0589139757e-138
423.86 1.95048925422e-138
423.87 9.36485353607e-139
423.88 4.49243838664e-139
423.89 2.15321294461e-139
423.9 1.03113504417e-139
423.91 4.93364418106e-140
423.92 2.35854308722e-140
423.93 1.12653195961e-140
423.94 5.37609497172e-141
423.95 2.56338630478e-141
423.96 1.221194669e-141
423.97 5.81272065474e-142
423.98 2.76437984179e-142
423.99 1.3135290889e-142
424.0 6.23598964004e-143
424.01 2.95797696467e-143
424.02 1.40187051882e-143
424.03 6.63811436298e-144
424.04 3.14054680558e-144
424.05 1.48453186135e-144
424.06 7.01128285379e-145
424.07 3.30848496715e-145
424.08 1.55985617241e-145
424.09 7.34790712614e-146
424.1 3.45833033017e-146
424.11 1.62627131275e-146
424.12 7.64087757478e-147
424.13 3.58688286141e-147
424.14 1.68234421492e-147
424.15 7.88381158864e-148
424.16 3.69131686489e-148
424.17 1.7268321653e-148
424.18 8.07128429481e-149
424.19 3.76928409916e-149
424.2 1.75872854555e-149
424.21 8.19902980716e-150
424.22 3.81900151327e-150
424.23 1.77730068453e-150
424.24 8.2641025617e-151
424.25 3.839319026e-151
424.26 1.78211783395e-151
424.27 8.26499021985e-152
424.28 3.82976375115e-152
424.29 1.77306777602e-152
424.3 8.20167209674e-153
424.31 3.79055829396e-153
424.32 1.75036116917e-153
424.33 8.07561996252e-154
424.34 3.72261213025e-154
424.35 1.71452339663e-154
424.36 7.88974117322e-155
424.37 3.62748653446e-155
424.38 1.66637435854e-155
424.39 7.64826719969e-156
424.4 3.50733494514e-156
424.41 1.60699729273e-156
424.42 7.35659352248e-157
424.43 3.36482194848e-157
424.44 1.53769827982e-157
424.45 7.02107935043e-158
424.46 3.20302513474e-158
424.47 1.45995854557e-158
424.48 6.64881753733e-159
424.49 3.02532487073e-159
424.5 1.37538198953e-159
424.51 6.24738629962e-160
424.52 2.83528748695e-160
424.53 1.28564052674e-160
424.54 5.82459481712e-161
424.55 2.63654748372e-161
424.56 1.19241982428e-161
424.57 5.38823452819e-162
424.58 2.43269412293e-162
424.59 1.09736785373e-162
424.6 4.94584696488e-163
424.61 2.2271672262e-163
424.62 1.00204838527e-163
424.63 4.50451741666e-164
424.64 2.02316620004e-164
424.65 9.0790114497e-165
424.66 4.07070170628e-165
424.67 1.82357532532e-165
424.68 8.16209880212e-166
424.69 3.65009107234e-166
424.7 1.63090725999e-166
424.71 7.28079065526e-167
424.72 3.24751775698e-167
424.73 1.44726559293e-167
424.74 6.44419469206e-168
424.75 2.8669015592e-168
424.76 1.27432622662e-168
424.77 5.65942324572e-169
424.78 2.51123548655e-169
424.79 1.11333642422e-169
424.8 4.93161435776e-170
424.81 2.18260683711e-170
424.82 9.65129580953e-171
424.83 4.26402217779e-171
424.84 1.88224865457e-171
424.85 8.30153203994e-172
424.86 3.65816435727e-172
424.87 1.61061556571e-172
424.88 7.08507223725e-173
424.89 3.11401274416e-173
424.9 1.36747753722e-173
424.91 5.99989609217e-174
424.92 2.63021330175e-174
424.93 1.15202505063e-174
424.94 5.04146304942e-175
424.95 2.20432165197e-175
424.96 9.62979533713e-176
424.97 4.20322714538e-176
424.98 1.83304183064e-176
424.99 7.98703530112e-177
425.0 3.47714294254e-177
425.01 1.51245756209e-177
425.02 6.57305949567e-178
425.03 2.854142427e-178
425.04 1.23824742083e-178
425.05 5.36738731176e-179
425.06 2.32456744243e-179
425.07 1.00587746587e-179
425.08 4.34882287684e-180
425.09 1.87854703252e-180
425.1 8.10767139717e-181
425.11 3.4961810672e-181
425.12 1.50631363511e-181
425.13 6.48426283746e-182
425.14 2.78887806306e-182
425.15 1.19845616664e-182
425.16 5.14562929317e-183
425.17 2.20738734452e-183
425.18 9.46111483982e-184
425.19 4.05163013117e-184
425.2 1.73356840408e-184
425.21 7.41098417987e-185
425.22 3.16544303143e-185
425.23 1.35088018112e-185
425.24 5.76000513906e-186
425.25 2.45387606273e-186
425.26 1.04449433753e-186
425.27 4.44204821494e-187
425.28 1.88748782491e-187
425.29 8.01325129132e-188
425.3 3.39904628141e-188
425.31 1.44055255232e-188
425.32 6.09992994058e-189
425.33 2.58074028019e-189
425.34 1.09090634099e-189
425.35 4.60738330652e-190
425.36 1.94421789095e-190
425.37 8.19708122543e-191
425.38 3.45300537501e-191
425.39 1.45331241217e-191
425.4 6.11145225923e-192
425.41 2.56775496045e-192
425.42 1.07791978333e-192
425.43 4.52108863177e-193
425.44 1.89462521068e-193
425.45 7.93281479876e-194
425.46 3.31860093439e-194
425.47 1.38709580885e-194
425.48 5.79270751087e-195
425.49 2.41702116704e-195
425.5 1.00763447894e-195
425.51 4.19709981836e-196
425.52 1.74670389595e-196
425.53 7.26294896227e-197
425.54 3.01738278493e-197
425.55 1.25248212547e-197
425.56 5.1944118134e-198
425.57 2.15240965254e-198
425.58 8.9112206414e-199
425.59 3.68615145493e-199
425.6 1.52346635078e-199
425.61 6.29095052538e-200
425.62 2.5955140592e-200
425.63 1.0699271648e-200
425.64 4.40665200126e-201
425.65 1.81337243002e-201
425.66 7.45570943918e-202
425.67 3.06277189356e-202
425.68 1.25708326249e-202
425.69 5.15510063169e-203
425.7 2.11219477262e-203
425.71 8.64678164469e-204
425.72 3.53670415773e-204
425.73 1.44532889935e-204
425.74 5.90144484421e-205
425.75 2.4075412173e-205
425.76 9.81324907528e-206
425.77 3.99646142669e-206
425.78 1.62615575932e-206
425.79 6.61107935467e-207
425.8 2.68538346957e-207
425.81 1.08984306439e-207
425.82 4.41921703307e-208
425.83 1.79040140245e-208
425.84 7.24734941613e-209
425.85 2.93110721178e-209
425.86 1.18442596682e-209
425.87 4.78198102708e-210
425.88 1.92899672261e-210
425.89 7.77461413105e-211
425.9 3.13076095899e-211
425.91 1.25963490926e-211
425.92 5.06364416585e-212
425.93 2.03378660578e-212
425.94 8.16152469287e-213
425.95 3.27235888617e-213
425.96 1.31091420262e-213
425.97 5.2470031187e-214
425.98 2.09832177984e-214
425.99 8.38410226797e-215
426.0 3.34706971544e-215
426.01 1.33504732814e-215
426.02 5.3204979245e-216
426.03 2.11851530948e-216
426.04 8.42819641279e-217
426.05 3.3501280076e-217
426.06 1.33049077539e-217
426.07 5.27941797236e-218
426.08 2.0930708903e-218
426.09 8.2909737748e-219
426.1 3.28133716648e-219
426.11 1.29753740485e-219
426.12 5.12640162313e-220
426.13 2.02362055118e-220
426.14 7.98121936338e-221
426.15 3.14509035141e-221
426.16 1.23828530051e-221
426.17 4.87115581017e-222
426.18 1.91455143157e-222
426.19 7.51840586164e-223
426.2 2.94990620591e-223
426.21 1.15641671743e-223
426.22 4.52943704331e-224
426.23 1.77254719105e-224
426.24 6.93066803707e-225
426.25 2.70754760602e-225
426.26 1.0568194991e-225
426.27 4.12144251274e-226
426.28 1.60591068549e-226
426.29 6.25197512863e-227
426.3 2.43185013694e-227
426.31 9.45105056642e-228
426.32 3.66983956151e-228
426.33 1.4237632604e-228
426.34 5.5188958495e-229
426.35 2.13742225581e-229
426.36 8.27088854506e-230
426.37 3.19770003996e-230
426.38 1.23522760488e-230
426.39 4.7673821667e-231
426.4 1.83838580916e-231
426.41 7.08299708124e-232
426.42 2.72659842318e-232
426.43 1.04869454299e-232
426.44 4.02995827401e-233
426.45 1.54730455277e-233
426.46 5.93573863712e-234
426.47 2.27508406564e-234
426.48 8.71252104482e-235
426.49 3.33360350485e-235
426.5 1.27440586206e-235
426.51 4.86771664349e-236
426.52 1.85766128786e-236
426.53 7.0832322958e-237
426.54 2.69848588813e-237
426.55 1.02714683008e-237
426.56 3.906327236e-238
426.57 1.4843230294e-238
426.58 5.63523383771e-239
426.59 2.13756421864e-239
426.6 8.10121414902e-240
426.61 3.06764264517e-240
426.62 1.16060151469e-240
426.63 4.38717756284e-241
426.64 1.65695610499e-241
426.65 6.25259800242e-242
426.66 2.3574024147e-242
426.67 8.8803616585e-243
426.68 3.34234514185e-243
426.69 1.25688530486e-243
426.7 4.72241027503e-244
426.71 1.77278265616e-244
426.72 6.64922433634e-245
426.73 2.49178283492e-245
426.74 9.32981659186e-246
426.75 3.49027571436e-246
426.76 1.30457807972e-246
426.77 4.87196467881e-247
426.78 1.8178661282e-247
426.79 6.77709192858e-248
426.8 2.52434418062e-248
426.81 9.39458223606e-249
426.82 3.4932533885e-249
426.83 1.29779596067e-249
426.84 4.81733068824e-250
426.85 1.78661186497e-250
426.86 6.62030015915e-251
426.87 2.45103131294e-251
426.88 9.06658528725e-252
426.89 3.35090685046e-252
426.9 1.23738450123e-252
426.91 4.56531450132e-253
426.92 1.682908263e-253
426.93 6.19831861847e-254
426.94 2.2809253063e-254
426.95 8.38632990364e-255
426.96 3.08075054846e-255
426.97 1.1307454234e-255
426.98 4.14664498981e-256
426.99 1.51933164853e-256
427.0 5.56201334105e-257
427.01 2.03439453457e-257
427.02 7.43467600407e-258
427.03 2.71464238937e-258
427.04 9.90345923074e-259
427.05 3.60981480925e-259
427.06 1.31463938486e-259
427.07 4.7835692808e-260
427.08 1.73908660491e-260
427.09 6.31704636166e-261
427.1 2.29261236815e-261
427.11 8.31325132565e-262
427.12 3.01186084119e-262
427.13 1.09024124114e-262
427.14 3.94306578759e-263
427.15 1.42485001842e-263
427.16 5.14432021665e-264
427.17 1.85571188159e-264
427.18 6.68831648317e-265
427.19 2.40850079785e-265
427.2 8.66563687352e-266
427.21 3.1151423041e-266
427.22 1.11886839776e-266
427.23 4.01516906613e-267
427.24 1.43963494049e-267
427.25 5.15732657534e-268
427.26 1.84595283236e-268
427.27 6.60146430166e-269
427.28 2.35875954699e-269
427.29 8.42075002631e-270
427.3 3.00359651795e-270
427.31 1.07042469922e-270
427.32 3.81148630296e-271
427.33 1.35598947245e-271
427.34 4.81994391358e-272
427.35 1.71179346499e-272
427.36 6.07413522246e-273
427.37 2.15348207099e-273
427.38 7.62819483926e-274
427.39 2.69976527266e-274
427.4 9.54671480009e-275
427.41 3.37291660163e-275
427.42 1.19064137402e-275
427.43 4.19933043318e-276
427.44 1.47979938092e-276
427.45 5.21013943008e-277
427.46 1.83281893394e-277
427.47 6.44189278101e-278
427.48 2.26220070865e-278
427.49 7.93729439375e-279
427.5 2.78251526472e-279
427.51 9.74599838328e-280
427.52 3.41066313448e-280
427.53 1.19254570184e-280
427.54 4.16615044151e-281
427.55 1.45418137502e-281
427.56 5.07137727188e-282
427.57 1.76708310431e-282
427.58 6.15193504698e-283
427.59 2.13988394815e-283
427.6 7.43690806909e-284
427.61 2.58236910673e-284
427.62 8.95917324255e-285
427.63 3.1055695807e-285
427.64 1.07556907342e-285
427.65 3.72185166884e-286
427.66 1.28677770546e-286
427.67 4.44499940659e-287
427.68 1.53413507518e-287
427.69 5.29028664256e-288
427.7 1.82271396516e-288
427.71 6.27453506419e-289
427.72 2.15808374067e-289
427.73 7.41615413222e-290
427.74 2.54631960831e-290
427.75 8.73515858687e-291
427.76 2.9940040682e-291
427.77 1.02531589651e-291
427.78 3.50821909332e-292
427.79 1.19933204421e-292
427.8 4.09652754705e-293
427.81 1.3980285299e-293
427.82 4.76694236825e-294
427.83 1.62400544508e-294
427.84 5.52788211865e-295
427.85 1.87998237551e-295
427.86 6.38811160558e-296
427.87 2.16877712886e-296
427.88 7.35666647047e-297
427.89 2.49327924343e-297
427.9 8.44276087181e-298
427.91 2.85641804772e-298
427.92 9.65567769418e-299
427.93 3.26112514672e-299
427.94 1.10046410815e-299
427.95 3.71029133616e-300
427.96 1.24986715206e-300
427.97 4.20671809094e-301
427.98 1.41464241852e-301
427.99 4.75306393468e-302
428.0 1.59560117841e-302
428.01 5.35178617252e-303
428.02 1.79348137258e-303
428.03 6.00507865406e-304
428.04 2.0089274009e-304
428.05 6.71480642272e-305
428.06 2.24246908459e-305
428.07 7.48243829767e-306
428.08 2.49450016208e-306
428.09 8.30897861625e-307
428.1 2.76525673385e-307
428.11 9.19489953393e-308
428.12 3.05479612255e-308
428.13 1.01400754265e-308
428.14 3.36297665696e-309
428.15 1.1143721059e-309
428.16 3.68943892099e-310
428.17 1.22043352695e-310
428.18 4.0335890293e-311
428.19 1.33196519605e-311
428.2 4.39458449717e-312
428.21 1.44866001835e-312
428.22 4.77132326286e-313
428.23 1.5701275046e-313
428.24 5.1624363935e-314
428.25 1.6958921059e-314
428.26 5.56628496269e-315
428.27 1.82539293888e-315
428.28 5.98096152695e-316
428.29 1.95798502005e-316
428.3 6.40429629028e-317
428.31 2.09294211442e-317
428.32 6.83387154737e-318
428.33 2.22946134555e-318
428.34 7.26701395842e-319
428.35 2.36667325671e-319
428.36 7.70100122173e-320
428.37 2.50343062748e-320
428.38 8.13232053055e-321
428.39 2.63831054879e-321
428.4 8.54733567305e-322
428.41 2.76676761671e-322
428.42 8.89318162514e-323
428.43 2.96439387505e-323
428.44 9.88131291682e-324
428.45 4.94065645841e-324
428.46 0.0
428.47 0.0
428.48 0.0
428.49 0.0
428.5 0.0
428.51 0.0
428.52 0.0
428.53 0.0
428.54 0.0
428.55 0.0
428.56 0.0
428.57 0.0
428.58 0.0
428.59 0.0
428.6 0.0
428.61 0.0
428.62 0.0
428.63 0.0
428.64 0.0
428.65 0.0
428.66 0.0
428.67 0.0
428.68 0.0
428.69 0.0
428.7 0.0
428.71 0.0
428.72 0.0
428.73 0.0
428.74 0.0
428.75 0.0
428.76 0.0
428.77 0.0
428.78 0.0
428.79 0.0
428.8 0.0
428.81 0.0
428.82 0.0
428.83 0.0
428.84 0.0
428.85 0.0
428.86 0.0
428.87 0.0
428.88 0.0
428.89 0.0
428.9 0.0
428.91 0.0
428.92 0.0
428.93 0.0
428.94 0.0
428.95 0.0
428.96 0.0
428.97 0.0
428.98 0.0
428.99 0.0
429.0 0.0
429.01 0.0
429.02 0.0
429.03 0.0
429.04 0.0
429.05 0.0
429.06 0.0
429.07 0.0
429.08 0.0
429.09 0.0
429.1 0.0
429.11 0.0
429.12 0.0
429.13 0.0
429.14 0.0
429.15 0.0
429.16 0.0
429.17 0.0
429.18 0.0
429.19 0.0
429.2 0.0
429.21 0.0
429.22 0.0
429.23 0.0
429.24 0.0
429.25 0.0
429.26 0.0
429.27 0.0
429.28 0.0
429.29 0.0
429.3 0.0
429.31 0.0
429.32 0.0
429.33 0.0
429.34 0.0
429.35 0.0
429.36 0.0
429.37 0.0
429.38 0.0
429.39 0.0
429.4 0.0
429.41 0.0
429.42 0.0
429.43 0.0
429.44 0.0
429.45 0.0
429.46 0.0
429.47 0.0
429.48 0.0
429.49 0.0
429.5 0.0
429.51 0.0
429.52 0.0
429.53 0.0
429.54 0.0
429.55 0.0
429.56 0.0
429.57 0.0
429.58 0.0
429.59 0.0
429.6 0.0
429.61 0.0
429.62 0.0
429.63 0.0
429.64 0.0
429.65 0.0
429.66 0.0
429.67 0.0
429.68 0.0
429.69 0.0
429.7 0.0
429.71 0.0
429.72 0.0
429.73 0.0
429.74 0.0
429.75 0.0
429.76 0.0
429.77 0.0
429.78 0.0
429.79 0.0
429.8 0.0
429.81 0.0
429.82 0.0
429.83 0.0
429.84 0.0
429.85 0.0
429.86 0.0
429.87 0.0
429.88 0.0
429.89 0.0
429.9 0.0
429.91 0.0
429.92 0.0
429.93 0.0
429.94 0.0
429.95 0.0
429.96 0.0
429.97 0.0
429.98 0.0
429.99 0.0
