400.0 1.94059645378e-70
400.01 3.25675015904e-70
400.02 5.46081375847e-70
400.03 9.14858652234e-70
400.04 1.53134959099e-69
400.05 2.56105205874e-69
400.06 4.27943248075e-69
400.07 7.14459578892e-69
400.08 1.1917711293e-68
400.09 1.98624021203e-68
400.1 3.30745841312e-68
400.11 5.50276196624e-68
400.12 9.14725474451e-68
400.13 1.51923351899e-67
400.14 2.52105317393e-67
400.15 4.17987400162e-67
400.16 6.92417583159e-67
400.17 1.14603187622e-66
400.18 1.89517369455e-66
400.19 3.13130271355e-66
400.2 5.16921744803e-66
400.21 8.52605757967e-66
400.22 1.40506182232e-65
400.23 2.31348303018e-65
400.24 3.80593104392e-65
400.25 6.25574770391e-65
400.26 1.02735667601e-64
400.27 1.68572598802e-64
400.28 2.7636079251e-64
400.29 4.52678209238e-64
400.3 7.40843477169e-64
400.31 1.21139854085e-63
400.32 1.97911642679e-63
400.33 3.23057146908e-63
400.34 5.26879226208e-63
400.35 8.58551814352e-63
400.36 1.39780200032e-62
400.37 2.2737803942e-62
400.38 3.69551602394e-62
400.39 6.00102415064e-62
400.4 9.73642161596e-62
400.41 1.578327348e-61
400.42 2.55633934295e-61
400.43 4.13679156141e-61
400.44 6.68855782712e-61
400.45 1.08050068373e-60
400.46 1.74397927019e-60
400.47 2.81242728896e-60
400.48 4.53153147238e-60
400.49 7.29511950136e-60
400.5 1.17339310748e-59
400.51 1.88572503885e-59
400.52 3.0278678392e-59
400.53 4.85757119978e-59
400.54 7.78619269164e-59
400.55 1.24696663221e-58
400.56 1.99530012462e-58
400.57 3.18996075114e-58
400.58 5.09549244496e-58
400.59 8.13224954603e-58
400.6 1.29675802511e-57
400.61 2.06600279289e-57
400.62 3.28871755615e-57
400.63 5.23053318311e-57
400.64 8.31168468097e-57
400.65 1.31964120921e-56
400.66 2.09337190634e-56
400.67 3.31787963272e-56
400.68 5.25410289863e-56
400.69 8.31304696194e-56
400.7 1.31415201833e-55
400.71 2.07565271269e-55
400.72 3.27557455548e-55
400.73 5.16468690654e-55
400.74 8.13624881638e-55
400.75 1.28064322526e-54
400.76 2.01398301637e-54
400.77 3.16451503868e-54
400.78 4.96800742707e-54
400.79 7.79257554909e-54
400.8 1.22124702562e-53
400.81 1.91227227743e-53
400.82 2.99171109168e-53
400.83 4.67641760309e-53
400.84 7.30349328298e-53
400.85 1.13965052326e-52
400.86 1.77679149544e-52
400.87 2.76773784319e-52
400.88 4.30761766676e-52
400.89 6.69843055953e-52
400.9 1.04071707993e-51
400.91 1.61553368289e-51
400.92 2.5056653356e-51
400.93 3.88287871251e-51
400.94 6.01185223485e-51
400.95 9.30007567957e-51
400.96 1.43743554617e-50
400.97 2.21980073263e-50
400.98 3.42502158658e-50
400.99 5.28002949004e-50
401.0 8.13266898036e-50
401.01 1.25156542175e-49
401.02 1.9244105477e-49
401.03 2.95641647494e-49
401.04 4.53792392971e-49
401.05 6.95941158229e-49
401.06 1.06637890243e-48
401.07 1.63257927675e-48
401.08 2.49724255553e-48
401.09 3.81654939322e-48
401.1 5.82780162244e-48
401.11 8.89124024513e-48
401.12 1.35532560431e-47
401.13 2.06418516801e-47
401.14 3.14106827093e-47
401.15 4.77562053619e-47
401.16 7.25447450586e-47
401.17 1.10104690141e-46
401.18 1.66966518583e-46
401.19 2.5297445971e-46
401.2 3.8295493879e-46
401.21 5.79218447247e-46
401.22 8.75307818657e-46
401.23 1.32160886486e-45
401.24 1.99374123366e-45
401.25 3.00509600488e-45
401.26 4.52555267178e-45
401.27 6.80939628085e-45
401.28 1.02369199442e-44
401.29 1.53763663339e-44
401.3 2.30760695959e-44
401.31 3.4601400347e-44
401.32 5.18381176746e-44
401.33 7.75940612915e-44
401.34 1.16046342305e-43
401.35 1.73403612839e-43
401.36 2.58885984608e-43
401.37 3.86173661451e-43
401.38 5.75546573531e-43
401.39 8.57041807988e-43
401.4 1.27510883803e-42
401.41 1.89546694991e-42
401.42 2.81519763622e-42
401.43 4.17758480223e-42
401.44 6.19391687193e-42
401.45 9.17548823757e-42
401.46 1.35805295764e-41
401.47 2.00829700736e-41
401.48 2.96730978699e-41
401.49 4.38047846283e-41
401.5 6.4610622053e-41
401.51 9.52160164046e-41
401.52 1.40197350311e-40
401.53 2.06249695525e-40
401.54 3.03159051097e-40
401.55 4.45216728905e-40
401.56 6.53275126064e-40
401.57 9.57733068324e-40
401.58 1.40286718252e-39
401.59 2.05311058142e-39
401.6 3.00214620931e-39
401.61 4.38606486106e-39
401.62 6.40238774672e-39
401.63 9.33754285828e-39
401.64 1.36065166106e-38
401.65 1.98100246835e-38
401.66 2.88168688301e-38
401.67 4.18824689483e-38
401.68 6.08193078239e-38
401.69 8.82418051264e-38
401.7 1.2791780741e-37
401.71 1.85272662319e-37
401.72 2.68111467827e-37
401.73 3.87653001388e-37
401.74 5.60008506374e-37
401.75 8.08294845702e-37
401.76 1.16565144791e-36
401.77 1.67954373794e-36
401.78 2.41789613532e-36
401.79 3.47782461266e-36
401.8 4.99805953235e-36
401.81 7.17660238879e-36
401.82 1.02957990701e-35
401.83 1.47579129393e-35
401.84 2.11355494334e-35
401.85 3.02430684701e-35
401.86 4.32376295042e-35
401.87 6.176203703e-35
401.88 8.81464973483e-35
401.89 1.25693326526e-34
401.9 1.79078353749e-34
401.91 2.5491634266e-34
401.92 3.62556734924e-34
401.93 5.15202530806e-34
401.94 7.31482113212e-34
401.95 1.03765539052e-33
401.96 1.47070745782e-33
401.97 2.08268291975e-33
401.98 2.94675296057e-33
401.99 4.16570022958e-33
402.0 5.88377440083e-33
402.01 8.30324252314e-33
402.02 1.17074724988e-32
402.03 1.6493099613e-32
402.04 2.32148098196e-32
402.05 3.26476323323e-32
402.06 4.58735092376e-32
402.07 6.44014951128e-32
402.08 9.03345006197e-32
402.09 1.26600394445e-31
402.1 1.77272015331e-31
402.11 2.48009900312e-31
402.12 3.46674235125e-31
402.13 4.84169944787e-31
402.14 6.75612692706e-31
402.15 9.41936195696e-31
402.16 1.31210588714e-30
402.17 1.82616491572e-30
402.18 2.53942165156e-30
402.19 3.52820128601e-30
402.2 4.89773859766e-30
402.21 6.79299919335e-30
402.22 9.41350237088e-30
402.23 1.30336070143e-29
402.24 1.80302488348e-29
402.25 2.49208316443e-29
402.26 3.44149430003e-29
402.27 4.74848740515e-29
402.28 6.54616938622e-29
402.29 9.01660199182e-29
402.3 1.24085853697e-28
402.31 1.70618201141e-28
402.32 2.3439705841e-28
402.33 3.21738229811e-28
402.34 4.41242047709e-28
402.35 6.0460930574e-28
402.36 8.27744827642e-28
402.37 1.13224871515e-27
402.38 1.54742963533e-27
402.39 2.11302042859e-27
402.4 2.88283770896e-27
402.41 3.92970912322e-27
402.42 5.35210134608e-27
402.43 7.28302774548e-27
402.44 9.90200891206e-27
402.45 1.34511177287e-26
402.46 1.82564842678e-26
402.47 2.47570921493e-26
402.48 3.35433034928e-26
402.49 4.54083522278e-26
402.5 6.14171084851e-26
402.51 8.29978231585e-26
402.52 1.12064420699e-25
402.53 1.51179363114e-25
402.54 2.03770346946e-25
402.55 2.74418364005e-25
402.56 3.69240278079e-25
402.57 4.96396465314e-25
402.58 6.66763785904e-25
402.59 8.94826917763e-25
402.6 1.19985782561e-24
402.61 1.60747508156e-24
402.62 2.15170348322e-24
402.63 2.87769199655e-24
402.64 3.84529716238e-24
402.65 5.13380322552e-24
402.66 6.84813387841e-24
402.67 9.12701949336e-24
402.68 1.21537255938e-23
402.69 1.61701328396e-23
402.7 2.14951985619e-23
402.71 2.85491411192e-23
402.72 3.78850919724e-23
402.73 5.0230483321e-23
402.74 6.65411160267e-23
402.75 8.80717278418e-23
402.76 1.16468012732e-22
402.77 1.53886501492e-22
402.78 2.03150595617e-22
402.79 2.67953470339e-22
402.8 3.5312168219e-22
402.81 4.64957326916e-22
402.82 6.11681744754e-22
402.83 8.04010379887e-22
402.84 1.0558968742e-21
402.85 1.38549532713e-21
402.86 1.81640353746e-21
402.87 2.37926778958e-21
402.88 3.11385240826e-21
402.89 4.07170621603e-21
402.9 5.3195948718e-21
402.91 6.94391498121e-21
402.92 9.05636554026e-21
402.93 1.18012281006e-20
402.94 1.53647033067e-20
402.95 1.99868735397e-20
402.96 2.59770160878e-20
402.97 3.37331870544e-20
402.98 4.37672438053e-20
402.99 5.6736786527e-20
403.0 7.34858942031e-20
403.01 9.50970279951e-20
403.02 1.22957101866e-19
403.03 1.58841509068e-19
403.04 2.0502088466e-19
403.05 2.6439662944e-19
403.06 3.40672782868e-19
403.07 4.38573790583e-19
403.08 5.64120163624e-19
403.09 7.24977093055e-19
403.1 9.30894915592e-19
403.11 1.19426510946e-18
403.12 1.5308214654e-18
403.13 1.96052351018e-18
403.14 2.50866851034e-18
403.15 3.20728988598e-18
403.16 4.09691415057e-18
403.17 5.22876622087e-18
403.18 6.66753491682e-18
403.19 8.49483768539e-18
403.2 1.081355725e-17
403.21 1.37532644958e-17
403.22 1.7476993272e-17
403.23 2.21896961525e-17
403.24 2.81487882623e-17
403.25 3.56772823682e-17
403.26 4.51801365824e-17
403.27 5.71645811676e-17
403.28 7.22653690217e-17
403.29 9.12761127434e-17
403.3 1.15188138526e-16
403.31 1.45238614194e-16
403.32 1.82970108371e-16
403.33 2.30304225748e-16
403.34 2.89632558468e-16
403.35 3.63928918663e-16
403.36 4.56887699481e-16
403.37 5.73094284695e-16
403.38 7.18234729761e-16
403.39 8.99353517854e-16
403.4 1.12517011008e-15
403.41 1.40646732838e-15
403.42 1.75656741476e-15
403.43 2.19191499937e-15
403.44 2.73279030024e-15
403.45 3.40418080853e-15
403.46 4.23684565204e-15
403.47 5.26861397442e-15
403.48 6.54596725417e-15
403.49 8.12596579571e-15
403.5 1.00785919865e-14
403.51 1.24895977234e-14
403.52 1.54639611322e-14
403.53 1.91300788881e-14
403.54 2.36448457388e-14
403.55 2.91998030047e-14
403.56 3.60285737777e-14
403.57 4.44158453285e-14
403.58 5.47082101016e-14
403.59 6.73272370885e-14
403.6 8.27852170396e-14
403.61 1.01704109901e-13
403.62 1.24838323389e-13
403.63 1.53102070474e-13
403.64 1.87602193941e-13
403.65 2.29677511783e-13
403.66 2.809459324e-13
403.67 3.43360818263e-13
403.68 4.19278346862e-13
403.69 5.11537934991e-13
403.7 6.2355816461e-13
403.71 7.5945108462e-13
403.72 9.2415827336e-13
403.73 1.12361264341e-12
403.74 1.36493066716e-12
403.75 1.65664051463e-12
403.76 2.00895254173e-12
403.77 2.43407966983e-12
403.78 2.946616478e-12
403.79 3.5639873168e-12
403.8 4.30697547722e-12
403.81 5.20034744566e-12
403.82 6.27358858693e-12
403.83 7.56176926719e-12
403.84 9.10656351045e-12
403.85 1.09574458339e-11
403.86 1.31730959969e-11
403.87 1.58230461008e-11
403.88 1.89896098756e-11
403.89 2.27701401855e-11
403.9 2.7279667879e-11
403.91 3.26539832301e-11
403.92 3.90532304922e-11
403.93 4.66660966753e-11
403.94 5.57146877255e-11
403.95 6.64601990213e-11
403.96 7.92095027195e-11
403.97 9.43227922145e-11
403.98 1.12222444078e-10
403.99 1.33403280611e-10
404.0 1.58444441895e-10
404.01 1.88023105274e-10
404.02 2.22930323025e-10
404.03 2.64089285876e-10
404.04 3.12576361554e-10
404.05 3.69645304217e-10
404.06 4.367550829e-10
404.07 5.15601835691e-10
404.08 6.08155521879e-10
404.09 7.16701917419e-10
404.1 8.43890680659e-10
404.11 9.92790306027e-10
404.12 1.16695088433e-09
404.13 1.37047570033e-09
404.14 1.60810282234e-09
404.15 1.88529797608e-09
404.16 2.2083601465e-09
404.17 2.58454151882e-09
404.18 3.02218355416e-09
404.19 3.53087119747e-09
404.2 4.1216074379e-09
404.21 4.80701068487e-09
404.22 5.60153768916e-09
404.23 6.52173502887e-09
404.24 7.58652249623e-09
404.25 8.81751206528e-09
404.26 1.02393664935e-08
404.27 1.18802020147e-08
404.28 1.37720400173e-08
404.29 1.59513130731e-08
404.3 1.8459431189e-08
404.31 2.13434146965e-08
404.32 2.46566007807e-08
404.33 2.84594312689e-08
404.34 3.28203299664e-08
404.35 3.78166785315e-08
404.36 4.35359006314e-08
404.37 5.00766649101e-08
404.38 5.75502181371e-08
404.39 6.60818607795e-08
404.4 7.58125781588e-08
404.41 8.69008413138e-08
404.42 9.95245926854e-08
404.43 1.13883432771e-07
404.44 1.30201024962e-07
404.45 1.48727736866e-07
404.46 1.69743537533e-07
404.47 1.93561171136e-07
404.48 2.20529628787e-07
404.49 2.51037941338e-07
404.5 2.85519317116e-07
404.51 3.24455649682e-07
404.52 3.68382421798e-07
404.53 4.17894032787e-07
404.54 4.73649577519e-07
404.55 5.36379106109e-07
404.56 6.06890394269e-07
404.57 6.86076254965e-07
404.58 7.74922422578e-07
404.59 8.74516041233e-07
404.6 9.86054789181e-07
404.61 1.11085667117e-06
404.62 1.25037051058e-06
404.63 1.40618717255e-06
404.64 1.58005154885e-06
404.65 1.77387533385e-06
404.66 1.98975061984e-06
404.67 2.22996433806e-06
404.68 2.49701356959e-06
404.69 2.79362174771e-06
404.7 3.12275577015e-06
404.71 3.48764403604e-06
404.72 3.89179541822e-06
404.73 4.33901917699e-06
404.74 4.83344581561e-06
404.75 5.37954887252e-06
404.76 5.9821676381e-06
404.77 6.64653077681e-06
404.78 7.37828082742e-06
404.79 8.18349954561e-06
404.8 9.06873404348e-06
404.81 1.00410236708e-05
404.82 1.11079275717e-05
404.83 1.22775528394e-05
404.84 1.35585831792e-05
404.85 1.49603079767e-05
404.86 1.64926516557e-05
404.87 1.81662031967e-05
404.88 1.99922456688e-05
404.89 2.19827856197e-05
404.9 2.41505821446e-05
404.91 2.65091754485e-05
404.92 2.90729146915e-05
404.93 3.18569848989e-05
404.94 3.48774326961e-05
404.95 3.81511906174e-05
404.96 4.16960997182e-05
404.97 4.55309302095e-05
404.98 4.96753998166e-05
404.99 5.41501895531e-05
405.0 5.89769565856e-05
405.01 6.41783438584e-05
405.02 6.97779861344e-05
405.03 7.58005121007e-05
405.04 8.22715421845e-05
405.05 8.92176817173e-05
405.06 9.66665090863e-05
405.07 0.000104646558511
405.08 0.000113187297091
405.09 0.000122319095767
405.1 0.000132073193863
405.11 0.000142481656879
405.12 0.000153577327214
405.13 0.000165393767547
405.14 0.000177965196587
405.15 0.000191326416969
405.16 0.000205512735087
405.17 0.000220559872684
405.18 0.000236503870074
405.19 0.000253380980912
405.2 0.000271227558469
405.21 0.000290079933427
405.22 0.000309974283265
405.23 0.000330946493363
405.24 0.000353032010023
405.25 0.000376265685661
405.26 0.000400681616503
405.27 0.000426312973187
405.28 0.000453191824746
405.29 0.000481348956531
405.3 0.000510813682698
405.31 0.000541613653971
405.32 0.00057377466148
405.33 0.000607320437529
405.34 0.000642272454252
405.35 0.000678649721179
405.36 0.000716468582805
405.37 0.000755742517341
405.38 0.000796481937888
405.39 0.000838693997324
405.4 0.000882382398295
405.41 0.000927547209692
405.42 0.000974184691122
405.43 0.00102228712684
405.44 0.0010718426707
405.45 0.00112283520373
405.46 0.00117524420581
405.47 0.00122904464317
405.48 0.00128420687319
405.49 0.00134069656815
405.5 0.00139847465944
405.51 0.00145749730378
405.52 0.00151771587285
405.53 0.00157907696789
405.54 0.00164152246049
405.55 0.00170498956084
405.56 0.00176941091481
405.57 0.00183471473065
405.58 0.00190082493658
405.59 0.00196766136992
405.6 0.00203513999859
405.61 0.00210317317549
405.62 0.00217166992633
405.63 0.00224053627107
405.64 0.00230967557911
405.65 0.00237898895831
405.66 0.00244837567742
405.67 0.00251773362179
405.68 0.00258695978152
405.69 0.00265595077148
405.7 0.00272460338223
405.71 0.00279281516068
405.72 0.00286048501918
405.73 0.00292751387162
405.74 0.00299380529486
405.75 0.00305926621353
405.76 0.00312380760644
405.77 0.00318734523218
405.78 0.00324980037164
405.79 0.00331110058514
405.8 0.00337118048123
405.81 0.00342998249462
405.82 0.00348745767031
405.83 0.00354356645074
405.84 0.00359827946303
405.85 0.00365157830293
405.86 0.00370345631221
405.87 0.00375391934602
405.88 0.00380298652681
405.89 0.00385069098112
405.9 0.00389708055578
405.91 0.00394221850972
405.92 0.00398618417774
405.93 0.00402907360251
405.94 0.00407100013106
405.95 0.0041120949719
405.96 0.0041525077091
405.97 0.00419240676951
405.98 0.00423197983934
405.99 0.0042714342264
406.0 0.00431099716424
406.01 0.00435091605457
406.02 0.00439145864425
406.03 0.00443291313334
406.04 0.0044755882107
406.05 0.00451981301365
406.06 0.00456593700837
406.07 0.00461432978781
406.08 0.00466538078403
406.09 0.00471949889177
406.1 0.00477711200067
406.11 0.00483866643319
406.12 0.00490462628594
406.13 0.00497547267195
406.14 0.00505170286184
406.15 0.00513382932214
406.16 0.00522237864907
406.17 0.00531789039666
406.18 0.00542091579815
406.19 0.00553201638027
406.2 0.00565176246999
406.21 0.00578073159424
406.22 0.00591950677317
406.23 0.00606867470807
406.24 0.00622882386585
406.25 0.00640054246213
406.26 0.00658441634594
406.27 0.00678102678939
406.28 0.00699094818644
406.29 0.00721474566556
406.3 0.00745297262168
406.31 0.00770616817367
406.32 0.00797485455423
406.33 0.00825953443986
406.34 0.00856068822928
406.35 0.00887877127954
406.36 0.00921421110975
406.37 0.00956740458301
406.38 0.00993871507811
406.39 0.0103284696631
406.4 0.0107369562832
406.41 0.0111644209777
406.42 0.0116110651378
406.43 0.0120770428226
406.44 0.0125624581463
406.45 0.0130673627533
406.46 0.0135917533968
406.47 0.0141355696373
406.48 0.0146986916766
406.49 0.0152809383456
406.5 0.0158820652598
406.51 0.016501763161
406.52 0.0171396564608
406.53 0.017795302
406.54 0.0184681880425
406.55 0.0191577335141
406.56 0.019863287504
406.57 0.0205841290396
406.58 0.0213194671476
406.59 0.022068441212
406.6 0.0228301216388
406.61 0.023603510836
406.62 0.0243875445149
406.63 0.0251810933195
406.64 0.0259829647851
406.65 0.0267919056311
406.66 0.0276066043852
406.67 0.0284256943382
406.68 0.0292477568257
406.69 0.0300713248304
406.7 0.0308948868969
406.71 0.0317168913489
406.72 0.0325357507974
406.73 0.0333498469248
406.74 0.0341575355296
406.75 0.0349571518125
406.76 0.0357470158859
406.77 0.0365254384828
406.78 0.037290726843
406.79 0.038041190752
406.8 0.0387751487044
406.81 0.039490934166
406.82 0.0401869019049
406.83 0.0408614343616
406.84 0.0415129480279
406.85 0.0421398998039
406.86 0.0427407933
406.87 0.0433141850547
406.88 0.043858690634
406.89 0.0443729905832
406.9 0.0448558361988
406.91 0.0453060550905
406.92 0.0457225565053
406.93 0.0461043363837
406.94 0.0464504821223
406.95 0.0467601770171
406.96 0.0470327043638
406.97 0.0472674511937
406.98 0.0474639116243
406.99 0.0476216898083
407.0 0.0477405024644
407.01 0.0478201809778
407.02 0.0478606730585
407.03 0.0478620439507
407.04 0.0478244771872
407.05 0.047748274885
407.06 0.0476338575833
407.07 0.0474817636247
407.08 0.0472926480848
407.09 0.0470672812575
407.1 0.0468065467053
407.11 0.0465114388864
407.12 0.0461830603728
407.13 0.0458226186752
407.14 0.0454314226926
407.15 0.0450108788063
407.16 0.0445624866396
407.17 0.044087834505
407.18 0.0435885945643
407.19 0.0430665177238
407.2 0.0425234282923
407.21 0.0419612184268
407.22 0.041381842392
407.23 0.0407873106615
407.24 0.0401796838853
407.25 0.0395610667511
407.26 0.0389336017655
407.27 0.0382994629789
407.28 0.0376608496799
407.29 0.0370199800819
407.3 0.0363790850254
407.31 0.0357404017158
407.32 0.0351061675185
407.33 0.0344786138283
407.34 0.0338599600318
407.35 0.0332524075776
407.36 0.0326581341688
407.37 0.032079288091
407.38 0.031517982686
407.39 0.0309762909817
407.4 0.0304562404862
407.41 0.0299598081523
407.42 0.029488915519
407.43 0.029045424033
407.44 0.0286311305537
407.45 0.0282477630436
407.46 0.0278969764454
407.47 0.0275803487455
407.48 0.0272993772233
407.49 0.0270554748865
407.5 0.0268499670889
407.51 0.026684088331
407.52 0.0265589792403
407.53 0.0264756837306
407.54 0.0264351463368
407.55 0.0264382097259
407.56 0.0264856123822
407.57 0.0265779864657
407.58 0.0267158558446
407.59 0.0268996343026
407.6 0.0271296239214
407.61 0.0274060136416
407.62 0.0277288780058
407.63 0.0280981760851
407.64 0.0285137505967
407.65 0.0289753272163
407.66 0.0294825140927
407.67 0.0300348015706
407.68 0.0306315621308
407.69 0.0312720505546
407.7 0.0319554043231
407.71 0.0326806442586
407.72 0.0334466754201
407.73 0.0342522882606
407.74 0.0350961600568
407.75 0.0359768566205
407.76 0.0368928343022
407.77 0.037842442293
407.78 0.038823925236
407.79 0.0398354261526
407.8 0.0408749896899
407.81 0.0419405656962
407.82 0.0430300131266
407.83 0.0441411042815
407.84 0.0452715293797
407.85 0.0464189014642
407.86 0.0475807616384
407.87 0.0487545846266
407.88 0.0499377846547
407.89 0.0511277216387
407.9 0.0523217076718
407.91 0.0535170137965
407.92 0.0547108770449
407.93 0.0559005077302
407.94 0.0570830969684
407.95 0.058255824408
407.96 0.0594158661434
407.97 0.0605604027847
407.98 0.0616866276559
407.99 0.062791755091
408.0 0.063873028796
408.01 0.0649277302428
408.02 0.0659531870616
408.03 0.0669467813946
408.04 0.0679059581748
408.05 0.0688282332931
408.06 0.0697112016156
408.07 0.0705525448123
408.08 0.0713500389619
408.09 0.0721015618928
408.1 0.0728051002254
408.11 0.073458756079
408.12 0.0740607534092
408.13 0.0746094439426
408.14 0.0751033126766
408.15 0.0755409829164
408.16 0.0759212208195
408.17 0.076242939425
408.18 0.076505202143
408.19 0.0767072256864
408.2 0.0768483824268
408.21 0.0769282021604
408.22 0.076946373275
408.23 0.076902743309
408.24 0.0767973188987
408.25 0.0766302651132
408.26 0.0764019041803
408.27 0.0761127136076
408.28 0.0757633237102
408.29 0.0753545145559
408.3 0.074887212345
408.31 0.0743624852432
408.32 0.073781538689
408.33 0.0731457102018
408.34 0.0724564637166
408.35 0.071715383476
408.36 0.0709241675118
408.37 0.0700846207505
408.38 0.0691986477777
408.39 0.0682682453009
408.4 0.0672954943477
408.41 0.0662825522411
408.42 0.0652316443915
408.43 0.0641450559473
408.44 0.0630251233454
408.45 0.0618742258034
408.46 0.0606947767946
408.47 0.0594892155462
408.48 0.0582599986015
408.49 0.0570095914831
408.5 0.0557404604976
408.51 0.0544550647146
408.52 0.0531558481571
408.53 0.0518452322339
408.54 0.0505256084459
408.55 0.0491993313936
408.56 0.0478687121118
408.57 0.0465360117565
408.58 0.045203435662
408.59 0.0438731277898
408.6 0.0425471655831
408.61 0.04122755524
408.62 0.0399162274169
408.63 0.0386150333687
408.64 0.037325741531
408.65 0.0360500345468
408.66 0.0347895067382
408.67 0.0335456620195
408.68 0.032319912247
408.69 0.0311135759988
408.7 0.0299278777745
408.71 0.0287639476044
408.72 0.0276228210534
408.73 0.0265054396067
408.74 0.0254126514192
408.75 0.0243452124111
408.76 0.0233037876909
408.77 0.0222889532859
408.78 0.021301198158
408.79 0.0203409264847
408.8 0.019408460181
408.81 0.0185040416412
408.82 0.0176278366773
408.83 0.0167799376301
408.84 0.0159603666315
408.85 0.0151690789933
408.86 0.0144059667033
408.87 0.013670862003
408.88 0.0129635410291
408.89 0.0122837274958
408.9 0.0116310963995
408.91 0.0110052777261
408.92 0.0104058601439
408.93 0.00983239466454
408.94 0.00928439825559
408.95 0.00876135739168
408.96 0.00826273152881
408.97 0.00778795649046
408.98 0.00733644775385
408.99 0.00690760362641
409.0 0.00650080830345
409.01 0.00611543479937
409.02 0.0057508477459
409.03 0.00540640605167
409.04 0.00508146541908
409.05 0.00477538071472
409.06 0.00448750819144
409.07 0.00421720756034
409.08 0.0039638439124
409.09 0.00372678949
409.1 0.00350542530957
409.11 0.00329914263723
409.12 0.00310734431982
409.13 0.00292944597467
409.14 0.00276487704166
409.15 0.00261308170177
409.16 0.00247351966665
409.17 0.00234566684425
409.18 0.00222901588568
409.19 0.00212307661877
409.2 0.00202737637409
409.21 0.00194146020921
409.22 0.00186489103707
409.23 0.00179724966455
409.24 0.0017381347472
409.25 0.0016871626659
409.26 0.00164396733172
409.27 0.00160819992438
409.28 0.00157952857027
409.29 0.00155763796552
409.3 0.00154222894941
409.31 0.00153301803338
409.32 0.0015297368907
409.33 0.00153213181154
409.34 0.00153996312796
409.35 0.00155300461341
409.36 0.00157104286063
409.37 0.00159387664209
409.38 0.00162131625655
409.39 0.00165318286537
409.4 0.00168930782168
409.41 0.00172953199576
409.42 0.00177370509927
409.43 0.00182168501126
409.44 0.00187333710838
409.45 0.00192853360178
409.46 0.00198715288288
409.47 0.00204907888014
409.48 0.00211420042887
409.49 0.00218241065584
409.5 0.00225360638062
409.51 0.00232768753516
409.52 0.00240455660343
409.53 0.00248411808237
409.54 0.00256627796596
409.55 0.00265094325348
409.56 0.00273802148355
409.57 0.00282742029525
409.58 0.00291904701739
409.59 0.00301280828743
409.6 0.003108609701
409.61 0.00320635549327
409.62 0.00330594825325
409.63 0.00340728867202
409.64 0.00351027532585
409.65 0.00361480449516
409.66 0.00372077002015
409.67 0.00382806319377
409.68 0.00393657269282
409.69 0.00404618454763
409.7 0.00415678215076
409.71 0.00426824630503
409.72 0.00438045531117
409.73 0.00449328509484
409.74 0.00460660937315
409.75 0.00472029986014
409.76 0.00483422651081
409.77 0.00494825780297
409.78 0.00506226105588
409.79 0.00517610278472
409.8 0.00528964908934
409.81 0.00540276607576
409.82 0.00551532030863
409.83 0.00562717929242
409.84 0.00573821197922
409.85 0.00584828930043
409.86 0.0059572847197
409.87 0.0060650748039
409.88 0.00617153980918
409.89 0.00627656427843
409.9 0.00638003764661
409.91 0.0064818548502
409.92 0.0065819169367
409.93 0.00668013167016
409.94 0.00677641412847
409.95 0.00687068728816
409.96 0.00696288259226
409.97 0.00705294049686
409.98 0.00714081099204
409.99 0.0072264540926
410.0 0.00730984029443
410.01 0.00739095099224
410.02 0.00746977885449
410.03 0.00754632815167
410.04 0.00762061503414
410.05 0.00769266775594
410.06 0.00776252684148
410.07 0.00783024519195
410.08 0.00789588812898
410.09 0.00795953337315
410.1 0.00802127095547
410.11 0.00808120306038
410.12 0.00813944379913
410.13 0.00819611891293
410.14 0.00825136540576
410.15 0.00830533110696
410.16 0.00835817416472
410.17 0.00841006247133
410.18 0.00846117302238
410.19 0.00851169121178
410.2 0.0085618100657
410.21 0.00861172941825
410.22 0.00866165503301
410.23 0.00871179767403
410.24 0.00876237213126
410.25 0.00881359620498
410.26 0.00886568965472
410.27 0.00891887311808
410.28 0.00897336700555
410.29 0.00902939037721
410.3 0.00908715980787
410.31 0.00914688824699
410.32 0.00920878388013
410.33 0.00927304899857
410.34 0.00933987888375
410.35 0.00940946071336
410.36 0.00948197249559
410.37 0.00955758203805
410.38 0.00963644595767
410.39 0.00971870873769
410.4 0.00980450183751
410.41 0.00989394286097
410.42 0.00998713478812
410.43 0.0100841652753
410.44 0.0101851060279
410.45 0.0102900122495
410.46 0.0103989221706
410.47 0.0105118566606
410.48 0.0106288189244
410.49 0.0107497942851
410.5 0.010874750056
410.51 0.0110036354994
410.52 0.0111363818752
410.53 0.0112729025768
410.54 0.0114130933534
410.55 0.0115568326185
410.56 0.0117039818402
410.57 0.0118543860121
410.58 0.0120078742009
410.59 0.012164260167
410.6 0.0123233430548
410.61 0.0124849081463
410.62 0.0126487276753
410.63 0.0128145616952
410.64 0.012982158996
410.65 0.0131512580647
410.66 0.0133215880819
410.67 0.0134928699509
410.68 0.0136648173511
410.69 0.0138371378104
410.7 0.0140095337911
410.71 0.0141817037815
410.72 0.0143533433896
410.73 0.0145241464309
410.74 0.014693806006
410.75 0.0148620155621
410.76 0.0150284699342
410.77 0.015192866359
410.78 0.0153549054602
410.79 0.0155142921979
410.8 0.0156707367806
410.81 0.0158239555355
410.82 0.0159736717345
410.83 0.0161196163722
410.84 0.0162615288965
410.85 0.0163991578864
410.86 0.0165322616789
410.87 0.0166606089427
410.88 0.016783979198
410.89 0.0169021632825
410.9 0.0170149637649
410.91 0.0171221953047
410.92 0.0172236849603
410.93 0.0173192724465
410.94 0.0174088103427
410.95 0.0174921642534
410.96 0.017569212923
410.97 0.0176398483063
410.98 0.017703975599
410.99 0.0177615132268
411.0 0.0178123927995
411.01 0.0178565590289
411.02 0.0178939696162
411.03 0.0179245951079
411.04 0.0179484187256
411.05 0.0179654361698
411.06 0.0179756554011
411.07 0.0179790964002
411.08 0.0179757909087
411.09 0.0179657821534
411.1 0.0179491245543
411.11 0.0179258834187
411.12 0.017896134623
411.13 0.0178599642823
411.14 0.0178174684098
411.15 0.0177687525666
411.16 0.0177139315025
411.17 0.0176531287879
411.18 0.0175864764383
411.19 0.0175141145309
411.2 0.0174361908136
411.21 0.0173528603068
411.22 0.0172642848977
411.23 0.0171706329277
411.24 0.0170720787718
411.25 0.0169688024115
411.26 0.0168609889989
411.27 0.0167488284152
411.28 0.0166325148197
411.29 0.0165122461932
411.3 0.0163882238729
411.31 0.0162606520811
411.32 0.0161297374469
411.33 0.0159956885214
411.34 0.0158587152883
411.35 0.0157190286679
411.36 0.0155768400187
411.37 0.0154323606348
411.38 0.0152858012411
411.39 0.0151373714888
411.4 0.0149872794501
411.41 0.0148357311157
411.42 0.0146829298962
411.43 0.0145290761277
411.44 0.0143743665857
411.45 0.0142189940079
411.46 0.0140631466271
411.47 0.0139070077183
411.48 0.0137507551603
411.49 0.0135945610142
411.5 0.0134385911216
411.51 0.0132830047237
411.52 0.0131279541037
411.53 0.0129735842544
411.54 0.0128200325726
411.55 0.0126674285826
411.56 0.0125158936898
411.57 0.0123655409661
411.58 0.012216474969
411.59 0.0120687915951
411.6 0.011922577968
411.61 0.0117779123643
411.62 0.0116348641748
411.63 0.011493493904
411.64 0.0113538532066
411.65 0.0112159849618
411.66 0.0110799233842
411.67 0.0109456941722
411.68 0.0108133146917
411.69 0.0106827941953
411.7 0.0105541340748
411.71 0.010427328147
411.72 0.0103023629695
411.73 0.0101792181866
411.74 0.0100578669012
411.75 0.00993827607322
411.76 0.00982040693911
411.77 0.00970421545295
411.78 0.00958965274455
411.79 0.00947666559285
411.8 0.00936519691153
411.81 0.0092551862441
411.82 0.00914657026547
411.83 0.00903928328721
411.84 0.00893325776346
411.85 0.00882842479467
411.86 0.00872471462617
411.87 0.00862205713886
411.88 0.00852038232906
411.89 0.00841962077512
411.9 0.00831970408796
411.91 0.00822056534319
411.92 0.00812213949257
411.93 0.00802436375258
411.94 0.00792717796818
411.95 0.00783052494992
411.96 0.00773435078288
411.97 0.00763860510598
411.98 0.0075432413606
411.99 0.00744821700744
412.0 0.00735349371099
412.01 0.00725903749107
412.02 0.00716481884124
412.03 0.00707081281399
412.04 0.00697699907299
412.05 0.00688336191268
412.06 0.00678989024611
412.07 0.00669657756158
412.08 0.00660342184939
412.09 0.00651042549981
412.1 0.0064175951738
412.11 0.00632494164801
412.12 0.00623247963588
412.13 0.00614022758669
412.14 0.00604820746458
412.15 0.00595644450972
412.16 0.00586496698376
412.17 0.00577380590186
412.18 0.00568299475362
412.19 0.0055925692153
412.2 0.00550256685561
412.21 0.0054130268375
412.22 0.00532398961817
412.23 0.00523549664976
412.24 0.0051475900827
412.25 0.00506031247401
412.26 0.00497370650258
412.27 0.00488781469328
412.28 0.00480267915176
412.29 0.00471834131159
412.3 0.00463484169524
412.31 0.00455221969031
412.32 0.0044705133422
412.33 0.00438975916412
412.34 0.00430999196553
412.35 0.00423124469945
412.36 0.0041535483293
412.37 0.00407693171551
412.38 0.004001421522
412.39 0.00392704214269
412.4 0.00385381564753
412.41 0.00378176174805
412.42 0.00371089778159
412.43 0.00364123871381
412.44 0.00357279715855
412.45 0.00350558341419
412.46 0.00343960551548
412.47 0.00337486929975
412.48 0.00331137848632
412.49 0.00324913476778
412.5 0.00318813791199
412.51 0.00312838587324
412.52 0.00306987491146
412.53 0.00301259971783
412.54 0.00295655354569
412.55 0.0029017283452
412.56 0.00284811490056
412.57 0.00279570296843
412.58 0.00274448141643
412.59 0.00269443836052
412.6 0.0026455613002
412.61 0.00259783725055
412.62 0.00255125287029
412.63 0.00250579458493
412.64 0.00246144870451
412.65 0.00241820153518
412.66 0.00237603948425
412.67 0.00233494915841
412.68 0.00229491745471
412.69 0.0022559316443
412.7 0.00221797944883
412.71 0.00218104910966
412.72 0.00214512944989
412.73 0.00211020992965
412.74 0.00207628069479
412.75 0.00204333261958
412.76 0.00201135734371
412.77 0.00198034730418
412.78 0.0019502957628
412.79 0.00192119682956
412.8 0.00189304548292
412.81 0.00186583758731
412.82 0.00183956990869
412.83 0.00181424012878
412.84 0.00178984685847
412.85 0.00176638965117
412.86 0.00174386901649
412.87 0.00172228643488
412.88 0.00170164437357
412.89 0.00168194630429
412.9 0.00166319672306
412.91 0.00164540117216
412.92 0.00162856626467
412.93 0.00161269971138
412.94 0.00159781035029
412.95 0.00158390817841
412.96 0.00157100438563
412.97 0.00155911139062
412.98 0.00154824287798
412.99 0.00153841383643
413.0 0.00152964059742
413.01 0.00152194087339
413.02 0.00151533379503
413.03 0.0015098399468
413.04 0.00150548139968
413.05 0.00150228174033
413.06 0.00150026609574
413.07 0.00149946115215
413.08 0.00149989516749
413.09 0.00150159797602
413.1 0.0015046009843
413.11 0.00150893715728
413.12 0.00151464099359
413.13 0.00152174848899
413.14 0.0015302970869
413.15 0.00154032561531
413.16 0.00155187420892
413.17 0.00156498421604
413.18 0.00157969808931
413.19 0.00159605925972
413.2 0.00161411199353
413.21 0.00163390123156
413.22 0.00165547241069
413.23 0.00167887126745
413.24 0.00170414362367
413.25 0.00173133515442
413.26 0.00176049113853
413.27 0.00179165619214
413.28 0.00182487398601
413.29 0.00186018694724
413.3 0.00189763594649
413.31 0.00193725997179
413.32 0.00197909579017
413.33 0.00202317759854
413.34 0.00206953666556
413.35 0.00211820096601
413.36 0.00216919480969
413.37 0.0022225384668
413.38 0.00227824779196
413.39 0.00233633384904
413.4 0.00239680253918
413.41 0.00245965423445
413.42 0.00252488341957
413.43 0.00259247834424
413.44 0.00266242068877
413.45 0.00273468524547
413.46 0.0028092396185
413.47 0.00288604394476
413.48 0.00296505063837
413.49 0.00304620416126
413.5 0.00312944082232
413.51 0.00321468860742
413.52 0.0033018670426
413.53 0.00339088709242
413.54 0.00348165109564
413.55 0.00357405273973
413.56 0.00366797707603
413.57 0.00376330057696
413.58 0.00385989123624
413.59 0.00395760871336
413.6 0.00405630452279
413.61 0.00415582226843
413.62 0.00425599792354
413.63 0.00435666015587
413.64 0.00445763069783
413.65 0.00455872476078
413.66 0.00465975149267
413.67 0.00476051447753
413.68 0.0048608122755
413.69 0.00496043900134
413.7 0.00505918493936
413.71 0.00515683719235
413.72 0.00525318036189
413.73 0.00534799725693
413.74 0.0054410696277
413.75 0.00553217892139
413.76 0.00562110705606
413.77 0.00570763720901
413.78 0.00579155461572
413.79 0.00587264737519
413.8 0.00595070725757
413.81 0.00602553050985
413.82 0.00609691865524
413.83 0.00616467928189
413.84 0.00622862681671
413.85 0.00628858327989
413.86 0.00634437901597
413.87 0.00639585339715
413.88 0.00644285549515
413.89 0.00648524471734
413.9 0.00652289140377
413.91 0.00655567738151
413.92 0.00658349647301
413.93 0.00660625495555
413.94 0.006623871969
413.95 0.0066362798696
413.96 0.00664342452752
413.97 0.00664526556649
413.98 0.00664177654408
413.99 0.00663294507164
414.0 0.00661877287297
414.01 0.00659927578169
414.02 0.00657448367712
414.03 0.00654444035917
414.04 0.00650920336298
414.05 0.00646884371455
414.06 0.00642344562866
414.07 0.00637310615112
414.08 0.00631793474735
414.09 0.00625805283981
414.1 0.00619359329712
414.11 0.00612469987769
414.12 0.00605152663141
414.13 0.00597423726267
414.14 0.00589300445845
414.15 0.00580800918554
414.16 0.00571943996053
414.17 0.00562749209704
414.18 0.00553236693421
414.19 0.00543427105067
414.2 0.00533341546838
414.21 0.00523001485053
414.22 0.00512428669776
414.23 0.00501645054681
414.24 0.00490672717579
414.25 0.00479533781985
414.26 0.00468250340129
414.27 0.00456844377751
414.28 0.00445337701052
414.29 0.00433751866097
414.3 0.00422108111008
414.31 0.0041042729119
414.32 0.00398729817876
414.33 0.00387035600199
414.34 0.00375363990992
414.35 0.00363733736505
414.36 0.00352162930168
414.37 0.00340668970516
414.38 0.00329268523379
414.39 0.00317977488381
414.4 0.00306810969789
414.41 0.00295783251714
414.42 0.00284907777646
414.43 0.00274197134276
414.44 0.00263663039535
414.45 0.00253316334759
414.46 0.00243166980868
414.47 0.00233224058426
414.48 0.00223495771421
414.49 0.00213989454623
414.5 0.00204711584314
414.51 0.00195667792202
414.52 0.00186862882331
414.53 0.00178300850748
414.54 0.00169984907722
414.55 0.00161917502293
414.56 0.00154100348902
414.57 0.00146534455891
414.58 0.00139220155633
414.59 0.00132157136056
414.6 0.00125344473341
414.61 0.00118780665575
414.62 0.00112463667127
414.63 0.00106390923546
414.64 0.00100559406784
414.65 0.000949656505286
414.66 0.000896057854828
414.67 0.000844755744076
414.68 0.00079570446761
414.69 0.000748855327873
414.7 0.000704156969137
414.71 0.000661555703263
414.72 0.000620995826098
414.73 0.000582419923477
414.74 0.000545769165904
414.75 0.00051098359114
414.76 0.000478002374006
414.77 0.00044676408286
414.78 0.000417206922301
414.79 0.000389268961758
414.8 0.000362888349755
414.81 0.000338003513692
414.82 0.000314553345133
414.83 0.000292477370632
414.84 0.000271715908231
414.85 0.000252210209846
414.86 0.000233902589794
414.87 0.00021673653982
414.88 0.000200656830989
414.89 0.000185609602909
414.9 0.000171542440733
414.91 0.000158404440488
414.92 0.000146146263254
414.93 0.000134720178773
414.94 0.000124080099073
414.95 0.000114181602713
414.96 0.000104981950243
414.97 9.64400915162e-05
414.98 8.85166654354e-05
414.99 8.11739927661e-05
415.0 7.43760625949e-05
415.01 6.80885130298e-05
415.02 6.22786067085e-05
415.03 5.69152016703e-05
415.04 5.19687181249e-05
415.05 4.74111016312e-05
415.06 4.32157831753e-05
415.07 3.93576366138e-05
415.08 3.58129339216e-05
415.09 3.25592986598e-05
415.1 2.95756580498e-05
415.11 2.68421940168e-05
415.12 2.43402935354e-05
415.13 2.20524985874e-05
415.14 1.99624560125e-05
415.15 1.80548675094e-05
415.16 1.631544002e-05
415.17 1.47308367025e-05
415.18 1.32886286812e-05
415.19 1.19772477328e-05
415.2 1.07859400533e-05
415.21 9.70472122524e-06
415.22 8.72433249042e-06
415.23 7.8361984107e-06
415.24 7.03238598804e-06
415.25 6.30556529606e-06
415.26 5.64897166313e-06
415.27 5.05636943339e-06
415.28 4.52201732067e-06
415.29 4.04063535948e-06
415.3 3.60737344776e-06
415.31 3.21778146737e-06
415.32 2.86778096116e-06
415.33 2.55363833831e-06
415.34 2.27193957438e-06
415.35 2.01956636744e-06
415.36 1.79367370753e-06
415.37 1.59166881339e-06
415.38 1.41119138771e-06
415.39 1.25009513999e-06
415.4 1.10643052464e-06
415.41 9.78428641062e-07
415.42 8.64486241512e-07
415.43 7.6315179295e-07
415.44 6.73112538866e-07
415.45 5.93182507882e-07
415.46 5.22291416647e-07
415.47 4.59474415689e-07
415.48 4.03862628118e-07
415.49 3.54674432587e-07
415.5 3.11207443456e-07
415.51 2.7283114288e-07
415.52 2.38980121283e-07
415.53 2.09147884587e-07
415.54 1.82881188433e-07
415.55 1.59774861583e-07
415.56 1.3946708261e-07
415.57 1.21635075914e-07
415.58 1.05991194994e-07
415.59 9.22793627909e-08
415.6 8.02718407215e-08
415.61 6.97662998281e-08
415.62 6.05831691588e-08
415.63 5.25632381729e-08
415.64 4.55654915521e-08
415.65 3.94651563175e-08
415.66 3.41519426128e-08
415.67 2.95284608893e-08
415.68 2.55087995396e-08
415.69 2.20172482621e-08
415.7 1.89871536034e-08
415.71 1.63598942193e-08
415.72 1.40839644223e-08
415.73 1.21141555399e-08
415.74 1.04108255051e-08
415.75 8.93924792992e-09
415.76 7.66903268837e-09
415.77 6.57361074845e-09
415.78 5.62977665683e-09
415.79 4.81728268942e-09
415.8 4.11847924385e-09
415.81 3.51799656693e-09
415.82 3.00246338395e-09
415.83 2.56025843129e-09
415.84 2.18129129045e-09
415.85 1.85680928375e-09
415.86 1.57922752166e-09
415.87 1.34197949181e-09
415.88 1.13938585155e-09
415.89 9.66539333108e-10
415.9 8.1920389287e-10
415.91 6.9372643871e-10
415.92 5.869596504e-10
415.93 4.96194572306e-10
415.94 4.19101804585e-10
415.95 3.53680251304e-10
415.96 2.98212502362e-10
415.97 2.51226032145e-10
415.98 2.11459492589e-10
415.99 1.77833462949e-10
416.0 1.49425093928e-10
416.01 1.25446150938e-10
416.02 1.05224020861e-10
416.03 8.81852996275e-11
416.04 7.38416248078e-11
416.05 6.17774589246e-11
416.06 5.16395658993e-11
416.07 4.31279554152e-11
416.08 3.59880985389e-11
416.09 3.00042430741e-11
416.1 2.49936792229e-11
416.11 2.08018255313e-11
416.12 1.72980221173e-11
416.13 1.43719330821e-11
416.14 1.1930473043e-11
416.15 9.89518411815e-12
416.16 8.19999962897e-12
416.17 6.78933945023e-12
416.18 5.61648947264e-12
416.19 4.64222419791e-12
416.2 3.83363717482e-12
416.21 3.16314891907e-12
416.22 2.60766623297e-12
416.23 2.14787053811e-12
416.24 1.76761602838e-12
416.25 1.45342120783e-12
416.26 1.19403975402e-12
416.27 9.80098693934e-13
416.28 8.03793638874e-13
416.29 6.58632336446e-13
416.3 5.39219094473e-13
416.31 4.41073743057e-13
416.32 3.60479752315e-13
416.33 2.94356936725e-13
416.34 2.40154871672e-13
416.35 1.95763740369e-13
416.36 1.59439834278e-13
416.37 1.29743359931e-13
416.38 1.05486570404e-13
416.39 8.56905500073e-14
416.4 6.95492439361e-14
416.41 5.63995476511e-14
416.42 4.56964594974e-14
416.43 3.69924596644e-14
416.44 2.99204133393e-14
416.45 2.41794095969e-14
416.46 1.95230433565e-14
416.47 1.57497283726e-14
416.48 1.26946970174e-14
416.49 1.02233995529e-14
416.5 8.226063365e-15
416.51 6.61321266056e-15
416.52 5.31198265092e-15
416.53 4.2630902678e-15
416.54 3.41834687363e-15
416.55 2.73861796433e-15
416.56 2.19215114927e-15
416.57 1.75320725324e-15
416.58 1.40094066583e-15
416.59 1.11848443574e-15
416.6 8.92203387432e-16
416.61 7.11084987687e-16
416.62 5.66243032842e-16
416.63 4.50513647733e-16
416.64 3.58126741559e-16
416.65 2.84439082664e-16
416.66 2.25717642644e-16
416.67 1.789639105e-16
416.68 1.41771565155e-16
416.69 1.12211282254e-16
416.7 8.87375909211e-17
416.71 7.0113631363e-17
416.72 5.5350430778e-17
416.73 4.36579427453e-17
416.74 3.44056087228e-17
416.75 2.70906198598e-17
416.76 2.13123998465e-17
416.77 1.67521088243e-17
416.78 1.31561959258e-17
416.79 1.03232131849e-17
416.8 8.09325410413e-18
416.81 6.33950243065e-18
416.82 4.96147589306e-18
416.83 3.87963005047e-18
416.84 3.03105250713e-18
416.85 2.36603040291e-18
416.86 1.84531663997e-18
416.87 1.43795465429e-18
416.88 1.1195492399e-18
416.89 8.70893248301e-19
416.9 6.768779448e-19
416.91 5.25629242664e-19
416.92 4.07823633043e-19
416.93 3.16146934487e-19
416.94 2.44866444984e-19
416.95 1.89493052731e-19
416.96 1.46514640427e-19
416.97 1.13185936838e-19
416.98 8.73630184983e-20
416.99 6.73730963219e-20
417.0 5.19121597792e-20
417.01 3.9964593821e-20
417.02 3.07401104486e-20
417.03 2.36243113885e-20
417.04 1.81399718046e-20
417.05 1.39167482645e-20
417.06 1.06674999558e-20
417.07 8.16979656456e-21
417.08 6.25149012164e-21
417.09 4.77946813464e-21
417.1 3.65089468958e-21
417.11 2.78639547033e-21
417.12 2.12476018231e-21
417.13 1.6188283332e-21
417.14 1.23229699305e-21
417.15 9.3724621355e-22
417.16 7.1222254076e-22
417.17 5.40756125877e-22
417.18 4.10214394255e-22
417.19 3.10916705245e-22
417.2 2.35451212919e-22
417.21 1.78148233773e-22
417.22 1.34674640089e-22
417.23 1.01721753943e-22
417.24 7.67654093081e-23
417.25 5.78816647508e-23
417.26 4.36053895558e-23
417.27 3.28218488714e-23
417.28 2.46836639803e-23
417.29 1.85472669801e-23
417.3 1.39243180552e-23
417.31 1.04445963235e-23
417.32 7.82768062064e-24
417.33 5.86135801438e-24
417.34 4.38517686254e-24
417.35 3.27793012988e-24
417.36 2.44813849994e-24
417.37 1.82682097167e-24
417.38 1.36200815129e-24
417.39 1.01458196498e-24
417.4 7.55124015848e-25
417.41 5.61530228786e-25
417.42 4.1720712013e-25
417.43 3.09709121102e-25
417.44 2.29710048283e-25
417.45 1.70227493154e-25
417.46 1.26038471338e-25
417.47 9.32395704068e-26
417.48 6.89161668314e-26
417.49 5.0893893482e-26
417.5 3.75520761054e-26
417.51 2.76838151916e-26
417.52 2.03911464292e-26
417.53 1.50065568664e-26
417.54 1.10342847279e-26
417.55 8.10645595187e-27
417.56 5.95033724987e-27
417.57 4.36391063046e-27
417.58 3.19767136453e-27
417.59 2.34107604202e-27
417.6 1.71246193305e-27
417.61 1.25155530304e-27
417.62 9.13908835832e-28
417.63 6.66775172646e-28
417.64 4.86048578936e-28
417.65 3.54000314438e-28
417.66 2.57603245723e-28
417.67 1.87293509042e-28
417.68 1.36056042716e-28
417.69 9.87498981725e-29
417.7 7.1610909689e-29
417.71 5.18854320834e-29
417.72 3.75608487721e-29
417.73 2.716746212e-29
417.74 1.96329904618e-29
417.75 1.41757992313e-29
417.76 1.02266257915e-29
417.77 7.37124571649e-30
417.78 5.30851592905e-30
417.79 3.81969841147e-30
417.8 2.74605186783e-30
417.81 1.97247773952e-30
417.82 1.41559558035e-30
417.83 1.01505598948e-30
417.84 7.27217817545e-31
417.85 5.2055034244e-31
417.86 3.72292832171e-31
417.87 2.66029823103e-31
417.88 1.89932676933e-31
417.89 1.3548548352e-31
417.9 9.65627342294e-32
417.91 6.87622463945e-32
417.92 4.89231340591e-32
417.93 3.47778073611e-32
417.94 2.47009602727e-32
417.95 1.75286790631e-32
417.96 1.24282005999e-32
417.97 8.80422295765e-33
417.98 6.23157063788e-33
417.99 4.40684448948e-33
418.0 3.11373494521e-33
418.01 2.19815983898e-33
418.02 1.55046015447e-33
418.03 1.0926615558e-33
418.04 7.69368549629e-34
418.05 5.41261214683e-34
418.06 3.80454827486e-34
418.07 2.67191724514e-34
418.08 1.87485039885e-34
418.09 1.31441936437e-34
418.1 9.20714516054e-35
418.11 6.44376575736e-35
418.12 4.50586537187e-35
418.13 3.14804108041e-35
418.14 2.19748684124e-35
418.15 1.53262493793e-35
418.16 1.06799496473e-35
418.17 7.43577491553e-36
418.18 5.17257715565e-36
418.19 3.59510378649e-36
418.2 2.49654615839e-36
418.21 1.73217385939e-36
418.22 1.20079002913e-36
418.23 8.31699381246e-37
418.24 5.75558399567e-37
418.25 3.97956980297e-37
418.26 2.74920148498e-37
418.27 1.89758275739e-37
418.28 1.30863518714e-37
418.29 9.01696064864e-38
418.3 6.20762491651e-38
418.31 4.26986823789e-38
418.32 2.93445322945e-38
418.33 2.01494698013e-38
418.34 1.38236830092e-38
418.35 9.47561970774e-39
418.36 6.48955908936e-39
418.37 4.44064926122e-39
418.38 3.03599789491e-39
418.39 2.07386352051e-39
418.4 1.41541108073e-39
418.41 9.65180907873e-40
418.42 6.57595097086e-40
418.43 4.47643335371e-40
418.44 3.04459403382e-40
418.45 2.06895180216e-40
418.46 1.40473714879e-40
418.47 9.52935430067e-41
418.48 6.45885587192e-41
418.49 4.37392593946e-41
418.5 2.95944974422e-41
418.51 2.00066431646e-41
418.52 1.35132930661e-41
418.53 9.11951784237e-42
418.54 6.14902518413e-42
418.55 4.1425177567e-42
418.56 2.78834301238e-42
418.57 1.87521785756e-42
418.58 1.26003025904e-42
418.59 8.45929035138e-43
418.6 5.67427789366e-43
418.61 3.80286565597e-43
418.62 2.54644955919e-43
418.63 1.70365983658e-43
418.64 1.1388182147e-43
418.65 7.60588293981e-44
418.66 5.07538020774e-44
418.67 3.38385105736e-44
418.68 2.25412299181e-44
418.69 1.50026401013e-44
418.7 9.97657532533e-45
418.71 6.62855697058e-45
418.72 4.40027899306e-45
418.73 2.91853661061e-45
418.74 1.93407713413e-45
418.75 1.28057832852e-45
418.76 8.47153711441e-46
418.77 5.59940654161e-46
418.78 3.69781768651e-46
418.79 2.43990379687e-46
418.8 1.60850947281e-46
418.81 1.05949339945e-46
418.82 6.97262968484e-47
418.83 4.58478165905e-47
418.84 3.01206561419e-47
418.85 1.97712401303e-47
418.86 1.29666296254e-47
418.87 8.49657731471e-48
418.88 5.56268712759e-48
418.89 3.63872275353e-48
418.9 2.37813777653e-48
418.91 1.55291887782e-48
418.92 1.01317447412e-48
418.93 6.60455288996e-49
418.94 4.30156329495e-49
418.95 2.79919352865e-49
418.96 1.81996587857e-49
418.97 1.18227165788e-49
418.98 7.67352697003e-50
418.99 4.97618458654e-50
419.0 3.22419761244e-50
419.01 2.08723108903e-50
419.02 1.3500291013e-50
419.03 8.72447772488e-51
419.04 5.63325561875e-51
419.05 3.63415286647e-51
419.06 2.34245165752e-51
419.07 1.50855724456e-51
419.08 9.70681304799e-52
419.09 6.24044052115e-52
419.1 4.00845990298e-52
419.11 2.572548384e-52
419.12 1.64957958093e-52
419.13 1.05683382567e-52
419.14 6.76493846644e-53
419.15 4.32657970375e-53
419.16 2.76470806344e-53
419.17 1.76513351962e-53
419.18 1.12597709945e-53
419.19 7.17637733355e-54
419.2 4.56987884524e-54
419.21 2.90755420174e-54
419.22 1.84830936946e-54
419.23 1.17393816846e-54
419.24 7.44971217425e-55
419.25 4.72342992662e-55
419.26 2.99225893508e-55
419.27 1.89393286626e-55
419.28 1.1977155864e-55
419.29 7.56774577711e-56
419.3 4.77752622922e-56
419.31 3.01344547805e-56
419.32 1.89909770483e-56
419.33 1.1957902061e-56
419.34 7.52291903513e-57
419.35 4.72869710122e-57
419.36 2.96975291088e-57
419.37 1.86347190711e-57
419.38 1.16828579344e-57
419.39 7.31811203375e-58
419.4 4.58007642209e-58
419.41 2.86398083755e-58
419.42 1.78933313212e-58
419.43 1.11695586235e-58
419.44 6.96633784688e-59
419.45 4.34106977007e-59
419.46 2.70279254091e-59
419.47 1.68132770745e-59
419.48 1.04499867742e-59
419.49 6.48937429387e-60
419.5 4.02636942881e-60
419.51 2.49602038689e-60
419.52 1.54598882044e-60
419.53 9.56727555028e-61
419.54 5.91553363769e-61
419.55 3.65446062212e-61
419.56 2.25567412345e-61
419.57 1.39108331246e-61
419.58 8.57143698543e-62
419.59 5.27688761762e-62
419.6 3.24582997003e-62
419.61 1.99479099641e-62
419.62 1.22487774864e-62
419.63 7.51470270226e-63
419.64 4.60632498014e-63
419.65 2.82111674001e-63
419.66 1.72628005921e-63
419.67 1.05541961752e-63
419.68 6.44707590252e-64
419.69 3.93481317349e-64
419.7 2.3994359566e-64
419.71 1.46190085842e-64
419.72 8.89918821542e-65
419.73 5.41260800552e-65
419.74 3.28917114399e-65
419.75 1.99705524951e-65
419.76 1.21148321386e-65
419.77 7.3429138765e-66
419.78 4.44675477909e-66
419.79 2.69055354244e-66
419.8 1.62653648717e-66
419.81 9.82448272932e-67
419.82 5.92897050091e-67
419.83 3.57497161665e-67
419.84 2.15372187496e-67
419.85 1.29637412061e-67
419.86 7.7964123133e-68
419.87 4.68471264897e-68
419.88 2.81251487687e-68
419.89 1.68705954718e-68
419.9 1.01108975061e-68
419.91 6.05442239133e-69
419.92 3.62225847858e-69
419.93 2.16525909371e-69
419.94 1.29319500162e-69
419.95 7.71688229319e-70
419.96 4.60090691806e-70
419.97 2.74074563219e-70
419.98 1.63123949088e-70
419.99 9.70041770052e-71
420.0 5.76350741914e-71
420.01 3.42142473044e-71
420.02 2.02932140528e-71
420.03 1.20259223404e-71
420.04 7.12048647964e-72
420.05 4.21235194653e-72
420.06 2.48979359836e-72
420.07 1.47036702548e-72
420.08 8.67584682555e-73
420.09 5.11471818405e-73
420.1 3.01269561751e-73
420.11 1.77301542693e-73
420.12 1.04254182128e-73
420.13 6.12488825001e-74
420.14 3.59522906048e-74
420.15 2.10852460961e-74
420.16 1.23553341521e-74
420.17 7.23359233005e-75
420.18 4.2313336858e-75
420.19 2.47300067088e-75
420.2 1.44409214412e-75
420.21 8.42537595935e-76
420.22 4.91142351747e-76
420.23 2.86054770083e-76
420.24 1.66461849444e-76
420.25 9.67840851496e-77
420.26 5.62233728601e-77
420.27 3.26327410198e-77
420.28 1.89240429745e-77
420.29 1.09647317045e-77
420.3 6.34754525275e-78
420.31 3.67144743363e-78
420.32 2.12174181676e-78
420.33 1.22509980197e-78
420.34 7.06763505247e-79
420.35 4.07380723203e-79
420.36 2.34612175245e-79
420.37 1.34997066087e-79
420.38 7.76107403582e-80
420.39 4.45803049787e-80
420.4 2.55851493569e-80
420.41 1.46708943781e-80
420.42 8.40521712729e-81
420.43 4.81132834183e-81
420.44 2.75172333715e-81
420.45 1.57241888439e-81
420.46 8.97750069354e-82
420.47 5.12113655271e-82
420.48 2.91877741873e-82
420.49 1.66210827452e-82
420.5 9.45673802076e-83
420.51 5.37584968577e-83
420.52 3.05334999143e-83
420.53 1.73272552168e-83
420.54 9.82441430268e-84
420.55 5.56553960569e-84
420.56 3.15015264826e-84
420.57 1.78147459351e-84
420.58 1.00658714437e-84
420.59 5.6825967481e-85
420.6 3.2052802676e-85
420.61 1.80637907562e-85
420.62 1.01712772001e-85
420.63 5.72223644935e-86
420.64 3.21647233876e-86
420.65 1.80641509987e-86
420.66 1.01362893962e-86
420.67 5.68282340411e-87
420.68 3.18326674221e-87
420.69 1.78158117839e-87
420.7 9.96235268463e-88
420.71 5.56598358867e-88
420.72 3.1070314051e-88
420.73 1.73289830554e-88
420.74 9.65659958574e-89
420.75 5.3764929747e-89
420.76 2.99087081025e-89
420.77 1.66234031801e-89
420.78 9.2313652535e-90
420.79 5.12195364799e-90
420.8 2.83941626328e-90
420.81 1.57270113276e-90
420.82 8.70336197241e-91
420.83 4.81228794132e-91
420.84 2.65851966351e-91
420.85 1.46741130641e-91
420.86 8.09259036505e-92
420.87 4.45909748196e-92
420.88 2.45487898622e-92
420.89 1.35032069119e-92
420.9 7.4210860791e-93
420.91 4.07494478287e-93
420.92 2.2356288217e-93
420.93 1.22546633183e-93
420.94 6.71161105475e-94
420.95 3.67261911156e-94
420.96 2.0079306615e-94
420.97 1.0968449643e-94
420.98 5.98639669418e-95
420.99 3.26444571895e-95
421.0 1.77859523005e-95
421.01 9.68207644854e-96
421.02 5.26603333756e-96
421.03 2.86168886314e-96
421.04 1.55376357157e-96
421.05 8.42890519888e-97
421.06 4.56857875666e-97
421.07 2.47408590585e-97
421.08 1.33866573442e-97
421.09 7.23691099225e-98
421.1 3.90893121217e-98
421.11 2.10953403777e-98
421.12 1.13746687723e-98
421.13 6.12794266466e-99
421.14 3.29848368255e-99
421.15 1.77393498677e-99
421.16 9.53201618376e-100
421.17 5.11747294499e-100
421.18 2.74504868999e-100
421.19 1.47118829658e-100
421.2 7.87789491199e-101
421.21 4.21478880168e-101
421.22 2.25302060876e-101
421.23 1.20331193325e-101
421.24 6.42118223424e-102
421.25 3.42354057798e-102
421.26 1.823726365e-102
421.27 9.70661012056e-103
421.28 5.16177663904e-103
421.29 2.7425499248e-103
421.3 1.45590684864e-103
421.31 7.72211648217e-104
421.32 4.09225624565e-104
421.33 2.16677095109e-104
421.34 1.14626993447e-104
421.35 6.05877062056e-105
421.36 3.19967473963e-105
421.37 1.68830484621e-105
421.38 8.90060676428e-106
421.39 4.68826415347e-106
421.4 2.46733571526e-106
421.41 1.29738278125e-106
421.42 6.81603366262e-107
421.43 3.57782451961e-107
421.44 1.87642002037e-107
421.45 9.83251895744e-108
421.46 5.14781865479e-108
421.47 2.69280806159e-108
421.48 1.40737966197e-108
421.49 7.34921334896e-109
421.5 3.83437118378e-109
421.51 1.99880838038e-109
421.52 1.04105070742e-109
421.53 5.41746754325e-110
421.54 2.8167251081e-110
421.55 1.46324255992e-110
421.56 7.59472226468e-111
421.57 3.93850300397e-111
421.58 2.04067656949e-111
421.59 1.05643039398e-111
421.6 5.46425941932e-112
421.61 2.82387484083e-112
421.62 1.45808650723e-112
421.63 7.5221995568e-113
421.64 3.87730640602e-113
421.65 1.99682087062e-113
421.66 1.02747627908e-113
421.67 5.28236265401e-114
421.68 2.71336573231e-114
421.69 1.39255440197e-114
421.7 7.14068240623e-115
421.71 3.65839822035e-115
421.72 1.87269024919e-115
421.73 9.57777507375e-116
421.74 4.89425993254e-116
421.75 2.49880945443e-116
421.76 1.27468525633e-116
421.77 6.49675511722e-117
421.78 3.30836748808e-117
421.79 1.68327356815e-117
421.8 8.55695752072e-118
421.81 4.34618051737e-118
421.82 2.2055649819e-118
421.83 1.1182931571e-118
421.84 5.66519925775e-119
421.85 2.8674669714e-119
421.86 1.45012477156e-119
421.87 7.32716600463e-120
421.88 3.69905171632e-120
421.89 1.86581460335e-120
421.9 9.40308333494e-121
421.91 4.73473628542e-121
421.92 2.38201787923e-121
421.93 1.19734126888e-121
421.94 6.01332392271e-122
421.95 3.01741439962e-122
421.96 1.51279134359e-122
421.97 7.57786415255e-123
421.98 3.7926111079e-123
421.99 1.89650294926e-123
422.0 9.47528855607e-124
422.01 4.72993398487e-124
422.02 2.35907325296e-124
422.03 1.17557809845e-124
422.04 5.85309076197e-125
422.05 2.91167396631e-125
422.06 1.44718462752e-125
422.07 7.18668898369e-126
422.08 3.56580404007e-126
422.09 1.76770506978e-126
422.1 8.75559883437e-127
422.11 4.33296932576e-127
422.12 2.14244206553e-127
422.13 1.05841569593e-127
422.14 5.22428870532e-128
422.15 2.5764503563e-128
422.16 1.26952161935e-128
422.17 6.25003048891e-129
422.18 3.07431159645e-129
422.19 1.51090564254e-129
422.2 7.41908788084e-130
422.21 3.63988280152e-130
422.22 1.78421833366e-130
422.23 8.7384077836e-131
422.24 4.27602592729e-131
422.25 2.09060538498e-131
422.26 1.02123928314e-131
422.27 4.98432866659e-132
422.28 2.43057789768e-132
422.29 1.184230192e-132
422.3 5.76482896195e-133
422.31 2.8038865447e-133
422.32 1.36256791735e-133
422.33 6.61575774442e-134
422.34 3.20940659916e-134
422.35 1.55558447869e-134
422.36 7.53331579978e-135
422.37 3.64504134294e-135
422.38 1.76214830303e-135
422.39 8.51150122402e-136
422.4 4.10765148266e-136
422.41 1.98063625005e-136
422.42 9.54200348418e-137
422.43 4.59301782391e-137
422.44 2.20892211503e-137
422.45 1.06141785311e-137
422.46 5.09584354593e-138
422.47 2.44438435657e-138
422.48 1.17151166731e-138
422.49 5.60980096959e-139
422.5 2.68393504247e-139
422.51 1.28298110589e-139
422.52 6.12762575951e-140
422.53 2.92407103103e-140
422.54 1.39414297835e-140
422.55 6.64125912719e-141
422.56 3.16094724952e-141
422.57 1.50316890539e-141
422.58 7.14203593327e-142
422.59 3.39047066361e-142
422.6 1.60813188714e-142
422.61 7.62091378622e-143
422.62 3.6084122303e-143
422.63 1.70706066894e-143
422.64 8.06873549326e-144
422.65 3.81053288437e-144
422.66 1.79799989266e-144
422.67 8.47651474014e-145
422.68 3.99271851936e-145
422.69 1.87907354934e-145
422.7 8.83573285937e-146
422.71 4.151118078e-146
422.72 1.94854890215e-146
422.73 9.13863316805e-147
422.74 4.28227834188e-147
422.75 2.00489786112e-147
422.76 9.37849875661e-148
422.77 4.3832688619e-148
422.78 2.04685278398e-148
422.79 9.54989987163e-149
422.8 4.45179072996e-149
422.81 2.07345386192e-149
422.82 9.6488981826e-150
422.83 4.48626355802e-150
422.84 2.08408561764e-150
422.85 9.67319720499e-151
422.86 4.48588606991e-151
422.87 2.07850057802e-151
422.88 9.62223085748e-152
422.89 4.45066706213e-152
422.9 2.05682884988e-152
422.91 9.49718538445e-153
422.92 4.38142506311e-153
422.93 2.01957308159e-153
422.94 9.30095345859e-154
422.95 4.27975670934e-154
422.96 1.96758908277e-154
422.97 9.03802294306e-155
422.98 4.14797554444e-155
422.99 1.90205314568e-155
423.0 8.71430628666e-156
423.01 3.98902451701e-156
423.02 1.82441781062e-156
423.03 8.33691960714e-157
423.04 3.80636679755e-157
423.05 1.73635839734e-157
423.06 7.91392298401e-158
423.07 3.60386056711e-158
423.08 1.63971304829e-158
423.09 7.45403517763e-159
423.1 3.38562408693e-159
423.11 1.53641927222e-159
423.12 6.96633682577e-160
423.13 3.15589760867e-160
423.14 1.42845002891e-160
423.15 6.45997611924e-161
423.16 2.91890852799e-161
423.17 1.31775226315e-161
423.18 5.94389006885e-162
423.19 2.67874565127e-162
423.2 1.20619049517e-162
423.21 5.42655285318e-163
423.22 2.43924759336e-163
423.23 1.09549763814e-163
423.24 4.91576053329e-164
423.25 2.20390923077e-164
423.26 9.8723467719e-165
423.27 4.41845882504e-165
423.28 1.97580888989e-165
423.29 8.82760253233e-166
423.3 3.94061783425e-166
423.31 1.7575576486e-166
423.32 7.83210591555e-167
423.33 3.48715488494e-167
423.34 1.55127086286e-167
423.35 6.8948964121e-168
423.36 3.06190399035e-168
423.37 1.35856087807e-168
423.38 6.02268781552e-169
423.39 2.66762827934e-169
423.4 1.18054891308e-169
423.41 5.21995033788e-170
423.42 2.30606991059e-170
423.43 1.01789335612e-170
423.44 4.4890640577e-171
423.45 1.9780307476e-171
423.46 8.70831211568e-172
423.47 3.83052804878e-172
423.48 1.68347635058e-172
423.49 7.39229186227e-173
423.5 3.24320875258e-173
423.51 1.42165564535e-173
423.52 6.22640888261e-174
423.53 2.7246114198e-174
423.54 1.19122889861e-174
423.55 5.20366801105e-175
423.56 2.27115960025e-175
423.57 9.90397282113e-176
423.58 4.31514047165e-176
423.59 1.87846950247e-176
423.6 8.17028247114e-177
423.61 3.55053425703e-177
423.62 1.54160835495e-177
423.63 6.68772052541e-178
423.64 2.89871747784e-178
423.65 1.25532845928e-178
423.66 5.43165994778e-179
423.67 2.34818053398e-179
423.68 1.01427122961e-179
423.69 4.37724083722e-180
423.7 1.88742842125e-180
423.71 8.13137988555e-181
423.72 3.50011024889e-181
423.73 1.50529947424e-181
423.74 6.46826505657e-182
423.75 2.77700344683e-182
423.76 1.19121112842e-182
423.77 5.10534126501e-183
423.78 2.18617299781e-183
423.79 9.35336724543e-184
423.8 3.99829800079e-184
423.81 1.707678244e-184
423.82 7.28719923909e-185
423.83 3.10698355404e-185
423.84 1.32355190566e-185
423.85 5.63334972269e-186
423.86 2.39561024468e-186
423.87 1.01786298743e-186
423.88 4.32101919591e-187
423.89 1.8327649949e-187
423.9 7.76696019907e-188
423.91 3.2886608664e-188
423.92 1.39126805605e-188
423.93 5.88066242116e-189
423.94 2.48350705339e-189
423.95 1.0479203123e-189
423.96 4.41788932434e-190
423.97 1.86090892016e-190
423.98 7.83175541374e-191
423.99 3.29319029418e-191
424.0 1.38356080415e-191
424.01 5.80768945379e-192
424.02 2.43574732482e-192
424.03 1.02066869587e-192
424.04 4.27327722712e-193
424.05 1.78756175468e-193
424.06 7.47110349495e-194
424.07 3.11983886153e-194
424.08 1.30167716686e-194
424.09 5.42622905735e-195
424.1 2.26004283794e-195
424.11 9.40500285947e-196
424.12 3.91043350489e-196
424.13 1.62448083173e-196
424.14 6.74260921221e-197
424.15 2.79617984188e-197
424.16 1.15857972436e-197
424.17 4.79634550301e-198
424.18 1.98389511575e-198
424.19 8.19880711133e-199
424.2 3.38537156871e-199
424.21 1.39664402738e-199
424.22 5.75690187302e-200
424.23 2.3709131087e-200
424.24 9.75587352099e-201
424.25 4.01088672873e-201
424.26 1.64754902218e-201
424.27 6.76176396567e-202
424.28 2.77271594653e-202
424.29 1.13598988957e-202
424.3 4.65015323837e-203
424.31 1.90188290842e-203
424.32 7.77184264752e-204
424.33 3.17313051142e-204
424.34 1.29442109981e-204
424.35 5.27578324847e-205
424.36 2.14843400702e-205
424.37 8.74139618432e-206
424.38 3.55355713584e-206
424.39 1.44334287826e-206
424.4 5.85732655372e-207
424.41 2.37494235727e-207
424.42 9.62122612299e-208
424.43 3.89431863509e-208
424.44 1.57491187046e-208
424.45 6.36362739009e-209
424.46 2.56907593484e-209
424.47 1.03626982477e-209
424.48 4.17630757253e-210
424.49 1.68165077488e-210
424.5 6.76554614182e-211
424.51 2.71952854349e-211
424.52 1.0922148953e-211
424.53 4.38274578883e-212
424.54 1.75714734133e-212
424.55 7.03872164533e-213
424.56 2.81710551908e-213
424.57 1.12651285145e-213
424.58 4.50083300161e-214
424.59 1.79669086771e-214
424.6 7.1660120481e-215
424.61 2.85565291073e-215
424.62 1.13699097857e-215
424.63 4.52305980322e-216
424.64 1.7977585116e-216
424.65 7.13927465126e-217
424.66 2.83269971245e-217
424.67 1.12297658162e-217
424.68 4.44799789794e-218
424.69 1.76028164114e-218
424.7 6.96022787104e-219
424.71 2.74971998048e-219
424.72 1.08536844994e-219
424.73 4.28045198033e-220
424.74 1.68665313569e-220
424.75 6.64026848183e-221
424.76 2.61197618572e-221
424.77 1.02654147153e-221
424.78 4.0309508056e-222
424.79 1.58147455669e-222
424.8 6.19927115855e-223
424.81 2.42796694161e-223
424.82 9.50098468409e-224
424.83 3.71465238745e-224
424.84 1.45108032308e-224
424.85 5.66354609204e-225
424.86 2.20855967377e-225
424.87 8.60505299634e-226
424.88 3.34982155801e-226
424.89 1.30290727629e-226
424.9 5.06324634968e-227
424.91 1.96593122017e-227
424.92 7.62660569499e-228
424.93 2.95609222873e-228
424.94 1.14479672556e-228
424.95 4.42957939065e-229
424.96 1.71245951807e-229
424.97 6.61457355236e-230
424.98 2.55274302905e-230
424.99 9.84319435223e-231
425.0 3.79217817243e-231
425.01 1.45970508352e-231
425.02 5.61390707136e-232
425.03 2.15719314096e-232
425.04 8.28202533347e-233
425.05 3.17693106247e-233
425.06 1.21759467441e-233
425.07 4.6625274458e-234
425.08 1.78387235491e-234
425.09 6.81914400072e-235
425.1 2.60447180629e-235
425.11 9.9387821637e-236
425.12 3.78939952068e-236
425.13 1.44354834209e-236
425.14 5.49434569738e-237
425.15 2.08941324133e-237
425.16 7.9388284356e-238
425.17 3.01378455614e-238
425.18 1.14311968093e-238
425.19 4.33206449266e-239
425.2 1.64029453304e-239
425.21 6.20543847254e-240
425.22 2.34556149117e-240
425.23 8.85818781962e-241
425.24 3.34246338401e-241
425.25 1.2601206973e-241
425.26 4.74658588957e-242
425.27 1.78638167637e-242
425.28 6.71724021496e-243
425.29 2.52366215978e-243
425.3 9.47316855882e-244
425.31 3.5529003471e-244
425.32 1.33135692154e-244
425.33 4.9845928134e-245
425.34 1.86461247733e-245
425.35 6.96901176336e-246
425.36 2.60242080138e-246
425.37 9.70973904632e-247
425.38 3.61960606519e-247
425.39 1.34815171598e-247
425.4 5.01695196539e-248
425.41 1.86536931962e-248
425.42 6.92968396403e-249
425.43 2.57208750816e-249
425.44 9.53853690329e-250
425.45 3.53428445771e-250
425.46 1.30841329972e-250
425.47 4.83962945858e-251
425.48 1.78855782514e-251
425.49 6.60415978555e-252
425.5 2.43644084484e-252
425.51 8.98085910558e-253
425.52 3.30752859274e-253
425.53 1.21706295593e-253
425.54 4.47451731532e-254
425.55 1.64362619711e-254
425.56 6.03230968134e-255
425.57 2.21201422513e-255
425.58 8.10430756887e-256
425.59 2.96665897805e-256
425.6 1.08503325888e-256
425.61 3.96499083005e-257
425.62 1.44765487257e-257
425.63 5.28094443729e-258
425.64 1.92478343477e-258
425.65 7.00931954101e-259
425.66 2.55031343218e-259
425.67 9.2711790823e-260
425.68 3.36744176699e-260
425.69 1.22204987504e-260
425.7 4.43099724695e-261
425.71 1.60523175314e-261
425.72 5.81028875566e-262
425.73 2.10126778809e-262
425.74 7.59256995804e-263
425.75 2.74106865882e-263
425.76 9.88723230541e-264
425.77 3.56330727906e-264
425.78 1.28308528493e-264
425.79 4.61616672464e-265
425.8 1.65932386867e-265
425.81 5.95942758896e-266
425.82 2.13846253737e-266
425.83 7.66694695068e-267
425.84 2.74642018686e-267
425.85 9.82958583492e-268
425.86 3.51501488728e-268
425.87 1.25586463397e-268
425.88 4.48313900525e-269
425.89 1.59898832128e-269
425.9 5.69812656072e-270
425.91 2.02881572777e-270
425.92 7.2173343904e-271
425.93 2.5652799347e-271
425.94 9.109958814e-272
425.95 3.23237526978e-272
425.96 1.14591089815e-272
425.97 4.05885593434e-273
425.98 1.43641567603e-273
425.99 5.07902497006e-274
426.0 1.79433807338e-274
426.01 6.33361862824e-275
426.02 2.23369184519e-275
426.03 7.8707899171e-276
426.04 2.77100363199e-276
426.05 9.7471933707e-277
426.06 3.42567202705e-277
426.07 1.20291708532e-277
426.08 4.22035824655e-278
426.09 1.47940354388e-278
426.1 5.18140696024e-279
426.11 1.81314470543e-279
426.12 6.33929468463e-280
426.13 2.21448696141e-280
426.14 7.72910179309e-281
426.15 2.69530948129e-281
426.16 9.39100265889e-282
426.17 3.26918125823e-282
426.18 1.13707667268e-282
426.19 3.95152025122e-283
426.2 1.37202614264e-283
426.21 4.75975143562e-284
426.22 1.64979458208e-284
426.23 5.71345991905e-285
426.24 1.97693417745e-285
426.25 6.83453460257e-286
426.26 2.36074672668e-286
426.27 8.14729718652e-287
426.28 2.80932143455e-287
426.29 9.6786106584e-288
426.3 3.33156521847e-288
426.31 1.14579607832e-288
426.32 3.93722338616e-289
426.33 1.35175035756e-289
426.34 4.63688839178e-290
426.35 1.5892071298e-290
426.36 5.44199426037e-291
426.37 1.86191292404e-291
426.38 6.36479420611e-292
426.39 2.17386754236e-292
426.4 7.41831896684e-293
426.41 2.52930754745e-293
426.42 8.6163134491e-294
426.43 2.93268252748e-294
426.44 9.97314943312e-295
426.45 3.38862346231e-295
426.46 1.15037123368e-295
426.47 3.90190260946e-296
426.48 1.32232603871e-296
426.49 4.47738445532e-297
426.5 1.51472550035e-297
426.51 5.11996743835e-298
426.52 1.729116176e-298
426.53 5.8345163454e-299
426.54 1.96702219599e-299
426.55 6.6257855094e-300
426.56 2.2299195623e-300
426.57 7.49833319315e-301
426.58 2.51920775406e-301
426.59 8.45642782597e-302
426.6 2.83617889737e-302
426.61 9.50394706153e-303
426.62 3.18198485535e-303
426.63 1.06442709389e-303
426.64 3.55760269376e-304
426.65 1.18801707463e-304
426.66 3.96379907785e-305
426.67 1.32136954991e-305
426.68 4.40109425195e-306
426.69 1.46460582342e-306
426.7 4.86972634192e-307
426.71 1.61775245915e-307
426.72 5.36961679827e-308
426.73 1.78073063728e-308
426.74 5.90033786015e-309
426.75 1.95334629384e-309
426.76 6.46108296417e-310
426.77 2.13528134085e-310
426.78 7.05064104392e-311
426.79 2.32608626637e-311
426.8 7.66737566212e-312
426.81 2.52517440863e-312
426.82 8.30920988645e-313
426.83 2.73181818391e-313
426.84 8.97361775979e-314
426.85 2.9451475241e-314
426.86 9.65762312454e-315
426.87 3.16415074702e-315
426.88 1.03578064263e-315
426.89 3.38767804605e-316
426.9 1.10703199366e-316
426.91 3.61444790286e-317
426.92 1.17909112226e-317
426.93 3.84305504158e-318
426.94 1.25149792485e-318
426.95 4.07199023989e-319
426.96 1.3237500849e-319
426.97 4.29985331576e-320
426.98 1.39524138386e-320
426.99 4.52564131591e-321
427.0 1.46737496815e-321
427.01 4.74303020008e-322
427.02 1.53160350211e-322
427.03 4.94065645841e-323
427.04 1.48219693752e-323
427.05 4.94065645841e-324
427.06 0.0
427.07 0.0
427.08 0.0
427.09 0.0
427.1 0.0
427.11 0.0
427.12 0.0
427.13 0.0
427.14 0.0
427.15 0.0
427.16 0.0
427.17 0.0
427.18 0.0
427.19 0.0
427.2 0.0
427.21 0.0
427.22 0.0
427.23 0.0
427.24 0.0
427.25 0.0
427.26 0.0
427.27 0.0
427.28 0.0
427.29 0.0
427.3 0.0
427.31 0.0
427.32 0.0
427.33 0.0
427.34 0.0
427.35 0.0
427.36 0.0
427.37 0.0
427.38 0.0
427.39 0.0
427.4 0.0
427.41 0.0
427.42 0.0
427.43 0.0
427.44 0.0
427.45 0.0
427.46 0.0
427.47 0.0
427.48 0.0
427.49 0.0
427.5 0.0
427.51 0.0
427.52 0.0
427.53 0.0
427.54 0.0
427.55 0.0
427.56 0.0
427.57 0.0
427.58 0.0
427.59 0.0
427.6 0.0
427.61 0.0
427.62 0.0
427.63 0.0
427.64 0.0
427.65 0.0
427.66 0.0
427.67 0.0
427.68 0.0
427.69 0.0
427.7 0.0
427.71 0.0
427.72 0.0
427.73 0.0
427.74 0.0
427.75 0.0
427.76 0.0
427.77 0.0
427.78 0.0
427.79 0.0
427.8 0.0
427.81 0.0
427.82 0.0
427.83 0.0
427.84 0.0
427.85 0.0
427.86 0.0
427.87 0.0
427.88 0.0
427.89 0.0
427.9 0.0
427.91 0.0
427.92 0.0
427.93 0.0
427.94 0.0
427.95 0.0
427.96 0.0
427.97 0.0
427.98 0.0
427.99 0.0
428.0 0.0
428.01 0.0
428.02 0.0
428.03 0.0
428.04 0.0
428.05 0.0
428.06 0.0
428.07 0.0
428.08 0.0
428.09 0.0
428.1 0.0
428.11 0.0
428.12 0.0
428.13 0.0
428.14 0.0
428.15 0.0
428.16 0.0
428.17 0.0
428.18 0.0
428.19 0.0
428.2 0.0
428.21 0.0
428.22 0.0
428.23 0.0
428.24 0.0
428.25 0.0
428.26 0.0
428.27 0.0
428.28 0.0
428.29 0.0
428.3 0.0
428.31 0.0
428.32 0.0
428.33 0.0
428.34 0.0
428.35 0.0
428.36 0.0
428.37 0.0
428.38 0.0
428.39 0.0
428.4 0.0
428.41 0.0
428.42 0.0
428.43 0.0
428.44 0.0
428.45 0.0
428.46 0.0
428.47 0.0
428.48 0.0
428.49 0.0
428.5 0.0
428.51 0.0
428.52 0.0
428.53 0.0
428.54 0.0
428.55 0.0
428.56 0.0
428.57 0.0
428.58 0.0
428.59 0.0
428.6 0.0
428.61 0.0
428.62 0.0
428.63 0.0
428.64 0.0
428.65 0.0
428.66 0.0
428.67 0.0
428.68 0.0
428.69 0.0
428.7 0.0
428.71 0.0
428.72 0.0
428.73 0.0
428.74 0.0
428.75 0.0
428.76 0.0
428.77 0.0
428.78 0.0
428.79 0.0
428.8 0.0
428.81 0.0
428.82 0.0
428.83 0.0
428.84 0.0
428.85 0.0
428.86 0.0
428.87 0.0
428.88 0.0
428.89 0.0
428.9 0.0
428.91 0.0
428.92 0.0
428.93 0.0
428.94 0.0
428.95 0.0
428.96 0.0
428.97 0.0
428.98 0.0
428.99 0.0
429.0 0.0
429.01 0.0
429.02 0.0
429.03 0.0
429.04 0.0
429.05 0.0
429.06 0.0
429.07 0.0
429.08 0.0
429.09 0.0
429.1 0.0
429.11 0.0
429.12 0.0
429.13 0.0
429.14 0.0
429.15 0.0
429.16 0.0
429.17 0.0
429.18 0.0
429.19 0.0
429.2 0.0
429.21 0.0
429.22 0.0
429.23 0.0
429.24 0.0
429.25 0.0
429.26 0.0
429.27 0.0
429.28 0.0
429.29 0.0
429.3 0.0
429.31 0.0
429.32 0.0
429.33 0.0
429.34 0.0
429.35 0.0
429.36 0.0
429.37 0.0
429.38 0.0
429.39 0.0
429.4 0.0
429.41 0.0
429.42 0.0
429.43 0.0
429.44 0.0
429.45 0.0
429.46 0.0
429.47 0.0
429.48 0.0
429.49 0.0
429.5 0.0
429.51 0.0
429.52 0.0
429.53 0.0
429.54 0.0
429.55 0.0
429.56 0.0
429.57 0.0
429.58 0.0
429.59 0.0
429.6 0.0
429.61 0.0
429.62 0.0
429.63 0.0
429.64 0.0
429.65 0.0
429.66 0.0
429.67 0.0
429.68 0.0
429.69 0.0
429.7 0.0
429.71 0.0
429.72 0.0
429.73 0.0
429.74 0.0
429.75 0.0
429.76 0.0
429.77 0.0
429.78 0.0
429.79 0.0
429.8 0.0
429.81 0.0
429.82 0.0
429.83 0.0
429.84 0.0
429.85 0.0
429.86 0.0
429.87 0.0
429.88 0.0
429.89 0.0
429.9 0.0
429.91 0.0
429.92 0.0
429.93 0.0
429.94 0.0
429.95 0.0
429.96 0.0
429.97 0.0
429.98 0.0
429.99 0.0
