400.0 2.51650247842e-77
400.01 4.33254738588e-77
400.02 7.45268890135e-77
400.03 1.28087390139e-76
400.04 2.19949750236e-76
400.05 3.7736731524e-76
400.06 6.46887566002e-76
400.07 1.10794202936e-75
400.08 1.89595918519e-75
400.09 3.24163895674e-75
400.1 5.53763101519e-75
400.11 9.45163840543e-75
400.12 1.6118101815e-74
400.13 2.74627740514e-74
400.14 4.67518310981e-74
400.15 7.95200343992e-74
400.16 1.35138223586e-73
400.17 2.29458190673e-73
400.18 3.89271524812e-73
400.19 6.59819916197e-73
400.2 1.11743409098e-72
400.21 1.89078490216e-72
400.22 3.19658345546e-72
400.23 5.39950168933e-72
400.24 9.11265708749e-72
400.25 1.53659737512e-71
400.26 2.58880213753e-71
400.27 4.35774027716e-71
400.28 7.32904754641e-71
400.29 1.23156531214e-70
400.3 2.06771686387e-70
400.31 3.4685535502e-70
400.32 5.81338988236e-70
400.33 9.73496085506e-70
400.34 1.62878094958e-69
400.35 2.72279450351e-69
400.36 4.54768904847e-69
400.37 7.58910166829e-69
400.38 1.26535880817e-68
400.39 2.10795204519e-68
400.4 3.50858072607e-68
400.41 5.83479943783e-68
400.42 9.69491719473e-68
400.43 1.60948149673e-67
400.44 2.66963313995e-67
400.45 4.42426257575e-67
400.46 7.32578073253e-67
400.47 1.21196659543e-66
400.48 2.0033235506e-66
400.49 3.3085313617e-66
400.5 5.45937752309e-66
400.51 9.00066735788e-66
400.52 1.48262052558e-65
400.53 2.44010782396e-65
400.54 4.01246945318e-65
400.55 6.59231837472e-65
400.56 1.08215213367e-64
400.57 1.77485214308e-64
400.58 2.90843760331e-64
400.59 4.76190838007e-64
400.6 7.78979505856e-64
400.61 1.27319446293e-63
400.62 2.07915641703e-63
400.63 3.39237065066e-63
400.64 5.53022936549e-63
400.65 9.00755045043e-63
400.66 1.46586499851e-62
400.67 2.38344403748e-62
400.68 3.87203840353e-62
400.69 6.28489556298e-62
400.7 1.01924874913e-61
400.71 1.65152830542e-61
400.72 2.67371780553e-61
400.73 4.32482787498e-61
400.74 6.98949501296e-61
400.75 1.12861672984e-60
400.76 1.82083620625e-60
400.77 2.93507355751e-60
400.78 4.72705670053e-60
400.79 7.60652585834e-60
400.8 1.22294124653e-59
400.81 1.96448425416e-59
400.82 3.15293649906e-59
400.83 5.05598303923e-59
400.84 8.10064695944e-59
400.85 1.29675375614e-58
400.86 2.07404911463e-58
400.87 3.31439504398e-58
400.88 5.29191936162e-58
400.89 8.44201028976e-58
400.9 1.34555746211e-57
400.91 2.14280343292e-57
400.92 3.40946416661e-57
400.93 5.42017913175e-57
400.94 8.60924092951e-57
400.95 1.36628026768e-56
400.96 2.1663989827e-56
400.97 3.43210686939e-56
400.98 5.43258930669e-56
400.99 8.5916516248e-56
401.0 1.35759476878e-55
401.01 2.14332172131e-55
401.02 3.38086856384e-55
401.03 5.32835217658e-55
401.04 8.39037301122e-55
401.05 1.32005895674e-54
401.06 2.07505255299e-54
401.07 3.25903169906e-54
401.08 5.11413021388e-54
401.09 8.01823335075e-54
401.1 1.25605689874e-53
401.11 1.96591007184e-53
401.12 3.07426778879e-53
401.13 4.80334138645e-53
401.14 7.4984055635e-53
401.15 1.16954816205e-52
401.16 1.82259849709e-52
401.17 2.83783811463e-52
401.18 4.41476854347e-52
401.19 6.86201991237e-52
401.2 1.0656625921e-51
401.21 1.65352658046e-51
401.22 2.56345886392e-51
401.23 3.97068318974e-51
401.24 6.14508414843e-51
401.25 9.50198069888e-51
401.26 1.46799361289e-50
401.27 2.26598953903e-50
401.28 3.49474383726e-50
401.29 5.3851339115e-50
401.3 8.29089431988e-50
401.31 1.27535169604e-49
401.32 1.96011819998e-49
401.33 3.00994299637e-49
401.34 4.61804321798e-49
401.35 7.07915510044e-49
401.36 1.08424786272e-48
401.37 1.65920265653e-48
401.38 2.53684543049e-48
401.39 3.87536213165e-48
401.4 5.91499372694e-48
401.41 9.02027956999e-48
401.42 1.37438820768e-47
401.43 2.09229325459e-47
401.44 3.18243397403e-47
401.45 4.83637493588e-47
401.46 7.34351918841e-47
401.47 1.11406933082e-46
401.48 1.68866660909e-46
401.49 2.55740391479e-46
401.5 3.86971025038e-46
401.51 5.8503423736e-46
401.52 8.83706053204e-46
401.53 1.33369981083e-45
401.54 2.01109257144e-45
401.55 3.02991012622e-45
401.56 4.5609062339e-45
401.57 6.85955991143e-45
401.58 1.03077784588e-44
401.59 1.54759604302e-44
401.6 2.3215276356e-44
401.61 3.47947577908e-44
401.62 5.21047708145e-44
401.63 7.79587513989e-44
401.64 1.16540257156e-43
401.65 1.74064730437e-43
401.66 2.5975822273e-43
401.67 3.87303604643e-43
401.68 5.76975651626e-43
401.69 8.58790331019e-43
401.7 1.2771459146e-42
401.71 1.8976565041e-42
401.72 2.81720467657e-42
401.73 4.17871652448e-42
401.74 6.19285815607e-42
401.75 9.16986765486e-42
401.76 1.35662156094e-41
401.77 2.005294095e-41
401.78 2.96156417082e-41
401.79 4.37006535743e-41
401.8 6.44285607062e-41
401.81 9.49057748913e-41
401.82 1.39678821414e-40
401.83 2.05396101746e-40
401.84 3.01771029296e-40
401.85 4.42982535003e-40
401.86 6.49709738592e-40
401.87 9.52085303613e-40
401.88 1.39397844668e-39
401.89 2.03920068714e-39
401.9 2.98048946607e-39
401.91 4.35250146722e-39
401.92 6.35058851509e-39
401.93 9.25790529077e-39
401.94 1.34845111293e-38
401.95 1.96237223718e-38
401.96 2.85332530831e-38
401.97 4.14519435904e-38
401.98 6.01675352338e-38
401.99 8.72575984534e-38
402.0 1.26435201038e-37
402.01 1.83044407032e-37
402.02 2.64769914962e-37
402.03 3.82652469945e-37
402.04 5.52540502701e-37
402.05 7.9716354259e-37
402.06 1.14909107376e-36
402.07 1.65495117681e-36
402.08 2.3814399429e-36
402.09 3.42387415417e-36
402.1 4.91835266571e-36
402.11 7.05903363506e-36
402.12 1.0122657641e-35
402.13 1.45033243263e-35
402.14 2.07617654984e-35
402.15 2.96950948295e-35
402.16 4.24354550951e-35
402.17 6.05894100944e-35
402.18 8.64347333949e-35
402.19 1.23197978534e-34
402.2 1.75445639772e-34
402.21 2.49634893183e-34
402.22 3.54888324905e-34
402.23 5.04082763256e-34
402.24 7.15378189035e-34
402.25 1.01436266274e-33
402.26 1.43705876431e-33
402.27 2.03413378387e-33
402.28 2.87679033172e-33
402.29 4.0650006618e-33
402.3 5.73900685234e-33
402.31 8.09536767784e-33
402.32 1.14093295904e-32
402.33 1.60659860782e-32
402.34 2.26036388104e-32
402.35 3.17740843528e-32
402.36 4.46263576662e-32
402.37 6.26229543008e-32
402.38 8.78009823018e-32
402.39 1.22995411532e-31
402.4 1.72148069837e-31
402.41 2.40734934463e-31
402.42 3.36356473569e-31
402.43 4.69552520173e-31
402.44 6.54926062838e-31
402.45 9.12691663672e-31
402.46 1.27080702385e-30
402.47 1.76790466497e-30
402.48 2.45732041971e-30
402.49 3.41262407139e-30
402.5 4.73520540369e-30
402.51 6.5646701278e-30
402.52 9.09307358541e-30
402.53 1.25843913605e-29
402.54 1.74011294846e-29
402.55 2.40406593127e-29
402.56 3.31847860336e-29
402.57 4.5767309453e-29
402.58 6.30660244565e-29
402.59 8.6827888564e-29
402.6 1.19439159348e-28
402.61 1.64156448768e-28
402.62 2.25420220974e-28
402.63 3.0927976487e-28
402.64 4.2396875749e-28
402.65 5.80684073441e-28
402.66 7.94638655313e-28
402.67 1.08648359422e-27
402.68 1.4842271472e-27
402.69 2.02582199054e-27
402.7 2.7626502313e-27
402.71 3.76421342607e-27
402.72 5.12443852223e-27
402.73 6.97014876908e-27
402.74 9.47243252971e-27
402.75 1.28618874815e-26
402.76 1.74490426377e-26
402.77 2.36516919696e-26
402.78 3.20314454599e-26
402.79 4.33425613533e-26
402.8 5.85971266412e-26
402.81 7.91519795808e-26
402.82 1.06824520951e-25
402.83 1.44046874461e-25
402.84 1.94070907784e-25
402.85 2.61240645248e-25
402.86 3.51353893688e-25
402.87 4.72141859565e-25
402.88 6.33904674263e-25
402.89 8.50352738465e-25
402.9 1.13971952294e-24
402.91 1.52623206358e-24
402.92 2.04205234837e-24
402.93 2.72983804181e-24
402.94 3.64611703376e-24
402.95 4.86573037997e-24
402.96 6.48767652914e-24
402.97 8.64279174902e-24
402.98 1.15038344093e-23
402.99 1.52987133438e-23
403.0 2.03278246247e-23
403.01 2.69867518603e-23
403.02 3.5795962038e-23
403.03 4.74396170285e-23
403.04 6.28162523274e-23
403.05 8.31048907695e-23
403.06 1.09851212804e-22
403.07 1.45079764403e-22
403.08 1.91439935699e-22
403.09 2.52395699213e-22
403.1 3.32471998068e-22
403.11 4.3757440307e-22
403.12 5.75403444176e-22
403.13 7.5599116087e-22
403.14 9.92395281824e-22
403.15 1.30159651299e-21
403.16 1.70565728919e-21
403.17 2.23321679435e-21
403.18 2.92141805067e-21
403.19 3.81838964817e-21
403.2 4.98643878766e-21
403.21 6.50615570767e-21
403.22 8.48168474009e-21
403.23 1.10474873153e-20
403.24 1.43770111564e-20
403.25 1.86937926154e-20
403.26 2.42856618458e-20
403.27 3.15229010889e-20
403.28 4.08814345934e-20
403.29 5.2972416877e-20
403.3 6.857994956e-20
403.31 8.87091151027e-20
403.32 1.1464709249e-19
403.33 1.48040845223e-19
403.34 1.90995783287e-19
403.35 2.46200944644e-19
403.36 3.17087676144e-19
403.37 4.08030590557e-19
403.38 5.24601825063e-19
403.39 6.73892437807e-19
403.4 8.6491829026e-19
403.41 1.10913214412e-18
403.42 1.42106916218e-18
403.43 1.81915980242e-18
403.44 2.32675255356e-18
403.45 2.97339947215e-18
403.46 3.7964705322e-18
403.47 4.84317898386e-18
403.48 6.17311997182e-18
403.49 7.86144948556e-18
403.5 1.00028614053e-17
403.51 1.27165583184e-17
403.52 1.61524585637e-17
403.53 2.04989396299e-17
403.54 2.59924890544e-17
403.55 3.29297213387e-17
403.56 4.16823267698e-17
403.57 5.27156498677e-17
403.58 6.66117568554e-17
403.59 8.40980496426e-17
403.6 1.06082726272e-16
403.61 1.33698684217e-16
403.62 1.68357825034e-16
403.63 2.1181816065e-16
403.64 2.6626666015e-16
403.65 3.34421431642e-16
403.66 4.19657631442e-16
403.67 5.2616246205e-16
403.68 6.59125796936e-16
403.69 8.24974396763e-16
403.7 1.03165940984e-15
403.71 1.28900894073e-15
403.72 1.60915999865e-15
403.73 2.00708718969e-15
403.74 2.50124919851e-15
403.75 3.11437854188e-15
403.76 3.87444541628e-15
403.77 4.8158328832e-15
403.78 5.98076834793e-15
403.79 7.42106554208e-15
403.8 9.20024231122e-15
403.81 1.13960927893e-14
403.82 1.41038084236e-14
403.83 1.74397612905e-14
403.84 2.15460857856e-14
403.85 2.65962217721e-14
403.86 3.28016144155e-14
403.87 4.04198041785e-14
403.88 4.97641858887e-14
403.89 6.12157697287e-14
403.9 7.52373409452e-14
403.91 9.23904908123e-14
403.92 1.13356080979e-13
403.93 1.3895880921e-13
403.94 1.70196669518e-13
403.95 2.08276247022e-13
403.96 2.54654961456e-13
403.97 3.11091577406e-13
403.98 3.79706539291e-13
403.99 4.63053970742e-13
404.0 5.64207508226e-13
404.01 6.86862525455e-13
404.02 8.35457757478e-13
404.03 1.0153198619e-12
404.04 1.2328350715e-12
404.05 1.49565281164e-12
404.06 1.81292699315e-12
404.07 2.19560166505e-12
404.08 2.65674884277e-12
404.09 3.21196764014e-12
404.1 3.87985535402e-12
404.11 4.68256291181e-12
404.12 5.64644912707e-12
404.13 6.80285055948e-12
404.14 8.18898648624e-12
404.15 9.8490216154e-12
404.16 1.18353127645e-11
404.17 1.42098698576e-11
404.18 1.7046066332e-11
404.19 2.04306394798e-11
404.2 2.44660274671e-11
404.21 2.92730968872e-11
404.22 3.49943228214e-11
404.23 4.17974926481e-11
404.24 4.98800153858e-11
404.25 5.94739303597e-11
404.26 7.08517226158e-11
404.27 8.43330679744e-11
404.28 1.00292648146e-10
404.29 1.19169196163e-10
404.3 1.41475954809e-10
404.31 1.67812755991e-10
404.32 1.98879957564e-10
404.33 2.35494506127e-10
404.34 2.78608430443e-10
404.35 3.29330110536e-10
404.36 3.8894871292e-10
404.37 4.58962233114e-10
404.38 5.41109643354e-10
404.39 6.37407706635e-10
404.4 7.50193088752e-10
404.41 8.8217047841e-10
404.42 1.03646751256e-09
404.43 1.21669740074e-09
404.44 1.42703024917e-09
404.45 1.67227420353e-09
404.46 1.95796765999e-09
404.47 2.29048393759e-09
404.48 2.67714996379e-09
404.49 3.12638069794e-09
404.5 3.64783120877e-09
404.51 4.25256852965e-09
404.52 4.95326564348e-09
404.53 5.76442019715e-09
404.54 6.70260081561e-09
404.55 7.78672417921e-09
404.56 9.03836634569e-09
404.57 1.04821121428e-08
404.58 1.21459468288e-08
404.59 1.40616946174e-08
404.6 1.62655090968e-08
404.61 1.87984210293e-08
404.62 2.17069495158e-08
404.63 2.50437830337e-08
404.64 2.88685374184e-08
404.65 3.32485984546e-08
404.66 3.82600573713e-08
404.67 4.39887482048e-08
404.68 5.05313966884e-08
404.69 5.79968910673e-08
404.7 6.65076860027e-08
404.71 7.62013515296e-08
404.72 8.7232279864e-08
404.73 9.97735637121e-08
404.74 1.14019060617e-07
404.75 1.30185658779e-07
404.76 1.48515760715e-07
404.77 1.69280002035e-07
404.78 1.92780223563e-07
404.79 2.19352715963e-07
404.8 2.49371756937e-07
404.81 2.83253461988e-07
404.82 3.2145997059e-07
404.83 3.64503990446e-07
404.84 4.12953723317e-07
404.85 4.6743819656e-07
404.86 5.28653025196e-07
404.87 5.9736662983e-07
404.88 6.74426936152e-07
404.89 7.6076858203e-07
404.9 8.57420658345e-07
404.91 9.65515009624e-07
404.92 1.0862951203e-06
404.93 1.22112561194e-06
404.94 1.37150237606e-06
404.95 1.53906336616e-06
404.96 1.72560007125e-06
404.97 1.93306969163e-06
404.98 2.16360803563e-06
404.99 2.41954315367e-06
405.0 2.70340972329e-06
405.01 3.01796419558e-06
405.02 3.36620070982e-06
405.03 3.75136777893e-06
405.04 4.17698574388e-06
405.05 4.64686498988e-06
405.06 5.16512491164e-06
405.07 5.73621360847e-06
405.08 6.36492828365e-06
405.09 7.05643631447e-06
405.1 7.81629695209e-06
405.11 8.650483601e-06
405.12 9.56540661955e-06
405.13 1.05679365727e-05
405.14 1.16654278581e-05
405.15 1.28657426163e-05
405.16 1.41772748233e-05
405.17 1.56089744546e-05
405.18 1.71703715938e-05
405.19 1.88716003509e-05
405.2 2.07234224398e-05
405.21 2.27372502518e-05
405.22 2.49251692506e-05
405.23 2.72999594996e-05
405.24 2.98751161205e-05
405.25 3.26648684687e-05
405.26 3.56841977995e-05
405.27 3.89488531865e-05
405.28 4.24753654423e-05
405.29 4.62810587822e-05
405.3 5.03840599603e-05
405.31 5.48033046004e-05
405.32 5.95585404351e-05
405.33 6.46703271635e-05
405.34 7.0160032629e-05
405.35 7.60498250216e-05
405.36 8.23626608044e-05
405.37 8.91222680661e-05
405.38 9.63531250078e-05
405.39 0.000104080433275
405.4 0.000112330085856
405.41 0.000121128629282
405.42 0.000130503219872
405.43 0.00014048157379
405.44 0.000151091910698
405.45 0.000162362890816
405.46 0.000174323545218
405.47 0.000187003199238
405.48 0.000200431388876
405.49 0.00021463777014
405.5 0.000229652021309
405.51 0.000245503738119
405.52 0.000262222321939
405.53 0.000279836861059
405.54 0.000298376005234
405.55 0.00031786783371
405.56 0.000338339717006
405.57 0.000359818172762
405.58 0.000382328716064
405.59 0.000405895704671
405.6 0.000430542179656
405.61 0.000456289702035
405.62 0.000483158186003
405.63 0.000511165729464
405.64 0.000540328442603
405.65 0.000570660275298
405.66 0.000602172844229
405.67 0.000634875260587
405.68 0.000668773959343
405.69 0.000703872531064
405.7 0.000740171557321
405.71 0.000777668450751
405.72 0.000816357300877
405.73 0.000856228726796
405.74 0.00089726973787
405.75 0.000939463603565
405.76 0.000982789733568
405.77 0.00102722356932
405.78 0.00107273648806
405.79 0.00111929572053
405.8 0.00116686428325
405.81 0.00121540092659
405.82 0.00126486009936
405.83 0.001315191931
405.84 0.00136634223209
405.85 0.00141825251395
405.86 0.00147086002797
405.87 0.0015240978253
405.88 0.00157789483727
405.89 0.00163217597691
405.9 0.00168686226182
405.91 0.00174187095849
405.92 0.00179711574803
405.93 0.00185250691317
405.94 0.00190795154616
405.95 0.00196335377736
405.96 0.00201861502364
405.97 0.00207363425612
405.98 0.00212830828629
405.99 0.00218253206959
406.0 0.00223619902527
406.01 0.00228920137125
406.02 0.00234143047278
406.03 0.00239277720318
406.04 0.00244313231521
406.05 0.00249238682135
406.06 0.00254043238112
406.07 0.00258716169365
406.08 0.00263246889354
406.09 0.00267624994791
406.1 0.0027184030528
406.11 0.00275882902661
406.12 0.00279743169865
406.13 0.00283411829066
406.14 0.00286879978919
406.15 0.00290139130686
406.16 0.00293181243039
406.17 0.00295998755354
406.18 0.00298584619307
406.19 0.00300932328585
406.2 0.00303035946558
406.21 0.00304890131735
406.22 0.00306490160879
406.23 0.00307831949636
406.24 0.00308912070571
406.25 0.003097277685
406.26 0.00310276973047
406.27 0.00310558308352
406.28 0.00310571099886
406.29 0.00310315378337
406.3 0.00309791880567
406.31 0.00309002047637
406.32 0.00307948019937
406.33 0.00306632629464
406.34 0.00305059389309
406.35 0.00303232480445
406.36 0.00301156735912
406.37 0.0029883762252
406.38 0.00296281220206
406.39 0.00293494199195
406.4 0.00290483795134
406.41 0.00287257782371
406.42 0.00283824445587
406.43 0.00280192549959
406.44 0.00276371310102
406.45 0.00272370357969
406.46 0.00268199709985
406.47 0.00263869733602
406.48 0.0025939111356
406.49 0.00254774818051
406.5 0.00250032065069
406.51 0.00245174289155
406.52 0.00240213108799
406.53 0.00235160294728
406.54 0.00230027739312
406.55 0.00224827427321
406.56 0.00219571408237
406.57 0.00214271770358
406.58 0.00208940616871
406.59 0.00203590044091
406.6 0.0019823212206
406.61 0.00192878877653
406.62 0.00187542280348
406.63 0.00182234230812
406.64 0.00176966552411
406.65 0.00171750985756
406.66 0.00166599186386
406.67 0.0016152272565
406.68 0.00156533094856
406.69 0.00151641712722
406.7 0.00146859936163
406.71 0.00142199074399
406.72 0.00137670406398
406.73 0.00133285201602
406.74 0.00129054743902
406.75 0.0012499035878
406.76 0.00121103443559
406.77 0.00117405500621
406.78 0.00113908173513
406.79 0.00110623285768
406.8 0.00107562882307
406.81 0.00104739273232
406.82 0.00102165079833
406.83 0.000998532825843
406.84 0.000978172709165
406.85 0.000960708945134
406.86 0.000946285158765
406.87 0.000935050638797
406.88 0.000927160880236
406.89 0.000922778130796
406.9 0.00092207193802
406.91 0.000925219693707
406.92 0.000932407172123
406.93 0.000943829058354
406.94 0.000959689463027
406.95 0.000980202419518
406.96 0.00100559235964
406.97 0.00103609456373
406.98 0.00107195558098
406.99 0.00111343361579
407.0 0.00116079887574
407.01 0.00121433387706
407.02 0.00127433370312
407.03 0.00134110621157
407.04 0.00141497218607
407.05 0.001496265428
407.06 0.00158533278432
407.07 0.00168253410729
407.08 0.00178824214227
407.09 0.00190284233963
407.1 0.00202673258751
407.11 0.00216032286174
407.12 0.00230403479012
407.13 0.00245830112813
407.14 0.00262356514367
407.15 0.00280027990875
407.16 0.00298890749648
407.17 0.003189918082
407.18 0.00340378894682
407.19 0.00363100338606
407.2 0.00387204951902
407.21 0.00412741900389
407.22 0.00439760565805
407.23 0.00468310398592
407.24 0.00498440761725
407.25 0.00530200765904
407.26 0.00563639096511
407.27 0.0059880383282
407.28 0.00635742259978
407.29 0.0067450067438
407.3 0.00715124183104
407.31 0.00757656498155
407.32 0.00802139726319
407.33 0.00848614155507
407.34 0.00897118038504
407.35 0.00947687375123
407.36 0.0100035569379
407.37 0.0105515383366
407.38 0.0111210972836
407.39 0.0117124819258
407.4 0.0123259071258
407.41 0.0129615524202
407.42 0.0136195600416
407.43 0.0143000330168
407.44 0.015003033355
407.45 0.0157285803366
407.46 0.0164766489147
407.47 0.0172471682424
407.48 0.0180400203346
407.49 0.0188550388786
407.5 0.0196920081997
407.51 0.0205506623951
407.52 0.0214306846418
407.53 0.0223317066892
407.54 0.0232533085406
407.55 0.0241950183326
407.56 0.0251563124142
407.57 0.0261366156329
407.58 0.027135301827
407.59 0.028151694528
407.6 0.0291850678727
407.61 0.0302346477228
407.62 0.0312996129909
407.63 0.0323790971684
407.64 0.033472190051
407.65 0.0345779396538
407.66 0.0356953543112
407.67 0.0368234049496
407.68 0.0379610275257
407.69 0.0391071256174
407.7 0.0402605731561
407.71 0.0414202172874
407.72 0.042584881346
407.73 0.0437533679301
407.74 0.04492446206
407.75 0.0460969344056
407.76 0.0472695445652
407.77 0.0484410443812
407.78 0.0496101812733
407.79 0.0507757015743
407.8 0.0519363538518
407.81 0.0530908921978
407.82 0.0542380794714
407.83 0.0553766904787
407.84 0.0565055150743
407.85 0.0576233611701
407.86 0.0587290576378
407.87 0.0598214570925
407.88 0.0608994385452
407.89 0.0619619099134
407.9 0.0630078103806
407.91 0.0640361125955
407.92 0.065045824704
407.93 0.0660359922074
407.94 0.0670056996428
407.95 0.0679540720813
407.96 0.0688802764413
407.97 0.0697835226172
407.98 0.0706630644218
407.99 0.071518200345
408.0 0.0723482741297
408.01 0.0731526751698
408.02 0.0739308387332
408.03 0.0746822460159
408.04 0.0754064240323
408.05 0.0761029453503
408.06 0.0767714276756
408.07 0.0774115332961
408.08 0.0780229683933
408.09 0.0786054822289
408.1 0.0791588662177
408.11 0.0796829528932
408.12 0.0801776147782
408.13 0.0806427631666
408.14 0.0810783468286
408.15 0.0814843506464
408.16 0.0818607941895
408.17 0.0822077302398
408.18 0.0825252432729
408.19 0.0828134479046
408.2 0.0830724873109
408.21 0.0833025316271
408.22 0.0835037763347
408.23 0.083676440641
408.24 0.0838207658589
408.25 0.0839370137915
408.26 0.0840254651272
408.27 0.0840864178508
408.28 0.0841201856738
408.29 0.08412709649
408.3 0.0841074908587
408.31 0.0840617205209
408.32 0.083990146951
408.33 0.0838931399477
408.34 0.0837710762677
408.35 0.0836243383052
408.36 0.0834533128202
408.37 0.0832583897188
408.38 0.0830399608891
408.39 0.0827984190941
408.4 0.0825341569271
408.41 0.08224756583
408.42 0.08193903518
408.43 0.0816089514451
408.44 0.0812576974145
408.45 0.0808856515033
408.46 0.0804931871376
408.47 0.0800806722209
408.48 0.0796484686838
408.49 0.0791969321223
408.5 0.0787264115229
408.51 0.0782372490798
408.52 0.0777297801036
408.53 0.0772043330235
408.54 0.0766612294831
408.55 0.0761007845313
408.56 0.0755233069057
408.57 0.0749290994101
408.58 0.0743184593822
408.59 0.073691679251
408.6 0.0730490471802
408.61 0.0723908477937
408.62 0.0717173629798
408.63 0.071028872768
408.64 0.0703256562732
408.65 0.0696079927001
408.66 0.068876162402
408.67 0.0681304479847
408.68 0.0673711354468
408.69 0.0665985153497
408.7 0.0658128840046
408.71 0.0650145446686
408.72 0.0642038087393
408.73 0.0633809969365
408.74 0.0625464404605
408.75 0.0617004821169
408.76 0.0608434773955
408.77 0.0599757954942
408.78 0.0590978202754
408.79 0.0582099511464
408.8 0.057312603853
408.81 0.056406211177
408.82 0.0554912235291
408.83 0.054568109429
408.84 0.0536373558654
408.85 0.0526994685299
408.86 0.0517549719186
408.87 0.0508044092985
408.88 0.0498483425327
408.89 0.0488873517657
408.9 0.047922034964
408.91 0.0469530073151
408.92 0.0459809004843
408.93 0.0450063617322
408.94 0.0440300528967
408.95 0.0430526492437
408.96 0.0420748381932
408.97 0.041097317926
408.98 0.0401207958809
408.99 0.0391459871496
409.0 0.0381736127788
409.01 0.0372043979919
409.02 0.0362390703384
409.03 0.0352783577855
409.04 0.0343229867613
409.05 0.0333736801647
409.06 0.0324311553527
409.07 0.0314961221191
409.08 0.0305692806765
409.09 0.0296513196565
409.1 0.0287429141378
409.11 0.0278447237176
409.12 0.0269573906356
409.13 0.0260815379648
409.14 0.0252177678777
409.15 0.0243666599994
409.16 0.0235287698574
409.17 0.0227046274356
409.18 0.0218947358423
409.19 0.0210995700971
409.2 0.0203195760449
409.21 0.0195551693997
409.22 0.0188067349244
409.23 0.0180746257488
409.24 0.0173591628274
409.25 0.0166606345386
409.26 0.0159792964248
409.27 0.0153153710737
409.28 0.0146690481366
409.29 0.0140404844834
409.3 0.0134298044887
409.31 0.0128371004456
409.32 0.0122624331015
409.33 0.0117058323098
409.34 0.0111672977919
409.35 0.0106468000006
409.36 0.0101442810794
409.37 0.00965965590831
409.38 0.00919281322755
409.39 0.0087436168321
409.4 0.00831190682666
409.41 0.00789750093306
409.42 0.00750019584072
409.43 0.00711976859145
409.44 0.00675597798965
409.45 0.0064085660292
409.46 0.00607725932859
409.47 0.00576177056609
409.48 0.00546179990708
409.49 0.00517703641589
409.5 0.0049071594452
409.51 0.00465183999622
409.52 0.00441074204338
409.53 0.00418352381797
409.54 0.00396983904534
409.55 0.00376933813115
409.56 0.00358166929247
409.57 0.00340647963015
409.58 0.00324341613942
409.59 0.00309212665634
409.6 0.00295226073798
409.61 0.00282347047513
409.62 0.0027054112364
409.63 0.00259774234355
409.64 0.0025001276779
409.65 0.00241223621852
409.66 0.00233374251304
409.67 0.00226432708239
409.68 0.00220367676135
409.69 0.00215148497676
409.7 0.00210745196593
409.71 0.00207128493767
409.72 0.00204269817912
409.73 0.00202141311111
409.74 0.00200715829561
409.75 0.00199966939852
409.76 0.00199868911139
409.77 0.00200396703564
409.78 0.00201525953297
409.79 0.00203232954569
409.8 0.00205494639052
409.81 0.00208288552978
409.82 0.00211592832328
409.83 0.00215386176474
409.84 0.00219647820603
409.85 0.00224357507258
409.86 0.0022949545733
409.87 0.00235042340792
409.88 0.00240979247487
409.89 0.00247287658225
409.9 0.00253949416465
409.91 0.00260946700805
409.92 0.00268261998521
409.93 0.00275878080334
409.94 0.00283777976609
409.95 0.00291944955126
409.96 0.00300362500583
409.97 0.00309014295943
409.98 0.0031788420573
409.99 0.00326956261362
410.0 0.00336214648579
410.01 0.00345643697016
410.02 0.00355227871958
410.03 0.0036495176827
410.04 0.00374800106529
410.05 0.00384757731307
410.06 0.00394809611598
410.07 0.00404940843332
410.08 0.00415136653921
410.09 0.00425382408763
410.1 0.00435663619628
410.11 0.00445965954844
410.12 0.00456275251163
410.13 0.00466577527226
410.14 0.00476858998497
410.15 0.00487106093556
410.16 0.00497305471619
410.17 0.0050744404117
410.18 0.00517508979554
410.19 0.00527487753414
410.2 0.00537368139826
410.21 0.00547138247992
410.22 0.00556786541356
410.23 0.00566301860005
410.24 0.00575673443202
410.25 0.00584890951929
410.26 0.00593944491292
410.27 0.00602824632649
410.28 0.00611522435339
410.29 0.00620029467863
410.3 0.00628337828402
410.31 0.00636440164535
410.32 0.00644329692046
410.33 0.00652000212685
410.34 0.00659446130784
410.35 0.00666662468611
410.36 0.00673644880355
410.37 0.00680389664648
410.38 0.00686893775524
410.39 0.00693154831732
410.4 0.00699171124324
410.41 0.00704941622436
410.42 0.00710465977205
410.43 0.00715744523755
410.44 0.00720778281215
410.45 0.00725568950709
410.46 0.00730118911308
410.47 0.00734431213905
410.48 0.00738509573009
410.49 0.00742358356461
410.5 0.00745982573075
410.51 0.00749387858221
410.52 0.00752580457409
410.53 0.00755567207877
410.54 0.00758355518283
410.55 0.0076095334654
410.56 0.00763369175891
410.57 0.00765611989306
410.58 0.00767691242318
410.59 0.00769616834408
410.6 0.00771399079065
410.61 0.00773048672664
410.62 0.00774576662309
410.63 0.00775994412794
410.64 0.00777313572862
410.65 0.00778546040914
410.66 0.00779703930371
410.67 0.00780799534856
410.68 0.00781845293395
410.69 0.00782853755827
410.7 0.00783837548605
410.71 0.00784809341205
410.72 0.00785781813292
410.73 0.00786767622874
410.74 0.0078777937558
410.75 0.0078882959527
410.76 0.00789930696109
410.77 0.00791094956282
410.78 0.00792334493463
410.79 0.00793661242187
410.8 0.00795086933207
410.81 0.00796623074952
410.82 0.00798280937129
410.83 0.00800071536545
410.84 0.00802005625162
410.85 0.00804093680393
410.86 0.00806345897632
410.87 0.00808772184969
410.88 0.00811382160029
410.89 0.00814185148848
410.9 0.00817190186674
410.91 0.00820406020557
410.92 0.00823841113571
410.93 0.00827503650491
410.94 0.00831401544717
410.95 0.00835542446239
410.96 0.00839933750394
410.97 0.00844582607165
410.98 0.00849495930763
410.99 0.00854680409213
411.0 0.0086014251365
411.01 0.00865888507052
411.02 0.00871924452097
411.03 0.0087825621787
411.04 0.00884889485114
411.05 0.00891829749758
411.06 0.00899082324436
411.07 0.00906652337746
411.08 0.00914544731006
411.09 0.00922764252277
411.1 0.00931315447462
411.11 0.00940202648308
411.12 0.00949429957146
411.13 0.00959001228287
411.14 0.00968920045962
411.15 0.00979189698784
411.16 0.00989813150714
411.17 0.0100079300856
411.18 0.010121314861
411.19 0.0102383036491
411.2 0.0103589095211
411.21 0.0104831403514
411.22 0.0106109983386
411.23 0.0107424795033
411.24 0.0108775731634
411.25 0.011016261394
411.26 0.0111585184722
411.27 0.0113043103141
411.28 0.0114535939062
411.29 0.011606316738
411.3 0.0117624162392
411.31 0.0119218192277
411.32 0.0120844413736
411.33 0.012250186685
411.34 0.0124189470202
411.35 0.0125906016335
411.36 0.0127650167585
411.37 0.0129420452359
411.38 0.0131215261896
411.39 0.0133032847583
411.4 0.0134871318849
411.41 0.013672864171
411.42 0.0138602637989
411.43 0.0140490985261
411.44 0.0142391217552
411.45 0.0144300726824
411.46 0.0146216765278
411.47 0.0148136448481
411.48 0.0150056759345
411.49 0.0151974552959
411.5 0.0153886562281
411.51 0.0155789404682
411.52 0.0157679589329
411.53 0.0159553525406
411.54 0.016140753113
411.55 0.0163237843544
411.56 0.0165040629051
411.57 0.0166811994648
411.58 0.0168547999807
411.59 0.0170244668955
411.6 0.0171898004504
411.61 0.0173504000343
411.62 0.017505865576
411.63 0.0176557989691
411.64 0.0177998055242
411.65 0.0179374954403
411.66 0.0180684852871
411.67 0.0181923994903
411.68 0.0183088718115
411.69 0.0184175468157
411.7 0.0185180813158
411.71 0.0186101457884
411.72 0.0186934257515
411.73 0.0187676230962
411.74 0.0188324573658
411.75 0.0188876669739
411.76 0.0189330103554
411.77 0.0189682670437
411.78 0.0189932386675
411.79 0.0190077498622
411.8 0.0190116490916
411.81 0.0190048093729
411.82 0.0189871289045
411.83 0.0189585315907
411.84 0.0189189674619
411.85 0.0188684129882
411.86 0.0188068712844
411.87 0.0187343722076
411.88 0.0186509723445
411.89 0.0185567548917
411.9 0.0184518294289
411.91 0.0183363315875
411.92 0.0182104226159
411.93 0.0180742888466
411.94 0.0179281410665
411.95 0.0177722137963
411.96 0.0176067644817
411.97 0.0174320726033
411.98 0.017248438709
411.99 0.0170561833751
412.0 0.0168556461027
412.01 0.016647184154
412.02 0.0164311713367
412.03 0.016207996742
412.04 0.0159780634424
412.05 0.0157417871574
412.06 0.0154995948928
412.07 0.0152519235602
412.08 0.0149992185835
412.09 0.0147419324993
412.1 0.014480523557
412.11 0.0142154543241
412.12 0.0139471903043
412.13 0.0136761985725
412.14 0.0134029464325
412.15 0.0131279001027
412.16 0.0128515234344
412.17 0.0125742766672
412.18 0.0122966152249
412.19 0.0120189885567
412.2 0.0117418390258
412.21 0.0114656008497
412.22 0.0111906990935
412.23 0.010917548719
412.24 0.0106465536914
412.25 0.0103781061454
412.26 0.0101125856108
412.27 0.00985035829989
412.28 0.00959177645575
412.29 0.00933717776232
412.3 0.00908688481608
412.31 0.00884120465871
412.32 0.00860042837025
412.33 0.00836483072179
412.34 0.00813466988653
412.35 0.00791018720805
412.36 0.00769160702408
412.37 0.00747913654427
412.38 0.00727296578012
412.39 0.00707326752514
412.4 0.00688019738319
412.41 0.00669389384297
412.42 0.00651447839638
412.43 0.00634205569864
412.44 0.00617671376773
412.45 0.00601852422105
412.46 0.00586754254687
412.47 0.00572380840824
412.48 0.00558734597719
412.49 0.00545816429682
412.5 0.0053362576691
412.51 0.00522160606618
412.52 0.00511417556297
412.53 0.00501391878896
412.54 0.0049207753972
412.55 0.00483467254835
412.56 0.00475552540801
412.57 0.00468323765533
412.58 0.00461770200108
412.59 0.00455880071359
412.6 0.00450640615066
412.61 0.00446038129603
412.62 0.00442058029873
412.63 0.00438684901394
412.64 0.00435902554389
412.65 0.00433694077751
412.66 0.00432041892752
412.67 0.00430927806386
412.68 0.0043033306422
412.69 0.00430238402653
412.7 0.0043062410049
412.71 0.00431470029724
412.72 0.00432755705449
412.73 0.00434460334821
412.74 0.00436562864996
412.75 0.00439042029968
412.76 0.0044187639626
412.77 0.00445044407401
412.78 0.00448524427151
412.79 0.0045229478142
412.8 0.00456333798863
412.81 0.00460619850098
412.82 0.00465131385549
412.83 0.00469846971877
412.84 0.00474745327005
412.85 0.00479805353715
412.86 0.00485006171833
412.87 0.00490327149004
412.88 0.00495747930066
412.89 0.00501248465048
412.9 0.00506809035807
412.91 0.00512410281343
412.92 0.0051803322181
412.93 0.00523659281281
412.94 0.0052927030928
412.95 0.00534848601157
412.96 0.00540376917324
412.97 0.00545838501421
412.98 0.0055121709746
412.99 0.00556496965995
413.0 0.00561662899379
413.01 0.00566700236154
413.02 0.00571594874646
413.03 0.00576333285793
413.04 0.00580902525288
413.05 0.00585290245061
413.06 0.00589484704165
413.07 0.00593474779108
413.08 0.00597249973662
413.09 0.00600800428207
413.1 0.00604116928613
413.11 0.00607190914721
413.12 0.00610014488416
413.13 0.00612580421323
413.14 0.00614882162135
413.15 0.00616913843572
413.16 0.00618670288964
413.17 0.00620147018462
413.18 0.00621340254842
413.19 0.0062224692889
413.2 0.00622864684331
413.21 0.00623191882269
413.22 0.0062322760509
413.23 0.00622971659775
413.24 0.00622424580577
413.25 0.00621587630984
413.26 0.00620462804919
413.27 0.00619052827091
413.28 0.00617361152428
413.29 0.00615391964514
413.3 0.00613150172945
413.31 0.00610641409524
413.32 0.00607872023208
413.33 0.00604849073724
413.34 0.00601580323768
413.35 0.00598074229707
413.36 0.00594339930698
413.37 0.0059038723615
413.38 0.00586226611451
413.39 0.00581869161898
413.4 0.00577326614755
413.41 0.00572611299384
413.42 0.00567736125407
413.43 0.00562714558847
413.44 0.00557560596203
413.45 0.00552288736462
413.46 0.00546913951001
413.47 0.00541451651389
413.48 0.00535917655094
413.49 0.00530328149102
413.5 0.00524699651483
413.51 0.00519048970941
413.52 0.005133931644
413.53 0.00507749492687
413.54 0.00502135374386
413.55 0.00496568337968
413.56 0.00491065972271
413.57 0.00485645875471
413.58 0.00480325602648
413.59 0.00475122612101
413.6 0.00470054210556
413.61 0.00465137497423
413.62 0.00460389308281
413.63 0.00455826157775
413.64 0.00451464182116
413.65 0.00447319081377
413.66 0.00443406061818
413.67 0.00439739778432
413.68 0.00436334277959
413.69 0.00433202942596
413.7 0.00430358434629
413.71 0.00427812642244
413.72 0.00425576626756
413.73 0.004236605715
413.74 0.00422073732642
413.75 0.0042082439215
413.76 0.00419919813177
413.77 0.00419366198097
413.78 0.0041916864944
413.79 0.00419331133959
413.8 0.00419856450052
413.81 0.00420746198772
413.82 0.00422000758623
413.83 0.00423619264356
413.84 0.00425599589936
413.85 0.00427938335875
413.86 0.00430630821073
413.87 0.00433671079319
413.88 0.00437051860572
413.89 0.00440764637137
413.9 0.0044479961481
413.91 0.00449145749066
413.92 0.00453790766327
413.93 0.00458721190332
413.94 0.00463922373598
413.95 0.00469378533952
413.96 0.0047507279606
413.97 0.00480987237893
413.98 0.00487102942
413.99 0.00493400051469
414.0 0.00499857830397
414.01 0.00506454728702
414.02 0.00513168451035
414.03 0.00519976029581
414.04 0.00526853900451
414.05 0.0053377798341
414.06 0.00540723764597
414.07 0.00547666381918
414.08 0.00554580712761
414.09 0.00561441463649
414.1 0.00568223261444
414.11 0.00574900745701
414.12 0.0058144866175
414.13 0.0058784195408
414.14 0.00594055859587
414.15 0.00600066000246
414.16 0.00605848474763
414.17 0.00611379948757
414.18 0.00616637743038
414.19 0.0062159991954
414.2 0.00626245364479
414.21 0.00630553868322
414.22 0.00634506202158
414.23 0.00638084190093
414.24 0.00641270777289
414.25 0.00644050093312
414.26 0.00646407510459
414.27 0.00648329696767
414.28 0.00649804663442
414.29 0.00650821806473
414.3 0.00651371942212
414.31 0.00651447336765
414.32 0.00651041729043
414.33 0.00650150347384
414.34 0.00648769919676
414.35 0.00646898676952
414.36 0.00644536350466
414.37 0.00641684162312
414.38 0.00638344809645
414.39 0.00634522442647
414.4 0.00630222636386
414.41 0.00625452356747
414.42 0.00620219920685
414.43 0.00614534951024
414.44 0.00608408326105
414.45 0.00601852124594
414.46 0.0059487956577
414.47 0.00587504945675
414.48 0.00579743569482
414.49 0.00571611680497
414.5 0.00563126386192
414.51 0.00554305581692
414.52 0.0054516787116
414.53 0.00535732487499
414.54 0.00526019210822
414.55 0.00516048286122
414.56 0.00505840340587
414.57 0.00495416300975
414.58 0.00484797311486
414.59 0.00474004652525
414.6 0.00463059660766
414.61 0.0045198365088
414.62 0.00440797839304
414.63 0.00429523270379
414.64 0.00418180745173
414.65 0.004067907533
414.66 0.00395373407977
414.67 0.00383948384587
414.68 0.00372534862941
414.69 0.00361151473438
414.7 0.00349816247284
414.71 0.00338546570877
414.72 0.0032735914449
414.73 0.00316269945302
414.74 0.00305294194822
414.75 0.00294446330731
414.76 0.0028373998313
414.77 0.00273187955151
414.78 0.00262802207873
414.79 0.00252593849466
414.8 0.00242573128445
414.81 0.00232749430918
414.82 0.00223131281681
414.83 0.00213726348988
414.84 0.00204541452837
414.85 0.00195582576568
414.86 0.0018685488157
414.87 0.00178362724895
414.88 0.00170109679555
414.89 0.00162098557269
414.9 0.00154331433444
414.91 0.00146809674144
414.92 0.00139533964824
414.93 0.00132504340588
414.94 0.00125720217748
414.95 0.00119180426458
414.96 0.00112883244188
414.97 0.00106826429847
414.98 0.0010100725832
414.99 0.000954225552489
415.0 0.000900687318371
415.01 0.000849418195259
415.02 0.000800375043549
415.03 0.000753511608577
415.04 0.000708778853448
415.05 0.000666125284397
415.06 0.000625497267471
415.07 0.000586839335445
415.08 0.000550094483983
415.09 0.00051520445623
415.1 0.000482110015075
415.11 0.000450751202506
415.12 0.00042106758554
415.13 0.000392998488362
415.14 0.000366483210396
415.15 0.000341461230113
415.16 0.000317872394525
415.17 0.000295657094351
415.18 0.000274756424958
415.19 0.000255112333249
415.2 0.000236667750736
415.21 0.000219366713095
415.22 0.000203154466588
415.23 0.00018797756174
415.24 0.000173783934742
415.25 0.000160522977079
415.26 0.000148145593907
415.27 0.000136604251727
415.28 0.000125853015946
415.29 0.000115847578903
415.3 0.00010654527896
415.31 9.7905111277e-05
415.32 8.9887730856e-05
415.33 8.24554484739e-05
415.34 7.55722200915e-05
415.35 6.92036303248e-05
415.36 6.3316870552e-05
415.37 5.78807122089e-05
415.38 5.2865475811e-05
415.39 4.82429962184e-05
415.4 4.39865846372e-05
415.41 4.00709878273e-05
415.42 3.6472344963e-05
415.43 3.31681425672e-05
415.44 3.01371679113e-05
415.45 2.73594612512e-05
415.46 2.48162672397e-05
415.47 2.24899858303e-05
415.48 2.03641229628e-05
415.49 1.84232412938e-05
415.5 1.66529112115e-05
415.51 1.50396623497e-05
415.52 1.35709357928e-05
415.53 1.2235037141e-05
415.54 1.10210905844e-05
415.55 9.91899411318e-06
415.56 8.9193759736e-06
415.57 8.0135524605e-06
415.58 7.19348712043e-06
415.59 6.45175142436e-06
415.6 5.78148695439e-06
415.61 5.1763691355e-06
415.62 4.63057253152e-06
415.63 4.13873771346e-06
415.64 3.69593969861e-06
415.65 3.29765794975e-06
415.66 2.93974791627e-06
415.67 2.61841409194e-06
415.68 2.33018455812e-06
415.69 2.07188697623e-06
415.7 1.84062598864e-06
415.71 1.63376198398e-06
415.72 1.4488911795e-06
415.73 1.28382697125e-06
415.74 1.13658250077e-06
415.75 1.00535438613e-06
415.76 8.88507564195e-07
415.77 7.84561190835e-07
415.78 6.92175545954e-07
415.79 6.10139890471e-07
415.8 5.37361223283e-07
415.81 4.72853887126e-07
415.82 4.15729973473e-07
415.83 3.65190478007e-07
415.84 3.20517159692e-07
415.85 2.81065058167e-07
415.86 2.46255625895e-07
415.87 2.15570433338e-07
415.88 1.88545407285e-07
415.89 1.64765564362e-07
415.9 1.43860203647e-07
415.91 1.25498524229e-07
415.92 1.09385635427e-07
415.93 9.52589292466e-08
415.94 8.28847864658e-08
415.95 7.20555895176e-08
415.96 6.25870170504e-08
415.97 5.43155967093e-08
415.98 4.7096494273e-08
415.99 4.08015188114e-08
416.0 3.53173249851e-08
416.01 3.05437949962e-08
416.02 2.63925840164e-08
416.03 2.27858141626e-08
416.04 1.96549032627e-08
416.05 1.69395157609e-08
416.06 1.45866241433e-08
416.07 1.25496702354e-08
416.08 1.07878166286e-08
416.09 9.26527933006e-09
416.1 7.95073351926e-09
416.11 6.81678501312e-09
416.12 5.83950071802e-09
416.13 4.99799196344e-09
416.14 4.27404518422e-09
416.15 3.65179494311e-09
416.16 3.11743476716e-09
416.17 2.65896171328e-09
416.18 2.26595098176e-09
416.19 1.92935726549e-09
416.2 1.64133985826e-09
416.21 1.39510885125e-09
416.22 1.18479002441e-09
416.23 1.00530629088e-09
416.24 8.52273780567e-10
416.25 7.21910854683e-10
416.26 6.10958529039e-10
416.27 5.16610950937e-10
416.28 4.36454725269e-10
416.29 3.68416020528e-10
416.3 3.10714506707e-10
416.31 2.61823285648e-10
416.32 2.2043407148e-10
416.33 1.85426965494e-10
416.34 1.5584424708e-10
416.35 1.30867671166e-10
416.36 1.09798823813e-10
416.37 9.20421418934e-11
416.38 7.7090251014e-11
416.39 6.45113184201e-11
416.4 5.39381553881e-11
416.41 4.50588368804e-11
416.42 3.76086356141e-11
416.43 3.13630935619e-11
416.44 2.61320766475e-11
416.45 2.17546783851e-11
416.46 1.80948557419e-11
416.47 1.50376958657e-11
416.48 1.24862257582e-11
416.49 1.03586887224e-11
416.5 8.58622166897e-12
416.51 7.11087630076e-12
416.52 5.88393498041e-12
416.53 4.86447885368e-12
416.54 4.01817167877e-12
416.55 3.3162279122e-12
416.56 2.73453801985e-12
416.57 2.25292780571e-12
416.58 1.85453185582e-12
416.59 1.52526404846e-12
416.6 1.25337054179e-12
416.61 1.02905276982e-12
416.62 8.44149800266e-13
416.63 6.9187097458e-13
416.64 5.66571094887e-13
416.65 4.63561575201e-13
416.66 3.78951961192e-13
416.67 3.09517066941e-13
416.68 2.52585698291e-13
416.69 2.05947547762e-13
416.7 1.6777537057e-13
416.71 1.36559997889e-13
416.72 1.11056123266e-13
416.73 9.02371208068e-14
416.74 7.32574274362e-14
416.75 5.94212536689e-14
416.76 4.81565837168e-14
416.77 3.89935919454e-14
416.78 3.15467430318e-14
416.79 2.5499961614e-14
416.8 2.05943570546e-14
416.81 1.6618072996e-14
416.82 1.33979020813e-14
416.83 1.07923656101e-14
416.84 8.68600774354e-15
416.85 6.98469566355e-15
416.86 5.61175208077e-15
416.87 4.50477576089e-15
416.88 3.61303019866e-15
416.89 2.8953009866e-15
416.9 2.31813945034e-15
416.91 1.85442430278e-15
416.92 1.4821848685e-15
416.93 1.18363923624e-15
416.94 9.44408840051e-16
416.95 7.52877722835e-16
416.96 5.99670331498e-16
416.97 4.77226323903e-16
416.98 3.79454696785e-16
416.99 3.01452706082e-16
417.0 2.39277660335e-16
417.01 1.89761818191e-16
417.02 1.50362391636e-16
417.03 1.19040112764e-16
417.04 9.41610183918e-17
417.05 7.44170888916e-17
417.06 5.87621827586e-17
417.07 4.63603680184e-17
417.08 3.65442911864e-17
417.09 2.87816656141e-17
417.1 2.26483212408e-17
417.11 1.78065515829e-17
417.12 1.39877332143e-17
417.13 1.09783878948e-17
417.14 8.60901600141e-18
417.15 6.74515868448e-18
417.16 5.28025066549e-18
417.17 4.12991032157e-18
417.18 3.22738231788e-18
417.19 2.51990356994e-18
417.2 1.96580819363e-18
417.21 1.53222333659e-18
417.22 1.1932370146e-18
417.23 9.28442631193e-19
417.24 7.21783821173e-19
417.25 5.6063850888e-19
417.26 4.35093324004e-19
417.27 3.37369351791e-19
417.28 2.61368079276e-19
417.29 2.02312715141e-19
417.3 1.56465114889e-19
417.31 1.20902583367e-19
417.32 9.33420534014e-20
417.33 7.20017136776e-20
417.34 5.54922108748e-20
417.35 4.27311848879e-20
417.36 3.28761955918e-20
417.37 2.52721324001e-20
417.38 1.94100177845e-20
417.39 1.48947662147e-20
417.4 1.14199752119e-20
417.41 8.74823305052e-21
417.42 6.69575014378e-21
417.43 5.12037592742e-21
417.44 3.91226412774e-21
417.45 2.9866078374e-21
417.46 2.27799069553e-21
417.47 1.73599873284e-21
417.48 1.32181469072e-21
417.49 1.00557729161e-21
417.5 7.64335538373e-22
417.51 5.80465431125e-22
417.52 4.40445707305e-22
417.53 3.33912067575e-22
417.54 2.52927214061e-22
417.55 1.91417975452e-22
417.56 1.44741673382e-22
417.57 1.09352363082e-22
417.58 8.25441820264e-23
417.59 6.22541741873e-23
417.6 4.69109466834e-23
417.61 3.53186122328e-23
417.62 2.65678723786e-23
417.63 1.99679570915e-23
417.64 1.49945765473e-23
417.65 1.12501545592e-23
417.66 8.43347350555e-24
417.67 6.31652462107e-24
417.68 4.72686951985e-24
417.69 3.53421322504e-24
417.7 2.64019250375e-24
417.71 1.9706166692e-24
417.72 1.46957725984e-24
417.73 1.09498055422e-24
417.74 8.15162331166e-25
417.75 6.0632504985e-25
417.76 4.50599423956e-25
417.77 3.34579606262e-25
417.78 2.48217279751e-25
417.79 1.839874797e-25
417.8 1.36259955095e-25
417.81 1.0082585769e-25
417.82 7.45417048292e-26
417.83 5.50618031966e-26
417.84 4.06373379775e-26
417.85 2.9965655656e-26
417.86 2.20773036407e-26
417.87 1.62514452632e-26
417.88 1.19525800399e-26
417.89 8.78324595376e-27
417.9 6.44869950858e-27
417.91 4.73056429145e-27
417.92 3.46718863503e-27
417.93 2.53901755798e-27
417.94 1.85770885141e-27
417.95 1.35804233647e-27
417.96 9.9191094037e-28
417.97 7.23861976198e-28
417.98 5.27791705035e-28
417.99 3.84497100553e-28
418.0 2.79864163301e-28
418.01 2.03528496437e-28
418.02 1.47885934691e-28
418.03 1.07362404486e-28
418.04 7.78755811641e-29
418.05 5.64383208966e-29
418.06 4.08667951494e-29
418.07 2.95658786259e-29
418.08 2.13714855333e-29
418.09 1.54348475711e-29
418.1 1.11376532103e-29
418.11 8.02987436054e-30
418.12 5.78425621007e-30
418.13 4.16303445598e-30
418.14 2.99361676139e-30
418.15 2.15083012512e-30
418.16 1.54397310913e-30
418.17 1.10738099548e-30
418.18 7.93556973518e-31
418.19 5.68175982173e-31
418.2 4.06453944689e-31
418.21 2.90511632426e-31
418.22 2.07462412189e-31
418.23 1.48026350544e-31
418.24 1.05526699118e-31
418.25 7.51639141013e-32
418.26 5.34909281983e-32
418.27 3.80342268986e-32
418.28 2.70204616336e-32
418.29 1.91793837358e-32
418.3 1.36019209013e-32
418.31 9.63805841082e-33
418.32 6.82342740626e-33
418.33 4.82657778335e-33
418.34 3.41114166473e-33
418.35 2.40870666896e-33
418.36 1.69938502371e-33
418.37 1.19790773896e-33
418.38 8.43681774018e-34
418.39 5.93687187252e-34
418.4 4.17407643753e-34
418.41 2.93215437579e-34
418.42 2.05796023306e-34
418.43 1.44314788593e-34
418.44 1.01113328997e-34
418.45 7.07831186125e-35
418.46 4.95079210575e-35
418.47 3.45973949133e-35
418.48 2.41566006912e-35
418.49 1.68520195619e-35
418.5 1.17460488102e-35
418.51 8.18003873747e-36
418.52 5.69170826802e-36
418.53 3.95688670974e-36
418.54 2.74845298752e-36
418.55 1.90742171207e-36
418.56 1.32260099024e-36
418.57 9.16293651706e-37
418.58 6.34255474318e-37
418.59 4.386493433e-37
418.6 3.03105945459e-37
418.61 2.09264297269e-37
418.62 1.44350913324e-37
418.63 9.94873001373e-38
418.64 6.85077125706e-38
418.65 4.71340763691e-38
418.66 3.24006891704e-38
418.67 2.22534426688e-38
418.68 1.52708734719e-38
418.69 1.04701827728e-38
418.7 7.17246371306e-39
418.71 4.90914849349e-39
418.72 3.35712638015e-39
418.73 2.29378614391e-39
418.74 1.56589223931e-39
418.75 1.06805724658e-39
418.76 7.27865111071e-40
418.77 4.95599645447e-40
418.78 3.37159020741e-40
418.79 2.2917238953e-40
418.8 1.55637237932e-40
418.81 1.05605964941e-40
418.82 7.15957257743e-41
418.83 4.84963948774e-41
418.84 3.28212809758e-41
418.85 2.21934751553e-41
418.86 1.49940449402e-41
418.87 1.01212934692e-41
418.88 6.82616747762e-42
418.89 4.59982780014e-42
418.9 3.09691952762e-42
418.91 2.08325282708e-42
418.92 1.40016027473e-42
418.93 9.40236780511e-43
418.94 6.30841757407e-43
418.95 4.22889928635e-43
418.96 2.83242203386e-43
418.97 1.89544985107e-43
418.98 1.26733183816e-43
418.99 8.46626981035e-44
419.0 5.65089941137e-44
419.01 3.76848474116e-44
419.02 2.51095921164e-44
419.03 1.67161503031e-44
419.04 1.11187659739e-44
419.05 7.38925448364e-45
419.06 4.90646122139e-45
419.07 3.25506623505e-45
419.08 2.15762021334e-45
419.09 1.42893964801e-45
419.1 9.45532548772e-46
419.11 6.25119135007e-46
419.12 4.12926556873e-46
419.13 2.72525126161e-46
419.14 1.79706587092e-46
419.15 1.18398215247e-46
419.16 7.79381383293e-47
419.17 5.1260001232e-47
419.18 3.36845623631e-47
419.19 2.21160171875e-47
419.2 1.45079697301e-47
419.21 9.50889551402e-48
419.22 6.22697643649e-48
419.23 4.07425382393e-48
419.24 2.6634383815e-48
419.25 1.73964622256e-48
419.26 1.13527986507e-48
419.27 7.40233345474e-49
419.28 4.82234266362e-49
419.29 3.13885462218e-49
419.3 2.04130570173e-49
419.31 1.32638196534e-49
419.32 8.61098594297e-50
419.33 5.58548467852e-50
419.34 3.61986656496e-50
419.35 2.34394799346e-50
419.36 1.51644650184e-50
419.37 9.80234374668e-51
419.38 6.33076911991e-51
419.39 4.08513802724e-51
419.4 2.63378734751e-51
419.41 1.69659581598e-51
419.42 1.09194254795e-51
419.43 7.0217424893e-52
419.44 4.5114247785e-52
419.45 2.89605133056e-52
419.46 1.85747296874e-52
419.47 1.19031652247e-52
419.48 7.62124870308e-53
419.49 4.87543666204e-53
419.5 3.11619492506e-53
419.51 1.99002909325e-53
419.52 1.2697491998e-53
419.53 8.09468927558e-54
419.54 5.15591951946e-54
419.55 3.28122331932e-54
419.56 2.0863595859e-54
419.57 1.32545884098e-54
419.58 8.41331294662e-55
419.59 5.33570184097e-55
419.6 3.38095799737e-55
419.61 2.14048264119e-55
419.62 1.35396474876e-55
419.63 8.55710216459e-56
419.64 5.4034332312e-56
419.65 3.40907514338e-56
419.66 2.14895376344e-56
419.67 1.35344708525e-56
419.68 8.51685401919e-57
419.69 5.35477020441e-57
419.7 3.36376916724e-57
419.71 2.11122852592e-57
419.72 1.32393912777e-57
419.73 8.29515493926e-58
419.74 5.1928371081e-58
419.75 3.24794457395e-58
419.76 2.02972047029e-58
419.77 1.26732372896e-58
419.78 7.90610565536e-59
419.79 4.92789418367e-59
419.8 3.06890783538e-59
419.81 1.90954558703e-59
419.82 1.18713450475e-59
419.83 7.3738370818e-60
419.84 4.57626178586e-60
419.85 2.83760470292e-60
419.86 1.75799098068e-60
419.87 1.08819093177e-60
419.88 6.73003425684e-61
419.89 4.15865755412e-61
419.9 2.56751362602e-61
419.91 1.58378442217e-61
419.92 9.76119726139e-62
419.93 6.01082140508e-62
419.94 3.69818192561e-62
419.95 2.27335066855e-62
419.96 1.39626645411e-62
419.97 8.56828471011e-63
419.98 5.25343286164e-63
419.99 3.21822345938e-63
420.0 1.96975820753e-63
420.01 1.20457363597e-63
420.02 7.35999469248e-64
420.03 4.49309251589e-64
420.04 2.74054497443e-64
420.05 1.6701374657e-64
420.06 1.01693036659e-64
420.07 6.18662690555e-65
420.08 3.76045458842e-65
420.09 2.28376011267e-65
420.1 1.3857482249e-65
420.11 8.40121097311e-66
420.12 5.08889117249e-66
420.13 3.07983995247e-66
420.14 1.86233088622e-66
420.15 1.12514697265e-66
420.16 6.79180766118e-67
420.17 4.09623829647e-67
420.18 2.46836148383e-67
420.19 1.48612733057e-67
420.2 8.9397833419e-68
420.21 5.37305985705e-68
420.22 3.22656245751e-68
420.23 1.93589673049e-68
420.24 1.16050765341e-68
420.25 6.95084403819e-69
420.26 4.15959254885e-69
420.27 2.48706852683e-69
420.28 1.48575918669e-69
420.29 8.86814548695e-70
420.3 5.28860226846e-70
420.31 3.15117641299e-70
420.32 1.87598015402e-70
420.33 1.11585425746e-70
420.34 6.63147936239e-71
420.35 3.93764974164e-71
420.36 2.33607862237e-71
420.37 1.38471864617e-71
420.38 8.20085886709e-72
420.39 4.85267099964e-72
420.4 2.86897042138e-72
420.41 1.69470849302e-72
420.42 1.00020185022e-72
420.43 5.89798975406e-73
420.44 3.47491420527e-73
420.45 2.04553950635e-73
420.46 1.20308238838e-73
420.47 7.06979107011e-74
420.48 4.15089265349e-74
420.49 2.43500657038e-74
420.5 1.42719227105e-74
420.51 8.35773400991e-75
420.52 4.89010650534e-75
420.53 2.85872120603e-75
420.54 1.66974057609e-75
420.55 9.74428350949e-76
420.56 5.6816507472e-76
420.57 3.3099609433e-76
420.58 1.92661491019e-76
420.59 1.12044534661e-76
420.6 6.51043713982e-77
420.61 3.77966522817e-77
420.62 2.1924022195e-77
420.63 1.27060582894e-77
420.64 7.35741352138e-78
420.65 4.25660353551e-78
420.66 2.46050895065e-78
420.67 1.42105343754e-78
420.68 8.2001081889e-79
420.69 4.72772783973e-79
420.7 2.72338515272e-79
420.71 1.56743440692e-79
420.72 9.01349866222e-80
420.73 5.17870453966e-80
420.74 2.97284715967e-80
420.75 1.70509170697e-80
420.76 9.77117102874e-81
420.77 5.59460205263e-81
420.78 3.20048280474e-81
420.79 1.82930241856e-81
420.8 1.04467026046e-81
420.81 5.960691797e-82
420.82 3.39811298442e-82
420.83 1.93554233616e-82
420.84 1.10151711126e-82
420.85 6.26330460511e-83
420.86 3.55827517986e-83
420.87 2.01975755684e-83
420.88 1.14546721784e-83
420.89 6.49067404773e-84
420.9 3.67468949616e-84
420.91 2.07862051091e-84
420.92 1.17477171466e-84
420.93 6.63369449384e-85
420.94 3.7426668001e-85
420.95 2.10974795786e-85
420.96 1.18823871433e-85
420.97 6.6865259375e-86
420.98 3.75942202601e-86
420.99 2.11186105814e-86
421.0 1.18531372995e-86
421.01 6.6469896191e-87
421.02 3.72426348117e-87
421.03 2.08487253881e-87
421.04 1.16611755135e-87
421.05 6.51671709184e-88
421.06 3.63864021846e-88
421.07 2.0298926734e-88
421.08 1.13143796976e-88
421.09 6.30103852026e-89
421.1 3.50604295501e-89
421.11 1.94915350493e-89
421.12 1.08267614079e-89
421.13 6.00862086822e-90
421.14 3.33176797809e-90
421.15 1.84585851963e-90
421.16 1.02175267518e-90
421.17 5.6508902032e-91
421.18 3.12256629137e-91
421.19 1.72397188002e-91
421.2 9.50982227764e-92
421.21 5.24129176866e-92
421.22 2.88621038152e-92
421.23 1.58796653236e-92
421.24 8.72927988091e-93
421.25 4.7944545259e-93
421.26 2.631017289e-93
421.27 1.44255344605e-93
421.28 7.90248783021e-94
421.29 4.32533222974e-94
421.3 2.3653685574e-94
421.31 1.29241467342e-94
421.32 7.05551392418e-95
421.33 3.84839054477e-95
421.34 2.09726513465e-95
421.35 1.14196093571e-95
421.36 6.21259254161e-96
421.37 3.376900051e-96
421.38 1.83394900233e-96
421.39 9.95130450226e-97
421.4 5.39506260575e-97
421.41 2.92237991524e-97
421.42 1.58161426241e-97
421.43 8.55240351511e-98
421.44 4.62061205212e-98
421.45 2.49421876509e-98
421.46 1.34521992248e-98
421.47 7.24896080029e-99
421.48 3.90285057811e-99
421.49 2.09948033071e-99
421.5 1.12840605653e-99
421.51 6.05958273118e-100
421.52 3.25120042107e-100
421.53 1.74288398101e-100
421.54 9.33505597802e-101
421.55 4.99561645364e-101
421.56 2.67106809962e-101
421.57 1.42693616938e-101
421.58 7.61636668503e-102
421.59 4.06176558474e-102
421.6 2.16424079386e-102
421.61 1.15217915721e-102
421.62 6.12855605788e-103
421.63 3.25701698795e-103
421.64 1.72944038864e-103
421.65 9.1751861239e-104
421.66 4.86348836524e-104
421.67 2.5757552406e-104
421.68 1.36296597873e-104
421.69 7.20591527171e-105
421.7 3.80642256864e-105
421.71 2.00894737556e-105
421.72 1.05936064244e-105
421.73 5.58139578137e-106
421.74 2.93809286263e-106
421.75 1.54529688466e-106
421.76 8.12048657029e-107
421.77 4.26359445138e-107
421.78 2.23662634834e-107
421.79 1.17228902104e-107
421.8 6.13902880407e-108
421.81 3.21209481977e-108
421.82 1.67919354237e-108
421.83 8.77075271075e-109
421.84 4.57716627957e-109
421.85 2.3866032392e-109
421.86 1.24333303871e-109
421.87 6.47170086538e-110
421.88 3.3656822208e-110
421.89 1.74884570412e-110
421.9 9.07932564407e-111
421.91 4.70954991273e-111
421.92 2.44078163815e-111
421.93 1.26386929625e-111
421.94 6.53881592942e-112
421.95 3.38002391387e-112
421.96 1.74567803103e-112
421.97 9.00807995849e-113
421.98 4.6443402692e-113
421.99 2.3924316656e-113
422.0 1.23134220521e-113
422.01 6.33201159615e-114
422.02 3.25333173867e-114
422.03 1.6700855219e-114
422.04 8.5658957516e-115
422.05 4.38965683966e-115
422.06 2.24756401048e-115
422.07 1.14978669901e-115
422.08 5.8768716229e-116
422.09 3.00122696623e-116
422.1 1.53135255875e-116
422.11 7.80683947806e-117
422.12 3.97648202105e-117
422.13 2.0237017596e-117
422.14 1.02900552806e-117
422.15 5.22772361795e-118
422.16 2.65357424041e-118
422.17 1.34577847814e-118
422.18 6.81929734107e-119
422.19 3.45246582632e-119
422.2 1.74639653936e-119
422.21 8.82632771101e-120
422.22 4.45698268496e-120
422.23 2.24866913077e-120
422.24 1.13353225258e-120
422.25 5.70907722801e-121
422.26 2.87290765496e-121
422.27 1.44444539172e-121
422.28 7.25611741004e-122
422.29 3.64192659022e-122
422.3 1.82634065268e-122
422.31 9.15073750312e-123
422.32 4.5809349114e-123
422.33 2.2912678288e-123
422.34 1.14504170783e-123
422.35 5.71729323316e-124
422.36 2.85222210216e-124
422.37 1.42167369291e-124
422.38 7.08011359884e-125
422.39 3.52293181078e-125
422.4 1.75142667887e-125
422.41 8.69968238074e-126
422.42 4.31756163356e-126
422.43 2.14090505268e-126
422.44 1.06066925622e-126
422.45 5.25032596338e-127
422.46 2.59666704322e-127
422.47 1.28312798551e-127
422.48 6.33501140364e-128
422.49 3.12498931891e-128
422.5 1.54018676126e-128
422.51 7.58441253586e-129
422.52 3.73159258291e-129
422.53 1.83438380481e-129
422.54 9.00969120353e-130
422.55 4.42133393542e-130
422.56 2.16780613712e-130
422.57 1.06196762667e-130
422.58 5.19787494461e-131
422.59 2.54193293378e-131
422.6 1.24201277191e-131
422.61 6.06333757514e-132
422.62 2.95747544177e-132
422.63 1.44129957441e-132
422.64 7.01796313021e-133
422.65 3.41422091658e-133
422.66 1.6595711159e-133
422.67 8.05979190432e-134
422.68 3.91088911656e-134
422.69 1.89605481738e-134
422.7 9.18438304344e-135
422.71 4.44501058502e-135
422.72 2.14941028875e-135
422.73 1.0384594908e-135
422.74 5.01283614196e-136
422.75 2.4176930953e-136
422.76 1.16504458088e-136
422.77 5.6092866028e-137
422.78 2.69833849734e-137
422.79 1.29690731839e-137
422.8 6.22795068356e-138
422.81 2.98816862449e-138
422.82 1.43248060427e-138
422.83 6.86113732575e-139
422.84 3.28342564429e-139
422.85 1.56993608662e-139
422.86 7.49998632064e-140
422.87 3.57983230419e-140
422.88 1.7072165286e-140
422.89 8.13463822732e-141
422.9 3.87267981828e-141
422.91 1.84208070615e-141
422.92 8.75446131224e-142
422.93 4.15694151495e-142
422.94 1.97215985166e-142
422.95 9.34832978803e-143
422.96 4.42740905511e-143
422.97 2.09502391814e-143
422.98 9.90494422981e-144
422.99 4.67884648602e-144
423.0 2.20825524275e-144
423.01 1.04131819466e-144
423.02 4.90615602916e-145
423.03 2.30952659372e-145
423.04 1.08624625336e-145
423.05 5.10454842424e-146
423.06 2.39668014039e-146
423.07 1.12431120472e-146
423.08 5.26970996255e-147
423.09 2.46780363459e-147
423.1 1.15467084091e-147
423.11 5.39795811384e-148
423.12 2.52130006143e-148
423.13 1.17663908654e-148
423.14 5.48637792284e-149
423.15 2.55594722219e-149
423.16 1.18971176404e-149
423.17 5.53293212593e-150
423.18 2.57094414681e-150
423.19 1.19358582768e-150
423.2 5.53653918045e-151
423.21 2.56594187512e-151
423.22 1.18817104177e-151
423.23 5.49711503367e-152
423.24 2.54105695495e-152
423.25 1.17359347461e-152
423.26 5.41557637865e-153
423.27 2.49686692809e-153
423.28 1.15019061918e-153
423.29 5.29380522112e-154
423.3 2.43438804828e-154
423.31 1.11849840444e-154
423.32 5.13457666967e-155
423.33 2.35503643151e-155
423.34 1.07923079511e-155
423.35 4.94145381816e-156
423.36 2.26057471257e-156
423.37 1.03325306426e-156
423.38 4.71865527939e-157
423.39 2.15304701286e-157
423.4 9.81550135278e-158
423.41 4.4709022428e-158
423.42 2.034705567e-158
423.43 9.25191608638e-159
423.44 4.20325278524e-159
423.45 1.90793267719e-159
423.46 8.65295201924e-160
423.47 3.92093152056e-160
423.48 1.77516175106e-160
423.49 8.02990335922e-161
423.5 3.62916252661e-161
423.51 1.63880103553e-161
423.52 7.39383498936e-162
423.53 3.33301287207e-162
423.54 1.50116330655e-162
423.55 6.75526829202e-163
423.56 3.03725304751e-163
423.57 1.36440424951e-163
423.58 6.12391089232e-164
423.59 2.74623927987e-164
423.6 1.23047161314e-164
423.61 5.50843889177e-165
423.62 2.46382118595e-165
423.63 1.10106649447e-165
423.64 4.91633673777e-166
423.65 2.19327661709e-166
423.66 9.7761736686e-167
423.67 4.35379643993e-167
423.68 1.93727397533e-167
423.69 8.61266750164e-168
423.7 3.82567462823e-168
423.71 1.69786084366e-168
423.72 7.52869783659e-169
423.73 3.33550314203e-169
423.74 1.47647654947e-169
423.75 6.53003434589e-170
423.76 2.88554658464e-170
423.77 1.27398532966e-170
423.78 5.61984679801e-171
423.79 2.47689866158e-171
423.8 1.09072611877e-171
423.81 4.79895745775e-172
423.82 2.10960817379e-172
423.83 9.26574644154e-173
423.84 4.06614382373e-173
423.85 1.78282523651e-173
423.86 7.81013467188e-174
423.87 3.4184716661e-174
423.88 1.49495857687e-174
423.89 6.53205820904e-175
423.9 2.85163965737e-175
423.91 1.24383552884e-175
423.92 5.4206951293e-176
423.93 2.36031909284e-176
423.94 1.0268574753e-176
423.95 4.46347730708e-177
423.96 1.93847500576e-177
423.97 8.4114485489e-178
423.98 3.64674244905e-178
423.99 1.57965812081e-178
424.0 6.83667333242e-179
424.01 2.95631199976e-179
424.02 1.27726030658e-179
424.03 5.51356219502e-180
424.04 2.37798358593e-180
424.05 1.02472926596e-180
424.06 4.41197597986e-181
424.07 1.89793288813e-181
424.08 8.15740972175e-182
424.09 3.5030586882e-182
424.1 1.50302520293e-182
424.11 6.443307011e-183
424.12 2.75978404654e-183
424.13 1.18104130595e-183
424.14 5.04985358791e-184
424.15 2.15732809249e-184
424.16 9.20825470384e-185
424.17 3.92701138844e-185
424.18 1.67328805365e-185
424.19 7.12365654711e-186
424.2 3.03011385615e-186
424.21 1.28777098171e-186
424.22 5.46817033272e-187
424.23 2.31989936781e-187
424.24 9.83376829806e-188
424.25 4.16480343089e-188
424.26 1.76235241619e-188
424.27 7.45100269586e-189
424.28 3.1474612739e-189
424.29 1.32840280068e-189
424.3 5.60173915873e-190
424.31 2.3601504839e-190
424.32 9.93528247762e-191
424.33 4.17873140149e-191
424.34 1.756031922e-191
424.35 7.37299719628e-192
424.36 3.0929966068e-192
424.37 1.29639853285e-192
424.38 5.42901861391e-193
424.39 2.27157898889e-193
424.4 9.49637963101e-194
424.41 3.96654152459e-194
424.42 1.65534932089e-194
424.43 6.90225527501e-195
424.44 2.87551801098e-195
424.45 1.19691932647e-195
424.46 4.97779926656e-196
424.47 2.06839553568e-196
424.48 8.58723833285e-197
424.49 3.56202656456e-197
424.5 1.47626561338e-197
424.51 6.11301647498e-198
424.52 2.52912527136e-198
424.53 1.04546338811e-198
424.54 4.31788457266e-199
424.55 1.78179173804e-199
424.56 7.34626458141e-200
424.57 3.02621586097e-200
424.58 1.24553791728e-200
424.59 5.12197807973e-201
424.6 2.10446734135e-201
424.61 8.63913733317e-202
424.62 3.5434171093e-202
424.63 1.45210456349e-202
424.64 5.94562090843e-203
424.65 2.43231743398e-203
424.66 9.9418453373e-204
424.67 4.06010686913e-204
424.68 1.65665333877e-204
424.69 6.75382071161e-205
424.7 2.75100340268e-205
424.71 1.11958337286e-205
424.72 4.55245293988e-206
424.73 1.84951646779e-206
424.74 7.50748810149e-207
424.75 3.04477226591e-207
424.76 1.23378273917e-207
424.77 4.99512404497e-208
424.78 2.02058710767e-208
424.79 8.16643651371e-209
424.8 3.29770129826e-209
424.81 1.33049655006e-209
424.82 5.36339648239e-210
424.83 2.16017912723e-210
424.84 8.69287311357e-211
424.85 3.49510822439e-211
424.86 1.40404694242e-211
424.87 5.63542067107e-212
424.88 2.25992884692e-212
424.89 9.0549676554e-213
424.9 3.62495611683e-213
424.91 1.44991424278e-213
424.92 5.79436156087e-214
424.93 2.31362292406e-214
424.94 9.23003353377e-215
424.95 3.67906695419e-215
424.96 1.46519631124e-215
424.97 5.83012215354e-216
424.98 2.317838671e-216
424.99 9.2068796677e-217
425.0 3.6539739108e-217
425.01 1.44891240216e-217
425.02 5.74040494652e-218
425.03 2.27230509713e-218
425.04 8.98699433305e-219
425.05 3.55128891304e-219
425.06 1.40210731695e-219
425.07 5.53095618861e-220
425.08 2.17993173388e-220
425.09 8.58438686317e-221
425.1 3.37753129303e-221
425.11 1.32774047391e-221
425.12 5.21495685115e-222
425.13 2.0465009808e-222
425.14 8.02411062237e-223
425.15 3.14344285794e-223
425.16 1.23037626693e-223
425.17 4.81165004287e-224
425.18 1.88006919393e-224
425.19 7.33968372428e-225
425.2 2.862889405e-225
425.21 1.11572074738e-225
425.22 4.34440354437e-226
425.23 1.69016273516e-226
425.24 6.56977653073e-227
425.25 2.55150477355e-227
425.26 9.90069964134e-228
425.27 3.83847837517e-228
425.28 1.48688035524e-228
425.29 5.75462014071e-229
425.3 2.22526128258e-229
425.31 8.59743843335e-230
425.32 3.3187982302e-230
425.33 1.28001876862e-230
425.34 4.93259590439e-231
425.35 1.89914642722e-231
425.36 7.30575453244e-232
425.37 2.8079890767e-232
425.38 1.07832447938e-232
425.39 4.13739730511e-233
425.4 1.58609319784e-233
425.41 6.07510642605e-234
425.42 2.32489204161e-234
425.43 8.88946048423e-235
425.44 3.39603165028e-235
425.45 1.2962589471e-235
425.46 4.94351114291e-236
425.47 1.88366201595e-236
425.48 7.17123832304e-237
425.49 2.72777813342e-237
425.5 1.03668697976e-237
425.51 3.93649729173e-238
425.52 1.49346820926e-238
425.53 5.66116379246e-239
425.54 2.1440710398e-239
425.55 8.11327756082e-240
425.56 3.06744799989e-240
425.57 1.15872878865e-240
425.58 4.37330833269e-241
425.59 1.6491574104e-241
425.6 6.21352193845e-242
425.61 2.33903798186e-242
425.62 8.79752327577e-243
425.63 3.30603378593e-243
425.64 1.24130316582e-243
425.65 4.65663449563e-244
425.66 1.74538062843e-244
425.67 6.53629830704e-245
425.68 2.4456668114e-245
425.69 9.14295175427e-246
425.7 3.41506739403e-246
425.71 1.27448826687e-246
425.72 4.75221539816e-247
425.73 1.77043548344e-247
425.74 6.590036284e-248
425.75 2.45086403493e-248
425.76 9.10697919433e-249
425.77 3.38106237194e-249
425.78 1.25416805037e-249
425.79 4.64816992245e-250
425.8 1.7212025138e-250
425.81 6.36803819764e-251
425.82 2.35398158123e-251
425.83 8.69409083762e-252
425.84 3.20825588132e-252
425.85 1.1828714159e-252
425.86 4.35742366592e-253
425.87 1.60378353641e-253
425.88 5.89773733355e-254
425.89 2.16694962138e-254
425.9 7.95492181104e-255
425.91 2.91774093514e-255
425.92 1.06925491223e-255
425.93 3.91506964642e-256
425.94 1.43225861409e-256
425.95 5.23512560542e-257
425.96 1.91186173794e-257
425.97 6.97604976298e-258
425.98 2.54323429087e-258
425.99 9.26375122705e-259
426.0 3.37140642005e-259
426.01 1.22591129847e-259
426.02 4.45379987134e-260
426.03 1.61668742992e-260
426.04 5.86334079353e-261
426.05 2.12465258254e-261
426.06 7.69226834584e-262
426.07 2.78256065184e-262
426.08 1.00567710968e-262
426.09 3.63158491512e-263
426.1 1.31026021496e-263
426.11 4.72326831699e-264
426.12 1.70118440653e-264
426.13 6.12186687778e-265
426.14 2.20110156327e-265
426.15 7.90715032765e-266
426.16 2.83807338715e-266
426.17 1.01777307984e-266
426.18 3.64671656967e-267
426.19 1.30549969188e-267
426.2 4.66955235913e-268
426.21 1.66877366596e-268
426.22 5.95858773827e-269
426.23 2.12575374026e-269
426.24 7.57715685539e-270
426.25 2.69850555264e-270
426.26 9.60205229417e-271
426.27 3.41372498075e-271
426.28 1.21259760479e-271
426.29 4.30356725507e-272
426.3 1.5260339489e-272
426.31 5.40659089395e-273
426.32 1.91384399789e-273
426.33 6.76882479393e-274
426.34 2.39190388234e-274
426.35 8.44496564402e-275
426.36 2.97903607914e-275
426.37 1.0499711143e-275
426.38 3.69745291564e-276
426.39 1.30092322079e-276
426.4 4.57324419299e-277
426.41 1.60627843945e-277
426.42 5.63690844349e-278
426.43 1.97644550486e-278
426.44 6.92392604156e-279
426.45 2.4235038206e-279
426.46 8.47537083613e-280
426.47 2.96140239378e-280
426.48 1.03385551562e-280
426.49 3.60616826772e-281
426.5 1.25677009618e-281
426.51 4.37612180794e-282
426.52 1.52246275818e-282
426.53 5.29209542229e-283
426.54 1.83794439175e-283
426.55 6.37765145406e-284
426.56 2.21112302416e-284
426.57 7.65929409236e-285
426.58 2.65086918289e-285
426.59 9.16666921571e-286
426.6 3.16707636956e-286
426.61 1.09327451476e-286
426.62 3.77071427809e-287
426.63 1.29939663866e-287
426.64 4.47387210803e-288
426.65 1.53903715141e-288
426.66 5.28978906625e-289
426.67 1.81656657206e-289
426.68 6.23286892919e-290
426.69 2.13672377707e-290
426.7 7.31867537013e-291
426.71 2.50461107963e-291
426.72 8.56390465545e-292
426.73 2.92568161162e-292
426.74 9.98633229724e-293
426.75 3.40571793803e-293
426.76 1.16047303326e-293
426.77 3.95080087705e-294
426.78 1.34387520966e-294
426.79 4.56726758122e-295
426.8 1.55087816796e-295
426.81 5.26165805851e-296
426.82 1.78357457218e-296
426.83 6.04064948088e-297
426.84 2.0440885801e-297
426.85 6.91097784259e-298
426.86 2.33454904264e-298
426.87 7.87934679169e-299
426.88 2.65705865454e-299
426.89 8.95232376431e-300
426.9 3.01365915074e-300
426.91 1.01362238987e-300
426.92 3.40629275869e-301
426.93 1.14369825895e-301
426.94 3.83676024263e-302
426.95 1.28600179534e-302
426.96 4.30667600962e-303
426.97 1.44100849087e-303
426.98 4.81742088433e-304
426.99 1.6091123007e-304
427.0 5.37009329762e-305
427.01 1.79061005847e-305
427.02 5.96545976645e-306
427.03 1.9856858212e-306
427.04 6.60390566708e-307
427.05 2.19439547855e-307
427.06 7.28538741206e-308
427.07 2.41665199258e-308
427.08 8.00938723098e-309
427.09 2.65221165891e-309
427.1 8.77487181924e-310
427.11 2.90066179561e-310
427.12 9.58025615313e-311
427.13 3.1614102718e-311
427.14 1.04233737701e-311
427.15 3.43367728253e-312
427.16 1.13014547755e-312
427.17 3.71648975804e-313
427.18 1.22111127599e-313
427.19 4.0086787649e-314
427.2 1.31483416934e-314
427.21 4.30888021131e-315
427.22 1.41085237113e-315
427.23 4.61553912931e-316
427.24 1.50864486442e-316
427.25 4.92691748093e-317
427.26 1.60763427622e-317
427.27 5.24110765896e-318
427.28 1.70719443264e-318
427.29 5.55606462687e-319
427.3 1.80664984715e-319
427.31 5.86949987259e-320
427.32 1.90511713036e-320
427.33 6.18076122947e-321
427.34 2.00096586566e-321
427.35 6.47225996052e-322
427.36 2.07507571253e-322
427.37 6.91691904178e-323
427.38 1.97626258336e-323
427.39 4.94065645841e-324
427.4 0.0
427.41 0.0
427.42 0.0
427.43 0.0
427.44 0.0
427.45 0.0
427.46 0.0
427.47 0.0
427.48 0.0
427.49 0.0
427.5 0.0
427.51 0.0
427.52 0.0
427.53 0.0
427.54 0.0
427.55 0.0
427.56 0.0
427.57 0.0
427.58 0.0
427.59 0.0
427.6 0.0
427.61 0.0
427.62 0.0
427.63 0.0
427.64 0.0
427.65 0.0
427.66 0.0
427.67 0.0
427.68 0.0
427.69 0.0
427.7 0.0
427.71 0.0
427.72 0.0
427.73 0.0
427.74 0.0
427.75 0.0
427.76 0.0
427.77 0.0
427.78 0.0
427.79 0.0
427.8 0.0
427.81 0.0
427.82 0.0
427.83 0.0
427.84 0.0
427.85 0.0
427.86 0.0
427.87 0.0
427.88 0.0
427.89 0.0
427.9 0.0
427.91 0.0
427.92 0.0
427.93 0.0
427.94 0.0
427.95 0.0
427.96 0.0
427.97 0.0
427.98 0.0
427.99 0.0
428.0 0.0
428.01 0.0
428.02 0.0
428.03 0.0
428.04 0.0
428.05 0.0
428.06 0.0
428.07 0.0
428.08 0.0
428.09 0.0
428.1 0.0
428.11 0.0
428.12 0.0
428.13 0.0
428.14 0.0
428.15 0.0
428.16 0.0
428.17 0.0
428.18 0.0
428.19 0.0
428.2 0.0
428.21 0.0
428.22 0.0
428.23 0.0
428.24 0.0
428.25 0.0
428.26 0.0
428.27 0.0
428.28 0.0
428.29 0.0
428.3 0.0
428.31 0.0
428.32 0.0
428.33 0.0
428.34 0.0
428.35 0.0
428.36 0.0
428.37 0.0
428.38 0.0
428.39 0.0
428.4 0.0
428.41 0.0
428.42 0.0
428.43 0.0
428.44 0.0
428.45 0.0
428.46 0.0
428.47 0.0
428.48 0.0
428.49 0.0
428.5 0.0
428.51 0.0
428.52 0.0
428.53 0.0
428.54 0.0
428.55 0.0
428.56 0.0
428.57 0.0
428.58 0.0
428.59 0.0
428.6 0.0
428.61 0.0
428.62 0.0
428.63 0.0
428.64 0.0
428.65 0.0
428.66 0.0
428.67 0.0
428.68 0.0
428.69 0.0
428.7 0.0
428.71 0.0
428.72 0.0
428.73 0.0
428.74 0.0
428.75 0.0
428.76 0.0
428.77 0.0
428.78 0.0
428.79 0.0
428.8 0.0
428.81 0.0
428.82 0.0
428.83 0.0
428.84 0.0
428.85 0.0
428.86 0.0
428.87 0.0
428.88 0.0
428.89 0.0
428.9 0.0
428.91 0.0
428.92 0.0
428.93 0.0
428.94 0.0
428.95 0.0
428.96 0.0
428.97 0.0
428.98 0.0
428.99 0.0
429.0 0.0
429.01 0.0
429.02 0.0
429.03 0.0
429.04 0.0
429.05 0.0
429.06 0.0
429.07 0.0
429.08 0.0
429.09 0.0
429.1 0.0
429.11 0.0
429.12 0.0
429.13 0.0
429.14 0.0
429.15 0.0
429.16 0.0
429.17 0.0
429.18 0.0
429.19 0.0
429.2 0.0
429.21 0.0
429.22 0.0
429.23 0.0
429.24 0.0
429.25 0.0
429.26 0.0
429.27 0.0
429.28 0.0
429.29 0.0
429.3 0.0
429.31 0.0
429.32 0.0
429.33 0.0
429.34 0.0
429.35 0.0
429.36 0.0
429.37 0.0
429.38 0.0
429.39 0.0
429.4 0.0
429.41 0.0
429.42 0.0
429.43 0.0
429.44 0.0
429.45 0.0
429.46 0.0
429.47 0.0
429.48 0.0
429.49 0.0
429.5 0.0
429.51 0.0
429.52 0.0
429.53 0.0
429.54 0.0
429.55 0.0
429.56 0.0
429.57 0.0
429.58 0.0
429.59 0.0
429.6 0.0
429.61 0.0
429.62 0.0
429.63 0.0
429.64 0.0
429.65 0.0
429.66 0.0
429.67 0.0
429.68 0.0
429.69 0.0
429.7 0.0
429.71 0.0
429.72 0.0
429.73 0.0
429.74 0.0
429.75 0.0
429.76 0.0
429.77 0.0
429.78 0.0
429.79 0.0
429.8 0.0
429.81 0.0
429.82 0.0
429.83 0.0
429.84 0.0
429.85 0.0
429.86 0.0
429.87 0.0
429.88 0.0
429.89 0.0
429.9 0.0
429.91 0.0
429.92 0.0
429.93 0.0
429.94 0.0
429.95 0.0
429.96 0.0
429.97 0.0
429.98 0.0
429.99 0.0
