400.0 7.87329967372e-68
400.01 1.30936887846e-67
400.02 2.17565965884e-67
400.03 3.61196569147e-67
400.04 5.99128510046e-67
400.05 9.92933283698e-67
400.06 1.64415918749e-66
400.07 2.7201407151e-66
400.08 4.49637568814e-66
400.09 7.42604408879e-66
400.1 1.22539518141e-65
400.11 2.02031238256e-65
400.12 3.32800979296e-65
400.13 5.47739899777e-65
400.14 9.00715990588e-65
400.15 1.47987515946e-64
400.16 2.42932713022e-64
400.17 3.98447065584e-64
400.18 6.52948573948e-64
400.19 1.06908204362e-63
400.2 1.74890735885e-63
400.21 2.85855325528e-63
400.22 4.66820030413e-63
400.23 7.61686731072e-63
400.24 1.24172953197e-62
400.25 2.02255966723e-62
400.26 3.29154189749e-62
400.27 5.35206211377e-62
400.28 8.69494051178e-62
400.29 1.41135347711e-61
400.3 2.28890987364e-61
400.31 3.70890150411e-61
400.32 6.00462126734e-61
400.33 9.71291644279e-61
400.34 1.56977496167e-60
400.35 2.53483009822e-60
400.36 4.08963006884e-60
400.37 6.59239024155e-60
400.38 1.06175790456e-59
400.39 1.70856619946e-59
400.4 2.74702005806e-59
400.41 4.41281339836e-59
400.42 7.08260478022e-59
400.43 1.13577986633e-58
400.44 1.81978062102e-58
400.45 2.91318200414e-58
400.46 4.65950641073e-58
400.47 7.44622099124e-58
400.48 1.18892823607e-57
400.49 1.89670187679e-57
400.5 3.02319540669e-57
400.51 4.81456524758e-57
400.52 7.66075629686e-57
400.53 1.21789522987e-56
400.54 1.93451421195e-56
400.55 3.0701361281e-56
400.56 4.86818475981e-56
400.57 7.71258893704e-56
400.58 1.2208351651e-55
400.59 1.93080132395e-55
400.6 3.05099754457e-55
400.61 4.81692451698e-55
400.62 7.59838921836e-55
400.63 1.19755906824e-54
400.64 1.88580187801e-54
400.65 2.96700922489e-54
400.66 4.66407410222e-54
400.67 7.32547346482e-54
400.68 1.14955477505e-53
400.69 1.80238412056e-53
400.7 2.82350621305e-53
400.71 4.41930377762e-53
400.72 6.91102836917e-53
400.73 1.07982955127e-52
400.74 1.68574334455e-52
400.75 2.62936823197e-52
400.76 4.09765208784e-52
400.77 6.3803200522e-52
400.78 9.92598374841e-52
400.79 1.54286656467e-51
400.8 2.39611075156e-51
400.81 3.71799773332e-51
400.82 5.76414724026e-51
400.83 8.92862789233e-51
400.84 1.38184106295e-50
400.85 2.13675720429e-50
400.86 3.30123143746e-50
400.87 5.09589510782e-50
400.88 7.85938747435e-50
400.89 1.21110175432e-49
400.9 1.86464550492e-49
400.91 2.86837306985e-49
400.92 4.40857980377e-49
400.93 6.76995044339e-49
400.94 1.03871399957e-48
400.95 1.59231942384e-48
400.96 2.43886697688e-48
400.97 3.73224157296e-48
400.98 5.70656924535e-48
400.99 8.71774475787e-48
401.0 1.33062880231e-47
401.01 2.02923994502e-47
401.02 3.09195808622e-47
401.03 4.70714423474e-47
401.04 7.15986982582e-47
401.05 1.08811916445e-46
401.06 1.6522338093e-46
401.07 2.50663017091e-46
401.08 3.79955497986e-46
401.09 5.75438501189e-46
401.1 8.70740633673e-46
401.11 1.31644409115e-45
401.12 1.98856476508e-45
401.13 3.00124032435e-45
401.14 4.52569746153e-45
401.15 6.81858056699e-45
401.16 1.02642246061e-44
401.17 1.54376798388e-44
401.18 2.3198591918e-44
401.19 3.48309190061e-44
401.2 5.22506808507e-44
401.21 7.83145914927e-44
401.22 1.17278156972e-43
401.23 1.75475015897e-43
401.24 2.62323477511e-43
401.25 3.91816520869e-43
401.26 5.84725507547e-43
401.27 8.71856575991e-43
401.28 1.29885828257e-42
401.29 1.93331313326e-42
401.3 2.87518865909e-42
401.31 4.27222586298e-42
401.32 6.34257739482e-42
401.33 9.4080812294e-42
401.34 1.39431228553e-41
401.35 2.06463251283e-41
401.36 3.05456367434e-41
401.37 4.51522415906e-41
401.38 6.66857686502e-41
401.39 9.84035394019e-41
401.4 1.45081484307e-40
401.41 2.13715968559e-40
401.42 3.1454708795e-40
401.43 4.62549352142e-40
401.44 6.79601294822e-40
401.45 9.9764040681e-40
401.46 1.4632467778e-39
401.47 2.14429648948e-39
401.48 3.13961073416e-39
401.49 4.59293700042e-39
401.5 6.71318915137e-39
401.51 9.80372210381e-39
401.52 1.43046360603e-38
401.53 2.08538548373e-38
401.54 3.03752311697e-38
401.55 4.42055247182e-38
401.56 6.42772400555e-38
401.57 9.33816630106e-38
401.58 1.35546934344e-37
401.59 1.96580985451e-37
401.6 2.84850527838e-37
401.61 4.12397725912e-37
401.62 5.96539502268e-37
401.63 8.62156021493e-37
401.64 1.24496240376e-36
401.65 1.79618191667e-36
401.66 2.58921500699e-36
401.67 3.72914803492e-36
401.68 5.36629872147e-36
401.69 7.71549470954e-36
401.7 1.10834871878e-35
401.71 1.59078974212e-35
401.72 2.28124984689e-35
401.73 3.2685613122e-35
401.74 4.67911944576e-35
401.75 6.69260725771e-35
401.76 9.56423549242e-35
401.77 1.3656169361e-34
401.78 1.94818968687e-34
401.79 2.77688118768e-34
401.8 3.9546410412e-34
401.81 5.62704712781e-34
401.82 7.99977455863e-34
401.83 1.1363147829e-33
401.84 1.61266172137e-33
401.85 2.28671273748e-33
401.86 3.23969150235e-33
401.87 4.58584545913e-33
401.88 6.48573031205e-33
401.89 9.16478053098e-33
401.9 1.29392458671e-32
401.91 1.82523830171e-32
401.92 2.57249118072e-32
401.93 3.62252947597e-32
401.94 5.09675401668e-32
401.95 7.16471850855e-32
401.96 1.00630192433e-31
401.97 1.41215115835e-31
401.98 1.97996622758e-31
401.99 2.77369108709e-31
402.0 3.88223760385e-31
402.01 5.429125055e-31
402.02 7.58579830538e-31
402.03 1.05900119399e-30
402.04 1.47711844311e-30
402.05 2.05853333509e-30
402.06 2.86631687257e-30
402.07 3.98762406839e-30
402.08 5.54278368059e-30
402.09 7.69777766323e-30
402.1 1.06813589304e-29
402.11 1.48085101584e-29
402.12 2.05125635053e-29
402.13 2.83891390581e-29
402.14 3.92561964328e-29
402.15 5.42360342916e-29
402.16 7.48671580521e-29
402.17 1.03256757055e-28
402.18 1.42288344757e-28
402.19 1.95904262625e-28
402.2 2.6948969125e-28
402.21 3.70394168393e-28
402.22 5.08639210477e-28
402.23 6.97877577746e-28
402.24 9.56692492866e-28
402.25 1.31035569231e-27
402.26 1.79320419318e-27
402.27 2.45185060441e-27
402.28 3.34951537328e-27
402.29 4.57186774898e-27
402.3 6.23489372315e-27
402.31 8.49548473212e-27
402.32 1.15656750144e-26
402.33 1.57317674678e-26
402.34 2.13800031361e-26
402.35 2.903098178e-26
402.36 3.93857748885e-26
402.37 5.33876467218e-26
402.38 7.23045910511e-26
402.39 9.78396032172e-26
402.4 1.32277873304e-25
402.41 1.78683083168e-25
402.42 2.41158949706e-25
402.43 3.25197383335e-25
402.44 4.38141523071e-25
402.45 5.89800990138e-25
402.46 7.93268653999e-25
402.47 1.06600392113e-24
402.48 1.43126820386e-24
402.49 1.92002532512e-24
402.5 2.57345514701e-24
402.51 3.44627525727e-24
402.52 4.61112646356e-24
402.53 6.16435749159e-24
402.54 8.23364831907e-24
402.55 1.09880473424e-23
402.56 1.46511745744e-23
402.57 1.95185736127e-23
402.58 2.59804951107e-23
402.59 3.4551784467e-23
402.6 4.5911052946e-23
402.61 6.09519686187e-23
402.62 8.08503553879e-23
402.63 1.07151891547e-22
402.64 1.4188662659e-22
402.65 1.87718379777e-22
402.66 2.48139466066e-22
402.67 3.27724268074e-22
402.68 4.32459133208e-22
402.69 5.70171174409e-22
402.7 7.51085112271e-22
402.71 9.88545725322e-22
402.72 1.29995429665e-21
402.73 1.70798132426e-21
402.74 2.24213554648e-21
402.75 2.9407920985e-21
402.76 3.85381172903e-21
402.77 5.04592020061e-21
402.78 6.6010644705e-21
402.79 8.62802278368e-21
402.8 1.12676229222e-20
402.81 1.47020209918e-20
402.82 1.91666178965e-20
402.83 2.49653491254e-20
402.84 3.24902845696e-20
402.85 4.22467299944e-20
402.86 5.48853446246e-20
402.87 7.12431977275e-20
402.88 9.23962033088e-20
402.89 1.19726023874e-19
402.9 1.55005356454e-19
402.91 2.0050655032e-19
402.92 2.59139810311e-19
402.93 3.34628880488e-19
402.94 4.31734164302e-19
402.95 5.56535825199e-19
402.96 7.16792656471e-19
402.97 9.22396574182e-19
402.98 1.18594767434e-18
402.99 1.52348115587e-18
403.0 1.95538535522e-18
403.01 2.50756005057e-18
403.02 3.21287654968e-18
403.03 4.1130164617e-18
403.04 5.26078519361e-18
403.05 6.72302000001e-18
403.06 8.58424194713e-18
403.07 1.09512377805e-17
403.08 1.39588030695e-17
403.09 1.77769341753e-17
403.1 2.26198260518e-17
403.11 2.87571186891e-17
403.12 3.65279408956e-17
403.13 4.63584306403e-17
403.14 5.87835719295e-17
403.15 7.4474385952e-17
403.16 9.42717572835e-17
403.17 1.19228474349e-16
403.18 1.50661429345e-16
403.19 1.90216371255e-16
403.2 2.39948154491e-16
403.21 3.02420096818e-16
403.22 3.80826879987e-16
403.23 4.79146426829e-16
403.24 6.02327407832e-16
403.25 7.56520515001e-16
403.26 9.49363446856e-16
403.27 1.19033174312e-15
403.28 1.49117027173e-15
403.29 1.86642340143e-15
403.3 2.33408580653e-15
403.31 2.91640058614e-15
403.32 3.6408371045e-15
403.33 4.54128787184e-15
403.34 5.65953212363e-15
403.35 7.0470238041e-15
403.36 8.76707375513e-15
403.37 1.08975104552e-14
403.38 1.35339211231e-14
403.39 1.67935959611e-14
403.4 2.08203234411e-14
403.41 2.57902146137e-14
403.42 3.19187704062e-14
403.43 3.94694488592e-14
403.44 4.87640405556e-14
403.45 6.01952216591e-14
403.46 7.42417268154e-14
403.47 9.14866708153e-14
403.48 1.12639650877e-13
403.49 1.3856338362e-13
403.5 1.70305775689e-13
403.51 2.09138498635e-13
403.52 2.56603341656e-13
403.53 3.14567855766e-13
403.54 3.85292086179e-13
403.55 4.71508523653e-13
403.56 5.76517798885e-13
403.57 7.04303106795e-13
403.58 8.5966689137e-13
403.59 1.04839396002e-12
403.6 1.27744594493e-12
403.61 1.55519290528e-12
403.62 1.89168888982e-12
403.63 2.29899947713e-12
403.64 2.79159070959e-12
403.65 3.38679046694e-12
403.66 4.10533522379e-12
403.67 4.97201734299e-12
403.68 6.01645062155e-12
403.69 7.27397478158e-12
403.7 8.78672304765e-12
403.71 1.06048809444e-11
403.72 1.27881690636e-11
403.73 1.54075878813e-11
403.74 1.85474688518e-11
403.75 2.23078830899e-11
403.76 2.68074671016e-11
403.77 3.21867343848e-11
403.78 3.86119524768e-11
403.79 4.62796773396e-11
403.8 5.54220510853e-11
403.81 6.63129851738e-11
403.82 7.92753696329e-11
403.83 9.46894698669e-11
403.84 1.13002696546e-10
403.85 1.34740961301e-10
403.86 1.60521861875e-10
403.87 1.91069975482e-10
403.88 2.27234578901e-10
403.89 2.70010158823e-10
403.9 3.20560126841e-10
403.91 3.80244210871e-10
403.92 4.5065005948e-10
403.93 5.33629668404e-10
403.94 6.31341320372e-10
403.95 7.46297821179e-10
403.96 8.81421917892e-10
403.97 1.04010990023e-09
403.98 1.22630451492e-09
403.99 1.44457846631e-09
404.0 1.70022993685e-09
404.01 1.9993917386e-09
404.02 2.34915590518e-09
404.03 2.75771575239e-09
404.04 3.23452767904e-09
404.05 3.7904952475e-09
404.06 4.43817838035e-09
404.07 5.19203083551e-09
404.08 6.06866948193e-09
404.09 7.08717929204e-09
404.1 8.26945839999e-09
404.11 9.64060804778e-09
404.12 1.12293727587e-08
404.13 1.30686366413e-08
404.14 1.51959823398e-08
404.15 1.76543198161e-08
404.16 2.04925928673e-08
404.17 2.37665720675e-08
404.18 2.75397436656e-08
404.19 3.18843048806e-08
404.2 3.68822770118e-08
404.21 4.26267488324e-08
404.22 4.92232638547e-08
404.23 5.67913662523e-08
404.24 6.54663215011e-08
404.25 7.54010291522e-08
404.26 8.67681465845e-08
404.27 9.97624440962e-08
404.28 1.14603413289e-07
404.29 1.31538152368e-07
404.3 1.50844553724e-07
404.31 1.72834821e-07
404.32 1.97859344701e-07
404.33 2.26310967401e-07
404.34 2.58629671564e-07
404.35 2.95307725084e-07
404.36 3.36895321734e-07
404.37 3.84006755814e-07
404.38 4.37327172436e-07
404.39 4.97619937013e-07
404.4 5.65734669584e-07
404.41 6.42615991719e-07
404.42 7.29313035672e-07
404.43 8.26989767408e-07
404.44 9.36936176857e-07
404.45 1.06058039039e-06
404.46 1.19950176196e-06
404.47 1.35544500048e-06
404.48 1.53033539214e-06
404.49 1.7262951767e-06
404.5 1.94566113748e-06
404.51 2.19100346417e-06
404.52 2.46514594757e-06
404.53 2.77118756371e-06
404.54 3.1125255037e-06
404.55 3.49287970298e-06
404.56 3.91631892104e-06
404.57 4.38728841873e-06
404.58 4.91063927606e-06
404.59 5.49165938788e-06
404.6 6.13610616865e-06
404.61 6.85024099037e-06
404.62 7.6408653693e-06
404.63 8.51535890783e-06
404.64 9.48171898751e-06
404.65 1.05486021972e-05
404.66 1.1725367468e-05
404.67 1.3022120871e-05
404.68 1.44497620213e-05
404.69 1.6020032011e-05
404.7 1.7745562779e-05
404.71 1.96399278049e-05
404.72 2.17176939924e-05
404.73 2.39944745884e-05
404.74 2.64869829564e-05
404.75 2.92130870039e-05
404.76 3.21918640322e-05
404.77 3.54436557546e-05
404.78 3.89901232005e-05
404.79 4.28543011921e-05
404.8 4.70606520572e-05
404.81 5.16351182044e-05
404.82 5.66051731664e-05
404.83 6.19998706794e-05
404.84 6.78498913426e-05
404.85 7.41875863712e-05
404.86 8.10470179271e-05
404.87 8.84639954863e-05
404.88 9.64761076747e-05
404.89 0.000105122748982
404.9 0.000114445140736
404.91 0.000124486345714
404.92 0.000135291275725
404.93 0.000146906691519
404.94 0.000159381194332
404.95 0.000172765208403
404.96 0.000187110953767
404.97 0.000202472408667
404.98 0.000218905260888
404.99 0.000236466847385
405.0 0.000255216081557
405.01 0.000275213367556
405.02 0.000296520501056
405.03 0.000319200555955
405.04 0.000343317756498
405.05 0.000368937334406
405.06 0.000396125370614
405.07 0.00042494862133
405.08 0.000455474328156
405.09 0.000487770012147
405.1 0.000521903251723
405.11 0.000557941444494
405.12 0.00059595155311
405.13 0.000635999835416
405.14 0.000678151559246
405.15 0.000722470702373
405.16 0.000769019638204
405.17 0.000817858807973
405.18 0.000869046380306
405.19 0.000922637899177
405.2 0.00097868592139
405.21 0.00103723964488
405.22 0.00109834452929
405.23 0.00116204191028
405.24 0.00122836860945
405.25 0.00129735654146
405.26 0.00136903232052
405.27 0.00144341686816
405.28 0.00152052502449
405.29 0.00160036516525
405.3 0.00168293882702
405.31 0.00176824034294
405.32 0.00185625649153
405.33 0.0019469661611
405.34 0.0020403400324
405.35 0.00213634028207
405.36 0.00223492030941
405.37 0.00233602448925
405.38 0.00243958795328
405.39 0.00254553640239
405.4 0.00265378595252
405.41 0.00276424301614
405.42 0.00287680422176
405.43 0.00299135637343
405.44 0.00310777645207
405.45 0.00322593166048
405.46 0.00334567951347
405.47 0.00346686797447
405.48 0.00358933563958
405.49 0.00371291197007
405.5 0.00383741757372
405.51 0.0039626645354
405.52 0.00408845679676
405.53 0.00421459058496
405.54 0.00434085488954
405.55 0.00446703198673
405.56 0.0045928980099
405.57 0.00471822356463
405.58 0.00484277438649
405.59 0.00496631203946
405.6 0.00508859465249
405.61 0.00520937769145
405.62 0.00532841476348
405.63 0.00544545845042
405.64 0.0055602611679
405.65 0.0056725760462
405.66 0.00578215782905
405.67 0.00588876378623
405.68 0.00599215463567
405.69 0.00609209547069
405.7 0.00618835668794
405.71 0.00628071491139
405.72 0.00636895390795
405.73 0.00645286549006
405.74 0.00653225040077
405.75 0.00660691917688
405.76 0.00667669298577
405.77 0.00674140443176
405.78 0.00680089832795
405.79 0.00685503242974
405.8 0.00690367812648
405.81 0.0069467210878
405.82 0.00698406186185
405.83 0.00701561642246
405.84 0.00704131666304
405.85 0.00706111083518
405.86 0.00707496393019
405.87 0.00708285800255
405.88 0.00708479243424
405.89 0.00708078413955
405.9 0.00707086771051
405.91 0.00705509550297
405.92 0.00703353766454
405.93 0.00700628210523
405.94 0.0069734344126
405.95 0.00693511771321
405.96 0.00689147248284
405.97 0.00684265630799
405.98 0.00678884360167
405.99 0.00673022527678
406.0 0.0066670083805
406.01 0.00659941569341
406.02 0.00652768529733
406.03 0.00645207011587
406.04 0.00637283743185
406.05 0.00629026838589
406.06 0.00620465746037
406.07 0.00611631195306
406.08 0.00602555144463
406.09 0.00593270726413
406.1 0.00583812195636
406.11 0.00574214875504
406.12 0.00564515106525
406.13 0.00554750195841
406.14 0.00544958368302
406.15 0.0053517871936
406.16 0.00525451170033
406.17 0.00515816424126
406.18 0.00506315927862
406.19 0.00496991832038
406.2 0.00487886956754
406.21 0.00479044758751
406.22 0.00470509301309
406.23 0.00462325226631
406.24 0.00454537730591
406.25 0.00447192539646
406.26 0.00440335889711
406.27 0.00434014506708
406.28 0.00428275588467
406.29 0.00423166787636
406.3 0.00418736195178
406.31 0.00415032324031
406.32 0.00412104092443
406.33 0.00410000806496
406.34 0.00408772141275
406.35 0.0040846812014
406.36 0.00409139091534
406.37 0.00410835702746
406.38 0.00413608870058
406.39 0.00417509744677
406.4 0.00422589673898
406.41 0.00428900156921
406.42 0.00436492794794
406.43 0.00445419233948
406.44 0.00455731102864
406.45 0.00467479941407
406.46 0.00480717122437
406.47 0.00495493765347
406.48 0.00511860641235
406.49 0.0052986806948
406.5 0.00549565805567
406.51 0.00571002920062
406.52 0.00594227668735
406.53 0.006192873539
406.54 0.00646228177126
406.55 0.00675095083561
406.56 0.0070593159821
406.57 0.00738779654575
406.58 0.00773679416197
406.59 0.00810669091688
406.6 0.00849784743961
406.61 0.00891060094454
406.62 0.00934526323211
406.63 0.00980211865789
406.64 0.0102814220803
406.65 0.0107833967982
406.66 0.0113082324897
406.67 0.0118560831655
406.68 0.0124270651486
406.69 0.0130212550951
406.7 0.0136386880686
406.71 0.0142793556828
406.72 0.0149432043267
406.73 0.0156301334864
406.74 0.0163399941777
406.75 0.0170725875029
406.76 0.0178276633472
406.77 0.0186049192254
406.78 0.019403999294
406.79 0.0202244935393
406.8 0.0210659371532
406.81 0.0219278101072
406.82 0.0228095369331
406.83 0.0237104867198
406.84 0.0246299733321
406.85 0.0255672558578
406.86 0.026521539287
406.87 0.0274919754262
406.88 0.0284776640488
406.89 0.0294776542817
406.9 0.030490946225
406.91 0.0315164928026
406.92 0.0325532018373
406.93 0.0335999383439
406.94 0.0346555270314
406.95 0.0357187550042
406.96 0.0367883746512
406.97 0.0378631067084
406.98 0.038941643481
406.99 0.0400226522097
407.0 0.0411047785624
407.01 0.0421866502356
407.02 0.0432668806436
407.03 0.044344072678
407.04 0.0454168225156
407.05 0.0464837234546
407.06 0.0475433697565
407.07 0.0485943604747
407.08 0.0496353032454
407.09 0.0506648180229
407.1 0.0516815407366
407.11 0.0526841268497
407.12 0.0536712548023
407.13 0.0546416293184
407.14 0.0555939845608
407.15 0.056527087118
407.16 0.0574397388084
407.17 0.0583307792886
407.18 0.059199088456
407.19 0.0600435886333
407.2 0.060863246531
407.21 0.0616570749783
407.22 0.0624241344215
407.23 0.0631635341863
407.24 0.0638744335049
407.25 0.0645560423095
407.26 0.0652076217962
407.27 0.0658284847655
407.28 0.0664179957457
407.29 0.0669755709112
407.3 0.0675006778026
407.31 0.067992834865
407.32 0.0684516108149
407.33 0.0688766238522
407.34 0.069267540733
407.35 0.0696240757189
407.36 0.0699459894207
407.37 0.0702330875538
407.38 0.0704852196241
407.39 0.0707022775603
407.4 0.0708841943131
407.41 0.0710309424361
407.42 0.0711425326674
407.43 0.0712190125271
407.44 0.0712604649455
407.45 0.0712670069387
407.46 0.071238788341
407.47 0.0711759906098
407.48 0.0710788257107
407.49 0.070947535093
407.5 0.070782388762
407.51 0.0705836844553
407.52 0.0703517469251
407.53 0.07008692733
407.54 0.0697896027367
407.55 0.0694601757301
407.56 0.0690990741287
407.57 0.0687067508024
407.58 0.0682836835849
407.59 0.0678303752743
407.6 0.0673473537133
407.61 0.0668351719396
407.62 0.0662944083945
407.63 0.0657256671786
407.64 0.0651295783429
407.65 0.064506798201
407.66 0.0638580096497
407.67 0.0631839224841
407.68 0.0624852736936
407.69 0.0617628277255
407.7 0.0610173767021
407.71 0.0602497405796
407.72 0.0594607672353
407.73 0.058651332473
407.74 0.0578223399342
407.75 0.0569747209081
407.76 0.0561094340288
407.77 0.0552274648554
407.78 0.0543298253269
407.79 0.0534175530888
407.8 0.0524917106866
407.81 0.0515533846261
407.82 0.0506036842996
407.83 0.0496437407777
407.84 0.0486747054718
407.85 0.0476977486691
407.86 0.0467140579455
407.87 0.0457248364639
407.88 0.0447313011647
407.89 0.0437346808564
407.9 0.0427362142176
407.91 0.041737147719
407.92 0.0407387334775
407.93 0.0397422270537
407.94 0.0387488852047
407.95 0.0377599636047
407.96 0.0367767145459
407.97 0.0358003846323
407.98 0.0348322124778
407.99 0.0338734264216
408.0 0.032925242273
408.01 0.0319888610942
408.02 0.0310654670349
408.03 0.030156225226
408.04 0.0292622797413
408.05 0.0283847516372
408.06 0.027524737074
408.07 0.0266833055282
408.08 0.0258614980973
408.09 0.025060325903
408.1 0.0242807685943
408.11 0.0235237729511
408.12 0.0227902515907
408.13 0.022081081773
408.14 0.0213971043061
408.15 0.0207391225457
408.16 0.0201079014876
408.17 0.0195041669455
408.18 0.018928604811
408.19 0.0183818603883
408.2 0.0178645377969
408.21 0.0173771994351
408.22 0.0169203654973
408.23 0.0164945135356
408.24 0.0161000780607
408.25 0.0157374501705
408.26 0.0154069772024
408.27 0.0151089623995
408.28 0.0148436645837
408.29 0.0146112978316
408.3 0.014412031144
408.31 0.0142459881067
408.32 0.0141132465368
408.33 0.0140138381114
408.34 0.0139477479774
408.35 0.013914914339
408.36 0.0139152280251
408.37 0.0139485320357
408.38 0.0140146210704
408.39 0.0141132410422
408.4 0.0142440885804
408.41 0.0144068105297
408.42 0.0146010034502
408.43 0.0148262131283
408.44 0.0150819341057
408.45 0.0153676092375
408.46 0.015682629289
408.47 0.0160263325837
408.48 0.016398004714
408.49 0.0167968783273
408.5 0.0172221330009
408.51 0.0176728952182
408.52 0.0181482384609
408.53 0.0186471834298
408.54 0.0191686984073
408.55 0.0197116997759
408.56 0.0202750527028
408.57 0.0208575720054
408.58 0.0214580232065
408.59 0.02207512379
408.6 0.0227075446669
408.61 0.0233539118583
408.62 0.0240128084029
408.63 0.0246827764934
408.64 0.0253623198457
408.65 0.0260499063025
408.66 0.0267439706715
408.67 0.0274429177965
408.68 0.0281451258578
408.69 0.0288489498961
408.7 0.0295527255533
408.71 0.03025477302
408.72 0.0309534011789
408.73 0.0316469119309
408.74 0.0323336046889
408.75 0.0330117810233
408.76 0.0336797494391
408.77 0.0343358302673
408.78 0.0349783606461
408.79 0.0356056995724
408.8 0.0362162329974
408.81 0.036808378942
408.82 0.0373805926073
408.83 0.0379313714525
408.84 0.0384592602139
408.85 0.0389628558382
408.86 0.0394408123026
408.87 0.0398918452941
408.88 0.0403147367228
408.89 0.0407083390414
408.9 0.0410715793466
408.91 0.0414034632372
408.92 0.0417030784065
408.93 0.0419695979463
408.94 0.0422022833418
408.95 0.0424004871401
408.96 0.042563655273
408.97 0.0426913290219
408.98 0.0427831466092
408.99 0.0428388444075
409.0 0.0428582577572
409.01 0.0428413213871
409.02 0.0427880694332
409.03 0.0426986350557
409.04 0.0425732496556
409.05 0.0424122416928
409.06 0.0422160351141
409.07 0.0419851473978
409.08 0.0417201872269
409.09 0.0414218518029
409.1 0.0410909238163
409.11 0.0407282680897
409.12 0.0403348279142
409.13 0.0399116210977
409.14 0.0394597357491
409.15 0.0389803258208
409.16 0.0384746064355
409.17 0.0379438490218
409.18 0.037389376286
409.19 0.0368125570477
409.2 0.0362148009663
409.21 0.0355975531858
409.22 0.0349622889273
409.23 0.034310508056
409.24 0.0336437296491
409.25 0.0329634865938
409.26 0.0322713202394
409.27 0.031568775129
409.28 0.0308573938357
409.29 0.0301387119259
409.3 0.0294142530701
409.31 0.0286855243229
409.32 0.0279540115899
409.33 0.027221175298
409.34 0.0264884462856
409.35 0.0257572219236
409.36 0.0250288624819
409.37 0.0243046877482
409.38 0.023585973909
409.39 0.0228739506969
409.4 0.0221697988105
409.41 0.0214746476075
409.42 0.0207895730721
409.43 0.0201155960564
409.44 0.0194536807919
409.45 0.0188047336682
409.46 0.0181696022718
409.47 0.0175490746802
409.48 0.0169438790006
409.49 0.0163546831462
409.5 0.015782094839
409.51 0.0152266618275
409.52 0.014688872309
409.53 0.0141691555425
409.54 0.0136678826411
409.55 0.013185367529
409.56 0.0127218680511
409.57 0.0122775872214
409.58 0.0118526745958
409.59 0.0114472277579
409.6 0.0110612939023
409.61 0.0106948715047
409.62 0.0103479120655
409.63 0.0100203219138
409.64 0.00971196406348
409.65 0.00942266010725
409.66 0.00915219214048
409.67 0.00890030470503
409.68 0.00866670674406
409.69 0.00845107356009
409.7 0.00825304876909
409.71 0.00807224624413
409.72 0.00790825204288
409.73 0.00776062631414
409.74 0.00762890517904
409.75 0.00751260258355
409.76 0.00741121211929
409.77 0.00732420881059
409.78 0.00725105086599
409.79 0.0071911813932
409.8 0.0071440300768
409.81 0.00710901481851
409.82 0.00708554334012
409.83 0.00707301474972
409.84 0.00707082107169
409.85 0.00707834874158
409.86 0.00709498006684
409.87 0.00712009465452
409.88 0.00715307080711
409.89 0.00719328688762
409.9 0.00724012265508
409.91 0.00729296057124
409.92 0.00735118707938
409.93 0.0074141938558
409.94 0.00748137903443
409.95 0.00755214840466
409.96 0.00762591658225
409.97 0.00770210815308
409.98 0.00778015878897
409.99 0.00785951633458
410.0 0.00793964186433
410.01 0.00802001070763
410.02 0.00810011344083
410.03 0.00817945684376
410.04 0.0082575648186
410.05 0.00833397926878
410.06 0.00840826093515
410.07 0.00847999018665
410.08 0.00854876776276
410.09 0.00861421546464
410.1 0.00867597679207
410.11 0.00873371752324
410.12 0.00878712623435
410.13 0.00883591475644
410.14 0.00887981856644
410.15 0.00891859711018
410.16 0.00895203405487
410.17 0.00897993746907
410.18 0.00900213992824
410.19 0.00901849854449
410.2 0.00902889491924
410.21 0.00903323501814
410.22 0.00903144896769
410.23 0.0090234907737
410.24 0.00900933796182
410.25 0.00898899114122
410.26 0.0089624734924
410.27 0.00892983018109
410.28 0.00889112770033
410.29 0.00884645314311
410.3 0.00879591340886
410.31 0.00873963434697
410.32 0.00867775984114
410.33 0.00861045083879
410.34 0.00853788432993
410.35 0.00846025228025
410.36 0.00837776052351
410.37 0.00829062761859
410.38 0.00819908367653
410.39 0.00810336916343
410.4 0.00800373368482
410.41 0.00790043475745
410.42 0.0077937365745
410.43 0.00768390876997
410.44 0.00757122518826
410.45 0.0074559626647
410.46 0.0073383998228
410.47 0.00721881589355
410.48 0.00709748956238
410.49 0.0069746978487
410.5 0.00685071502298
410.51 0.00672581156584
410.52 0.00660025317347
410.53 0.00647429981336
410.54 0.0063482048336
410.55 0.00622221412931
410.56 0.00609656536865
410.57 0.00597148728089
410.58 0.00584719900855
410.59 0.00572390952501
410.6 0.00560181711883
410.61 0.00548110894538
410.62 0.0053619606461
410.63 0.00524453603531
410.64 0.00512898685404
410.65 0.00501545258987
410.66 0.00490406036182
410.67 0.00479492486844
410.68 0.00468814839728
410.69 0.00458382089363
410.7 0.00448202008594
410.71 0.00438281166529
410.72 0.00428624951588
410.73 0.00419237599357
410.74 0.00410122224904
410.75 0.00401280859214
410.76 0.00392714489412
410.77 0.0038442310238
410.78 0.00376405731433
410.79 0.00368660505663
410.8 0.00361184701603
410.81 0.00353974796826
410.82 0.00347026525132
410.83 0.00340334932965
410.84 0.0033389443672
410.85 0.00327698880591
410.86 0.00321741594669
410.87 0.00316015452948
410.88 0.00310512930975
410.89 0.00305226162861
410.9 0.00300146997384
410.91 0.00295267052968
410.92 0.00290577771292
410.93 0.00286070469349
410.94 0.00281736389761
410.95 0.0027756674918
410.96 0.00273552784656
410.97 0.00269685797817
410.98 0.00265957196775
410.99 0.00262358535654
411.0 0.00258881551682
411.01 0.0025551819978
411.02 0.00252260684614
411.03 0.00249101490079
411.04 0.00246033406211
411.05 0.00243049553523
411.06 0.00240143404777
411.07 0.00237308804217
411.08 0.00234539984304
411.09 0.00231831579978
411.1 0.00229178640517
411.11 0.00226576639032
411.12 0.00224021479678
411.13 0.00221509502632
411.14 0.00219037486924
411.15 0.00216602651187
411.16 0.00214202652414
411.17 0.00211835582793
411.18 0.0020949996471
411.19 0.00207194744001
411.2 0.00204919281534
411.21 0.00202673343221
411.22 0.00200457088521
411.23 0.00198271057545
411.24 0.00196116156831
411.25 0.00193993643878
411.26 0.00191905110537
411.27 0.00189852465321
411.28 0.0018783791474
411.29 0.00185863943731
411.3 0.00183933295285
411.31 0.00182048949331
411.32 0.00180214100991
411.33 0.00178432138266
411.34 0.00176706619268
411.35 0.00175041249054
411.36 0.00173439856177
411.37 0.00171906369033
411.38 0.00170444792089
411.39 0.00169059182105
411.4 0.00167753624412
411.41 0.00166532209371
411.42 0.00165399009095
411.43 0.00164358054523
411.44 0.00163413312965
411.45 0.00162568666191
411.46 0.0016182788919
411.47 0.00161194629665
411.48 0.001606723884
411.49 0.0016026450056
411.5 0.00159974118044
411.51 0.00159804192982
411.52 0.00159757462451
411.53 0.00159836434528
411.54 0.00160043375731
411.55 0.00160380299964
411.56 0.00160848959008
411.57 0.00161450834652
411.58 0.00162187132524
411.59 0.00163058777657
411.6 0.00164066411875
411.61 0.00165210393004
411.62 0.00166490795953
411.63 0.00167907415695
411.64 0.00169459772136
411.65 0.00171147116884
411.66 0.00172968441911
411.67 0.00174922490059
411.68 0.0017700776738
411.69 0.00179222557239
411.7 0.00181564936128
411.71 0.00184032791099
411.72 0.00186623838754
411.73 0.00189335645649
411.74 0.00192165650034
411.75 0.00195111184776
411.76 0.00198169501327
411.77 0.00201337794596
411.78 0.00204613228544
411.79 0.00207992962341
411.8 0.00211474176888
411.81 0.00215054101525
411.82 0.00218730040714
411.83 0.00222499400492
411.84 0.00226359714486
411.85 0.00230308669272
411.86 0.00234344128854
411.87 0.00238464158063
411.88 0.00242667044626
411.89 0.00246951319728
411.9 0.00251315776827
411.91 0.00255759488521
411.92 0.00260281821287
411.93 0.00264882447879
411.94 0.00269561357227
411.95 0.00274318861656
411.96 0.00279155601293
411.97 0.0028407254551
411.98 0.00289070991296
411.99 0.00294152558457
412.0 0.00299319181572
412.01 0.00304573098641
412.02 0.00309916836391
412.03 0.00315353192247
412.04 0.00320885212961
412.05 0.00326516169951
412.06 0.00332249531421
412.07 0.00338088931334
412.08 0.00344038135387
412.09 0.00350101004094
412.1 0.00356281453183
412.11 0.00362583411473
412.12 0.0036901077647
412.13 0.00375567367915
412.14 0.00382256879548
412.15 0.00389082829383
412.16 0.00396048508791
412.17 0.00403156930722
412.18 0.00410410777398
412.19 0.00417812347845
412.2 0.0042536350561
412.21 0.00433065627055
412.22 0.00440919550605
412.23 0.00448925527331
412.24 0.00457083173266
412.25 0.00465391423828
412.26 0.00473848490748
412.27 0.00482451821866
412.28 0.00491198064169
412.29 0.00500083030419
412.3 0.00509101669715
412.31 0.00518248042306
412.32 0.00527515298952
412.33 0.00536895665117
412.34 0.00546380430229
412.35 0.00555959942243
412.36 0.00565623607696
412.37 0.00575359897397
412.38 0.00585156357906
412.39 0.00594999628857
412.4 0.00604875466204
412.41 0.00614768771397
412.42 0.00624663626448
412.43 0.00634543334852
412.44 0.00644390468235
412.45 0.00654186918597
412.46 0.00663913955969
412.47 0.00673552291269
412.48 0.00683082144084
412.49 0.00692483315106
412.5 0.00701735262881
412.51 0.00710817184512
412.52 0.00719708099938
412.53 0.0072838693935
412.54 0.00736832633313
412.55 0.00745024205131
412.56 0.00752940864949
412.57 0.00760562105098
412.58 0.00767867796173
412.59 0.00774838283297
412.6 0.00781454482042
412.61 0.00787697973478
412.62 0.00793551097791
412.63 0.00798997045954
412.64 0.00804019948904
412.65 0.0080860496373
412.66 0.00812738356342
412.67 0.00816407580159
412.68 0.00819601350338
412.69 0.00822309713111
412.7 0.00824524109804
412.71 0.00826237435171
412.72 0.00827444089678
412.73 0.0082814002542
412.74 0.00828322785396
412.75 0.0082799153589
412.76 0.00827147091762
412.77 0.00825791934477
412.78 0.00823930222755
412.79 0.0082156779576
412.8 0.00818712168788
412.81 0.00815372521463
412.82 0.00811559678481
412.83 0.00807286082989
412.84 0.00802565762734
412.85 0.00797414289141
412.86 0.00791848729518
412.87 0.00785887592648
412.88 0.00779550768017
412.89 0.00772859459001
412.9 0.00765836110337
412.91 0.00758504330247
412.92 0.00750888807594
412.93 0.00743015224482
412.94 0.00734910164727
412.95 0.00726601018641
412.96 0.00718115884581
412.97 0.00709483467732
412.98 0.00700732976596
412.99 0.00691894017669
413.0 0.00682996488765
413.01 0.00674070471493
413.02 0.00665146123333
413.03 0.00656253569792
413.04 0.0064742279709
413.05 0.00638683545826
413.06 0.00630065206051
413.07 0.00621596714169
413.08 0.00613306452059
413.09 0.0060522214881
413.1 0.0059737078541
413.11 0.00589778502754
413.12 0.00582470513264
413.13 0.00575471016426
413.14 0.0056880311852
413.15 0.00562488756771
413.16 0.0055654862817
413.17 0.00551002123134
413.18 0.00545867264204
413.19 0.00541160649913
413.2 0.00536897403968
413.21 0.00533091129833
413.22 0.00529753870813
413.23 0.00526896075682
413.24 0.00524526569914
413.25 0.00522652532527
413.26 0.00521279478544
413.27 0.00520411247056
413.28 0.00520049994862
413.29 0.00520196195632
413.3 0.00520848644528
413.31 0.00522004468225
413.32 0.00523659140216
413.33 0.00525806501333
413.34 0.00528438785345
413.35 0.00531546649533
413.36 0.00535119210096
413.37 0.00539144082259
413.38 0.00543607424932
413.39 0.00548493989758
413.4 0.005537871744
413.41 0.0055946907988
413.42 0.00565520571808
413.43 0.00571921345302
413.44 0.00578649993423
413.45 0.00585684078912
413.46 0.00593000209035
413.47 0.0060057411332
413.48 0.00608380723966
413.49 0.00616394258709
413.5 0.00624588305893
413.51 0.0063293591153
413.52 0.00641409668086
413.53 0.00649981804744
413.54 0.00658624278884
413.55 0.00667308868517
413.56 0.00676007265379
413.57 0.00684691168436
413.58 0.00693332377473
413.59 0.00701902886503
413.6 0.00710374976683
413.61 0.0071872130843
413.62 0.00726915012433
413.63 0.00734929779242
413.64 0.00742739947127
413.65 0.00750320587879
413.66 0.00757647590238
413.67 0.00764697740641
413.68 0.00771448800956
413.69 0.00777879582908
413.7 0.00783970018881
413.71 0.007897012288
413.72 0.00795055582799
413.73 0.008000167594
413.74 0.00804569798927
413.75 0.00808701151903
413.76 0.00812398722192
413.77 0.00815651904664
413.78 0.00818451617176
413.79 0.00820790326689
413.8 0.00822662069368
413.81 0.00824062464515
413.82 0.00824988722246
413.83 0.00825439644808
413.84 0.008254156215
413.85 0.00824918617158
413.86 0.00823952154229
413.87 0.00822521288449
413.88 0.00820632578208
413.89 0.008182940477
413.9 0.0081551514399
413.91 0.00812306688163
413.92 0.00808680820754
413.93 0.00804650941684
413.94 0.00800231644969
413.95 0.0079543864848
413.96 0.00790288719092
413.97 0.00784799593535
413.98 0.00778989895355
413.99 0.00772879048353
414.0 0.00766487186931
414.01 0.00759835063774
414.02 0.00752943955329
414.03 0.00745835565546
414.04 0.00738531928355
414.05 0.0073105530938
414.06 0.00723428107377
414.07 0.00715672755897
414.08 0.0070781162567
414.09 0.00699866928224
414.1 0.00691860621199
414.11 0.00683814315866
414.12 0.0067574918731
414.13 0.00667685887728
414.14 0.00659644463291
414.15 0.00651644274967
414.16 0.00643703923729
414.17 0.00635841180482
414.18 0.00628072921071
414.19 0.00620415066677
414.2 0.00612882529863
414.21 0.00605489166529
414.22 0.00598247733978
414.23 0.00591169855258
414.24 0.00584265989918
414.25 0.00577545411265
414.26 0.00571016190186
414.27 0.00564685185532
414.28 0.00558558041063
414.29 0.00552639188862
414.3 0.00546931859132
414.31 0.00541438096232
414.32 0.0053615878077
414.33 0.00531093657539
414.34 0.00526241369053
414.35 0.00521599494395
414.36 0.00517164593081
414.37 0.00512932253583
414.38 0.00508897146168
414.39 0.00505053079652
414.4 0.00501393061673
414.41 0.00497909362053
414.42 0.00494593578816
414.43 0.0049143670642
414.44 0.00488429205725
414.45 0.00485561075268
414.46 0.00482821923352
414.47 0.0048020104051
414.48 0.00477687471874
414.49 0.00475270089011
414.5 0.00472937660773
414.51 0.00470678922758
414.52 0.00468482644955
414.53 0.00466337697191
414.54 0.0046423311202
414.55 0.00462158144698
414.56 0.00460102329938
414.57 0.00458055535143
414.58 0.00456008009867
414.59 0.00453950431276
414.6 0.00451873945401
414.61 0.00449770204022
414.62 0.00447631397062
414.63 0.00445450280382
414.64 0.00443220198925
414.65 0.00440935105162
414.66 0.00438589572877
414.67 0.00436178806298
414.68 0.00433698644657
414.69 0.00431145562293
414.7 0.00428516664405
414.71 0.00425809678636
414.72 0.00423022942664
414.73 0.00420155388017
414.74 0.00417206520334
414.75 0.00414176396346
414.76 0.00411065597829
414.77 0.0040787520283
414.78 0.0040460675446
414.79 0.00401262227568
414.8 0.00397843993612
414.81 0.00394354784055
414.82 0.00390797652615
414.83 0.00387175936677
414.84 0.00383493218225
414.85 0.00379753284572
414.86 0.00375960089234
414.87 0.00372117713231
414.88 0.00368230327102
414.89 0.00364302153925
414.9 0.00360337433578
414.91 0.00356340388511
414.92 0.00352315191223
414.93 0.00348265933661
414.94 0.00344196598728
414.95 0.00340111034034
414.96 0.00336012928053
414.97 0.00331905788769
414.98 0.00327792924927
414.99 0.0032367742992
415.0 0.00319562168378
415.01 0.00315449765458
415.02 0.00311342598834
415.03 0.00307242793349
415.04 0.00303152218289
415.05 0.00299072487193
415.06 0.0029500496012
415.07 0.00290950748253
415.08 0.00286910720723
415.09 0.002828855135
415.1 0.0027887554021
415.11 0.00274881004711
415.12 0.00270901915232
415.13 0.0026693809993
415.14 0.0026298922363
415.15 0.00259054805599
415.16 0.0025513423812
415.17 0.00251226805692
415.18 0.00247331704656
415.19 0.00243448063042
415.2 0.00239574960471
415.21 0.002357114479
415.22 0.00231856567065
415.23 0.00228009369426
415.24 0.00224168934478
415.25 0.00220334387275
415.26 0.00216504915023
415.27 0.00212679782637
415.28 0.00208858347136
415.29 0.00205040070789
415.3 0.00201224532939
415.31 0.00197411440414
415.32 0.00193600636503
415.33 0.00189792108428
415.34 0.00185985993319
415.35 0.00182182582657
415.36 0.00178382325199
415.37 0.00174585828408
415.38 0.00170793858398
415.39 0.00167007338463
415.4 0.00163227346213
415.41 0.00159455109397
415.42 0.00155692000478
415.43 0.00151939530042
415.44 0.00148199339123
415.45 0.00144473190543
415.46 0.00140762959353
415.47 0.00137070622501
415.48 0.00133398247798
415.49 0.00129747982321
415.5 0.00126122040341
415.51 0.00122522690893
415.52 0.00118952245094
415.53 0.00115413043312
415.54 0.00111907442289
415.55 0.00108437802324
415.56 0.00105006474604
415.57 0.00101615788775
415.58 0.000982680408429
415.59 0.00094965481477
415.6 0.000917103047989
415.61 0.00088504637713
415.62 0.000853505298458
415.63 0.000822499441442
415.64 0.000792047481783
415.65 0.000762167061879
415.66 0.000732874719028
415.67 0.000704185821617
415.68 0.000676114513447
415.69 0.000648673666321
415.7 0.00062187484089
415.71 0.000595728255767
415.72 0.000570242764774
415.73 0.000545425842213
415.74 0.000521283575923
415.75 0.000497820667906
415.76 0.000475040442201
415.77 0.000452944859682
415.78 0.000431534539419
415.79 0.000410808786186
415.8 0.000390765623704
415.81 0.000371401833164
415.82 0.000352712996581
415.83 0.000334693544486
415.84 0.000317336807495
415.85 0.000300635071259
415.86 0.000284579634315
415.87 0.000269160868356
415.88 0.000254368280461
415.89 0.000240190576809
415.9 0.000226615727447
415.91 0.00021363103167
415.92 0.000201223183621
415.93 0.0001893783377
415.94 0.000178082173444
415.95 0.000167319959509
415.96 0.000157076616464
415.97 0.000147336778088
415.98 0.000138084850917
415.99 0.00012930507181
416.0 0.000120981563311
416.01 0.000113098386642
416.02 0.000105639592165
416.03 9.8589267178e-05
416.04 9.19315809578e-05
416.05 8.56508269572e-05
416.06 7.97314621066e-05
416.07 7.41581431862e-05
416.08 6.89157602564e-05
416.09 6.3989467154e-05
416.1 5.93647090781e-05
416.11 5.50272473102e-05
416.12 5.09631811231e-05
416.13 4.71589669518e-05
416.14 4.36014349084e-05
416.15 4.02778027344e-05
416.16 3.71756872956e-05
416.17 3.42831137276e-05
416.18 3.15885223519e-05
416.19 2.90807734833e-05
416.2 2.67491502561e-05
416.21 2.45833595975e-05
416.22 2.25735314783e-05
416.23 2.07102165732e-05
416.24 1.89843824602e-05
416.25 1.73874084886e-05
416.26 1.5911079443e-05
416.27 1.45475781268e-05
416.28 1.32894769871e-05
416.29 1.21297288961e-05
416.3 1.10616572032e-05
416.31 1.00789451628e-05
416.32 9.17562484228e-06
416.33 8.34606560424e-06
416.34 7.58496225615e-06
416.35 6.88732295088e-06
416.36 6.24845691816e-06
416.37 5.6639621e-06
416.38 5.12971275744e-06
416.39 4.64184711056e-06
416.4 4.1967550673e-06
416.41 3.79106609185e-06
416.42 3.42163725738e-06
416.43 3.08554152304e-06
416.44 2.78005627014e-06
416.45 2.50265212752e-06
416.46 2.25098211194e-06
416.47 2.02287110477e-06
416.48 1.81630568254e-06
416.49 1.62942431515e-06
416.5 1.46050794206e-06
416.51 1.30797093372e-06
416.52 1.17035244256e-06
416.53 1.04630814527e-06
416.54 9.34602375733e-07
416.55 8.34100645766e-07
416.56 7.43762549108e-07
416.57 6.62635042261e-07
416.58 5.89846094435e-07
416.59 5.24598697584e-07
416.6 4.66165226465e-07
416.61 4.13882137764e-07
416.62 3.67144996647e-07
416.63 3.25403818507e-07
416.64 2.88158713268e-07
416.65 2.54955819336e-07
416.66 2.25383514065e-07
416.67 1.99068887584e-07
416.68 1.75674466815e-07
416.69 1.54895176626e-07
416.7 1.36455525247e-07
416.71 1.20107001302e-07
416.72 1.05625670099e-07
416.73 9.28099571673e-08
416.74 8.14786074014e-08
416.75 7.14688085616e-08
416.76 6.26344683315e-08
416.77 5.48446345582e-08
416.78 4.79820487716e-08
416.79 4.19418235383e-08
416.8 3.66302346791e-08
416.81 3.19636198447e-08
416.82 2.78673754121e-08
416.83 2.42750441201e-08
416.84 2.11274863138e-08
416.85 1.83721281044e-08
416.86 1.59622801779e-08
416.87 1.38565213937e-08
416.88 1.20181417141e-08
416.89 1.04146393805e-08
416.9 9.01726761675e-09
416.91 7.80062648392e-09
416.92 6.74229583812e-09
416.93 5.82250565292e-09
416.94 5.02384025981e-09
416.95 4.33097333534e-09
416.96 3.73043072163e-09
416.97 3.21037840857e-09
416.98 2.76043323173e-09
416.99 2.37149405032e-09
417.0 2.03559136518e-09
417.01 1.7457535178e-09
417.02 1.49588777983e-09
417.03 1.28067479712e-09
417.04 1.0954749957e-09
417.05 9.36245688588e-10
417.06 7.99467743061e-10
417.07 6.82080779009e-10
417.08 5.81425970171e-10
417.09 4.95195612751e-10
417.1 4.21388710264e-10
417.11 3.58271900316e-10
417.12 3.04345118824e-10
417.13 2.58311460528e-10
417.14 2.19050751967e-10
417.15 1.85596404977e-10
417.16 1.57115165577e-10
417.17 1.32889415298e-10
417.18 1.12301719986e-10
417.19 9.48213552401e-11
417.2 7.99925682572e-11
417.21 6.74243632823e-11
417.22 5.67816224036e-11
417.23 4.77773953506e-11
417.24 4.01662115036e-11
417.25 3.37382847387e-11
417.26 2.83144972236e-11
417.27 2.37420620384e-11
417.28 1.98907767017e-11
417.29 1.66497904922e-11
417.3 1.3924818021e-11
417.31 1.16357399586e-11
417.32 9.71453927363e-12
417.33 8.10352790999e-12
417.34 6.75382460576e-12
417.35 5.62404963775e-12
417.36 4.67920673169e-12
417.37 3.88972628527e-12
417.38 3.23064747125e-12
417.39 2.68091977803e-12
417.4 2.22280715628e-12
417.41 1.84138021699e-12
417.42 1.52408391026e-12
417.43 1.26036983918e-12
417.44 1.04138386276e-12
417.45 8.5970094281e-13
417.46 7.09100317682e-13
417.47 5.8437506174e-13
417.48 4.8117093415e-13
417.49 3.95850149383e-13
417.5 3.25376330969e-13
417.51 2.67217451924e-13
417.52 2.19264031682e-13
417.53 1.79760260291e-13
417.54 1.47246064798e-13
417.55 1.20508428001e-13
417.56 9.85405225546e-14
417.57 8.05074398145e-14
417.58 6.57174776699e-14
417.59 5.35981094815e-14
417.6 4.3675890813e-14
417.61 3.55596752836e-14
417.62 2.89266083868e-14
417.63 2.35104509964e-14
417.64 1.9091854624e-14
417.65 1.54902701405e-14
417.66 1.25572221895e-14
417.67 1.01707242566e-14
417.68 8.230645477e-15
417.69 6.65487074682e-15
417.7 5.37612141329e-15
417.71 4.33932546833e-15
417.72 3.49944438816e-15
417.73 2.81967907173e-15
417.74 2.26999018401e-15
417.75 1.82587898906e-15
417.76 1.46738378781e-15
417.77 1.17825463114e-15
417.78 9.45275295289e-16
417.79 7.57706780283e-16
417.8 6.06830991554e-16
417.81 4.8557692996e-16
417.82 3.88214766514e-16
417.83 3.10105714615e-16
417.84 2.47497719451e-16
417.85 1.97358732223e-16
417.86 1.5724078562e-16
417.87 1.25169286433e-16
417.88 9.95529332851e-17
417.89 7.91104870575e-17
417.9 6.28112980845e-17
417.91 4.98270519093e-17
417.92 3.94926547573e-17
417.93 3.12745578146e-17
417.94 2.4745130028e-17
417.95 1.95619441822e-17
417.96 1.54510501934e-17
417.97 1.21934809525e-17
417.98 9.61437633893e-18
417.99 7.57422573636e-18
418.0 5.96182307522e-18
418.01 4.68860488504e-18
418.02 3.68410416101e-18
418.03 2.8923036e-18
418.04 2.2687130463e-18
418.05 1.77802953806e-18
418.06 1.39226558262e-18
418.07 1.08925337895e-18
418.08 8.5145060228e-19
418.09 6.64987850805e-19
418.1 5.18909566666e-19
418.11 4.04569703037e-19
418.12 3.15151042865e-19
418.13 2.45283228079e-19
418.14 1.90739513383e-19
418.15 1.48196245183e-19
418.16 1.15042270013e-19
418.17 8.9228049124e-20
418.18 6.91463189987e-20
418.19 5.3537790723e-20
418.2 4.14167044292e-20
418.21 3.20121132173e-20
418.22 2.47216163452e-20
418.23 1.90749361563e-20
418.24 1.47052711331e-20
418.25 1.13267859194e-20
418.26 8.71694008129e-21
418.27 6.70262839101e-21
418.28 5.149320639e-21
418.29 3.95255973012e-21
418.3 3.03131215092e-21
418.31 2.32277205097e-21
418.32 1.77830494266e-21
418.33 1.36028400692e-21
418.34 1.03962487199e-21
418.35 7.93866439351e-22
418.36 6.05678191845e-22
418.37 4.61700285716e-22
418.38 3.51643069608e-22
418.39 2.67588653522e-22
418.4 2.0344969284e-22
418.41 1.54550386443e-22
418.42 1.17302391041e-22
418.43 8.89543819489e-23
418.44 6.73987032801e-23
418.45 5.10222313855e-23
418.46 3.85914474028e-23
418.47 2.91639536574e-23
418.48 2.20204121865e-23
418.49 1.66122401631e-23
418.5 1.25214513561e-23
418.51 9.42985148321e-24
418.52 7.09543045072e-24
418.53 5.33428670965e-24
418.54 4.00680008519e-24
418.55 3.00706424354e-24
418.56 2.254817783e-24
418.57 1.68928882282e-24
418.58 1.26450362398e-24
418.59 9.45714310136e-25
418.6 7.06681228678e-25
418.61 5.27607381345e-25
418.62 3.93569905626e-25
418.63 2.93330089679e-25
418.64 2.18431395261e-25
418.65 1.62516408927e-25
418.66 1.20810056437e-25
418.67 8.97289673407e-26
418.68 6.65864658088e-26
418.69 4.93699823585e-26
418.7 3.65732615658e-26
418.71 2.70699918165e-26
418.72 2.00187183542e-26
418.73 1.47913606706e-26
418.74 1.0919523744e-26
418.75 8.05421056746e-27
418.76 5.93561842885e-27
418.77 4.37051567414e-27
418.78 3.21531185779e-27
418.79 2.36340001924e-27
418.8 1.73570166395e-27
418.81 1.27361051918e-27
418.82 9.33731279083e-28
418.83 6.83960293646e-28
418.84 5.0056857902e-28
418.85 3.66032790564e-28
418.86 2.67423835271e-28
418.87 1.95210846906e-28
418.88 1.42374263587e-28
418.89 1.03748720265e-28
418.9 7.55366497101e-29
418.91 5.49485708317e-29
418.92 3.99373088106e-29
418.93 2.9001796718e-29
418.94 2.10423734663e-29
418.95 1.52541585831e-29
418.96 1.1048555516e-29
418.97 7.99551532368e-30
418.98 5.78110863149e-30
418.99 4.17637524545e-30
419.0 3.01447445636e-30
419.01 2.17393931103e-30
419.02 1.56641537102e-30
419.03 1.12769114159e-30
419.04 8.11142420101e-31
419.05 5.8294525544e-31
419.06 4.18583535852e-31
419.07 3.00303383238e-31
419.08 2.15259347904e-31
419.09 1.54165617967e-31
419.1 1.10315553512e-31
419.11 7.88696078072e-32
419.12 5.6338635787e-32
419.13 4.02093159055e-32
419.14 2.86728428675e-32
419.15 2.04285968334e-32
419.16 1.45421973093e-32
419.17 1.03429694218e-32
419.18 7.34994621567e-33
419.19 5.21851329142e-33
419.2 3.70197208252e-33
419.21 2.62387533556e-33
419.22 1.85813373246e-33
419.23 1.31472357463e-33
419.24 9.29427772967e-34
419.25 6.56478570188e-34
419.26 4.6328599748e-34
419.27 3.26664174009e-34
419.28 2.30132286497e-34
419.29 1.61985936246e-34
419.3 1.1392021103e-34
419.31 8.00475351876e-35
419.32 5.61977410943e-35
419.33 3.94197138245e-35
419.34 2.76268765814e-35
419.35 1.93452265696e-35
419.36 1.35344174005e-35
419.37 9.46082531937e-36
419.38 6.60757641588e-36
419.39 4.61082965152e-36
419.4 3.21469424585e-36
419.41 2.23936033195e-36
419.42 1.55859041588e-36
419.43 1.08383640472e-36
419.44 7.53041966565e-37
419.45 5.22755171451e-37
419.46 3.62577799062e-37
419.47 2.51262566419e-37
419.48 1.73971491546e-37
419.49 1.203516628e-37
419.5 8.31859183522e-38
419.51 5.74475151737e-38
419.52 3.96384253875e-38
419.53 2.73265781269e-38
419.54 1.88225224014e-38
419.55 1.29537080806e-38
419.56 8.90705432888e-39
419.57 6.11924454533e-39
419.58 4.2003475809e-39
419.59 2.88068892574e-39
419.6 1.97392755065e-39
419.61 1.35141821037e-39
419.62 9.2442575649e-40
419.63 6.31797670758e-40
419.64 4.31427392396e-40
419.65 2.94348023674e-40
419.66 2.00649575295e-40
419.67 1.36659264164e-40
419.68 9.29958618359e-41
419.69 6.32283548145e-41
419.7 4.29520456349e-41
419.71 2.91527504825e-41
419.72 1.97696477473e-41
419.73 1.339497907e-41
419.74 9.0679446386e-42
419.75 6.13337322821e-42
419.76 4.1448960074e-42
419.77 2.79866938525e-42
419.78 1.88804902834e-42
419.79 1.27261972686e-42
419.8 8.57053132616e-43
419.81 5.76687522437e-43
419.82 3.87701137814e-43
419.83 2.60421783462e-43
419.84 1.74775782215e-43
419.85 1.17194953955e-43
419.86 7.85163827549e-44
419.87 5.25575808073e-44
419.88 3.51507149216e-44
419.89 2.3488575044e-44
419.9 1.56820520672e-44
419.91 1.046099091e-44
419.92 6.97214596184e-45
419.93 4.64284119034e-45
419.94 3.08904972685e-45
419.95 2.05347624311e-45
419.96 1.36388633648e-45
419.97 9.05087124721e-46
419.98 6.00103704476e-46
419.99 3.97544675389e-46
420.0 2.6312934631e-46
420.01 1.74010856685e-46
420.02 1.14975978934e-46
420.03 7.59034645364e-47
420.04 5.00656426389e-47
420.05 3.2994511549e-47
420.06 2.17253771401e-47
420.07 1.42927783118e-47
420.08 9.39484682066e-48
420.09 6.17001843804e-48
420.1 4.04861922196e-48
420.11 2.65430677804e-48
420.12 1.73867741172e-48
420.13 1.1379170909e-48
420.14 7.44090810807e-49
420.15 4.86144049889e-49
420.16 3.17342121318e-49
420.17 2.06973230786e-49
420.18 1.34872792591e-49
420.19 8.78128824849e-50
420.2 5.71236341654e-50
420.21 3.71276223199e-50
420.22 2.41102746987e-50
420.23 1.56433906937e-50
420.24 1.01410596647e-50
420.25 6.56839854668e-51
420.26 4.2506893537e-51
420.27 2.74841905413e-51
420.28 1.77553912514e-51
420.29 1.14604390335e-51
420.3 7.39087702367e-52
420.31 4.76227433405e-52
420.32 3.06588990614e-52
420.33 1.9720703979e-52
420.34 1.26739498724e-52
420.35 8.1381420961e-53
420.36 5.22110304441e-53
420.37 3.34674769617e-53
420.38 2.14342056941e-53
420.39 1.3715622635e-53
420.4 8.76894555595e-54
420.41 5.60148183834e-54
420.42 3.57505068402e-54
420.43 2.27973930401e-54
420.44 1.45248575839e-54
420.45 9.24617888379e-55
420.46 5.88080003658e-55
420.47 3.73709592846e-55
420.48 2.37277081592e-55
420.49 1.5052237101e-55
420.5 9.54047552487e-56
420.51 6.04174936801e-56
420.52 3.82277820619e-56
420.53 2.41668034534e-56
420.54 1.52645157422e-56
420.55 9.6331997277e-57
420.56 6.07409822734e-57
420.57 3.82663262124e-57
420.58 2.4086596678e-57
420.59 1.51480881675e-57
420.6 9.51839931543e-58
420.61 5.97576800919e-58
420.62 3.74841140095e-58
420.63 2.34922429631e-58
420.64 1.47104321063e-58
420.65 9.20343794949e-59
420.66 5.75305412322e-59
420.67 3.5931102522e-59
420.68 2.24215865309e-59
420.69 1.39793136233e-59
420.7 8.70821352738e-60
420.71 5.41995902398e-60
420.72 3.37044038096e-60
420.73 2.09411731679e-60
420.74 1.29998720945e-60
420.75 8.06307803646e-61
420.76 4.99673548145e-61
420.77 3.09382374249e-61
420.78 1.91394075021e-61
420.79 1.18300103053e-61
420.8 7.30576114393e-62
420.81 4.50785074321e-62
420.82 2.77905600629e-62
420.83 1.71178329146e-62
420.84 1.0534743824e-62
420.85 6.47773068445e-63
420.86 3.97965577852e-63
420.87 2.44282211511e-63
420.88 1.49817273565e-63
420.89 9.18027409561e-64
420.9 5.6204762816e-64
420.91 3.43806674195e-64
420.92 2.1012571273e-64
420.93 1.28312157763e-64
420.94 7.82852836843e-65
420.95 4.77217282693e-65
420.96 2.90653736119e-65
420.97 1.76872114844e-65
420.98 1.07539135282e-65
420.99 6.53277083719e-66
421.0 3.96508060333e-66
421.01 2.40453071517e-66
421.02 1.456908746e-66
421.03 8.81978674328e-67
421.04 5.33466964771e-67
421.05 3.2238935217e-67
421.06 1.94660377357e-67
421.07 1.17435160271e-67
421.08 7.07851963729e-68
421.09 4.26295207382e-68
421.1 2.56508742453e-68
421.11 1.54211799663e-68
421.12 9.26310851774e-69
421.13 5.55929359971e-69
421.14 3.33354392622e-69
421.15 1.99717658695e-69
421.16 1.19550242828e-69
421.17 7.15003506283e-70
421.18 4.27257399646e-70
421.19 2.55090759547e-70
421.2 1.52168084383e-70
421.21 9.06934937468e-71
421.22 5.40072922647e-71
421.23 3.21330824075e-71
421.24 1.91018787613e-71
421.25 1.13454961633e-71
421.26 6.73278296195e-72
421.27 3.99199003741e-72
421.28 2.3648739385e-72
421.29 1.39974928487e-72
421.3 8.2778247137e-73
421.31 4.89109287812e-73
421.32 2.88748213793e-73
421.33 1.70316379054e-73
421.34 1.00373076766e-73
421.35 5.91019446651e-74
421.36 3.47704264726e-74
421.37 2.04381685583e-74
421.38 1.2003216739e-74
421.39 7.04331370723e-75
421.4 4.12933510929e-75
421.41 2.41883886361e-75
421.42 1.41565510501e-75
421.43 8.2781195392e-76
421.44 4.83648271591e-76
421.45 2.8232627569e-76
421.46 1.64663245388e-76
421.47 9.59545901731e-77
421.48 5.58674117314e-77
421.49 3.24993788563e-77
421.5 1.88892746911e-77
421.51 1.09693076323e-77
421.52 6.36453769487e-78
421.53 3.68959096514e-78
421.54 2.13704316229e-78
421.55 1.2367219756e-78
421.56 7.15079906343e-79
421.57 4.13105316066e-79
421.58 2.38446364566e-79
421.59 1.37513184534e-79
421.6 7.92358436331e-80
421.61 4.56165824723e-80
421.62 2.62390143557e-80
421.63 1.50798145735e-80
421.64 8.65900913942e-81
421.65 4.96780004685e-81
421.66 2.8476311103e-81
421.67 1.63089898771e-81
421.68 9.33241643628e-82
421.69 5.33561972138e-82
421.7 3.04789036364e-82
421.71 1.73955243877e-82
421.72 9.91972018622e-83
421.73 5.65177717369e-83
421.74 3.21732069727e-83
421.75 1.82990012615e-83
421.76 1.03988217495e-83
421.77 5.90424802668e-84
421.78 3.34941348809e-84
421.79 1.89843900907e-84
421.8 1.07509847533e-84
421.81 6.08308038156e-85
421.82 3.43892399207e-85
421.83 1.94242970664e-85
421.84 1.0962049483e-85
421.85 6.18104517167e-86
421.86 3.48221666242e-86
421.87 1.96007808779e-86
421.88 1.10233772508e-86
421.89 6.19412092698e-87
421.9 3.47751011277e-87
421.91 1.95065666498e-87
421.92 1.0932436987e-87
421.93 6.12176765172e-88
421.94 3.42499872401e-88
421.95 1.91455434502e-88
421.96 1.0692978541e-88
421.97 5.96696382126e-89
421.98 3.32683932577e-89
421.99 1.85324979572e-89
422.0 1.03147761597e-89
422.01 5.73600296585e-90
422.02 3.1870042243e-90
422.03 1.76921096992e-90
422.04 9.81296659528e-91
422.05 5.43806920175e-91
422.06 3.01101453374e-91
422.07 1.66573030193e-91
422.08 9.20704430821e-92
422.09 5.08463160493e-92
422.1 2.80557875712e-92
422.11 1.54671091035e-92
422.12 8.51960669131e-93
422.13 4.68871305839e-93
422.14 2.57816956563e-93
422.15 1.41642313576e-93
422.16 7.77496170938e-94
422.17 4.26409840262e-94
422.18 2.33657588589e-94
422.19 1.27925250138e-94
422.2 6.99771695123e-95
422.21 3.82454857632e-95
422.22 2.08846741367e-95
422.23 1.13945961621e-95
422.24 6.21146274707e-96
422.25 3.38308215565e-96
422.26 1.84100478153e-96
422.27 1.00096986067e-96
422.28 5.43764433722e-97
422.29 2.95137441148e-97
422.3 1.60052156345e-97
422.31 8.67206379877e-98
422.32 4.69469206582e-98
422.33 2.53930852606e-98
422.34 1.37229519582e-98
422.35 7.40974611188e-99
422.36 3.99744801474e-99
422.37 2.15469614282e-99
422.38 1.16041399076e-99
422.39 6.24401001432e-100
422.4 3.35689639774e-100
422.41 1.80316719497e-100
422.42 9.67737944346e-101
422.43 5.18923399364e-101
422.44 2.7801770344e-101
422.45 1.48821391583e-101
422.46 7.95943028718e-102
422.47 4.25326378226e-102
422.48 2.27083910883e-102
422.49 1.21136249901e-102
422.5 6.45632816747e-103
422.51 3.43811802806e-103
422.52 1.82927786299e-103
422.53 9.72438821822e-104
422.54 5.1649796015e-104
422.55 2.74093442432e-104
422.56 1.45329035921e-104
422.57 7.69892080459e-105
422.58 4.0750320093e-105
422.59 2.15504284633e-105
422.6 1.13868737733e-105
422.61 6.01141645973e-106
422.62 3.17082912275e-106
422.63 1.67106203708e-106
422.64 8.79905475668e-107
422.65 4.62917053429e-107
422.66 2.43329101417e-107
422.67 1.2779346244e-107
422.68 6.70574345442e-108
422.69 3.51567680848e-108
422.7 1.84159728657e-108
422.71 9.63838125391e-109
422.72 5.04007789369e-109
422.73 2.63326221991e-109
422.74 1.37459474896e-109
422.75 7.16933650713e-110
422.76 3.73600081802e-110
422.77 1.94517496963e-110
422.78 1.01189184245e-110
422.79 5.25936400333e-111
422.8 2.73121618218e-111
422.81 1.41710697867e-111
422.82 7.34637188264e-112
422.83 3.80510717753e-112
422.84 1.96917625969e-112
422.85 1.01818337405e-112
422.86 5.26006515302e-113
422.87 2.71506329394e-113
422.88 1.40020784238e-113
422.89 7.2148742428e-114
422.9 3.71440057602e-114
422.91 1.91061165597e-114
422.92 9.81928398009e-115
422.93 5.04209390942e-115
422.94 2.58681727529e-115
422.95 1.32600233093e-115
422.96 6.79120022426e-116
422.97 3.47514151639e-116
422.98 1.7767329939e-116
422.99 9.07602225624e-117
423.0 4.63225703583e-117
423.01 2.36218256425e-117
423.02 1.20353294237e-117
423.03 6.12669438224e-118
423.04 3.11614863374e-118
423.05 1.58355745217e-118
423.06 8.04031746557e-119
423.07 4.07883635768e-119
423.08 2.06739318021e-119
423.09 1.04696843728e-119
423.1 5.2974615328e-120
423.11 2.6780935701e-120
423.12 1.35271839017e-120
423.13 6.82673043433e-121
423.14 3.44224538863e-121
423.15 1.73418175119e-121
423.16 8.72913297486e-122
423.17 4.39006872857e-122
423.18 2.20594785346e-122
423.19 1.10749781215e-122
423.2 5.55538580133e-123
423.21 2.78425677136e-123
423.22 1.39420956245e-123
423.23 6.97542289009e-124
423.24 3.48687789821e-124
423.25 1.74151271563e-124
423.26 8.69041012226e-125
423.27 4.33288943944e-125
423.28 2.15843341151e-125
423.29 1.07429465544e-125
423.3 5.34234447248e-126
423.31 2.65438596795e-126
423.32 1.31771039043e-126
423.33 6.53581243905e-127
423.34 3.23894000172e-127
423.35 1.60372514392e-127
423.36 7.93378972651e-128
423.37 3.92152642736e-128
423.38 1.93665971483e-128
423.39 9.55597937835e-129
423.4 4.71108349696e-129
423.41 2.32054562525e-129
423.42 1.14204478332e-129
423.43 5.61564789645e-130
423.44 2.75892768488e-130
423.45 1.35426756574e-130
423.46 6.64190026705e-131
423.47 3.25464732606e-131
423.48 1.59345290743e-131
423.49 7.79467914988e-132
423.5 3.80961392811e-132
423.51 1.86031891178e-132
423.52 9.07648195976e-133
423.53 4.42457345027e-133
423.54 2.15500847151e-133
423.55 1.04869758281e-133
423.56 5.09888556002e-134
423.57 2.47698841268e-134
423.58 1.2022544624e-134
423.59 5.83032189414e-135
423.6 2.82496050689e-135
423.61 1.3675900771e-135
423.62 6.61489894293e-136
423.63 3.19679067012e-136
423.64 1.54357912569e-136
423.65 7.44675913988e-137
423.66 3.58946257776e-137
423.67 1.72868261822e-137
423.68 8.31811294534e-138
423.69 3.99906141073e-138
423.7 1.92094551184e-138
423.71 9.21925296126e-139
423.72 4.42079248492e-139
423.73 2.11801113813e-139
423.74 1.0138648403e-139
423.75 4.84903811487e-140
423.76 2.31715371901e-140
423.77 1.10631246584e-140
423.78 5.27745427133e-141
423.79 2.51532938388e-141
423.8 1.1978128342e-141
423.81 5.69910649622e-142
423.82 2.7092450925e-142
423.83 1.28680734379e-142
423.84 6.10664225703e-143
423.85 2.89544379506e-143
423.86 1.37167591163e-143
423.87 6.49249460395e-144
423.88 3.0704030957e-144
423.89 1.45078449565e-144
423.9 6.8491098007e-145
423.91 3.23064370507e-145
423.92 1.52253649696e-145
423.93 7.16918970406e-146
423.94 3.37284315031e-146
423.95 1.58542583476e-146
423.96 7.44593822466e-147
423.97 3.4939496258e-147
423.98 1.6380892573e-147
423.99 7.673300348e-148
424.0 3.59129057408e-148
424.01 1.67935536535e-148
424.02 7.84618202382e-149
424.03 3.66267061855e-149
424.04 1.70828789165e-149
424.05 7.96063979175e-150
424.06 3.70645384277e-150
424.07 1.72422100559e-150
424.08 8.0140302919e-151
424.09 3.72162611204e-151
424.1 1.7267847845e-151
424.11 8.00511174622e-152
424.12 3.7078341221e-152
424.13 1.71591949091e-152
424.14 7.93409197031e-153
424.15 3.6653990755e-153
424.16 1.69187788642e-153
424.17 7.80262032364e-154
424.18 3.59530424636e-154
424.19 1.65521545698e-154
424.2 7.6137240335e-155
424.21 3.49915710576e-155
424.22 1.60676907737e-155
424.23 7.37169232553e-156
424.24 3.37912804492e-156
424.25 1.54762525931e-156
424.26 7.08191455346e-157
424.27 3.23786895779e-157
424.28 1.479079665e-157
424.29 6.7506808566e-158
424.3 3.0784159463e-158
424.31 1.40258999184e-158
424.32 6.38495563279e-159
424.33 2.90408112729e-159
424.34 1.31972461675e-159
424.35 5.99213519397e-160
424.36 2.71833890921e-160
424.37 1.23210951706e-160
424.38 5.57980132078e-161
424.39 2.52471215568e-161
424.4 1.14137595518e-161
424.41 5.15548205992e-162
424.42 2.32666337317e-162
424.43 1.0491112372e-162
424.44 4.72643007442e-163
424.45 2.12749548843e-163
424.46 9.56814550299e-164
424.47 4.29942727021e-164
424.48 1.93026597323e-164
424.49 8.6585947897e-165
424.5 3.88062242476e-165
424.51 1.73771709972e-165
424.52 7.7746433043e-166
424.53 3.47540629778e-166
424.54 1.55222404632e-166
424.55 6.92670900107e-167
424.56 3.08832637978e-167
424.57 1.37576150037e-167
424.58 6.12331815653e-168
424.59 2.72304119153e-168
424.6 1.20988838997e-168
424.61 5.37106143697e-169
424.62 2.38231202777e-169
424.63 1.05574948738e-169
424.64 4.67462554026e-170
424.65 2.06802835143e-170
424.66 9.1409190242e-171
424.67 4.03689029694e-171
424.68 1.78126176535e-171
424.69 7.85293959311e-172
424.7 3.45907899502e-172
424.71 1.52234265428e-172
424.72 6.69403631933e-173
424.73 2.94094853883e-173
424.74 1.29095320064e-173
424.75 5.66183598686e-174
424.76 2.481005819e-174
424.77 1.08623050174e-174
424.78 4.75160047609e-175
424.79 2.07673725124e-175
424.8 9.06873896851e-176
424.81 3.95672586914e-176
424.82 1.72483968497e-176
424.83 7.51251274446e-177
424.84 3.26922958326e-177
424.85 1.42144261382e-177
424.86 6.17499989547e-178
424.87 2.68020671247e-178
424.88 1.16231365235e-178
424.89 5.03618992582e-179
424.9 2.18024135647e-179
424.91 9.4304140104e-180
424.92 4.07549775144e-180
424.93 1.75976335118e-180
424.94 7.5919194629e-181
424.95 3.27244705129e-181
424.96 1.40934518748e-181
424.97 6.06437205511e-182
424.98 2.60722199547e-182
424.99 1.11993778506e-182
425.0 4.80655034826e-183
425.01 2.0610892915e-183
425.02 8.83047022371e-184
425.03 3.78002408021e-184
425.04 1.61669842421e-184
425.05 6.90855431021e-185
425.06 2.94964024122e-185
425.07 1.258272299e-185
425.08 5.36295230029e-186
425.09 2.28379409289e-186
425.1 9.717032804e-187
425.11 4.13079939707e-187
425.12 1.75451971877e-187
425.13 7.44570995863e-188
425.14 3.15702258088e-188
425.15 1.33743589324e-188
425.16 5.66098459347e-189
425.17 2.39405809017e-189
425.18 1.01158203431e-189
425.19 4.27062308964e-190
425.2 1.80137898705e-190
425.21 7.59176320546e-191
425.22 3.19671506111e-191
425.23 1.34489665477e-191
425.24 5.65324245775e-192
425.25 2.37426955236e-192
425.26 9.9629086162e-193
425.27 4.17701450107e-193
425.28 1.74972393075e-193
425.29 7.32313082694e-194
425.3 3.06230022673e-194
425.31 1.27944744893e-194
425.32 5.34097876646e-195
425.33 2.22762951064e-195
425.34 9.28300931619e-196
425.35 3.86507853219e-196
425.36 1.60787236614e-196
425.37 6.68295493317e-197
425.38 2.77529533822e-197
425.39 1.15152558683e-197
425.4 4.77377220121e-198
425.41 1.97730426164e-198
425.42 8.18293358125e-199
425.43 3.38351621712e-199
425.44 1.39781987474e-199
425.45 5.76976164571e-200
425.46 2.37951390052e-200
425.47 9.80488112128e-201
425.48 4.03664103935e-201
425.49 1.66043409506e-201
425.5 6.82412331795e-202
425.51 2.80217853893e-202
425.52 1.14965743264e-202
425.53 4.71264594198e-203
425.54 1.93012255813e-203
425.55 7.89820992995e-204
425.56 3.22920912984e-204
425.57 1.31912934914e-204
425.58 5.3839659778e-205
425.59 2.19553792409e-205
425.6 8.94547264582e-206
425.61 3.64157579234e-206
425.62 1.48115028761e-206
425.63 6.01911462099e-207
425.64 2.44393590846e-207
425.65 9.91449787082e-208
425.66 4.01860525406e-208
425.67 1.62743512105e-208
425.68 6.58499929789e-209
425.69 2.66214369883e-209
425.7 1.07530327443e-209
425.71 4.33964450758e-210
425.72 1.74985093378e-210
425.73 7.04971670391e-211
425.74 2.83769679018e-211
425.75 1.14125850059e-211
425.76 4.58591260814e-212
425.77 1.84115874789e-212
425.78 7.38550862541e-213
425.79 2.96001080332e-213
425.8 1.18530439597e-213
425.81 4.74231291099e-214
425.82 1.89572016832e-214
425.83 7.57150070252e-215
425.84 3.02143611474e-215
425.85 1.20467133765e-215
425.86 4.79896355128e-216
425.87 1.91007331797e-216
425.88 7.59584924879e-217
425.89 3.01804942992e-217
425.9 1.198119323e-217
425.91 4.75223062733e-218
425.92 1.88329632076e-218
425.93 7.45698929244e-219
425.94 2.95006845373e-219
425.95 1.16606934981e-219
425.96 4.6051139303e-220
425.97 1.81710528131e-220
425.98 7.16380102334e-221
425.99 2.82182873256e-221
426.0 1.11055865302e-221
426.01 4.36692830522e-222
426.02 1.7156722859e-222
426.03 6.73467003805e-223
426.04 2.64132609264e-223
426.05 1.03502641405e-223
426.06 4.05232769117e-224
426.07 1.58519025524e-224
426.08 6.19557962705e-225
426.09 2.41939180138e-225
426.1 9.43961276165e-226
426.11 3.67981398297e-226
426.12 1.4332477362e-226
426.13 5.57751023768e-227
426.14 2.16861870939e-227
426.15 8.42460867433e-228
426.16 3.26994152218e-228
426.17 1.26810129981e-228
426.18 4.91350748378e-229
426.19 1.90218612074e-229
426.2 7.35763276872e-230
426.21 2.84345866518e-230
426.22 1.09794211357e-230
426.23 4.23580228449e-231
426.24 1.63273472506e-231
426.25 6.28809784904e-232
426.26 2.41961721273e-232
426.27 9.30245873177e-233
426.28 3.57332527516e-233
426.29 1.37142184513e-233
426.3 5.25888031788e-234
426.31 2.01483378215e-234
426.32 7.71274322921e-235
426.33 2.94986563771e-235
426.34 1.12724757361e-235
426.35 4.30387942531e-236
426.36 1.64181642148e-236
426.37 6.25767216372e-237
426.38 2.38300377982e-237
426.39 9.06693219524e-238
426.4 3.4468288335e-238
426.41 1.30919030047e-238
426.42 4.96831992207e-239
426.43 1.88382276205e-239
426.44 7.1366473887e-240
426.45 2.70129584912e-240
426.46 1.02158327818e-240
426.47 3.86010494798e-241
426.48 1.45729730478e-241
426.49 5.49693907506e-242
426.5 2.0716548347e-242
426.51 7.80077200199e-243
426.52 2.93482009478e-243
426.53 1.10318689949e-243
426.54 4.14324314264e-244
426.55 1.55473171238e-244
426.56 5.8290020287e-245
426.57 2.18351745665e-245
426.58 8.17227256025e-246
426.59 3.05599563512e-246
426.6 1.14179024695e-246
426.61 4.26229633743e-247
426.62 1.58973474159e-247
426.63 5.92419577647e-248
426.64 2.20575794191e-248
426.65 8.20559378386e-249
426.66 3.04990202238e-249
426.67 1.13262325643e-249
426.68 4.20251018151e-250
426.69 1.55795814564e-250
426.7 5.77067360217e-251
426.71 2.13560509162e-251
426.72 7.89658104572e-252
426.73 2.91729910669e-252
426.74 1.07682848054e-252
426.75 3.97132857293e-253
426.76 1.46335204876e-253
426.77 5.38747827539e-254
426.78 1.98173671915e-254
426.79 7.28333177035e-255
426.8 2.67447130667e-255
426.81 9.81227033651e-256
426.82 3.59687031302e-256
426.83 1.3173578582e-256
426.84 4.82065960093e-257
426.85 1.76251522798e-257
426.86 6.43847483348e-258
426.87 2.34994035577e-258
426.88 8.56947841192e-259
426.89 3.12230734783e-259
426.9 1.13663395484e-259
426.91 4.13417934363e-260
426.92 1.50238663756e-260
426.93 5.45503855372e-261
426.94 1.9789628837e-261
426.95 7.17300586573e-262
426.96 2.59769665758e-262
426.97 9.3993841111e-263
426.98 3.3980837019e-263
426.99 1.22741791932e-263
427.0 4.42970249062e-264
427.01 1.59727748908e-264
427.02 5.75453049251e-265
427.03 2.07139599779e-265
427.04 7.44972227214e-266
427.05 2.6769529897e-266
427.06 9.61092347295e-267
427.07 3.44757090032e-267
427.08 1.23562021827e-267
427.09 4.42466625455e-268
427.1 1.58306862916e-268
427.11 5.65903890901e-269
427.12 2.02120018645e-269
427.13 7.21273027585e-270
427.14 2.57166128289e-270
427.15 9.16118289782e-271
427.16 3.26071659197e-271
427.17 1.15957345673e-271
427.18 4.12009462311e-272
427.19 1.46264801961e-272
427.2 5.18795472283e-273
427.21 1.83855336239e-273
427.22 6.50998539328e-274
427.23 2.30307192579e-274
427.24 8.14064284053e-275
427.25 2.87497196012e-275
427.26 1.01445371774e-275
427.27 3.57646990828e-276
427.28 1.25979716032e-276
427.29 4.43374168843e-277
427.3 1.55906370797e-277
427.31 5.47748313915e-278
427.32 1.92274614443e-278
427.33 6.74351862689e-279
427.34 2.36306074748e-279
427.35 8.27345527529e-280
427.36 2.89416090937e-280
427.37 1.01153784458e-280
427.38 3.53236286481e-281
427.39 1.23245819738e-281
427.4 4.2963811015e-282
427.41 1.49643242466e-282
427.42 5.20757021956e-283
427.43 1.81065985222e-283
427.44 6.29016911576e-284
427.45 2.18329029495e-284
427.46 7.57154240737e-285
427.47 2.62349926273e-285
427.48 9.08241299755e-286
427.49 3.14155927729e-286
427.5 1.08570786419e-286
427.51 3.74890487706e-287
427.52 1.29336043348e-287
427.53 4.45818856155e-288
427.54 1.53539813291e-288
427.55 5.28332461961e-289
427.56 1.81642426753e-289
427.57 6.23951751092e-290
427.58 2.14145243656e-290
427.59 7.34327124152e-291
427.6 2.51590605394e-291
427.61 8.61237601091e-292
427.62 2.94561008131e-292
427.63 1.00658683257e-292
427.64 3.4367737687e-293
427.65 1.17239607923e-293
427.66 3.99596322135e-294
427.67 1.36079379349e-294
427.68 4.63006267381e-295
427.69 1.57400146509e-295
427.7 5.34622345912e-296
427.71 1.81431543276e-296
427.72 6.15179981555e-297
427.73 2.08408442138e-297
427.74 7.05427087885e-298
427.75 2.38568263688e-298
427.76 8.06114846481e-299
427.77 2.72147834085e-299
427.78 9.17987055596e-300
427.79 3.0937979322e-300
427.8 1.04176807633e-300
427.81 3.50488568344e-301
427.82 1.1781494436e-301
427.83 3.95685941262e-302
427.84 1.32777525321e-302
427.85 4.45166251556e-303
427.86 1.49122648276e-303
427.87 4.99101293387e-304
427.88 1.66900445296e-304
427.89 5.57634978829e-305
427.9 1.86151368402e-305
427.91 6.20877855908e-306
427.92 2.06904444957e-306
427.93 6.88901584082e-307
427.94 2.29175537445e-307
427.95 7.61733483207e-308
427.96 2.52965646248e-308
427.97 8.39351283507e-309
427.98 2.78259297272e-309
427.99 9.21678213142e-310
428.0 3.05023058723e-310
428.01 1.00857856605e-310
428.02 3.33204232689e-311
428.03 1.09985389531e-311
428.04 3.62729767435e-312
428.05 1.19523997595e-312
428.06 3.9350543517e-313
428.07 1.29440467549e-313
428.08 4.25415317631e-314
428.09 1.39694685993e-314
428.1 4.58321637651e-315
428.11 1.50239645079e-315
428.12 4.92064971474e-316
428.13 1.61021571981e-316
428.14 5.26464840479e-317
428.15 1.71980199979e-317
428.16 5.61320825947e-318
428.17 1.83049345522e-318
428.18 5.96416285034e-319
428.19 1.94157917503e-319
428.2 6.31514708514e-320
428.21 2.05234869282e-320
428.22 6.6649455624e-321
428.23 2.16400752878e-321
428.24 7.01573217095e-322
428.25 2.27270197087e-322
428.26 7.41098468762e-323
428.27 2.47032822921e-323
428.28 9.88131291682e-324
428.29 4.94065645841e-324
428.3 0.0
428.31 0.0
428.32 0.0
428.33 0.0
428.34 0.0
428.35 0.0
428.36 0.0
428.37 0.0
428.38 0.0
428.39 0.0
428.4 0.0
428.41 0.0
428.42 0.0
428.43 0.0
428.44 0.0
428.45 0.0
428.46 0.0
428.47 0.0
428.48 0.0
428.49 0.0
428.5 0.0
428.51 0.0
428.52 0.0
428.53 0.0
428.54 0.0
428.55 0.0
428.56 0.0
428.57 0.0
428.58 0.0
428.59 0.0
428.6 0.0
428.61 0.0
428.62 0.0
428.63 0.0
428.64 0.0
428.65 0.0
428.66 0.0
428.67 0.0
428.68 0.0
428.69 0.0
428.7 0.0
428.71 0.0
428.72 0.0
428.73 0.0
428.74 0.0
428.75 0.0
428.76 0.0
428.77 0.0
428.78 0.0
428.79 0.0
428.8 0.0
428.81 0.0
428.82 0.0
428.83 0.0
428.84 0.0
428.85 0.0
428.86 0.0
428.87 0.0
428.88 0.0
428.89 0.0
428.9 0.0
428.91 0.0
428.92 0.0
428.93 0.0
428.94 0.0
428.95 0.0
428.96 0.0
428.97 0.0
428.98 0.0
428.99 0.0
429.0 0.0
429.01 0.0
429.02 0.0
429.03 0.0
429.04 0.0
429.05 0.0
429.06 0.0
429.07 0.0
429.08 0.0
429.09 0.0
429.1 0.0
429.11 0.0
429.12 0.0
429.13 0.0
429.14 0.0
429.15 0.0
429.16 0.0
429.17 0.0
429.18 0.0
429.19 0.0
429.2 0.0
429.21 0.0
429.22 0.0
429.23 0.0
429.24 0.0
429.25 0.0
429.26 0.0
429.27 0.0
429.28 0.0
429.29 0.0
429.3 0.0
429.31 0.0
429.32 0.0
429.33 0.0
429.34 0.0
429.35 0.0
429.36 0.0
429.37 0.0
429.38 0.0
429.39 0.0
429.4 0.0
429.41 0.0
429.42 0.0
429.43 0.0
429.44 0.0
429.45 0.0
429.46 0.0
429.47 0.0
429.48 0.0
429.49 0.0
429.5 0.0
429.51 0.0
429.52 0.0
429.53 0.0
429.54 0.0
429.55 0.0
429.56 0.0
429.57 0.0
429.58 0.0
429.59 0.0
429.6 0.0
429.61 0.0
429.62 0.0
429.63 0.0
429.64 0.0
429.65 0.0
429.66 0.0
429.67 0.0
429.68 0.0
429.69 0.0
429.7 0.0
429.71 0.0
429.72 0.0
429.73 0.0
429.74 0.0
429.75 0.0
429.76 0.0
429.77 0.0
429.78 0.0
429.79 0.0
429.8 0.0
429.81 0.0
429.82 0.0
429.83 0.0
429.84 0.0
429.85 0.0
429.86 0.0
429.87 0.0
429.88 0.0
429.89 0.0
429.9 0.0
429.91 0.0
429.92 0.0
429.93 0.0
429.94 0.0
429.95 0.0
429.96 0.0
429.97 0.0
429.98 0.0
429.99 0.0
