400.0 1.13437176243e-75
400.01 1.9420711074e-75
400.02 3.32199182763e-75
400.03 5.677481199e-75
400.04 9.69474883699e-75
400.05 1.65402143061e-74
400.06 2.81948257427e-74
400.07 4.80199175257e-74
400.08 8.17141217529e-74
400.09 1.38930160489e-73
400.1 2.3600416635e-73
400.11 4.00559019212e-73
400.12 6.79261613764e-73
400.13 1.15088344412e-72
400.14 1.94827081647e-72
400.15 3.29527011906e-72
400.16 5.56873341368e-72
400.17 9.40254775669e-72
400.18 1.58620158872e-71
400.19 2.67359072309e-71
400.2 4.50251515438e-71
400.21 7.57598582361e-71
400.22 1.27364042777e-70
400.23 2.13933221525e-70
400.24 3.59032149094e-70
400.25 6.02021718076e-70
400.26 1.00859007795e-69
400.27 1.68826624215e-69
400.28 2.82352016832e-69
400.29 4.71807200271e-69
400.3 7.87701997979e-69
400.31 1.31396271604e-68
400.32 2.18991798281e-68
400.33 3.64666920893e-68
400.34 6.06720407095e-68
400.35 1.00856652121e-67
400.36 1.67511337236e-67
400.37 2.77976175722e-67
400.38 4.60887212364e-67
400.39 7.63493692768e-67
400.4 1.26368829086e-66
400.41 2.08976851464e-66
400.42 3.45286910002e-66
400.43 5.70014311255e-66
400.44 9.40188895149e-66
400.45 1.54941653927e-65
400.46 2.55120272598e-65
400.47 4.19706278057e-65
400.48 6.8987383438e-65
400.49 1.13296786928e-64
400.5 1.85904210583e-64
400.51 3.04778671431e-64
400.52 4.99233395733e-64
400.53 8.1704579582e-64
400.54 1.33601976287e-63
400.55 2.18274538024e-63
400.56 3.5630095427e-63
400.57 5.81104991382e-63
400.58 9.46925776219e-63
400.59 1.54170394582e-62
400.6 2.50789726459e-62
400.61 4.07607542824e-62
400.62 6.61909165612e-62
400.63 1.0739357265e-61
400.64 1.74093236068e-61
400.65 2.81974099527e-61
400.66 4.56310278299e-61
400.67 7.37793792008e-61
400.68 1.19188253094e-60
400.69 1.92378097212e-60
400.7 3.10242654555e-60
400.71 4.99886148731e-60
400.72 8.04756347765e-60
400.73 1.29443852943e-59
400.74 2.0802817749e-59
400.75 3.34030873845e-59
400.76 5.35888907535e-59
400.77 8.5898709253e-59
400.78 1.37569519669e-58
400.79 2.20131157059e-58
400.8 3.51936673091e-58
400.81 5.62174632553e-58
400.82 8.9722564357e-58
400.83 1.43072387053e-57
400.84 2.27946895125e-57
400.85 3.62856787668e-57
400.86 5.77112570977e-57
400.87 9.17084872888e-57
400.88 1.45606994591e-56
400.89 2.30982277052e-56
400.9 3.66099209677e-56
400.91 5.7975250902e-56
400.92 9.17297468184e-56
400.93 1.45011172912e-55
400.94 2.29042696693e-55
400.95 3.61455754979e-55
400.96 5.69924795206e-55
400.97 8.97849763034e-55
400.98 1.41323213904e-54
400.99 2.22252702708e-54
401.0 3.49224182156e-54
401.01 5.48258381272e-54
401.02 8.59983190643e-54
401.03 1.34777798467e-53
401.04 2.11042764007e-53
401.05 3.30176596696e-53
401.06 5.16114213879e-53
401.07 8.06063146226e-53
401.08 1.25781283901e-52
401.09 1.96104109189e-52
401.1 3.05478800843e-52
401.11 4.75443782845e-52
401.12 7.39334514297e-52
401.13 1.14869968352e-51
401.14 1.78318225841e-51
401.15 2.76572299236e-51
401.16 4.28593261146e-51
401.17 6.63598978597e-51
401.18 1.02657289215e-50
401.19 1.58671010538e-50
401.2 2.45035549436e-50
401.21 3.78080532932e-50
401.22 5.82858654761e-50
401.23 8.97771666999e-50
401.24 1.38163158663e-49
401.25 2.12442950329e-49
401.26 3.26374415672e-49
401.27 5.00972172716e-49
401.28 7.68307037362e-49
401.29 1.17727990702e-48
401.3 1.80238832281e-48
401.31 2.75702504163e-48
401.32 4.2136336047e-48
401.33 6.43422938377e-48
401.34 9.8165757661e-48
401.35 1.496398343e-47
401.36 2.27907242669e-47
401.37 3.4681090721e-47
401.38 5.2729187677e-47
401.39 8.01001125977e-47
401.4 1.21573490196e-46
401.41 1.84360703039e-46
401.42 2.7933254539e-46
401.43 4.22861781008e-46
401.44 6.39586138519e-46
401.45 9.66547860145e-46
401.46 1.45939010382e-45
401.47 2.20162395897e-45
401.48 3.31847538854e-45
401.49 4.99755718011e-45
401.5 7.51970243248e-45
401.51 1.13049136899e-44
401.52 1.6980777025e-44
401.53 2.54842337608e-44
401.54 3.82128397831e-44
401.55 5.72493762509e-44
401.56 8.56950857341e-44
401.57 1.28163626737e-43
401.58 1.91512608577e-43
401.59 2.8592601249e-43
401.6 4.26514377999e-43
401.61 6.35678315532e-43
401.62 9.46596360306e-43
401.63 1.4083674402e-42
401.64 2.09358614001e-42
401.65 3.10949172502e-42
401.66 4.61436228226e-42
401.67 6.84160008674e-42
401.68 1.01350849477e-41
401.69 1.50010208268e-41
401.7 2.21839024802e-41
401.71 3.27777239508e-41
401.72 4.83886328331e-41
401.73 7.13726172468e-41
401.74 1.0518252837e-40
401.75 1.54874280607e-40
401.76 2.27844584487e-40
401.77 3.3490515427e-40
401.78 4.91845457707e-40
401.79 7.21704163776e-40
401.8 1.05806773081e-39
401.81 1.54985632623e-39
401.82 2.26826151265e-39
401.83 3.31679415807e-39
401.84 4.84582390816e-39
401.85 7.07359921404e-39
401.86 1.03166092788e-38
401.87 1.5033400545e-38
401.88 2.18877534137e-38
401.89 3.18396920287e-38
401.9 4.6276471982e-38
401.91 6.72009384427e-38
401.92 9.75021396932e-38
401.93 1.41343768892e-37
401.94 2.0472123887e-37
401.95 2.96259883057e-37
401.96 4.28357628592e-37
401.97 6.18819337742e-37
401.98 8.93192279001e-37
401.99 1.2881005223e-36
402.0 1.85600125226e-36
402.01 2.67196328323e-36
402.02 3.84331888198e-36
402.03 5.52339453206e-36
402.04 7.93102692512e-36
402.05 1.13782768186e-35
402.06 1.63097490563e-35
402.07 2.33583292128e-35
402.08 3.34241201439e-35
402.09 4.77861349084e-35
402.1 6.82601971817e-35
402.11 9.74219649057e-35
402.12 1.38921653324e-34
402.13 1.97927762162e-34
402.14 2.81752123602e-34
402.15 4.00729573542e-34
402.16 5.6945485883e-34
402.17 8.08520291787e-34
402.18 1.14695467977e-33
402.19 1.62564347016e-33
402.2 2.30212055521e-33
402.21 3.25727580821e-33
402.22 4.60473580208e-33
402.23 6.50397126267e-33
402.24 9.17859531918e-33
402.25 1.29418852145e-32
402.26 1.82323469807e-32
402.27 2.56632304334e-32
402.28 3.60914044411e-32
402.29 5.07130760064e-32
402.3 7.11966955585e-32
402.31 9.98673287449e-32
402.32 1.39962194174e-31
402.33 1.95984517253e-31
402.34 2.74193084593e-31
402.35 3.83278928334e-31
402.36 5.35299826125e-31
402.37 7.46969679529e-31
402.38 1.04143593103e-30
402.39 1.45072753358e-30
402.4 2.01912340245e-30
402.41 2.80778328145e-30
402.42 3.90110839424e-30
402.43 5.41547011917e-30
402.44 7.51117745826e-30
402.45 1.04088702277e-29
402.46 1.44119543508e-29
402.47 1.993727844e-29
402.48 2.75570410403e-29
402.49 3.80559882533e-29
402.5 5.2509409959e-29
402.51 7.2389401262e-29
402.52 9.97095011386e-29
402.53 1.3722139017e-28
402.54 1.8868214233e-28
402.55 2.59217008922e-28
402.56 3.55811437187e-28
402.57 4.87977755715e-28
402.58 6.68657713945e-28
402.59 9.15443205371e-28
402.6 1.25222584916e-27
402.61 1.71142407061e-27
402.62 2.33698712525e-27
402.63 3.18844343135e-27
402.64 4.3463512929e-27
402.65 5.91963114661e-27
402.66 8.0554198439e-27
402.67 1.09523024134e-26
402.68 1.48780627448e-26
402.69 2.01934748279e-26
402.7 2.73841611156e-26
402.71 3.71032145599e-26
402.72 5.02281689912e-26
402.73 6.79370786985e-26
402.74 9.18100242718e-26
402.75 1.23964418832e-25
402.76 1.67235205308e-25
402.77 2.25414619464e-25
402.78 3.03570917467e-25
402.79 4.08471687625e-25
402.8 5.49145550059e-25
402.81 7.37626804708e-25
402.82 9.89941712555e-25
402.83 1.32741362406e-24
402.84 1.77838845279e-24
402.85 2.38051378838e-24
402.86 3.18374653548e-24
402.87 4.25431832015e-24
402.88 5.67995887122e-24
402.89 7.57677014847e-24
402.9 1.00982646113e-23
402.91 1.34472380539e-23
402.92 1.7891351671e-23
402.93 2.37835634002e-23
402.94 3.15888930838e-23
402.95 4.19194527626e-23
402.96 5.55802522668e-23
402.97 7.36290395221e-23
402.98 9.74544038888e-23
402.99 1.28877622561e-22
403.0 1.70285345586e-22
403.01 2.24802298141e-22
403.02 2.96515862057e-22
403.03 3.90767851839e-22
403.04 5.1453324023e-22
403.05 6.76911290963e-22
403.06 8.89761873914e-22
403.07 1.16852911859e-21
403.08 1.53330657582e-21
403.09 2.01021342885e-21
403.1 2.63317094327e-21
403.11 3.44619343478e-21
403.12 4.50634004258e-21
403.13 5.8875143899e-21
403.14 7.68535115441e-21
403.15 1.00234946408e-20
403.16 1.30616584059e-20
403.17 1.70059615741e-20
403.18 2.21221726623e-20
403.19 2.87526630138e-20
403.2 3.7338088745e-20
403.21 4.84450942688e-20
403.22 6.28016768071e-20
403.23 8.13422884154e-20
403.24 1.05265303163e-19
403.25 1.36106171292e-19
403.26 1.75830455667e-19
403.27 2.26952043928e-19
403.28 2.92683208728e-19
403.29 3.77124918559e-19
403.3 4.85507970097e-19
403.31 6.24498228081e-19
403.32 8.02582655015e-19
403.33 1.03055705694e-18
403.34 1.32214176967e-18
403.35 1.69475811717e-18
403.36 2.17050670607e-18
403.37 2.77739886576e-18
403.38 3.55090528356e-18
403.39 4.53590170848e-18
403.4 5.7891112336e-18
403.41 7.38216700897e-18
403.42 9.40544938197e-18
403.43 1.19728887558e-17
403.44 1.52279715479e-17
403.45 1.93512435355e-17
403.46 2.4569675064e-17
403.47 3.1168339073e-17
403.48 3.95049593446e-17
403.49 5.00280172679e-17
403.5 6.32992662004e-17
403.51 8.00216998099e-17
403.52 1.01074262646e-16
403.53 1.27554887388e-16
403.54 1.60833805554e-16
403.55 2.02619521313e-16
403.56 2.55040378608e-16
403.57 3.20745311182e-16
403.58 4.03028168332e-16
403.59 5.05980986831e-16
403.6 6.34682768065e-16
403.61 7.95431762966e-16
403.62 9.96031018739e-16
403.63 1.2461390641e-15
403.64 1.55770017972e-15
403.65 1.94547180888e-15
403.66 2.42767041876e-15
403.67 3.02676165528e-15
403.68 3.77042609874e-15
403.69 4.69273850902e-15
403.7 5.83560636656e-15
403.71 7.25052303144e-15
403.72 9.00070226635e-15
403.73 1.11636745696e-14
403.74 1.38344421762e-14
403.75 1.71293092255e-14
403.76 2.11905270711e-14
403.77 2.61919227441e-14
403.78 3.23457120193e-14
403.79 3.99107383814e-14
403.8 4.9202426609e-14
403.81 6.06047960799e-14
403.82 7.45849458638e-14
403.83 9.17105031064e-14
403.84 1.12670620348e-13
403.85 1.38301218849e-13
403.86 1.6961530676e-13
403.87 2.07839356571e-13
403.88 2.54456909897e-13
403.89 3.11260793983e-13
403.9 3.80415589021e-13
403.91 4.64532284799e-13
403.92 5.66757416938e-13
403.93 6.90879385552e-13
403.94 8.41455142695e-13
403.95 1.02396100084e-12
403.96 1.24497197636e-12
403.97 1.51237485451e-12
403.98 1.83562106386e-12
403.99 2.22602649807e-12
404.0 2.6971266448e-12
404.01 3.2650968023e-12
404.02 3.94924881281e-12
404.03 4.77261765478e-12
404.04 5.76265345036e-12
404.05 6.95203700762e-12
404.06 8.37963997731e-12
404.07 1.00916541214e-11
404.08 1.21429181297e-11
404.09 1.45984749551e-11
404.1 1.75353978528e-11
404.11 2.10449292991e-11
404.12 2.52349838305e-11
404.13 3.02330737188e-11
404.14 3.6189725398e-11
404.15 4.32824648499e-11
404.16 5.17204618969e-11
404.17 6.17499367388e-11
404.18 7.3660447301e-11
404.19 8.77921932908e-11
404.2 1.04544492519e-10
404.21 1.2438560735e-10
404.22 1.47864124392e-10
404.23 1.75622119097e-10
404.24 2.08410369195e-10
404.25 2.47105917252e-10
404.26 2.92732323612e-10
404.27 3.46482997048e-10
404.28 4.09748042198e-10
404.29 4.84145120885e-10
404.3 5.71554889406e-10
404.31 6.74161646572e-10
404.32 7.94499908397e-10
404.33 9.35507715852e-10
404.34 1.10058758283e-09
404.35 1.29367610344e-09
404.36 1.51932336204e-09
404.37 1.78278342724e-09
404.38 2.0901173633e-09
404.39 2.44831036101e-09
404.4 2.86540477548e-09
404.41 3.35065106297e-09
404.42 3.91467883332e-09
404.43 4.56969048137e-09
404.44 5.32968013057e-09
404.45 6.21068091747e-09
404.46 7.2310439678e-09
404.47 8.4117527663e-09
404.48 9.77677700374e-09
404.49 1.13534703992e-08
404.5 1.31730174443e-08
404.51 1.52709344997e-08
404.52 1.76876312004e-08
404.53 2.04690386841e-08
404.54 2.36673117664e-08
404.55 2.7341612829e-08
404.56 3.15589858839e-08
404.57 3.63953300079e-08
404.58 4.19364821321e-08
404.59 4.8279419997e-08
404.6 5.55335969656e-08
404.61 6.3822421313e-08
404.62 7.32848935839e-08
404.63 8.40774166305e-08
404.64 9.63757940048e-08
404.65 1.10377433491e-07
404.66 1.26303773704e-07
404.67 1.44402952867e-07
404.68 1.64952740087e-07
404.69 1.88263750694e-07
404.7 2.14682968465e-07
404.71 2.44597598801e-07
404.72 2.78439278243e-07
404.73 3.16688666909e-07
404.74 3.59880451739e-07
404.75 4.086087896e-07
404.76 4.63533220482e-07
404.77 5.25385082105e-07
404.78 5.94974458287e-07
404.79 6.73197694304e-07
404.8 7.61045513308e-07
404.81 8.59611768475e-07
404.82 9.70102866046e-07
404.83 1.09384789471e-06
404.84 1.2323094968e-06
404.85 1.38709551663e-06
404.86 1.55997146078e-06
404.87 1.7528738042e-06
404.88 1.96792417524e-06
404.89 2.20744445062e-06
404.9 2.47397278986e-06
404.91 2.77028063605e-06
404.92 3.09939070684e-06
404.93 3.46459599641e-06
404.94 3.86947980469e-06
404.95 4.31793680597e-06
404.96 4.81419516339e-06
404.97 5.36283969015e-06
404.98 5.96883605153e-06
404.99 6.63755599439e-06
405.0 7.3748035831e-06
405.01 8.18684241138e-06
405.02 9.08042375058e-06
405.03 1.0062815584e-05
405.04 1.11418324658e-05
405.05 1.23258661314e-05
405.06 1.36239167723e-05
405.07 1.5045624877e-05
405.08 1.6601303523e-05
405.09 1.83019709909e-05
405.1 2.01593835569e-05
405.11 2.21860683029e-05
405.12 2.43953557665e-05
405.13 2.68014122376e-05
405.14 2.94192714884e-05
405.15 3.22648657099e-05
405.16 3.53550554059e-05
405.17 3.87076579816e-05
405.18 4.23414747441e-05
405.19 4.62763160165e-05
405.2 5.05330240495e-05
405.21 5.51334934012e-05
405.22 6.01006884358e-05
405.23 6.54586575858e-05
405.24 7.12325440014e-05
405.25 7.74485922069e-05
405.26 8.41341503717e-05
405.27 9.13176677955e-05
405.28 9.90286872057e-05
405.29 0.00010729783146
405.3 0.000116156784248
405.31 0.000125638264395
405.32 0.000135775993361
405.33 0.000146604655564
405.34 0.000158159851145
405.35 0.000170478040828
405.36 0.000183596482532
405.37 0.00019755315944
405.38 0.000212386699246
405.39 0.000228136284318
405.4 0.000244841552601
405.41 0.000262542489075
405.42 0.000281279307664
405.43 0.000301092323528
405.44 0.000322021815731
405.45 0.000344107880336
405.46 0.000367390274051
405.47 0.000391908248591
405.48 0.00041770037603
405.49 0.000444804365458
405.5 0.000473256871347
405.51 0.000503093294114
405.52 0.000534347573445
405.53 0.000567051975017
405.54 0.000601236871344
405.55 0.000636930517572
405.56 0.000674158823091
405.57 0.000712945119946
405.58 0.0007533099291
405.59 0.000795270725659
405.6 0.000838841704263
405.61 0.000884033545911
405.62 0.000930853187521
405.63 0.000979303595639
405.64 0.0010293835457
405.65 0.0010810874083
405.66 0.00113440494407
405.67 0.00118932110853
405.68 0.00124581586863
405.69 0.00130386403237
405.7 0.00136343509325
405.71 0.0014244930908
405.72 0.00148699648896
405.73 0.0015508980736
405.74 0.00161614487062
405.75 0.00168267808598
405.76 0.00175043306898
405.77 0.00181933929984
405.78 0.00188932040277
405.79 0.00196029418536
405.8 0.00203217270532
405.81 0.00210486236504
405.82 0.00217826403469
405.83 0.00225227320421
405.84 0.00232678016436
405.85 0.00240167021702
405.86 0.00247682391457
405.87 0.00255211732796
405.88 0.00262742234319
405.89 0.00270260698541
405.9 0.00277753576974
405.91 0.00285207007792
405.92 0.00292606855945
405.93 0.0029993875558
405.94 0.00307188154616
405.95 0.003143403613
405.96 0.00321380592536
405.97 0.00328294023798
405.98 0.00335065840395
405.99 0.00341681289852
406.0 0.0034812573517
406.01 0.003543847087
406.02 0.00360443966368
406.03 0.00366289541982
406.04 0.00371907801352
406.05 0.00377285495923
406.06 0.00382409815668
406.07 0.00387268440945
406.08 0.00391849593045
406.09 0.00396142083167
406.1 0.00400135359552
406.11 0.00403819552529
406.12 0.00407185517217
406.13 0.00410224873671
406.14 0.00412930044247
406.15 0.00415294287994
406.16 0.00417311731891
406.17 0.00418977398774
406.18 0.00420287231813
406.19 0.00421238115423
406.2 0.00421827892525
406.21 0.00422055378083
406.22 0.00421920368879
406.23 0.00421423649509
406.24 0.00420566994613
406.25 0.00419353167377
406.26 0.00417785914359
406.27 0.00415869956742
406.28 0.00413610978121
406.29 0.00411015608957
406.3 0.00408091407871
406.31 0.00404846839952
406.32 0.00401291252289
406.33 0.0039743484695
406.34 0.00393288651662
406.35 0.0038886448843
406.36 0.00384174940391
406.37 0.00379233317175
406.38 0.00374053619081
406.39 0.00368650500361
406.4 0.00363039231937
406.41 0.00357235663846
406.42 0.0035125618775
406.43 0.00345117699808
406.44 0.00338837564227
406.45 0.00332433577791
406.46 0.00325923935667
406.47 0.00319327198774
406.48 0.00312662262967
406.49 0.00305948330315
406.5 0.00299204882696
406.51 0.00292451657915
406.52 0.00285708628563
406.53 0.00278995983765
406.54 0.00272334113973
406.55 0.00265743598922
406.56 0.00259245198829
406.57 0.00252859848897
406.58 0.00246608657165
406.59 0.00240512905677
406.6 0.00234594054952
406.61 0.00228873751674
406.62 0.00223373839505
406.63 0.00218116372883
406.64 0.00213123633625
406.65 0.00208418150147
406.66 0.00204022719044
406.67 0.00199960428777
406.68 0.00196254685153
406.69 0.00192929238269
406.7 0.00190008210562
406.71 0.00187516125569
406.72 0.00185477936985
406.73 0.00183919057573
406.74 0.00182865387478
406.75 0.00182343341439
406.76 0.00182379874423
406.77 0.00183002505149
406.78 0.00184239336984
406.79 0.00186119075684
406.8 0.00188671043414
406.81 0.0019192518854
406.82 0.00195912090628
406.83 0.00200662960126
406.84 0.00206209632206
406.85 0.00212584554254
406.86 0.0021982076652
406.87 0.00227951875458
406.88 0.00237012019312
406.89 0.00247035825547
406.9 0.0025805835975
406.91 0.00270115065658
406.92 0.00283241696048
406.93 0.00297474234242
406.94 0.00312848806042
406.95 0.00329401581985
406.96 0.00347168669855
406.97 0.00366185997461
406.98 0.00386489185759
406.99 0.00408113412484
407.0 0.00431093266507
407.01 0.00455462593253
407.02 0.00481254331549
407.03 0.00508500342417
407.04 0.00537231230341
407.05 0.00567476157696
407.06 0.00599262653056
407.07 0.0063261641422
407.08 0.00667561106876
407.09 0.00704118159874
407.1 0.00742306558223
407.11 0.00782142634932
407.12 0.00823639862958
407.13 0.00866808648528
407.14 0.00911656127228
407.15 0.00958185964254
407.16 0.0100639816031
407.17 0.0105628886464
407.18 0.0110785019678
407.19 0.0116107007857
407.2 0.0121593207796
407.21 0.0127241526628
407.22 0.013304940905
407.23 0.0139013826204
407.24 0.0145131266361
407.25 0.0151397727563
407.26 0.0157808712358
407.27 0.0164359224765
407.28 0.0171043769596
407.29 0.0177856354247
407.3 0.0184790493065
407.31 0.019183921439
407.32 0.0198995070339
407.33 0.0206250149406
407.34 0.0213596091922
407.35 0.0221024108414
407.36 0.0228525000864
407.37 0.023608918688
407.38 0.0243706726741
407.39 0.0251367353282
407.4 0.0259060504553
407.41 0.0266775359161
407.42 0.0274500874209
407.43 0.0282225825675
407.44 0.0289938851118
407.45 0.029762849452
407.46 0.0305283253084
407.47 0.0312891625792
407.48 0.032044216348
407.49 0.0327923520204
407.5 0.0335324505629
407.51 0.0342634138173
407.52 0.0349841698619
407.53 0.035693678389
407.54 0.0363909360689
407.55 0.0370749818675
407.56 0.0377449022865
407.57 0.038399836492
407.58 0.0390389812996
407.59 0.0396615959831
407.6 0.0402670068727
407.61 0.0408546117129
407.62 0.0414238837461
407.63 0.0419743754932
407.64 0.0425057222013
407.65 0.0430176449297
407.66 0.0435099532495
407.67 0.0439825475313
407.68 0.0444354207983
407.69 0.044868660126
407.7 0.0452824475694
407.71 0.0456770606032
407.72 0.0460528720624
407.73 0.046410349574
407.74 0.0467500544729
407.75 0.0470726401988
407.76 0.0473788501734
407.77 0.0476695151609
407.78 0.0479455501179
407.79 0.0482079505418
407.8 0.0484577883296
407.81 0.0486962071642
407.82 0.0489244174446
407.83 0.0491436907837
407.84 0.049355354097
407.85 0.0495607833092
407.86 0.0497613967102
407.87 0.0499586479902
407.88 0.0501540189909
407.89 0.0503490122075
407.9 0.050545143081
407.91 0.0507439321195
407.92 0.0509468968905
407.93 0.0511555439273
407.94 0.0513713605901
407.95 0.0515958069279
407.96 0.0518303075841
407.97 0.0520762437893
407.98 0.052334945486
407.99 0.052607683627
408.0 0.0528956626909
408.01 0.0532000134553
408.02 0.0535217860678
408.03 0.0538619434527
408.04 0.0542213550908
408.05 0.0546007912056
408.06 0.0550009173898
408.07 0.0554222897001
408.08 0.055865350249
408.09 0.0563304233183
408.1 0.0568177120147
408.11 0.0573272954876
408.12 0.0578591267241
408.13 0.0584130309346
408.14 0.0589887045365
408.15 0.0595857147448
408.16 0.0602034997699
408.17 0.0608413696241
408.18 0.0614985075325
408.19 0.062173971941
408.2 0.062866699113
408.21 0.0635755063007
408.22 0.0642990954756
408.23 0.0650360576001
408.24 0.0657848774181
408.25 0.0665439387417
408.26 0.067311530207
408.27 0.0680858514714
408.28 0.0688650198214
408.29 0.0696470771593
408.3 0.0704299973339
408.31 0.0712116937812
408.32 0.0719900274372
408.33 0.0727628148857
408.34 0.0735278367034
408.35 0.0742828459616
408.36 0.0750255768462
408.37 0.0757537533558
408.38 0.0764650980384
408.39 0.0771573407266
408.4 0.0778282272332
408.41 0.0784755279676
408.42 0.0790970464352
408.43 0.0796906275844
408.44 0.0802541659628
408.45 0.0807856136514
408.46 0.0812829879401
408.47 0.0817443787164
408.48 0.0821679555347
408.49 0.0825519743398
408.5 0.0828947838179
408.51 0.0831948313505
408.52 0.08345066855
408.53 0.0836609563565
408.54 0.0838244696778
408.55 0.0839401015582
408.56 0.0840068668619
408.57 0.0840239054607
408.58 0.0839904849172
408.59 0.0839060026582
408.6 0.0837699876334
408.61 0.083582101459
408.62 0.0833421390463
408.63 0.0830500287189
408.64 0.0827058318241
408.65 0.0823097418451
408.66 0.0818620830243
408.67 0.0813633085103
408.68 0.0808139980398
408.69 0.0802148551722
408.7 0.0795667040936
408.71 0.0788704860076
408.72 0.0781272551357
408.73 0.0773381743478
408.74 0.0765045104464
408.75 0.0756276291282
408.76 0.0747089896505
408.77 0.0737501392267
408.78 0.0727527071795
408.79 0.0717183988794
408.8 0.0706489894963
408.81 0.0695463175944
408.82 0.0684122785981
408.83 0.0672488181585
408.84 0.0660579254508
408.85 0.0648416264289
408.86 0.0636019770693
408.87 0.0623410566295
408.88 0.0610609609503
408.89 0.0597637958283
408.9 0.0584516704852
408.91 0.0571266911584
408.92 0.0557909548375
408.93 0.0544465431702
408.94 0.0530955165583
408.95 0.0517399084648
408.96 0.0503817199517
408.97 0.049022914465
408.98 0.047665412884
408.99 0.046311088848
409.0 0.0449617643748
409.01 0.0436192057811
409.02 0.0422851199145
409.03 0.0409611507046
409.04 0.0396488760398
409.05 0.0383498049736
409.06 0.0370653752633
409.07 0.0357969512419
409.08 0.0345458220228
409.09 0.0333132000347
409.1 0.0321002198832
409.11 0.0309079375335
409.12 0.0297373298083
409.13 0.0285892941917
409.14 0.0274646489312
409.15 0.0263641334258
409.16 0.0252884088903
409.17 0.0242380592824
409.18 0.0232135924787
409.19 0.0222154416873
409.2 0.0212439670796
409.21 0.0202994576283
409.22 0.0193821331337
409.23 0.0184921464238
409.24 0.0176295857099
409.25 0.0167944770827
409.26 0.0159867871307
409.27 0.015206425665
409.28 0.0144532485338
409.29 0.0137270605104
409.3 0.0130276182374
409.31 0.0123546332134
409.32 0.0117077748057
409.33 0.011086673274
409.34 0.0104909227919
409.35 0.00992008445282
409.36 0.00937368924611
409.37 0.00885124099314
409.38 0.00835221923096
409.39 0.00787608203344
409.4 0.00742226876035
409.41 0.00699020272545
409.42 0.00657929377582
409.43 0.00618894077534
409.44 0.00581853398613
409.45 0.00546745734269
409.46 0.00513509061429
409.47 0.00482081145182
409.48 0.00452399731657
409.49 0.00424402728858
409.5 0.00398028375353
409.51 0.0037321539675
409.52 0.00349903149972
409.53 0.00328031755415
409.54 0.00307542217127
409.55 0.00288376531199
409.56 0.00270477782629
409.57 0.00253790230935
409.58 0.00238259384884
409.59 0.00223832066697
409.6 0.00210456466146
409.61 0.00198082184999
409.62 0.00186660272274
409.63 0.00176143250793
409.64 0.00166485135546
409.65 0.00157641444396
409.66 0.00149569201634
409.67 0.00142226934946
409.68 0.00135574666316
409.69 0.00129573897398
409.7 0.00124187589903
409.71 0.00119380141519
409.72 0.00115117357871
409.73 0.0011136642104
409.74 0.00108095855111
409.75 0.00105275489234
409.76 0.00102876418638
409.77 0.00100870964041
409.78 0.000992326298495
409.79 0.00097936061555
409.8 0.000969570026699
409.81 0.000962722515557
409.82 0.000958596184498
409.83 0.000956978829806
409.84 0.00095766752434
409.85 0.000960468210068
409.86 0.000965195302592
409.87 0.000971671309508
409.88 0.000979726464233
409.89 0.00098919837664
409.9 0.000999931701654
409.91 0.00101177782669
409.92 0.00102459457863
409.93 0.00103824595078
409.94 0.00105260185007
409.95 0.00106753786464
409.96 0.0010829350516
409.97 0.00109867974473
409.98 0.00111466338173
409.99 0.00113078235035
410.0 0.00114693785282
410.01 0.00116303578761
410.02 0.00117898664772
410.03 0.00119470543433
410.04 0.00121011158493
410.05 0.00122512891448
410.06 0.00123968556863
410.07 0.00125371398757
410.08 0.00126715087934
410.09 0.00127993720119
410.1 0.00129201814777
410.11 0.00130334314475
410.12 0.00131386584667
410.13 0.00132354413775
410.14 0.00133234013436
410.15 0.00134022018804
410.16 0.00134715488793
410.17 0.00135311906157
410.18 0.00135809177297
410.19 0.00136205631718
410.2 0.00136500021039
410.21 0.00136691517485
410.22 0.00136779711795
410.23 0.0013676461048
410.24 0.00136646632392
410.25 0.00136426604556
410.26 0.00136105757236
410.27 0.00135685718213
410.28 0.00135168506269
410.29 0.00134556523857
410.3 0.00133852548985
410.31 0.00133059726307
410.32 0.00132181557455
410.33 0.00131221890635
410.34 0.00130184909531
410.35 0.00129075121549
410.36 0.0012789734546
410.37 0.00126656698489
410.38 0.00125358582917
410.39 0.00124008672249
410.4 0.00122612897027
410.41 0.00121177430344
410.42 0.00119708673143
410.43 0.00118213239362
410.44 0.00116697941011
410.45 0.00115169773239
410.46 0.00113635899477
410.47 0.00112103636719
410.48 0.00110580441012
410.49 0.00109073893223
410.5 0.00107591685142
410.51 0.0010614160598
410.52 0.00104731529315
410.53 0.00103369400545
410.54 0.00102063224873
410.55 0.00100821055874
410.56 0.000996509846807
410.57 0.000985611297997
410.58 0.000975596275831
410.59 0.000966546233709
410.6 0.000958542633027
410.61 0.000951666867992
410.62 0.000946000197037
410.63 0.000941623680655
410.64 0.000938618125423
410.65 0.000937064033891
410.66 0.000937041559968
410.67 0.000938630469342
410.68 0.000941910104431
410.69 0.000946959353274
410.7 0.000953856621737
410.71 0.000962679808331
410.72 0.000973506280901
410.73 0.000986412854393
410.74 0.00100147576885
410.75 0.00101877066678
410.76 0.001038372569
410.77 0.00106035584792
410.78 0.00108479419751
410.79 0.0011117605988
410.8 0.00114132727996
410.81 0.00117356567012
410.82 0.00120854634576
410.83 0.00124633896891
410.84 0.00128701221606
410.85 0.00133063369701
410.86 0.00137726986266
410.87 0.0014269859011
410.88 0.00147984562106
410.89 0.00153591132215
410.9 0.00159524365117
410.91 0.00165790144409
410.92 0.00172394155303
410.93 0.00179341865815
410.94 0.00186638506397
410.95 0.00194289048013
410.96 0.00202298178655
410.97 0.00210670278306
410.98 0.0021940939239
410.99 0.00228519203724
411.0 0.00238003003063
411.01 0.00247863658266
411.02 0.00258103582215
411.03 0.0026872469954
411.04 0.00279728412321
411.05 0.00291115564852
411.06 0.00302886407656
411.07 0.003150405609
411.08 0.00327576977389
411.09 0.00340493905362
411.1 0.0035378885127
411.11 0.00367458542792
411.12 0.00381498892314
411.13 0.00395904961132
411.14 0.00410670924641
411.15 0.0042579003878
411.16 0.00441254608023
411.17 0.00457055955203
411.18 0.00473184393457
411.19 0.00489629200598
411.2 0.00506378596205
411.21 0.00523419721732
411.22 0.00540738623926
411.23 0.00558320241842
411.24 0.00576148397744
411.25 0.00594205792138
411.26 0.00612474003225
411.27 0.00630933490978
411.28 0.00649563606101
411.29 0.00668342604045
411.3 0.00687247664277
411.31 0.0070625491494
411.32 0.00725339463053
411.33 0.0074447543033
411.34 0.0076363599469
411.35 0.00782793437498
411.36 0.00801919196526
411.37 0.00820983924611
411.38 0.0083995755392
411.39 0.00858809365729
411.4 0.00877508065555
411.41 0.00896021863462
411.42 0.00914318559311
411.43 0.00932365632693
411.44 0.00950130337245
411.45 0.00967579799018
411.46 0.00984681118513
411.47 0.01001401476
411.48 0.0101770823964
411.49 0.0103356907607
411.5 0.0104895206272
411.51 0.0106382580163
411.52 0.0107815953404
411.53 0.0109192325524
411.54 0.011050878292
411.55 0.0111762510218
411.56 0.0112950801508
411.57 0.0114071071359
411.58 0.0115120865579
411.59 0.0116097871648
411.6 0.011699992878
411.61 0.0117825037542
411.62 0.0118571368988
411.63 0.0119237273253
411.64 0.0119821287553
411.65 0.012032214355
411.66 0.0120738774028
411.67 0.0121070318861
411.68 0.0121316130202
411.69 0.0121475776902
411.7 0.012154904809
411.71 0.0121535955924
411.72 0.0121436737469
411.73 0.0121251855701
411.74 0.0120981999624
411.75 0.0120628083497
411.76 0.012019124516
411.77 0.0119672843485
411.78 0.0119074454942
411.79 0.0118397869304
411.8 0.0117645084509
411.81 0.0116818300705
411.82 0.0115919913504
411.83 0.0114952506469
411.84 0.0113918842895
411.85 0.0112821856885
411.86 0.0111664643808
411.87 0.0110450450149
411.88 0.0109182662816
411.89 0.0107864797955
411.9 0.0106500489326
411.91 0.0105093476283
411.92 0.0103647591431
411.93 0.0102166748006
411.94 0.0100654927032
411.95 0.00991161643275
411.96 0.00975545374008
411.97 0.00959741522999
411.98 0.00943791304728
411.99 0.00927735956908
412.0 0.00911616610873
412.01 0.00895474163653
412.02 0.00879349152212
412.03 0.00863281630338
412.04 0.0084731104862
412.05 0.00831476137937
412.06 0.00815814796869
412.07 0.00800363983366
412.08 0.00785159611047
412.09 0.00770236450414
412.1 0.0075562803526
412.11 0.00741366574533
412.12 0.00727482869839
412.13 0.00714006238807
412.14 0.00700964444432
412.15 0.00688383630545
412.16 0.00676288263493
412.17 0.00664701080091
412.18 0.00653643041893
412.19 0.00643133295793
412.2 0.00633189140931
412.21 0.00623826001886
412.22 0.00615057408076
412.23 0.0060689497931
412.24 0.00599348417364
412.25 0.00592425503494
412.26 0.00586132101731
412.27 0.00580472167814
412.28 0.00575447763612
412.29 0.00571059076851
412.3 0.00567304445957
412.31 0.00564180389839
412.32 0.00561681642396
412.33 0.0055980119155
412.34 0.00558530322584
412.35 0.00557858665576
412.36 0.00557774246701
412.37 0.00558263543175
412.38 0.00559311541628
412.39 0.00560901799664
412.4 0.00563016510388
412.41 0.00565636569669
412.42 0.00568741645921
412.43 0.0057231025216
412.44 0.00576319820129
412.45 0.00580746776259
412.46 0.0058556661924
412.47 0.00590753999004
412.48 0.00596282796874
412.49 0.00602126206694
412.5 0.00608256816708
412.51 0.00614646691992
412.52 0.00621267457229
412.53 0.00628090379618
412.54 0.00635086451741
412.55 0.00642226474154
412.56 0.0064948113755
412.57 0.00656821104274
412.58 0.00664217089019
412.59 0.0067163993851
412.6 0.00679060710016
412.61 0.00686450748486
412.62 0.00693781762165
412.63 0.00701025896511
412.64 0.00708155806238
412.65 0.00715144725361
412.66 0.00721966535046
412.67 0.00728595829151
412.68 0.00735007977305
412.69 0.00741179185369
412.7 0.00747086553184
412.71 0.0075270812944
412.72 0.00758022963579
412.73 0.00763011154605
412.74 0.00767653896691
412.75 0.00771933521503
412.76 0.00775833537133
412.77 0.00779338663568
412.78 0.00782434864627
412.79 0.0078510937629
412.8 0.00787350731368
412.81 0.00789148780477
412.82 0.00790494709266
412.83 0.00791381051885
412.84 0.00791801700667
412.85 0.00791751912024
412.86 0.00791228308569
412.87 0.00790228877461
412.88 0.00788752965022
412.89 0.00786801267647
412.9 0.00784375819065
412.91 0.00781479974011
412.92 0.00778118388373
412.93 0.00774296995902
412.94 0.00770022981586
412.95 0.00765304751768
412.96 0.00760151901146
412.97 0.00754575176773
412.98 0.00748586439177
412.99 0.00742198620766
413.0 0.00735425681656
413.01 0.00728282563084
413.02 0.00720785138583
413.03 0.00712950163084
413.04 0.00704795220139
413.05 0.00696338667442
413.06 0.00687599580845
413.07 0.00678597697078
413.08 0.00669353355355
413.09 0.0065988743808
413.1 0.00650221310857
413.11 0.00640376762015
413.12 0.00630375941834
413.13 0.00620241301702
413.14 0.00609995533377
413.15 0.00599661508576
413.16 0.00589262219064
413.17 0.00578820717441
413.18 0.00568360058808
413.19 0.00557903243475
413.2 0.00547473160896
413.21 0.00537092534956
413.22 0.00526783870792
413.23 0.00516569403251
413.24 0.00506471047123
413.25 0.00496510349265
413.26 0.00486708442699
413.27 0.00477086002783
413.28 0.0046766320552
413.29 0.00458459688064
413.3 0.00449494511469
413.31 0.00440786125717
413.32 0.00432352337024
413.33 0.00424210277457
413.34 0.00416376376821
413.35 0.00408866336821
413.36 0.00401695107443
413.37 0.00394876865528
413.38 0.0038842499547
413.39 0.00382352071968
413.4 0.00376669844777
413.41 0.00371389225356
413.42 0.00366520275322
413.43 0.00362072196642
413.44 0.00358053323422
413.45 0.00354471115225
413.46 0.00351332151801
413.47 0.00348642129115
413.48 0.00346405856581
413.49 0.00344627255401
413.5 0.00343309357898
413.51 0.00342454307757
413.52 0.00342063361092
413.53 0.00342136888237
413.54 0.00342674376221
413.55 0.00343674431824
413.56 0.00345134785197
413.57 0.00347052293978
413.58 0.00349422947879
413.59 0.00352241873733
413.6 0.00355503340983
413.61 0.00359200767622
413.62 0.00363326726603
413.63 0.00367872952752
413.64 0.00372830350216
413.65 0.00378189000523
413.66 0.00383938171295
413.67 0.00390066325704
413.68 0.00396561132771
413.69 0.00403409478574
413.7 0.00410597478495
413.71 0.00418110490611
413.72 0.00425933130334
413.73 0.0043404928643
413.74 0.00442442138541
413.75 0.00451094176315
413.76 0.00459987220288
413.77 0.00469102444614
413.78 0.00478420401774
413.79 0.00487921049347
413.8 0.00497583778968
413.81 0.00507387447538
413.82 0.00517310410767
413.83 0.00527330559114
413.84 0.00537425356169
413.85 0.005475718795
413.86 0.00557746863985
413.87 0.0056792674761
413.88 0.00578087719713
413.89 0.00588205771619
413.9 0.00598256749589
413.91 0.00608216410007
413.92 0.00618060476656
413.93 0.00627764699976
413.94 0.00637304918116
413.95 0.00646657119613
413.96 0.00655797507477
413.97 0.00664702564461
413.98 0.0067334911927
413.99 0.00681714413446
414.0 0.0068977616863
414.01 0.00697512653928
414.02 0.00704902753049
414.03 0.00711926030904
414.04 0.00718562799329
414.05 0.00724794181592
414.06 0.00730602175355
414.07 0.00735969713723
414.08 0.00740880724054
414.09 0.00745320184191
414.1 0.00749274175767
414.11 0.0075272993427
414.12 0.00755675895557
414.13 0.00758101738504
414.14 0.00759998423528
414.15 0.00761358226696
414.16 0.00762174769209
414.17 0.00762443042007
414.18 0.00762159425338
414.19 0.00761321703102
414.2 0.00759929071844
414.21 0.0075798214429
414.22 0.00755482947358
414.23 0.00752434914591
414.24 0.00748842873011
414.25 0.00744713024431
414.26 0.00740052921258
414.27 0.00734871436906
414.28 0.00729178730932
414.29 0.00722986209054
414.3 0.00716306478238
414.31 0.00709153297082
414.32 0.00701541521737
414.33 0.0069348704764
414.34 0.00685006747356
414.35 0.00676118404867
414.36 0.00666840646624
414.37 0.00657192869741
414.38 0.00647195167712
414.39 0.00636868254014
414.4 0.00626233384025
414.41 0.00615312275639
414.42 0.00604127029006
414.43 0.00592700045795
414.44 0.00581053948395
414.45 0.00569211499469
414.46 0.00557195522242
414.47 0.00545028821928
414.48 0.00532734108665
414.49 0.00520333922326
414.5 0.0050785055955
414.51 0.00495306003312
414.52 0.00482721855355
414.53 0.00470119271754
414.54 0.00457518901874
414.55 0.00444940830958
414.56 0.00432404526561
414.57 0.00419928788987
414.58 0.00407531705914
414.59 0.00395230611296
414.6 0.00383042048671
414.61 0.0037098173892
414.62 0.00359064552516
414.63 0.00347304486299
414.64 0.00335714644722
414.65 0.00324307225566
414.66 0.00313093510022
414.67 0.00302083857083
414.68 0.00291287702097
414.69 0.00280713559378
414.7 0.00270369028695
414.71 0.0026026080549
414.72 0.00250394694613
414.73 0.00240775627393
414.74 0.00231407681815
414.75 0.00222294105582
414.76 0.00213437341832
414.77 0.0020483905726
414.78 0.0019650017241
414.79 0.00188420893877
414.8 0.0018060074818
414.81 0.00173038617046
414.82 0.00165732773864
414.83 0.00158680921067
414.84 0.00151880228194
414.85 0.00145327370418
414.86 0.00139018567291
414.87 0.00132949621519
414.88 0.00127115957539
414.89 0.00121512659719
414.9 0.00116134509992
414.91 0.0011097602476
414.92 0.00106031490904
414.93 0.00101295000763
414.94 0.000967604859505
414.95 0.000924217498946
414.96 0.000882724989962
414.97 0.000843063723218
414.98 0.000805169697548
414.99 0.000768978785446
415.0 0.000734426982083
415.01 0.000701450637476
415.02 0.000669986671613
415.03 0.000639972772416
415.04 0.000611347576547
415.05 0.00058405083319
415.06 0.000558023550985
415.07 0.000533208128449
415.08 0.000509548468251
415.09 0.000486990075803
415.1 0.000465480142694
415.11 0.000444967615571
415.12 0.000425403251077
415.13 0.000406739657566
415.14 0.000388931324288
415.15 0.000371934638817
415.16 0.000355707893476
415.17 0.000340211281575
415.18 0.00032540688423
415.19 0.00031125864859
415.2 0.000297732358261
415.21 0.000284795596717
415.22 0.000272417704476
415.23 0.000260569730806
415.24 0.000249224380695
415.25 0.0002383559578
415.26 0.000227940304057
415.27 0.000217954736612
415.28 0.000208377982681
415.29 0.000199190112941
415.3 0.000190372473977
415.31 0.000181907620314
415.32 0.000173779246496
415.33 0.000165972119639
415.34 0.000158472012855
415.35 0.000151265639906
415.36 0.000144340591385
415.37 0.00013768527272
415.38 0.000131288844225
415.39 0.000125141163411
415.4 0.00011923272973
415.41 0.000113554631879
415.42 0.00010809849778
415.43 0.000102856447312
415.44 9.78210478422e-05
415.45 9.29852725855e-05
415.46 8.83424617952e-05
415.47 8.38862867612e-05
415.48 7.96107165821e-05
415.49 7.55099876529e-05
415.5 7.1578575799e-05
415.51 6.78111709708e-05
415.52 6.42026544044e-05
415.53 6.07480781427e-05
415.54 5.74426468021e-05
415.55 5.42817014668e-05
415.56 5.1260705585e-05
415.57 4.83752327392e-05
415.58 4.56209561602e-05
415.59 4.29936398545e-05
415.6 4.04891312147e-05
415.61 3.8103354983e-05
415.62 3.5832308442e-05
415.63 3.36720577094e-05
415.64 3.16187350152e-05
415.65 2.96685368489e-05
415.66 2.78177228643e-05
415.67 2.60626154385e-05
415.68 2.43995997855e-05
415.69 2.28251245326e-05
415.7 2.13357026722e-05
415.71 1.99279128089e-05
415.72 1.85984006293e-05
415.73 1.73438805259e-05
415.74 1.61611373153e-05
415.75 1.50470279949e-05
415.76 1.39984834907e-05
415.77 1.30125103529e-05
415.78 1.20861923618e-05
415.79 1.12166920132e-05
415.8 1.04012518564e-05
415.81 9.63719566217e-06
415.82 8.92192940528e-06
415.83 8.25294204637e-06
415.84 7.62780610537e-06
415.85 7.0441780202e-06
415.86 6.49979828813e-06
415.87 5.99249139026e-06
415.88 5.520165502e-06
415.89 5.08081199445e-06
415.9 4.67250473407e-06
415.91 4.29339918901e-06
415.92 3.94173135255e-06
415.93 3.61581649465e-06
415.94 3.31404775396e-06
415.95 3.03489458315e-06
415.96 2.77690106077e-06
415.97 2.53868408346e-06
415.98 2.31893145223e-06
415.99 2.11639986645e-06
416.0 1.92991283939e-06
416.01 1.75835854834e-06
416.02 1.60068763249e-06
416.03 1.45591095085e-06
416.04 1.32309731228e-06
416.05 1.20137118877e-06
416.06 1.08991042279e-06
416.07 9.8794393854e-07
416.08 8.94749466409e-07
416.09 8.09651289133e-07
416.1 7.32018017392e-07
416.11 6.61260401872e-07
416.12 5.96829188089e-07
416.13 5.38213019511e-07
416.14 4.84936393841e-07
416.15 4.36557676652e-07
416.16 3.92667175876e-07
416.17 3.52885280079e-07
416.18 3.16860662827e-07
416.19 2.84268554918e-07
416.2 2.54809085735e-07
416.21 2.28205694494e-07
416.22 2.04203611741e-07
416.23 1.82568411014e-07
416.24 1.63084630272e-07
416.25 1.45554462313e-07
416.26 1.29796513162e-07
416.27 1.15644627119e-07
416.28 1.0294677694e-07
416.29 9.15640174533e-08
416.3 8.13695007191e-08
416.31 7.22475507354e-08
416.32 6.40927955632e-08
416.33 5.68093546769e-08
416.34 5.03100792743e-08
416.35 4.45158432442e-08
416.36 3.93548824682e-08
416.37 3.47621801245e-08
416.38 3.06788956755e-08
416.39 2.70518352409e-08
416.4 2.38329610944e-08
416.41 2.09789380678e-08
416.42 1.8450714697e-08
416.43 1.62131370089e-08
416.44 1.42345929141e-08
416.45 1.2486685241e-08
416.46 1.09439315249e-08
416.47 9.58348874267e-09
416.48 8.38490126617e-09
416.49 7.32987038719e-09
416.5 6.40204385067e-09
416.51 5.58682391434e-09
416.52 4.87119253431e-09
416.53 4.24355235629e-09
416.54 3.69358227045e-09
416.55 3.21210636452e-09
416.56 2.79097518354e-09
416.57 2.42295827669e-09
416.58 2.10164708002e-09
416.59 1.82136725034e-09
416.6 1.57709962825e-09
416.61 1.36440906855e-09
416.62 1.17938043296e-09
416.63 1.0185610943e-09
416.64 8.78909351878e-10
416.65 7.57748205793e-10
416.66 6.52723982757e-10
416.67 5.61769348145e-10
416.68 4.83070278174e-10
416.69 4.15036602785e-10
416.7 3.56275763795e-10
416.71 3.05569464486e-10
416.72 2.61852916e-10
416.73 2.24196412933e-10
416.74 1.91788995413e-10
416.75 1.63923977861e-10
416.76 1.3998614566e-10
416.77 1.19440440299e-10
416.78 1.01821971143e-10
416.79 8.67272081745e-11
416.8 7.38062247048e-11
416.81 6.27558724789e-11
416.82 5.33137837282e-11
416.83 4.5253105787e-11
416.84 3.83778838684e-11
416.85 3.25190166412e-11
416.86 2.75307174081e-11
416.87 2.3287421041e-11
416.88 1.96810834518e-11
416.89 1.66188263268e-11
416.9 1.40208851922e-11
416.91 1.18188236611e-11
416.92 9.95398099553e-12
416.93 8.37612393666e-12
416.94 7.04227717199e-12
416.95 5.91570984371e-12
416.96 4.96505820774e-12
416.97 4.16356695378e-12
416.98 3.48843382709e-12
416.99 2.92024408022e-12
417.0 2.44248295254e-12
417.01 2.04111585075e-12
417.02 1.70422720519e-12
417.03 1.42171012377e-12
417.04 1.1849999748e-12
417.05 9.86845917032e-13
417.06 8.21115174054e-13
417.07 6.82625532576e-13
417.08 5.67002142005e-13
417.09 4.70555215041e-13
417.1 3.90175685525e-13
417.11 3.23246277708e-13
417.12 2.67565787883e-13
417.13 2.21284680963e-13
417.14 1.82850366756e-13
417.15 1.50960748192e-13
417.16 1.2452483099e-13
417.17 1.02629355007e-13
417.18 8.45105552253e-14
417.19 6.95302878141e-14
417.2 5.71558668258e-14
417.21 4.69430518426e-14
417.22 3.85217085426e-14
417.23 3.15837342968e-14
417.24 2.5872901159e-14
417.25 2.11763202768e-14
417.26 1.73172760221e-14
417.27 1.41492160108e-14
417.28 1.1550715559e-14
417.29 9.42126276075e-15
417.3 7.67773394163e-15
417.31 6.25144931844e-15
417.32 5.08571577683e-15
417.33 4.13377819608e-15
417.34 3.35711307332e-15
417.35 2.72400865039e-15
417.36 2.2083845975e-15
417.37 1.78881179732e-15
417.38 1.44769910247e-15
417.39 1.17061928261e-15
417.4 9.45750883526e-16
417.41 7.63416515935e-16
417.42 6.15701285746e-16
417.43 4.96137761824e-16
417.44 3.99446131147e-16
417.45 3.21320081528e-16
417.46 2.5825053573e-16
417.47 2.07380686113e-16
417.48 1.66386886864e-16
417.49 1.33380886108e-16
417.5 1.06829651994e-16
417.51 8.54896899642e-17
417.52 6.83532837925e-17
417.53 5.46045381355e-17
417.54 4.35834700856e-17
417.55 3.47567040502e-17
417.56 2.76935785889e-17
417.57 2.20466844185e-17
417.58 1.75360269678e-17
417.59 1.39361507866e-17
417.6 1.10656818976e-17
417.61 8.77884212943e-18
417.62 6.95857014719e-18
417.63 5.51095027977e-18
417.64 4.36070480894e-18
417.65 3.44755019073e-18
417.66 2.72325443121e-18
417.67 2.14926295485e-18
417.68 1.69478495515e-18
417.69 1.33525237659e-18
417.7 1.05108014403e-18
417.71 8.26669694588e-19
417.72 6.49608822362e-19
417.73 5.10029768197e-19
417.74 4.00094745345e-19
417.75 3.13583991024e-19
417.76 2.45566223456e-19
417.77 1.92135268708e-19
417.78 1.50199769255e-19
417.79 1.17315433973e-19
417.8 9.15513494483e-20
417.81 7.13835367019e-20
417.82 5.56102804254e-20
417.83 4.32848404946e-20
417.84 3.36620274987e-20
417.85 2.61558255413e-20
417.86 2.03058094328e-20
417.87 1.57505561309e-20
417.88 1.22066134531e-20
417.89 9.45188009888e-21
417.9 7.31248398826e-21
417.91 5.65243224286e-21
417.92 4.36545498722e-21
417.93 3.36858396124e-21
417.94 2.59710166747e-21
417.95 2.00057223976e-21
417.96 1.53972527118e-21
417.97 1.18401158014e-21
417.98 9.09687809147e-22
417.99 6.98316834735e-22
418.0 5.35594812179e-22
418.01 4.10434561256e-22
418.02 3.1424993672e-22
418.03 2.40397632487e-22
418.04 1.83742189074e-22
418.05 1.40317325604e-22
418.06 1.07062510662e-22
418.07 8.16182466794e-23
418.08 6.21671289678e-23
418.09 4.73105583518e-23
418.1 3.59731980405e-23
418.11 2.73289997176e-23
418.12 2.07439824451e-23
418.13 1.57320112691e-23
418.14 1.19206537609e-23
418.15 9.02484208773e-24
418.16 6.82657493341e-24
418.17 5.15928862715e-24
418.18 3.89583450302e-24
418.19 2.93923890324e-24
418.2 2.21560832059e-24
418.21 1.66868668339e-24
418.22 1.25568389854e-24
418.23 9.44081664665e-25
418.24 7.09189853396e-25
418.25 5.32278808626e-25
418.26 3.99153141248e-25
418.27 2.99063656708e-25
418.28 2.23878010823e-25
418.29 1.67449151921e-25
418.3 1.25134821264e-25
418.31 9.34323162541e-26
418.32 6.97011214645e-26
418.33 5.19524614332e-26
418.34 3.86897749902e-26
418.35 2.8787900426e-26
418.36 2.14016615724e-26
418.37 1.5896763204e-26
418.38 1.17975990013e-26
418.39 8.74786895066e-27
418.4 6.48088953036e-27
418.41 4.79723155482e-27
418.42 3.54789253859e-27
418.43 2.62164537433e-27
418.44 1.93553551897e-27
418.45 1.42774963692e-27
418.46 1.0522687762e-27
418.47 7.74863175082e-28
418.48 5.70094790228e-28
418.49 4.19076043633e-28
418.5 3.07795531593e-28
418.51 2.25868412088e-28
418.52 1.65604601198e-28
418.53 1.21314583675e-28
418.54 8.8792715431e-29
418.55 6.49329861363e-29
418.56 4.74435443387e-29
418.57 3.46347924281e-29
418.58 2.52622346449e-29
418.59 1.84100366354e-29
418.6 1.34048282296e-29
418.61 9.75195225461e-30
418.62 7.08835715517e-30
418.63 5.14781972826e-30
418.64 3.7352939161e-30
418.65 2.70800800336e-30
418.66 1.96154745409e-30
418.67 1.41961770536e-30
418.68 1.02652069137e-30
418.69 7.41630736932e-31
418.7 5.35342159484e-31
418.71 3.86099184712e-31
418.72 2.78221081951e-31
418.73 2.00311045767e-31
418.74 1.44093195917e-31
418.75 1.03563271728e-31
418.76 7.43689693236e-32
418.77 5.33582375034e-32
418.78 3.82503049084e-32
418.79 2.73963079691e-32
418.8 1.96052728232e-32
418.81 1.40177223423e-32
418.82 1.00139571581e-32
418.83 7.14755847779e-33
418.84 5.09722046266e-33
418.85 3.63189120946e-33
418.86 2.58556795618e-33
418.87 1.83908920399e-33
418.88 1.306993253e-33
418.89 9.28041951954e-34
418.9 6.58393575681e-34
418.91 4.66688686463e-34
418.92 3.30516141052e-34
418.93 2.33873915546e-34
418.94 1.65346350036e-34
418.95 1.1679685555e-34
418.96 8.24311581023e-35
418.97 5.81266594487e-35
418.98 4.09527471935e-35
418.99 2.88279943777e-35
419.0 2.0275404602e-35
419.01 1.42478174704e-35
419.02 1.00034744789e-35
419.03 7.01741412622e-36
419.04 4.91843637318e-36
419.05 3.44429801084e-36
419.06 2.40989486697e-36
419.07 1.68468684612e-36
419.08 1.17669521051e-36
419.09 8.21168911385e-37
419.1 5.72564905242e-37
419.11 3.98878532353e-37
419.12 2.77638899339e-37
419.13 1.93082839672e-37
419.14 1.3416237978e-37
419.15 9.31411383659e-38
419.16 6.46064744494e-38
419.17 4.47748619762e-38
419.18 3.10038895897e-38
419.19 2.14497295132e-38
419.2 1.48269277351e-38
419.21 1.02401008597e-38
419.22 7.06612002563e-39
419.23 4.871710791e-39
419.24 3.35587440958e-39
419.25 2.30968956796e-39
419.26 1.58827331296e-39
419.27 1.09124075433e-39
419.28 7.49099708429e-40
419.29 5.13786148259e-40
419.3 3.52086089845e-40
419.31 2.41067717464e-40
419.32 1.64912265065e-40
419.33 1.12717298167e-40
419.34 7.69753896777e-41
419.35 5.25214774654e-41
419.36 3.58051655059e-41
419.37 2.43881102146e-41
419.38 1.65971808007e-41
419.39 1.12853287121e-41
419.4 7.66686496964e-42
419.41 5.20409394531e-42
419.42 3.52936158156e-42
419.43 2.39150279301e-42
419.44 1.61908385971e-42
419.45 1.0951951375e-42
419.46 7.40180062816e-43
419.47 4.9981233669e-43
419.48 3.37209865897e-43
419.49 2.27309342633e-43
419.5 1.53093944203e-43
419.51 1.03020214688e-43
419.52 6.92644837498e-44
419.53 4.65288656929e-44
419.54 3.12289973795e-44
419.55 2.09419601962e-44
419.56 1.40313782054e-44
419.57 9.39305887443e-45
419.58 6.28257194352e-45
419.59 4.19847536351e-45
419.6 2.8032992459e-45
419.61 1.8701266701e-45
419.62 1.24651152968e-45
419.63 8.30128431506e-46
419.64 5.52354618378e-46
419.65 3.67209918544e-46
419.66 2.43912764969e-46
419.67 1.61874473163e-46
419.68 1.07336126624e-46
419.69 7.1111064969e-47
419.7 4.70708627968e-47
419.71 3.11308405859e-47
419.72 2.0570897902e-47
419.73 1.35812380755e-47
419.74 8.95878653351e-48
419.75 5.90449456508e-48
419.76 3.88812284842e-48
419.77 2.55812017027e-48
419.78 1.68161130459e-48
419.79 1.10447021111e-48
419.8 7.2477984556e-49
419.81 4.75206006966e-49
419.82 3.11301668235e-49
419.83 2.03753316616e-49
419.84 1.3324521992e-49
419.85 8.70607294613e-50
419.86 5.68351064721e-50
419.87 3.7071039714e-50
419.88 2.41588672762e-50
419.89 1.57304838666e-50
419.9 1.0233667632e-50
419.91 6.65187756023e-51
419.92 4.31997166158e-51
419.93 2.80311723505e-51
419.94 1.81729460774e-51
419.95 1.17715357724e-51
419.96 7.61841502818e-52
419.97 4.92628849791e-52
419.98 3.18272245421e-52
419.99 2.05447758296e-52
420.0 1.32503624529e-52
420.01 8.5384260619e-53
420.02 5.49732734515e-53
420.03 3.53629988706e-53
420.04 2.27284745501e-53
420.05 1.45953731346e-53
420.06 9.36448349759e-54
420.07 6.00310814961e-54
420.08 3.84496347721e-54
420.09 2.46054879944e-54
420.1 1.57324173573e-54
420.11 1.00503838277e-54
420.12 6.41495404132e-55
420.13 4.09098760047e-55
420.14 2.60667261606e-55
420.15 1.6594666483e-55
420.16 1.05553898934e-55
420.17 6.70816511402e-56
420.18 4.25948330278e-56
420.19 2.702301542e-56
420.2 1.71290947021e-56
420.21 1.08482260039e-56
420.22 6.86446588191e-57
420.23 4.33988767998e-57
420.24 2.74140967515e-57
420.25 1.73018724127e-57
420.26 1.09102821394e-57
420.27 6.87388988127e-58
420.28 4.32705954878e-58
420.29 2.72149089663e-58
420.3 1.71019098351e-58
420.31 1.07375710705e-58
420.32 6.73583131882e-59
420.33 4.22182344036e-59
420.34 2.64382462491e-59
420.35 1.6542034884e-59
420.36 1.03411522896e-59
420.37 6.45910951086e-60
420.38 4.030881903e-60
420.39 2.51333982783e-60
420.4 1.56576313955e-60
420.41 9.74596009728e-61
420.42 6.06103658495e-61
420.43 3.76610907923e-61
420.44 2.33809738431e-61
420.45 1.45029386586e-61
420.46 8.98820846748e-62
420.47 5.56562544295e-62
420.48 3.44332905567e-62
420.49 2.12846636352e-62
420.5 1.31455501981e-62
420.51 8.11174812369e-63
420.52 5.0011958093e-63
420.53 3.08075365704e-63
420.54 1.89611118145e-63
420.55 1.16598869153e-63
420.56 7.1638847424e-64
420.57 4.39770966589e-64
420.58 2.69729365478e-64
420.59 1.65292679479e-64
420.6 1.01205175306e-64
420.61 6.19121000722e-65
420.62 3.78418240667e-65
420.63 2.31095932421e-65
420.64 1.41005564994e-65
420.65 8.59614865499e-66
420.66 5.23594762772e-66
420.67 3.18647402827e-66
420.68 1.93753334177e-66
420.69 1.17709549866e-66
420.7 7.14492913309e-67
420.71 4.33319132272e-67
420.72 2.62567830937e-67
420.73 1.58964035992e-67
420.74 9.61567901199e-68
420.75 5.81145322487e-68
420.76 3.50924143279e-68
420.77 2.11721743921e-68
420.78 1.27626655715e-68
420.79 7.68671941538e-69
420.8 4.62556065522e-69
420.81 2.78106695336e-69
420.82 1.67063748335e-69
420.83 1.00271315002e-69
420.84 6.01305134499e-70
420.85 3.60277239569e-70
420.86 2.15676314331e-70
420.87 1.2900061851e-70
420.88 7.7091206821e-71
420.89 4.60300671713e-71
420.9 2.74600981664e-71
420.91 1.63676479302e-71
420.92 9.74752093385e-72
420.93 5.79997058306e-72
420.94 3.44811004483e-72
420.95 2.04814244108e-72
420.96 1.21552223842e-72
420.97 7.20757836784e-73
420.98 4.27011479032e-73
420.99 2.52762963946e-73
421.0 1.49489621124e-73
421.01 8.83349068772e-74
421.02 5.21527702714e-74
421.03 3.07642351138e-74
421.04 1.81317020397e-74
421.05 1.06771351008e-74
421.06 6.28195201783e-75
421.07 3.69282055294e-75
421.08 2.16892985187e-75
421.09 1.27278931439e-75
421.1 7.46261862115e-76
421.11 4.37169330847e-76
421.12 2.5587734676e-76
421.13 1.4963655572e-76
421.14 8.74313693037e-77
421.15 5.10411639525e-77
421.16 2.97712844004e-77
421.17 1.73499523323e-77
421.18 1.01023570282e-77
421.19 5.87720517503e-78
421.2 3.41619540573e-78
421.21 1.983984472e-78
421.22 1.15121793181e-78
421.23 6.67422026338e-79
421.24 3.86604795851e-79
421.25 2.23747221868e-79
421.26 1.29381379871e-79
421.27 7.47497282499e-80
421.28 4.31490432155e-80
421.29 2.4886076662e-80
421.3 1.43405369107e-80
421.31 8.25654022672e-81
421.32 4.74957230126e-81
421.33 2.72982381175e-81
421.34 1.56761151425e-81
421.35 8.99427131975e-82
421.36 5.15605137867e-82
421.37 2.95319551968e-82
421.38 1.69001624e-82
421.39 9.66302865686e-83
421.4 5.52025792064e-83
421.41 3.15086056035e-83
421.42 1.79689504541e-83
421.43 1.02385852514e-83
421.44 5.82882347357e-84
421.45 3.31547354918e-84
421.46 1.88423013179e-84
421.47 1.06990701284e-84
421.48 6.0699041933e-85
421.49 3.44065677056e-85
421.5 1.9486084343e-85
421.51 1.10263434961e-85
421.52 6.23393356599e-86
421.53 3.52140952323e-86
421.54 1.98744267794e-86
421.55 1.12071813917e-86
421.56 6.31425189624e-87
421.57 3.55443943024e-87
421.58 1.99914384956e-87
421.59 1.12341620667e-87
421.6 6.30755486741e-88
421.61 3.53838513345e-88
421.62 1.98322906635e-88
421.63 1.11061713221e-88
421.64 6.21411907199e-89
421.65 3.47390938112e-89
421.66 1.94035463621e-89
421.67 1.08284788437e-89
421.68 6.03778305982e-90
421.69 3.36365363819e-90
421.7 1.87227115543e-90
421.71 1.04123782486e-90
421.72 5.78568571385e-91
421.73 3.21205855121e-91
421.74 1.78170492506e-91
421.75 9.87442510725e-92
421.76 5.46778680372e-92
421.77 3.02506727378e-92
421.78 1.67217688033e-92
421.79 9.23534458588e-93
421.8 5.0962145869e-93
421.81 2.80973927005e-93
421.82 1.54777578805e-93
421.83 8.5187091084e-94
421.84 4.68449997299e-94
421.85 2.57380953587e-94
421.86 1.41290604396e-94
421.87 7.74950339251e-95
421.88 4.24676446822e-95
421.89 2.32523145798e-95
421.9 1.27203164968e-95
421.91 6.95269786298e-96
421.92 3.79692929028e-96
421.93 2.07174058683e-96
421.94 1.1294368456e-96
421.95 6.15194212972e-97
421.96 3.34800612504e-97
421.97 1.82047181187e-97
421.98 9.89020710733e-98
421.99 5.36846994375e-98
422.0 2.91151732266e-98
422.01 1.57765465523e-98
422.02 8.5413834795e-99
422.03 4.6202790951e-99
422.04 2.4970768764e-99
422.05 1.34840181339e-99
422.06 7.2749574128e-100
422.07 3.92161807187e-100
422.08 2.11214557502e-100
422.09 1.13659597206e-100
422.1 6.1109972752e-101
422.11 3.28278000877e-101
422.12 1.76195650136e-101
422.13 9.44870516183e-102
422.14 5.06259428935e-102
422.15 2.71017705973e-102
422.16 1.44959244659e-102
422.17 7.74672041686e-103
422.18 4.13631457042e-103
422.19 2.20664743552e-103
422.2 1.17618612614e-103
422.21 6.26387189664e-104
422.22 3.33298527394e-104
422.23 1.77193438087e-104
422.24 9.41207951165e-105
422.25 4.99513525648e-105
422.26 2.6486991363e-105
422.27 1.40327154861e-105
422.28 7.42804493871e-106
422.29 3.92853871642e-106
422.3 2.07592311686e-106
422.31 1.09601173751e-106
422.32 5.78153098793e-107
422.33 3.0471527316e-107
422.34 1.60460928303e-107
422.35 8.44244209241e-108
422.36 4.4380336727e-108
422.37 2.33097066561e-108
422.38 1.22322609061e-108
422.39 6.4135779255e-109
422.4 3.35983328658e-109
422.41 1.758566491e-109
422.42 9.19652109051e-110
422.43 4.80520655984e-110
422.44 2.5085586768e-110
422.45 1.30845918163e-110
422.46 6.81898612379e-111
422.47 3.55061143019e-111
422.48 1.84718417583e-111
422.49 9.60154152789e-112
422.5 4.98649562449e-112
422.51 2.5874599272e-112
422.52 1.34145322881e-112
422.53 6.94866141232e-113
422.54 3.59625499405e-113
422.55 1.85961704487e-113
422.56 9.60771851871e-114
422.57 4.95953244885e-114
422.58 2.55790796218e-114
422.59 1.31811348765e-114
422.6 6.78647739283e-115
422.61 3.49107936419e-115
422.62 1.79431525582e-115
422.63 9.2142817948e-116
422.64 4.72767858067e-116
422.65 2.42358417385e-116
422.66 1.24134353177e-116
422.67 6.3525717049e-117
422.68 3.24811112227e-117
422.69 1.65934195426e-117
422.7 8.46963357441e-118
422.71 4.31933672523e-118
422.72 2.20086404098e-118
422.73 1.12045154552e-118
422.74 5.69923621941e-119
422.75 2.89643607583e-119
422.76 1.47073677171e-119
422.77 7.46156052585e-120
422.78 3.78223138431e-120
422.79 1.91553562922e-120
422.8 9.69295255929e-121
422.81 4.90055934141e-121
422.82 2.47547719791e-121
422.83 1.24938394454e-121
422.84 6.30023317907e-122
422.85 3.17424934652e-122
422.86 1.59789841775e-122
422.87 8.03676014417e-123
422.88 4.03865318258e-123
422.89 2.02775660785e-123
422.9 1.01722916463e-123
422.91 5.09853604033e-124
422.92 2.55326502627e-124
422.93 1.27752677738e-124
422.94 6.38657239898e-125
422.95 3.18999042992e-125
422.96 1.59196909711e-125
422.97 7.93786298837e-126
422.98 3.95454276484e-126
422.99 1.96839687479e-126
423.0 9.78932551151e-127
423.01 4.86425781377e-127
423.02 2.41492758943e-127
423.03 1.19788562589e-127
423.04 5.93677112865e-128
423.05 2.93974034043e-128
423.06 1.45442506356e-128
423.07 7.18947934669e-129
423.08 3.5508084394e-129
423.09 1.75218823076e-129
423.1 8.6388908508e-130
423.11 4.25558164833e-130
423.12 2.09451550853e-130
423.13 1.02998748049e-130
423.14 5.06062345335e-131
423.15 2.48427583203e-131
423.16 1.21848255962e-131
423.17 5.97121258349e-132
423.18 2.92367746943e-132
423.19 1.4302768242e-132
423.2 6.99092196718e-133
423.21 3.41407077605e-133
423.22 1.66584388191e-133
423.23 8.12119219765e-134
423.24 3.95575141194e-134
423.25 1.92513818072e-134
423.26 9.36092003675e-135
423.27 4.54777401618e-135
423.28 2.20751126804e-135
423.29 1.07060851863e-135
423.3 5.18778743276e-136
423.31 2.51163984042e-136
423.32 1.21494401638e-136
423.33 5.87190312665e-137
423.34 2.83547100213e-137
423.35 1.36802883302e-137
423.36 6.59460828609e-138
423.37 3.1761899671e-138
423.38 1.52843737052e-138
423.39 7.34873418143e-139
423.4 3.5302148826e-139
423.41 1.69439030244e-139
423.42 8.12548859975e-140
423.43 3.89322251224e-140
423.44 1.86377155473e-140
423.45 8.91455861365e-141
423.46 4.26020720973e-141
423.47 2.03416095393e-141
423.48 9.70428665981e-142
423.49 4.62557399353e-142
423.5 2.20288264175e-142
423.51 1.04819190524e-142
423.52 4.98326467899e-143
423.53 2.3670684694e-143
423.54 1.12339218584e-143
423.55 5.3269140489e-144
423.56 2.52373466253e-144
423.57 1.19463547852e-144
423.58 5.65003107736e-145
423.59 2.66986915127e-145
423.6 1.26052896814e-145
423.61 5.94619840916e-146
423.62 2.80252615661e-146
423.63 1.31972567359e-146
423.64 6.20928177908e-147
423.65 2.91892398037e-147
423.66 1.3709698777e-147
423.67 6.43363996538e-148
423.68 3.01654151659e-148
423.69 1.41314124651e-148
423.7 6.61432531218e-149
423.71 3.09320883393e-149
423.72 1.44529548221e-149
423.73 6.74726489876e-150
423.74 3.14718729456e-150
423.75 1.46669945341e-150
423.76 6.82941310325e-151
423.77 3.17723508264e-151
423.78 1.47685897873e-151
423.79 6.85886758422e-152
423.8 3.18265469432e-152
423.81 1.4755377937e-152
423.82 6.83494251274e-153
423.83 3.1633198534e-153
423.84 1.46276668451e-153
423.85 6.75819511876e-154
423.86 3.11968040235e-154
423.87 1.43884229545e-154
423.88 6.63040411663e-155
423.89 3.05274490407e-155
423.9 1.40431567465e-155
423.91 6.45450117643e-156
423.92 2.96404189416e-156
423.93 1.35997117562e-156
423.94 6.23445912768e-157
423.95 2.85556186219e-157
423.96 1.30679684264e-157
423.97 5.97514284828e-158
423.98 2.72968303695e-158
423.99 1.24594784106e-158
424.0 5.68213065098e-159
424.01 2.58908483746e-159
424.02 1.178704821e-159
424.03 5.36151531437e-160
424.04 2.43665338119e-160
424.05 1.10642930576e-160
424.06 5.01969464057e-161
424.07 2.27538368535e-161
424.08 1.03051826429e-161
424.09 4.66316152876e-162
424.1 2.1082831507e-162
424.11 9.52359961839e-163
424.12 4.29830305499e-163
424.13 1.93828059797e-163
424.14 8.73292996085e-164
424.15 3.93121700858e-164
424.16 1.76814457022e-164
424.17 7.94570135521e-165
424.18 3.5675528568e-165
424.19 1.60041387321e-165
424.2 7.17328210901e-166
424.21 3.21238232051e-166
424.22 1.43734246191e-166
424.23 6.42564897299e-167
424.24 2.87010278685e-167
424.25 1.28085986202e-167
424.26 5.7112279601e-168
424.27 2.54437480374e-168
424.28 1.1325474064e-168
424.29 5.03680811419e-169
424.3 2.23809302944e-169
424.31 9.93629726299e-170
424.32 4.40752444245e-170
424.33 1.95338836036e-170
424.34 8.64980215827e-171
424.35 3.82690309716e-171
424.36 1.69165761886e-171
424.37 7.47138618836e-172
424.38 3.29695951235e-172
424.39 1.45361620242e-172
424.4 6.40338491833e-173
424.41 2.81833864021e-173
424.42 1.23936849953e-173
424.43 5.44542078735e-174
424.44 2.39048569195e-174
424.45 1.04849065691e-174
424.46 4.59480085859e-175
424.47 2.01183581278e-175
424.48 8.80120402116e-176
424.49 3.84693948625e-176
424.5 1.68001180534e-176
424.51 7.3304903226e-177
424.52 3.19578407668e-177
424.53 1.39202022332e-177
424.54 6.05811305171e-178
424.55 2.63422528942e-178
424.56 1.14443773349e-178
424.57 4.96769741491e-179
424.58 2.15447675936e-179
424.59 9.33581430943e-180
424.6 4.04190692657e-180
424.61 1.74841339497e-180
424.62 7.55658642685e-181
424.63 3.2631038464e-181
424.64 1.40786122871e-181
424.65 6.06893540844e-182
424.66 2.61389955104e-182
424.67 1.1248354254e-182
424.68 4.83629506277e-183
424.69 2.07759219788e-183
424.7 8.91726215632e-184
424.71 3.82407565666e-184
424.72 1.6384950352e-184
424.73 7.01435102964e-185
424.74 3.00022326898e-185
424.75 1.28216337291e-185
424.76 5.47465643871e-186
424.77 2.33557644533e-186
424.78 9.95531521332e-187
424.79 4.23974422183e-187
424.8 1.80404767731e-187
424.81 7.66973002973e-188
424.82 3.25788579605e-188
424.83 1.38265983648e-188
424.84 5.86298187458e-189
424.85 2.48396497612e-189
424.86 1.05146808929e-189
424.87 4.44703388231e-190
424.88 1.87918047905e-190
424.89 7.9339646073e-191
424.9 3.34684606423e-191
424.91 1.41060340951e-191
424.92 5.94015576272e-192
424.93 2.49927732879e-192
424.94 1.05064205003e-192
424.95 4.41284649276e-193
424.96 1.8518532759e-193
424.97 7.76458128203e-194
424.98 3.25276897985e-194
424.99 1.36148264957e-194
425.0 5.6937017654e-195
425.01 2.37903609745e-195
425.02 9.93187078584e-196
425.03 4.1427125716e-196
425.04 1.7264828009e-196
425.05 7.18891622809e-197
425.06 2.99080640393e-197
425.07 1.24318824056e-197
425.08 5.16308407978e-198
425.09 2.14242296055e-198
425.1 8.88228989131e-199
425.11 3.67932697686e-199
425.12 1.52277430077e-199
425.13 6.29689433059e-200
425.14 2.60160275895e-200
425.15 1.07393816429e-200
425.16 4.42936306789e-201
425.17 1.82526949969e-201
425.18 7.5151287592e-202
425.19 3.09150225429e-202
425.2 1.27065140685e-202
425.21 5.2180350056e-203
425.22 2.14097337962e-203
425.23 8.77686178014e-204
425.24 3.59493434509e-204
425.25 1.47118192278e-204
425.26 6.01541381672e-205
425.27 2.45747071217e-205
425.28 1.00307846073e-205
425.29 4.09077102818e-206
425.3 1.66686009916e-206
425.31 6.78604667406e-207
425.32 2.7603124647e-207
425.33 1.12182047746e-207
425.34 4.55524974474e-208
425.35 1.84809688136e-208
425.36 7.49136553065e-209
425.37 3.03403757567e-209
425.38 1.227734993e-209
425.39 4.96377429877e-210
425.4 2.00513274937e-210
425.41 8.09278396239e-211
425.42 3.26344634121e-211
425.43 1.31485759102e-211
425.44 5.29303386054e-212
425.45 2.12889547575e-212
425.46 8.55515176763e-213
425.47 3.43498472438e-213
425.48 1.37798856712e-213
425.49 5.52319187879e-214
425.5 2.21186369567e-214
425.51 8.85014328827e-215
425.52 3.53806621514e-215
425.53 1.41320551407e-215
425.54 5.6398610275e-216
425.55 2.24882258589e-216
425.56 8.95912711914e-217
425.57 3.56615253715e-217
425.58 1.41826650029e-217
425.59 5.63559125755e-218
425.6 2.23740621996e-218
425.61 8.87511333978e-219
425.62 3.51743991289e-219
425.63 1.39284624959e-219
425.64 5.51065704365e-220
425.65 2.17834819606e-220
425.66 8.60349537831e-221
425.67 3.39505075801e-221
425.68 1.3385707355e-221
425.69 5.27302818746e-222
425.7 2.07540363139e-222
425.71 8.16147705874e-223
425.72 3.20670248692e-223
425.73 1.25884507608e-223
425.74 4.93752849422e-224
425.75 1.93495405318e-224
425.76 7.57626943835e-225
425.77 2.96390226215e-225
425.78 1.1585000521e-225
425.79 4.52430578108e-226
425.8 1.76535297608e-226
425.81 6.88232014767e-227
425.82 2.68078447948e-227
425.83 1.04330825201e-227
425.84 4.05683268816e-228
425.85 1.57610542497e-228
425.86 6.11796718698e-229
425.87 2.37275411554e-229
425.88 9.19437133789e-230
425.89 3.55971359201e-230
425.9 1.37699317071e-230
425.91 5.32196762586e-231
425.92 2.05511620081e-231
425.93 7.9291064775e-232
425.94 3.05658043874e-232
425.95 1.17725656629e-232
425.96 4.530333002e-233
425.97 1.74185838317e-233
425.98 6.69143513804e-234
425.99 2.56832166127e-234
426.0 9.84925245067e-235
426.01 3.77381699766e-235
426.02 1.44471478004e-235
426.03 5.52595199629e-236
426.04 2.11181471883e-236
426.05 8.06358613747e-237
426.06 3.07626935486e-237
426.07 1.17258464083e-237
426.08 4.46568160936e-238
426.09 1.69924117448e-238
426.1 6.46020058218e-239
426.11 2.45392166381e-239
426.12 9.31320364195e-240
426.13 3.53151631083e-240
426.14 1.33797206506e-240
426.15 5.0647333829e-241
426.16 1.91553390259e-241
426.17 7.23847052031e-242
426.18 2.73292359175e-242
426.19 1.03093641898e-242
426.2 3.88561696371e-243
426.21 1.46322732805e-243
426.22 5.50538041235e-244
426.23 2.06960076163e-244
426.24 7.77337340614e-245
426.25 2.91713277954e-245
426.26 1.09377143497e-245
426.27 4.09751610603e-246
426.28 1.53369313643e-246
426.29 5.73561499187e-247
426.3 2.14311374148e-247
426.31 8.00081379707e-248
426.32 2.98432981607e-248
426.33 1.11220075399e-248
426.34 4.14136267409e-249
426.35 1.5407318385e-249
426.36 5.72709730427e-250
426.37 2.12699162151e-250
426.38 7.89261119078e-251
426.39 2.92616863711e-251
426.4 1.08393117186e-251
426.41 4.01169376284e-252
426.42 1.4834658497e-252
426.43 5.48088948696e-253
426.44 2.02324394866e-253
426.45 7.46223922261e-254
426.46 2.74988034734e-254
426.47 1.01246994368e-254
426.48 3.72455330662e-255
426.49 1.36895748819e-255
426.5 5.02723794674e-256
426.51 1.84455935145e-256
426.52 6.76206807696e-257
426.53 2.47679553477e-257
426.54 9.06409577673e-258
426.55 3.31422911538e-258
426.56 1.21077733634e-258
426.57 4.41946552545e-259
426.58 1.61175464447e-259
426.59 5.87288940782e-260
426.6 2.13810203869e-260
426.61 7.77729808999e-261
426.62 2.82652463456e-261
426.63 1.0263618888e-261
426.64 3.72367674219e-262
426.65 1.3497929007e-262
426.66 4.88861706591e-263
426.67 1.76900317328e-263
426.68 6.39580062166e-264
426.69 2.3103880751e-264
426.7 8.33870604196e-265
426.71 3.00701854633e-265
426.72 1.08342103084e-265
426.73 3.90015735284e-266
426.74 1.40278369424e-266
426.75 5.04107317416e-267
426.76 1.81000179888e-267
426.77 6.49319916261e-268
426.78 2.32735243351e-268
426.79 8.33468702727e-269
426.8 2.98222324795e-269
426.81 1.06614118125e-269
426.82 3.80814081376e-270
426.83 1.35904861228e-270
426.84 4.84596972368e-271
426.85 1.72643453131e-271
426.86 6.14530219269e-272
426.87 2.18554667862e-272
426.88 7.76605821206e-273
426.89 2.75717866394e-273
426.9 9.78031604891e-274
426.91 3.46628750543e-274
426.92 1.22743919374e-274
426.93 4.34269275657e-275
426.94 1.53511860217e-275
426.95 5.42186221803e-276
426.96 1.91328088243e-276
426.97 6.74578817304e-277
426.98 2.37634985644e-277
426.99 8.36395663246e-278
427.0 2.94128343747e-278
427.01 1.03344101803e-278
427.02 3.62792437188e-279
427.03 1.27249026275e-279
427.04 4.45937939551e-280
427.05 1.56141407718e-280
427.06 5.46242479304e-281
427.07 1.90931051037e-281
427.08 6.66793516584e-282
427.09 2.32664372746e-282
427.1 8.11133085339e-283
427.11 2.82538775658e-283
427.12 9.83303792157e-284
427.13 3.41917304999e-284
427.14 1.18789529419e-284
427.15 4.1234331167e-285
427.16 1.43009029615e-285
427.17 4.95554788969e-286
427.18 1.71570891397e-286
427.19 5.9349798711e-287
427.2 2.05125005432e-287
427.21 7.08339846932e-288
427.22 2.44392826104e-288
427.23 8.42478732214e-289
427.24 2.90170428762e-289
427.25 9.98552881376e-290
427.26 3.43330747791e-290
427.27 1.17944594658e-290
427.28 4.0482478829e-291
427.29 1.38828894442e-291
427.3 4.75681592109e-292
427.31 1.62845791068e-292
427.32 5.57006731219e-293
427.33 1.90356653519e-293
427.34 6.49979099067e-294
427.35 2.21745305529e-294
427.36 7.55845774701e-295
427.37 2.57416071093e-295
427.38 8.75914746022e-296
427.39 2.97791111376e-296
427.4 1.01154529847e-296
427.41 3.43306996016e-297
427.42 1.16413590449e-297
427.43 3.94410462447e-298
427.44 1.33510948788e-298
427.45 4.51553330726e-299
427.46 1.52589598538e-299
427.47 5.15186558185e-300
427.48 1.73791218669e-300
427.49 5.85753438231e-301
427.5 1.97253890118e-301
427.51 6.6368197037e-302
427.52 2.2310955763e-302
427.53 7.49376453831e-303
427.54 2.51481257543e-303
427.55 8.4320838443e-304
427.56 2.82480141235e-304
427.57 9.45506763e-305
427.58 3.16202333077e-305
427.59 1.05654795301e-305
427.6 3.52725671046e-306
427.61 1.17654525399e-306
427.62 3.92106387159e-307
427.63 1.30563838523e-307
427.64 4.34375793336e-308
427.65 1.44388309957e-308
427.66 4.79537045874e-309
427.67 1.59124116921e-309
427.68 5.27562067975e-310
427.69 1.74757100293e-310
427.7 5.78388714488e-311
427.71 1.91261916583e-311
427.72 6.319182657e-312
427.73 2.08601307819e-312
427.74 6.88013337582e-313
427.75 2.26725516748e-313
427.76 7.46496293846e-314
427.77 2.45571873721e-314
427.78 8.07148240845e-315
427.79 2.65064579684e-315
427.8 8.69708677268e-316
427.81 2.8511470627e-316
427.82 9.33875868037e-317
427.83 3.05620461182e-317
427.84 9.99308044723e-318
427.85 3.26467709328e-318
427.86 1.06562548823e-318
427.87 3.47530715941e-319
427.88 1.13239846027e-319
427.89 3.68671784927e-320
427.9 1.19909732246e-320
427.91 3.89817794569e-321
427.92 1.26480805335e-321
427.93 4.10074486048e-322
427.94 1.33397724377e-322
427.95 4.44659081257e-323
427.96 1.48219693752e-323
427.97 4.94065645841e-324
427.98 0.0
427.99 0.0
428.0 0.0
428.01 0.0
428.02 0.0
428.03 0.0
428.04 0.0
428.05 0.0
428.06 0.0
428.07 0.0
428.08 0.0
428.09 0.0
428.1 0.0
428.11 0.0
428.12 0.0
428.13 0.0
428.14 0.0
428.15 0.0
428.16 0.0
428.17 0.0
428.18 0.0
428.19 0.0
428.2 0.0
428.21 0.0
428.22 0.0
428.23 0.0
428.24 0.0
428.25 0.0
428.26 0.0
428.27 0.0
428.28 0.0
428.29 0.0
428.3 0.0
428.31 0.0
428.32 0.0
428.33 0.0
428.34 0.0
428.35 0.0
428.36 0.0
428.37 0.0
428.38 0.0
428.39 0.0
428.4 0.0
428.41 0.0
428.42 0.0
428.43 0.0
428.44 0.0
428.45 0.0
428.46 0.0
428.47 0.0
428.48 0.0
428.49 0.0
428.5 0.0
428.51 0.0
428.52 0.0
428.53 0.0
428.54 0.0
428.55 0.0
428.56 0.0
428.57 0.0
428.58 0.0
428.59 0.0
428.6 0.0
428.61 0.0
428.62 0.0
428.63 0.0
428.64 0.0
428.65 0.0
428.66 0.0
428.67 0.0
428.68 0.0
428.69 0.0
428.7 0.0
428.71 0.0
428.72 0.0
428.73 0.0
428.74 0.0
428.75 0.0
428.76 0.0
428.77 0.0
428.78 0.0
428.79 0.0
428.8 0.0
428.81 0.0
428.82 0.0
428.83 0.0
428.84 0.0
428.85 0.0
428.86 0.0
428.87 0.0
428.88 0.0
428.89 0.0
428.9 0.0
428.91 0.0
428.92 0.0
428.93 0.0
428.94 0.0
428.95 0.0
428.96 0.0
428.97 0.0
428.98 0.0
428.99 0.0
429.0 0.0
429.01 0.0
429.02 0.0
429.03 0.0
429.04 0.0
429.05 0.0
429.06 0.0
429.07 0.0
429.08 0.0
429.09 0.0
429.1 0.0
429.11 0.0
429.12 0.0
429.13 0.0
429.14 0.0
429.15 0.0
429.16 0.0
429.17 0.0
429.18 0.0
429.19 0.0
429.2 0.0
429.21 0.0
429.22 0.0
429.23 0.0
429.24 0.0
429.25 0.0
429.26 0.0
429.27 0.0
429.28 0.0
429.29 0.0
429.3 0.0
429.31 0.0
429.32 0.0
429.33 0.0
429.34 0.0
429.35 0.0
429.36 0.0
429.37 0.0
429.38 0.0
429.39 0.0
429.4 0.0
429.41 0.0
429.42 0.0
429.43 0.0
429.44 0.0
429.45 0.0
429.46 0.0
429.47 0.0
429.48 0.0
429.49 0.0
429.5 0.0
429.51 0.0
429.52 0.0
429.53 0.0
429.54 0.0
429.55 0.0
429.56 0.0
429.57 0.0
429.58 0.0
429.59 0.0
429.6 0.0
429.61 0.0
429.62 0.0
429.63 0.0
429.64 0.0
429.65 0.0
429.66 0.0
429.67 0.0
429.68 0.0
429.69 0.0
429.7 0.0
429.71 0.0
429.72 0.0
429.73 0.0
429.74 0.0
429.75 0.0
429.76 0.0
429.77 0.0
429.78 0.0
429.79 0.0
429.8 0.0
429.81 0.0
429.82 0.0
429.83 0.0
429.84 0.0
429.85 0.0
429.86 0.0
429.87 0.0
429.88 0.0
429.89 0.0
429.9 0.0
429.91 0.0
429.92 0.0
429.93 0.0
429.94 0.0
429.95 0.0
429.96 0.0
429.97 0.0
429.98 0.0
429.99 0.0
