400.0 9.93480534537e-78
400.01 1.70948627766e-77
400.02 2.93897294516e-77
400.03 5.04834782778e-77
400.04 8.66416399609e-77
400.05 1.48568853099e-76
400.06 2.54537978077e-76
400.07 4.35713605848e-76
400.08 7.45200891702e-76
400.09 1.27341312741e-75
400.1 2.1741474369e-75
400.11 3.70879111261e-75
400.12 6.32119907414e-75
400.13 1.07644110793e-74
400.14 1.83149102086e-74
400.15 3.11345810059e-74
400.16 5.28816466388e-74
400.17 8.97409425456e-74
400.18 1.52159823515e-73
400.19 2.57770419101e-73
400.2 4.36304680483e-73
400.21 7.37853902702e-73
400.22 1.24673628112e-72
400.23 2.10475974906e-72
400.24 3.55021107218e-72
400.25 5.98314504047e-72
400.26 1.0074618285e-71
400.27 1.69492849884e-71
400.28 2.84903560265e-71
400.29 4.78484730692e-71
400.3 8.02901006896e-71
400.31 1.34610716033e-70
400.32 2.25486724917e-70
400.33 3.77386217778e-70
400.34 6.31066032944e-70
400.35 1.05435603158e-69
400.36 1.76004382228e-69
400.37 2.93550880965e-69
400.38 4.89178101756e-69
400.39 8.14468588005e-69
400.4 1.35489420018e-68
400.41 2.25195724367e-68
400.42 3.73971589304e-68
400.43 6.20498579946e-68
400.44 1.02864776388e-67
400.45 1.70379089576e-67
400.46 2.819613704e-67
400.47 4.66215431769e-67
400.48 7.70206871716e-67
400.49 1.27131112074e-66
400.5 2.09662140551e-66
400.51 3.45471238864e-66
400.52 5.68757965232e-66
400.53 9.3554955987e-66
400.54 1.53755202027e-65
400.55 2.52473935768e-65
400.56 4.14216118508e-65
400.57 6.78986519103e-65
400.58 1.11203644623e-64
400.59 1.81970338592e-64
400.6 2.97512966056e-64
400.61 4.85998472956e-64
400.62 7.93208983535e-64
400.63 1.29349292083e-63
400.64 2.10748358547e-63
400.65 3.43074198776e-63
400.66 5.58001835202e-63
400.67 9.06790390868e-63
400.68 1.47231895678e-62
400.69 2.38847451052e-62
400.7 3.8713552931e-62
400.71 6.26944594886e-62
400.72 1.0144228124e-61
400.73 1.63995738988e-61
400.74 2.64892604667e-61
400.75 4.2749477975e-61
400.76 6.89311478373e-61
400.77 1.11051369193e-60
400.78 1.78754110409e-60
400.79 2.8748280204e-60
400.8 4.6194621582e-60
400.81 7.41642605387e-60
400.82 1.18965666082e-59
400.83 1.90665590432e-59
400.84 3.05313998735e-59
400.85 4.88477792609e-59
400.86 7.80848254932e-59
400.87 1.24713129165e-58
400.88 1.99012988258e-58
400.89 3.17303145958e-58
400.9 5.05464951854e-58
400.91 8.04509968738e-58
400.92 1.27936811996e-57
400.93 2.03274701358e-57
400.94 3.22696943109e-57
400.95 5.11835121776e-57
400.96 8.11127317971e-57
400.97 1.28431538617e-56
400.98 2.03178642885e-56
400.99 3.21150156047e-56
401.0 5.07179781303e-56
401.01 8.00275348723e-56
401.02 1.26165513327e-55
401.03 1.98730987822e-55
401.04 3.12762183199e-55
401.05 4.91797813149e-55
401.06 7.72649740368e-55
401.07 1.21283702164e-54
401.08 1.90215516128e-54
401.09 2.98066485798e-54
401.1 4.66663750473e-54
401.11 7.29993006208e-54
401.12 1.14092486232e-53
401.13 1.78163649992e-53
401.14 2.77974444609e-53
401.15 4.33325606437e-53
401.16 6.74912618942e-53
401.17 1.0502784525e-52
401.18 1.63299582879e-52
401.19 2.53681856753e-52
401.2 3.93747176501e-52
401.21 6.1061744808e-52
401.22 9.46116637675e-52
401.23 1.46468374586e-51
401.24 2.26551403447e-51
401.25 3.50117133603e-51
401.26 5.40609513607e-51
401.27 8.34022402862e-51
401.28 1.28556920711e-50
401.29 1.97987111087e-50
401.3 3.04650635638e-50
401.31 4.68372050253e-50
401.32 7.1945488522e-50
401.33 1.10417999176e-49
401.34 1.69316738099e-49
401.35 2.59408155427e-49
401.36 3.97091938582e-49
401.37 6.0732649499e-49
401.38 9.28062229094e-49
401.39 1.4169537674e-48
401.4 2.16151361379e-48
401.41 3.29445805601e-48
401.42 5.01687987765e-48
401.43 7.63320867184e-48
401.44 1.16039080819e-47
401.45 1.76248381459e-47
401.46 2.67466692594e-47
401.47 4.05544008816e-47
401.48 6.14369977534e-47
401.49 9.29920222771e-47
401.5 1.40632310598e-46
401.51 2.12494769657e-46
401.52 3.20800539367e-46
401.53 4.8388888599e-46
401.54 7.29255842691e-46
401.55 1.09808990711e-45
401.56 1.65203633444e-45
401.57 2.4832760636e-45
401.58 3.72953015006e-45
401.59 5.59637689535e-45
401.6 8.39041611845e-45
401.61 1.25685089149e-44
401.62 1.88108199947e-44
401.63 2.81290723528e-44
401.64 4.20268466372e-44
401.65 6.27367349638e-44
401.66 9.35708840857e-44
401.67 1.39438680822e-43
401.68 2.07610593754e-43
401.69 3.08844212987e-43
401.7 4.59042755856e-43
401.71 6.81695646987e-43
401.72 1.01146676197e-42
401.73 1.49946531229e-42
401.74 2.22098151322e-42
401.75 3.28682950033e-42
401.76 4.85996477352e-42
401.77 7.17980714644e-42
401.78 1.05978104889e-41
401.79 1.5629433313e-41
401.8 2.30300047185e-41
401.81 3.39053736321e-41
401.82 4.98731448935e-41
401.83 7.32974198771e-41
401.84 1.07630245925e-40
401.85 1.57907839037e-40
401.86 2.31471091977e-40
401.87 3.39010807206e-40
401.88 4.96082650064e-40
401.89 7.25300949557e-40
401.9 1.05951269861e-39
401.91 1.54638560739e-39
401.92 2.25503425899e-39
401.93 3.2855811777e-39
401.94 4.78294043225e-39
401.95 6.95667083937e-39
401.96 1.01095459387e-38
401.97 1.46786311606e-38
401.98 2.12942906757e-38
401.99 3.08648741733e-38
402.0 4.46981507693e-38
402.01 6.46752794414e-38
402.02 9.34998220052e-38
402.03 1.35053849281e-37
402.04 1.94906742067e-37
402.05 2.81041509839e-37
402.06 4.04890689501e-37
402.07 5.82812453316e-37
402.08 8.38192109781e-37
402.09 1.20443128055e-36
402.1 1.72919589732e-36
402.11 2.48044772778e-36
402.12 3.55500056918e-36
402.13 5.09064699491e-36
402.14 7.2833302505e-36
402.15 1.041143844e-35
402.16 1.48701442318e-35
402.17 2.12199002865e-35
402.18 3.02548642854e-35
402.19 4.30993571043e-35
402.2 6.13437169619e-35
402.21 8.72354679885e-35
402.22 1.23948083382e-34
402.23 1.75958498962e-34
402.24 2.49576904523e-34
402.25 3.53689568991e-34
402.26 5.0079942573e-34
402.27 7.08482463706e-34
402.28 1.00142424229e-33
402.29 1.41426504808e-33
402.3 1.99557120575e-33
402.31 2.81337330163e-33
402.32 3.96288260555e-33
402.33 5.57723270147e-33
402.34 7.84241888761e-33
402.35 1.10180570949e-32
402.36 1.54662032784e-32
402.37 2.16913270244e-32
402.38 3.03957065057e-32
402.39 4.25561249514e-32
402.4 5.95299641279e-32
402.41 8.32018300489e-32
402.42 1.16186013123e-31
402.43 1.62105791981e-31
402.44 2.25978399185e-31
402.45 3.14745142134e-31
402.46 4.38000752175e-31
402.47 6.08995928784e-31
402.48 8.46014165505e-31
402.49 1.17426088022e-30
402.5 1.62845313055e-30
402.51 2.25636651689e-30
402.52 3.12368866729e-30
402.53 4.3206546051e-30
402.54 5.97110998249e-30
402.55 8.24487932669e-30
402.56 1.13746292297e-29
402.57 1.56788392427e-29
402.58 2.15930642912e-29
402.59 2.97124429531e-29
402.6 4.08494446344e-29
402.61 5.61122475582e-29
402.62 7.70110216979e-29
402.63 1.05601920944e-28
402.64 1.44681986778e-28
402.65 1.98052724893e-28
402.66 2.70876227642e-28
402.67 3.70155899687e-28
402.68 5.05384794709e-28
402.69 6.89419208489e-28
402.7 9.39654721098e-28
402.71 1.27960796073e-27
402.72 1.74104212417e-27
402.73 2.3668205809e-27
402.74 3.21473447559e-27
402.75 4.3626321034e-27
402.76 5.91528653463e-27
402.77 8.01358217487e-27
402.78 1.08467920822e-26
402.79 1.46689709532e-26
402.8 1.98208235021e-26
402.81 2.67588504576e-26
402.82 3.60941586729e-26
402.83 4.86440925853e-26
402.84 6.55008599966e-26
402.85 8.81226625152e-26
402.86 1.18454600143e-25
402.87 1.59088931253e-25
402.88 2.13477304273e-25
402.89 2.86211558329e-25
402.9 3.8339490663e-25
402.91 5.13132145612e-25
402.92 6.86176464696e-25
402.93 9.16782102316e-25
402.94 1.22382732887e-24
402.95 1.63229210602e-24
402.96 2.17520065875e-24
402.97 2.89617289291e-24
402.98 3.85277240947e-24
402.99 5.12089579497e-24
403.0 6.80052175506e-24
403.01 9.02323446712e-24
403.02 1.19620596405e-23
403.03 1.58443123988e-23
403.04 2.09683637777e-23
403.05 2.77255008888e-23
403.06 3.66284019769e-23
403.07 4.83481938836e-23
403.08 6.37626342409e-23
403.09 8.40187003275e-23
403.1 1.10613817279e-22
403.11 1.45501179334e-22
403.12 1.91226184312e-22
403.13 2.51103009415e-22
403.14 3.29442927516e-22
403.15 4.31849252227e-22
403.16 5.65598003546e-22
403.17 7.40128752858e-22
403.18 9.67676951775e-22
403.19 1.26408777274e-21
403.2 1.64986259466e-21
403.21 2.15150339059e-21
403.22 2.80323821968e-21
403.23 3.64923380365e-21
403.24 4.74643005237e-21
403.25 6.1681679947e-21
403.26 8.0088288807e-21
403.27 1.03897607731e-20
403.28 1.34668429023e-20
403.29 1.74401313841e-20
403.3 2.2566147541e-20
403.31 2.91735182306e-20
403.32 3.76828639833e-20
403.33 4.86320650428e-20
403.34 6.27083295775e-20
403.35 8.07888573565e-20
403.36 1.03992354614e-19
403.37 1.33744234758e-19
403.38 1.71859063622e-19
403.39 2.2064471259e-19
403.4 2.83033812057e-19
403.41 3.62749505643e-19
403.42 4.64514259415e-19
403.43 5.94312662942e-19
403.44 7.59721872268e-19
403.45 9.70326714709e-19
403.46 1.23824065613e-18
403.47 1.57875901329e-18
403.48 2.01117720987e-18
403.49 2.55981481145e-18
403.5 3.25529588114e-18
403.51 4.13614830427e-18
403.52 5.25079965887e-18
403.53 6.66006560091e-18
403.54 8.440249367e-18
403.55 1.06869988249e-17
403.56 1.35201016782e-17
403.57 1.70894413651e-17
403.58 2.1582387583e-17
403.59 2.72329583019e-17
403.6 3.43331670978e-17
403.61 4.3247063687e-17
403.62 5.4428090342e-17
403.63 6.8440516854e-17
403.64 8.59858872206e-17
403.65 1.0793561873e-16
403.66 1.35371146336e-16
403.67 1.69633311493e-16
403.68 2.12383066169e-16
403.69 2.65676012939e-16
403.7 3.32053847116e-16
403.71 4.14656425849e-16
403.72 5.17358985279e-16
403.73 6.44939987472e-16
403.74 8.03286236881e-16
403.75 9.99643300503e-16
403.76 1.24292094325e-15
403.77 1.54406530553e-15
403.78 1.91651196918e-15
403.79 2.37673695889e-15
403.8 2.94492620027e-15
403.81 3.645788113e-15
403.82 4.50953898587e-15
403.83 5.57309671197e-15
403.84 6.88152553679e-15
403.85 8.48978289928e-15
403.86 1.04648294749e-14
403.87 1.2888175451e-14
403.88 1.58589502209e-14
403.89 1.9497599473e-14
403.9 2.39503335443e-14
403.91 2.93944744524e-14
403.92 3.6044876852e-14
403.93 4.41616310292e-14
403.94 5.40592948181e-14
403.95 6.61179469999e-14
403.96 8.07964085109e-14
403.97 9.86480409812e-14
403.98 1.20339606345e-13
403.99 1.46673758316e-13
404.0 1.78615838492e-13
404.01 2.17325769243e-13
404.02 2.64195974988e-13
404.03 3.20896426434e-13
404.04 3.89428092248e-13
404.05 4.72186303968e-13
404.06 5.72035797407e-13
404.07 6.9239949304e-13
404.08 8.37363425164e-13
404.09 1.01180063236e-12
404.1 1.22151728806e-12
404.11 1.47342488948e-12
404.12 1.77574294624e-12
404.13 2.13823732899e-12
404.14 2.57250026715e-12
404.15 3.0922789384e-12
404.16 3.71386068937e-12
404.17 4.45652418598e-12
404.18 5.34306723573e-12
404.19 6.40042367825e-12
404.2 7.66038363226e-12
404.21 9.16043354862e-12
404.22 1.09447349855e-11
404.23 1.30652638324e-11
404.24 1.55831349084e-11
404.25 1.85701404961e-11
404.26 2.21105354998e-11
404.27 2.63031065949e-11
404.28 3.12635680332e-11
404.29 3.71273327578e-11
404.3 4.40527142408e-11
404.31 5.22246220866e-11
404.32 6.18588230216e-11
404.33 7.3206848552e-11
404.34 8.6561641403e-11
404.35 1.02264045012e-10
404.36 1.20710253955e-10
404.37 1.42360358386e-10
404.38 1.67748132588e-10
404.39 1.97492236613e-10
404.4 2.3230902111e-10
404.41 2.73027148843e-10
404.42 3.20604272359e-10
404.43 3.7614603612e-10
404.44 4.40927703181e-10
404.45 5.16418741743e-10
404.46 6.04310745631e-10
404.47 7.06549105453e-10
404.48 8.25368894109e-10
404.49 9.63335481736e-10
404.5 1.12339045157e-09
404.51 1.30890344971e-09
404.52 1.52373066905e-09
404.53 1.77228074081e-09
404.54 2.05958888647e-09
404.55 2.39140026949e-09
404.56 2.77426357946e-09
404.57 3.21563598204e-09
404.58 3.72400067737e-09
404.59 4.30899842618e-09
404.6 4.98157452878e-09
404.61 5.75414287652e-09
404.62 6.64076883904e-09
404.63 7.65737290382e-09
404.64 8.82195714728e-09
404.65 1.0154856789e-08
404.66 1.16790192631e-08
404.67 1.34203134333e-08
404.68 1.54078717783e-08
404.69 1.7674468588e-08
404.7 2.02569374284e-08
404.71 2.31966313644e-08
404.72 2.65399296642e-08
404.73 3.03387949563e-08
404.74 3.46513850561e-08
404.75 3.95427239383e-08
404.76 4.5085436588e-08
404.77 5.13605527245e-08
404.78 5.84583846531e-08
404.79 6.64794847597e-08
404.8 7.5535688415e-08
404.81 8.57512483046e-08
404.82 9.72640664379e-08
404.83 1.10227030308e-07
404.84 1.24809459887e-07
404.85 1.41198672316e-07
404.86 1.59601671321e-07
404.87 1.8024696849e-07
404.88 2.03386543671e-07
404.89 2.29297951765e-07
404.9 2.58286583214e-07
404.91 2.90688085441e-07
404.92 3.26870952344e-07
404.93 3.67239288838e-07
404.94 4.12235757118e-07
404.95 4.62344711043e-07
404.96 5.18095524584e-07
404.97 5.80066119778e-07
404.98 6.48886699028e-07
404.99 7.2524368582e-07
405.0 8.09883877141e-07
405.01 9.03618809847e-07
405.02 1.00732934219e-06
405.03 1.12197045044e-06
405.04 1.24857623909e-06
405.05 1.38826516184e-06
405.06 1.54224544844e-06
405.07 1.71182073113e-06
405.08 1.89839586196e-06
405.09 2.10348291048e-06
405.1 2.32870732856e-06
405.11 2.57581426711e-06
405.12 2.84667502622e-06
405.13 3.14329361807e-06
405.14 3.46781341845e-06
405.15 3.82252387996e-06
405.16 4.20986727674e-06
405.17 4.63244544709e-06
405.18 5.09302649691e-06
405.19 5.59455142367e-06
405.2 6.14014061659e-06
405.21 6.73310018546e-06
405.22 7.37692806676e-06
405.23 8.07531985205e-06
405.24 8.83217428024e-06
405.25 9.6515983316e-06
405.26 1.05379118583e-05
405.27 1.14956516828e-05
405.28 1.25295750922e-05
405.29 1.36446626552e-05
405.3 1.48461202832e-05
405.31 1.61393804576e-05
405.32 1.75301025424e-05
405.33 1.90241720998e-05
405.34 2.06276991244e-05
405.35 2.23470151155e-05
405.36 2.41886689004e-05
405.37 2.61594211298e-05
405.38 2.82662373615e-05
405.39 3.05162796557e-05
405.4 3.29168966044e-05
405.41 3.54756117237e-05
405.42 3.82001101412e-05
405.43 4.10982235161e-05
405.44 4.4177913136e-05
405.45 4.74472511418e-05
405.46 5.09143998397e-05
405.47 5.45875890682e-05
405.48 5.8475091599e-05
405.49 6.25851965595e-05
405.5 6.69261808777e-05
405.51 7.15062787623e-05
405.52 7.63336492434e-05
405.53 8.14163418153e-05
405.54 8.67622602334e-05
405.55 9.23791245379e-05
405.56 9.82744313874e-05
405.57 0.000104455412806
405.58 0.000110928993463
405.59 0.000117701746615
405.6 0.000124779848872
405.61 0.000132169033948
405.62 0.000139874545583
405.63 0.000147901089848
405.64 0.000156252787032
405.65 0.000164933123367
405.66 0.000173944902822
405.67 0.000183290199231
405.68 0.000192970309039
405.69 0.000202985704937
405.7 0.000213335990691
405.71 0.00022401985747
405.72 0.00023503504197
405.73 0.000246378286668
405.74 0.000258045302508
405.75 0.000270030734344
405.76 0.000282328129462
405.77 0.00029492990948
405.78 0.000307827345947
405.79 0.000321010539928
405.8 0.000334468405872
405.81 0.000348188660026
405.82 0.000362157813655
405.83 0.00037636117131
405.84 0.000390782834352
405.85 0.000405405709931
405.86 0.000420211525589
405.87 0.000435180849609
405.88 0.000450293117249
405.89 0.000465526662899
405.9 0.000480858758238
405.91 0.000496265656373
405.92 0.00051172264195
405.93 0.00052720408715
405.94 0.000542683513484
405.95 0.000558133659231
405.96 0.000573526552338
405.97 0.000588833588562
405.98 0.0006040256146
405.99 0.000619073015893
406.0 0.00063394580879
406.01 0.000648613736687
406.02 0.000663046369747
406.03 0.000677213207775
406.04 0.000691083785763
406.05 0.000704627781641
406.06 0.000717815125715
406.07 0.000730616111256
406.08 0.000743001505691
406.09 0.000754942661853
406.1 0.000766411628695
406.11 0.000777381260916
406.12 0.000787825326912
406.13 0.00079771861448
406.14 0.000807037033717
406.15 0.000815757716562
406.16 0.000823859112434
406.17 0.000831321079474
406.18 0.000838124970872
406.19 0.000844253715846
406.2 0.00084969189483
406.21 0.00085442580848
406.22 0.000858443540162
406.23 0.000861735011598
406.24 0.000864292031423
406.25 0.000866108336443
406.26 0.000867179625433
406.27 0.000867503585377
406.28 0.000867079910107
406.29 0.000865910311349
406.3 0.00086399852225
406.31 0.000861350293531
406.32 0.000857973382432
406.33 0.00085387753474
406.34 0.00084907446018
406.35 0.000843577801572
406.36 0.000837403098169
406.37 0.000830567743677
406.38 0.000823090939508
406.39 0.000814993643855
406.4 0.000806298517259
406.41 0.000797029865363
406.42 0.000787213579609
406.43 0.000776877076669
406.44 0.000766049237456
406.45 0.00075476034658
406.46 0.000743042033173
406.47 0.000730927214013
406.48 0.000718450039925
406.49 0.000705645846453
406.5 0.000692551109827
406.51 0.000679203409246
406.52 0.000665641396533
406.53 0.000651904774234
406.54 0.000638034283205
406.55 0.000624071700773
406.56 0.000610059850539
406.57 0.000596042624881
406.58 0.000582065021236
406.59 0.000568173193182
406.6 0.000554414517377
406.61 0.000540837677365
406.62 0.000527492765238
406.63 0.000514431402127
406.64 0.000501706878461
406.65 0.000489374314904
406.66 0.000477490844828
406.67 0.000466115819149
406.68 0.000455311034313
406.69 0.000445140984144
406.7 0.000435673136224
406.71 0.000426978233411
406.72 0.000419130621023
406.73 0.000412208600146
406.74 0.000406294807428
406.75 0.000401476621658
406.76 0.000397846597284
406.77 0.000395502924966
406.78 0.000394549919097
406.79 0.000395098532139
406.8 0.000397266895448
406.81 0.000401180886145
406.82 0.00040697471941
406.83 0.000414791565428
406.84 0.000424784190002
406.85 0.000437115617711
406.86 0.000451959816228
406.87 0.000469502400234
406.88 0.000489941353139
406.89 0.000513487764556
406.9 0.000540366581254
406.91 0.00057081736905
406.92 0.000605095082803
406.93 0.000643470841452
406.94 0.000686232704687
406.95 0.000733686447614
406.96 0.00078615632942
406.97 0.000843985851787
406.98 0.000907538502473
406.99 0.000977198479192
407.0 0.00105337138861
407.01 0.00113648491497
407.02 0.00122698945263
407.03 0.00132535869644
407.04 0.0014320901836
407.05 0.00154770578055
407.06 0.00167275210806
407.07 0.00180780089747
407.08 0.00195344927095
407.09 0.00211031993852
407.1 0.00227906130422
407.11 0.00246034747409
407.12 0.00265487815824
407.13 0.00286337845954
407.14 0.00308659854136
407.15 0.00332531316709
407.16 0.00358032110392
407.17 0.00385244438416
407.18 0.00414252741713
407.19 0.00445143594527
407.2 0.00478005583846
407.21 0.00512929172098
407.22 0.00550006542612
407.23 0.00589331427403
407.24 0.00630998916904
407.25 0.00675105251353
407.26 0.00721747593613
407.27 0.00771023783292
407.28 0.00823032072135
407.29 0.00877870840748
407.3 0.0093563829682
407.31 0.00996432155137
407.32 0.0106034929977
407.33 0.0112748542899
407.34 0.0119793468348
407.35 0.0127178925873
407.36 0.0134913900242
407.37 0.0143007099785
407.38 0.0151466913461
407.39 0.0160301366779
407.4 0.0169518076712
407.41 0.0179124205758
407.42 0.0189126415334
407.43 0.0199530818655
407.44 0.0210342933316
407.45 0.0221567633766
407.46 0.0233209103899
407.47 0.0245270789963
407.48 0.0257755354054
407.49 0.0270664628395
407.5 0.0283999570679
407.51 0.0297760220699
407.52 0.0311945658544
407.53 0.0326553964591
407.54 0.0341582181577
407.55 0.0357026278986
407.56 0.0372881120017
407.57 0.0389140431378
407.58 0.0405796776152
407.59 0.0422841529975
407.6 0.0440264860749
407.61 0.0458055712111
407.62 0.0476201790861
407.63 0.0494689558546
407.64 0.0513504227365
407.65 0.0532629760564
407.66 0.0552048877456
407.67 0.0571743063189
407.68 0.0591692583354
407.69 0.0611876503518
407.7 0.0632272713735
407.71 0.0652857958059
407.72 0.0673607869062
407.73 0.0694497007348
407.74 0.0715498905998
407.75 0.0736586119889
407.76 0.0757730279776
407.77 0.0778902151012
407.78 0.0800071696762
407.79 0.0821208145523
407.8 0.0842280062748
407.81 0.0863255426358
407.82 0.0884101705875
407.83 0.0904785944912
407.84 0.0925274846733
407.85 0.0945534862549
407.86 0.0965532282243
407.87 0.0985233327156
407.88 0.100460424459
407.89 0.102361140362
407.9 0.104222139189
407.91 0.106040111295
407.92 0.107811788369
407.93 0.109533953163
407.94 0.111203449145
407.95 0.112817190048
407.96 0.114372169279
407.97 0.115865469132
407.98 0.117294269777
407.99 0.118655857991
408.0 0.119947635578
408.01 0.121167127457
408.02 0.12231198938
408.03 0.123380015237
408.04 0.124369143936
408.05 0.125277465814
408.06 0.12610322855
408.07 0.126844842579
408.08 0.127500885954
408.09 0.128070108658
408.1 0.128551436343
408.11 0.12894397348
408.12 0.129247005909
408.13 0.129460002788
408.14 0.129582617916
408.15 0.129614690458
408.16 0.129556245036
408.17 0.129407491215
408.18 0.129168822384
408.19 0.128840814025
408.2 0.128424221402
408.21 0.127919976669
408.22 0.127329185417
408.23 0.126653122674
408.24 0.125893228389
408.25 0.125051102404
408.26 0.124128498958
408.27 0.123127320732
408.28 0.122049612473
408.29 0.120897554218
408.3 0.119673454162
408.31 0.118379741179
408.32 0.117018957052
408.33 0.11559374843
408.34 0.114106858548
408.35 0.112561118756
408.36 0.11095943987
408.37 0.109304803403
408.38 0.107600252693
408.39 0.105848883976
408.4 0.104053837427
408.41 0.102218288209
408.42 0.100345437567
408.43 0.0984385039897
408.44 0.0965007144766
408.45 0.0945352959416
408.46 0.0925454667806
408.47 0.0905344286305
408.48 0.0885053583492
408.49 0.0864614002389
408.5 0.0844056585391
408.51 0.0823411902096
408.52 0.0802709980251
408.53 0.078198024
408.54 0.0761251431596
408.55 0.0740551576747
408.56 0.0719907913706
408.57 0.0699346846236
408.58 0.0678893896541
408.59 0.0658573662234
408.6 0.0638409777413
408.61 0.0618424877865
408.62 0.0598640570437
408.63 0.0579077406566
408.64 0.0559754859954
408.65 0.0540691308364
408.66 0.0521904019471
408.67 0.0503409140725
408.68 0.0485221693127
408.69 0.0467355568838
408.7 0.0449823532498
408.71 0.0432637226154
408.72 0.0415807177641
408.73 0.0399342812292
408.74 0.0383252467811
408.75 0.0367543412155
408.76 0.0352221864247
408.77 0.0337293017348
408.78 0.0322761064902
408.79 0.030862922867
408.8 0.0294899788955
408.81 0.0281574116736
408.82 0.0268652707498
408.83 0.0256135216581
408.84 0.0244020495837
408.85 0.0232306631411
408.86 0.0220990982451
408.87 0.0210070220553
408.88 0.0199540369764
408.89 0.0189396846967
408.9 0.0179634502453
408.91 0.0170247660539
408.92 0.0161230160053
408.93 0.0152575394538
408.94 0.0144276352027
408.95 0.0136325654254
408.96 0.0128715595174
408.97 0.0121438178664
408.98 0.01144851553
408.99 0.0107848058115
409.0 0.0101518237232
409.01 0.0095486893298
409.02 0.00897451096498
409.03 0.0084283883142
409.04 0.00790941535851
409.05 0.00741668317515
409.06 0.0069492825911
409.07 0.0065063066872
409.08 0.0060868531507
409.09 0.00569002647545
409.1 0.00531494000948
409.11 0.00496071785025
409.12 0.00462649658903
409.13 0.00431142690612
409.14 0.00401467501929
409.15 0.0037354239886
409.16 0.00347287488092
409.17 0.00322624779834
409.18 0.00299478277458
409.19 0.00277774054443
409.2 0.00257440319109
409.21 0.00238407467674
409.22 0.00220608126206
409.23 0.0020397718202
409.24 0.00188451805131
409.25 0.00173971460332
409.26 0.00160477910528
409.27 0.00147915211907
409.28 0.00136229701555
409.29 0.00125369978122
409.3 0.00115286876116
409.31 0.00105933434407
409.32 0.000972648595114
409.33 0.000892384841956
409.34 0.000818137219435
409.35 0.000749520177924
409.36 0.00068616796033
409.37 0.000627734052442
409.38 0.000573890611102
409.39 0.000524327874433
409.4 0.000478753558139
409.41 0.000436892241597
409.42 0.00039848474727
409.43 0.000363287516672
409.44 0.000331071985895
409.45 0.000301623963451
409.46 0.000274743012936
409.47 0.000250241842807
409.48 0.0002279457053
409.49 0.000207691806329
409.5 0.000189328727959
409.51 0.000172715864867
409.52 0.000157722875989
409.53 0.000144229152369
409.54 0.000132123302062
409.55 0.000121302652746
409.56 0.000111672772584
409.57 0.000103147009686
409.58 9.56460504283e-05
409.59 8.90974967276e-05
409.6 8.34354622778e-05
409.61 7.86001876416e-05
409.62 7.45376739969e-05
409.63 7.11993352525e-05
409.64 6.85416681749e-05
409.65 6.65259400966e-05
409.66 6.51178937204e-05
409.67 6.42874684836e-05
409.68 6.40085378994e-05
409.69 6.42586622611e-05
409.7 6.50188560613e-05
409.71 6.62733694551e-05
409.72 6.80094830814e-05
409.73 7.02173155388e-05
409.74 7.28896428083e-05
409.75 7.60217289102e-05
409.76 7.96111670831e-05
409.77 8.36577307772e-05
409.78 8.81632337611e-05
409.79 9.31313986525e-05
409.8 9.85677331951e-05
409.81 0.000104479413621
409.82 0.000110875174455
409.83 0.000117765204131
409.84 0.000125161045829
409.85 0.000133075502937
409.86 0.000141522548589
409.87 0.000150517238746
409.88 0.000160075628315
409.89 0.00017021468982
409.9 0.000180952234178
409.91 0.000192306833158
409.92 0.000204297743123
409.93 0.000216944829692
409.94 0.000230268492986
409.95 0.000244289593157
409.96 0.000259029375912
409.97 0.000274509397807
409.98 0.000290751451087
409.99 0.000307777487894
410.0 0.000325609543696
410.01 0.000344269659819
410.02 0.000363779805007
410.03 0.000384161795946
410.04 0.000405437216743
410.05 0.000427627337372
410.06 0.000450753031138
410.07 0.000474834691228
410.08 0.000499892146477
410.09 0.000525944576477
410.1 0.000553010426215
410.11 0.000581107320441
410.12 0.000610251977999
410.13 0.000640460126393
410.14 0.000671746416875
410.15 0.000704124340367
410.16 0.000737606144579
410.17 0.000772202752659
410.18 0.000807923683792
410.19 0.000844776976134
410.2 0.000882769112505
410.21 0.000921904949272
410.22 0.000962187648882
410.23 0.00100361861647
410.24 0.00104619744101
410.25 0.00108992184149
410.26 0.00113478761845
410.27 0.00118078861155
410.28 0.00122791666327
410.29 0.0012761615895
410.3 0.00132551115712
410.31 0.00137595106915
410.32 0.00142746495766
410.33 0.00148003438475
410.34 0.00153363885202
410.35 0.00158825581848
410.36 0.00164386072729
410.37 0.00170042704132
410.38 0.00175792628766
410.39 0.00181632811097
410.4 0.00187560033578
410.41 0.00193570903736
410.42 0.00199661862128
410.43 0.00205829191103
410.44 0.0021206902437
410.45 0.00218377357304
410.46 0.00224750057962
410.47 0.00231182878741
410.48 0.00237671468618
410.49 0.00244211385916
410.5 0.00250798111498
410.51 0.00257427062331
410.52 0.00264093605322
410.53 0.00270793071337
410.54 0.00277520769306
410.55 0.00284272000324
410.56 0.00291042071635
410.57 0.002978263104
410.58 0.00304620077145
410.59 0.00311418778788
410.6 0.00318217881132
410.61 0.00325012920727
410.62 0.00331799516001
410.63 0.00338573377569
410.64 0.00345330317612
410.65 0.00352066258273
410.66 0.00358777238951
410.67 0.00365459422468
410.68 0.00372109100005
410.69 0.00378722694792
410.7 0.00385296764493
410.71 0.00391828002253
410.72 0.0039831323641
410.73 0.00404749428851
410.74 0.00411133672027
410.75 0.00417463184647
410.76 0.00423735306096
410.77 0.00429947489617
410.78 0.00436097294324
410.79 0.00442182376128
410.8 0.00448200477652
410.81 0.00454149417267
410.82 0.0046002707732
410.83 0.00465831391727
410.84 0.00471560333032
410.85 0.0047721189909
410.86 0.00482784099528
410.87 0.00488274942144
410.88 0.004936824194
410.89 0.00499004495184
410.9 0.00504239092009
410.91 0.00509384078813
410.92 0.00514437259541
410.93 0.00519396362659
410.94 0.00524259031759
410.95 0.00529022817432
410.96 0.00533685170509
410.97 0.0053824343685
410.98 0.00542694853765
410.99 0.00547036548193
411.0 0.0055126553673
411.01 0.0055537872757
411.02 0.00559372924434
411.03 0.00563244832513
411.04 0.00566991066443
411.05 0.00570608160332
411.06 0.00574092579784
411.07 0.00577440735913
411.08 0.0058064900126
411.09 0.00583713727532
411.1 0.00586631265075
411.11 0.00589397983931
411.12 0.00592010296358
411.13 0.00594464680641
411.14 0.00596757706013
411.15 0.00598886058504
411.16 0.00600846567501
411.17 0.00602636232802
411.18 0.00604252251945
411.19 0.00605692047558
411.2 0.00606953294506
411.21 0.0060803394658
411.22 0.00608932262482
411.23 0.0060964683087
411.24 0.00610176594207
411.25 0.00610520871201
411.26 0.00610679377587
411.27 0.00610652245061
411.28 0.00610440038141
411.29 0.00610043768788
411.3 0.00609464908612
411.31 0.00608705398507
411.32 0.00607767655604
411.33 0.00606654577414
411.34 0.00605369543099
411.35 0.00603916411797
411.36 0.00602299517986
411.37 0.00600523663854
411.38 0.00598594108729
411.39 0.00596516555577
411.4 0.00594297134668
411.41 0.00591942384493
411.42 0.00589459230052
411.43 0.00586854958662
411.44 0.00584137193446
411.45 0.0058131386469
411.46 0.00578393179275
411.47 0.00575383588408
411.48 0.00572293753877
411.49 0.00569132513094
411.5 0.00565908843171
411.51 0.00562631824307
411.52 0.00559310602749
411.53 0.00555954353607
411.54 0.00552572243786
411.55 0.00549173395321
411.56 0.00545766849371
411.57 0.00542361531122
411.58 0.00538966215868
411.59 0.0053558949648
411.6 0.00532239752492
411.61 0.00528925121021
411.62 0.00525653469672
411.63 0.00522432371623
411.64 0.00519269083022
411.65 0.00516170522797
411.66 0.00513143255007
411.67 0.00510193473776
411.68 0.00507326990874
411.69 0.00504549225952
411.7 0.00501865199442
411.71 0.00499279528085
411.72 0.0049679642303
411.73 0.00494419690442
411.74 0.00492152734512
411.75 0.00489998562759
411.76 0.00487959793479
411.77 0.00486038665194
411.78 0.00484237047936
411.79 0.0048255645617
411.8 0.00480998063182
411.81 0.0047956271671
411.82 0.00478250955627
411.83 0.00477063027451
411.84 0.00475998906473
411.85 0.00475058312289
411.86 0.00474240728516
411.87 0.00473545421503
411.88 0.00472971458818
411.89 0.00472517727334
411.9 0.00472182950731
411.91 0.00471965706248
411.92 0.00471864440532
411.93 0.00471877484458
411.94 0.00472003066782
411.95 0.00472239326551
411.96 0.0047258432417
411.97 0.00473036051079
411.98 0.00473592437978
411.99 0.0047425136161
412.0 0.00475010650062
412.01 0.00475868086633
412.02 0.00476821412289
412.03 0.00477868326762
412.04 0.00479006488367
412.05 0.00480233512621
412.06 0.00481546969772
412.07 0.00482944381338
412.08 0.00484423215807
412.09 0.00485980883608
412.1 0.00487614731515
412.11 0.00489322036626
412.12 0.00491100000073
412.13 0.00492945740618
412.14 0.00494856288297
412.15 0.00496828578258
412.16 0.00498859444949
412.17 0.00500945616807
412.18 0.00503083711573
412.19 0.00505270232372
412.2 0.00507501564687
412.21 0.00509773974306
412.22 0.00512083606373
412.23 0.00514426485592
412.24 0.00516798517678
412.25 0.00519195492079
412.26 0.00521613086032
412.27 0.00524046869949
412.28 0.00526492314147
412.29 0.00528944796907
412.3 0.00531399613833
412.31 0.00533851988458
412.32 0.00536297084054
412.33 0.00538730016553
412.34 0.00541145868502
412.35 0.00543539703954
412.36 0.00545906584179
412.37 0.00548241584078
412.38 0.00550539809176
412.39 0.00552796413056
412.4 0.00555006615085
412.41 0.00557165718319
412.42 0.005592691274
412.43 0.00561312366341
412.44 0.00563291096028
412.45 0.00565201131309
412.46 0.00567038457537
412.47 0.00568799246429
412.48 0.00570479871123
412.49 0.00572076920326
412.5 0.00573587211431
412.51 0.00575007802528
412.52 0.00576336003219
412.53 0.00577569384167
412.54 0.00578705785324
412.55 0.00579743322808
412.56 0.00580680394371
412.57 0.00581515683484
412.58 0.00582248162001
412.59 0.00582877091445
412.6 0.00583402022924
412.61 0.00583822795733
412.62 0.0058413953468
412.63 0.00584352646216
412.64 0.0058446281344
412.65 0.00584470990056
412.66 0.00584378393397
412.67 0.00584186496598
412.68 0.00583897020045
412.69 0.00583511922202
412.7 0.00583033389944
412.71 0.0058246382851
412.72 0.00581805851204
412.73 0.00581062268962
412.74 0.005802360799
412.75 0.00579330458979
412.76 0.00578348747868
412.77 0.00577294445139
412.78 0.00576171196879
412.79 0.00574982787807
412.8 0.00573733132988
412.81 0.00572426270202
412.82 0.00571066353036
412.83 0.00569657644735
412.84 0.00568204512862
412.85 0.00566711424769
412.86 0.00565182943899
412.87 0.00563623726908
412.88 0.0056203852158
412.89 0.00560432165513
412.9 0.00558809585509
412.91 0.00557175797624
412.92 0.0055553590779
412.93 0.00553895112928
412.94 0.00552258702448
412.95 0.00550632060035
412.96 0.00549020665587
412.97 0.00547430097201
412.98 0.00545866033043
412.99 0.00544334252991
413.0 0.00542840639885
413.01 0.00541391180248
413.02 0.00539991964322
413.03 0.00538649185284
413.04 0.00537369137478
413.05 0.00536158213536
413.06 0.00535022900238
413.07 0.00533969773
413.08 0.00533005488846
413.09 0.00532136777771
413.1 0.00531370432383
413.11 0.00530713295758
413.12 0.00530172247407
413.13 0.00529754187331
413.14 0.00529466018104
413.15 0.00529314624974
413.16 0.00529306853981
413.17 0.00529449488103
413.18 0.00529749221479
413.19 0.00530212631763
413.2 0.00530846150686
413.21 0.00531656032934
413.22 0.00532648323457
413.23 0.00533828823357
413.24 0.00535203054511
413.25 0.00536776223108
413.26 0.00538553182306
413.27 0.00540538394222
413.28 0.00542735891473
413.29 0.00545149238532
413.3 0.0054778149315
413.31 0.00550635168093
413.32 0.0055371219351
413.33 0.00557013880174
413.34 0.00560540883907
413.35 0.00564293171484
413.36 0.00568269988284
413.37 0.00572469827998
413.38 0.00576890404666
413.39 0.00581528627323
413.4 0.00586380577525
413.41 0.00591441489996
413.42 0.00596705736658
413.43 0.00602166814256
413.44 0.00607817335782
413.45 0.00613649025899
413.46 0.00619652720513
413.47 0.00625818370644
413.48 0.00632135050708
413.49 0.00638590971295
413.5 0.00645173496514
413.51 0.00651869165911
413.52 0.00658663721001
413.53 0.00665542136345
413.54 0.00672488655138
413.55 0.00679486829215
413.56 0.00686519563347
413.57 0.00693569163683
413.58 0.00700617390163
413.59 0.00707645512687
413.6 0.00714634370817
413.61 0.00721564436742
413.62 0.00728415881233
413.63 0.00735168642268
413.64 0.00741802496027
413.65 0.00748297129882
413.66 0.00754632217044
413.67 0.00760787492489
413.68 0.0076674282977
413.69 0.00772478318335
413.7 0.0077797434094
413.71 0.00783211650769
413.72 0.00788171447836
413.73 0.00792835454299
413.74 0.00797185988258
413.75 0.0080120603568
413.76 0.00804879320042
413.77 0.00808190369353
413.78 0.00811124580186
413.79 0.00813668278396
413.8 0.00815808776198
413.81 0.00817534425326
413.82 0.00818834665986
413.83 0.00819700071365
413.84 0.00820122387475
413.85 0.00820094568124
413.86 0.00819610804872
413.87 0.00818666551801
413.88 0.00817258545025
413.89 0.00815384816822
413.9 0.00813044704377
413.91 0.0081023885308
413.92 0.00806969214414
413.93 0.00803239038451
413.94 0.00799052861034
413.95 0.00794416485735
413.96 0.00789336960702
413.97 0.00783822550544
413.98 0.00777882703427
413.99 0.00771528013564
414.0 0.00764770179313
414.01 0.00757621957116
414.02 0.0075009711153
414.03 0.00742210361615
414.04 0.00733977323948
414.05 0.00725414452578
414.06 0.00716538976197
414.07 0.00707368832861
414.08 0.00697922602566
414.09 0.0068821943801
414.1 0.0067827899386
414.11 0.00668121354855
414.12 0.00657766963082
414.13 0.00647236544725
414.14 0.00636551036642
414.15 0.0062573151306
414.16 0.00614799112709
414.17 0.00603774966702
414.18 0.00592680127442
414.19 0.00581535498851
414.2 0.00570361768181
414.21 0.00559179339677
414.22 0.00548008270328
414.23 0.00536868207945
414.24 0.0052577833178
414.25 0.00514757295883
414.26 0.00503823175388
414.27 0.004929934159
414.28 0.00482284786128
414.29 0.00471713333897
414.3 0.00461294345681
414.31 0.00451042309718
414.32 0.00440970882836
414.33 0.00431092861023
414.34 0.00421420153809
414.35 0.00411963762486
414.36 0.0040273376219
414.37 0.00393739287836
414.38 0.00384988523901
414.39 0.00376488698012
414.4 0.00368246078307
414.41 0.00360265974496
414.42 0.00352552742552
414.43 0.00345109792944
414.44 0.00337939602313
414.45 0.00331043728465
414.46 0.00324422828569
414.47 0.0031807668042
414.48 0.00312004206608
414.49 0.00306203501454
414.5 0.00300671860532
414.51 0.00295405812611
414.52 0.00290401153834
414.53 0.00285652983943
414.54 0.00281155744359
414.55 0.00276903257925
414.56 0.00272888770093
414.57 0.00269104991367
414.58 0.00265544140792
414.59 0.00262197990266
414.6 0.00259057909489
414.61 0.00256114911321
414.62 0.00253359697361
414.63 0.00250782703522
414.64 0.00248374145429
414.65 0.00246124063414
414.66 0.00244022366948
414.67 0.00242058878301
414.68 0.00240223375267
414.69 0.00238505632778
414.7 0.00236895463251
414.71 0.00235382755514
414.72 0.0023395751216
414.73 0.00232609885223
414.74 0.00231330210019
414.75 0.00230109037082
414.76 0.00228937162067
414.77 0.00227805653555
414.78 0.00226705878677
414.79 0.00225629526512
414.8 0.00224568629192
414.81 0.00223515580709
414.82 0.00222463153374
414.83 0.0022140451195
414.84 0.00220333225449
414.85 0.00219243276608
414.86 0.00218129069097
414.87 0.00216985432472
414.88 0.00215807624954
414.89 0.00214591334083
414.9 0.00213332675326
414.91 0.00212028188727
414.92 0.00210674833686
414.93 0.00209269981976
414.94 0.00207811409095
414.95 0.00206297284082
414.96 0.00204726157903
414.97 0.00203096950539
414.98 0.002014089369
414.99 0.00199661731702
415.0 0.00197855273422
415.01 0.00195989807486
415.02 0.00194065868802
415.03 0.0019208426378
415.04 0.00190046051963
415.05 0.00187952527396
415.06 0.00185805199856
415.07 0.00183605776056
415.08 0.00181356140941
415.09 0.0017905833918
415.1 0.00176714556951
415.11 0.0017432710412
415.12 0.00171898396894
415.13 0.00169430941022
415.14 0.00166927315633
415.15 0.00164390157751
415.16 0.00161822147557
415.17 0.00159225994431
415.18 0.00156604423832
415.19 0.0015396016502
415.2 0.00151295939662
415.21 0.00148614451325
415.22 0.00145918375862
415.23 0.00143210352703
415.24 0.00140492977017
415.25 0.00137768792761
415.26 0.00135040286571
415.27 0.00132309882486
415.28 0.0012957993746
415.29 0.00126852737642
415.3 0.00124130495367
415.31 0.00121415346836
415.32 0.00118709350422
415.33 0.00116014485566
415.34 0.00113332652208
415.35 0.00110665670709
415.36 0.00108015282208
415.37 0.0010538314937
415.38 0.00102770857467
415.39 0.00100179915755
415.4 0.000976117590839
415.41 0.000950677497155
415.42 0.000925491792854
415.43 0.000900572708814
415.44 0.000875931811958
415.45 0.000851580027151
415.46 0.000827527659174
415.47 0.000803784414462
415.48 0.000780359422359
415.49 0.000757261255664
415.5 0.000734497950274
415.51 0.000712077023766
415.52 0.000690005492796
415.53 0.000668289889213
415.54 0.000646936274836
415.55 0.00062595025485
415.56 0.000605336989812
415.57 0.000585101206297
415.58 0.00056524720621
415.59 0.00054577887483
415.6 0.000526699687673
415.61 0.000508012716257
415.62 0.000489720632891
415.63 0.000471825714593
415.64 0.000454329846286
415.65 0.000437234523385
415.66 0.000420540853931
415.67 0.000404249560403
415.68 0.000388360981349
415.69 0.000372875072982
415.7 0.000357791410859
415.71 0.000343109191783
415.72 0.000328827236044
415.73 0.000314943990104
415.74 0.000301457529843
415.75 0.00028836556443
415.76 0.000275665440933
415.77 0.000263354149695
415.78 0.000251428330569
415.79 0.000239884280023
415.8 0.00022871795916
415.81 0.000217925002667
415.82 0.000207500728694
415.83 0.000197440149657
415.84 0.000187737983943
415.85 0.000178388668499
415.86 0.00016938637224
415.87 0.000160725010263
415.88 0.00015239825877
415.89 0.000144399570671
415.9 0.000136722191774
415.91 0.000129359177487
415.92 0.000122303409973
415.93 0.000115547615638
415.94 0.000109084382901
415.95 0.000102906180137
415.96 9.70053737107e-05
415.97 9.1374246015e-05
415.98 8.60050134284e-05
415.99 8.08898441017e-05
416.0 7.60208754994e-05
416.01 7.13902316126e-05
416.02 6.69900397728e-05
416.03 6.28124469951e-05
416.04 5.88496357872e-05
416.05 5.50938393652e-05
416.06 5.15373562228e-05
416.07 4.81725640056e-05
416.08 4.499193265e-05
416.09 4.1988036751e-05
416.1 3.91535671285e-05
416.11 3.6481341571e-05
416.12 3.39643147378e-05
416.13 3.15955872088e-05
416.14 2.93684136766e-05
416.15 2.72762102803e-05
416.16 2.53125610856e-05
416.17 2.34712237221e-05
416.18 2.17461341906e-05
416.19 2.01314108596e-05
416.2 1.86213576739e-05
416.21 1.72104665996e-05
416.22 1.58934193352e-05
416.23 1.46650883208e-05
416.24 1.35205370774e-05
416.25 1.24550199139e-05
416.26 1.14639810375e-05
416.27 1.0543053107e-05
416.28 9.68805526793e-06
416.29 8.8949907082e-06
416.3 8.16004377635e-06
416.31 7.47957670033e-06
416.32 6.85012594745e-06
416.33 6.26839826397e-06
416.34 5.73126643268e-06
416.35 5.23576478537e-06
416.36 4.77908450625e-06
416.37 4.35856876068e-06
416.38 3.97170768241e-06
416.39 3.61613325061e-06
416.4 3.28961408661e-06
416.41 2.99005019816e-06
416.42 2.71546769749e-06
416.43 2.46401351751e-06
416.44 2.23395014861e-06
416.45 2.0236504166e-06
416.46 1.83159232067e-06
416.47 1.65635394835e-06
416.48 1.49660848251e-06
416.49 1.35111931399e-06
416.5 1.21873527161e-06
416.51 1.09838597976e-06
416.52 9.89077352143e-07
416.53 8.89887229e-07
416.54 7.99961163571e-07
416.55 7.18508362334e-07
416.56 6.44797782378e-07
416.57 5.78154388137e-07
416.58 5.17955568671e-07
416.59 4.63627715753e-07
416.6 4.14642962172e-07
416.61 3.70516078869e-07
416.62 3.30801528857e-07
416.63 2.95090675244e-07
416.64 2.63009140166e-07
416.65 2.34214310942e-07
416.66 2.08392989391e-07
416.67 1.85259179921e-07
416.68 1.64552011701e-07
416.69 1.46033790037e-07
416.7 1.29488171911e-07
416.71 1.14718460501e-07
416.72 1.0154601344e-07
416.73 8.98087595623e-08
416.74 7.93598188345e-08
416.75 7.00662202597e-08
416.76 6.18077125614e-08
416.77 5.4475662566e-08
416.78 4.79720362984e-08
416.79 4.22084579374e-08
416.8 3.71053419137e-08
416.81 3.25910935929e-08
416.82 2.86013741454e-08
416.83 2.50784253799e-08
416.84 2.19704504938e-08
416.85 1.92310468765e-08
416.86 1.68186872834e-08
416.87 1.46962458852e-08
416.88 1.28305658794e-08
416.89 1.11920655328e-08
416.9 9.75437970263e-09
416.91 8.49403405991e-09
416.92 7.39014940763e-09
416.93 6.42417365254e-09
416.94 5.57963914887e-09
416.95 4.84194328555e-09
416.96 4.19815033569e-09
416.97 3.63681272767e-09
416.98 3.14781003099e-09
416.99 2.72220407696e-09
417.0 2.35210875449e-09
417.01 2.03057313476e-09
417.02 1.7514766854e-09
417.03 1.50943543482e-09
417.04 1.29971804152e-09
417.05 1.11817081094e-09
417.06 9.61150783953e-10
417.07 8.2546609755e-10
417.08 7.0832288876e-10
417.09 6.07278078198e-10
417.1 5.20197430265e-10
417.11 4.45218342738e-10
417.12 3.8071686989e-10
417.13 3.25278530485e-10
417.14 2.77672495329e-10
417.15 2.36828788678e-10
417.16 2.01818174097e-10
417.17 1.71834428402e-10
417.18 1.46178737456e-10
417.19 1.24245974994e-10
417.2 1.05512650505e-10
417.21 8.95263347395e-11
417.22 7.58963918187e-11
417.23 6.42858653383e-11
417.24 5.44043824784e-11
417.25 4.60019551097e-11
417.26 3.88635703416e-11
417.27 3.2804475048e-11
417.28 2.76660697441e-11
417.29 2.33123368923e-11
417.3 1.96267373876e-11
417.31 1.65095167176e-11
417.32 1.38753691963e-11
417.33 1.16514148149e-11
417.34 9.77544871489e-12
417.35 8.19442814072e-12
417.36 6.86316602411e-12
417.37 5.74320416231e-12
417.38 4.80184231458e-12
417.39 4.01130251321e-12
417.4 3.34801050523e-12
417.41 2.79197854767e-12
417.42 2.32627580839e-12
417.43 1.9365744064e-12
417.44 1.61076068917e-12
417.45 1.33860271365e-12
417.46 1.11146609635e-12
417.47 9.22071444952e-13
417.48 7.64287497931e-13
417.49 6.32954895343e-13
417.5 5.23736197772e-13
417.51 4.32988373442e-13
417.52 3.57654497448e-13
417.53 2.95171861479e-13
417.54 2.43394086091e-13
417.55 2.00525168302e-13
417.56 1.65063691745e-13
417.57 1.35755680828e-13
417.58 1.11554799563e-13
417.59 9.15887844802e-14
417.6 7.51311634879e-14
417.61 6.15774520372e-14
417.62 5.04251377391e-14
417.63 4.12568672273e-14
417.64 3.37263369701e-14
417.65 2.75464649142e-14
417.66 2.24794840722e-14
417.67 1.83286539677e-14
417.68 1.49313325684e-14
417.69 1.21531911068e-14
417.7 9.8833880087e-15
417.71 8.03054688282e-15
417.72 6.51940789978e-15
417.73 5.28804255343e-15
417.74 4.28553928846e-15
417.75 3.47008227257e-15
417.76 2.80735808809e-15
417.77 2.26923566276e-15
417.78 1.83267364782e-15
417.79 1.47881693484e-15
417.8 1.19225029727e-15
417.81 9.6038243002e-16
417.82 7.72938098349e-16
417.83 6.21539827328e-16
417.84 4.99363678409e-16
417.85 4.0085626551e-16
417.86 3.21502340525e-16
417.87 2.57634095733e-16
417.88 2.06274846078e-16
417.89 1.65011016592e-16
417.9 1.31887410516e-16
417.91 1.05321606616e-16
417.92 8.40340589586e-17
417.93 6.69910735696e-17
417.94 5.33583343972e-17
417.95 4.24630632571e-17
417.96 3.37632392086e-17
417.97 2.68225842963e-17
417.98 2.12902548201e-17
417.99 1.68843686937e-17
418.0 1.33786570417e-17
418.01 1.05916577882e-17
418.02 8.37797548608e-18
418.03 6.62121903355e-18
418.04 5.22830059133e-18
418.05 4.12483770986e-18
418.06 3.25144870441e-18
418.07 2.56077057323e-18
418.08 2.01506080962e-18
418.09 1.58427060683e-18
418.1 1.24449826238e-18
418.11 9.76748933402e-19
418.12 7.65941000377e-19
418.13 6.00110755236e-19
418.14 4.69776429971e-19
418.15 3.67430121202e-19
418.16 2.87132272747e-19
418.17 2.2418831892e-19
418.18 1.7489108473e-19
418.19 1.36315763755e-19
418.2 1.06156895554e-19
418.21 8.25988605467e-20
418.22 6.42130976789e-20
418.23 4.98766072339e-20
418.24 3.87073914044e-20
418.25 3.0013360298e-20
418.26 2.32519326745e-20
418.27 1.79981227256e-20
418.28 1.39193539277e-20
418.29 1.07556005189e-20
418.3 8.30374426653e-21
418.31 6.40526325863e-21
418.32 4.93655203131e-21
418.33 3.80131771576e-21
418.34 2.9246125302e-21
418.35 2.2481548359e-21
418.36 1.72666393117e-21
418.37 1.32499161724e-21
418.38 1.01587941386e-21
418.39 7.78206589809e-22
418.4 5.95622868182e-22
418.41 4.55482334793e-22
418.42 3.48012968288e-22
418.43 2.65670315874e-22
418.44 2.02634948936e-22
418.45 1.54422075459e-22
418.46 1.1757855907e-22
418.47 8.94479921877e-23
418.48 6.79887057485e-23
418.49 5.16329175265e-23
418.5 3.91778204552e-23
418.51 2.97014459017e-23
418.52 2.24977261519e-23
418.53 1.70264212685e-23
418.54 1.28745434395e-23
418.55 9.72666622827e-24
418.56 7.3420933756e-24
418.57 5.53731854104e-24
418.58 4.17256225768e-24
418.59 3.14144786738e-24
418.6 2.36309184908e-24
418.61 1.77604948079e-24
418.62 1.33368489819e-24
418.63 1.0006336868e-24
418.64 7.50102683255e-25
418.65 5.61810733176e-25
418.66 4.20419700361e-25
418.67 3.14340108047e-25
418.68 2.3482279405e-25
418.69 1.75268721071e-25
418.7 1.30705028867e-25
418.71 9.73876509048e-26
418.72 7.25001986417e-26
418.73 5.39260010531e-26
418.74 4.00756844514e-26
418.75 2.97568800309e-26
418.76 2.2075856017e-26
418.77 1.63633200459e-26
418.78 1.21185039755e-26
418.79 8.96706478891e-27
418.8 6.62941671004e-27
418.81 4.8969316538e-27
418.82 3.61406933069e-27
418.83 2.66497187212e-27
418.84 1.96341675351e-27
418.85 1.44529356236e-27
418.86 1.06297575004e-27
418.87 7.81113886284e-28
418.88 5.73494256777e-28
418.89 4.20695145274e-28
418.9 3.08339838485e-28
418.91 2.25795609812e-28
418.92 1.65205712164e-28
418.93 1.20769797497e-28
418.94 8.82094937383e-29
418.95 6.43718563953e-29
418.96 4.69353921467e-29
418.97 3.41923208815e-29
418.98 2.48874512903e-29
418.99 1.80990582715e-29
419.0 1.31508930622e-29
419.01 9.54724850572e-30
419.02 6.92508200236e-30
419.03 5.01874727168e-30
419.04 3.63403784165e-30
419.05 2.6291010394e-30
419.06 1.90041662525e-30
419.07 1.37250545093e-30
419.08 9.90382704529e-31
419.09 7.14028800809e-31
419.1 5.14342160193e-31
419.11 3.70179387103e-31
419.12 2.66192645367e-31
419.13 1.91250942899e-31
419.14 1.37288711927e-31
419.15 9.84667918631e-32
419.16 7.05616063617e-32
419.17 5.05208725175e-32
419.18 3.61407314776e-32
419.19 2.58313287611e-32
419.2 1.84467672412e-32
419.21 1.31618671117e-32
419.22 9.38292938673e-33
419.23 6.68317920916e-33
419.24 4.75610548669e-33
419.25 3.38176606997e-33
419.26 2.40247766632e-33
419.27 1.70529244642e-33
419.28 1.20937807286e-33
419.29 8.56937256108e-34
419.3 6.06679990855e-34
419.31 4.29135093183e-34
419.32 3.03285818364e-34
419.33 2.14157795598e-34
419.34 1.51091274662e-34
419.35 1.06504656218e-34
419.36 7.50104061885e-35
419.37 5.27834960884e-35
419.38 3.71106447364e-35
419.39 2.60688912032e-35
419.4 1.82965974082e-35
419.41 1.28304478921e-35
419.42 8.98953059566e-36
419.43 6.29297382078e-36
419.44 4.40147812498e-36
419.45 3.0758480924e-36
419.46 2.14760759351e-36
419.47 1.49819620008e-36
419.48 1.04425403994e-36
419.49 7.27222570658e-37
419.5 5.06002016398e-37
419.51 3.51771667927e-37
419.52 2.4433921879e-37
419.53 1.6957007668e-37
419.54 1.17578784064e-37
419.55 8.1457752866e-38
419.56 5.6384482446e-38
419.57 3.89951400162e-38
419.58 2.69454277489e-38
419.59 1.86030174299e-38
419.6 1.28323269474e-38
419.61 8.84404924205e-39
419.62 6.09004638242e-39
419.63 4.18999747347e-39
419.64 2.88025297863e-39
419.65 1.97820465863e-39
419.66 1.35748649803e-39
419.67 9.30729607612e-40
419.68 6.37580833261e-40
419.69 4.36385879086e-40
419.7 2.98421313344e-40
419.71 2.03897874386e-40
419.72 1.39193601462e-40
419.73 9.49400722359e-41
419.74 6.46998920914e-41
419.75 4.40535861259e-41
419.76 2.99697203776e-41
419.77 2.03707879025e-41
419.78 1.38342836379e-41
419.79 9.38705228103e-42
419.8 6.36393170414e-42
419.81 4.31067714006e-42
419.82 2.91735443122e-42
419.83 1.97267983955e-42
419.84 1.33274704984e-42
419.85 8.99627175708e-43
419.86 6.06737886901e-43
419.87 4.08849410501e-43
419.88 2.7526395758e-43
419.89 1.85165058126e-43
419.9 1.24449293243e-43
419.91 8.35698352125e-44
419.92 5.60699759161e-44
419.93 3.75867612913e-44
419.94 2.51746333789e-44
419.95 1.68467106171e-44
419.96 1.12639519626e-44
419.97 7.52471708567e-45
419.98 5.02242285641e-45
419.99 3.34934655524e-45
420.0 2.23167326106e-45
420.01 1.48567852655e-45
420.02 9.88195325318e-46
420.03 6.56726371969e-46
420.04 4.36063594455e-46
420.05 2.89293660479e-46
420.06 1.91757215897e-46
420.07 1.26995469205e-46
420.08 8.40327257504e-47
420.09 5.55561814008e-47
420.1 3.6697800569e-47
420.11 2.42198471286e-47
420.12 1.59707926616e-47
420.13 1.05221686397e-47
420.14 6.92640300579e-48
420.15 4.55547815492e-48
420.16 2.99353191286e-48
420.17 1.96542976489e-48
420.18 1.28930265738e-48
420.19 8.45037416961e-49
420.2 5.53376501346e-49
420.21 3.6206721358e-49
420.22 2.36690811559e-49
420.23 1.54595664471e-49
420.24 1.0088740103e-49
420.25 6.57809696276e-50
420.26 4.28536008176e-50
420.27 2.78931833361e-50
420.28 1.81398025463e-50
420.29 1.17866596194e-50
420.3 7.65195911709e-51
420.31 4.96338829946e-51
420.32 3.21667791011e-51
420.33 2.08286255869e-51
420.34 1.3475266479e-51
420.35 8.71039447841e-52
420.36 5.62551125577e-52
420.37 3.6300272446e-52
420.38 2.3403536243e-52
420.39 1.50756760031e-52
420.4 9.70277184708e-53
420.41 6.23933861762e-53
420.42 4.00871337573e-53
420.43 2.5733281261e-53
420.44 1.65047534415e-53
420.45 1.05766133375e-53
420.46 6.77185930975e-54
420.47 4.33204479164e-54
420.48 2.7688642411e-54
420.49 1.76821104589e-54
420.5 1.12821078872e-54
420.51 7.19233835563e-55
420.52 4.58114126844e-55
420.53 2.915418941e-55
420.54 1.85375344104e-55
420.55 1.17767832474e-55
420.56 7.47523940519e-56
420.57 4.74075206441e-56
420.58 3.00395271413e-56
420.59 1.90179041309e-56
420.6 1.20297313311e-56
420.61 7.60278859876e-57
420.62 4.80080000288e-57
420.63 3.02885181187e-57
420.64 1.90926473069e-57
420.65 1.20248034611e-57
420.66 7.5668223173e-58
420.67 4.75743428283e-58
420.68 2.98851728549e-58
420.69 1.87569602871e-58
420.7 1.17623164187e-58
420.71 7.36965181912e-59
420.72 4.61343912394e-59
420.73 2.8855348982e-59
420.74 1.80323189499e-59
420.75 1.12590187467e-59
420.76 7.02381746469e-60
420.77 4.3779379655e-60
420.78 2.72640081399e-60
420.79 1.69642051032e-60
420.8 1.05463222884e-60
420.81 6.55076885873e-61
420.82 4.06543690397e-61
420.83 2.52084351479e-61
420.84 1.56173830124e-61
420.85 9.66705853434e-62
420.86 5.97866401138e-62
420.87 3.69434678235e-62
420.88 2.28084033174e-62
420.89 1.40694078984e-62
420.9 8.67122529624e-63
420.91 5.33960132482e-63
420.92 3.28519313453e-63
420.93 2.01946668704e-63
420.94 1.24032698624e-63
420.95 7.61130989859e-64
420.96 4.66666181313e-64
420.97 2.85875519098e-64
420.98 1.74973111835e-64
420.99 1.07001379701e-64
421.0 6.53779279334e-65
421.01 3.99113703109e-65
421.02 2.43436580251e-65
421.03 1.48353825783e-65
421.04 9.03306998423e-66
421.05 5.49535447942e-66
421.06 3.34025606666e-66
421.07 2.02855843902e-66
421.08 1.23088930431e-66
421.09 7.46232543637e-67
421.1 4.52015247157e-67
421.11 2.7356195358e-67
421.12 1.65417716376e-67
421.13 9.9938323112e-68
421.14 6.03261774954e-68
421.15 3.6383399038e-68
421.16 2.19242347806e-68
421.17 1.31998601881e-68
421.18 7.94031864058e-69
421.19 4.77232753786e-69
421.2 2.86580256734e-69
421.21 1.7194359569e-69
421.22 1.03074076894e-69
421.23 6.17357340193e-70
421.24 3.69443041282e-70
421.25 2.2089306324e-70
421.26 1.31959413741e-70
421.27 7.8763025378e-71
421.28 4.69708169865e-71
421.29 2.79870775546e-71
421.3 1.66613696928e-71
421.31 9.91031737851e-72
421.32 5.88963170026e-72
421.33 3.497135218e-72
421.34 2.07472444726e-72
421.35 1.22979333945e-72
421.36 7.28328930505e-73
421.37 4.30969661217e-73
421.38 2.54794206065e-73
421.39 1.5050679589e-73
421.4 8.88272843419e-74
421.41 5.23793822429e-74
421.42 3.08601527786e-74
421.43 1.81660072834e-74
421.44 1.06842639535e-74
421.45 6.27846454182e-75
421.46 3.68626027062e-75
421.47 2.16243099574e-75
421.48 1.26742489254e-75
421.49 7.42208493224e-76
421.5 4.3426349119e-76
421.51 2.53865936601e-76
421.52 1.48278866159e-76
421.53 8.65322096282e-77
421.54 5.04545158874e-77
421.55 2.93931415235e-77
421.56 1.71086475836e-77
421.57 9.9496789574e-78
421.58 5.78130880452e-78
421.59 3.35634796811e-78
421.6 1.94684557596e-78
421.61 1.12828740946e-78
421.62 6.53328632305e-79
421.63 3.77978723485e-79
421.64 2.1848756712e-79
421.65 1.26185605526e-79
421.66 7.28142894609e-80
421.67 4.19804537361e-80
421.68 2.41825087214e-80
421.69 1.39180787807e-80
421.7 8.00351826237e-81
421.71 4.59839530031e-81
421.72 2.63970489305e-81
421.73 1.51400798195e-81
421.74 8.67610231037e-82
421.75 4.96758008154e-82
421.76 2.8417691933e-82
421.77 1.62426332873e-82
421.78 9.27572339076e-83
421.79 5.2925241884e-83
421.8 3.01718282201e-83
421.81 1.71855768351e-83
421.82 9.78025805099e-84
421.83 5.56109387293e-84
421.84 3.15932170435e-84
421.85 1.79329273263e-84
421.86 1.01702642793e-84
421.87 5.76284582391e-85
421.88 3.26261235e-85
421.89 1.84551535621e-85
421.9 1.04302222643e-85
421.91 5.88970002273e-86
421.92 3.32289409984e-86
421.93 1.87311110248e-86
421.94 1.05495585797e-86
421.95 5.93647646654e-87
421.96 3.3376971315e-87
421.97 1.87494621056e-87
421.98 1.05233596431e-87
421.99 5.90124608693e-88
422.0 3.30641034029e-88
422.01 1.85094488874e-88
422.02 1.03527073601e-88
422.03 5.78546273404e-89
422.04 3.23032319281e-89
422.05 1.80209450771e-89
422.06 1.00446050029e-89
422.07 5.59386364182e-90
422.08 3.11253755837e-90
422.09 1.73037821268e-90
422.1 9.61150039857e-91
422.11 5.33414787102e-91
422.12 2.95775791981e-91
422.13 1.63864136397e-91
422.14 9.07045166893e-92
422.15 5.01646314775e-92
422.16 2.77197973673e-92
422.17 1.53040434078e-92
422.18 8.44201343428e-93
422.19 4.65274875455e-93
422.2 2.5621047207e-93
422.21 1.40963886225e-93
422.22 7.74894475016e-94
422.23 4.25599370591e-94
422.24 2.33551737284e-94
422.25 1.280527589e-94
422.26 7.01485163266e-95
422.27 3.83947419084e-95
422.28 2.09965880604e-95
422.29 1.14722714747e-95
422.3 6.26287603552e-96
422.31 3.4160319835e-96
422.32 1.861631648e-96
422.33 1.01365295575e-96
422.34 5.51453047711e-97
422.35 2.99744693927e-97
422.36 1.62786422586e-97
422.37 8.83300684262e-98
422.38 4.78875553627e-98
422.39 2.59394330606e-98
422.4 1.40385419797e-98
422.41 7.5911442254e-99
422.42 4.10124952379e-99
422.43 2.21385338429e-99
422.44 1.19400248577e-99
422.45 6.43406314296e-100
422.46 3.46408961802e-100
422.47 1.86344522621e-100
422.48 1.0015389805e-100
422.49 5.37827240046e-101
422.5 2.88563531949e-101
422.51 1.54690558618e-101
422.52 8.28533137863e-102
422.53 4.43383646545e-102
422.54 2.37068128451e-102
422.55 1.26645681095e-102
422.56 6.75976050321e-103
422.57 3.60492262072e-103
422.58 1.92080951055e-103
422.59 1.02257780042e-103
422.6 5.4391637722e-104
422.61 2.89062412775e-104
422.62 1.5348814016e-104
422.63 8.1429494083e-105
422.64 4.31630735114e-105
422.65 2.28594985687e-105
422.66 1.20960827755e-105
422.67 6.39508782318e-106
422.68 3.37809600779e-106
422.69 1.78287615364e-106
422.7 9.40143346006e-107
422.71 4.95325503307e-107
422.72 2.60742013491e-107
422.73 1.37137128883e-107
422.74 7.20647365322e-108
422.75 3.78367883896e-108
422.76 1.98485799748e-108
422.77 1.04032330958e-108
422.78 5.44792261313e-109
422.79 2.85047504204e-109
422.8 1.49014067094e-109
422.81 7.78325046327e-110
422.82 4.06179926452e-110
422.83 2.11787156554e-110
422.84 1.10332763236e-110
422.85 5.74292418497e-111
422.86 2.98665723494e-111
422.87 1.55189165013e-111
422.88 8.05677289556e-112
422.89 4.17911728801e-112
422.9 2.16586663159e-112
422.91 1.12150851008e-112
422.92 5.80225950829e-113
422.93 2.99926912541e-113
422.94 1.54902147046e-113
422.95 7.99324547381e-114
422.96 4.12109452457e-114
422.97 2.12288131233e-114
422.98 1.09260344246e-114
422.99 5.6185354781e-115
423.0 2.8867382256e-115
423.01 1.48188803384e-115
423.02 7.60058625061e-116
423.03 3.89495554084e-116
423.04 1.99425931982e-116
423.05 1.0201980014e-116
423.06 5.21448015493e-117
423.07 2.6629393918e-117
423.08 1.35873654865e-117
423.09 6.92680474441e-118
423.1 3.52820934834e-118
423.11 1.79555808766e-118
423.12 9.1299476017e-119
423.13 4.63832123505e-119
423.14 2.35438278609e-119
423.15 1.19403494428e-119
423.16 6.05035298336e-120
423.17 3.06314884541e-120
423.18 1.54945583325e-120
423.19 7.83094212806e-121
423.2 3.95432663595e-121
423.21 1.99505456541e-121
423.22 1.00568212014e-121
423.23 5.06512761861e-122
423.24 2.54884700585e-122
423.25 1.28150662581e-122
423.26 6.43756543759e-123
423.27 3.23106853355e-123
423.28 1.62029613311e-123
423.29 8.11832313732e-124
423.3 4.064077531e-124
423.31 2.03273772723e-124
423.32 1.01583792679e-124
423.33 5.07213975796e-125
423.34 2.53035649669e-125
423.35 1.26123474271e-125
423.36 6.28107315059e-126
423.37 3.1253271848e-126
423.38 1.5537489219e-126
423.39 7.71773573257e-127
423.4 3.83021082477e-127
423.41 1.89923702268e-127
423.42 9.40934447651e-128
423.43 4.65761172778e-128
423.44 2.30351427225e-128
423.45 1.13826202151e-128
423.46 5.61975388868e-129
423.47 2.77214574706e-129
423.48 1.36627630209e-129
423.49 6.7279804979e-130
423.5 3.3102029756e-130
423.51 1.62722736092e-130
423.52 7.99218565643e-131
423.53 3.92199108563e-131
423.54 1.92296488206e-131
423.55 9.42019334118e-132
423.56 4.61075443051e-132
423.57 2.25479924433e-132
423.58 1.101710482e-132
423.59 5.37837147395e-133
423.6 2.62335956745e-133
423.61 1.27846416409e-133
423.62 6.22505237775e-134
423.63 3.02845533817e-134
423.64 1.47205165281e-134
423.65 7.14905498971e-135
423.66 3.46894918828e-135
423.67 1.68178684827e-135
423.68 8.1464365231e-136
423.69 3.94264901054e-136
423.7 1.90648005943e-136
423.71 9.21085892474e-137
423.72 4.44622776708e-137
423.73 2.14440590763e-137
423.74 1.03334655498e-137
423.75 4.97517898531e-138
423.76 2.39328894836e-138
423.77 1.15028451606e-138
423.78 5.5238149966e-139
423.79 2.65031007948e-139
423.8 1.27050963888e-139
423.81 6.08531344133e-140
423.82 2.91213600368e-140
423.83 1.39240016859e-140
423.84 6.65181547572e-141
423.85 3.17497296565e-141
423.86 1.51413145851e-141
423.87 7.21457655645e-142
423.88 3.43464473578e-142
423.89 1.63371580586e-142
423.9 7.76416778165e-143
423.91 3.68669343298e-143
423.92 1.74905252345e-143
423.93 8.2907227078e-144
423.94 3.92650035445e-144
423.95 1.85798671578e-144
423.96 8.7842215475e-145
423.97 4.14942261117e-145
423.98 1.95837461143e-145
423.99 9.23480190468e-146
424.0 4.35094015601e-146
424.01 2.04815277637e-146
424.02 9.63308294181e-147
424.03 4.52680683781e-147
424.04 2.12540813903e-147
424.05 9.97048829414e-148
424.06 4.67319850477e-148
424.07 2.18844553562e-148
424.08 1.0239552306e-148
424.09 4.78685097817e-149
424.1 2.2358494574e-149
424.11 1.0434194362e-149
424.12 4.86518095936e-150
424.13 2.26653686418e-150
424.14 1.05499472514e-150
424.15 4.90638362109e-151
424.16 2.27979831353e-151
424.17 1.05841275942e-151
424.18 4.90950173587e-152
424.19 2.27532522517e-152
424.2 1.05359392494e-152
424.21 4.87446264434e-153
424.22 2.25322181718e-153
424.23 1.0406504142e-153
424.24 4.80208106979e-154
424.25 2.21400106964e-154
424.26 1.01988188409e-154
424.27 4.69402762682e-155
424.28 2.15856493357e-155
424.29 9.91763923498e-156
424.3 4.55276472364e-156
424.31 2.08816985187e-156
424.32 9.56929950488e-157
424.33 4.38145329228e-157
424.34 2.00437943217e-157
424.35 9.16147501166e-158
424.36 4.18383527894e-158
424.37 1.90900676075e-158
424.38 8.70290149129e-159
424.39 3.964097991e-159
424.4 1.8040493263e-159
424.41 8.20306488283e-160
424.42 3.72672715557e-160
424.43 1.69161980768e-160
424.44 7.67187711935e-161
424.45 3.47635585986e-161
424.46 1.57387605581e-161
424.47 7.11935324521e-162
424.48 3.21761641212e-162
424.49 1.45295347278e-162
424.5 6.55530433094e-163
424.51 2.95500161478e-163
424.52 1.33090267792e-163
424.53 5.98905894917e-164
424.54 2.69274103812e-164
424.55 1.20963488492e-164
424.56 5.42922361502e-165
424.57 2.4346967069e-165
424.58 1.09087683555e-165
424.59 4.8834897852e-166
424.6 2.18428126144e-166
424.61 9.76136492402e-167
424.62 4.35849197207e-167
424.63 1.94440023245e-167
424.64 8.66680032133e-168
424.65 3.85971848375e-168
424.66 1.71741867534e-168
424.67 7.63520048231e-169
424.68 3.39147344988e-169
424.69 1.50515113526e-169
424.7 6.67414306717e-170
424.71 2.9568863058e-170
424.72 1.30887282953e-170
424.73 5.78873930208e-171
424.74 2.55796290937e-171
424.75 1.12934909164e-171
424.76 4.98179535509e-172
424.77 2.1956710331e-172
424.78 9.66879548036e-173
424.79 4.25403626534e-173
424.8 1.87005213531e-173
424.81 8.21353199925e-174
424.82 3.60437447077e-174
424.83 1.58035104891e-174
424.84 6.92310543251e-175
424.85 3.03020516847e-175
424.86 1.32515547784e-175
424.87 5.79009047807e-176
424.88 2.52771192191e-176
424.89 1.10253787077e-176
424.9 4.80488687746e-177
424.91 2.09216788581e-177
424.92 9.10193245067e-178
424.93 3.95634719907e-178
424.94 1.71822050993e-178
424.95 7.45567747963e-179
424.96 3.2323549069e-179
424.97 1.40015036711e-179
424.98 6.05974055189e-180
424.99 2.62033666862e-180
425.0 1.1320976033e-180
425.01 4.88691021618e-181
425.02 2.10769886544e-181
425.03 9.08252236379e-182
425.04 3.91046229323e-182
425.05 1.68218378235e-182
425.06 7.23006985517e-183
425.07 3.10481163725e-183
425.08 1.33214572126e-183
425.09 5.71073389118e-184
425.1 2.44599646506e-184
425.11 1.04675113205e-184
425.12 4.47563607713e-185
425.13 1.91200844059e-185
425.14 8.16109732107e-186
425.15 3.48041491452e-186
425.16 1.48298650075e-186
425.17 6.31345496615e-187
425.18 2.68547237191e-187
425.19 1.1412952321e-187
425.2 4.84617429496e-188
425.21 2.05600311793e-188
425.22 8.71509690892e-189
425.23 3.69100288738e-189
425.24 1.56185337969e-189
425.25 6.60328209566e-190
425.26 2.78935090534e-190
425.27 1.17725397903e-190
425.28 4.96433286462e-191
425.29 2.09158410654e-191
425.3 8.80467814298e-192
425.31 3.70318449279e-192
425.32 1.55618392898e-192
425.33 6.5338658763e-193
425.34 2.7409632777e-193
425.35 1.14884101339e-193
425.36 4.81105540361e-194
425.37 2.01300334962e-194
425.38 8.41535321857e-195
425.39 3.51498854249e-195
425.4 1.46689554824e-195
425.41 6.11643239624e-196
425.42 2.54812589759e-196
425.43 1.06063827694e-196
425.44 4.41100370953e-197
425.45 1.83286830991e-197
425.46 7.60937196932e-198
425.47 3.15638578357e-198
425.48 1.30814249978e-198
425.49 5.41681177589e-199
425.5 2.24107374044e-199
425.51 9.26386593145e-200
425.52 3.8260627471e-200
425.53 1.57883093628e-200
425.54 6.50942877633e-201
425.55 2.68147556565e-201
425.56 1.10364276563e-201
425.57 4.53844326049e-202
425.58 1.86470017774e-202
425.59 7.65481724635e-203
425.6 3.13967253288e-203
425.61 1.28664161208e-203
425.62 5.26810648755e-204
425.63 2.15513862e-204
425.64 8.8088575403e-205
425.65 3.5973912665e-205
425.66 1.46784256701e-205
425.67 5.98404695231e-206
425.68 2.43744160254e-206
425.69 9.91966850013e-207
425.7 4.03351625015e-207
425.71 1.63868008403e-207
425.72 6.65163259e-208
425.73 2.69765272999e-208
425.74 1.09311925424e-208
425.75 4.42560611576e-209
425.76 1.79020054754e-209
425.77 7.23526304884e-210
425.78 2.9216667441e-210
425.79 1.1787745256e-210
425.8 4.75176023508e-211
425.81 1.91382405256e-211
425.82 7.7014625956e-212
425.83 3.0964789005e-212
425.84 1.24390367855e-212
425.85 4.99262666294e-213
425.86 2.002143234e-213
425.87 8.02204157509e-214
425.88 3.21142944881e-214
425.89 1.28450433756e-214
425.9 5.13329800539e-215
425.91 2.0496565365e-215
425.92 8.17691379085e-216
425.93 3.25927840126e-216
425.94 1.29800752666e-216
425.95 5.16483766002e-217
425.96 2.05333520151e-217
425.97 8.1561788827e-218
425.98 3.23696008684e-218
425.99 1.28354665443e-218
426.0 5.08521929557e-219
426.01 2.01294276198e-219
426.02 7.96116963881e-220
426.03 3.14590818076e-220
426.04 1.2420495447e-220
426.05 4.89954227945e-221
426.06 1.93106019522e-221
426.07 7.60431023493e-222
426.08 2.99190330697e-222
426.09 1.17613992721e-222
426.1 4.61949121708e-223
426.11 1.81281301474e-223
426.12 7.10780636023e-224
426.13 2.78446573187e-224
426.14 1.08986292676e-224
426.15 4.26211922792e-225
426.16 1.66534041471e-225
426.17 6.50135919992e-226
426.18 2.53588184058e-226
426.19 9.88274474735e-227
426.2 3.84813106818e-227
426.21 1.49708288546e-227
426.22 5.81923033783e-228
426.23 2.26000272424e-228
426.24 8.76952539265e-229
426.25 3.39990615538e-229
426.26 1.31698698185e-229
426.27 5.09706001145e-230
426.28 1.97097776168e-230
426.29 7.61495627631e-231
426.3 2.9395226869e-231
426.31 1.13373076335e-231
426.32 4.36884622409e-232
426.33 1.68208252271e-232
426.34 6.47070425518e-233
426.35 2.48702136206e-233
426.36 9.55061180357e-234
426.37 3.66443129001e-234
426.38 1.40477149207e-234
426.39 5.38057265472e-235
426.4 2.05908856842e-235
426.41 7.87309093105e-236
426.42 3.00773257753e-236
426.43 1.14803964232e-236
426.44 4.3782268712e-237
426.45 1.66825852193e-237
426.46 6.35114684878e-238
426.47 2.4158205396e-238
426.48 9.18123062819e-239
426.49 3.48626853901e-239
426.5 1.32264863839e-239
426.51 5.01362507918e-240
426.52 1.89881621433e-240
426.53 7.18518114448e-241
426.54 2.71654074915e-241
426.55 1.02616793259e-241
426.56 3.87297208221e-242
426.57 1.46047459371e-242
426.58 5.50259258896e-243
426.59 2.0714021558e-243
426.6 7.79085643284e-244
426.61 2.92772102395e-244
426.62 1.09925359321e-244
426.63 4.12372607541e-245
426.64 1.54562963634e-245
426.65 5.78821662716e-246
426.66 2.16574753609e-246
426.67 8.09644917608e-247
426.68 3.02416213634e-247
426.69 1.12859796177e-247
426.7 4.20820767552e-248
426.71 1.56775711062e-248
426.72 5.83558106946e-249
426.73 2.17026690028e-249
426.74 8.06428558736e-250
426.75 2.99393498039e-250
426.76 1.11056131697e-250
426.77 4.11591533008e-251
426.78 1.52410200621e-251
426.79 5.6387825859e-252
426.8 2.08439670256e-252
426.81 7.69837597712e-253
426.82 2.8408059583e-253
426.83 1.04738834114e-253
426.84 3.85831439203e-254
426.85 1.42007474232e-254
426.86 5.22213994088e-255
426.87 1.91871080323e-255
426.88 7.04359292394e-256
426.89 2.58346563299e-256
426.9 9.46748969979e-257
426.91 3.46649602445e-257
426.92 1.26814900163e-257
426.93 4.63525439443e-258
426.94 1.69278022507e-258
426.95 6.17662581432e-259
426.96 2.25177876804e-259
426.97 8.20207733983e-260
426.98 2.98500946649e-260
426.99 1.0854036507e-260
427.0 3.94330669109e-261
427.01 1.43137538966e-261
427.02 5.19122973334e-262
427.03 1.88109471757e-262
427.04 6.81043404792e-263
427.05 2.4635570948e-263
427.06 8.90377516014e-264
427.07 3.21521078395e-264
427.08 1.16002788117e-264
427.09 4.18168310197e-265
427.1 1.5061128733e-265
427.11 5.41985460167e-266
427.12 1.94868419896e-266
427.13 7.00033790682e-267
427.14 2.5125820726e-267
427.15 9.0104238785e-268
427.16 3.22844877408e-268
427.17 1.15575635506e-268
427.18 4.13392309433e-269
427.19 1.47734595793e-269
427.2 5.27503974367e-270
427.21 1.8818845484e-270
427.22 6.70785906383e-271
427.23 2.38890343313e-271
427.24 8.50035321701e-272
427.25 3.02203202812e-272
427.26 1.0734575271e-272
427.27 3.80973160683e-273
427.28 1.35091370883e-273
427.29 4.78613064527e-274
427.3 1.69420204683e-274
427.31 5.99196913299e-275
427.32 2.11737433856e-275
427.33 7.47565818769e-276
427.34 2.63708991968e-276
427.35 9.29445981469e-277
427.36 3.27300811405e-277
427.37 1.15157896239e-277
427.38 4.04821971235e-278
427.39 1.42186426915e-278
427.4 4.98971704653e-279
427.41 1.74951394734e-279
427.42 6.12890108132e-280
427.43 2.14521846977e-280
427.44 7.50212257044e-281
427.45 2.62132274511e-281
427.46 9.15125271775e-282
427.47 3.19201052227e-282
427.48 1.11242769438e-282
427.49 3.87349484885e-283
427.5 1.34759032944e-283
427.51 4.68421155678e-284
427.52 1.62681747631e-284
427.53 5.6450120033e-285
427.54 1.95710723634e-285
427.55 6.77935050379e-286
427.56 2.34630932295e-286
427.57 8.11346107206e-287
427.58 2.80317854059e-287
427.59 9.67651725421e-288
427.6 3.33742183808e-288
427.61 1.15007680323e-288
427.62 3.95973659244e-289
427.63 1.36216420135e-289
427.64 4.68183755083e-290
427.65 1.60778114469e-290
427.66 5.51646966349e-291
427.67 1.89112070611e-291
427.68 6.4774038918e-292
427.69 2.21669743358e-292
427.7 7.57941298725e-293
427.71 2.58933616522e-293
427.72 8.83822422256e-294
427.73 3.01415308546e-294
427.74 1.02704461298e-294
427.75 3.49652811438e-295
427.76 1.18934664749e-295
427.77 4.04206779477e-296
427.78 1.37253189843e-296
427.79 4.65655795103e-297
427.8 1.57845167488e-297
427.81 5.34590554312e-298
427.82 1.80898507648e-298
427.83 6.11606932927e-299
427.84 2.06601527399e-299
427.85 6.97297918176e-300
427.86 2.35140220856e-300
427.87 7.92244417161e-301
427.88 2.66695179338e-301
427.89 8.97004984489e-302
427.9 3.01438180398e-302
427.91 1.0121045453e-302
427.92 3.39528475503e-303
427.93 1.13802222627e-303
427.94 3.81108817927e-304
427.95 1.27517844535e-304
427.96 4.26301284627e-305
427.97 1.42392144936e-305
427.98 4.75202958009e-306
427.99 1.58451352693e-306
428.0 5.27881545285e-307
428.01 1.7571171601e-307
428.02 5.84371024061e-308
428.03 1.94178141078e-308
428.04 6.44667412426e-309
428.05 2.13842886605e-309
428.06 7.08724769728e-310
428.07 2.34684348805e-310
428.08 7.76451539861e-311
428.09 2.566659728e-311
428.1 8.47707351949e-312
428.11 2.79735326891e-312
428.12 9.22300393294e-313
428.13 3.0382337563e-313
428.14 9.99985466183e-314
428.15 3.28843986035e-314
428.16 1.08046283293e-314
428.17 3.54693698449e-315
428.18 1.16337794739e-315
428.19 3.81251793096e-316
428.2 1.24832212029e-316
428.21 4.08380631388e-317
428.22 1.33483444767e-317
428.23 4.35926470967e-318
428.24 1.42240511306e-318
428.25 4.63720133874e-319
428.26 1.51045749247e-319
428.27 4.91595317612e-320
428.28 1.5983023643e-320
428.29 5.19262993779e-321
428.3 1.68476385232e-321
428.31 5.48412866884e-322
428.32 1.77863632503e-322
428.33 5.92878775009e-323
428.34 1.97626258336e-323
428.35 4.94065645841e-324
428.36 0.0
428.37 0.0
428.38 0.0
428.39 0.0
428.4 0.0
428.41 0.0
428.42 0.0
428.43 0.0
428.44 0.0
428.45 0.0
428.46 0.0
428.47 0.0
428.48 0.0
428.49 0.0
428.5 0.0
428.51 0.0
428.52 0.0
428.53 0.0
428.54 0.0
428.55 0.0
428.56 0.0
428.57 0.0
428.58 0.0
428.59 0.0
428.6 0.0
428.61 0.0
428.62 0.0
428.63 0.0
428.64 0.0
428.65 0.0
428.66 0.0
428.67 0.0
428.68 0.0
428.69 0.0
428.7 0.0
428.71 0.0
428.72 0.0
428.73 0.0
428.74 0.0
428.75 0.0
428.76 0.0
428.77 0.0
428.78 0.0
428.79 0.0
428.8 0.0
428.81 0.0
428.82 0.0
428.83 0.0
428.84 0.0
428.85 0.0
428.86 0.0
428.87 0.0
428.88 0.0
428.89 0.0
428.9 0.0
428.91 0.0
428.92 0.0
428.93 0.0
428.94 0.0
428.95 0.0
428.96 0.0
428.97 0.0
428.98 0.0
428.99 0.0
429.0 0.0
429.01 0.0
429.02 0.0
429.03 0.0
429.04 0.0
429.05 0.0
429.06 0.0
429.07 0.0
429.08 0.0
429.09 0.0
429.1 0.0
429.11 0.0
429.12 0.0
429.13 0.0
429.14 0.0
429.15 0.0
429.16 0.0
429.17 0.0
429.18 0.0
429.19 0.0
429.2 0.0
429.21 0.0
429.22 0.0
429.23 0.0
429.24 0.0
429.25 0.0
429.26 0.0
429.27 0.0
429.28 0.0
429.29 0.0
429.3 0.0
429.31 0.0
429.32 0.0
429.33 0.0
429.34 0.0
429.35 0.0
429.36 0.0
429.37 0.0
429.38 0.0
429.39 0.0
429.4 0.0
429.41 0.0
429.42 0.0
429.43 0.0
429.44 0.0
429.45 0.0
429.46 0.0
429.47 0.0
429.48 0.0
429.49 0.0
429.5 0.0
429.51 0.0
429.52 0.0
429.53 0.0
429.54 0.0
429.55 0.0
429.56 0.0
429.57 0.0
429.58 0.0
429.59 0.0
429.6 0.0
429.61 0.0
429.62 0.0
429.63 0.0
429.64 0.0
429.65 0.0
429.66 0.0
429.67 0.0
429.68 0.0
429.69 0.0
429.7 0.0
429.71 0.0
429.72 0.0
429.73 0.0
429.74 0.0
429.75 0.0
429.76 0.0
429.77 0.0
429.78 0.0
429.79 0.0
429.8 0.0
429.81 0.0
429.82 0.0
429.83 0.0
429.84 0.0
429.85 0.0
429.86 0.0
429.87 0.0
429.88 0.0
429.89 0.0
429.9 0.0
429.91 0.0
429.92 0.0
429.93 0.0
429.94 0.0
429.95 0.0
429.96 0.0
429.97 0.0
429.98 0.0
429.99 0.0
