400.0 3.06384928557e-76
400.01 5.24741795588e-76
400.02 8.97940641658e-76
400.03 1.53522952015e-75
400.04 2.62254355217e-75
400.05 4.47605916293e-75
400.06 7.63295390666e-75
400.07 1.30050843658e-74
400.08 2.21389704422e-74
400.09 3.76552364925e-74
400.1 6.39907280131e-74
400.11 1.08650676611e-73
400.12 1.84319605314e-73
400.13 3.1241677206e-73
400.14 5.29079412331e-73
400.15 8.95222721871e-73
400.16 1.51343942531e-72
400.17 2.55636405513e-72
400.18 4.31423774337e-72
400.19 7.27460066705e-72
400.2 1.22556952914e-71
400.21 2.06295836889e-71
400.22 3.46949835183e-71
400.23 5.82997402329e-71
400.24 9.78791673818e-71
400.25 1.64186568233e-70
400.26 2.75174823865e-70
400.27 4.60790462407e-70
400.28 7.7094248259e-70
400.29 1.28873667296e-69
400.3 2.15243531497e-69
400.31 3.59186283078e-69
400.32 5.98870733411e-69
400.33 9.97631489798e-69
400.34 1.66046956866e-68
400.35 2.76131152115e-68
400.36 4.58800203284e-68
400.37 7.61650113055e-68
400.38 1.26331348692e-67
400.39 2.09358436765e-67
400.4 3.46651843084e-67
400.41 5.73482636076e-67
400.42 9.47917944243e-67
400.43 1.56547064694e-66
400.44 2.58310955353e-66
400.45 4.25857632059e-66
400.46 7.01471057219e-66
400.47 1.15445973683e-65
400.48 1.89832924231e-65
400.49 3.11880338605e-65
400.5 5.11950732656e-65
400.51 8.39637937516e-65
400.52 1.37587712415e-64
400.53 2.25263568295e-64
400.54 3.68490232943e-64
400.55 6.02260964663e-64
400.56 9.83483690569e-64
400.57 1.60462414057e-63
400.58 2.61579191705e-63
400.59 4.26046280154e-63
400.6 6.93320552851e-63
400.61 1.12728851928e-62
400.62 1.83130130916e-62
400.63 2.97240675942e-62
400.64 4.82037013544e-62
400.65 7.81045341655e-62
400.66 1.26443299001e-61
400.67 2.04521562875e-61
400.68 3.30526359088e-61
400.69 5.33699516155e-61
400.7 8.61016018031e-61
400.71 1.3878718445e-60
400.72 2.23517335832e-60
400.73 3.59663835834e-60
400.74 5.78237221e-60
400.75 9.28835975584e-60
400.76 1.49071878799e-59
400.77 2.39043057194e-59
400.78 3.82983669928e-59
400.79 6.1306721348e-59
400.8 9.80527182586e-59
400.81 1.56687697e-58
400.82 2.50169217021e-58
400.83 3.99076866728e-58
400.84 6.36067126513e-58
400.85 1.01291513462e-57
400.86 1.61163571185e-57
400.87 2.562031215e-57
400.88 4.06935580137e-57
400.89 6.45788970331e-57
400.9 1.02395128484e-56
400.91 1.62215249851e-56
400.92 2.56760242291e-56
400.93 4.06057546675e-56
400.94 6.41609976735e-56
400.95 1.01292745564e-55
400.96 1.59775170621e-55
400.97 2.51804768118e-55
400.98 3.96499205674e-55
400.99 6.23798615006e-55
401.0 9.80551036839e-55
401.01 1.53999642561e-54
401.02 2.41653413898e-54
401.03 3.78869695995e-54
401.04 5.93486051839e-54
401.05 9.28869870856e-54
401.06 1.45252276697e-53
401.07 2.26941924224e-53
401.08 3.54266616898e-53
401.09 5.52547272692e-53
401.1 8.61057912115e-53
401.11 1.34066106328e-52
401.12 2.08559195792e-52
401.13 3.2416297032e-52
401.14 5.03409231434e-52
401.15 7.81092845675e-52
401.16 1.21089882315e-51
401.17 1.87558506896e-51
401.18 2.90261469046e-51
401.19 4.48813305607e-51
401.2 6.93371155364e-51
401.21 1.07026058188e-50
401.22 1.65058161219e-50
401.23 2.54336205328e-50
401.24 3.91564295907e-50
401.25 6.02312247514e-50
401.26 9.25686684077e-50
401.27 1.4214449706e-49
401.28 2.18081988481e-49
401.29 3.34297599576e-49
401.3 5.12000553399e-49
401.31 7.83486134576e-49
401.32 1.19788716711e-48
401.33 1.82988679062e-48
401.34 2.7929055199e-48
401.35 4.25904255211e-48
401.36 6.48920398781e-48
401.37 9.87858147649e-48
401.38 1.50252414073e-47
401.39 2.28334766791e-47
401.4 3.46694011845e-47
401.41 5.25949867831e-47
401.42 7.9719776528e-47
401.43 1.20728973322e-46
401.44 1.82675647218e-46
401.45 2.76168101572e-46
401.46 4.17147924252e-46
401.47 6.29550207891e-46
401.48 9.49280083099e-46
401.49 1.43015160834e-45
401.5 2.1527495206e-45
401.51 3.23764058932e-45
401.52 4.86505196429e-45
401.53 7.30415605194e-45
401.54 1.09566128351e-44
401.55 1.64212533107e-44
401.56 2.45900831822e-44
401.57 3.67906455035e-44
401.58 5.49969404889e-44
401.59 8.21416391473e-44
401.6 1.22577825386e-43
401.61 1.82761272112e-43
401.62 2.72257683313e-43
401.63 4.05228357828e-43
401.64 6.0261956419e-43
401.65 8.95386077043e-43
401.66 1.32923313683e-42
401.67 1.97158585794e-42
401.68 2.92182325788e-42
401.69 4.3262927294e-42
401.7 6.40031831988e-42
401.71 9.46043179723e-42
401.72 1.39715328619e-41
401.73 2.0615832004e-41
401.74 3.03935471937e-41
401.75 4.47698484224e-41
401.76 6.5889099401e-41
401.77 9.68869381598e-41
401.78 1.42344471388e-40
401.79 2.08948707449e-40
401.8 3.06452018645e-40
401.81 4.49064781697e-40
401.82 6.57474962507e-40
401.83 9.61774269192e-40
401.84 1.40569403372e-39
401.85 2.05273156981e-39
401.86 2.99500280935e-39
401.87 4.36602299919e-39
401.88 6.35914190887e-39
401.89 9.25411147577e-39
401.9 1.34553391626e-38
401.91 1.95469176974e-38
401.92 2.83717178298e-38
401.93 4.11449645055e-38
401.94 5.96171848481e-38
401.95 8.6307780755e-38
401.96 1.24839536414e-37
401.97 1.80417249392e-37
401.98 2.60511968148e-37
401.99 3.75838282729e-37
402.0 5.41748930572e-37
402.01 7.80223133262e-37
402.02 1.12269889559e-36
402.03 1.61410387657e-36
402.04 2.31858690221e-36
402.05 3.32766032184e-36
402.06 4.77175690882e-36
402.07 6.83661850377e-36
402.08 9.78651562394e-36
402.09 1.39971157467e-35
402.1 2.00019679295e-35
402.11 2.85581856017e-35
402.12 4.07391730776e-35
402.13 5.80654130352e-35
402.14 8.26887720004e-35
402.15 1.17651990045e-34
402.16 1.67253696603e-34
402.17 2.37561405156e-34
402.18 3.37131830122e-34
402.19 4.78021404257e-34
402.2 6.77202637795e-34
402.21 9.58547527508e-34
402.22 1.3556025404e-33
402.23 1.91546759537e-33
402.24 2.70421337836e-33
402.25 3.81444025734e-33
402.26 5.37581593155e-33
402.27 7.56975241631e-33
402.28 1.06498299441e-32
402.29 1.49701924444e-32
402.3 2.10249903958e-32
402.31 2.95031197047e-32
402.32 4.13641199788e-32
402.33 5.79433165217e-32
402.34 8.10973423702e-32
402.35 1.13405366782e-31
402.36 1.58447103826e-31
402.37 2.21186550499e-31
402.38 3.08501186363e-31
402.39 4.29911115213e-31
402.4 5.98582783741e-31
402.41 8.32709428324e-31
402.42 1.15740793319e-30
402.43 1.60732292918e-30
402.44 2.23019859566e-30
402.45 3.09177334266e-30
402.46 4.28248126043e-30
402.47 5.92661896743e-30
402.48 8.19487350918e-30
402.49 1.13214281535e-29
402.5 1.56272977787e-29
402.51 2.15521337277e-29
402.52 2.96975328235e-29
402.53 4.08859583049e-29
402.54 5.6240827793e-29
402.55 7.72952737688e-29
402.56 1.06139707788e-28
402.57 1.45621851334e-28
402.58 1.99617641931e-28
402.59 2.73397794269e-28
402.6 3.74123341286e-28
402.61 5.11514930553e-28
402.62 6.98755980201e-28
402.63 9.53710300445e-28
402.64 1.30056218144e-27
402.65 1.77202351866e-27
402.66 2.4123013207e-27
402.67 3.2810839324e-27
402.68 4.4588908167e-27
402.69 6.05424579144e-27
402.7 8.21328648432e-27
402.71 1.11326256879e-26
402.72 1.50765493994e-26
402.73 2.0399992866e-26
402.74 2.75792078923e-26
402.75 3.72526587476e-26
402.76 5.02755085285e-26
402.77 6.77921461039e-26
402.78 9.13326388264e-26
402.79 1.22940886731e-25
402.8 1.65344742173e-25
402.81 2.22181630632e-25
402.82 2.98297506367e-25
402.83 4.00142617241e-25
402.84 5.36294948808e-25
402.85 7.18151905386e-25
402.86 9.6084346376e-25
402.87 1.28443661021e-24
402.88 1.7155225213e-24
402.89 2.28930619985e-24
402.9 3.05235510734e-24
402.91 4.06621130186e-24
402.92 5.41213400506e-24
402.93 7.19732065587e-24
402.94 9.563059876e-24
402.95 1.26954064796e-23
402.96 1.68391458578e-23
402.97 2.23160445319e-23
402.98 2.95486805235e-23
402.99 3.90915308634e-23
403.0 5.16714889621e-23
403.01 6.82406236183e-23
403.02 9.00448150024e-23
403.03 1.1871296327e-22
403.04 1.5637282928e-22
403.05 2.05801319385e-22
403.06 2.7061927603e-22
403.07 3.55543721227e-22
403.08 4.66714196839e-22
403.09 6.12114577674e-22
403.1 8.02117784644e-22
403.11 1.05018855589e-21
403.12 1.37378930042e-21
403.13 1.79554663901e-21
403.14 2.34475226234e-21
403.15 3.05929212866e-21
403.16 3.98812394922e-21
403.17 5.19445583718e-21
403.18 6.75982077522e-21
403.19 8.78929451656e-21
403.2 1.14181715992e-20
403.21 1.48204989975e-20
403.22 1.92199741666e-20
403.23 2.49038496288e-20
403.24 3.22406570291e-20
403.25 4.1702778798e-20
403.26 5.38951664765e-20
403.27 6.95918454822e-20
403.28 8.97822741801e-20
403.29 1.15730162432e-19
403.3 1.4904802854e-19
403.31 1.91791617484e-19
403.32 2.46579359495e-19
403.33 3.16743368451e-19
403.34 4.06520128619e-19
403.35 5.21291075843e-19
403.36 6.67885843878e-19
403.37 8.54964139976e-19
403.38 1.0934961863e-18
403.39 1.39736660032e-18
403.4 1.78413271569e-18
403.41 2.27597594599e-18
403.42 2.90089421006e-18
403.43 3.69419509306e-18
403.44 4.70036382842e-18
403.45 5.97539798634e-18
403.46 7.58972271941e-18
403.47 9.63182749275e-18
403.48 1.22127985684e-17
403.49 1.5471962533e-17
403.5 1.95839065663e-17
403.51 2.47672030356e-17
403.52 3.1295241901e-17
403.53 3.95096674058e-17
403.54 4.98370293414e-17
403.55 6.28093983298e-17
403.56 7.90898645279e-17
403.57 9.95040465423e-17
403.58 1.25078990108e-16
403.59 1.57091143868e-16
403.6 1.97125473957e-16
403.61 2.4714823398e-16
403.62 3.09596459141e-16
403.63 3.87487922813e-16
403.64 4.84556104798e-16
403.65 6.05415701901e-16
403.66 7.55765397563e-16
403.67 9.42636039633e-16
403.68 1.17469410295e-15
403.69 1.46261239512e-15
403.7 1.81952246958e-15
403.71 2.26156622261e-15
403.72 2.80856776977e-15
403.73 3.48485103885e-15
403.74 4.32023372006e-15
403.75 5.35123444435e-15
403.76 6.62253751201e-15
403.77 8.18876839489e-15
403.78 1.01166438592e-14
403.79 1.24875732196e-14
403.8 1.54008023145e-14
403.81 1.89772097326e-14
403.82 2.3363886132e-14
403.83 2.87396527929e-14
403.84 3.53217055376e-14
403.85 4.33736056722e-14
403.86 5.32148816252e-14
403.87 6.5232554614e-14
403.88 7.98949602793e-14
403.89 9.77683073373e-14
403.9 1.1953649568e-13
403.91 1.46024812108e-13
403.92 1.78228234371e-13
403.93 2.17345206274e-13
403.94 2.64817901391e-13
403.95 3.2238017429e-13
403.96 3.92114610197e-13
403.97 4.76520331901e-13
403.98 5.78593511822e-13
403.99 7.01922874341e-13
404.0 8.50802865973e-13
404.01 1.03036762747e-12
404.02 1.24674943215e-12
404.03 1.50726587018e-12
404.04 1.82064077111e-12
404.05 2.19726468279e-12
404.06 2.64950167843e-12
404.07 3.19205036546e-12
404.08 3.84236824057e-12
404.09 4.62116999886e-12
404.1 5.55301208904e-12
404.11 6.66697774174e-12
404.12 7.99747891872e-12
404.13 9.58519417659e-12
404.14 1.14781643527e-11
404.15 1.37330713135e-11
404.16 1.64167288093e-11
404.17 1.96078188224e-11
404.18 2.33989117329e-11
404.19 2.78988142552e-11
404.2 3.32352954806e-11
404.21 3.95582486132e-11
404.22 4.70433541922e-11
404.23 5.58963198919e-11
404.24 6.63577824839e-11
404.25 7.87089693988e-11
404.26 9.32782306774e-11
404.27 1.10448567125e-10
404.28 1.30666297374e-10
404.29 1.54451025512e-10
404.3 1.82407092161e-10
404.31 2.15236715674e-10
404.32 2.53755056661e-10
404.33 2.98907468679e-10
404.34 3.51789230941e-10
404.35 4.13668095616e-10
404.36 4.86010023056e-10
404.37 5.7050852354e-10
404.38 6.69118074176e-10
404.39 7.84092134974e-10
404.4 9.18026349182e-10
404.41 1.07390758032e-09
404.42 1.25516951235e-09
404.43 1.4657556208e-09
404.44 1.71019041171e-09
404.45 1.99365992289e-09
404.46 2.32210258855e-09
404.47 2.70231168428e-09
404.48 3.14205069626e-09
404.49 3.65018309529e-09
404.5 4.23681814553e-09
404.51 4.91347453868e-09
404.52 5.693263818e-09
404.53 6.59109574412e-09
404.54 7.62390795544e-09
404.55 8.81092249205e-09
404.56 1.01739319828e-08
404.57 1.17376185417e-08
404.58 1.35299086811e-08
404.59 1.55823678304e-08
404.6 1.79306383389e-08
404.61 2.06149251581e-08
404.62 2.36805337223e-08
404.63 2.71784648905e-08
404.64 3.11660721741e-08
404.65 3.57077868449e-08
404.66 4.08759169102e-08
404.67 4.67515263388e-08
404.68 5.34254013365e-08
404.69 6.09991108914e-08
404.7 6.95861692369e-08
404.71 7.93133083174e-08
404.72 9.03218687763e-08
404.73 1.02769318421e-07
404.74 1.16830907554e-07
404.75 1.32701470969e-07
404.76 1.50597386843e-07
404.77 1.70758703097e-07
404.78 1.93451442224e-07
404.79 2.18970095848e-07
404.8 2.47640320617e-07
404.81 2.79821847251e-07
404.82 3.15911614777e-07
404.83 3.5634714209e-07
404.84 4.01610149037e-07
404.85 4.52230439218e-07
404.86 5.08790056535e-07
404.87 5.71927727322e-07
404.88 6.42343599538e-07
404.89 7.20804290048e-07
404.9 8.08148250368e-07
404.91 9.05291460556e-07
404.92 1.01323345993e-06
404.93 1.13306372228e-06
404.94 1.26596838179e-06
404.95 1.41323731468e-06
404.96 1.57627157951e-06
404.97 1.75659121745e-06
404.98 1.95584341149e-06
404.99 2.17581100125e-06
405.0 2.41842134734e-06
405.01 2.6857555362e-06
405.02 2.9800579134e-06
405.03 3.3037459297e-06
405.04 3.6594202805e-06
405.05 4.04987531537e-06
405.06 4.47810968998e-06
405.07 4.94733722835e-06
405.08 5.46099795833e-06
405.09 6.02276927852e-06
405.1 6.63657720922e-06
405.11 7.30660767487e-06
405.12 8.03731775955e-06
405.13 8.83344687146e-06
405.14 9.70002774636e-06
405.15 1.06423972138e-05
405.16 1.16662066441e-05
405.17 1.2777431988e-05
405.18 1.39823833145e-05
405.19 1.52877137471e-05
405.2 1.67004276924e-05
405.21 1.82278882493e-05
405.22 1.98778236832e-05
405.23 2.16583328418e-05
405.24 2.35778893891e-05
405.25 2.56453447241e-05
405.26 2.78699294545e-05
405.27 3.0261253286e-05
405.28 3.28293031916e-05
405.29 3.558443972e-05
405.3 3.85373913038e-05
405.31 4.16992464298e-05
405.32 4.50814435324e-05
405.33 4.86957584781e-05
405.34 5.25542895095e-05
405.35 5.66694395248e-05
405.36 6.10538955756e-05
405.37 6.57206054723e-05
405.38 7.06827513977e-05
405.39 7.59537204392e-05
405.4 8.15470719646e-05
405.41 8.74765017761e-05
405.42 9.37558029993e-05
405.43 0.000100398823674
405.44 0.000107419421039
405.45 0.000114831412514
405.46 0.000122648523418
405.47 0.000130884331465
405.48 0.000139552208124
405.49 0.000148665256937
405.5 0.000158236248933
405.51 0.000168277555274
405.52 0.000178801077333
405.53 0.00018981817441
405.54 0.00020133958931
405.55 0.000213375372066
405.56 0.000225934802095
405.57 0.00023902630911
405.58 0.000252657393132
405.59 0.000266834543992
405.6 0.000281563160709
405.61 0.000296847471182
405.62 0.000312690452638
405.63 0.000329093753305
405.64 0.000346057615805
405.65 0.000363580802752
405.66 0.000381660525096
405.67 0.000400292373719
405.68 0.000419470254831
405.69 0.000439186329693
405.7 0.000459430959215
405.71 0.000480192653961
405.72 0.000501458030087
405.73 0.000523211771733
405.74 0.000545436600365
405.75 0.000568113251557
405.76 0.000591220459674
405.77 0.00061473495087
405.78 0.000638631444834
405.79 0.000662882665616
405.8 0.000687459361885
405.81 0.000712330336892
405.82 0.000737462488376
405.83 0.000762820858607
405.84 0.000788368694706
405.85 0.000814067519314
405.86 0.00083987721165
405.87 0.000865756098929
405.88 0.000891661058034
405.89 0.000917547627317
405.9 0.0009433701283
405.91 0.000969081797026
405.92 0.000994634924711
405.93 0.00101998100734
405.94 0.00104507090376
405.95 0.00106985500172
405.96 0.00109428339148
405.97 0.00111830604614
405.98 0.00114187300836
405.99 0.00116493458254
406.0 0.00118744153192
406.01 0.00120934527982
406.02 0.00123059811432
406.03 0.00125115339546
406.04 0.00127096576445
406.05 0.00128999135387
406.06 0.00130818799825
406.07 0.00132551544419
406.08 0.0013419355594
406.09 0.00135741253973
406.1 0.00137191311386
406.11 0.00138540674465
406.12 0.00139786582683
406.13 0.00140926588044
406.14 0.00141958573947
406.15 0.00142880773539
406.16 0.0014369178752
406.17 0.00144390601381
406.18 0.00144976602042
406.19 0.00145449593901
406.2 0.00145809814281
406.21 0.00146057948281
406.22 0.00146195143062
406.23 0.00146223021572
406.24 0.00146143695763
406.25 0.00145959779338
406.26 0.00145674400064
406.27 0.0014529121173
406.28 0.00144814405798
406.29 0.00144248722825
406.3 0.00143599463732
406.31 0.00142872501003
406.32 0.00142074289887
406.33 0.00141211879711
406.34 0.00140292925369
406.35 0.00139325699101
406.36 0.00138319102625
406.37 0.00137282679731
406.38 0.00136226629399
406.39 0.00135161819536
406.4 0.00134099801379
406.41 0.00133052824655
406.42 0.00132033853519
406.43 0.00131056583328
406.44 0.00130135458278
406.45 0.00129285689899
406.46 0.00128523276428
406.47 0.00127865023011
406.48 0.00127328562719
406.49 0.00126932378295
406.5 0.00126695824559
406.51 0.00126639151364
406.52 0.00126783526967
406.53 0.00127151061676
406.54 0.0012776483157
406.55 0.00128648902105
406.56 0.00129828351377
406.57 0.00131329292765
406.58 0.00133178896694
406.59 0.00135405411201
406.6 0.00138038180967
406.61 0.00141107664467
406.62 0.00144645448866
406.63 0.00148684262238
406.64 0.00153257982724
406.65 0.0015840164417
406.66 0.00164151437807
406.67 0.00170544709512
406.68 0.00177619952181
406.69 0.00185416792745
406.7 0.0019397597335
406.71 0.00203339326227
406.72 0.00213549741793
406.73 0.00224651129527
406.74 0.0023668837118
406.75 0.00249707265896
406.76 0.00263754466866
406.77 0.00278877409136
406.78 0.00295124228252
406.79 0.00312543669457
406.8 0.00331184987189
406.81 0.00351097834713
406.82 0.00372332143725
406.83 0.00394937993894
406.84 0.00418965472303
406.85 0.00444464522885
406.86 0.00471484785971
406.87 0.00500075428191
406.88 0.00530284963018
406.89 0.00562161062351
406.9 0.00595750359603
406.91 0.00631098244876
406.92 0.00668248652856
406.93 0.007072438442
406.94 0.0074812418123
406.95 0.00790927898879
406.96 0.00835690871894
406.97 0.00882446379398
406.98 0.00931224867996
406.99 0.00982053714679
407.0 0.0103495699086
407.01 0.0108995522892
407.02 0.0114706519275
407.03 0.0120629965377
407.04 0.012676671739
407.05 0.0133117189725
407.06 0.0139681335182
407.07 0.0146458626314
407.08 0.0153448038117
407.09 0.0160648032221
407.1 0.0168056542727
407.11 0.0175670963849
407.12 0.0183488139498
407.13 0.0191504354952
407.14 0.0199715330738
407.15 0.0208116218846
407.16 0.0216701601386
407.17 0.0225465491777
407.18 0.0234401338565
407.19 0.0243502031913
407.2 0.0252759912842
407.21 0.0262166785237
407.22 0.0271713930635
407.23 0.0281392125812
407.24 0.0291191663114
407.25 0.0301102373525
407.26 0.031111365238
407.27 0.0321214487656
407.28 0.033139349074
407.29 0.0341638929531
407.3 0.0351938763759
407.31 0.0362280682333
407.32 0.0372652142557
407.33 0.0383040410994
407.34 0.0393432605783
407.35 0.040381574016
407.36 0.0414176766953
407.37 0.042450262378
407.38 0.043478027869
407.39 0.0444996775976
407.4 0.045513928187
407.41 0.0465195129835
407.42 0.0475151865172
407.43 0.0484997288652
407.44 0.0494719498888
407.45 0.0504306933174
407.46 0.0513748406512
407.47 0.0523033148583
407.48 0.0532150838393
407.49 0.0541091636387
407.5 0.0549846213801
407.51 0.0558405779065
407.52 0.0566762101076
407.53 0.0574907529208
407.54 0.0582835009915
407.55 0.0590538099851
407.56 0.0598010975411
407.57 0.0605248438679
407.58 0.0612245919753
407.59 0.061899947547
407.6 0.0625505784577
407.61 0.0631762139433
407.62 0.0637766434338
407.63 0.0643517150629
407.64 0.064901333871
407.65 0.06542545972
407.66 0.0659241049413
407.67 0.0663973317412
407.68 0.0668452493892
407.69 0.0672680112164
407.7 0.0676658114544
407.71 0.068038881944
407.72 0.0683874887462
407.73 0.068711928688
407.74 0.069012525875
407.75 0.0692896282048
407.76 0.069543603913
407.77 0.0697748381855
407.78 0.0699837298663
407.79 0.0701706882939
407.8 0.0703361302928
407.81 0.0704804773482
407.82 0.0706041529892
407.83 0.0707075804027
407.84 0.0707911802988
407.85 0.0708553690447
407.86 0.0709005570822
407.87 0.0709271476404
407.88 0.070935535751
407.89 0.0709261075731
407.9 0.0708992400266
407.91 0.0708553007348
407.92 0.07079464827
407.93 0.0707176326929
407.94 0.0706245963758
407.95 0.0705158750927
407.96 0.0703917993598
407.97 0.0702526960043
407.98 0.0700988899389
407.99 0.0699307061154
408.0 0.0697484716297
408.01 0.0695525179471
408.02 0.0693431832175
408.03 0.0691208146471
408.04 0.0688857708921
408.05 0.0686384244399
408.06 0.0683791639449
408.07 0.0681083964807
408.08 0.067826549678
408.09 0.0675340737123
408.1 0.0672314431107
408.11 0.0669191583456
408.12 0.0665977471883
408.13 0.0662677657931
408.14 0.06592979949
408.15 0.0655844632629
408.16 0.0652324018946
408.17 0.0648742897631
408.18 0.0645108302779
408.19 0.064142754945
408.2 0.0637708220584
408.21 0.063395815014
408.22 0.0630185402494
408.23 0.0626398248157
408.24 0.0622605135899
408.25 0.0618814661421
408.26 0.0615035532743
408.27 0.0611276532507
408.28 0.0607546477443
408.29 0.0603854175246
408.3 0.0600208379185
408.31 0.0596617740751
408.32 0.0593090760692
408.33 0.0589635738808
408.34 0.0586260722898
408.35 0.0582973457236
408.36 0.0579781331014
408.37 0.0576691327151
408.38 0.0573709971898
408.39 0.0570843285661
408.4 0.0568096735455
408.41 0.0565475189409
408.42 0.056298287371
408.43 0.0560623332387
408.44 0.0558399390285
408.45 0.0556313119595
408.46 0.0554365810248
408.47 0.0552557944476
408.48 0.0550889175808
408.49 0.0549358312731
408.5 0.0547963307222
408.51 0.0546701248309
408.52 0.0545568360801
408.53 0.0544560009262
408.54 0.0543670707295
408.55 0.0542894132129
408.56 0.0542223144498
408.57 0.0541649813731
408.58 0.0541165447945
408.59 0.0540760629202
408.6 0.054042525344
408.61 0.0540148574955
408.62 0.0539919255191
408.63 0.0539725415533
408.64 0.0539554693812
408.65 0.0539394304148
408.66 0.0539231099792
408.67 0.0539051638549
408.68 0.0538842250396
408.69 0.0538589106854
408.7 0.0538278291682
408.71 0.0537895872444
408.72 0.0537427972507
408.73 0.0536860842997
408.74 0.0536180934277
408.75 0.0535374966491
408.76 0.0534429998739
408.77 0.0533333496438
408.78 0.0532073396481
408.79 0.0530638169776
408.8 0.0529016880792
408.81 0.0527199243765
408.82 0.0525175675228
408.83 0.0522937342566
408.84 0.0520476208327
408.85 0.0517785070038
408.86 0.0514857595332
408.87 0.0511688352197
408.88 0.0508272834219
408.89 0.0504607480702
408.9 0.0500689691604
408.91 0.049651783725
408.92 0.0492091262828
408.93 0.048741028769
408.94 0.0482476199551
408.95 0.0477291243659
408.96 0.0471858607093
408.97 0.0466182398345
408.98 0.0460267622367
408.99 0.0454120151325
409.0 0.0447746691274
409.01 0.0441154745045
409.02 0.0434352571608
409.03 0.0427349142228
409.04 0.042015409372
409.05 0.0412777679137
409.06 0.0405230716222
409.07 0.0397524533989
409.08 0.0389670917751
409.09 0.0381682052974
409.1 0.0373570468294
409.11 0.0365348978045
409.12 0.0357030624638
409.13 0.0348628621131
409.14 0.0340156294306
409.15 0.033162702856
409.16 0.0323054210922
409.17 0.0314451177458
409.18 0.0305831161343
409.19 0.0297207242831
409.2 0.0288592301365
409.21 0.0279998970019
409.22 0.0271439592452
409.23 0.026292618255
409.24 0.0254470386886
409.25 0.0246083450109
409.26 0.0237776183363
409.27 0.0229558935807
409.28 0.0221441569279
409.29 0.0213433436137
409.3 0.020554336028
409.31 0.0197779621331
409.32 0.0190149941963
409.33 0.0182661478293
409.34 0.0175320813298
409.35 0.0168133953153
409.36 0.0161106326398
409.37 0.0154242785814
409.38 0.0147547612895
409.39 0.0141024524766
409.4 0.0134676683409
409.41 0.0128506707047
409.42 0.0122516683518
409.43 0.0116708185487
409.44 0.0111082287309
409.45 0.01056395834
409.46 0.0100380207919
409.47 0.00953038556043
409.48 0.00904098035965
409.49 0.00856969340711
409.5 0.00811637575274
409.51 0.00768084365697
409.52 0.00726288100302
409.53 0.00686224172842
409.54 0.00647865226197
409.55 0.00611181395258
409.56 0.00576140547761
409.57 0.00542708521905
409.58 0.00510849359656
409.59 0.00480525534754
409.6 0.00451698174502
409.61 0.00424327274543
409.62 0.00398371905874
409.63 0.00373790413477
409.64 0.00350540606018
409.65 0.00328579936144
409.66 0.00307865671011
409.67 0.00288355052745
409.68 0.00270005448615
409.69 0.00252774490774
409.7 0.00236620205509
409.71 0.00221501131973
409.72 0.00207376430474
409.73 0.00194205980425
409.74 0.00181950468119
409.75 0.00170571464548
409.76 0.00160031493528
409.77 0.00150294090416
409.78 0.00141323851752
409.79 0.00133086476199
409.8 0.00125548797144
409.81 0.00118678807392
409.82 0.00112445676354
409.83 0.00106819760182
409.84 0.00101772605289
409.85 0.000972769457117
409.86 0.000933066947626
409.87 0.000898369314433
409.88 0.000868438820545
409.89 0.000843048974613
409.9 0.000821984264505
409.91 0.000805039856114
409.92 0.0007920212616
409.93 0.000782743981136
409.94 0.000777033122088
409.95 0.000774722999406
409.96 0.000775656720849
409.97 0.000779685760477
409.98 0.0007866695237
409.99 0.00079647490696
410.0 0.000808975854971
410.01 0.000824052918223
410.02 0.000841592813308
410.03 0.000861487988405
410.04 0.000883636196113
410.05 0.000907940075605
410.06 0.000934306745927
410.07 0.000962647412066
410.08 0.00099287698527
410.09 0.0010249137189
410.1 0.00105867886097
410.11 0.00109409632436
410.12 0.00113109237546
410.13 0.00116959534214
410.14 0.00120953534126
410.15 0.00125084402649
410.16 0.00129345435648
410.17 0.00133730038367
410.18 0.00138231706371
410.19 0.00142844008554
410.2 0.00147560572187
410.21 0.00152375069987
410.22 0.0015728120917
410.23 0.0016227272244
410.24 0.00167343360882
410.25 0.00172486888669
410.26 0.00177697079554
410.27 0.00182967715046
410.28 0.00188292584216
410.29 0.0019366548503
410.3 0.00199080227152
410.31 0.00204530636091
410.32 0.00210010558634
410.33 0.00215513869444
410.34 0.00221034478737
410.35 0.00226566340935
410.36 0.00232103464188
410.37 0.00237639920677
410.38 0.00243169857577
410.39 0.00248687508588
410.4 0.00254187205932
410.41 0.00259663392708
410.42 0.00265110635512
410.43 0.00270523637214
410.44 0.00275897249804
410.45 0.00281226487209
410.46 0.00286506537987
410.47 0.00291732777806
410.48 0.00296900781635
410.49 0.00302006335548
410.5 0.0030704544807
410.51 0.00312014360991
410.52 0.00316909559572
410.53 0.00321727782077
410.54 0.00326466028574
410.55 0.00331121568936
410.56 0.00335691949996
410.57 0.00340175001809
410.58 0.00344568842968
410.59 0.0034887188494
410.6 0.00353082835396
410.61 0.0035720070049
410.62 0.00361224786071
410.63 0.0036515469782
410.64 0.00368990340278
410.65 0.00372731914777
410.66 0.00376379916255
410.67 0.0037993512898
410.68 0.00383398621159
410.69 0.00386771738485
410.7 0.00390056096611
410.71 0.00393253572587
410.72 0.00396366295297
410.73 0.00399396634922
410.74 0.00402347191473
410.75 0.00405220782445
410.76 0.00408020429635
410.77 0.00410749345196
410.78 0.00413410916965
410.79 0.00416008693154
410.8 0.00418546366465
410.81 0.00421027757694
410.82 0.00423456798923
410.83 0.00425837516362
410.84 0.00428174012943
410.85 0.00430470450732
410.86 0.00432731033278
410.87 0.00434959987957
410.88 0.00437161548435
410.89 0.00439339937318
410.9 0.00441499349099
410.91 0.00443643933487
410.92 0.00445777779205
410.93 0.00447904898361
410.94 0.00450029211459
410.95 0.00452154533146
410.96 0.00454284558774
410.97 0.00456422851843
410.98 0.00458572832395
410.99 0.00460737766434
411.0 0.00462920756404
411.01 0.004651247328
411.02 0.00467352446926
411.03 0.00469606464851
411.04 0.00471889162576
411.05 0.00474202722426
411.06 0.00476549130673
411.07 0.00478930176375
411.08 0.00481347451433
411.09 0.00483802351816
411.1 0.00486296079929
411.11 0.00488829648086
411.12 0.00491403883011
411.13 0.00494019431317
411.14 0.00496676765886
411.15 0.00499376193062
411.16 0.00502117860573
411.17 0.0050490176608
411.18 0.00507727766259
411.19 0.00510595586292
411.2 0.00513504829678
411.21 0.00516454988228
411.22 0.00519445452144
411.23 0.00522475520056
411.24 0.0052554440891
411.25 0.00528651263587
411.26 0.0053179516614
411.27 0.00534975144563
411.28 0.00538190180968
411.29 0.00541439219093
411.3 0.00544721171056
411.31 0.00548034923278
411.32 0.00551379341512
411.33 0.00554753274921
411.34 0.00558155559179
411.35 0.00561585018546
411.36 0.00565040466928
411.37 0.00568520707891
411.38 0.00572024533675
411.39 0.00575550723216
411.4 0.00579098039214
411.41 0.00582665224326
411.42 0.00586250996522
411.43 0.00589854043716
411.44 0.00593473017744
411.45 0.00597106527803
411.46 0.00600753133472
411.47 0.00604411337422
411.48 0.00608079577975
411.49 0.00611756221618
411.5 0.00615439555642
411.51 0.00619127781037
411.52 0.00622819005795
411.53 0.00626511238767
411.54 0.00630202384221
411.55 0.00633890237235
411.56 0.00637572480066
411.57 0.0064124667962
411.58 0.0064491028613
411.59 0.00648560633167
411.6 0.00652194939052
411.61 0.00655810309773
411.62 0.00659403743439
411.63 0.00662972136353
411.64 0.00666512290688
411.65 0.00670020923818
411.66 0.00673494679253
411.67 0.00676930139175
411.68 0.00680323838508
411.69 0.00683672280455
411.7 0.00686971953403
411.71 0.00690219349092
411.72 0.00693410981915
411.73 0.00696543409191
411.74 0.00699613252253
411.75 0.00702617218169
411.76 0.00705552121892
411.77 0.00708414908638
411.78 0.00711202676269
411.79 0.00713912697458
411.8 0.00716542441393
411.81 0.00719089594792
411.82 0.00721552081993
411.83 0.00723928083867
411.84 0.00726216055338
411.85 0.0072841474127
411.86 0.00730523190513
411.87 0.00732540767892
411.88 0.00734467163953
411.89 0.00736302402289
411.9 0.00738046844283
411.91 0.0073970119114
411.92 0.00741266483078
411.93 0.00742744095607
411.94 0.00744135732814
411.95 0.00745443417625
411.96 0.00746669479034
411.97 0.00747816536303
411.98 0.00748887480212
411.99 0.00749885451398
412.0 0.00750813815913
412.01 0.00751676138134
412.02 0.00752476151173
412.03 0.0075321772499
412.04 0.00753904832422
412.05 0.00754541513352
412.06 0.00755131837302
412.07 0.00755679864707
412.08 0.00756189607186
412.09 0.00756664987109
412.1 0.00757109796794
412.11 0.0075752765767
412.12 0.00757921979734
412.13 0.00758295921663
412.14 0.00758652351913
412.15 0.0075899381116
412.16 0.00759322476395
412.17 0.00759640127033
412.18 0.00759948113316
412.19 0.00760247327332
412.2 0.00760538176916
412.21 0.00760820562709
412.22 0.00761093858581
412.23 0.00761356895669
412.24 0.00761607950174
412.25 0.00761844735093
412.26 0.00762064396
412.27 0.00762263510967
412.28 0.00762438094677
412.29 0.00762583606757
412.3 0.00762694964316
412.31 0.00762766558641
412.32 0.0076279227597
412.33 0.00762765522238
412.34 0.00762679251635
412.35 0.00762525998813
412.36 0.0076229791453
412.37 0.00761986804503
412.38 0.007615841712
412.39 0.00761081258311
412.4 0.00760469097567
412.41 0.00759738557614
412.42 0.00758880394591
412.43 0.00757885304065
412.44 0.00756743973976
412.45 0.00755447138218
412.46 0.00753985630497
412.47 0.00752350438102
412.48 0.00750532755218
412.49 0.00748524035436
412.5 0.00746316043107
412.51 0.00743900903204
412.52 0.00741271149376
412.53 0.00738419769891
412.54 0.00735340251177
412.55 0.00732026618713
412.56 0.00728473475013
412.57 0.00724676034506
412.58 0.00720630155114
412.59 0.0071633236637
412.6 0.00711779893947
412.61 0.0070697068049
412.62 0.00701903402683
412.63 0.00696577484499
412.64 0.00690993106618
412.65 0.00685151212032
412.66 0.00679053507869
412.67 0.00672702463501
412.68 0.00666101305035
412.69 0.00659254006301
412.7 0.00652165276464
412.71 0.00644840544438
412.72 0.00637285940261
412.73 0.00629508273645
412.74 0.00621515009886
412.75 0.00613314243388
412.76 0.00604914668999
412.77 0.00596325551434
412.78 0.00587556693004
412.79 0.00578618399926
412.8 0.00569521447448
412.81 0.00560277044051
412.82 0.00550896794983
412.83 0.00541392665357
412.84 0.00531776943063
412.85 0.00522062201729
412.86 0.00512261263934
412.87 0.00502387164905
412.88 0.00492453116889
412.89 0.00482472474373
412.9 0.00472458700344
412.91 0.0046242533372
412.92 0.00452385958106
412.93 0.00442354171996
412.94 0.00432343560506
412.95 0.00422367668758
412.96 0.00412439976945
412.97 0.00402573877166
412.98 0.00392782652034
412.99 0.00383079455097
413.0 0.00373477293059
413.01 0.00363989009798
413.02 0.00354627272133
413.03 0.00345404557316
413.04 0.00336333142178
413.05 0.00327425093856
413.06 0.00318692262035
413.07 0.0031014627258
413.08 0.00301798522496
413.09 0.00293660176066
413.1 0.00285742162069
413.11 0.00278055171952
413.12 0.00270609658814
413.13 0.00263415837078
413.14 0.00256483682714
413.15 0.00249822933859
413.16 0.00243443091719
413.17 0.00237353421594
413.18 0.00231562953893
413.19 0.00226080485017
413.2 0.00220914577957
413.21 0.002160735625
413.22 0.00211565534919
413.23 0.00207398357018
413.24 0.00203579654443
413.25 0.00200116814157
413.26 0.00197016980972
413.27 0.00194287053084
413.28 0.00191933676513
413.29 0.00189963238412
413.3 0.00188381859174
413.31 0.00187195383318
413.32 0.00186409369113
413.33 0.00186029076935
413.34 0.00186059456354
413.35 0.00186505131961
413.36 0.00187370387955
413.37 0.00188659151536
413.38 0.00190374975143
413.39 0.00192521017604
413.4 0.00195100024276
413.41 0.00198114306244
413.42 0.00201565718705
413.43 0.00205455638614
413.44 0.00209784941745
413.45 0.00214553979265
413.46 0.00219762553994
413.47 0.0022540989647
413.48 0.00231494640999
413.49 0.0023801480185
413.5 0.00244967749754
413.51 0.0025235018891
413.52 0.00260158134651
413.53 0.00268386891983
413.54 0.00277031035165
413.55 0.0028608438853
413.56 0.00295540008739
413.57 0.00305390168648
413.58 0.00315626342977
413.59 0.00326239195979
413.6 0.00337218571256
413.61 0.00348553483927
413.62 0.00360232115292
413.63 0.00372241810153
413.64 0.00384569076941
413.65 0.00397199590775
413.66 0.00410118199595
413.67 0.0042330893345
413.68 0.00436755017059
413.69 0.00450438885718
413.7 0.00464342204604
413.71 0.00478445891548
413.72 0.00492730143272
413.73 0.00507174465132
413.74 0.00521757704332
413.75 0.00536458086596
413.76 0.00551253256242
413.77 0.00566120319597
413.78 0.00581035891648
413.79 0.00595976145847
413.8 0.00610916866912
413.81 0.00625833506505
413.82 0.00640701241596
413.83 0.00655495035343
413.84 0.00670189700282
413.85 0.00684759963608
413.86 0.00699180534298
413.87 0.00713426171852
413.88 0.00727471756359
413.89 0.00741292359629
413.9 0.00754863317096
413.91 0.00768160300185
413.92 0.00781159388856
413.93 0.00793837143986
413.94 0.00806170679292
413.95 0.00818137732452
413.96 0.00829716735113
413.97 0.00840886881454
413.98 0.00851628194986
413.99 0.00861921593253
414.0 0.00871748950144
414.01 0.00881093155481
414.02 0.00889938171606
414.03 0.0089826908666
414.04 0.00906072164289
414.05 0.00913334889503
414.06 0.00920046010455
414.07 0.00926195575889
414.08 0.00931774968063
414.09 0.00936776930941
414.1 0.00941195593483
414.11 0.00945026487897
414.12 0.00948266562698
414.13 0.00950914190504
414.14 0.00952969170465
414.15 0.00954432725284
414.16 0.00955307492803
414.17 0.00955597512155
414.18 0.00955308204509
414.19 0.00954446348457
414.2 0.00953020050131
414.21 0.00951038708162
414.22 0.00948512973604
414.23 0.0094545470499
414.24 0.0094187691872
414.25 0.0093779373496
414.26 0.00933220319327
414.27 0.00928172820586
414.28 0.00922668304656
414.29 0.00916724685219
414.3 0.00910360651251
414.31 0.00903595591818
414.32 0.00896449518474
414.33 0.00888942985638
414.34 0.00881097009326
414.35 0.00872932984619
414.36 0.00864472602267
414.37 0.00855737764823
414.38 0.00846750502715
414.39 0.00837532890655
414.4 0.008281069648
414.41 0.00818494641042
414.42 0.00808717634837
414.43 0.00798797382964
414.44 0.00788754967558
414.45 0.00778611042816
414.46 0.00768385764698
414.47 0.00758098723957
414.48 0.00747768882817
414.49 0.0073741451558
414.5 0.00727053153434
414.51 0.00716701533706
414.52 0.00706375553763
414.53 0.0069609022978
414.54 0.00685859660505
414.55 0.00675696996173
414.56 0.00665614412667
414.57 0.00655623090992
414.58 0.00645733202114
414.59 0.00635953897158
414.6 0.00626293302957
414.61 0.00616758522895
414.62 0.00607355642954
414.63 0.00598089742858
414.64 0.00588964912175
414.65 0.00579984271199
414.66 0.00571149996412
414.67 0.00562463350321
414.68 0.00553924715403
414.69 0.00545533631901
414.7 0.00537288839185
414.71 0.00529188320367
414.72 0.00521229349842
414.73 0.00513408543442
414.74 0.00505721910825
414.75 0.00498164909776
414.76 0.00490732502034
414.77 0.00483419210294
414.78 0.00476219176012
414.79 0.0046912621765
414.8 0.00462133889
414.81 0.00455235537228
414.82 0.00448424360303
414.83 0.00441693463455
414.84 0.0043503591436
414.85 0.00428444796731
414.86 0.00421913262028
414.87 0.0041543457901
414.88 0.00409002180888
414.89 0.00402609709827
414.9 0.0039625105861
414.91 0.00389920409267
414.92 0.00383612268507
414.93 0.00377321499825
414.94 0.00371043352169
414.95 0.00364773485086
414.96 0.00358507990282
414.97 0.00352243409578
414.98 0.00345976749232
414.99 0.00339705490667
415.0 0.0033342759763
415.01 0.00327141519859
415.02 0.00320846193324
415.03 0.00314541037179
415.04 0.00308225947517
415.05 0.00301901288102
415.06 0.00295567878219
415.07 0.00289226977824
415.08 0.00282880270186
415.09 0.0027652984221
415.1 0.00270178162666
415.11 0.00263828058521
415.12 0.00257482689612
415.13 0.00251145521885
415.14 0.00244820299413
415.15 0.00238511015445
415.16 0.00232221882696
415.17 0.00225957303109
415.18 0.00219721837308
415.19 0.00213520173965
415.2 0.00207357099264
415.21 0.00201237466694
415.22 0.00195166167326
415.23 0.00189148100779
415.24 0.00183188147022
415.25 0.00177291139173
415.26 0.00171461837439
415.27 0.00165704904316
415.28 0.00160024881168
415.29 0.00154426166275
415.3 0.00148912994449
415.31 0.00143489418272
415.32 0.00138159291015
415.33 0.00132926251292
415.34 0.0012779370945
415.35 0.00122764835746
415.36 0.0011784255027
415.37 0.00113029514635
415.38 0.00108328125402
415.39 0.00103740509198
415.4 0.000992685194914
415.41 0.000949137349712
415.42 0.000906774594674
415.43 0.000865607233414
415.44 0.000825642862728
415.45 0.000786886413609
415.46 0.000749340204539
415.47 0.00071300400615
415.48 0.000677875116338
415.49 0.000643948444839
415.5 0.000611216606335
415.51 0.000579670021082
415.52 0.000549297022102
415.53 0.00052008396796
415.54 0.000492015360193
415.55 0.000465073964439
415.56 0.000439240934376
415.57 0.000414495937608
415.58 0.000390817282642
415.59 0.000368182046187
415.6 0.000346566200014
415.61 0.000325944736675
415.62 0.000306291793439
415.63 0.000287580773826
415.64 0.000269784466209
415.65 0.000252875158976
415.66 0.000236824751809
415.67 0.000221604862693
415.68 0.000207186930324
415.69 0.000193542311608
415.7 0.00018064237404
415.71 0.000168458582756
415.72 0.000156962582124
415.73 0.00014612627178
415.74 0.00013592187704
415.75 0.000126322013686
415.76 0.000117299747146
415.77 0.000108828646102
415.78 0.000100882830646
415.79 9.34370150646e-05
415.8 8.64665454148e-05
415.81 7.99474320408e-05
415.82 7.38563772186e-05
415.83 6.81707981258e-05
415.84 6.28688453494e-05
415.85 5.79294171563e-05
415.86 5.33321697614e-05
415.87 4.90575238322e-05
415.88 4.50866674763e-05
415.89 4.14015559602e-05
415.9 3.79849084062e-05
415.91 3.48202017154e-05
415.92 3.1891661962e-05
415.93 2.91842534971e-05
415.94 2.6683665998e-05
415.95 2.43762996905e-05
415.96 2.22492489625e-05
415.97 2.02902845829e-05
415.98 1.84878347251e-05
415.99 1.68309649883e-05
416.0 1.53093575985e-05
416.01 1.39132899585e-05
416.02 1.26336127085e-05
416.03 1.14617274449e-05
416.04 1.03895642351e-05
416.05 9.40955905579e-06
416.06 8.51463126891e-06
416.07 7.69816124192e-06
416.08 6.95396820601e-06
416.09 6.27628843724e-06
416.1 5.65975383536e-06
416.11 5.099370966e-06
416.12 4.59050062291e-06
416.13 4.12883795871e-06
416.14 3.71039322457e-06
416.15 3.33147315201e-06
416.16 2.98866300302e-06
416.17 2.67880930832e-06
416.18 2.39900330786e-06
416.19 2.14656510203e-06
416.2 1.91902851739e-06
416.21 1.71412668621e-06
416.22 1.52977833511e-06
416.23 1.36407477473e-06
416.24 1.21526757909e-06
416.25 1.08175694065e-06
416.26 9.62080684842e-07
416.27 8.54903925823e-07
416.28 7.59009343426e-07
416.29 6.73288060224e-07
416.3 5.96731096332e-07
416.31 5.28421378904e-07
416.32 4.67526282693e-07
416.33 4.13290677696e-07
416.34 3.65030459793e-07
416.35 3.22126540262e-07
416.36 2.8401927029e-07
416.37 2.50203276855e-07
416.38 2.20222686832e-07
416.39 1.93666716661e-07
416.4 1.7016560556e-07
416.41 1.49386870923e-07
416.42 1.310318653e-07
416.43 1.14832615119e-07
416.44 1.00548922135e-07
416.45 8.79657094456e-08
416.46 7.68905947247e-08
416.47 6.71516742329e-08
416.48 5.859550199e-08
416.49 5.10852493622e-08
416.5 4.44990311523e-08
416.51 3.87283851095e-08
416.52 3.36768925737e-08
416.53 2.9258928755e-08
416.54 2.5398531899e-08
416.55 2.20283813151e-08
416.56 1.90888749416e-08
416.57 1.65272977847e-08
416.58 1.42970732011e-08
416.59 1.23570895966e-08
416.6 1.06710956777e-08
416.61 9.20715793414e-09
416.62 7.93717453064e-09
416.63 6.83644026289e-09
416.64 5.883257675e-09
416.65 5.05858985015e-09
416.66 4.34575077207e-09
416.67 3.73012951404e-09
416.68 3.19894484479e-09
416.69 2.74102714897e-09
416.7 2.34662484446e-09
416.71 2.00723274133e-09
416.72 1.71544002858e-09
416.73 1.46479579688e-09
416.74 1.24969020836e-09
416.75 1.06524961102e-09
416.76 9.07244064765e-10
416.77 7.72005901331e-10
416.78 6.56358080989e-10
416.79 5.5755123735e-10
416.8 4.73208417524e-10
416.81 4.01276630243e-10
416.82 3.39984409674e-10
416.83 2.87804688517e-10
416.84 2.43422351416e-10
416.85 2.05705909356e-10
416.86 1.73682798343e-10
416.87 1.46517861785e-10
416.88 1.23494626344e-10
416.89 1.03999026024e-10
416.9 8.75052694451e-11
416.91 7.35635811569e-11
416.92 6.17895797343e-11
416.93 5.18550838568e-11
416.94 4.34801627753e-11
416.95 3.64262699689e-11
416.96 3.04903186163e-11
416.97 2.54995750447e-11
416.98 2.1307261814e-11
416.99 1.77887757617e-11
417.0 1.48384383758e-11
417.01 1.23667064616e-11
417.02 1.0297780378e-11
417.03 8.56755529187e-12
417.04 7.12186806243e-12
417.05 5.91499863623e-12
417.06 4.90839031754e-12
417.07 4.06955806355e-12
417.08 3.37115812941e-12
417.09 2.79019602365e-12
417.1 2.3073528977e-12
417.11 1.90641324118e-12
417.12 1.57377913995e-12
417.13 1.2980584206e-12
417.14 1.06971579496e-12
417.15 8.80777665303e-13
417.16 7.24582587403e-13
417.17 5.9557054121e-13
417.18 4.8910515222e-13
417.19 4.01323861217e-13
417.2 3.29011774811e-13
417.21 2.694955599e-13
417.22 2.20554286147e-13
417.23 1.80344583877e-13
417.24 1.47337881236e-13
417.25 1.20267823221e-13
417.26 9.8086264409e-14
417.27 7.99264737827e-14
417.28 6.50724000714e-14
417.29 5.29330246821e-14
417.3 4.30209811284e-14
417.31 3.49347487243e-14
417.32 2.83438375806e-14
417.33 2.29764744762e-14
417.34 1.86093774608e-14
417.35 1.50592732017e-14
417.36 1.21758669263e-14
417.37 9.83602189813e-15
417.38 7.9389450193e-15
417.39 6.40220851771e-15
417.4 5.15846571797e-15
417.41 4.15274243395e-15
417.42 3.34020526136e-15
417.43 2.68432458517e-15
417.44 2.15536395319e-15
417.45 1.72913903377e-15
417.46 1.38599903249e-15
417.47 1.10999149849e-15
417.48 8.88178162158e-16
417.49 7.10075032221e-16
417.5 5.67194624734e-16
417.51 4.52672053663e-16
417.52 3.60959913229e-16
417.53 2.87579534537e-16
417.54 2.28918394927e-16
417.55 1.82065274694e-16
417.56 1.44676256238e-16
417.57 1.14865899074e-16
417.58 9.11189450906e-17
417.59 7.22187492825e-17
417.6 5.71893229782e-17
417.61 4.52484451624e-17
417.62 3.57697642953e-17
417.63 2.82521959015e-17
417.64 2.22952348969e-17
417.65 1.75790583764e-17
417.66 1.38485045184e-17
417.67 1.09001847363e-17
417.68 8.57212612713e-18
417.69 6.73545531381e-18
417.7 5.28772765315e-18
417.71 4.14758132656e-18
417.72 3.25045722425e-18
417.73 2.5451753731e-18
417.74 1.99119907689e-18
417.75 1.55645068436e-18
417.76 1.21556940273e-18
417.77 9.4852300293e-19
417.78 7.39502570387e-19
417.79 5.76043420821e-19
417.8 4.48326557862e-19
417.81 3.48624114631e-19
417.82 2.70859514071e-19
417.83 2.10258943679e-19
417.84 1.63075445653e-19
417.85 1.26370697454e-19
417.86 9.78425816491e-20
417.87 7.56890643925e-20
417.88 5.85008374244e-20
417.89 4.51767247074e-20
417.9 3.4857088795e-20
417.91 2.68714558546e-20
417.92 2.06973618647e-20
417.93 1.59280460126e-20
417.94 1.22471129444e-20
417.95 9.40867911113e-21
417.96 7.22183070393e-21
417.97 5.53846814748e-21
417.98 4.24380806597e-21
417.99 3.24896862919e-21
418.0 2.48518666489e-21
418.01 1.89931161331e-21
418.02 1.45029765719e-21
418.03 1.10647544283e-21
418.04 8.43432101242e-22
418.05 6.42365467006e-22
418.06 4.88807608654e-22
418.07 3.71635713072e-22
418.08 2.82306344531e-22
418.09 2.14263180832e-22
418.1 1.62479348804e-22
418.11 1.23104096257e-22
418.12 9.3190265949e-23
418.13 7.04842869495e-23
418.14 5.32644911629e-23
418.15 4.0216749593e-23
418.16 3.03389023439e-23
418.17 2.2867383413e-23
418.18 1.72209376998e-23
418.19 1.29574884427e-23
418.2 9.74111290772e-24
418.21 7.31678067184e-24
418.22 5.4910476053e-24
418.23 4.1173149908e-24
418.24 3.08458463281e-24
418.25 2.30888871071e-24
418.26 1.72676414559e-24
418.27 1.29028829364e-24
418.28 9.63305864555e-25
418.29 7.18563848853e-25
418.3 5.35537930678e-25
418.31 3.98785006028e-25
418.32 2.96695608401e-25
418.33 2.20550033356e-25
418.34 1.63804885325e-25
418.35 1.21554288276e-25
418.36 9.01233718755e-26
418.37 6.67618391091e-26
418.38 4.94131868443e-26
418.39 3.65410606283e-26
418.4 2.69987182148e-26
418.41 1.99309892995e-26
418.42 1.47007089144e-26
418.43 1.08335654924e-26
418.44 7.97679186702e-27
418.45 5.86825287605e-27
418.46 4.3133340387e-27
418.47 3.16767835827e-27
418.48 2.32430317175e-27
418.49 1.70399448455e-27
418.5 1.2481515118e-27
418.51 9.13461277627e-28
418.52 6.67938826721e-28
418.53 4.87985535619e-28
418.54 3.56205746682e-28
418.55 2.59787712934e-28
418.56 1.8930409297e-28
418.57 1.37824083733e-28
418.58 1.00256822552e-28
418.59 7.28662586916e-29
418.6 5.29130406197e-29
418.61 3.83904036712e-29
418.62 2.78295607176e-29
418.63 2.01564356381e-29
418.64 1.45862896568e-29
418.65 1.05462884037e-29
418.66 7.61865251694e-30
418.67 5.49895797997e-30
418.68 3.9655766486e-30
418.69 2.85730110112e-30
418.7 2.05697674133e-30
418.71 1.47953916563e-30
418.72 1.06327906623e-30
418.73 7.63469643463e-31
418.74 5.47721761452e-31
418.75 3.92601478881e-31
418.76 2.81169092225e-31
418.77 2.0119025394e-31
418.78 1.43836799601e-31
418.79 1.0274407733e-31
418.8 7.33275701389e-32
418.81 5.2287936616e-32
418.82 3.72528433889e-32
418.83 2.65180180403e-32
418.84 1.88602050152e-32
418.85 1.34021807073e-32
418.86 9.51542612827e-33
418.87 6.75001483215e-33
418.88 4.7841515079e-33
418.89 3.38788636404e-33
418.9 2.39704649201e-33
418.91 1.69452426679e-33
418.92 1.19685858762e-33
418.93 8.44620465603e-34
418.94 5.95530588227e-34
418.95 4.19536990198e-34
418.96 2.95297762214e-34
418.97 2.07670001496e-34
418.98 1.45918745984e-34
418.99 1.0244060245e-34
419.0 7.18549797882e-35
419.01 5.03576357043e-35
419.02 3.52612338107e-35
419.03 2.46691047815e-35
419.04 1.72438004067e-35
419.05 1.20430446787e-35
419.06 8.40356029144e-36
419.07 5.85887261384e-36
419.08 4.08120587554e-36
419.09 2.84044682521e-36
419.1 1.97518844459e-36
419.11 1.37231598283e-36
419.12 9.52628168609e-37
419.13 6.60718442621e-37
419.14 4.57860472575e-37
419.15 3.17010456442e-37
419.16 2.19299547331e-37
419.17 1.51574308463e-37
419.18 1.04673601767e-37
419.19 7.22224893578e-38
419.2 4.97887761819e-38
419.21 3.42936855746e-38
419.22 2.36004663316e-38
419.23 1.62274664449e-38
419.24 1.11481952814e-38
419.25 7.65212627121e-39
419.26 5.24787401845e-39
419.27 3.59590646096e-39
419.28 2.46182446848e-39
419.29 1.68395117097e-39
419.3 1.1508682715e-39
419.31 7.85860485923e-40
419.32 5.36153320861e-40
419.33 3.65473809971e-40
419.34 2.48912801916e-40
419.35 1.69379918242e-40
419.36 1.15159644831e-40
419.37 7.82280360391e-41
419.38 5.30943428693e-41
419.39 3.60045830084e-41
419.4 2.43944501373e-41
419.41 1.6513837007e-41
419.42 1.11693697151e-41
419.43 7.54802017106e-42
419.44 5.09637234061e-42
419.45 3.4380561118e-42
419.46 2.31733319808e-42
419.47 1.56058604408e-42
419.48 1.05005166223e-42
419.49 7.0592299209e-43
419.5 4.74163041673e-43
419.51 3.18215833894e-43
419.52 2.13373059056e-43
419.53 1.42948990937e-43
419.54 9.56855410777e-44
419.55 6.39934099411e-44
419.56 4.27610046801e-44
419.57 2.85485635395e-44
419.58 1.90433931723e-44
419.59 1.26919431902e-44
419.6 8.45153545117e-45
419.61 5.62298374481e-45
419.62 3.73784898361e-45
419.63 2.48256361839e-45
419.64 1.64741393263e-45
419.65 1.09226695566e-45
419.66 7.2356669442e-46
419.67 4.78907957973e-46
419.68 3.1670086663e-46
419.69 2.09252262468e-46
419.7 1.38138515769e-46
419.71 9.11135820721e-47
419.72 6.00447677116e-47
419.73 3.95358362812e-47
419.74 2.60094041306e-47
419.75 1.70959637511e-47
419.76 1.12274333705e-47
419.77 7.36700724596e-48
419.78 4.82975855157e-48
419.79 3.16361375939e-48
419.8 2.0704521778e-48
419.81 1.35385035906e-48
419.82 8.84504074015e-49
419.83 5.77368017725e-49
419.84 3.76555782707e-49
419.85 2.45374615473e-49
419.86 1.59754704108e-49
419.87 1.03920539054e-49
419.88 6.75418324295e-50
419.89 4.38599366098e-50
419.9 2.84568531569e-50
419.91 1.84471576176e-50
419.92 1.19480149321e-50
419.93 7.73189179104e-51
419.94 4.99918824627e-51
419.95 3.22951217605e-51
419.96 2.08448164118e-51
419.97 1.34425894544e-51
419.98 8.66146806376e-52
419.99 5.57601321209e-52
420.0 3.58657397119e-52
420.01 2.3049393544e-52
420.02 1.48000412665e-52
420.03 9.49489271858e-53
420.04 6.08612559474e-53
420.05 3.89776338033e-53
420.06 2.49409932215e-53
420.07 1.59454114495e-53
420.08 1.0185478312e-53
420.09 6.5005610174e-54
420.1 4.14518542474e-54
420.11 2.64095376561e-54
420.12 1.6811301867e-54
420.13 1.06921638968e-54
420.14 6.79443863504e-55
420.15 4.3138522503e-55
420.16 2.73653284267e-55
420.17 1.73444197601e-55
420.18 1.09835466484e-55
420.19 6.94942919932e-56
420.2 4.39318389684e-56
420.21 2.77481059362e-56
420.22 1.75110027897e-56
420.23 1.10411015187e-56
420.24 6.9556464881e-57
420.25 4.37810640384e-57
420.26 2.75333360629e-57
420.27 1.73003572574e-57
420.28 1.08611301997e-57
420.29 6.81269083521e-58
420.3 4.26958883566e-58
420.31 2.67348123448e-58
420.32 1.672599407e-58
420.33 1.04551543661e-58
420.34 6.52969164419e-59
420.35 4.07454021629e-59
420.36 2.54031900382e-59
420.37 1.58241947087e-59
420.38 9.84869507513e-60
420.39 6.12434259982e-60
420.4 3.80508161068e-60
420.41 2.36206686192e-60
420.42 1.46502187791e-60
420.43 9.07861807346e-61
420.44 5.6210713078e-61
420.45 3.47729996095e-61
420.46 2.1492598667e-61
420.47 1.32727041836e-61
420.48 8.1894288409e-62
420.49 5.04860652912e-62
420.5 3.1096617243e-62
420.51 1.91372038984e-62
420.52 1.17670482057e-62
420.53 7.22903443749e-63
420.54 4.43727931384e-63
420.55 2.72130333048e-63
420.56 1.66748083732e-63
420.57 1.02086534862e-63
420.58 6.24453042989e-64
420.59 3.81640821776e-64
420.6 2.33041663054e-64
420.61 1.42179188767e-64
420.62 8.66686846647e-65
420.63 5.27851902963e-65
420.64 3.21207509547e-65
420.65 1.95291347135e-65
420.66 1.1863259348e-65
420.67 7.20026964736e-66
420.68 4.36633657142e-66
420.69 2.6455097752e-66
420.7 1.60149373554e-66
420.71 9.68645422141e-67
420.72 5.8536685638e-67
420.73 3.53439545499e-67
420.74 2.13218981102e-67
420.75 1.28516917333e-67
420.76 7.73959879724e-68
420.77 4.65693643007e-68
420.78 2.79966380899e-68
420.79 1.68164828765e-68
420.8 1.00922539032e-68
420.81 6.05152566113e-69
420.82 3.62547824041e-69
420.83 2.1701484305e-69
420.84 1.29788821129e-69
420.85 7.75548297743e-70
420.86 4.63024661205e-70
420.87 2.76199640417e-70
420.88 1.64613635919e-70
420.89 9.80239544624e-71
420.9 5.83206482265e-71
420.91 3.46685899826e-71
420.92 2.05908240438e-71
420.93 1.22189809759e-71
420.94 7.24469259591e-72
420.95 4.29169300826e-72
420.96 2.54015985071e-72
420.97 1.50216333902e-72
420.98 8.87558489491e-73
420.99 5.23962877629e-73
421.0 3.0904930225e-73
421.01 1.82128843e-73
421.02 1.07239159741e-73
421.03 6.30887305471e-74
421.04 3.7082916867e-74
421.05 2.17780855168e-74
421.06 1.27787749762e-74
421.07 7.49173589647e-75
421.08 4.38833130265e-75
421.09 2.56826639428e-75
421.1 1.50177352182e-75
421.11 8.77389694883e-76
421.12 5.12158433027e-76
421.13 2.98703175365e-76
421.14 1.74060033688e-76
421.15 1.01340256594e-76
421.16 5.89506568391e-77
421.17 3.42624969438e-77
421.18 1.9896334955e-77
421.19 1.15438551864e-77
421.2 6.69194509267e-78
421.21 3.87594477296e-78
421.22 2.24298569699e-78
421.23 1.29687805245e-78
421.24 7.49196068142e-79
421.25 4.32429736353e-79
421.26 2.49378681712e-79
421.27 1.43690088153e-79
421.28 8.27214255623e-80
421.29 4.75809294755e-80
421.3 2.73445981519e-80
421.31 1.5701237466e-80
421.32 9.00782480428e-81
421.33 5.16332773696e-81
421.34 2.95708062853e-81
421.35 1.69207789801e-81
421.36 9.67389238115e-82
421.37 5.52593615837e-82
421.38 3.15380027816e-82
421.39 1.79839970903e-82
421.4 1.02461798e-82
421.41 5.83258980101e-83
421.42 3.3172989259e-83
421.43 1.88508741738e-83
421.44 1.07029154246e-83
421.45 6.07150567264e-84
421.46 3.44123577475e-84
421.47 1.9487501681e-84
421.48 1.10260920722e-84
421.49 6.23319589844e-85
421.5 3.52065646715e-85
421.51 1.98682783992e-85
421.52 1.12026440198e-85
421.53 6.31109252695e-86
421.54 3.55232155822e-86
421.55 1.99776181605e-86
421.56 1.12253232784e-86
421.57 6.3019901305e-87
421.58 3.53492572368e-87
421.59 1.98110082743e-87
421.6 1.10931932433e-87
421.61 6.20626463654e-88
421.62 3.46918703086e-88
421.63 1.93753185184e-88
421.64 1.08116928645e-88
421.65 6.02784757012e-89
421.66 3.35779776451e-89
421.67 1.86883312033e-89
421.68 1.03922652107e-89
421.69 5.7739581671e-90
421.7 3.20524150034e-90
421.71 1.77775371085e-90
421.72 9.85158577581e-91
421.73 5.45461879593e-91
421.74 3.01749374729e-91
421.75 1.66783109104e-91
421.76 9.2104630518e-92
421.77 5.08199901323e-92
421.78 2.80163400844e-92
421.79 1.54316348138e-92
421.8 8.49251233779e-93
421.81 4.66964803962e-93
421.82 2.56540432395e-93
421.83 1.40815742382e-93
421.84 7.72272034293e-94
421.85 4.23168293473e-94
421.86 2.31675252117e-94
421.87 1.26727212163e-94
421.88 6.92602141909e-95
421.89 3.78199971729e-95
421.9 2.06339733981e-95
421.91 1.1247809521e-95
421.92 6.12599661269e-96
421.93 3.3335675822e-96
421.94 1.81244772071e-96
421.95 9.84567339723e-97
421.96 5.34378620451e-97
421.97 2.89785356786e-97
421.98 1.57010071204e-97
421.99 8.49967455645e-98
422.0 4.59727831852e-98
422.01 2.48440851167e-98
422.02 1.34143283562e-98
422.03 7.23666668162e-99
422.04 3.90060451356e-99
422.05 2.10062718138e-99
422.06 1.13028966129e-99
422.07 6.07651035042e-100
422.08 3.26394206448e-100
422.09 1.7516783133e-100
422.1 9.392689754e-101
422.11 5.03210059603e-101
422.12 2.69359541308e-101
422.13 1.44058578715e-101
422.14 7.6978527632e-102
422.15 4.10982932807e-102
422.16 2.19230859427e-102
422.17 1.16843161188e-102
422.18 6.22198017072e-103
422.19 3.31037855257e-103
422.2 1.75974771124e-103
422.21 9.34645395867e-104
422.22 4.95983290349e-104
422.23 2.62972861626e-104
422.24 1.39308793748e-104
422.25 7.37343478934e-105
422.26 3.89928400413e-105
422.27 2.06026746853e-105
422.28 1.0876422123e-105
422.29 5.73683311687e-106
422.3 3.02330589599e-106
422.31 1.59189961605e-106
422.32 8.3747717129e-107
422.33 4.40204004998e-107
422.34 2.31184500508e-107
422.35 1.213073599e-107
422.36 6.35973911202e-108
422.37 3.33131087439e-108
422.38 1.74347103636e-108
422.39 9.11670756047e-109
422.4 4.76304871701e-109
422.41 2.48631262697e-109
422.42 1.29673179659e-109
422.43 6.75722370851e-110
422.44 3.51811593288e-110
422.45 1.83010374094e-110
422.46 9.5118497898e-111
422.47 4.93944291189e-111
422.48 2.56279973236e-111
422.49 1.32854136819e-111
422.5 6.88112118897e-112
422.51 3.56095957697e-112
422.52 1.84118994e-112
422.53 9.51160607082e-113
422.54 4.90944987188e-113
422.55 2.53183568717e-113
422.56 1.30455356736e-113
422.57 6.7160207434e-114
422.58 3.45450522163e-114
422.59 1.7753475723e-114
422.6 9.11600679528e-115
422.61 4.67680866205e-115
422.62 2.39727732203e-115
422.63 1.22775203934e-115
422.64 6.28241706089e-116
422.65 3.21193372893e-116
422.66 1.64070348537e-116
422.67 8.37369884786e-117
422.68 4.27000405573e-117
422.69 2.17551934631e-117
422.7 1.10744285218e-117
422.71 5.63252867783e-118
422.72 2.86226085638e-118
422.73 1.45324461886e-118
422.74 7.37211240143e-119
422.75 3.73653354427e-119
422.76 1.89221087938e-119
422.77 9.5740104546e-120
422.78 4.83996222555e-120
422.79 2.44463350306e-120
422.8 1.23369913179e-120
422.81 6.22054550412e-121
422.82 3.13380086509e-121
422.83 1.57738618675e-121
422.84 7.9328343044e-122
422.85 3.98604727709e-122
422.86 2.00115265853e-122
422.87 1.003787325e-122
422.88 5.03068248338e-123
422.89 2.5190443839e-123
422.9 1.26028406286e-123
422.91 6.2997712719e-124
422.92 3.14633405846e-124
422.93 1.5700323239e-124
422.94 7.82773417015e-125
422.95 3.8993054426e-125
422.96 1.94071675695e-125
422.97 9.65074339129e-126
422.98 4.79493907038e-126
422.99 2.3802859344e-126
423.0 1.18058940155e-126
423.01 5.85049136234e-127
423.02 2.89674000646e-127
423.03 1.43301390568e-127
423.04 7.08296351314e-128
423.05 3.49786719955e-128
423.06 1.72589885993e-128
423.07 8.50846230716e-129
423.08 4.19093117888e-129
423.09 2.06249873832e-129
423.1 1.01414619712e-129
423.11 4.98231468032e-130
423.12 2.44560015809e-130
423.13 1.19939840293e-130
423.14 5.87712856399e-131
423.15 2.87733632547e-131
423.16 1.4074720476e-131
423.17 6.87879934065e-132
423.18 3.35899390587e-132
423.19 1.63881338868e-132
423.2 7.98865200747e-133
423.21 3.89082068251e-133
423.22 1.89335757168e-133
423.23 9.20550839184e-134
423.24 4.47184382932e-134
423.25 2.1704470271e-134
423.26 1.05253238099e-134
423.27 5.09970968287e-135
423.28 2.46876159782e-135
423.29 1.19408863736e-135
423.3 5.77055640893e-136
423.31 2.78626569752e-136
423.32 1.34416034332e-136
423.33 6.47893079185e-137
423.34 3.12017760838e-137
423.35 1.50133981954e-137
423.36 7.21775944073e-138
423.37 3.46696546822e-138
423.38 1.66387363846e-138
423.39 7.97838296271e-139
423.4 3.82237356324e-139
423.41 1.82967979098e-139
423.42 8.75065912056e-140
423.43 4.18148125207e-140
423.44 1.99638020058e-140
423.45 9.52313775618e-141
423.46 4.53879525044e-141
423.47 2.16134865093e-141
423.48 1.02833064775e-141
423.49 4.88837418613e-142
423.5 2.32177332469e-142
423.51 1.10179019911e-142
423.52 5.22398239831e-143
423.53 2.47473224793e-143
423.54 1.17132777815e-143
423.55 5.53926803535e-144
423.56 2.61727906011e-144
423.57 1.2355814889e-144
423.58 5.82795873908e-145
423.59 2.74653574816e-145
423.6 1.29323591247e-145
423.61 6.08406673237e-146
423.62 2.85978835971e-146
423.63 1.3430665468e-146
423.64 6.30209407714e-147
423.65 2.95458129946e-147
423.66 1.38398288645e-147
423.67 6.47722834358e-148
423.68 3.0288056576e-148
423.69 1.41506803432e-148
423.7 6.60551899568e-149
423.71 3.08077714339e-149
423.72 1.43561283941e-149
423.73 6.68402547622e-150
423.74 3.10929960581e-150
423.75 1.44514278692e-150
423.76 6.71092924276e-151
423.77 3.1137107968e-151
423.78 1.44343621688e-151
423.79 6.68560379449e-152
423.8 3.0939079323e-152
423.81 1.43053289467e-152
423.82 6.6086389246e-153
423.83 3.05035167352e-153
423.84 1.40673247077e-153
423.85 6.48181788713e-154
423.86 2.984048313e-154
423.87 1.37258291283e-154
423.88 6.30804871265e-155
423.89 2.89651112746e-155
423.9 1.32885953391e-155
423.91 6.09125336693e-156
423.92 2.78970297002e-156
423.93 1.27653573741e-156
423.94 5.83622065151e-157
423.95 2.66596314236e-157
423.96 1.21674701998e-157
423.97 5.54843054768e-158
423.98 2.5279223494e-158
423.99 1.15075008968e-158
424.0 5.23385899065e-159
424.01 2.37841004665e-159
424.02 1.07987915023e-159
424.03 4.89877275744e-160
424.04 2.22035871964e-160
424.05 1.00550146423e-160
424.06 4.54952423459e-161
424.07 2.05670957878e-161
424.08 9.28974239515e-162
424.09 4.1923553225e-162
424.1 1.89032383146e-162
424.11 8.51604695819e-163
424.12 3.83321869843e-163
424.13 1.7239031409e-163
424.14 7.74614881918e-164
424.15 3.47762319931e-164
424.16 1.55992215005e-164
424.17 6.9911245259e-165
424.18 3.13050832713e-165
424.19 1.40057510105e-165
424.2 6.2606820966e-166
424.21 2.79615096154e-166
424.22 1.24773767993e-166
424.23 5.56300792186e-167
424.24 2.47810542769e-167
424.25 1.10294432879e-167
424.26 4.90468496759e-168
424.27 2.17917624232e-168
424.28 9.67380449281e-169
424.29 4.29067845059e-169
424.3 1.90142125642e-169
424.31 8.41888219965e-170
424.32 3.72438212246e-170
424.33 1.64618161243e-170
424.34 7.26984199654e-171
424.35 3.20771599744e-171
424.36 1.41413398862e-171
424.37 6.22886507669e-172
424.38 2.74126486249e-172
424.39 1.2053600338e-172
424.4 5.29549165585e-173
424.41 2.3244462129e-173
424.42 1.01942769221e-173
424.43 4.46701144227e-174
424.44 1.95569630648e-174
424.45 8.55479247398e-175
424.46 3.73887765588e-175
424.47 1.63266372091e-175
424.48 7.12321320055e-176
424.49 3.10512334459e-176
424.5 1.3524009961e-176
424.51 5.88512674066e-177
424.52 2.55876187275e-177
424.53 1.11154649611e-177
424.54 4.82446444023e-178
424.55 2.09215712555e-178
424.56 9.06490377938e-179
424.57 3.92424227284e-179
424.58 1.6973528639e-179
424.59 7.335203648e-180
424.6 3.16720319192e-180
424.61 1.36635449434e-180
424.62 5.88944764454e-181
424.63 2.53635157935e-181
424.64 1.09136005573e-181
424.65 4.69191750526e-182
424.66 2.01537744267e-182
424.67 8.64940298092e-183
424.68 3.7088526749e-183
424.69 1.58897383406e-183
424.7 6.80170232843e-184
424.71 2.90898987541e-184
424.72 1.2430554743e-184
424.73 5.30716418994e-185
424.74 2.26390526552e-185
424.75 9.64889738794e-186
424.76 4.10885521999e-186
424.77 1.74818625782e-186
424.78 7.43153072734e-187
424.79 3.1564038624e-187
424.8 1.33946252313e-187
424.81 5.67926691643e-188
424.82 2.4059007423e-188
424.83 1.01832602845e-188
424.84 4.30645283728e-189
424.85 1.81960138489e-189
424.86 7.68168571311e-190
424.87 3.24011573278e-190
424.88 1.36548905616e-190
424.89 5.74962654846e-191
424.9 2.4188824473e-191
424.91 1.016748643e-191
424.92 4.27008138365e-192
424.93 1.79177063912e-192
424.94 7.51194486397e-193
424.95 3.14663290641e-193
424.96 1.3169323951e-193
424.97 5.50686708516e-194
424.98 2.300749945e-194
424.99 9.60412842504e-195
425.0 4.00562426912e-195
425.01 1.66919153318e-195
425.02 6.94969666216e-196
425.03 2.89100762773e-196
425.04 1.2015900917e-196
425.05 4.98984611043e-197
425.06 2.0703400235e-197
425.07 8.58262063362e-198
425.08 3.55485480774e-198
425.09 1.47111807282e-198
425.1 6.082707134e-199
425.11 2.51286984856e-199
425.12 1.03721024144e-199
425.13 4.27747332469e-200
425.14 1.7625097814e-200
425.15 7.25603676241e-201
425.16 2.98463429822e-201
425.17 1.22660996603e-201
425.18 5.03669398269e-202
425.19 2.0663712632e-202
425.2 8.47022319867e-203
425.21 3.46900613673e-203
425.22 1.41951175793e-203
425.23 5.80358878424e-204
425.24 2.37070755545e-204
425.25 9.67571454822e-205
425.26 3.94558881208e-205
425.27 1.60754934212e-205
425.28 6.54395814787e-206
425.29 2.66158552964e-206
425.3 1.08159346058e-206
425.31 4.39148487617e-207
425.32 1.78148611808e-207
425.33 7.22066515988e-208
425.34 2.92412330626e-208
425.35 1.18314472259e-208
425.36 4.78303734788e-209
425.37 1.93193889325e-209
425.38 7.79662617894e-210
425.39 3.14371922142e-210
425.4 1.26649798048e-210
425.41 5.09787245185e-211
425.42 2.05020430655e-211
425.43 8.23813738172e-212
425.44 3.30738407756e-212
425.45 1.32667316603e-212
425.46 5.31700380555e-213
425.47 2.1290884788e-213
425.48 8.51812798449e-214
425.49 3.40500947498e-214
425.5 1.35992889322e-214
425.51 5.42672469335e-215
425.52 2.16363047989e-215
425.53 8.61890521409e-216
425.54 3.4304005305e-216
425.55 1.36414730566e-216
425.56 5.42002663587e-217
425.57 2.15161857329e-217
425.58 8.53400436805e-218
425.59 3.38192638166e-218
425.6 1.33905726731e-218
425.61 5.29734019979e-219
425.62 2.09382456587e-219
425.63 8.26887505468e-220
425.64 3.26269352403e-220
425.65 1.28626320023e-220
425.66 5.06648919764e-221
425.67 1.99392174577e-221
425.68 7.84030235318e-222
425.69 3.08021637228e-222
425.7 1.20907530592e-222
425.71 4.74186504957e-223
425.72 1.8580985371e-223
425.73 7.27464835801e-224
425.74 2.84563360922e-224
425.75 1.11216614413e-224
425.76 4.3429424237e-225
425.77 1.69442435669e-225
425.78 6.60517018662e-226
425.79 2.57258392062e-226
425.8 1.00110309081e-226
425.81 3.89234893342e-227
425.82 1.51205797279e-227
425.83 5.86879353666e-228
425.84 2.27589872621e-228
425.85 8.81821628625e-229
425.86 3.41375440114e-229
425.87 1.32040606945e-229
425.88 5.10277551999e-230
425.89 1.97028534605e-230
425.9 7.60108350561e-231
425.91 2.92985139225e-231
425.92 1.12833846661e-231
425.93 4.3416709732e-232
425.94 1.66916063728e-232
425.95 6.41155059052e-233
425.96 2.46066065373e-233
425.97 9.43548196487e-234
425.98 3.61493227524e-234
425.99 1.3837573933e-234
426.0 5.29228782727e-235
426.01 2.02232369203e-235
426.02 7.72114300595e-236
426.03 2.94534542384e-236
426.04 1.12257298536e-236
426.05 4.27480836694e-237
426.06 1.62645640565e-237
426.07 6.18289564138e-238
426.08 2.34836239782e-238
426.09 8.91173023975e-239
426.1 3.37895694791e-239
426.11 1.28005018703e-239
426.12 4.84501414093e-240
426.13 1.83225878645e-240
426.14 6.92312685704e-241
426.15 2.61361418541e-241
426.16 9.85835334527e-242
426.17 3.71527524833e-242
426.18 1.3989471918e-242
426.19 5.26302411454e-243
426.2 1.97830437527e-243
426.21 7.42975641437e-244
426.22 2.78791643568e-244
426.23 1.04522223836e-244
426.24 3.91526572853e-245
426.25 1.46533713921e-245
426.26 5.47945776301e-246
426.27 2.04720494898e-246
426.28 7.64203063598e-247
426.29 2.85023020742e-247
426.3 1.06212300414e-247
426.31 3.95451661259e-248
426.32 1.47107801802e-248
426.33 5.46766276322e-249
426.34 2.03044601372e-249
426.35 7.53364039284e-250
426.36 2.79281415924e-250
426.37 1.03443427444e-250
426.38 3.8281370594e-251
426.39 1.41545402489e-251
426.4 5.2291098989e-252
426.41 1.93011632305e-252
426.42 7.11808074686e-253
426.43 2.62280528137e-253
426.44 9.65590315319e-254
426.45 3.55175880232e-254
426.46 1.30532225388e-254
426.47 4.79309162876e-255
426.48 1.75847999958e-255
426.49 6.44588936844e-256
426.5 2.36076074005e-256
426.51 8.63862881059e-257
426.52 3.15835806837e-257
426.53 1.15372320947e-257
426.54 4.21080961754e-258
426.55 1.53551228525e-258
426.56 5.59454404404e-259
426.57 2.0365722017e-259
426.58 7.4072778981e-260
426.59 2.69179001395e-260
426.6 9.77343951182e-261
426.61 3.54549921662e-261
426.62 1.28508268073e-261
426.63 4.65380797916e-262
426.64 1.68387388556e-262
426.65 6.08743554777e-263
426.66 2.19878569521e-263
426.67 7.93515002718e-264
426.68 2.86121895881e-264
426.69 1.0307913333e-264
426.7 3.71034364736e-265
426.71 1.33438522519e-265
426.72 4.79481689038e-266
426.73 1.72141879687e-266
426.74 6.17482662026e-267
426.75 2.21302697247e-267
426.76 7.92450892834e-268
426.77 2.83518709518e-268
426.78 1.01347910762e-268
426.79 3.61969176512e-269
426.8 1.29167154297e-269
426.81 4.60528281797e-270
426.82 1.64053021295e-270
426.83 5.83896500586e-271
426.84 2.07640097615e-271
426.85 7.3775181874e-272
426.86 2.61898532993e-272
426.87 9.28922655914e-273
426.88 3.29192367394e-273
426.89 1.16558425335e-273
426.9 4.12345537224e-274
426.91 1.45748011452e-274
426.92 5.1471602548e-275
426.93 1.81616981988e-275
426.94 6.40278518701e-276
426.95 2.25530416016e-276
426.96 7.93715795239e-277
426.97 2.79092803058e-277
426.98 9.80518889157e-278
426.99 3.44181088738e-278
427.0 1.20709584791e-278
427.01 4.2298037762e-279
427.02 1.48088862633e-279
427.03 5.18022098845e-280
427.04 1.81049733217e-280
427.05 6.32224328395e-281
427.06 2.20581065799e-281
427.07 7.68933833239e-282
427.08 2.67814090267e-282
427.09 9.31969258166e-283
427.1 3.24036150424e-283
427.11 1.12566471686e-283
427.12 3.90704448213e-284
427.13 1.35491287711e-284
427.14 4.69459462759e-285
427.15 1.62520644918e-285
427.16 5.62137669883e-286
427.17 1.94267680008e-286
427.18 6.70783128739e-287
427.19 2.31412823096e-287
427.2 7.97657444187e-288
427.21 2.74706627527e-288
427.22 9.45247558756e-289
427.23 3.2497182103e-289
427.24 1.11627077897e-289
427.25 3.83104383172e-290
427.26 1.31367640023e-290
427.27 4.5007344294e-291
427.28 1.54064326544e-291
427.29 5.26919783294e-292
427.3 1.80057257799e-292
427.31 6.14752737615e-293
427.32 2.09707529317e-293
427.33 7.14745267232e-294
427.34 2.4339534362e-294
427.35 8.28127020493e-295
427.36 2.81517474282e-295
427.37 9.56175192976e-296
427.38 3.24484009248e-296
427.39 1.10020303619e-296
427.4 3.72714330577e-297
427.41 1.2615458989e-297
427.42 4.26632300882e-298
427.43 1.44154473119e-298
427.44 4.86660642744e-299
427.45 1.64152703663e-299
427.46 5.53214516259e-300
427.47 1.86278532188e-300
427.48 6.26694321358e-301
427.49 2.10655316481e-301
427.5 7.07477775385e-302
427.51 2.37397910075e-302
427.52 7.95911342101e-303
427.53 2.66609860991e-303
427.54 8.9230111519e-304
427.55 2.9838045755e-304
427.56 9.96903286878e-305
427.57 3.32781666861e-305
427.58 1.10991435941e-305
427.59 3.69865020065e-306
427.6 1.23146128311e-306
427.61 4.09658506275e-307
427.62 1.36159172852e-307
427.63 4.52163544216e-308
427.64 1.50026472041e-308
427.65 4.97352106351e-309
427.66 1.64734187778e-309
427.67 5.45164074616e-310
427.68 1.80257951463e-310
427.69 5.95504909297e-311
427.7 1.96562186075e-311
427.71 6.48243712969e-312
427.72 2.13599565952e-312
427.73 7.03211769406e-313
427.74 2.31310638908e-313
427.75 7.60201632866e-314
427.76 2.49623633554e-314
427.77 8.18966836048e-315
427.78 2.68454471786e-315
427.79 8.79222276887e-316
427.8 2.87707004485e-316
427.81 9.40645308483e-317
427.82 3.07273456613e-317
427.83 1.00287766901e-317
427.84 3.27035390755e-318
427.85 1.0655266751e-318
427.86 3.46863727319e-319
427.87 1.12819890228e-319
427.88 3.66646115779e-320
427.89 1.19020414083e-320
427.9 3.86359335048e-321
427.91 1.24998608398e-321
427.92 4.0513382959e-322
427.93 1.33397724377e-322
427.94 4.44659081257e-323
427.95 1.48219693752e-323
427.96 4.94065645841e-324
427.97 0.0
427.98 0.0
427.99 0.0
428.0 0.0
428.01 0.0
428.02 0.0
428.03 0.0
428.04 0.0
428.05 0.0
428.06 0.0
428.07 0.0
428.08 0.0
428.09 0.0
428.1 0.0
428.11 0.0
428.12 0.0
428.13 0.0
428.14 0.0
428.15 0.0
428.16 0.0
428.17 0.0
428.18 0.0
428.19 0.0
428.2 0.0
428.21 0.0
428.22 0.0
428.23 0.0
428.24 0.0
428.25 0.0
428.26 0.0
428.27 0.0
428.28 0.0
428.29 0.0
428.3 0.0
428.31 0.0
428.32 0.0
428.33 0.0
428.34 0.0
428.35 0.0
428.36 0.0
428.37 0.0
428.38 0.0
428.39 0.0
428.4 0.0
428.41 0.0
428.42 0.0
428.43 0.0
428.44 0.0
428.45 0.0
428.46 0.0
428.47 0.0
428.48 0.0
428.49 0.0
428.5 0.0
428.51 0.0
428.52 0.0
428.53 0.0
428.54 0.0
428.55 0.0
428.56 0.0
428.57 0.0
428.58 0.0
428.59 0.0
428.6 0.0
428.61 0.0
428.62 0.0
428.63 0.0
428.64 0.0
428.65 0.0
428.66 0.0
428.67 0.0
428.68 0.0
428.69 0.0
428.7 0.0
428.71 0.0
428.72 0.0
428.73 0.0
428.74 0.0
428.75 0.0
428.76 0.0
428.77 0.0
428.78 0.0
428.79 0.0
428.8 0.0
428.81 0.0
428.82 0.0
428.83 0.0
428.84 0.0
428.85 0.0
428.86 0.0
428.87 0.0
428.88 0.0
428.89 0.0
428.9 0.0
428.91 0.0
428.92 0.0
428.93 0.0
428.94 0.0
428.95 0.0
428.96 0.0
428.97 0.0
428.98 0.0
428.99 0.0
429.0 0.0
429.01 0.0
429.02 0.0
429.03 0.0
429.04 0.0
429.05 0.0
429.06 0.0
429.07 0.0
429.08 0.0
429.09 0.0
429.1 0.0
429.11 0.0
429.12 0.0
429.13 0.0
429.14 0.0
429.15 0.0
429.16 0.0
429.17 0.0
429.18 0.0
429.19 0.0
429.2 0.0
429.21 0.0
429.22 0.0
429.23 0.0
429.24 0.0
429.25 0.0
429.26 0.0
429.27 0.0
429.28 0.0
429.29 0.0
429.3 0.0
429.31 0.0
429.32 0.0
429.33 0.0
429.34 0.0
429.35 0.0
429.36 0.0
429.37 0.0
429.38 0.0
429.39 0.0
429.4 0.0
429.41 0.0
429.42 0.0
429.43 0.0
429.44 0.0
429.45 0.0
429.46 0.0
429.47 0.0
429.48 0.0
429.49 0.0
429.5 0.0
429.51 0.0
429.52 0.0
429.53 0.0
429.54 0.0
429.55 0.0
429.56 0.0
429.57 0.0
429.58 0.0
429.59 0.0
429.6 0.0
429.61 0.0
429.62 0.0
429.63 0.0
429.64 0.0
429.65 0.0
429.66 0.0
429.67 0.0
429.68 0.0
429.69 0.0
429.7 0.0
429.71 0.0
429.72 0.0
429.73 0.0
429.74 0.0
429.75 0.0
429.76 0.0
429.77 0.0
429.78 0.0
429.79 0.0
429.8 0.0
429.81 0.0
429.82 0.0
429.83 0.0
429.84 0.0
429.85 0.0
429.86 0.0
429.87 0.0
429.88 0.0
429.89 0.0
429.9 0.0
429.91 0.0
429.92 0.0
429.93 0.0
429.94 0.0
429.95 0.0
429.96 0.0
429.97 0.0
429.98 0.0
429.99 0.0
