400.0 9.23664960145e-58
400.01 1.47640872342e-57
400.02 2.35788407345e-57
400.03 3.76237437548e-57
400.04 5.9982598975e-57
400.05 9.5545945666e-57
400.06 1.52062791791e-56
400.07 2.41800596876e-56
400.08 3.84162960892e-56
400.09 6.09813906402e-56
400.1 9.67170118951e-56
400.11 1.53261167419e-55
400.12 2.42652684753e-55
400.13 3.83850211955e-55
400.14 6.06683496705e-55
400.15 9.58045841663e-55
400.16 1.51159035331e-54
400.17 2.38289905836e-54
400.18 3.75319295228e-54
400.19 5.90635914194e-54
400.2 9.28672365907e-54
400.21 1.45891136217e-53
400.22 2.28991310818e-53
400.23 3.5911439344e-53
400.24 5.62691472684e-53
400.25 8.80910056039e-53
400.26 1.37789623747e-52
400.27 2.15340230347e-52
400.28 3.3624632376e-52
400.29 5.24582295111e-52
400.3 8.176989224e-52
400.31 1.27349409187e-51
400.32 1.98163724407e-51
400.33 3.08088217925e-51
400.34 4.78574701009e-51
400.35 7.4275929574e-51
400.36 1.15178168239e-50
400.37 1.78449753114e-50
400.38 2.76239289324e-50
400.39 4.27246641145e-50
400.4 6.60230493358e-50
400.41 1.01938024478e-49
400.42 1.5725358659e-49
400.43 2.42375444529e-49
400.44 3.73250493179e-49
400.45 5.74296109704e-49
400.46 8.82866567085e-49
400.47 1.35605711012e-48
400.48 2.08106000033e-48
400.49 3.19091279878e-48
400.5 4.88842529441e-48
400.51 7.48250028046e-48
400.52 1.14432191035e-47
400.53 1.74853124659e-47
400.54 2.66945309536e-47
400.55 4.07187937027e-47
400.56 6.20570640725e-47
400.57 9.44955287385e-47
400.58 1.43765608248e-46
400.59 2.18535736159e-46
400.6 3.31904879349e-46
400.61 5.03649632345e-46
400.62 7.63602106857e-46
400.63 1.15672314954e-45
400.64 1.75071498465e-45
400.65 2.64743425091e-45
400.66 3.99998746124e-45
400.67 6.03831533563e-45
400.68 9.10744717571e-45
400.69 1.37246489618e-44
400.7 2.06647208033e-44
400.71 3.10871959939e-44
400.72 4.67258567335e-44
400.73 7.01708451595e-44
400.74 1.05288237105e-43
400.75 1.57843504031e-43
400.76 2.36427116332e-43
400.77 3.538274883e-43
400.78 5.29065650989e-43
400.79 7.90407906125e-43
400.8 1.17982256329e-42
400.81 1.75956709508e-42
400.82 2.62191542558e-42
400.83 3.9035094762e-42
400.84 5.80651443251e-42
400.85 8.62977542697e-42
400.86 1.28146630431e-41
400.87 1.90124725668e-41
400.88 2.8183421919e-41
400.89 4.17419330002e-41
400.9 6.17696447369e-41
400.91 9.13274565734e-41
400.92 1.34912234316e-40
400.93 1.99124647134e-40
400.94 2.93644868661e-40
400.95 4.32656791697e-40
400.96 6.36925075776e-40
400.97 9.36821570375e-40
400.98 1.37673111786e-39
400.99 2.02145970262e-39
401.0 2.96554664971e-39
401.01 4.34678484827e-39
401.02 6.36583300383e-39
401.03 9.31463949318e-39
401.04 1.36175999916e-38
401.05 1.98911003026e-38
401.06 2.9029580122e-38
401.07 4.23298192282e-38
401.08 6.1670260905e-38
401.09 8.97695132309e-38
401.1 1.30558654959e-37
401.11 1.8971696864e-37
401.12 2.75442149418e-37
401.13 3.99556622416e-37
401.14 5.79095220101e-37
401.15 8.38581620846e-37
401.16 1.2132894235e-36
401.17 1.75390956406e-36
401.18 2.53322457988e-36
401.19 3.65564405839e-36
401.2 5.2708156275e-36
401.21 7.59303600881e-36
401.22 1.09289089171e-35
401.23 1.57167181895e-35
401.24 2.25824282024e-35
401.25 3.2419261885e-35
401.26 4.65006817084e-35
401.27 6.6640650753e-35
401.28 9.54207556416e-35
401.29 1.36511797757e-34
401.3 1.95128736819e-34
401.31 2.78673705698e-34
401.32 3.97644028388e-34
401.33 5.66913304721e-34
401.34 8.07537216526e-34
401.35 1.14929669067e-33
401.36 1.63427628352e-33
401.37 2.32189466115e-33
401.38 3.29597007585e-33
401.39 4.67463514339e-33
401.4 6.62423745389e-33
401.41 9.37881083585e-33
401.42 1.32673251779e-32
401.43 1.87517879543e-32
401.44 2.64804710016e-32
401.45 3.73621999406e-32
401.46 5.26699477327e-32
401.47 7.41851616015e-32
401.48 1.04398658777e-31
401.49 1.46790011317e-31
401.5 2.06215735346e-31
401.51 2.89448171824e-31
401.52 4.05922881782e-31
401.53 5.68774304178e-31
401.54 7.96269562409e-31
401.55 1.11379169377e-30
401.56 1.55658036187e-30
401.57 2.17351595102e-30
401.58 3.03233954052e-30
401.59 4.22684710581e-30
401.6 5.88679565969e-30
401.61 8.19153131363e-30
401.62 1.13887207185e-29
401.63 1.58200737153e-29
401.64 2.1956634632e-29
401.65 3.04471579262e-29
401.66 4.21843592781e-29
401.67 5.83955652952e-29
401.68 8.07666350221e-29
401.69 1.11611211961e-28
401.7 1.54101679291e-28
401.71 2.12584027744e-28
401.72 2.93006735294e-28
401.73 4.03504412557e-28
401.74 5.55191343076e-28
401.75 7.63239424718e-28
401.76 1.04834111281e-27
401.77 1.43869307347e-27
401.78 1.97268344559e-27
401.79 2.70252898135e-27
401.8 3.69919335528e-27
401.81 5.05903189168e-27
401.82 6.91276056371e-27
401.83 9.43755127997e-27
401.84 1.28733283563e-26
401.85 1.75447054609e-26
401.86 2.38904884476e-26
401.87 3.25033174143e-26
401.88 4.41828840776e-26
401.89 6.00073082915e-26
401.9 8.14287829438e-26
401.91 1.10401621917e-25
401.92 1.49553532659e-25
401.93 2.02414495809e-25
401.94 2.73722349112e-25
401.95 3.69830409552e-25
401.96 4.99250709691e-25
401.97 6.73377306071e-25
401.98 9.07448471216e-25
401.99 1.22182549577e-24
402.0 1.64369072968e-24
402.01 2.20930024514e-24
402.02 2.96696954354e-24
402.03 3.98102723071e-24
402.04 5.33704568926e-24
402.05 7.14875487506e-24
402.06 9.56717247111e-24
402.07 1.27926498602e-23
402.08 1.7090750563e-23
402.09 2.28131612801e-23
402.1 3.04252053639e-23
402.11 4.05420101787e-23
402.12 5.39760066787e-23
402.13 7.17992546644e-23
402.14 9.54251460859e-23
402.15 1.26715413038e-22
402.16 1.68120148947e-22
402.17 2.22860859526e-22
402.18 2.95169546975e-22
402.19 3.90600692408e-22
402.2 5.16437989092e-22
402.21 6.82224114792e-22
402.22 9.00450127864e-22
402.23 1.18745175632e-21
402.24 1.56457359614e-21
402.25 2.05967990509e-21
402.26 2.70911336937e-21
402.27 3.56023232992e-21
402.28 4.67469426403e-21
402.29 6.13270108793e-21
402.3 8.03848295162e-21
402.31 1.05273752855e-20
402.32 1.37749435513e-20
402.33 1.80087373026e-20
402.34 2.35234171757e-20
402.35 3.0700204669e-20
402.36 4.00318668462e-20
402.37 5.21547813026e-20
402.38 6.78900496557e-20
402.39 8.82961640638e-20
402.4 1.14736410563e-19
402.41 1.48965052635e-19
402.42 1.9323742521e-19
402.43 2.50450441902e-19
402.44 3.24321750199e-19
402.45 4.19617952419e-19
402.46 5.42445059368e-19
402.47 7.00617802133e-19
402.48 9.04128773989e-19
402.49 1.16574383175e-18
402.5 1.50175703096e-18
402.51 1.93294694665e-18
402.52 2.4857869684e-18
402.53 3.19397558611e-18
402.54 4.1003694578e-18
402.55 5.25942298757e-18
402.56 6.74026424616e-18
402.57 8.63056958164e-18
402.58 1.10414397272e-17
402.59 1.41135305082e-17
402.6 1.80247537072e-17
402.61 2.29999411335e-17
402.62 2.93229609683e-17
402.63 3.73518943572e-17
402.64 4.75380272683e-17
402.65 6.04495943362e-17
402.66 7.68014356866e-17
402.67 9.7492004289e-17
402.68 1.23649502055e-16
402.69 1.56689342118e-16
402.7 1.98385650097e-16
402.71 2.50960150035e-16
402.72 3.17192557186e-16
402.73 4.00557551399e-16
402.74 5.05394569915e-16
402.75 6.37118083301e-16
402.76 8.02477759212e-16
402.77 1.00988004355e-15
402.78 1.2697852794e-15
402.79 1.5951976398e-15
402.8 2.00226899001e-15
402.81 2.5110424619e-15
402.82 3.14636718998e-15
402.83 3.939022532e-15
402.84 4.92709842565e-15
402.85 6.15768861396e-15
402.86 7.68896566154e-15
402.87 9.59272140705e-15
402.88 1.19574742628e-14
402.89 1.48922661856e-14
402.9 1.85312979246e-14
402.91 2.30395821649e-14
402.92 2.86198314422e-14
402.93 3.55208424251e-14
402.94 4.40476917776e-14
402.95 5.45741230268e-14
402.96 6.75575806838e-14
402.97 8.35574396758e-14
402.98 1.03257087748e-13
402.99 1.27490649196e-13
403.0 1.5727529397e-13
403.01 1.93850261474e-13
403.02 2.38723948541e-13
403.03 2.93730672561e-13
403.04 3.61099030775e-13
403.05 4.43534144115e-13
403.06 5.44316508699e-13
403.07 6.67420691933e-13
403.08 8.17657717003e-13
403.09 1.00084569513e-12
403.1 1.22401410818e-12
403.11 1.49564813635e-12
403.12 1.82598059222e-12
403.13 2.2273403916e-12
403.14 2.71456809817e-12
403.15 3.30551096032e-12
403.16 4.02161206038e-12
403.17 4.88861077016e-12
403.18 5.93737471089e-12
403.19 7.20488691957e-12
403.2 8.73541600421e-12
403.21 1.05819018185e-11
403.22 1.28075947031e-11
403.23 1.5487992744e-11
403.24 1.8713128923e-11
403.25 2.25902686289e-11
403.26 2.72470879416e-11
403.27 3.28354145846e-11
403.28 3.95356266883e-11
403.29 4.75618197801e-11
403.3 5.71678699831e-11
403.31 6.86545416126e-11
403.32 8.23778105481e-11
403.33 9.87586013556e-11
403.34 1.18294166593e-10
403.35 1.41571371574e-10
403.36 1.69282187655e-10
403.37 2.02241742539e-10
403.38 2.41409327806e-10
403.39 2.87912822787e-10
403.4 3.43077060792e-10
403.41 4.08456739689e-10
403.42 4.8587456489e-10
403.43 5.77465410309e-10
403.44 6.85727392992e-10
403.45 8.13580881546e-10
403.46 9.64436598723e-10
403.47 1.1422741364e-09
403.48 1.35173237875e-09
403.49 1.59821352864e-09
403.5 1.8880026558e-09
403.51 2.22840493548e-09
403.52 2.62790302582e-09
403.53 3.09633734449e-09
403.54 3.64511235295e-09
403.55 4.28743234387e-09
403.56 5.03857065775e-09
403.57 5.91617673178e-09
403.58 6.9406259132e-09
403.59 8.135417554e-09
403.6 9.52762754997e-09
403.61 1.11484221987e-08
403.62 1.30336410354e-08
403.63 1.52244571648e-08
403.64 1.77681245552e-08
403.65 2.07188227889e-08
403.66 2.41386108998e-08
403.67 2.80985031566e-08
403.68 3.26796809947e-08
403.69 3.79748567582e-08
403.7 4.40898064955e-08
403.71 5.1145090765e-08
403.72 5.92779842573e-08
403.73 6.86446370346e-08
403.74 7.94224923335e-08
403.75 9.18129881794e-08
403.76 1.06044572524e-07
403.77 1.2237606425e-07
403.78 1.41100395196e-07
403.79 1.62548771318e-07
403.8 1.87095294294e-07
403.81 2.15162088161e-07
403.82 2.47224979155e-07
403.83 2.83819780547e-07
403.84 3.25549238177e-07
403.85 3.73090696399e-07
403.86 4.27204548316e-07
403.87 4.88743538546e-07
403.88 5.58662991181e-07
403.89 6.38032040191e-07
403.9 7.28045944179e-07
403.91 8.30039572105e-07
403.92 9.45502151357e-07
403.93 1.07609337431e-06
403.94 1.22366096421e-06
403.95 1.39025980582e-06
403.96 1.57817275088e-06
403.97 1.78993321249e-06
403.98 2.02834966685e-06
403.99 2.29653218423e-06
404.0 2.59792111468e-06
404.01 2.93631805637e-06
404.02 3.31591923733e-06
404.03 3.7413514423e-06
404.04 4.21771061789e-06
404.05 4.75060328864e-06
404.06 5.34619091608e-06
404.07 6.01123733042e-06
404.08 6.75315936141e-06
404.09 7.58008079e-06
404.1 8.50088973664e-06
404.11 9.52529959394e-06
404.12 1.0663913602e-05
404.13 1.19282931536e-05
404.14 1.33310299023e-05
404.15 1.48858217321e-05
404.16 1.6607552628e-05
404.17 1.85123764678e-05
404.18 2.06178047318e-05
404.19 2.29427981027e-05
404.2 2.55078618974e-05
404.21 2.83351452457e-05
404.22 3.14485438919e-05
404.23 3.48738064624e-05
404.24 3.86386440018e-05
404.25 4.2772842535e-05
404.26 4.73083783707e-05
404.27 5.22795358108e-05
404.28 5.77230268789e-05
404.29 6.36781126292e-05
404.3 7.0186725537e-05
404.31 7.72935924178e-05
404.32 8.50463572565e-05
404.33 9.34957032683e-05
404.34 0.000102695473449
404.35 0.000112702788804
404.36 0.000123578163385
404.37 0.000135385615188
404.38 0.000148192771913
404.39 0.000162070970514
404.4 0.00017709534939
404.41 0.00019334493205
404.42 0.000210902700964
404.43 0.000229855660319
404.44 0.000250294886305
404.45 0.00027231556353
404.46 0.000296017006125
404.47 0.000321502662058
404.48 0.000348880099159
404.49 0.000378260971344
404.5 0.000409760963508
404.51 0.000443499713585
404.52 0.000479600710252
404.53 0.00051819116483
404.54 0.000559401855925
404.55 0.000603366945449
404.56 0.000650223764701
404.57 0.000700112569293
404.58 0.000753176261782
404.59 0.00080956008101
404.6 0.000869411257271
404.61 0.000932878632562
404.62 0.00100011224537
404.63 0.0010712628796
404.64 0.00114648157743
404.65 0.00122591911618
404.66 0.00130972544939
404.67 0.00139804911257
404.68 0.0014910365945
404.69 0.00158883167496
404.7 0.00169157473022
404.71 0.00179940200794
404.72 0.00191244487331
404.73 0.0020308290285
404.74 0.00215467370822
404.75 0.0022840908538
404.76 0.00241918426916
404.77 0.00256004876201
404.78 0.00270676927395
404.79 0.00285942000347
404.8 0.00301806352616
404.81 0.00318274991666
404.82 0.00335351587711
404.83 0.00353038387714
404.84 0.00371336131057
404.85 0.0039024396743
404.86 0.00409759377485
404.87 0.00429878096826
404.88 0.00450594043906
404.89 0.00471899252416
404.9 0.00493783808737
404.91 0.00516235795041
404.92 0.00539241238608
404.93 0.00562784067907
404.94 0.00586846076002
404.95 0.00611406891784
404.96 0.00636443959528
404.97 0.00661932527254
404.98 0.00687845644298
404.99 0.00714154168509
405.0 0.00740826783392
405.01 0.00767830025526
405.02 0.00795128322478
405.03 0.00822684041424
405.04 0.00850457548597
405.05 0.00878407279646
405.06 0.00906489820903
405.07 0.00934660001502
405.08 0.00962870996221
405.09 0.00991074438849
405.1 0.0101922054581
405.11 0.0104725824969
405.12 0.0107513534228
405.13 0.0110279862664
405.14 0.0113019407761
405.15 0.0115726701023
405.16 0.0118396225522
405.17 0.0121022434107
405.18 0.0123599768154
405.19 0.0126122676818
405.2 0.0128585636649
405.21 0.0130983171524
405.22 0.0133309872755
405.23 0.013556041931
405.24 0.0137729598009
405.25 0.0139812323617
405.26 0.0141803658714
405.27 0.0143698833232
405.28 0.0145493263572
405.29 0.0147182571166
405.3 0.0148762600413
405.31 0.0150229435867
405.32 0.0151579418584
405.33 0.0152809161542
405.34 0.0153915564043
405.35 0.0154895825012
405.36 0.0155747455116
405.37 0.0156468287642
405.38 0.0157056488063
405.39 0.0157510562241
405.4 0.0157829363225
405.41 0.0158012096595
405.42 0.0158058324344
405.43 0.0157967967251
405.44 0.0157741305765
405.45 0.0157378979375
405.46 0.0156881984489
405.47 0.0156251670832
405.48 0.0155489736403
405.49 0.0154598221013
405.5 0.0153579498454
405.51 0.0152436267362
405.52 0.0151171540826
405.53 0.014978863481
405.54 0.0148291155483
405.55 0.0146682985511
405.56 0.0144968269435
405.57 0.0143151398193
405.58 0.0141236992919
405.59 0.0139229888091
405.6 0.0137135114161
405.61 0.0134957879751
405.62 0.0132703553543
405.63 0.0130377645962
405.64 0.0127985790762
405.65 0.0125533726633
405.66 0.0123027278926
405.67 0.0120472341604
405.68 0.0117874859524
405.69 0.0115240811144
405.7 0.0112576191744
405.71 0.0109886997263
405.72 0.0107179208819
405.73 0.0104458777989
405.74 0.0101731612938
405.75 0.00990035654234
405.76 0.00962804187692
405.77 0.00935678768224
405.78 0.00908715539518
405.79 0.00881969661094
405.8 0.00855495229779
405.81 0.00829345212194
405.82 0.00803571388267
405.83 0.0077822430575
405.84 0.00753353245623
405.85 0.00729006198154
405.86 0.00705229849354
405.87 0.00682069577447
405.88 0.0065956945892
405.89 0.00637772283642
405.9 0.00616719578479
405.91 0.00596451638749
405.92 0.00577007566841
405.93 0.00558425317217
405.94 0.00540741747026
405.95 0.00523992671453
405.96 0.00508212922959
405.97 0.00493436413465
405.98 0.00479696198571
405.99 0.00467024542841
406.0 0.00455452985191
406.01 0.00445012403407
406.02 0.00435733076825
406.03 0.00427644746205
406.04 0.00420776669847
406.05 0.00415157675026
406.06 0.00410816203838
406.07 0.00407780352588
406.08 0.00406077903891
406.09 0.00405736350696
406.1 0.00406782911513
406.11 0.00409244536144
406.12 0.0041314790133
406.13 0.00418519395744
406.14 0.00425385093881
406.15 0.00433770718425
406.16 0.00443701590804
406.17 0.00455202569686
406.18 0.0046829797729
406.19 0.00483011513473
406.2 0.00499366157625
406.21 0.00517384058547
406.22 0.00537086412541
406.23 0.00558493330077
406.24 0.00581623691492
406.25 0.00606494992259
406.26 0.0063312317851
406.27 0.00661522473551
406.28 0.00691705196239
406.29 0.00723681572165
406.3 0.00757459538708
406.31 0.00793044545073
406.32 0.00830439348559
406.33 0.00869643808345
406.34 0.00910654678173
406.35 0.00953465399377
406.36 0.00998065895746
406.37 0.0104444237179
406.38 0.01092577116
406.39 0.0114244831074
406.4 0.0119402985036
406.41 0.0124729116935
406.42 0.0130219708199
406.43 0.0135870763535
406.44 0.0141677797713
406.45 0.0147635824003
406.46 0.0153739344419
406.47 0.0159982341912
406.48 0.0166358274667
406.49 0.0172860072631
406.5 0.0179480136393
406.51 0.018621033854
406.52 0.0193042027588
406.53 0.0199966034563
406.54 0.0206972682335
406.55 0.0214051797736
406.56 0.0221192726531
406.57 0.0228384351247
406.58 0.0235615111891
406.59 0.0242873029537
406.6 0.0250145732755
406.61 0.025742048685
406.62 0.0264684225831
406.63 0.0271923587038
406.64 0.0279124948325
406.65 0.0286274467673
406.66 0.02933581251
406.67 0.0300361766706
406.68 0.0307271150691
406.69 0.0314071995141
406.7 0.0320750027384
406.71 0.0327291034702
406.72 0.0333680916156
406.73 0.0339905735287
406.74 0.0345951773432
406.75 0.0351805583405
406.76 0.0357454043249
406.77 0.0362884409812
406.78 0.0368084371836
406.79 0.0373042102315
406.8 0.0377746309799
406.81 0.0382186288402
406.82 0.0386351966215
406.83 0.0390233951862
406.84 0.0393823578946
406.85 0.0397112948111
406.86 0.0400094966504
406.87 0.0402763384387
406.88 0.0405112828702
406.89 0.0407138833376
406.9 0.0408837866194
406.91 0.041020735208
406.92 0.041124569263
406.93 0.041195228179
406.94 0.0412327517563
406.95 0.0412372809673
406.96 0.0412090583137
406.97 0.0411484277683
406.98 0.0410558343036
406.99 0.0409318230049
407.0 0.0407770377744
407.01 0.0405922196282
407.02 0.0403782045968
407.03 0.0401359212373
407.04 0.0398663877678
407.05 0.0395707088406
407.06 0.0392500719652
407.07 0.0389057436019
407.08 0.0385390649411
407.09 0.0381514473904
407.1 0.0377443677887
407.11 0.0373193633704
407.12 0.0368780265014
407.13 0.0364219992121
407.14 0.0359529675499
407.15 0.0354726557767
407.16 0.0349828204373
407.17 0.0344852443211
407.18 0.0339817303449
407.19 0.0334740953806
407.2 0.0329641640516
407.21 0.0324537625235
407.22 0.0319447123124
407.23 0.0314388241331
407.24 0.0309378918107
407.25 0.0304436862764
407.26 0.0299579496684
407.27 0.0294823895586
407.28 0.0290186733219
407.29 0.0285684226683
407.3 0.0281332083526
407.31 0.0277145450797
407.32 0.0273138866173
407.33 0.0269326211323
407.34 0.0265720667625
407.35 0.0262334674349
407.36 0.025917988942
407.37 0.0256267152845
407.38 0.0253606452915
407.39 0.025120689523
407.4 0.0249076674642
407.41 0.0247223050167
407.42 0.0245652322915
407.43 0.0244369817101
407.44 0.0243379864156
407.45 0.0242685789988
407.46 0.0242289905407
407.47 0.0242193499748
407.48 0.0242396837686
407.49 0.0242899159268
407.5 0.0243698683164
407.51 0.0244792613118
407.52 0.0246177147608
407.53 0.0247847492687
407.54 0.0249797877989
407.55 0.0252021575875
407.56 0.0254510923672
407.57 0.0257257348979
407.58 0.0260251397981
407.59 0.0263482766722
407.6 0.0266940335258
407.61 0.0270612204639
407.62 0.0274485736618
407.63 0.0278547596007
407.64 0.0282783795575
407.65 0.028717974338
407.66 0.0291720292406
407.67 0.0296389792393
407.68 0.0301172143683
407.69 0.0306050852973
407.7 0.0311009090769
407.71 0.0316029750394
407.72 0.0321095508356
407.73 0.0326188885875
407.74 0.0331292311369
407.75 0.0336388183686
407.76 0.0341458935851
407.77 0.0346487099097
407.78 0.0351455366947
407.79 0.0356346659092
407.8 0.0361144184815
407.81 0.0365831505711
407.82 0.0370392597437
407.83 0.0374811910233
407.84 0.0379074427954
407.85 0.0383165725346
407.86 0.0387072023326
407.87 0.0390780241982
407.88 0.0394278051076
407.89 0.039755391779
407.9 0.0400597151483
407.91 0.040339794525
407.92 0.0405947414052
407.93 0.0408237629245
407.94 0.0410261649299
407.95 0.0412013546559
407.96 0.0413488429898
407.97 0.0414682463117
407.98 0.0415592878998
407.99 0.0416217988907
408.0 0.0416557187882
408.01 0.0416610955163
408.02 0.0416380850129
408.03 0.0415869503643
408.04 0.0415080604834
408.05 0.0414018883345
408.06 0.0412690087125
408.07 0.041110095585
408.08 0.0409259190079
408.09 0.0407173416295
408.1 0.0404853147961
408.11 0.040230874279
408.12 0.0399551356405
408.13 0.0396592892607
408.14 0.0393445950488
408.15 0.0390123768614
408.16 0.0386640166565
408.17 0.0383009484071
408.18 0.0379246518055
408.19 0.0375366457862
408.2 0.0371384818978
408.21 0.0367317375541
408.22 0.0363180091967
408.23 0.0358989053993
408.24 0.0354760399465
408.25 0.0350510249178
408.26 0.0346254638085
408.27 0.0342009447185
408.28 0.03377903364
408.29 0.0333612678727
408.3 0.0329491495974
408.31 0.0325441396342
408.32 0.0321476514136
408.33 0.0317610451864
408.34 0.0313856224958
408.35 0.0310226209364
408.36 0.0306732092206
408.37 0.0303384825729
408.38 0.0300194584714
408.39 0.0297170727512
408.4 0.0294321760867
408.41 0.0291655308652
408.42 0.0289178084629
408.43 0.0286895869323
408.44 0.0284813491105
408.45 0.0282934811505
408.46 0.0281262714837
408.47 0.0279799102104
408.48 0.0278544889225
408.49 0.0277500009536
408.5 0.0276663420538
408.51 0.0276033114827
408.52 0.0275606135143
408.53 0.0275378593434
408.54 0.0275345693824
408.55 0.0275501759377
408.56 0.0275840262487
408.57 0.0276353858769
408.58 0.0277034424247
408.59 0.0277873095687
408.6 0.0278860313846
408.61 0.0279985869455
408.62 0.0281238951697
408.63 0.0282608198954
408.64 0.0284081751595
408.65 0.0285647306533
408.66 0.0287292173327
408.67 0.0289003331543
408.68 0.029076748912
408.69 0.0292571141481
408.7 0.0294400631102
408.71 0.0296242207274
408.72 0.0298082085799
408.73 0.0299906508329
408.74 0.0301701801096
408.75 0.0303454432768
408.76 0.0305151071169
408.77 0.0306778638616
408.78 0.0308324365629
408.79 0.0309775842776
408.8 0.0311121070442
408.81 0.0312348506287
408.82 0.0313447110218
408.83 0.0314406386671
408.84 0.0315216424037
408.85 0.0315867931077
408.86 0.0316352270183
408.87 0.0316661487356
408.88 0.0316788338813
408.89 0.0316726314106
408.9 0.0316469655716
408.91 0.0316013375042
408.92 0.0315353264776
408.93 0.0314485907636
408.94 0.0313408681473
408.95 0.0312119760774
408.96 0.0310618114601
408.97 0.0308903501038
408.98 0.0306976458223
408.99 0.0304838292054
409.0 0.0302491060696
409.01 0.0299937556011
409.02 0.0297181282058
409.03 0.029422643082
409.04 0.0291077855327
409.05 0.0287741040363
409.06 0.0284222070939
409.07 0.0280527598747
409.08 0.0276664806787
409.09 0.0272641372391
409.1 0.0268465428859
409.11 0.0264145525939
409.12 0.0259690589349
409.13 0.0255109879597
409.14 0.0250412950296
409.15 0.0245609606202
409.16 0.0240709861199
409.17 0.0235723896426
409.18 0.0230662018759
409.19 0.0225534619851
409.2 0.0220352135893
409.21 0.0215125008309
409.22 0.0209863645517
409.23 0.020457838594
409.24 0.019927946239
409.25 0.0193976967965
409.26 0.0188680823583
409.27 0.0183400747242
409.28 0.0178146225106
409.29 0.0172926484494
409.3 0.0167750468829
409.31 0.0162626814603
409.32 0.0157563830378
409.33 0.015256947787
409.34 0.0147651355093
409.35 0.0142816681588
409.36 0.01380722857
409.37 0.0133424593885
409.38 0.0128879622008
409.39 0.0124442968581
409.4 0.0120119809889
409.41 0.0115914896931
409.42 0.0111832554106
409.43 0.010787667957
409.44 0.0104050747174
409.45 0.0100357809884
409.46 0.00968005046091
409.47 0.00933810583283
409.48 0.00901012954141
409.49 0.00869626460645
409.5 0.00839661557349
409.51 0.00811124954738
409.52 0.00784019730624
409.53 0.00758345448627
409.54 0.00734098282795
409.55 0.00711271147451
409.56 0.006898538314
409.57 0.00669833135665
409.58 0.00651193013955
409.59 0.00633914715134
409.6 0.00617976926997
409.61 0.00603355920717
409.62 0.00590025695378
409.63 0.00577958122069
409.64 0.00567123087053
409.65 0.00557488633603
409.66 0.00549021102129
409.67 0.00541685268274
409.68 0.00535444478725
409.69 0.00530260784499
409.7 0.00526095071547
409.71 0.00522907188522
409.72 0.00520656071617
409.73 0.00519299866423
409.74 0.00518796046746
409.75 0.00519101530399
409.76 0.00520172791966
409.77 0.00521965972588
409.78 0.00524436986798
409.79 0.00527541626481
409.8 0.00531235662013
409.81 0.00535474940656
409.82 0.00540215482265
409.83 0.0054541357239
409.84 0.00551025852809
409.85 0.00557009409571
409.86 0.00563321858559
409.87 0.0056992142862
409.88 0.00576767042269
409.89 0.00583818393955
409.9 0.00591036025879
409.91 0.00598381401316
409.92 0.00605816975393
409.93 0.00613306263244
409.94 0.00620813905448
409.95 0.00628305730656
409.96 0.00635748815263
409.97 0.00643111540012
409.98 0.00650363643362
409.99 0.00657476271476
410.0 0.00664422024647
410.01 0.00671175000005
410.02 0.00677710830315
410.03 0.00684006718693
410.04 0.00690041469074
410.05 0.00695795512243
410.06 0.00701250927283
410.07 0.00706391458273
410.08 0.00711202526108
410.09 0.00715671235305
410.1 0.00719786375691
410.11 0.00723538418899
410.12 0.00726919509581
410.13 0.00729923451326
410.14 0.00732545687257
410.15 0.00734783275321
410.16 0.00736634858321
410.17 0.00738100628766
410.18 0.00739182288639
410.19 0.00739883004228
410.2 0.00740207356186
410.21 0.0074016128502
410.22 0.00739752032243
410.23 0.00738988077453
410.24 0.0073787907163
410.25 0.00736435766963
410.26 0.00734669943571
410.27 0.00732594333462
410.28 0.00730222542148
410.29 0.00727568968301
410.3 0.00724648721899
410.31 0.00721477541288
410.32 0.00718071709618
410.33 0.00714447971107
410.34 0.00710623447601
410.35 0.00706615555887
410.36 0.00702441926218
410.37 0.00698120322512
410.38 0.00693668564656
410.39 0.00689104453351
410.4 0.00684445697905
410.41 0.00679709847377
410.42 0.00674914225423
410.43 0.006700758692
410.44 0.00665211472634
410.45 0.0066033733433
410.46 0.00655469310378
410.47 0.00650622772254
410.48 0.00645812569996
410.49 0.00641053000783
410.5 0.00636357783004
410.51 0.00631740035875
410.52 0.00627212264597
410.53 0.00622786351031
410.54 0.00618473549809
410.55 0.00614284489751
410.56 0.0061022918044
410.57 0.0060631702375
410.58 0.00602556830074
410.59 0.00598956839007
410.6 0.00595524744133
410.61 0.00592267721619
410.62 0.00589192462205
410.63 0.00586305206222
410.64 0.00583611781201
410.65 0.00581117641646
410.66 0.00578827910504
410.67 0.00576747421872
410.68 0.00574880764469
410.69 0.00573232325374
410.7 0.00571806333568
410.71 0.00570606902795
410.72 0.00569638073263
410.73 0.00568903851729
410.74 0.00568408249531
410.75 0.0056815531812
410.76 0.00568149181701
410.77 0.00568394066593
410.78 0.0056889432696
410.79 0.00569654466588
410.8 0.00570679156415
410.81 0.00571973247569
410.82 0.00573541779696
410.83 0.00575389984398
410.84 0.00577523283659
410.85 0.00579947283152
410.86 0.00582667760394
410.87 0.00585690647737
410.88 0.00589022010234
410.89 0.0059266801847
410.9 0.00596634916471
410.91 0.00600928984873
410.92 0.00605556499558
410.93 0.00610523685991
410.94 0.00615836669564
410.95 0.00621501422257
410.96 0.00627523705968
410.97 0.00633909012904
410.98 0.00640662503447
410.99 0.00647788941915
411.0 0.00655292630697
411.01 0.0066317734323
411.02 0.00671446256298
411.03 0.00680101882171
411.04 0.00689146001084
411.05 0.00698579594567
411.06 0.00708402780144
411.07 0.00718614747903
411.08 0.00729213699444
411.09 0.00740196789695
411.1 0.00751560072067
411.11 0.00763298447413
411.12 0.00775405617231
411.13 0.00787874041517
411.14 0.00800694901665
411.15 0.00813858068773
411.16 0.0082735207768
411.17 0.00841164107029
411.18 0.00855279965616
411.19 0.0086968408526
411.2 0.00884359520351
411.21 0.00899287954254
411.22 0.00914449712646
411.23 0.00929823783871
411.24 0.00945387846322
411.25 0.00961118302838
411.26 0.0097699032206
411.27 0.0099297788664
411.28 0.0100905384816
411.29 0.0102518998862
411.3 0.0104135708818
411.31 0.0105752499908
411.32 0.0107366272523
411.33 0.0108973850736
411.34 0.0110571991324
411.35 0.0112157393262
411.36 0.0113726707656
411.37 0.0115276548061
411.38 0.0116803501144
411.39 0.011830413765
411.4 0.0119775023613
411.41 0.0121212731764
411.42 0.0122613853092
411.43 0.0123975008496
411.44 0.0125292860481
411.45 0.0126564124848
411.46 0.0127785582312
411.47 0.0128954090009
411.48 0.0130066592837
411.49 0.0131120134572
411.5 0.0132111868713
411.51 0.0133039069012
411.52 0.013389913963
411.53 0.0134689624887
411.54 0.0135408218542
411.55 0.0136052772587
411.56 0.013662130549
411.57 0.0137112009868
411.58 0.0137523259546
411.59 0.0137853615976
411.6 0.0138101833981
411.61 0.0138266866809
411.62 0.0138347870459
411.63 0.0138344207284
411.64 0.0138255448826
411.65 0.0138081377902
411.66 0.0137821989905
411.67 0.0137477493335
411.68 0.0137048309555
411.69 0.0136535071765
411.7 0.0135938623208
411.71 0.0135260014625
411.72 0.0134500500955
411.73 0.013366153731
411.74 0.0132744774243
411.75 0.0131752052323
411.76 0.0130685396063
411.77 0.0129547007209
411.78 0.0128339257433
411.79 0.0127064680468
411.8 0.0125725963718
411.81 0.0124325939374
411.82 0.0122867575103
411.83 0.0121353964323
411.84 0.0119788316133
411.85 0.0118173944934
411.86 0.0116514259786
411.87 0.0114812753566
411.88 0.011307299195
411.89 0.0111298602296
411.9 0.010949326246
411.91 0.0107660689602
411.92 0.0105804629025
411.93 0.0103928843104
411.94 0.0102037100346
411.95 0.0100133164627
411.96 0.00982207846511
411.97 0.00963036836777
411.98 0.0094385549552
411.99 0.00924700250794
412.0 0.00905606987789
412.01 0.00886610960492
412.02 0.00867746707771
412.03 0.00849047974137
412.04 0.00830547635453
412.05 0.00812277629769
412.06 0.00794268893455
412.07 0.00776551302794
412.08 0.007591536211
412.09 0.00742103451454
412.1 0.00725427195079
412.11 0.00709150015343
412.12 0.00693295807361
412.13 0.00677887173113
412.14 0.00662945401982
412.15 0.00648490456562
412.16 0.00634540963572
412.17 0.00621114209689
412.18 0.00608226142053
412.19 0.00595891373229
412.2 0.00584123190318
412.21 0.00572933567964
412.22 0.00562333184919
412.23 0.0055233144387
412.24 0.00542936494173
412.25 0.00534155257168
412.26 0.00525993453723
412.27 0.00518455633655
412.28 0.00511545206678
412.29 0.00505264474537
412.3 0.00499614663983
412.31 0.00494595960257
412.32 0.00490207540775
412.33 0.00486447608692
412.34 0.00483313426075
412.35 0.0048080134641
412.36 0.00478906846199
412.37 0.00477624555425
412.38 0.0047694828669
412.39 0.00476871062863
412.4 0.00477385143091
412.41 0.00478482047062
412.42 0.00480152577456
412.43 0.00482386840514
412.44 0.00485174264727
412.45 0.00488503617645
412.46 0.00492363020865
412.47 0.00496739963258
412.48 0.00501621312551
412.49 0.00506993325391
412.5 0.00512841656051
412.51 0.00519151363963
412.52 0.0052590692028
412.53 0.00533092213696
412.54 0.00540690555773
412.55 0.00548684686027
412.56 0.00557056777046
412.57 0.00565788439935
412.58 0.00574860730352
412.59 0.00584254155453
412.6 0.00593948682018
412.61 0.00603923746056
412.62 0.00614158264166
412.63 0.00624630646931
412.64 0.00635318814595
412.65 0.00646200215272
412.66 0.00657251845913
412.67 0.0066845027622
412.68 0.00679771675696
412.69 0.0069119184397
412.7 0.00702686244523
412.71 0.00714230041896
412.72 0.00725798142442
412.73 0.00737365238632
412.74 0.00748905856905
412.75 0.00760394409007
412.76 0.00771805246719
412.77 0.00783112719864
412.78 0.00794291237409
412.79 0.00805315331461
412.8 0.00816159723935
412.81 0.00826799395599
412.82 0.00837209657203
412.83 0.00847366222346
412.84 0.00857245281729
412.85 0.00866823578377
412.86 0.00876078483438
412.87 0.00884988072111
412.88 0.00893531199239
412.89 0.00901687574124
412.9 0.00909437834059
412.91 0.00916763616115
412.92 0.0092364762668
412.93 0.00930073708276
412.94 0.00936026903175
412.95 0.00941493513338
412.96 0.00946461156228
412.97 0.0095091881606
412.98 0.00954856890073
412.99 0.0095826722943
413.0 0.00961143174394
413.01 0.0096347958344
413.02 0.00965272856026
413.03 0.00966520948752
413.04 0.00967223384705
413.05 0.00967381255816
413.06 0.00966997218106
413.07 0.00966075479734
413.08 0.0096462178183
413.09 0.00962643372113
413.1 0.00960148971376
413.11 0.00957148732945
413.12 0.0095365419527
413.13 0.00949678227871
413.14 0.0094523497089
413.15 0.00940339768541
413.16 0.00935009096826
413.17 0.00929260485871
413.18 0.00923112437335
413.19 0.00916584337329
413.2 0.00909696365337
413.21 0.00902469399669
413.22 0.00894924919965
413.23 0.00887084907336
413.24 0.00878971742703
413.25 0.00870608103926
413.26 0.00862016862333
413.27 0.00853220979233
413.28 0.00844243403027
413.29 0.00835106967508
413.3 0.00825834291928
413.31 0.00816447683414
413.32 0.00806969042288
413.33 0.00797419770805
413.34 0.00787820685836
413.35 0.00778191935965
413.36 0.00768552923438
413.37 0.00758922231386
413.38 0.00749317556683
413.39 0.00739755648777
413.4 0.00730252254774
413.41 0.00720822071033
413.42 0.0071147870146
413.43 0.00702234622648
413.44 0.00693101155993
413.45 0.00684088446816
413.46 0.00675205450518
413.47 0.00666459925733
413.48 0.00657858434392
413.49 0.00649406348571
413.5 0.00641107863968
413.51 0.00632966019781
413.52 0.00624982724752
413.53 0.00617158789087
413.54 0.00609493961932
413.55 0.00601986974055
413.56 0.0059463558536
413.57 0.00587436636826
413.58 0.00580386106444
413.59 0.00573479168715
413.6 0.00566710257255
413.61 0.00560073130024
413.62 0.00553560936725
413.63 0.00547166287878
413.64 0.00540881325096
413.65 0.00534697792091
413.66 0.00528607105935
413.67 0.00522600428121
413.68 0.00516668734979
413.69 0.00510802887008
413.7 0.00504993696728
413.71 0.00499231994651
413.72 0.00493508693001
413.73 0.00487814846855
413.74 0.00482141712375
413.75 0.00476480801864
413.76 0.00470823935365
413.77 0.00465163288608
413.78 0.00459491437092
413.79 0.00453801396146
413.8 0.00448086656844
413.81 0.00442341217684
413.82 0.0043655961195
413.83 0.00430736930747
413.84 0.00424868841685
413.85 0.00418951603268
413.86 0.00412982075013
413.87 0.00406957723414
413.88 0.00400876623836
413.89 0.00394737458488
413.9 0.00388539510627
413.91 0.00382282655164
413.92 0.00375967345874
413.93 0.00369594599409
413.94 0.00363165976356
413.95 0.00356683559548
413.96 0.00350149929903
413.97 0.00343568140022
413.98 0.00336941685811
413.99 0.00330274476383
414.0 0.00323570802517
414.01 0.00316835303908
414.02 0.00310072935486
414.03 0.00303288933057
414.04 0.00296488778495
414.05 0.00289678164742
414.06 0.00282862960841
414.07 0.00276049177211
414.08 0.00269242931388
414.09 0.0026245041441
414.1 0.00255677858041
414.11 0.00248931502992
414.12 0.00242217568294
414.13 0.00235542221963
414.14 0.00228911553074
414.15 0.00222331545351
414.16 0.00215808052369
414.17 0.00209346774439
414.18 0.00202953237232
414.19 0.00196632772196
414.2 0.00190390498795
414.21 0.00184231308578
414.22 0.00178159851098
414.23 0.00172180521659
414.24 0.00166297450879
414.25 0.00160514496031
414.26 0.00154835234133
414.27 0.00149262956722
414.28 0.00143800666265
414.29 0.00138451074136
414.3 0.00133216600091
414.31 0.00128099373156
414.32 0.00123101233853
414.33 0.00118223737681
414.34 0.00113468159746
414.35 0.00108835500474
414.36 0.00104326492295
414.37 0.000999416072127
414.38 0.000956810651706
414.39 0.000915448431185
414.4 0.000875326846904
414.41 0.000836441104067
414.42 0.000798784283146
414.43 0.000762347449838
414.44 0.000727119767785
414.45 0.000693088613295
414.46 0.000660239691355
414.47 0.000628557152248
414.48 0.000598023708142
414.49 0.000568620749074
414.5 0.000540328457762
414.51 0.000513125922769
414.52 0.000486991249546
414.53 0.000461901668958
414.54 0.000437833642927
414.55 0.000414762966862
414.56 0.000392664868614
414.57 0.000371514103701
414.58 0.000351285046622
414.59 0.00033195177808
414.6 0.000313488168009
414.61 0.000295867954291
414.62 0.000279064817121
414.63 0.000263052448974
414.64 0.000247804620173
414.65 0.000233295240082
414.66 0.000219498413953
414.67 0.000206388495495
414.68 0.000193940135249
414.69 0.000182128324854
414.7 0.000170928437315
414.71 0.000160316263398
414.72 0.000150268044281
414.73 0.000140760500596
414.74 0.00013177085801
414.75 0.000123276869499
414.76 0.000115256834473
414.77 0.00010768961489
414.78 0.000100554648552
414.79 9.38319597071e-05
414.8 8.75021671424e-05
414.81 8.1546489914e-05
414.82 7.59467508703e-05
414.83 7.06853781233e-05
414.84 6.57454046159e-05
414.85 6.11104659309e-05
414.86 5.67647964827e-05
414.87 5.26932242271e-05
414.88 4.8881164022e-05
414.89 4.53146097636e-05
414.9 4.19801254206e-05
414.91 3.88648350802e-05
414.92 3.59564121175e-05
414.93 3.32430675914e-05
414.94 3.07135379671e-05
414.95 2.83570722576e-05
414.96 2.61634186731e-05
414.97 2.41228108616e-05
414.98 2.22259538167e-05
414.99 2.04640095264e-05
415.0 1.88285824309e-05
415.01 1.73117047513e-05
415.02 1.59058217473e-05
415.03 1.4603776959e-05
415.04 1.33987974812e-05
415.05 1.22844793161e-05
415.06 1.12547728453e-05
415.07 1.03039684595e-05
415.08 9.42668237939e-06
415.09 8.61784269904e-06
415.1 7.87267567811e-06
415.11 7.18669230832e-06
415.12 6.55567517482e-06
415.13 5.97566563133e-06
415.14 5.44295130493e-06
415.15 4.95405394414e-06
415.16 4.50571762128e-06
415.17 4.09489729841e-06
415.18 3.71874776368e-06
415.19 3.37461294323e-06
415.2 3.06001559207e-06
415.21 2.77264736566e-06
415.22 2.51035927229e-06
415.23 2.27115250535e-06
415.24 2.05316965274e-06
415.25 1.8546862801e-06
415.26 1.67410288308e-06
415.27 1.50993720306e-06
415.28 1.36081689984e-06
415.29 1.22547257426e-06
415.3 1.10273113257e-06
415.31 9.91509484427e-07
415.32 8.90808565266e-07
415.33 7.99707673841e-07
415.34 7.17359115111e-07
415.35 6.42983138466e-07
415.36 5.75863161054e-07
415.37 5.15341265787e-07
415.38 4.60813963536e-07
415.39 4.11728208954e-07
415.4 3.67577659352e-07
415.41 3.2789916613e-07
415.42 2.9226948831e-07
415.43 2.60302217855e-07
415.44 2.31644906612e-07
415.45 2.05976384892e-07
415.46 1.83004261904e-07
415.47 1.62462598501e-07
415.48 1.44109742943e-07
415.49 1.27726320643e-07
415.5 1.13113369159e-07
415.51 1.00090609966e-07
415.52 8.84948488756e-08
415.53 7.81784972509e-08
415.54 6.90082064997e-08
415.55 6.08636086337e-08
415.56 5.36361560091e-08
415.57 4.72280536742e-08
415.58 4.15512780697e-08
415.59 3.65266761364e-08
415.6 3.20831391928e-08
415.61 2.81568462457e-08
415.62 2.46905716913e-08
415.63 2.16330526491e-08
415.64 1.8938411451e-08
415.65 1.65656290748e-08
415.66 1.44780655723e-08
415.67 1.26430237907e-08
415.68 1.10313529262e-08
415.69 9.61708867913e-09
415.7 8.37712699558e-09
415.71 7.29092859401e-09
415.72 6.34025166885e-09
415.73 5.50891035427e-09
415.74 4.78255670767e-09
415.75 4.14848414083e-09
415.76 3.59545038477e-09
415.77 3.11351822305e-09
415.78 2.69391236799e-09
415.79 2.32889098468e-09
415.8 2.01163049028e-09
415.81 1.73612236972e-09
415.82 1.49708085526e-09
415.83 1.28986041599e-09
415.84 1.11038209514e-09
415.85 9.55067817478e-10
415.86 8.20781868093e-10
415.87 7.04778815766e-10
415.88 6.04657221269e-10
415.89 5.1831853217e-10
415.9 4.43930622219e-10
415.91 3.79895485126e-10
415.92 3.24820639978e-10
415.93 2.7749384884e-10
415.94 2.36860786676e-10
415.95 2.02005339794e-10
415.96 1.72132241822e-10
415.97 1.46551786063e-10
415.98 1.24666380169e-10
415.99 1.05958733559e-10
416.0 8.99814902345e-11
416.01 7.63481396866e-11
416.02 6.47250566813e-11
416.03 5.48245370041e-11
416.04 4.63987109188e-11
416.05 3.92342292657e-11
416.06 3.31476289446e-11
416.07 2.79812951241e-11
416.08 2.35999469895e-11
416.09 1.98875823163e-11
416.1 1.67448237072e-11
416.11 1.40866160704e-11
416.12 1.18402309054e-11
416.13 9.94353829555e-12
416.14 8.34351223098e-12
416.15 6.99493908211e-12
416.16 5.85930275303e-12
416.17 4.90382332885e-12
416.18 4.1006289291e-12
416.19 3.42604303642e-12
416.2 2.85997182263e-12
416.21 2.38537797591e-12
416.22 1.98782927434e-12
416.23 1.65511167975e-12
416.24 1.37689806538e-12
416.25 1.144464864e-12
416.26 9.50449948697e-13
416.27 7.88645954558e-13
416.28 6.53824030756e-13
416.29 5.41583693401e-13
416.3 4.48225042099e-13
416.31 3.70640118072e-13
416.32 3.0622062881e-13
416.33 2.5277965194e-13
416.34 2.08485266733e-13
416.35 1.7180435223e-13
416.36 1.41455041912e-13
416.37 1.16366541542e-13
416.38 9.56452035364e-14
416.39 7.85459120835e-14
416.4 6.44479715238e-14
416.41 5.28348093779e-14
416.42 4.32769073717e-14
416.43 3.54174612353e-14
416.44 2.89603448942e-14
416.45 2.3660018685e-14
416.46 1.93130759088e-14
416.47 1.57511686957e-14
416.48 1.28350939272e-14
416.49 1.04498538243e-14
416.5 8.50053460506e-15
416.51 6.90887108389e-15
416.52 5.61038583922e-15
416.53 4.55200917705e-15
416.54 3.69010101477e-15
416.55 2.98880841179e-15
416.56 2.41870311985e-15
416.57 1.95565251038e-15
416.58 1.57988481077e-15
416.59 1.27521595959e-15
416.6 1.02841075605e-15
416.61 8.28655487586e-16
416.62 6.67123003282e-16
416.63 5.36614374176e-16
416.64 4.31263938756e-16
416.65 3.46296755651e-16
416.66 2.77829343829e-16
416.67 2.22706142196e-16
416.68 1.78365414483e-16
416.69 1.42729403382e-16
416.7 1.14114435085e-16
416.71 9.1157421318e-17
416.72 7.27558253827e-17
416.73 5.80186726817e-17
416.74 4.62266120691e-17
416.75 3.67993869888e-17
416.76 2.92693669498e-17
416.77 2.32600307988e-17
416.78 1.846849206e-17
416.79 1.46513205258e-17
416.8 1.16130492678e-17
416.81 9.1968673028e-18
416.82 7.27708941849e-18
416.83 5.75306961012e-18
416.84 4.54428603797e-18
416.85 3.58637577786e-18
416.86 2.82793885453e-18
416.87 2.22796475018e-18
416.88 1.75376210929e-18
416.89 1.37929482354e-18
416.9 1.08384599109e-18
416.91 8.50946155274e-19
416.92 6.67514356856e-19
416.93 5.23170391717e-19
416.94 4.09684667853e-19
416.95 3.20538545974e-19
416.96 2.50573306119e-19
416.97 1.9571013865e-19
416.98 1.52726999146e-19
416.99 1.19080946318e-19
417.0 9.27668250017e-20
417.01 7.22049643646e-20
417.02 5.61520175804e-20
417.03 4.36302406111e-20
417.04 3.38714492544e-20
417.05 2.62726495105e-20
417.06 2.0360942651e-20
417.07 1.57657922147e-20
417.08 1.21971290711e-20
417.09 9.42808171903e-21
417.1 7.2813674594e-21
417.11 5.61857840135e-21
417.12 4.33175438003e-21
417.13 3.33676081646e-21
417.14 2.56808977472e-21
417.15 1.97478214736e-21
417.16 1.51723217727e-21
417.17 1.16468572788e-21
417.18 8.93283506191e-22
417.19 6.84531952413e-22
417.2 5.24109435779e-22
417.21 4.00935094434e-22
417.22 3.0644320952e-22
417.23 2.3401827004e-22
417.24 1.78555550705e-22
417.25 1.36119633683e-22
417.26 1.03679288826e-22
417.27 7.89018281357e-23
417.28 5.99937400854e-23
417.29 4.55773028026e-23
417.3 3.4595141648e-23
417.31 2.62364705663e-23
417.32 1.98801434255e-23
417.33 1.50507248197e-23
417.34 1.13846351009e-23
417.35 8.60408337614e-24
417.36 6.49701542353e-24
417.37 4.90170279915e-24
417.38 3.69490980137e-24
417.39 2.78281600244e-24
417.4 2.094059061e-24
417.41 1.57440747053e-24
417.42 1.18268512952e-24
417.43 8.87656438804e-25
417.44 6.65647728156e-25
417.45 4.98732619004e-25
417.46 3.7334888999e-25
417.47 2.79245205175e-25
417.48 2.08679771605e-25
417.49 1.55811226694e-25
417.5 1.16236066623e-25
417.51 8.66376824565e-26
417.52 6.45203194554e-26
417.53 4.80075951513e-26
417.54 3.56900496449e-26
417.55 2.65099012336e-26
417.56 1.96740070626e-26
417.57 1.45881859507e-26
417.58 1.0807705723e-26
417.59 7.99999072185e-27
417.6 5.91655908876e-27
417.61 4.37192475232e-27
417.62 3.22775006847e-27
417.63 2.38095324251e-27
417.64 1.75479173661e-27
417.65 1.29218304895e-27
417.66 9.50706017277e-28
417.67 6.98863226482e-28
417.68 5.13288905567e-28
417.69 3.76665034673e-28
417.7 2.76167441954e-28
417.71 2.02308153842e-28
417.72 1.48073736464e-28
417.73 1.08284531491e-28
417.74 7.91185911772e-29
417.75 5.77583004296e-29
417.76 4.21283064632e-29
417.77 3.07013400324e-29
417.78 2.23544709753e-29
417.79 1.62627952856e-29
417.8 1.1820877771e-29
417.81 8.58475668482e-30
417.82 6.22916717262e-30
417.83 4.51601850684e-30
417.84 3.27118548431e-30
417.85 2.36743660216e-30
417.86 1.71188771269e-30
417.87 1.23678987331e-30
417.88 8.92771453167e-31
417.89 6.43885132769e-31
417.9 4.63981032816e-31
417.91 3.34053313765e-31
417.92 2.4030071766e-31
417.93 1.7271023599e-31
417.94 1.24023737012e-31
417.95 8.89846863538e-32
417.96 6.37895384584e-32
417.97 4.56885494836e-32
417.98 3.26955769217e-32
417.99 2.33773007201e-32
418.0 1.67002681917e-32
418.01 1.19199998744e-32
418.02 8.50066259977e-33
418.03 6.05693662456e-33
418.04 4.31198262692e-33
418.05 3.06707712687e-33
418.06 2.17969693562e-33
418.07 1.54771592576e-33
418.08 1.09801964517e-33
418.09 7.78310142712e-34
418.1 5.5121241468e-34
418.11 3.90039877224e-34
418.12 2.75754591081e-34
418.13 1.9478710923e-34
418.14 1.37474260647e-34
418.15 9.69407314609e-35
418.16 6.82990890464e-35
418.17 4.80780947609e-35
418.18 3.38145261389e-35
418.19 2.37620049004e-35
418.2 1.66834773029e-35
418.21 1.17034468406e-35
418.22 8.20284899708e-36
418.23 5.74432978237e-36
418.24 4.01918253479e-36
418.25 2.8096991092e-36
418.26 1.96248169456e-36
418.27 1.36954129691e-36
418.28 9.54923030245e-37
418.29 6.65250668416e-37
418.3 4.63047974165e-37
418.31 3.22025582245e-37
418.32 2.23757950953e-37
418.33 1.5534250174e-37
418.34 1.07752121614e-37
418.35 7.46766936909e-38
418.36 5.17092273718e-38
418.37 3.57745955095e-38
418.38 2.47289189589e-38
418.39 1.70788744653e-38
418.4 1.17852032564e-38
418.41 8.12528538024e-39
418.42 5.5971105551e-39
418.43 3.85223579587e-39
418.44 2.64902193863e-39
418.45 1.82004431661e-39
418.46 1.24940168055e-39
418.47 8.56931137723e-40
418.48 5.87237088495e-40
418.49 4.02072846636e-40
418.5 2.75055116156e-40
418.51 1.88000249215e-40
418.52 1.28386936829e-40
418.53 8.76005764552e-41
418.54 5.97195883537e-41
418.55 4.06771354317e-41
418.56 2.76826480841e-41
418.57 1.88229902183e-41
418.58 1.2787725808e-41
418.59 8.68004004939e-42
418.6 5.88672647044e-42
418.61 3.98886830763e-42
418.62 2.7005315421e-42
418.63 1.82672227305e-42
418.64 1.23458077003e-42
418.65 8.3366238402e-43
418.66 5.62450902308e-43
418.67 3.79142739325e-43
418.68 2.55355127659e-43
418.69 1.71834410169e-43
418.7 1.15531231747e-43
418.71 7.76090530662e-44
418.72 5.20893669049e-44
418.73 3.49308768189e-44
418.74 2.34041896713e-44
418.75 1.56675628103e-44
418.76 1.04793173712e-44
418.77 7.00306658822e-45
418.78 4.67592171763e-45
418.79 3.11939176398e-45
418.8 2.07920027527e-45
418.81 1.38467050136e-45
418.82 9.21340728354e-46
418.83 6.12516528914e-46
418.84 4.06854448607e-46
418.85 2.70012604842e-46
418.86 1.7904109338e-46
418.87 1.18616503337e-46
418.88 7.85165532883e-47
418.89 5.19279346083e-47
418.9 3.43134657302e-47
418.91 2.26543618854e-47
418.92 1.49438601876e-47
418.93 9.8491209516e-48
418.94 6.48568510744e-48
418.95 4.26715049846e-48
418.96 2.80507045974e-48
418.97 1.84235493515e-48
418.98 1.20900067261e-48
418.99 7.92690212527e-49
419.0 5.19283068438e-49
419.01 3.39882294775e-49
419.02 2.22267842644e-49
419.03 1.4522735897e-49
419.04 9.48077757514e-50
419.05 6.18391041062e-50
419.06 4.03001008792e-50
419.07 2.62405413444e-50
419.08 1.70711650106e-50
419.09 1.1096275811e-50
419.1 7.20634481569e-51
419.11 4.67602201686e-51
419.12 3.03152929071e-51
419.13 1.96367993724e-51
419.14 1.27087650263e-51
419.15 8.2178783853e-52
419.16 5.30933077004e-52
419.17 3.4272325046e-52
419.18 2.21040098983e-52
419.19 1.42436822708e-52
419.2 9.17058839281e-53
419.21 5.89923691438e-53
419.22 3.79156222001e-53
419.23 2.4348053609e-53
419.24 1.56219061401e-53
419.25 1.00144594347e-53
419.26 6.4142327072e-54
419.27 4.10473973078e-54
419.28 2.62452220042e-54
419.29 1.67663523668e-54
419.3 1.07016474657e-54
419.31 6.82474460919e-55
419.32 4.34856414505e-55
419.33 2.76840146173e-55
419.34 1.76090518305e-55
419.35 1.11909404904e-55
419.36 7.10592981294e-56
419.37 4.50815618151e-56
419.38 2.85759518854e-56
419.39 1.80978161135e-56
419.4 1.14518420406e-56
419.41 7.24016126267e-57
419.42 4.57345955328e-57
419.43 2.88645744041e-57
419.44 1.82015841054e-57
419.45 1.1467715968e-57
419.46 7.21885604605e-58
419.47 4.54028952423e-58
419.48 2.85313569141e-58
419.49 1.79136885043e-58
419.5 1.12375418534e-58
419.51 7.04338355426e-59
419.52 4.41077666492e-59
419.53 2.75976759072e-59
419.54 1.72525646991e-59
419.55 1.07760235507e-59
419.56 6.72491983355e-60
419.57 4.19314039639e-60
419.58 2.61225403546e-60
419.59 1.62597972624e-60
419.6 1.01120348174e-60
419.61 6.28326966185e-61
419.62 3.90082578e-61
419.63 2.41964204217e-61
419.64 1.49957918069e-61
419.65 9.28563044201e-62
419.66 5.74482892962e-62
419.67 3.55112957096e-62
419.68 2.19320713181e-62
419.69 1.35336983591e-62
419.7 8.34405289265e-63
419.71 5.13997866969e-63
419.72 3.16351062635e-63
419.73 1.94536452089e-63
419.74 1.19524351777e-63
419.75 7.33728714588e-64
419.76 4.50026767914e-64
419.77 2.75781348173e-64
419.78 1.68855474884e-64
419.79 1.03297334554e-64
419.8 6.31374149627e-65
419.81 3.85574399097e-65
419.82 2.35262819126e-65
419.83 1.43424094194e-65
419.84 8.73604067043e-66
419.85 5.31656210262e-66
419.86 3.23274052716e-66
419.87 1.96396849543e-66
419.88 1.19212528233e-66
419.89 7.22991169063e-67
419.9 4.38094498428e-67
419.91 2.65232243352e-67
419.92 1.6043848427e-67
419.93 9.69648867743e-68
419.94 5.85523259109e-68
419.95 3.53262486014e-68
419.96 2.1294850858e-68
419.97 1.28255322542e-68
419.98 7.71791345251e-69
419.99 4.6403220597e-69
420.0 2.78753324518e-69
420.01 1.67307611871e-69
420.02 1.00330980679e-69
420.03 6.0114346025e-70
420.04 3.59869391023e-70
420.05 2.15246155657e-70
420.06 1.28632174325e-70
420.07 7.68046528378e-71
420.08 4.58193751872e-71
420.09 2.73108053785e-71
420.1 1.62646066526e-71
420.11 9.67779312836e-72
420.12 5.75350926427e-72
420.13 3.41753531905e-72
420.14 2.02822867699e-72
420.15 1.20266463014e-72
420.16 7.12518050736e-73
420.17 4.21765367936e-73
420.18 2.49442053667e-73
420.19 1.47398187552e-73
420.2 8.70238565943e-74
420.21 5.13343681379e-74
420.22 3.02553254042e-74
420.23 1.78163669212e-74
420.24 1.04823867912e-74
420.25 6.16204585479e-75
420.26 3.61920666756e-75
420.27 2.12385837514e-75
420.28 1.24526400843e-75
420.29 7.29492835675e-76
420.3 4.26976859585e-76
420.31 2.496958698e-76
420.32 1.45895565403e-76
420.33 8.51719394263e-77
420.34 4.96792115044e-77
420.35 2.89518662904e-77
420.36 1.685784852e-77
420.37 9.80734475626e-78
420.38 5.7006509492e-78
420.39 3.31071022552e-78
420.4 1.92106297977e-78
420.41 1.11374495082e-78
420.42 6.45139459353e-79
420.43 3.73374948913e-79
420.44 2.15903885903e-79
420.45 1.24738194675e-79
420.46 7.20049183169e-80
420.47 4.15287235278e-80
420.48 2.39308825432e-80
420.49 1.37782024103e-80
420.5 7.92592791824e-81
420.51 4.55545109577e-81
420.52 2.61599175928e-81
420.53 1.50094599711e-81
420.54 8.60433824947e-82
420.55 4.92825981155e-82
420.56 2.82028779593e-82
420.57 1.61256404989e-82
420.58 9.21221852558e-83
420.59 5.2581770083e-83
420.6 2.99867835461e-83
420.61 1.70863099472e-83
420.62 9.72725695168e-84
420.63 5.5329431591e-84
420.64 3.1444575896e-84
420.65 1.78549643378e-84
420.66 1.01296851085e-84
420.67 5.74191310168e-85
420.68 3.25192857765e-85
420.69 1.84013249275e-85
420.7 1.04035342702e-85
420.71 5.87673926457e-86
420.72 3.31677228409e-86
420.73 1.87033155571e-86
420.74 1.05376861423e-86
420.75 5.93192470516e-87
420.76 3.33633547174e-87
420.77 1.87485423648e-87
420.78 1.05266217185e-87
420.79 5.90519491528e-88
420.8 3.3098108113e-88
420.81 1.8535137658e-88
420.82 1.03707979684e-88
420.83 5.79765334791e-89
420.84 3.23829215454e-89
420.85 1.80718878714e-89
420.86 1.0076616526e-89
420.87 5.61370584466e-90
420.88 3.12469969656e-90
420.89 1.73776333928e-90
420.9 9.65598737051e-91
420.91 5.36076117674e-91
420.92 2.97358216246e-91
420.93 1.64799973904e-91
420.94 9.12552894119e-92
420.95 5.04873606494e-92
420.96 2.79081469242e-92
420.97 1.5413563161e-92
420.98 8.50547954775e-93
420.99 4.68941075712e-93
421.0 2.58322038137e-93
421.01 1.42176675286e-93
421.02 7.81841938485e-94
421.03 4.29569346675e-94
421.04 2.3581494016e-94
421.05 1.29340061261e-94
421.06 7.08791532372e-95
421.07 3.88085745573e-95
421.08 2.12305172207e-95
421.09 1.1604252507e-95
421.1 6.33720095109e-96
421.11 3.4578129743e-96
421.12 1.88507759999e-96
421.13 1.02678774979e-96
421.14 5.58799278821e-97
421.15 3.03846828608e-97
421.16 1.65073473968e-97
421.17 8.96032138304e-98
421.18 4.85952247752e-98
421.19 2.63322103749e-98
421.2 1.42562318424e-98
421.21 7.71162487128e-99
421.22 4.16783726784e-99
421.23 2.25060523423e-99
421.24 1.21425977401e-99
421.25 6.54557199183e-100
421.26 3.52539116852e-100
421.27 1.89710222378e-100
421.28 1.01999458583e-100
421.29 5.47934583684e-101
421.3 2.94092040636e-101
421.31 1.57710838863e-101
421.32 8.45013262334e-102
421.33 4.52365234797e-102
421.34 2.41957244271e-102
421.35 1.29303937643e-102
421.36 6.90412401754e-103
421.37 3.68323246439e-103
421.38 1.96323997443e-103
421.39 1.04554170136e-103
421.4 5.56330721134e-104
421.41 2.95766129984e-104
421.42 1.57104110169e-104
421.43 8.3377787816e-105
421.44 4.42116681638e-105
421.45 2.34232496757e-105
421.46 1.23988414417e-105
421.47 6.55750721682e-106
421.48 3.46513501241e-106
421.49 1.82946985055e-106
421.5 9.65059444499e-107
421.51 5.08635403986e-107
421.52 2.67844553648e-107
421.53 1.40923287474e-107
421.54 7.4080929774e-108
421.55 3.89093338502e-108
421.56 2.04185491133e-108
421.57 1.07058135398e-108
421.58 5.60838970849e-109
421.59 2.93548864491e-109
421.6 1.53513416912e-109
421.61 8.02113792987e-110
421.62 4.18744719062e-110
421.63 2.18416988154e-110
421.64 1.13827500058e-110
421.65 5.92695587276e-111
421.66 3.08347124295e-111
421.67 1.60277228332e-111
421.68 8.32391155902e-112
421.69 4.31923469823e-112
421.7 2.23928753181e-112
421.71 1.15994295929e-112
421.72 6.0032594997e-113
421.73 3.10428304546e-113
421.74 1.6038332823e-113
421.75 8.27905643012e-114
421.76 4.26998329937e-114
421.77 2.20036750468e-114
421.78 1.1328906208e-114
421.79 5.82779749542e-115
421.8 2.99532972365e-115
421.81 1.53818485996e-115
421.82 7.89216472166e-116
421.83 4.04582843397e-116
421.84 2.072251659e-116
421.85 1.06047697166e-116
421.86 5.42230198254e-117
421.87 2.77006444e-117
421.88 1.41390345563e-117
421.89 7.21063234154e-118
421.9 3.67409736337e-118
421.91 1.87047402742e-118
421.92 9.51429068197e-119
421.93 4.83531600668e-119
421.94 2.45525735643e-119
421.95 1.24564099346e-119
421.96 6.31411483281e-120
421.97 3.19783294397e-120
421.98 1.61816491687e-120
421.99 8.18113393005e-121
422.0 4.13264343754e-121
422.01 2.08576839523e-121
422.02 1.05178734544e-121
422.03 5.29923906872e-122
422.04 2.66761282348e-122
422.05 1.34170115235e-122
422.06 6.74236875898e-123
422.07 3.38526696308e-123
422.08 1.69823214356e-123
422.09 8.51186845242e-124
422.1 4.262618466e-124
422.11 2.13280786394e-124
422.12 1.06622955648e-124
422.13 5.32565971539e-125
422.14 2.657784856e-125
422.15 1.32522598789e-125
422.16 6.60212553311e-126
422.17 3.28625548635e-126
422.18 1.63434065102e-126
422.19 8.1209634239e-127
422.2 4.03177454329e-127
422.21 1.999901632e-127
422.22 9.91162229093e-128
422.23 4.90800012539e-128
422.24 2.42822037591e-128
422.25 1.20031530992e-128
422.26 5.92824719478e-129
422.27 2.92537116247e-129
422.28 1.44231247499e-129
422.29 7.10495704026e-130
422.3 3.49693262831e-130
422.31 1.71963702325e-130
422.32 8.44909164377e-131
422.33 4.14769647177e-131
422.34 2.03435914818e-131
422.35 9.96946832154e-132
422.36 4.88135149918e-132
422.37 2.38798656019e-132
422.38 1.16720566634e-132
422.39 5.70015425798e-133
422.4 2.78131093173e-133
422.41 1.35592662704e-133
422.42 6.60460042759e-134
422.43 3.21425715892e-134
422.44 1.56292595671e-134
422.45 7.5931136537e-135
422.46 3.6857435101e-135
422.47 1.78753284735e-135
422.48 8.66177035095e-136
422.49 4.19356145379e-136
422.5 2.02853764099e-136
422.51 9.80407990891e-137
422.52 4.73428421388e-137
422.53 2.28415474623e-137
422.54 1.10108394987e-137
422.55 5.30321279369e-138
422.56 2.55200421781e-138
422.57 1.2270081134e-138
422.58 5.89436728227e-139
422.59 2.82911541586e-139
422.6 1.35671257167e-139
422.61 6.50052968632e-140
422.62 3.1119553352e-140
422.63 1.48847545232e-140
422.64 7.11334235024e-141
422.65 3.39648309641e-141
422.66 1.62035031056e-141
422.67 7.72346332029e-142
422.68 3.67823076498e-142
422.69 1.75020761553e-142
422.7 8.32077691367e-143
422.71 3.95240918692e-143
422.72 1.87578748632e-143
422.73 8.89465445451e-144
422.74 4.21403598813e-144
422.75 1.9947621173e-144
422.76 9.43425685587e-145
422.77 4.45808138819e-145
422.78 2.10480565579e-145
422.79 9.92886769868e-146
422.8 4.67962613778e-146
422.81 2.20366870818e-146
422.82 1.03682429246e-146
422.83 4.87402481291e-147
422.84 2.2892542021e-147
422.85 1.07429614374e-147
422.86 5.03706698211e-148
422.87 2.35969106377e-148
422.88 1.1044759973e-148
422.89 5.16512848082e-149
422.9 2.41340211064e-149
422.91 1.12668356688e-149
422.92 5.25530522074e-150
422.93 2.44916272524e-150
422.94 1.14041008809e-150
422.95 5.30552264162e-151
422.96 2.46614726398e-151
422.97 1.14533769259e-151
422.98 5.31461504642e-152
422.99 2.46396074539e-152
423.0 1.14135164456e-152
423.01 5.28237058361e-153
423.02 2.44265411966e-153
423.03 1.12854478179e-153
423.04 5.20953945274e-154
423.05 2.40272229497e-154
423.06 1.10721392122e-154
423.07 5.09780488941e-155
423.08 2.34508502758e-155
423.09 1.07784842335e-155
423.1 4.94971849673e-156
423.11 2.27105170597e-156
423.12 1.04111153076e-156
423.13 4.76860339259e-157
423.14 2.18227191172e-157
423.15 9.97815474297e-158
423.16 4.55843030558e-158
423.17 2.08067436343e-158
423.18 9.48891651336e-159
423.19 4.32367306734e-159
423.2 1.96839739671e-159
423.21 8.9535740331e-160
423.22 4.06915083374e-160
423.23 1.84771447201e-160
423.24 8.38281042586e-161
423.25 3.79986477587e-161
423.26 1.72095831636e-161
423.27 7.78746796845e-162
423.28 3.52083690515e-162
423.29 1.59044719612e-162
423.3 7.17821255821e-163
423.31 3.23695816354e-163
423.32 1.45841650585e-163
423.33 6.56522731736e-164
423.34 2.95285198097e-164
423.35 1.32695837392e-164
423.36 5.95794697872e-165
423.37 2.67275826409e-165
423.38 1.19797137417e-165
423.39 5.36484171064e-166
423.4 2.40044133842e-166
423.41 1.07312174274e-166
423.42 4.79325577142e-167
423.43 2.1391238306e-167
423.44 9.53816784491e-168
423.45 4.24930307535e-168
423.46 1.8914469596e-168
423.47 8.41190461229e-169
423.48 3.73781862669e-169
423.49 1.65945630311e-169
423.5 7.36100530372e-170
423.51 3.26236202231e-170
423.52 1.44461089996e-170
423.53 6.39136079773e-171
423.54 2.82526698284e-171
423.55 1.24781259896e-171
423.56 5.5063390706e-172
423.57 2.42772923469e-172
423.58 1.06945190344e-172
423.59 4.70701930993e-173
423.6 2.06992406942e-173
423.61 9.09466196862e-174
423.62 3.99247698675e-174
423.63 1.75114453719e-174
423.64 7.67406155375e-175
423.65 3.36010056424e-175
423.66 1.46995143066e-175
423.67 6.42506325203e-176
423.68 2.805921664e-176
423.69 1.22432689383e-176
423.7 5.3375622015e-177
423.71 2.32494252615e-177
423.72 1.01182453501e-177
423.73 4.39968823678e-178
423.74 1.91144723127e-178
423.75 8.2971021192e-179
423.76 3.59844003641e-179
423.77 1.55928613555e-179
423.78 6.75089070795e-180
423.79 2.92025011298e-180
423.8 1.26212606051e-180
423.81 5.45015848718e-181
423.82 2.35146891095e-181
423.83 1.01366176081e-181
423.84 4.36586797467e-182
423.85 1.87876233805e-182
423.86 8.07786899266e-183
423.87 3.47012786589e-183
423.88 1.48942233669e-183
423.89 6.38725066131e-184
423.9 2.73674144891e-184
423.91 1.17159441336e-184
423.92 5.01123220379e-185
423.93 2.1415857791e-185
423.94 9.14429302036e-186
423.95 3.90111278645e-186
423.96 1.66284049157e-186
423.97 7.08168147375e-187
423.98 3.0133244722e-187
423.99 1.2810884657e-187
424.0 5.44171829879e-188
424.01 2.30949328218e-188
424.02 9.79311970793e-189
424.03 4.14905446243e-189
424.04 1.75630897453e-189
424.05 7.42807735788e-190
424.06 3.13888661328e-190
424.07 1.32525225016e-190
424.08 5.59042963124e-191
424.09 2.35621834321e-191
424.1 9.92223691619e-192
424.11 4.17472012058e-192
424.12 1.75496657772e-192
424.13 7.37112960649e-193
424.14 3.09330652323e-193
424.15 1.29698687106e-193
424.16 5.43340295823e-194
424.17 2.27421731811e-194
424.18 9.51077094445e-195
424.19 3.97395728632e-195
424.2 1.65903053651e-195
424.21 6.92005071569e-196
424.22 2.88395106733e-196
424.23 1.20085400227e-196
424.24 4.99592885192e-197
424.25 2.07666284346e-197
424.26 8.62460973749e-198
424.27 3.57879337698e-198
424.28 1.48373899231e-198
424.29 6.14613517302e-199
424.3 2.54372651871e-199
424.31 1.05187089909e-199
424.32 4.34588445254e-200
424.33 1.79398010627e-200
424.34 7.39913213074e-201
424.35 3.04907182885e-201
424.36 1.25538877327e-201
424.37 5.16431278448e-202
424.38 2.12261167276e-202
424.39 8.71670344277e-203
424.4 3.57649568902e-203
424.41 1.46617852287e-203
424.42 6.00536921894e-204
424.43 2.45762879171e-204
424.44 1.00488548092e-204
424.45 4.10525906739e-205
424.46 1.67566916933e-205
424.47 6.83375967541e-206
424.48 2.78454882249e-206
424.49 1.13363614507e-206
424.5 4.61122426797e-207
424.51 1.87405579806e-207
424.52 7.6097870291e-208
424.53 3.08735237315e-208
424.54 1.25147912667e-208
424.55 5.06856164819e-209
424.56 2.05101845577e-209
424.57 8.2923593882e-210
424.58 3.34973442288e-210
424.59 1.35196780263e-210
424.6 5.45187681168e-211
424.61 2.19659217344e-211
424.62 8.84253000333e-212
424.63 3.55653727535e-212
424.64 1.42922926428e-212
424.65 5.73852327952e-213
424.66 2.30208899129e-213
424.67 9.22715425059e-214
424.68 3.69519333616e-214
424.69 1.47853041818e-214
424.7 5.91081101633e-215
424.71 2.36095438774e-215
424.72 9.42218944706e-216
424.73 3.75698775777e-216
424.74 1.49675749034e-216
424.75 5.95781224897e-217
424.76 2.36944099576e-217
424.77 9.41518149145e-218
424.78 3.73796479182e-218
424.79 1.48274145275e-218
424.8 5.87650844423e-219
424.81 2.32700337073e-219
424.82 9.20658087807e-220
424.83 3.63934682743e-220
424.84 1.43738209566e-220
424.85 5.67211109903e-221
424.86 2.23635600055e-221
424.87 8.80969477619e-222
424.88 3.46740441089e-222
424.89 1.36355244104e-222
424.9 5.35750895417e-223
424.91 2.10318598183e-223
424.92 8.24928226038e-224
424.93 3.23279645892e-224
424.94 1.26579761231e-224
424.95 4.95192313717e-225
424.96 1.9355626383e-225
424.97 7.55899883398e-226
424.98 2.94947716894e-226
424.99 1.14987203414e-226
425.0 4.47896529264e-227
425.01 1.74312926837e-227
425.02 6.77805682503e-228
425.03 2.63332540157e-228
425.04 1.02218043452e-228
425.05 3.96437119455e-229
425.06 1.53618942918e-229
425.07 5.94756155189e-230
425.08 2.30068325063e-230
425.09 8.89197900772e-231
425.1 3.43371099584e-231
425.11 1.32480745162e-231
425.12 5.10699576495e-232
425.13 1.96698906564e-232
425.14 7.56941133536e-233
425.15 2.91035508399e-233
425.16 1.11803027714e-233
425.17 4.29126033882e-234
425.18 1.64565909113e-234
425.19 6.30548644374e-235
425.2 2.41390976656e-235
425.21 9.2330923604e-236
425.22 3.52855621256e-236
425.23 1.34731955605e-236
425.24 5.14005657397e-237
425.25 1.95924567681e-237
425.26 7.4616282449e-238
425.27 2.83923951588e-238
425.28 1.07942921054e-238
425.29 4.10024695219e-239
425.3 1.55614325644e-239
425.31 5.90082653723e-240
425.32 2.23562951076e-240
425.33 8.4627309112e-241
425.34 3.20069979831e-241
425.35 1.20949218233e-241
425.36 4.56651513331e-242
425.37 1.72262382446e-242
425.38 6.49261588523e-243
425.39 2.44496520613e-243
425.4 9.19918533823e-244
425.41 3.45819729645e-244
425.42 1.29889449926e-244
425.43 4.87440601188e-245
425.44 1.82765086545e-245
425.45 6.84681328396e-246
425.46 2.56275709938e-246
425.47 9.58407312075e-247
425.48 3.58110045822e-247
425.49 1.33692363887e-247
425.5 4.98678234274e-248
425.51 1.85848019024e-248
425.52 6.92020837881e-249
425.53 2.57456653695e-249
425.54 9.57001857914e-250
425.55 3.55422693808e-250
425.56 1.31886772328e-250
425.57 4.88968675546e-251
425.58 1.81127565069e-251
425.59 6.70365680049e-252
425.6 2.47892112146e-252
425.61 9.15877428545e-253
425.62 3.38092640202e-253
425.63 1.24697512507e-253
425.64 4.59519108793e-254
425.65 1.69189370372e-254
425.66 6.2239527217e-255
425.67 2.2876164366e-255
425.68 8.40086187317e-256
425.69 3.08239429649e-256
425.7 1.12999430112e-256
425.71 4.13892947692e-257
425.72 1.51468914254e-257
425.73 5.53837949479e-258
425.74 2.02332487818e-258
425.75 7.38536977751e-259
425.76 2.69341069752e-259
425.77 9.81423898113e-260
425.78 3.57301130155e-260
425.79 1.29967828631e-260
425.8 4.72346877896e-261
425.81 1.71518096194e-261
425.82 6.22275293555e-262
425.83 2.25568723434e-262
425.84 8.1695647197e-263
425.85 2.95626026456e-263
425.86 1.06883367144e-263
425.87 3.86101332381e-264
425.88 1.39352956218e-264
425.89 5.02521658738e-265
425.9 1.81057740183e-265
425.91 6.5178313522e-266
425.92 2.34429820438e-266
425.93 8.42454206912e-267
425.94 3.0248473609e-267
425.95 1.08513641487e-267
425.96 3.88945654486e-268
425.97 1.39289128827e-268
425.98 4.98389900509e-269
425.99 1.78174257053e-269
426.0 6.36420840119e-270
426.01 2.27126360102e-270
426.02 8.09868303586e-271
426.03 2.88526013662e-271
426.04 1.02702085234e-271
426.05 3.6525591693e-272
426.06 1.29789324162e-272
426.07 4.60791431274e-273
426.08 1.63453238811e-273
426.09 5.793038023e-274
426.1 2.05136499368e-274
426.11 7.25777020678e-275
426.12 2.56558967786e-275
426.13 9.06139157389e-276
426.14 3.19761600639e-276
426.15 1.12740883215e-276
426.16 3.97155214301e-277
426.17 1.3978572311e-277
426.18 4.91574197009e-278
426.19 1.7271857731e-278
426.2 6.06335139622e-279
426.21 2.12671912562e-279
426.22 7.45300217206e-280
426.23 2.60961278501e-280
426.24 9.12944985432e-281
426.25 3.19107385778e-281
426.26 1.11443005803e-281
426.27 3.88859300708e-282
426.28 1.3556759042e-282
426.29 4.72218476358e-283
426.3 1.64343974867e-283
426.31 5.71463254747e-284
426.32 1.98539327512e-284
426.33 6.89173381772e-285
426.34 2.39019952812e-285
426.35 8.28253977166e-286
426.36 2.86758708766e-286
426.37 9.91958298133e-287
426.38 3.42841925848e-287
426.39 1.18390853012e-287
426.4 4.08475568496e-288
426.41 1.40811373459e-288
426.42 4.84990348181e-289
426.43 1.66898398545e-289
426.44 5.73845467444e-290
426.45 1.97133963794e-290
426.46 6.76630648545e-291
426.47 2.32041459987e-291
426.48 7.95066080164e-292
426.49 2.72185242282e-292
426.5 9.30999902644e-293
426.51 3.18169400254e-293
426.52 1.08640284833e-293
426.53 3.70635568278e-294
426.54 1.26335966045e-294
426.55 4.30259659671e-295
426.56 1.46405693339e-295
426.57 4.97747416353e-296
426.58 1.69076705033e-296
426.59 5.7382867865e-297
426.6 1.94582794312e-297
426.61 6.59250297732e-298
426.62 2.23161846341e-298
426.63 7.54767636224e-299
426.64 2.55052923572e-299
426.65 8.61134630795e-300
426.66 2.90492896006e-300
426.67 9.79092423839e-301
426.68 3.29712624528e-301
426.69 1.1093566095e-301
426.7 3.72932718148e-302
426.71 1.25260318149e-302
426.72 4.20358899897e-303
426.73 1.40945331582e-303
426.74 4.72177030985e-304
426.75 1.58045716947e-304
426.76 5.28547858195e-305
426.77 1.76607692489e-305
426.78 5.89601564957e-306
426.79 1.96666935909e-306
426.8 6.55432221656e-307
426.81 2.18246826199e-307
426.82 7.26092244837e-308
426.83 2.41356707178e-308
426.84 8.01586987638e-309
426.85 2.65990213161e-309
426.86 8.81869594261e-310
426.87 2.92123700111e-310
426.88 9.66836259144e-311
426.89 3.19714827617e-311
426.9 1.05632203605e-311
426.91 3.48701337926e-312
426.92 1.15009734316e-312
426.93 3.79000077838e-313
426.94 1.2478653069e-313
426.95 4.10506307624e-314
426.96 1.34926007956e-314
426.97 4.43093337819e-315
426.98 1.45384625513e-315
426.99 4.76612529869e-316
427.0 1.56111947786e-316
427.01 5.10893669958e-317
427.02 1.67050857624e-317
427.03 5.45745900528e-318
427.04 1.78137838936e-318
427.05 5.80956970975e-319
427.06 1.89301252204e-319
427.07 6.16297486622e-320
427.08 2.00491839082e-320
427.09 6.51672586865e-321
427.1 2.1146009642e-321
427.11 6.86751247719e-322
427.12 2.22329540629e-322
427.13 7.41098468762e-323
427.14 2.47032822921e-323
427.15 9.88131291682e-324
427.16 0.0
427.17 0.0
427.18 0.0
427.19 0.0
427.2 0.0
427.21 0.0
427.22 0.0
427.23 0.0
427.24 0.0
427.25 0.0
427.26 0.0
427.27 0.0
427.28 0.0
427.29 0.0
427.3 0.0
427.31 0.0
427.32 0.0
427.33 0.0
427.34 0.0
427.35 0.0
427.36 0.0
427.37 0.0
427.38 0.0
427.39 0.0
427.4 0.0
427.41 0.0
427.42 0.0
427.43 0.0
427.44 0.0
427.45 0.0
427.46 0.0
427.47 0.0
427.48 0.0
427.49 0.0
427.5 0.0
427.51 0.0
427.52 0.0
427.53 0.0
427.54 0.0
427.55 0.0
427.56 0.0
427.57 0.0
427.58 0.0
427.59 0.0
427.6 0.0
427.61 0.0
427.62 0.0
427.63 0.0
427.64 0.0
427.65 0.0
427.66 0.0
427.67 0.0
427.68 0.0
427.69 0.0
427.7 0.0
427.71 0.0
427.72 0.0
427.73 0.0
427.74 0.0
427.75 0.0
427.76 0.0
427.77 0.0
427.78 0.0
427.79 0.0
427.8 0.0
427.81 0.0
427.82 0.0
427.83 0.0
427.84 0.0
427.85 0.0
427.86 0.0
427.87 0.0
427.88 0.0
427.89 0.0
427.9 0.0
427.91 0.0
427.92 0.0
427.93 0.0
427.94 0.0
427.95 0.0
427.96 0.0
427.97 0.0
427.98 0.0
427.99 0.0
428.0 0.0
428.01 0.0
428.02 0.0
428.03 0.0
428.04 0.0
428.05 0.0
428.06 0.0
428.07 0.0
428.08 0.0
428.09 0.0
428.1 0.0
428.11 0.0
428.12 0.0
428.13 0.0
428.14 0.0
428.15 0.0
428.16 0.0
428.17 0.0
428.18 0.0
428.19 0.0
428.2 0.0
428.21 0.0
428.22 0.0
428.23 0.0
428.24 0.0
428.25 0.0
428.26 0.0
428.27 0.0
428.28 0.0
428.29 0.0
428.3 0.0
428.31 0.0
428.32 0.0
428.33 0.0
428.34 0.0
428.35 0.0
428.36 0.0
428.37 0.0
428.38 0.0
428.39 0.0
428.4 0.0
428.41 0.0
428.42 0.0
428.43 0.0
428.44 0.0
428.45 0.0
428.46 0.0
428.47 0.0
428.48 0.0
428.49 0.0
428.5 0.0
428.51 0.0
428.52 0.0
428.53 0.0
428.54 0.0
428.55 0.0
428.56 0.0
428.57 0.0
428.58 0.0
428.59 0.0
428.6 0.0
428.61 0.0
428.62 0.0
428.63 0.0
428.64 0.0
428.65 0.0
428.66 0.0
428.67 0.0
428.68 0.0
428.69 0.0
428.7 0.0
428.71 0.0
428.72 0.0
428.73 0.0
428.74 0.0
428.75 0.0
428.76 0.0
428.77 0.0
428.78 0.0
428.79 0.0
428.8 0.0
428.81 0.0
428.82 0.0
428.83 0.0
428.84 0.0
428.85 0.0
428.86 0.0
428.87 0.0
428.88 0.0
428.89 0.0
428.9 0.0
428.91 0.0
428.92 0.0
428.93 0.0
428.94 0.0
428.95 0.0
428.96 0.0
428.97 0.0
428.98 0.0
428.99 0.0
429.0 0.0
429.01 0.0
429.02 0.0
429.03 0.0
429.04 0.0
429.05 0.0
429.06 0.0
429.07 0.0
429.08 0.0
429.09 0.0
429.1 0.0
429.11 0.0
429.12 0.0
429.13 0.0
429.14 0.0
429.15 0.0
429.16 0.0
429.17 0.0
429.18 0.0
429.19 0.0
429.2 0.0
429.21 0.0
429.22 0.0
429.23 0.0
429.24 0.0
429.25 0.0
429.26 0.0
429.27 0.0
429.28 0.0
429.29 0.0
429.3 0.0
429.31 0.0
429.32 0.0
429.33 0.0
429.34 0.0
429.35 0.0
429.36 0.0
429.37 0.0
429.38 0.0
429.39 0.0
429.4 0.0
429.41 0.0
429.42 0.0
429.43 0.0
429.44 0.0
429.45 0.0
429.46 0.0
429.47 0.0
429.48 0.0
429.49 0.0
429.5 0.0
429.51 0.0
429.52 0.0
429.53 0.0
429.54 0.0
429.55 0.0
429.56 0.0
429.57 0.0
429.58 0.0
429.59 0.0
429.6 0.0
429.61 0.0
429.62 0.0
429.63 0.0
429.64 0.0
429.65 0.0
429.66 0.0
429.67 0.0
429.68 0.0
429.69 0.0
429.7 0.0
429.71 0.0
429.72 0.0
429.73 0.0
429.74 0.0
429.75 0.0
429.76 0.0
429.77 0.0
429.78 0.0
429.79 0.0
429.8 0.0
429.81 0.0
429.82 0.0
429.83 0.0
429.84 0.0
429.85 0.0
429.86 0.0
429.87 0.0
429.88 0.0
429.89 0.0
429.9 0.0
429.91 0.0
429.92 0.0
429.93 0.0
429.94 0.0
429.95 0.0
429.96 0.0
429.97 0.0
429.98 0.0
429.99 0.0
