400.0 3.04947010601e-74
400.01 5.19216450132e-74
400.02 8.83275571348e-74
400.03 1.50130077107e-73
400.04 2.54954633074e-73
400.05 4.32595324968e-73
400.06 7.33372207485e-73
400.07 1.24219788605e-72
400.08 2.10223293932e-72
400.09 3.55463162126e-72
400.1 6.00526360476e-72
400.11 1.0136622289e-71
400.12 1.70953566221e-71
400.13 2.88062535027e-71
400.14 4.84974723514e-71
400.15 8.15783923425e-71
400.16 1.37105505183e-70
400.17 2.30228114452e-70
400.18 3.86265155318e-70
400.19 6.47495002677e-70
400.2 1.08445371733e-69
400.21 1.81471878638e-69
400.22 3.0341102739e-69
400.23 5.06847255783e-69
400.24 8.45953614441e-69
400.25 1.41071639534e-68
400.26 2.35048015953e-68
400.27 3.9128858462e-68
400.28 6.50820881815e-68
400.29 1.08155719904e-67
400.3 1.79581344332e-67
400.31 2.97917940309e-67
400.32 4.93805369145e-67
400.33 8.17784116464e-67
400.34 1.35314783526e-66
400.35 2.23704919899e-66
400.36 3.69512842095e-66
400.37 6.09827844201e-66
400.38 1.00556158989e-65
400.39 1.65666163299e-65
400.4 2.7269844747e-65
400.41 4.48492545476e-65
400.42 7.36972877334e-65
400.43 1.20996133775e-64
400.44 1.9847928849e-64
400.45 3.25298909887e-64
400.46 5.32689006392e-64
400.47 8.71542505021e-64
400.48 1.42471213517e-63
400.49 2.32696251344e-63
400.5 3.79730396756e-63
400.51 6.19134566623e-63
400.52 1.00859881283e-62
400.53 1.6416310817e-62
400.54 2.66966269136e-62
400.55 4.33771416661e-62
400.56 7.04188911027e-62
400.57 1.14219734272e-61
400.58 1.8510443381e-61
400.59 2.99720335542e-61
400.6 4.84885627321e-61
400.61 7.83765467774e-61
400.62 1.26577539968e-60
400.63 2.04244744112e-60
400.64 3.29282644259e-60
400.65 5.30408535502e-60
400.66 8.53642207834e-60
400.67 1.37266629196e-59
400.68 2.2053512501e-59
400.69 3.54008984117e-59
400.7 5.67772704258e-59
400.71 9.09826220231e-59
400.72 1.45668651464e-58
400.73 2.33022288647e-58
400.74 3.72436759747e-58
400.75 5.94745723913e-58
400.76 9.48929240804e-58
400.77 1.51272520479e-57
400.78 2.40940589896e-57
400.79 3.83427809069e-57
400.8 6.09650534907e-57
400.81 9.68505347321e-57
400.82 1.53725813196e-56
400.83 2.43789663449e-56
400.84 3.86284684107e-56
400.85 6.11537935491e-56
400.86 9.67304100957e-56
400.87 1.52871443952e-55
400.88 2.41386745274e-55
400.89 3.80823888092e-55
400.9 6.00286614006e-55
400.91 9.45402720599e-55
400.92 1.4876430889e-54
400.93 2.33886073397e-54
400.94 3.67395378569e-54
400.95 5.76616051474e-54
400.96 9.04197868922e-54
400.97 1.4166544916e-53
400.98 2.21762505266e-53
400.99 3.46845455047e-53
401.0 5.42010386946e-53
401.01 8.46258264761e-53
401.02 1.32014595533e-52
401.03 2.05761770541e-52
401.04 3.20428502106e-52
401.05 4.98564444746e-52
401.06 7.75059742627e-52
401.07 1.20385108533e-51
401.08 1.86824603829e-51
401.09 2.89680381555e-51
401.1 4.48774126428e-51
401.11 6.9464073745e-51
401.12 1.07427730364e-50
401.13 1.65995480694e-50
401.14 2.56271222546e-50
401.15 3.95300286951e-50
401.16 6.09225581274e-50
401.17 9.38108011534e-50
401.18 1.44328225251e-49
401.19 2.21857140047e-49
401.2 3.40736973534e-49
401.21 5.22864101785e-49
401.22 8.0164502554e-49
401.23 1.22800204747e-48
401.24 1.87948901761e-48
401.25 2.8741154303e-48
401.26 4.39129216345e-48
401.27 6.70353948355e-48
401.28 1.02244445308e-47
401.29 1.55811312929e-47
401.3 2.37236748779e-47
401.31 3.60901471304e-47
401.32 5.48553580423e-47
401.33 8.3305402686e-47
401.34 1.26401141079e-46
401.35 1.91625161345e-46
401.36 2.90253713657e-46
401.37 4.39265150055e-46
401.38 6.64200847728e-46
401.39 1.00345017856e-45
401.4 1.51466264932e-45
401.41 2.28433466427e-45
401.42 3.44212990674e-45
401.43 5.18225161684e-45
401.44 7.79531101564e-45
401.45 1.17158043719e-44
401.46 1.75927806501e-44
401.47 2.63949337896e-44
401.48 3.95667499614e-44
401.49 5.92603063924e-44
401.5 8.86790678037e-44
401.51 1.32587340142e-43
401.52 1.98064530961e-43
401.53 2.95620858532e-43
401.54 4.40846249644e-43
401.55 6.5684506244e-43
401.56 9.77827937321e-43
401.57 1.45440599278e-42
401.58 2.16138723379e-42
401.59 3.20924757058e-42
401.6 4.76099332675e-42
401.61 7.05692719439e-42
401.62 1.0450989551e-41
401.63 1.54640378027e-41
401.64 2.28618886062e-41
401.65 3.37695301767e-41
401.66 4.98381192786e-41
401.67 7.34889401937e-41
401.68 1.08269476277e-40
401.69 1.59372652266e-40
401.7 2.34393345022e-40
401.71 3.44429599026e-40
401.72 5.05684180636e-40
401.73 7.41791721062e-40
401.74 1.08719715858e-39
401.75 1.59205602961e-39
401.76 2.32933578997e-39
401.77 3.40509759432e-39
401.78 4.97336965953e-39
401.79 7.25764347063e-39
401.8 1.05819140948e-38
401.81 1.54154620277e-38
401.82 2.24374021809e-38
401.83 3.26296422189e-38
401.84 4.74106340661e-38
401.85 6.88276478236e-38
401.86 9.98329270572e-38
401.87 1.44679964625e-37
401.88 2.09491639542e-37
401.89 3.03074020312e-37
401.9 4.38081019128e-37
401.91 6.32679665117e-37
401.92 9.12929052208e-37
401.93 1.31617577229e-36
401.94 1.89589581981e-36
401.95 2.72859298548e-36
401.96 3.9236183788e-36
401.97 5.63713550524e-36
401.98 8.0919632426e-36
401.99 1.1605745444e-35
402.0 1.66309053742e-35
402.01 2.38112643691e-35
402.02 3.40622030687e-35
402.03 4.86840526155e-35
402.04 6.95223469977e-35
402.05 9.91940995423e-35
402.06 1.41407018753e-34
402.07 2.01409432437e-34
402.08 2.86623871304e-34
402.09 4.07538480567e-34
402.1 5.78960052283e-34
402.11 8.21773795055e-34
402.12 1.16541254889e-33
402.13 1.65131834099e-33
402.14 2.33779072628e-33
402.15 3.30677138589e-33
402.16 4.67332971737e-33
402.17 6.59891276684e-33
402.18 9.30983672145e-33
402.19 1.31230702511e-32
402.2 1.84821527684e-32
402.21 2.6007186386e-32
402.22 3.65643533413e-32
402.23 5.13624979091e-32
402.24 7.20871886331e-32
402.25 1.01086638069e-31
402.26 1.41629306973e-31
402.27 1.98260510244e-31
402.28 2.7729562752e-31
402.29 3.87501632121e-31
402.3 5.41037992599e-31
402.31 7.54754485282e-31
402.32 1.05197968854e-30
402.33 1.46498345226e-30
402.34 2.03836426106e-30
402.35 2.83370466879e-30
402.36 3.93596373015e-30
402.37 5.46224659111e-30
402.38 7.57382435873e-30
402.39 1.04925940076e-29
402.4 1.4523598049e-29
402.41 2.00858070107e-29
402.42 2.77541584037e-29
402.43 3.83169164696e-29
402.44 5.28538653929e-29
402.45 7.2842806315e-29
402.46 1.00304471969e-28
402.47 1.37999539005e-28
402.48 1.89696224702e-28
402.49 2.6053342713e-28
402.5 3.57513074986e-28
402.51 4.90167056018e-28
402.52 6.71459806897e-28
402.53 9.19008727748e-28
402.54 1.25673283745e-27
402.55 1.71707791611e-27
402.56 2.34401698774e-27
402.57 3.19709263084e-27
402.58 4.35685791093e-27
402.59 5.9321931944e-27
402.6 8.07013664766e-27
402.61 1.09690799813e-26
402.62 1.4896465336e-26
402.63 2.02124970737e-26
402.64 2.74018839202e-26
402.65 3.71162923597e-26
402.66 5.02310740182e-26
402.67 6.79209972578e-26
402.68 9.17612574064e-26
402.69 1.23862080576e-25
402.7 1.67047929867e-25
402.71 2.2509587571e-25
402.72 3.03052373685e-25
402.73 4.07653856078e-25
402.74 5.47884648694e-25
402.75 7.35716374031e-25
402.76 9.87086981291e-25
402.77 1.32319587645e-24
402.78 1.77221564463e-24
402.79 2.37155229579e-24
402.8 3.17082707681e-24
402.81 4.23580660203e-24
402.82 5.65357815483e-24
402.83 7.53935841855e-24
402.84 1.00454429677e-23
402.85 1.3372958816e-23
402.86 1.77872838027e-23
402.87 2.36382583169e-23
402.88 3.13866544879e-23
402.89 4.163880829e-23
402.9 5.5191890305e-23
402.91 7.30930288394e-23
402.92 9.67164530507e-23
402.93 1.27864055754e-22
402.94 1.68896365165e-22
402.95 2.22902963792e-22
402.96 2.9392403121e-22
402.97 3.87238081915e-22
402.98 5.09735332208e-22
402.99 6.70401731883e-22
403.0 8.80945882338e-22
403.01 1.15661027158e-21
403.02 1.51722004651e-21
403.03 1.98853762272e-21
403.04 2.60401070084e-21
403.05 3.40702585634e-21
403.06 4.45381123961e-21
403.07 5.81717189021e-21
403.08 7.59129204104e-21
403.09 9.897903475e-21
403.1 1.28942011719e-20
403.11 1.67829917708e-20
403.12 2.18256925958e-20
403.13 2.83589664647e-20
403.14 3.68159894197e-20
403.15 4.77536164037e-20
403.16 6.18870482199e-20
403.17 8.01340299391e-20
403.18 1.03671148891e-19
403.19 1.34005477759e-19
403.2 1.73065660402e-19
403.21 2.23317608801e-19
403.22 2.87911323845e-19
403.23 3.7086703864e-19
403.24 4.77310995455e-19
403.25 6.13773811515e-19
403.26 7.88567695109e-19
403.27 1.01226290371e-18
403.28 1.29828899006e-18
403.29 1.66369280797e-18
403.3 2.13009325293e-18
403.31 2.72488266977e-18
403.32 3.48273723708e-18
403.33 4.44751400618e-18
403.34 5.67463133687e-18
403.35 7.23405309703e-18
403.36 9.21402623947e-18
403.37 1.17257575398e-17
403.38 1.49092599652e-17
403.39 1.89406542987e-17
403.4 2.40412796429e-17
403.41 3.04890501894e-17
403.42 3.86325987005e-17
403.43 4.89088738338e-17
403.44 6.18650140064e-17
403.45 7.81855113202e-17
403.46 9.87259129225e-17
403.47 1.24554593449e-16
403.48 1.57004482287e-16
403.49 1.97737057107e-16
403.5 2.48821437048e-16
403.51 3.12832045336e-16
403.52 3.9296908608e-16
403.53 4.93207022915e-16
403.54 6.1847739309e-16
403.55 7.74893681903e-16
403.56 9.70027669793e-16
403.57 1.21324870878e-15
403.58 1.5161398593e-15
403.59 1.89300780984e-15
403.6 2.3615071151e-15
403.61 2.94340364696e-15
403.62 3.66550740648e-15
403.63 4.56081116966e-15
403.64 5.66987904654e-15
403.65 7.04253817138e-15
403.66 8.7399377087e-15
403.67 1.08370525072e-14
403.68 1.34257244776e-14
403.69 1.66183536044e-14
403.7 2.05523730077e-14
403.71 2.53956693337e-14
403.72 3.13531417871e-14
403.73 3.86746312687e-14
403.74 4.7664496477e-14
403.75 5.86931677808e-14
403.76 7.22110737189e-14
403.77 8.87654109337e-14
403.78 1.09020318323e-13
403.79 1.33781122647e-13
403.8 1.64023448675e-13
403.81 2.00928135496e-13
403.82 2.45923075857e-13
403.83 3.00733301745e-13
403.84 3.67440882328e-13
403.85 4.48556485787e-13
403.86 5.4710479172e-13
403.87 6.66726333775e-13
403.88 8.11798812543e-13
403.89 9.8758145733e-13
403.9 1.20038664493e-12
403.91 1.45778371827e-12
403.92 1.76884080468e-12
403.93 2.14441143119e-12
403.94 2.59747389514e-12
403.95 3.14353269697e-12
403.96 3.80109290729e-12
403.97 4.59222015443e-12
403.98 5.54320101965e-12
403.99 6.68532105561e-12
404.0 8.05578045018e-12
404.01 9.69877059342e-12
404.02 1.16667385356e-11
404.03 1.40218706154e-11
404.04 1.68378314708e-11
404.05 2.0201800307e-11
404.06 2.42168527908e-11
404.07 2.90047443736e-11
404.08 3.4709159349e-11
404.09 4.14994996669e-11
404.1 4.9575298601e-11
404.11 5.91713569968e-11
404.12 7.05637141857e-11
404.13 8.40765819791e-11
404.14 1.00090388676e-10
404.15 1.1905110102e-10
404.16 1.41481015794e-10
404.17 1.67991239618e-10
404.18 1.99296105826e-10
404.19 2.36229811475e-10
404.2 2.79765596038e-10
404.21 3.31037826558e-10
404.22 3.91367402619e-10
404.23 4.62290948909e-10
404.24 5.45594324088e-10
404.25 6.43351042746e-10
404.26 7.57966283276e-10
404.27 8.92227239163e-10
404.28 1.04936066546e-09
404.29 1.23309857689e-09
404.3 1.44775317032e-09
404.31 1.69830217279e-09
404.32 1.99048595878e-09
404.33 2.33091793738e-09
404.34 2.72720988322e-09
404.35 3.18811407544e-09
404.36 3.72368431846e-09
404.37 4.34545814767e-09
404.38 5.06666277455e-09
404.39 5.90244760015e-09
404.4 6.87014642548e-09
404.41 7.98957281326e-09
404.42 9.28335240976e-09
404.43 1.07772964197e-08
404.44 1.25008208427e-08
404.45 1.44874165293e-08
404.46 1.67751755976e-08
404.47 1.94073802732e-08
404.48 2.24331607719e-08
404.49 2.59082294437e-08
404.5 2.98956990334e-08
404.51 3.44669935937e-08
404.52 3.97028613084e-08
404.53 4.56944992469e-08
404.54 5.25448008802e-08
404.55 6.03697380401e-08
404.56 6.92998898926e-08
404.57 7.94821324347e-08
404.58 9.10815029954e-08
404.59 1.04283255232e-07
404.6 1.19295121162e-07
404.61 1.3634979784e-07
404.62 1.55707677403e-07
404.63 1.77659840317e-07
404.64 2.02531332813e-07
404.65 2.30684750622e-07
404.66 2.62524152301e-07
404.67 2.98499326524e-07
404.68 3.39110438875e-07
404.69 3.84913084723e-07
404.7 4.36523775798e-07
404.71 4.94625889061e-07
404.72 5.59976107336e-07
404.73 6.33411381965e-07
404.74 7.15856448423e-07
404.75 8.08331926358e-07
404.76 9.11963035888e-07
404.77 1.02798896217e-06
404.78 1.15777290028e-06
404.79 1.302812812e-06
404.8 1.46475292595e-06
404.81 1.64539601112e-06
404.82 1.8467164533e-06
404.83 2.07087416186e-06
404.84 2.32022933279e-06
404.85 2.59735809145e-06
404.86 2.90506903559e-06
404.87 3.24642069601e-06
404.88 3.62473992857e-06
404.89 4.04364124653e-06
404.9 4.50704709769e-06
404.91 5.01920908481e-06
404.92 5.5847301221e-06
404.93 6.20858751314e-06
404.94 6.89615692865e-06
404.95 7.65323725378e-06
404.96 8.48607626602e-06
404.97 9.40139709501e-06
404.98 1.04064254053e-05
404.99 1.15089172317e-05
405.0 1.27171873859e-05
405.01 1.40401383394e-05
405.02 1.5487289476e-05
405.03 1.70688065921e-05
405.04 1.87955315112e-05
405.05 2.067901166e-05
405.06 2.27315294438e-05
405.07 2.49661312384e-05
405.08 2.73966558041e-05
405.09 3.00377619076e-05
405.1 3.29049549254e-05
405.11 3.60146121838e-05
405.12 3.93840067764e-05
405.13 4.30313295836e-05
405.14 4.69757092054e-05
405.15 5.12372295039e-05
405.16 5.58369444386e-05
405.17 6.07968898664e-05
405.18 6.61400919665e-05
405.19 7.1890571942e-05
405.2 7.8073346643e-05
405.21 8.47144247473e-05
405.22 9.18407981361e-05
405.23 9.9480428096e-05
405.24 0.000107662225984
405.25 0.000116416027992
405.26 0.000125772563663
405.27 0.000135763417802
405.28 0.000146420985469
405.29 0.00015777841973
405.3 0.000169869571865
405.31 0.000182728923791
405.32 0.000196391512429
405.33 0.000210892845828
405.34 0.000226268810866
405.35 0.000242555572393
405.36 0.000259789463737
405.37 0.000278006868523
405.38 0.000297244093819
405.39 0.000317537234684
405.4 0.000338922030226
405.41 0.000361433711372
405.42 0.000385106840602
405.43 0.000409975143948
405.44 0.000436071335674
405.45 0.000463426936079
405.46 0.00049207208296
405.47 0.000522035337352
405.48 0.000553343484215
405.49 0.000586021328836
405.5 0.000620091489764
405.51 0.000655574189195
405.52 0.000692487041764
405.53 0.000730844842793
405.54 0.000770659357092
405.55 0.00081193910948
405.56 0.000854689178244
405.57 0.00089891099279
405.58 0.000944602136813
405.59 0.000991756158323
405.6 0.00104036238789
405.61 0.00109040576653
405.62 0.00114186668458
405.63 0.0011947208331
405.64 0.00124893906895
405.65 0.00130448729529
405.66 0.00136132635847
405.67 0.00141941196289
405.68 0.00147869460507
405.69 0.00153911952793
405.7 0.00160062669673
405.71 0.00166315079744
405.72 0.00172662125864
405.73 0.00179096229784
405.74 0.00185609299284
405.75 0.00192192737883
405.76 0.00198837457175
405.77 0.00205533891817
405.78 0.00212272017197
405.79 0.0021904136979
405.8 0.00225831070181
405.81 0.00232629848737
405.82 0.00239426073893
405.83 0.00246207782973
405.84 0.0025296271549
405.85 0.00259678348827
405.86 0.00266341936184
405.87 0.00272940546688
405.88 0.00279461107496
405.89 0.00285890447778
405.9 0.00292215344377
405.91 0.00298422568987
405.92 0.00304498936661
405.93 0.00310431355435
405.94 0.00316206876865
405.95 0.00321812747263
405.96 0.00327236459404
405.97 0.00332465804476
405.98 0.00337488924043
405.99 0.00342294361789
406.0 0.00346871114815
406.01 0.00351208684253
406.02 0.00355297124979
406.03 0.00359127094202
406.04 0.00362689898721
406.05 0.00365977540649
406.06 0.00368982761409
406.07 0.00371699083832
406.08 0.00374120852186
406.09 0.00376243269995
406.1 0.00378062435511
406.11 0.00379575374732
406.12 0.0038078007186
406.13 0.00381675497147
406.14 0.00382261632042
406.15 0.00382539491636
406.16 0.00382511144367
406.17 0.00382179729011
406.18 0.00381549468969
406.19 0.00380625683913
406.2 0.00379414798844
406.21 0.00377924350658
406.22 0.00376162992318
406.23 0.00374140494742
406.24 0.00371867746556
406.25 0.00369356751847
406.26 0.00366620626076
406.27 0.0036367359031
406.28 0.00360530963961
406.29 0.00357209156191
406.3 0.0035372565618
406.31 0.00350099022421
406.32 0.00346348871224
406.33 0.00342495864608
406.34 0.00338561697727
406.35 0.00334569086
406.36 0.00330541752067
406.37 0.00326504412708
406.38 0.00322482765819
406.39 0.00318503477536
406.4 0.00314594169566
406.41 0.00310783406759
406.42 0.00307100684929
406.43 0.00303576418913
406.44 0.00300241930813
406.45 0.00297129438337
406.46 0.00294272043137
406.47 0.00291703718992
406.48 0.00289459299661
406.49 0.00287574466199
406.5 0.00286085733485
406.51 0.00285030435706
406.52 0.00284446710468
406.53 0.00284373481229
406.54 0.00284850437673
406.55 0.00285918013653
406.56 0.00287617362296
406.57 0.00289990327839
406.58 0.00293079413769
406.59 0.00296927746806
406.6 0.00301579036279
406.61 0.00307077528422
406.62 0.00313467955154
406.63 0.00320795476866
406.64 0.00329105618799
406.65 0.0033844420057
406.66 0.00348857258476
406.67 0.00360390960182
406.68 0.00373091511476
406.69 0.00387005054799
406.7 0.00402177559298
406.71 0.00418654702225
406.72 0.00436481741536
406.73 0.00455703379629
406.74 0.00476363618228
406.75 0.00498505604481
406.76 0.00522171468431
406.77 0.00547402152108
406.78 0.00574237230549
406.79 0.00602714725193
406.8 0.00632870910128
406.81 0.00664740111826
406.82 0.00698354503048
406.83 0.00733743891727
406.84 0.0077093550572
406.85 0.00809953774424
406.86 0.00850820108337
406.87 0.0089355267774
406.88 0.00938166191756
406.89 0.00984671679138
406.9 0.010330762722
406.91 0.0108338299537
406.92 0.0113559055993
406.93 0.0118969316654
406.94 0.012456803172
406.95 0.0130353663828
406.96 0.0136324171642
406.97 0.014247699489
406.98 0.014880904103
406.99 0.0155316673701
407.0 0.0161995703142
407.01 0.0168841378729
407.02 0.0175848383789
407.03 0.0183010832845
407.04 0.019032227143
407.05 0.0197775678598
407.06 0.0205363472256
407.07 0.0213077517423
407.08 0.0220909137503
407.09 0.0228849128653
407.1 0.0236887777303
407.11 0.0245014880875
407.12 0.0253219771711
407.13 0.0261491344224
407.14 0.0269818085253
407.15 0.0278188107569
407.16 0.0286589186485
407.17 0.0295008799477
407.18 0.0303434168705
407.19 0.0311852306313
407.2 0.0320250062345
407.21 0.0328614175106
407.22 0.0336931323765
407.23 0.0345188182989
407.24 0.0353371479356
407.25 0.03614680493
407.26 0.0369464898294
407.27 0.0377349260992
407.28 0.0385108662014
407.29 0.0392730977036
407.3 0.0400204493874
407.31 0.0407517973191
407.32 0.0414660708494
407.33 0.0421622585037
407.34 0.0428394137297
407.35 0.0434966604631
407.36 0.0441331984768
407.37 0.0447483084778
407.38 0.0453413569152
407.39 0.0459118004672
407.4 0.0464591901717
407.41 0.046983175171
407.42 0.0474835060393
407.43 0.0479600376643
407.44 0.0484127316592
407.45 0.0488416582783
407.46 0.0492469978179
407.47 0.0496290414813
407.48 0.0499881916954
407.49 0.0503249618626
407.5 0.0506399755415
407.51 0.0509339650493
407.52 0.0512077694818
407.53 0.0514623321531
407.54 0.0516986974586
407.55 0.0519180071674
407.56 0.0521214961568
407.57 0.0523104876017
407.58 0.0524863876377
407.59 0.0526506795171
407.6 0.0528049172839
407.61 0.0529507189937
407.62 0.0530897595081
407.63 0.053223762898
407.64 0.0533544944898
407.65 0.0534837525923
407.66 0.0536133599452
407.67 0.0537451549296
407.68 0.0538809825855
407.69 0.0540226854788
407.7 0.0541720944676
407.71 0.0543310194101
407.72 0.0545012398655
407.73 0.0546844958339
407.74 0.0548824785832
407.75 0.0550968216105
407.76 0.0553290917865
407.77 0.0555807807273
407.78 0.0558532964401
407.79 0.0561479552866
407.8 0.0564659743063
407.81 0.0568084639402
407.82 0.0571764211942
407.83 0.057570723277
407.84 0.0579921217487
407.85 0.0584412372086
407.86 0.0589185545527
407.87 0.0594244188261
407.88 0.0599590316919
407.89 0.0605224485364
407.9 0.0611145762268
407.91 0.0617351715339
407.92 0.062383840229
407.93 0.0630600368609
407.94 0.0637630652151
407.95 0.0644920794556
407.96 0.0652460859426
407.97 0.0660239457201
407.98 0.0668243776625
407.99 0.0676459622642
408.0 0.068487146057
408.01 0.069346246633
408.02 0.0702214582511
408.03 0.071110858001
408.04 0.0720124124949
408.05 0.0729239850574
408.06 0.0738433433797
408.07 0.0747681676024
408.08 0.0756960587907
408.09 0.0766245477625
408.1 0.0775511042285
408.11 0.0784731462044
408.12 0.0793880496506
408.13 0.0802931582981
408.14 0.081185793614
408.15 0.0820632648643
408.16 0.082922879229
408.17 0.083761951923
408.18 0.0845778162817
408.19 0.0853678337646
408.2 0.0861294038347
408.21 0.0868599736723
408.22 0.0875570476798
408.23 0.08821819674
408.24 0.0888410671867
408.25 0.0894233894527
408.26 0.0899629863585
408.27 0.0904577810091
408.28 0.0909058042669
408.29 0.0913052017725
408.3 0.0916542404852
408.31 0.0919513147195
408.32 0.0921949516559
408.33 0.092383816305
408.34 0.0925167159105
408.35 0.092592603774
408.36 0.0926105824929
408.37 0.092569906601
408.38 0.0924699846063
408.39 0.0923103804238
408.4 0.0920908142009
408.41 0.0918111625405
408.42 0.0914714581244
408.43 0.0910718887461
408.44 0.0906127957634
408.45 0.0900946719832
408.46 0.0895181589931
408.47 0.0888840439598
408.48 0.0881932559113
408.49 0.0874468615268
408.5 0.0866460604577
408.51 0.0857921802051
408.52 0.0848866705819
408.53 0.0839310977889
408.54 0.0829271381332
408.55 0.0818765714241
408.56 0.0807812740756
408.57 0.0796432119521
408.58 0.0784644329888
408.59 0.0772470596245
408.6 0.0759932810794
408.61 0.0747053455152
408.62 0.0733855521111
408.63 0.0720362430922
408.64 0.0706597957441
408.65 0.0692586144486
408.66 0.0678351227728
408.67 0.0663917556459
408.68 0.0649309516534
408.69 0.0634551454802
408.7 0.0619667605318
408.71 0.0604682017604
408.72 0.0589618487223
408.73 0.0574500488914
408.74 0.055935111251
408.75 0.0544193001842
408.76 0.0529048296833
408.77 0.051393857893
408.78 0.0498884820042
408.79 0.0483907335092
408.8 0.0469025738313
408.81 0.0454258903347
408.82 0.0439624927237
408.83 0.0425141098334
408.84 0.0410823868164
408.85 0.0396688827237
408.86 0.03827506848
408.87 0.0369023252483
408.88 0.0355519431799
408.89 0.0342251205415
408.9 0.032922963212
408.91 0.0316464845364
408.92 0.0303966055283
408.93 0.029174155405
408.94 0.0279798724421
408.95 0.026814405133
408.96 0.0256783136351
408.97 0.0245720714871
408.98 0.0234960675781
408.99 0.0224506083521
409.0 0.0214359202254
409.01 0.0204521522017
409.02 0.0194993786615
409.03 0.0185776023097
409.04 0.0176867572583
409.05 0.0168267122276
409.06 0.0159972738452
409.07 0.0151981900241
409.08 0.0144291534015
409.09 0.013689804821
409.1 0.0129797368395
409.11 0.0122984972437
409.12 0.0116455925595
409.13 0.0110204915394
409.14 0.0104226286133
409.15 0.0098514072907
409.16 0.00930620349999
409.17 0.00878636885521
409.18 0.00829123383878
409.19 0.00782011089118
409.2 0.00737229739894
409.21 0.0069470785737
409.22 0.00654373021565
409.23 0.00616152135591
409.24 0.00579971677334
409.25 0.00545757938203
409.26 0.00513437248669
409.27 0.0048293619041
409.28 0.00454181794939
409.29 0.00427101728681
409.3 0.00401624464546
409.31 0.00377679440086
409.32 0.00355197202406
409.33 0.00334109540058
409.34 0.00314349602183
409.35 0.00295852005235
409.36 0.00278552927632
409.37 0.00262390192753
409.38 0.00247303340698
409.39 0.00233233689285
409.4 0.00220124384747
409.41 0.00207920442644
409.42 0.00196568779492
409.43 0.00186018235635
409.44 0.00176219589887
409.45 0.0016712556647
409.46 0.00158690834782
409.47 0.0015087200251
409.48 0.00143627602606
409.49 0.00136918074644
409.5 0.00130705741029
409.51 0.00124954778563
409.52 0.00119631185814
409.53 0.00114702746752
409.54 0.00110138991061
409.55 0.00105911151561
409.56 0.00101992119116
409.57 0.000983563953941
409.58 0.000949800438498
409.59 0.000918406392312
409.6 0.000889172159405
409.61 0.000861902155237
409.62 0.000836414335601
409.63 0.000812539661979
409.64 0.00079012156562
409.65 0.000769015412445
409.66 0.00074908797066
409.67 0.000730216882811
409.68 0.000712290143851
409.69 0.000695205586598
409.7 0.000678870375857
409.71 0.000663200512297
409.72 0.000648120347064
409.73 0.000633562107981
409.74 0.000619465438048
409.75 0.000605776946889
409.76 0.000592449775649
409.77 0.000579443175763
409.78 0.000566722101952
409.79 0.00055425681969
409.8 0.000542022527336
409.81 0.000529998993046
409.82 0.000518170206523
409.83 0.000506524045609
409.84 0.000495051957663
409.85 0.000483748655635
409.86 0.000472611828701
409.87 0.000461641867272
409.88 0.000450841602183
409.89 0.000440216057817
409.9 0.000429772218892
409.91 0.000419518810631
409.92 0.000409466091997
409.93 0.000399625661666
409.94 0.000390010276392
409.95 0.000380633681404
409.96 0.000371510452463
409.97 0.0003626558492
409.98 0.000354085679351
409.99 0.000345816173485
410.0 0.000337863869846
410.01 0.000330245508891
410.02 0.000322977937145
410.03 0.000316078019964
410.04 0.000309562562816
410.05 0.000303448240702
410.06 0.000297751535324
410.07 0.00029248867963
410.08 0.000287675609388
410.09 0.000283327921409
410.1 0.000279460838109
410.11 0.000276089178063
410.12 0.00027322733224
410.13 0.00027088924564
410.14 0.00026908840402
410.15 0.000267837825475
410.16 0.000267150056602
410.17 0.000267037173024
410.18 0.00026751078406
410.19 0.000268582041339
410.2 0.000270261651169
410.21 0.000272559890513
410.22 0.000275486626397
410.23 0.000279051338621
410.24 0.000283263145655
410.25 0.00028813083359
410.26 0.000293662888045
410.27 0.00029986752894
410.28 0.000306752748024
410.29 0.000314326349088
410.3 0.000322595990764
410.31 0.000331569231827
410.32 0.000341253578904
410.33 0.000351656536491
410.34 0.000362785659186
410.35 0.000374648605991
410.36 0.000387253196585
410.37 0.000400607469398
410.38 0.000414719741324
410.39 0.000429598668899
410.4 0.00044525331072
410.41 0.000461693190876
410.42 0.00047892836314
410.43 0.000496969475622
410.44 0.000515827835576
410.45 0.000535515474013
410.46 0.000556045209746
410.47 0.000577430712458
410.48 0.000599686564369
410.49 0.000622828320031
410.5 0.000646872563758
410.51 0.00067183696419
410.52 0.000697740325433
410.53 0.000724602634226
410.54 0.000752445102552
410.55 0.000781290205101
410.56 0.000811161710968
410.57 0.000842084708996
410.58 0.000874085626124
410.59 0.000907192238143
410.6 0.000941433672252
410.61 0.000976840400818
410.62 0.00101344422576
410.63 0.00105127825305
410.64 0.0010903768567
410.65 0.00113077563195
410.66 0.00117251133699
410.67 0.001215621823
410.68 0.00126014595208
410.69 0.00130612350281
410.7 0.0013535950633
410.71 0.0014026019115
410.72 0.00145318588271
410.73 0.0015053892244
410.74 0.0015592544384
410.75 0.00161482411058
410.76 0.00167214072846
410.77 0.00173124648696
410.78 0.00179218308291
410.79 0.00185499149885
410.8 0.00191971177669
410.81 0.00198638278222
410.82 0.00205504196108
410.83 0.00212572508737
410.84 0.00219846600581
410.85 0.00227329636868
410.86 0.00235024536867
410.87 0.00242933946908
410.88 0.00251060213255
410.89 0.00259405354999
410.9 0.00267971037107
410.91 0.00276758543776
410.92 0.00285768752274
410.93 0.00295002107409
410.94 0.003044585968
410.95 0.00314137727119
410.96 0.00324038501461
410.97 0.00334159398025
410.98 0.00344498350248
410.99 0.00355052728572
411.0 0.00365819323994
411.01 0.0037679433354
411.02 0.00387973347832
411.03 0.00399351340866
411.04 0.00410922662132
411.05 0.00422681031207
411.06 0.0043461953492
411.07 0.0044673062719
411.08 0.00459006131621
411.09 0.00471437246928
411.1 0.00484014555251
411.11 0.00496728033393
411.12 0.00509567067027
411.13 0.00522520467862
411.14 0.00535576493781
411.15 0.00548722871923
411.16 0.00561946824668
411.17 0.00575235098477
411.18 0.00588573995512
411.19 0.00601949407942
411.2 0.00615346854843
411.21 0.00628751521553
411.22 0.00642148301354
411.23 0.00655521839328
411.24 0.00668856578211
411.25 0.0068213680607
411.26 0.00695346705597
411.27 0.00708470404821
411.28 0.00721492029008
411.29 0.00734395753518
411.3 0.00747165857392
411.31 0.00759786777392
411.32 0.00772243162268
411.33 0.00784519926968
411.34 0.00796602306534
411.35 0.00808475909414
411.36 0.00820126769921
411.37 0.00831541399563
411.38 0.00842706836985
411.39 0.00853610696251
411.4 0.00864241213206
411.41 0.00874587289674
411.42 0.00884638535233
411.43 0.00894385306338
411.44 0.00903818742576
411.45 0.0091293079982
411.46 0.00921714280108
411.47 0.00930162858039
411.48 0.00938271103542
411.49 0.00946034500859
411.5 0.00953449463604
411.51 0.00960513345806
411.52 0.00967224448829
411.53 0.0097358202411
411.54 0.00979586271666
411.55 0.00985238334348
411.56 0.0099054028784
411.57 0.00995495126416
411.58 0.0100010674453
411.59 0.0100437991424
411.6 0.0100832025871
411.61 0.0101193422163
411.62 0.0101522903303
411.63 0.0101821267138
411.64 0.0102089382228
411.65 0.0102328183388
411.66 0.0102538666933
411.67 0.0102721885638
411.68 0.010287894345
411.69 0.0103010989969
411.7 0.0103119214733
411.71 0.0103204841328
411.72 0.0103269121363
411.73 0.0103313328334
411.74 0.0103338751413
411.75 0.0103346689184
411.76 0.0103338443379
411.77 0.0103315312618
411.78 0.0103278586213
411.79 0.010322953805
411.8 0.0103169420586
411.81 0.010309945899
411.82 0.0103020845467
411.83 0.0102934733773
411.84 0.0102842233979
411.85 0.0102744407477
411.86 0.0102642262278
411.87 0.0102536748617
411.88 0.0102428754878
411.89 0.0102319103876
411.9 0.0102208549493
411.91 0.0102097773706
411.92 0.0101987383997
411.93 0.0101877911174
411.94 0.0101769807609
411.95 0.0101663445888
411.96 0.0101559117893
411.97 0.0101457034312
411.98 0.0101357324574
411.99 0.0101260037209
412.0 0.0101165140636
412.01 0.0101072524362
412.02 0.0100982000585
412.03 0.0100893306209
412.04 0.0100806105222
412.05 0.0100719991472
412.06 0.0100634491775
412.07 0.0100549069378
412.08 0.0100463127743
412.09 0.0100376014618
412.1 0.010028702641
412.11 0.0100195412798
412.12 0.0100100381592
412.13 0.0100001103803
412.14 0.00998967188913
412.15 0.00997863401922
412.16 0.00996690604636
412.17 0.00995439575514
412.18 0.00994101001365
412.19 0.00992665535388
412.2 0.00991123855516
412.21 0.00989466722794
412.22 0.00987685039526
412.23 0.0098576990693
412.24 0.00983712682022
412.25 0.00981505033501
412.26 0.00979138996344
412.27 0.00976607024895
412.28 0.00973902044177
412.29 0.00971017499214
412.3 0.00967947402107
412.31 0.00964686376668
412.32 0.00961229700376
412.33 0.00957573343465
412.34 0.00953714004942
412.35 0.00949649145348
412.36 0.00945377016105
412.37 0.00940896685255
412.38 0.00936208059484
412.39 0.00931311902257
412.4 0.00926209847962
412.41 0.00920904411956
412.42 0.00915398996406
412.43 0.00909697891867
412.44 0.00903806274522
412.45 0.00897730199045
412.46 0.00891476587065
412.47 0.00885053211224
412.48 0.00878468674833
412.49 0.00871732387164
412.5 0.00864854534436
412.51 0.00857846046542
412.52 0.00850718559645
412.53 0.00843484374718
412.54 0.00836156412193
412.55 0.00828748162856
412.56 0.00821273635169
412.57 0.00813747299216
412.58 0.00806184027494
412.59 0.00798599032777
412.6 0.0079100780332
412.61 0.00783426035675
412.62 0.00775869565412
412.63 0.00768354296057
412.64 0.00760896126572
412.65 0.00753510877728
412.66 0.0074621421771
412.67 0.00739021587331
412.68 0.0073194812523
412.69 0.00725008593434
412.7 0.00718217303685
412.71 0.00711588044901
412.72 0.00705134012202
412.73 0.00698867737866
412.74 0.00692801024624
412.75 0.00686944881673
412.76 0.00681309463793
412.77 0.00675904013929
412.78 0.00670736809606
412.79 0.00665815113499
412.8 0.00661145128508
412.81 0.00656731957612
412.82 0.0065257956881
412.83 0.00648690765387
412.84 0.0064506716174
412.85 0.00641709164974
412.86 0.00638615962423
412.87 0.00635785515252
412.88 0.0063321455823
412.89 0.00630898605755
412.9 0.00628831964162
412.91 0.00627007750316
412.92 0.00625417916441
412.93 0.00624053281122
412.94 0.00622903566362
412.95 0.00621957440533
412.96 0.00621202567052
412.97 0.00620625658542
412.98 0.00620212536233
412.99 0.00619948194295
413.0 0.00619816868803
413.01 0.00619802110952
413.02 0.00619886864162
413.03 0.00620053544655
413.04 0.00620284125071
413.05 0.0062056022068
413.06 0.00620863177711
413.07 0.0062117416331
413.08 0.00621474256648
413.09 0.00621744540652
413.1 0.00621966193862
413.11 0.00622120581903
413.12 0.00622189348047
413.13 0.0062215450238
413.14 0.00621998509057
413.15 0.00621704371174
413.16 0.00621255712778
413.17 0.0062063685757
413.18 0.00619832903856
413.19 0.00618829795356
413.2 0.00617614387482
413.21 0.00616174508725
413.22 0.00614499016848
413.23 0.00612577849585
413.24 0.00610402069601
413.25 0.00607963903493
413.26 0.00605256774665
413.27 0.00602275329921
413.28 0.00599015459701
413.29 0.00595474311882
413.3 0.00591650299135
413.31 0.00587543099855
413.32 0.00583153652732
413.33 0.00578484145047
413.34 0.00573537994843
413.35 0.0056831982714
413.36 0.00562835444393
413.37 0.00557091791437
413.38 0.00551096915187
413.39 0.00544859919396
413.4 0.00538390914779
413.41 0.00531700964861
413.42 0.00524802027915
413.43 0.00517706895365
413.44 0.00510429127061
413.45 0.00502982983832
413.46 0.0049538335773
413.47 0.00487645700404
413.48 0.00479785950008
413.49 0.00471820457098
413.5 0.00463765909907
413.51 0.00455639259445
413.52 0.00447457644815
413.53 0.00439238319142
413.54 0.00430998576508
413.55 0.00422755680248
413.56 0.00414526792965
413.57 0.00406328908582
413.58 0.00398178786754
413.59 0.00390092889904
413.6 0.00382087323162
413.61 0.00374177777425
413.62 0.0036637947576
413.63 0.00358707123315
413.64 0.00351174860911
413.65 0.00343796222423
413.66 0.00336584096065
413.67 0.0032955068964
413.68 0.00322707499809
413.69 0.00316065285392
413.7 0.00309634044711
413.71 0.0030342299692
413.72 0.00297440567302
413.73 0.0029169437644
413.74 0.00286191233167
413.75 0.00280937131209
413.76 0.00275937249353
413.77 0.00271195955036
413.78 0.00266716811171
413.79 0.0026250258605
413.8 0.00258555266144
413.81 0.00254876071617
413.82 0.00251465474347
413.83 0.00248323218264
413.84 0.00245448341806
413.85 0.00242839202275
413.86 0.00240493501895
413.87 0.00238408315376
413.88 0.00236580118767
413.89 0.00235004819417
413.9 0.00233677786836
413.91 0.00232593884284
413.92 0.00231747500897
413.93 0.00231132584191
413.94 0.00230742672767
413.95 0.00230570929071
413.96 0.00230610172065
413.97 0.00230852909673
413.98 0.00231291370872
413.99 0.00231917537326
414.0 0.00232723174441
414.01 0.00233699861768
414.02 0.00234839022648
414.03 0.00236131953041
414.04 0.00237569849469
414.05 0.00239143836009
414.06 0.00240844990302
414.07 0.00242664368526
414.08 0.0024459302931
414.09 0.0024662205656
414.1 0.0024874258117
414.11 0.00250945801628
414.12 0.00253223003482
414.13 0.0025556557768
414.14 0.00257965037786
414.15 0.00260413036059
414.16 0.00262901378428
414.17 0.00265422038351
414.18 0.00267967169588
414.19 0.00270529117886
414.2 0.00273100431608
414.21 0.00275673871305
414.22 0.00278242418272
414.23 0.00280799282081
414.24 0.00283337907132
414.25 0.00285851978223
414.26 0.0028833542518
414.27 0.00290782426549
414.28 0.00293187412377
414.29 0.00295545066115
414.3 0.00297850325646
414.31 0.00300098383478
414.32 0.00302284686122
414.33 0.00304404932672
414.34 0.0030645507263
414.35 0.00308431302991
414.36 0.00310330064629
414.37 0.00312148038006
414.38 0.00313882138249
414.39 0.00315529509624
414.4 0.00317087519458
414.41 0.00318553751528
414.42 0.00319925998988
414.43 0.00321202256864
414.44 0.0032238071417
414.45 0.00323459745698
414.46 0.00324437903529
414.47 0.00325313908335
414.48 0.00326086640512
414.49 0.00326755131212
414.5 0.00327318553337
414.51 0.00327776212548
414.52 0.00328127538349
414.53 0.00328372075322
414.54 0.00328509474551
414.55 0.00328539485318
414.56 0.00328461947104
414.57 0.00328276781974
414.58 0.00327983987388
414.59 0.00327583629485
414.6 0.00327075836892
414.61 0.00326460795104
414.62 0.00325738741462
414.63 0.00324909960772
414.64 0.00323974781586
414.65 0.00322933573169
414.66 0.00321786743169
414.67 0.00320534735992
414.68 0.00319178031897
414.69 0.0031771714679
414.7 0.0031615263272
414.71 0.00314485079058
414.72 0.00312715114316
414.73 0.00310843408605
414.74 0.00308870676669
414.75 0.00306797681458
414.76 0.00304625238203
414.77 0.00302354218916
414.78 0.00299985557275
414.79 0.0029752025382
414.8 0.00294959381393
414.81 0.00292304090753
414.82 0.00289555616296
414.83 0.00286715281789
414.84 0.00283784506073
414.85 0.00280764808619
414.86 0.00277657814896
414.87 0.00274465261454
414.88 0.00271189000661
414.89 0.00267831005016
414.9 0.0026439337098
414.91 0.0026087832225
414.92 0.0025728821243
414.93 0.00253625527041
414.94 0.00249892884821
414.95 0.00246093038274
414.96 0.0024222887344
414.97 0.00238303408849
414.98 0.00234319793649
414.99 0.00230281304883
415.0 0.00226191343921
415.01 0.00222053432046
415.02 0.00217871205197
415.03 0.00213648407895
415.04 0.00209388886373
415.05 0.00205096580938
415.06 0.00200775517612
415.07 0.00196429799084
415.08 0.00192063595034
415.09 0.00187681131876
415.1 0.00183286681993
415.11 0.0017888455251
415.12 0.00174479073687
415.13 0.00170074587007
415.14 0.00165675433013
415.15 0.00161285938991
415.16 0.00156910406561
415.17 0.00152553099266
415.18 0.00148218230214
415.19 0.00143909949873
415.2 0.00139632334078
415.21 0.00135389372326
415.22 0.00131184956425
415.23 0.00127022869566
415.24 0.00122906775883
415.25 0.00118840210547
415.26 0.0011482657046
415.27 0.00110869105591
415.28 0.00106970910998
415.29 0.00103134919568
415.3 0.000993638955168
415.31 0.000956604286703
415.32 0.000920269295413
415.33 0.000884656252251
415.34 0.000849785561177
415.35 0.000815675734591
415.36 0.000782343377011
415.37 0.000749803176881
415.38 0.000718067906408
415.39 0.000687148429216
415.4 0.000657053715596
415.41 0.000627790865087
415.42 0.000599365136049
415.43 0.000571779981909
415.44 0.000545037093676
415.45 0.000519136448318
415.46 0.000494076362579
415.47 0.000469853551769
415.48 0.000446463193062
415.49 0.000423898992828
415.5 0.000402153257495
415.51 0.000381216967469
415.52 0.000361079853597
415.53 0.000341730475712
415.54 0.000323156302751
415.55 0.000305343793993
415.56 0.000288278480964
415.57 0.000271945049541
415.58 0.000256327421869
415.59 0.000241408837655
415.6 0.000227171934488
415.61 0.000213598826798
415.62 0.00020067118316
415.63 0.000188370301609
415.64 0.000176677182704
415.65 0.000165572600091
415.66 0.000155037168341
415.67 0.000145051407875
415.68 0.000135595806806
415.69 0.000126650879569
415.7 0.000118197222216
415.71 0.000110215564305
415.72 0.000102686817316
415.73 9.55921195606e-05
415.74 8.89128775729e-05
415.75 8.26308039917e-05
415.76 7.67279519617e-05
415.77 7.11867461027e-05
415.78 6.59900101106e-05
415.79 6.11209910716e-05
415.8 5.65633805836e-05
415.81 5.23013327912e-05
415.82 4.83194794525e-05
415.83 4.46029421641e-05
415.84 4.11373418796e-05
415.85 3.79088058606e-05
415.86 3.49039722099e-05
415.87 3.21099921318e-05
415.88 2.95145300745e-05
415.89 2.7105761907e-05
415.9 2.48723712814e-05
415.91 2.28035443359e-05
415.92 2.08889628846e-05
415.93 1.91187962451e-05
415.94 1.74836918439e-05
415.95 1.59747647419e-05
415.96 1.45835862123e-05
415.97 1.33021715016e-05
415.98 1.2122966896e-05
415.99 1.10388362111e-05
416.0 1.00430468157e-05
416.01 9.12925529388e-06
416.02 8.29149284291e-06
416.03 7.52415049805e-06
416.04 6.82196426816e-06
416.05 6.18000025932e-06
416.06 5.59363985705e-06
416.07 5.05856503133e-06
416.08 4.57074382185e-06
416.09 4.12641605516e-06
416.1 3.72207933911e-06
416.11 3.35447537447e-06
416.12 3.02057661806e-06
416.13 2.71757332662e-06
416.14 2.44286100578e-06
416.15 2.19402828394e-06
416.16 1.96884522658e-06
416.17 1.76525210265e-06
416.18 1.58134861098e-06
416.19 1.41538357145e-06
416.2 1.26574508245e-06
416.21 1.13095114358e-06
416.22 1.00964074005e-06
416.23 9.00565382985e-07
416.24 8.02581098014e-07
416.25 7.14640852799e-07
416.26 6.35787412722e-07
416.27 5.65146612718e-07
416.28 5.01921032259e-07
416.29 4.45384059624e-07
416.3 3.94874330979e-07
416.31 3.49790529271e-07
416.32 3.09586527636e-07
416.33 2.73766861778e-07
416.34 2.41882515723e-07
416.35 2.13527005368e-07
416.36 1.88332744353e-07
416.37 1.65967677004e-07
416.38 1.46132163369e-07
416.39 1.2855610171e-07
416.4 1.12996274198e-07
416.41 9.92339020162e-08
416.42 8.70723965376e-08
416.43 7.63352937407e-08
416.44 6.6864359569e-08
416.45 5.8517854462e-08
416.46 5.11689458434e-08
416.47 4.47042579015e-08
416.48 3.90225485492e-08
416.49 3.4033504003e-08
416.5 2.96566419564e-08
416.51 2.58203148593e-08
416.52 2.24608053281e-08
416.53 1.95215062174e-08
416.54 1.6952178369e-08
416.55 1.47082795227e-08
416.56 1.2750358321e-08
416.57 1.10435077722e-08
416.58 9.55687294264e-09
416.59 8.26320803811e-09
416.6 7.13847840407e-09
416.61 6.1615033191e-09
416.62 5.31363578498e-09
416.63 4.57847582333e-09
416.64 3.94161407669e-09
416.65 3.39040278089e-09
416.66 2.91375142638e-09
416.67 2.50194465953e-09
416.68 2.14648019142e-09
416.69 1.83992468243e-09
416.7 1.57578575608e-09
416.71 1.34839846702e-09
416.72 1.15282470518e-09
416.73 9.84764163239e-10
416.74 8.40475626938e-10
416.75 7.16707469564e-10
416.76 6.10636342959e-10
416.77 5.1981315866e-10
416.78 4.42115545162e-10
416.79 3.75706051156e-10
416.8 3.18995440743e-10
416.81 2.7061049568e-10
416.82 2.29365802099e-10
416.83 1.94239055578e-10
416.84 1.64349469266e-10
416.85 1.38938915604e-10
416.86 1.17355473315e-10
416.87 9.90390883384e-11
416.88 8.35090905007e-11
416.89 7.03533373702e-11
416.9 5.92187832695e-11
416.91 4.9803295059e-11
416.92 4.18485574002e-11
416.93 3.51339289693e-11
416.94 2.94711277694e-11
416.95 2.46996384897e-11
416.96 2.06827479776e-11
416.97 1.7304126501e-11
416.98 1.446488274e-11
416.99 1.2081029504e-11
417.0 1.00813051592e-11
417.01 8.4053027797e-12
417.02 7.00186521613e-12
417.03 5.82770970752e-12
417.04 4.84625041797e-12
417.05 4.02659145203e-12
417.06 3.3426665488e-12
417.07 2.77250484111e-12
417.08 2.29760484669e-12
417.09 1.90240128097e-12
417.1 1.57381139021e-12
417.11 1.30084933701e-12
417.12 1.074298762e-12
417.13 8.86435026156e-13
417.14 7.30789833658e-13
417.15 6.01951969962e-13
417.16 4.95398783309e-13
417.17 4.07353809548e-13
417.18 3.34666605071e-13
417.19 2.74711425289e-13
417.2 2.25301878523e-13
417.21 1.84619108174e-13
417.22 1.51151418993e-13
417.23 1.23643574337e-13
417.24 1.01054257539e-13
417.25 8.25204182109e-14
417.26 6.73274187302e-14
417.27 5.48840620533e-14
417.28 4.47017233338e-14
417.29 3.63769281468e-14
417.3 2.95768224007e-14
417.31 2.40270658882e-14
417.32 1.95017551178e-14
417.33 1.58150435045e-14
417.34 1.28141798496e-14
417.35 1.03737307221e-14
417.36 8.39079008683e-15
417.37 6.78101136328e-15
417.38 5.47532391803e-15
417.39 4.41721857988e-15
417.4 3.56050574914e-15
417.41 2.86746562106e-15
417.42 2.30732342217e-15
417.43 1.85499377196e-15
417.44 1.49004766937e-15
417.45 1.19586345497e-15
417.46 9.5892965747e-16
417.47 7.68273106559e-16
417.48 6.14990256263e-16
417.49 4.91863461958e-16
417.5 3.93047114437e-16
417.51 3.13811160282e-16
417.52 2.50331717503e-16
417.53 1.99520302709e-16
417.54 1.58884683178e-16
417.55 1.26415605888e-16
417.56 1.00494679458e-16
417.57 7.98195303919e-17
417.58 6.33430523806e-17
417.59 5.02241419779e-17
417.6 3.97877869841e-17
417.61 3.14927627443e-17
417.62 2.49055110361e-17
417.63 1.96790383534e-17
417.64 1.5535885264e-17
417.65 1.22543944766e-17
417.66 9.6576491852e-18
417.67 7.60457088428e-18
417.68 5.98276186572e-18
417.69 4.70275591628e-18
417.7 3.69340452777e-18
417.71 2.89817785043e-18
417.72 2.27220183117e-18
417.73 1.77988726048e-18
417.74 1.39303426851e-18
417.75 1.08931835611e-18
417.76 8.51082302741e-19
417.77 6.64373060342e-19
417.78 5.18174675088e-19
417.79 4.03797912367e-19
417.8 3.14395028866e-19
417.81 2.44574394555e-19
417.82 1.90094704622e-19
417.83 1.47622571544e-19
417.84 1.14540540654e-19
417.85 8.87951829077e-20
417.86 6.87770111225e-20
417.87 5.3225641659e-20
417.88 4.11549641514e-20
417.89 3.17941533326e-20
417.9 2.45412124776e-20
417.91 1.89264203448e-20
417.92 1.45835972288e-20
417.93 1.12275385761e-20
417.94 8.63630884134e-21
417.95 6.63736174052e-21
417.96 5.09667011716e-21
417.97 3.91022074882e-21
417.98 2.99736575426e-21
417.99 2.29563015115e-21
418.0 1.75666040821e-21
418.01 1.34306620139e-21
418.02 1.02596073678e-21
418.03 7.83046901073e-22
418.04 5.97129494628e-22
418.05 4.549597588e-22
418.06 3.46338809946e-22
418.07 2.63422610477e-22
418.08 2.00183672147e-22
418.09 1.51994533061e-22
418.1 1.1530575846e-22
418.11 8.73972443693e-23
418.12 6.61863140468e-23
418.13 5.00797745484e-23
418.14 3.78599684574e-23
418.15 2.85970901063e-23
418.16 2.15817746281e-23
418.17 1.62733204096e-23
418.18 1.22599559871e-23
418.19 9.22837767443e-24
418.2 6.94041631092e-24
418.21 5.21518113177e-24
418.22 3.91540764871e-24
418.23 2.93702934693e-24
418.24 2.20121924038e-24
418.25 1.64832189482e-24
418.26 1.23323109797e-24
418.27 9.21871992521e-25
418.28 6.88526225641e-25
418.29 5.13799959939e-25
418.3 3.83081657714e-25
418.31 2.85372659748e-25
418.32 2.12401256129e-25
418.33 1.57952138989e-25
418.34 1.17359339074e-25
418.35 8.71231384028e-26
418.36 6.46209116618e-26
418.37 4.78890655411e-26
418.38 3.54587447682e-26
418.39 2.62321607655e-26
418.4 1.93895837434e-26
418.41 1.43194592848e-26
418.42 1.05659479014e-26
418.43 7.7895796726e-27
418.44 5.73777211015e-27
418.45 4.22275883649e-27
418.46 3.10508130429e-27
418.47 2.28125264852e-27
418.48 1.67454764344e-27
418.49 1.22813283721e-27
418.5 8.99946912301e-28
418.51 6.58888840006e-28
418.52 4.81982338905e-28
418.53 3.52268500434e-28
418.54 2.5724101181e-28
418.55 1.87685326528e-28
418.56 1.36818285555e-28
418.57 9.96510044243e-29
418.58 7.25175176914e-29
418.59 5.27263722304e-29
418.6 3.8303332955e-29
418.61 2.78015463582e-29
418.62 2.0161602692e-29
418.63 1.460847442e-29
418.64 1.0575682139e-29
418.65 7.64954540315e-30
418.66 5.52823602501e-30
418.67 3.99173074791e-30
418.68 2.87978201175e-30
418.69 2.07578181245e-30
418.7 1.49495287546e-30
418.71 1.07571448308e-30
418.72 7.73375200215e-31
418.73 5.55529568595e-31
418.74 3.98701464021e-31
418.75 2.8589870863e-31
418.76 2.04833162173e-31
418.77 1.46626361596e-31
418.78 1.04869104407e-31
418.79 7.4938806604e-32
418.8 5.35044247172e-32
418.81 3.81677305477e-32
418.82 2.72036193223e-32
418.83 1.93722806749e-32
418.84 1.37834688492e-32
418.85 9.79850949974e-33
418.86 6.95961506455e-33
418.87 4.9389443591e-33
418.88 3.50192435063e-33
418.89 2.48086481218e-33
418.9 1.75599449844e-33
418.91 1.24184363337e-33
418.92 8.7747427261e-34
418.93 6.19477562993e-34
418.94 4.36958792854e-34
418.95 3.07949212178e-34
418.96 2.16841011406e-34
418.97 1.52555357411e-34
418.98 1.07235162859e-34
418.99 7.53131270544e-35
419.0 5.28479149258e-35
419.01 3.70517518531e-35
419.02 2.59545407604e-35
419.03 1.81652618898e-35
419.04 1.27026312409e-35
419.05 8.87502183714e-36
419.06 6.19539331088e-36
419.07 4.3210774168e-36
419.08 3.01119530419e-36
419.09 2.09657071017e-36
419.1 1.45849121161e-36
419.11 1.01372890831e-36
419.12 7.03985248157e-37
419.13 4.88459992611e-37
419.14 3.38624323905e-37
419.15 2.34547612111e-37
419.16 1.62318340241e-37
419.17 1.12234889463e-37
419.18 7.7537516328e-38
419.19 5.35204308088e-38
419.2 3.69105934691e-38
419.21 2.54335022775e-38
419.22 1.75099546225e-38
419.23 1.20444669881e-38
419.24 8.27777968136e-39
419.25 5.68412805324e-39
419.26 3.89975708553e-39
419.27 2.67322165717e-39
419.28 1.83086405575e-39
419.29 1.25285536952e-39
419.3 8.56583079405e-40
419.31 5.85142652966e-40
419.32 3.99372111165e-40
419.33 2.72343756969e-40
419.34 1.85558488792e-40
419.35 1.26318785688e-40
419.36 8.59169338533e-41
419.37 5.83866166862e-41
419.38 3.96434610004e-41
419.39 2.68938840417e-41
419.4 1.82288472499e-41
419.41 1.2344928986e-41
419.42 8.35298494723e-42
419.43 5.64700944404e-42
419.44 3.81433683433e-42
419.45 2.57420590459e-42
419.46 1.73576623079e-42
419.47 1.16939949044e-42
419.48 7.87151410655e-43
419.49 5.29391993081e-43
419.5 3.55729736994e-43
419.51 2.38828794553e-43
419.52 1.60205312883e-43
419.53 1.07371953553e-43
419.54 7.18999366489e-44
419.55 4.81049616892e-44
419.56 3.21569574516e-44
419.57 2.14775006776e-44
419.58 1.43323116887e-44
419.59 9.55591899795e-45
419.6 6.36579117278e-45
419.61 4.23697623525e-45
419.62 2.81762622635e-45
419.63 1.8721232916e-45
419.64 1.24282283579e-45
419.65 8.24342545352e-46
419.66 5.46298386567e-46
419.67 3.61722757866e-46
419.68 2.39301522289e-46
419.69 1.58175349169e-46
419.7 1.04461403088e-46
419.71 6.89281496743e-47
419.72 4.54423830658e-47
419.73 2.99329340533e-47
419.74 1.96997716421e-47
419.75 1.29537886638e-47
419.76 8.51052076044e-48
419.77 5.58649193346e-48
419.78 3.66391954933e-48
419.79 2.40091284226e-48
419.8 1.57192048155e-48
419.81 1.02827307302e-48
419.82 6.72063123926e-49
419.83 4.38869481888e-49
419.84 2.86341575381e-49
419.85 1.86662531162e-49
419.86 1.2157761057e-49
419.87 7.91177210876e-50
419.88 5.14419765909e-50
419.89 3.3418368072e-50
419.9 2.1690848508e-50
419.91 1.40666783457e-50
419.92 9.11444618317e-51
419.93 5.9005531354e-51
419.94 3.81661962199e-51
419.95 2.46654330308e-51
419.96 1.59265724878e-51
419.97 1.0274947541e-51
419.98 6.62308938678e-52
419.99 4.26545468123e-52
420.0 2.74469290896e-52
420.01 1.76459848079e-52
420.02 1.13350059958e-52
420.03 7.27480438485e-53
420.04 4.66492427288e-53
420.05 2.98876376167e-53
420.06 1.91320845753e-53
420.07 1.22364857217e-53
420.08 7.81942531583e-54
420.09 4.99248394297e-54
420.1 3.18480047974e-54
420.11 2.02988528708e-54
420.12 1.29266048746e-54
420.13 8.22472081225e-55
420.14 5.22855364251e-55
420.15 3.32097559285e-55
420.16 2.10752877084e-55
420.17 1.33630333685e-55
420.18 8.46564994019e-56
420.19 5.35845110209e-56
420.2 3.38876888052e-56
420.21 2.14125475835e-56
420.22 1.35181868303e-56
420.23 8.52692140929e-57
420.24 5.37390257267e-57
420.25 3.38384942392e-57
420.26 2.128903533e-57
420.27 1.33821116366e-57
420.28 8.40459957408e-58
420.29 5.27391490014e-58
420.3 3.30653345433e-58
420.31 2.07126867417e-58
420.32 1.29635415899e-58
420.33 8.10652275695e-59
420.34 5.06488115831e-59
420.35 3.16175071524e-59
420.36 1.9720126834e-59
420.37 1.2288970304e-59
420.38 7.65147208537e-60
420.39 4.75990422274e-60
420.4 2.95852431199e-60
420.41 1.83728184419e-60
420.42 1.13998762474e-60
420.43 7.06721335754e-61
420.44 4.37743777367e-61
420.45 2.70904034019e-61
420.46 1.67507661465e-61
420.47 1.03485044687e-61
420.48 6.38769571704e-62
420.49 3.93944064091e-62
420.5 2.42744061676e-62
420.51 1.49446717472e-62
420.52 9.19280099998e-63
420.53 5.64979968227e-63
420.54 3.46930077681e-63
420.55 2.12850448369e-63
420.56 1.30476079247e-63
420.57 7.99118047244e-64
420.58 4.89006568077e-64
420.59 2.98980014346e-64
420.6 1.82638922752e-64
420.61 1.1147262494e-64
420.62 6.7977757159e-65
420.63 4.14180022649e-65
420.64 2.52136184247e-65
420.65 1.53357463615e-65
420.66 9.31962356149e-66
420.67 5.65868523248e-66
420.68 3.43286255355e-66
420.69 2.08075528492e-66
420.7 1.26011247178e-66
420.71 7.62467481256e-67
420.72 4.60953433898e-67
420.73 2.78430300249e-67
420.74 1.68034960921e-67
420.75 1.01322644304e-67
420.76 6.1043172163e-68
420.77 3.67444190349e-68
420.78 2.20988354831e-68
420.79 1.3279175324e-68
420.8 7.97253681791e-69
420.81 4.78239754407e-69
420.82 2.86627943898e-69
420.83 1.71638651767e-69
420.84 1.02691707026e-69
420.85 6.13874176122e-70
420.86 3.66646098444e-70
420.87 2.18795549653e-70
420.88 1.30452862384e-70
420.89 7.77127815785e-71
420.9 4.6254608311e-71
420.91 2.75068762646e-71
420.92 1.63437327641e-71
420.93 9.7025288719e-72
420.94 5.75496050428e-72
420.95 3.41054248327e-72
420.96 2.01942762241e-72
420.97 1.19469441547e-72
420.98 7.06169713371e-73
420.99 4.17047050038e-73
421.0 2.46084767702e-73
421.01 1.45080192639e-73
421.02 8.54584924583e-74
421.03 5.02951425713e-74
421.04 2.95747152824e-74
421.05 1.73755601267e-74
421.06 1.01995442718e-74
421.07 5.98200034389e-75
421.08 3.50538571448e-75
421.09 2.052338082e-75
421.1 1.20056508096e-75
421.11 7.01691513144e-76
421.12 4.09760841151e-76
421.13 2.39077328312e-76
421.14 1.39370239954e-76
421.15 8.11755825689e-77
421.16 4.72394130559e-77
421.17 2.74667506093e-77
421.18 1.59563586035e-77
421.19 9.26155701087e-78
421.2 5.37103439212e-78
421.21 3.11211455441e-78
421.22 1.8016769754e-78
421.23 1.04213023197e-78
421.24 6.02269366114e-79
421.25 3.47762913074e-79
421.26 2.0063166117e-79
421.27 1.15648335216e-79
421.28 6.66044144047e-80
421.29 3.83257229358e-80
421.3 2.20344091566e-80
421.31 1.26571572577e-80
421.32 7.26431477952e-81
421.33 4.16559310989e-81
421.34 2.38661711236e-81
421.35 1.36619397796e-81
421.36 7.81386125692e-82
421.37 4.46521872254e-82
421.38 2.54943234232e-82
421.39 1.45434672559e-82
421.4 8.28926714863e-83
421.41 4.72050028163e-83
421.42 2.68586161075e-83
421.43 1.52687311557e-83
421.44 8.67253332438e-84
421.45 4.9216725846e-84
421.46 2.79063587357e-84
421.47 1.58094710367e-84
421.48 8.94860252629e-85
421.49 5.06077244337e-85
421.5 2.85957909702e-85
421.51 1.61439993093e-85
421.52 9.10633995745e-86
421.53 5.13216134013e-86
421.54 2.88988429532e-86
421.55 1.62586439853e-86
421.56 9.13927826341e-87
421.57 5.13290459386e-87
421.58 2.88030312823e-87
421.59 1.61486756848e-87
421.6 9.04605745346e-88
421.61 5.06297150681e-88
421.62 2.8312312118e-88
421.63 1.58186313108e-88
421.64 8.83051805914e-89
421.65 4.92523746787e-89
421.66 2.74468101769e-89
421.67 1.52820035183e-89
421.68 8.50143863691e-90
421.69 4.72528781218e-90
421.7 2.62414494802e-90
421.71 1.45603255989e-90
421.72 8.07194261837e-91
421.73 4.47104208256e-91
421.74 2.47436156897e-91
421.75 1.36817382762e-91
421.76 7.55863035962e-92
421.77 4.17223391649e-92
421.78 2.30100680653e-92
421.79 1.26791713193e-92
421.8 6.98051635863e-93
421.81 3.83979413451e-93
421.82 2.11033812575e-93
421.83 1.15883035214e-93
421.84 6.35786630107e-94
421.85 3.48519139147e-94
421.86 1.90882268153e-94
421.87 1.04454764332e-94
421.88 5.71103251515e-95
421.89 3.11978542284e-95
421.9 1.70277995375e-95
421.91 9.28572986916e-96
421.92 5.05937970966e-96
421.93 2.75424275978e-96
421.94 1.4980657354e-96
421.95 8.1411027761e-97
421.96 4.42037706299e-97
421.97 2.3980548286e-97
421.98 1.29981819735e-97
421.99 7.03930575786e-98
422.0 3.80891042012e-98
422.01 2.0591851642e-98
422.02 1.11227904394e-98
422.03 6.00282692302e-99
422.04 3.23684274764e-99
422.05 1.74385789881e-99
422.06 9.38694551622e-100
422.07 5.04848667083e-100
422.08 2.71282540142e-100
422.09 1.4564855662e-100
422.1 7.8129355084e-101
422.11 4.18741501806e-101
422.12 2.24234011095e-101
422.13 1.19972215101e-101
422.14 6.4133299203e-102
422.15 3.42539136609e-102
422.16 1.82793407238e-102
422.17 9.74618318589e-103
422.18 5.19197179291e-103
422.19 2.76346387206e-103
422.2 1.46959941571e-103
422.21 7.80850445705e-104
422.22 4.14534295734e-104
422.23 2.19875471537e-104
422.24 1.16524383333e-104
422.25 6.16993452246e-105
422.26 3.26413422839e-105
422.27 1.72535781974e-105
422.28 9.11200723616e-106
422.29 4.80809065883e-106
422.3 2.53486568524e-106
422.31 1.33524502744e-106
422.32 7.02733567114e-107
422.33 3.69525268065e-107
422.34 1.94142802814e-107
422.35 1.019112579e-107
422.36 5.34498808765e-108
422.37 2.80088342566e-108
422.38 1.46644925114e-108
422.39 7.67119027593e-109
422.4 4.00942583639e-109
422.41 2.09375242127e-109
422.42 1.09242638541e-109
422.43 5.694856015e-110
422.44 2.96617675849e-110
422.45 1.54360088781e-110
422.46 8.02595507062e-111
422.47 4.1694823645e-111
422.48 2.16416949323e-111
422.49 1.12233915101e-111
422.5 5.81541439857e-112
422.51 3.01065460631e-112
422.52 1.55727357431e-112
422.53 8.04808595539e-113
422.54 4.15569830039e-113
422.55 2.14397209148e-113
422.56 1.10514167713e-113
422.57 5.69168032009e-114
422.58 2.92878002599e-114
422.59 1.50576334602e-114
422.6 7.7348233702e-115
422.61 3.96979237168e-115
422.62 2.0356771297e-115
422.63 1.04297455823e-115
422.64 5.33902856253e-116
422.65 2.73070311897e-116
422.66 1.3954376648e-116
422.67 7.12475784421e-117
422.68 3.63457376805e-117
422.69 1.85251008085e-117
422.7 9.43390252522e-118
422.71 4.8000515534e-118
422.72 2.44019274441e-118
422.73 1.2394416147e-118
422.74 6.29001568383e-119
422.75 3.18934202538e-119
422.76 1.61575003954e-119
422.77 8.17844933174e-120
422.78 4.13610420778e-120
422.79 2.0899490047e-120
422.8 1.05512428519e-120
422.81 5.32224988528e-121
422.82 2.68232017415e-121
422.83 1.35067133567e-121
422.84 6.79535989896e-122
422.85 3.41585128939e-122
422.86 1.71557283156e-122
422.87 8.6088090954e-123
422.88 4.31619151842e-123
422.89 2.16213122724e-123
422.9 1.08214910359e-123
422.91 5.41147767743e-124
422.92 2.70376132217e-124
422.93 1.3497226731e-124
422.94 6.73200528371e-125
422.95 3.354811055e-125
422.96 1.67038043794e-125
422.97 8.30972090518e-126
422.98 4.13029614894e-126
422.99 2.05116057166e-126
423.0 1.01775170718e-126
423.01 5.04554091023e-127
423.02 2.49917884903e-127
423.03 1.23683183203e-127
423.04 6.11572127141e-128
423.05 3.02140140096e-128
423.06 1.49139568114e-128
423.07 7.35531113574e-129
423.08 3.62437334964e-129
423.09 1.78438482299e-129
423.1 8.77743911381e-130
423.11 4.31390764276e-130
423.12 2.11834929643e-130
423.13 1.03931696221e-130
423.14 5.09474169652e-131
423.15 2.49528432004e-131
423.16 1.22107296942e-131
423.17 5.97017291573e-132
423.18 2.91645926451e-132
423.19 1.42347102768e-132
423.2 6.94168755472e-133
423.21 3.3822460996e-133
423.22 1.64652776901e-133
423.23 8.00860044664e-134
423.24 3.89195586746e-134
423.25 1.88974367069e-134
423.26 9.16772556815e-135
423.27 4.44369273943e-135
423.28 2.15203907111e-135
423.29 1.04130989275e-135
423.3 5.03423574889e-136
423.31 2.43170460271e-136
423.32 1.17357756015e-136
423.33 5.65895824295e-137
423.34 2.726370628e-137
423.35 1.31237216887e-137
423.36 6.3117943726e-138
423.37 3.03299981898e-138
423.38 1.45618193639e-138
423.39 6.98526050233e-139
423.4 3.34790624132e-139
423.41 1.60319990905e-139
423.42 7.67053727273e-140
423.43 3.66680320402e-140
423.44 1.75135074815e-140
423.45 8.35761526243e-141
423.46 3.98488075432e-141
423.47 1.89833125163e-141
423.48 9.03550389672e-142
423.49 4.29691210513e-142
423.5 2.0416640195e-142
423.51 9.69249962384e-143
423.52 4.59738657119e-143
423.53 2.17876287016e-143
423.54 1.03165056571e-143
423.55 4.88066487405e-144
423.56 2.30700782943e-144
423.57 1.0895392023e-144
423.58 5.14115107736e-145
423.59 2.42382680403e-145
423.6 1.14173815312e-145
423.61 5.37347405931e-146
423.62 2.52678047185e-146
423.63 1.18714448549e-146
423.64 5.57267043231e-147
423.65 2.61364652497e-147
423.66 1.22476863918e-147
423.67 5.73436027668e-148
423.68 2.68249922636e-148
423.69 1.25377021417e-148
423.7 5.85490702979e-149
423.71 2.73178031368e-149
423.72 1.273489156e-149
423.73 5.93155339125e-150
423.74 2.76035760817e-150
423.75 1.28347072413e-150
423.76 5.9625261553e-151
423.77 2.76756825137e-151
423.78 1.28348292435e-151
423.79 5.94710440516e-152
423.8 2.75324426421e-152
423.81 1.27352547235e-152
423.82 5.88564740729e-153
423.83 2.71771905218e-153
423.84 1.25382980476e-153
423.85 5.77958069829e-154
423.86 2.66181450486e-154
423.87 1.224850137e-154
423.88 5.63134111694e-155
423.89 2.58680938683e-155
423.9 1.18724605049e-155
423.91 5.44428374098e-156
423.92 2.49439071741e-156
423.93 1.1418575413e-156
423.94 5.22255569143e-157
423.95 2.3865907205e-157
423.96 1.089673848e-157
423.97 4.9709434304e-158
423.98 2.26571263329e-158
423.99 1.03179767303e-158
424.0 4.69470139653e-159
424.01 2.134249151e-159
424.02 9.69406601141e-160
424.03 4.39937052304e-160
424.04 1.99479752628e-160
424.05 9.03713591351e-161
424.06 4.09059534008e-161
424.07 1.84997533083e-161
424.08 8.35928375564e-162
424.09 3.77394798821e-162
424.1 1.70234063508e-162
424.11 7.672214456e-163
424.12 3.45476661606e-163
424.13 1.55431989966e-163
424.14 6.98692067647e-164
424.15 3.13801438871e-164
424.16 1.40814624392e-164
424.17 6.31341450968e-165
424.18 2.82816380277e-165
424.19 1.26581001504e-165
424.2 5.6605184196e-166
424.21 2.52910931376e-166
424.22 1.12902278456e-166
424.23 5.03571942348e-167
424.24 2.24410955509e-167
424.25 9.9919510528e-168
424.26 4.44508687659e-168
424.27 1.97575878396e-168
424.28 8.77427621576e-169
424.29 3.8932509207e-169
424.3 1.72598572899e-169
424.31 7.64514485498e-170
424.32 3.38343586882e-170
424.33 1.49607681323e-170
424.34 6.60957519354e-171
424.35 2.91754064978e-171
424.36 1.28671983668e-171
424.37 5.66989203695e-172
424.38 2.49625699548e-172
424.39 1.09806364496e-172
424.4 4.82602362512e-173
424.41 2.11921532898e-173
424.42 9.29789082201e-174
424.43 4.07584359689e-174
424.44 1.78514826024e-174
424.45 7.81186598295e-175
424.46 3.41553696368e-175
424.47 1.49206213054e-175
424.48 6.51236207458e-176
424.49 2.8399708449e-176
424.5 1.23740805067e-176
424.51 5.38686020652e-177
424.52 2.34305339689e-177
424.53 1.01824521804e-177
424.54 4.42126233888e-178
424.55 1.9180675723e-178
424.56 8.31390836965e-179
424.57 3.60056186071e-179
424.58 1.55796979133e-179
424.59 6.73552574922e-180
424.6 2.90942845094e-180
424.61 1.25564703256e-180
424.62 5.41441051365e-181
424.63 2.33269790081e-181
424.64 1.0041290445e-181
424.65 4.31861284813e-182
424.66 1.85576392573e-182
424.67 7.9675518141e-183
424.68 3.41783251591e-183
424.69 1.46487433601e-183
424.7 6.27297672508e-184
424.71 2.68392696976e-184
424.72 1.14733812535e-184
424.73 4.90044893985e-185
424.74 2.09124070763e-185
424.75 8.91653035648e-186
424.76 3.79849424938e-186
424.77 1.61677939816e-186
424.78 6.87565017728e-187
424.79 2.92146367426e-187
424.8 1.24025481405e-187
424.81 5.26071851604e-188
424.82 2.22947661065e-188
424.83 9.44027159077e-189
424.84 3.99383179128e-189
424.85 1.6881800473e-189
424.86 7.12970349084e-190
424.87 3.00848525423e-190
424.88 1.26837600656e-190
424.89 5.34283621892e-191
424.9 2.24863733545e-191
424.91 9.45563469684e-192
424.92 3.97269904946e-192
424.93 1.66764789586e-192
424.94 6.99434041633e-193
424.95 2.93098019653e-193
424.96 1.22716430693e-193
424.97 5.1335318206e-194
424.98 2.14562348576e-194
424.99 8.96013354683e-195
425.0 3.73851531064e-195
425.01 1.55850269283e-195
425.02 6.49141930775e-196
425.03 2.70144096545e-196
425.04 1.12324634032e-196
425.05 4.66636016168e-197
425.06 1.93689113603e-197
425.07 8.03259517631e-198
425.08 3.32835974718e-198
425.09 1.37793380391e-198
425.1 5.69967589138e-199
425.11 2.35556817943e-199
425.12 9.72668631036e-200
425.13 4.01289552779e-200
425.14 1.65414855312e-200
425.15 6.81263117998e-201
425.16 2.803360559e-201
425.17 1.15256851686e-201
425.18 4.73454510553e-202
425.19 1.94318199115e-202
425.2 7.96842350587e-203
425.21 3.26478849584e-203
425.22 1.33647674849e-203
425.23 5.46627499247e-204
425.24 2.23380499149e-204
425.25 9.12058616448e-205
425.26 3.72069402321e-205
425.27 1.51652255957e-205
425.28 6.17586090725e-206
425.29 2.51286900653e-206
425.3 1.0215647667e-206
425.31 4.14940355293e-207
425.32 1.68394985775e-207
425.33 6.82804459893e-208
425.34 2.7662234284e-208
425.35 1.11970050437e-208
425.36 4.52835227805e-209
425.37 1.829794208e-209
425.38 7.38733858683e-210
425.39 2.97987106598e-210
425.4 1.20096583948e-210
425.41 4.8360139844e-211
425.42 1.94566539252e-211
425.43 7.82118345385e-212
425.44 3.14123555123e-212
425.45 1.26052727602e-212
425.46 5.05391232799e-213
425.47 2.02454238053e-213
425.48 8.1030730405e-214
425.49 3.24038301663e-214
425.5 1.29469256346e-214
425.51 5.16845420021e-215
425.52 2.06147657107e-215
425.53 8.21523227495e-216
425.54 3.27103358526e-216
425.55 1.30128933955e-216
425.56 5.17233271122e-217
425.57 2.05410550688e-217
425.58 8.15047187481e-218
425.59 3.23121958011e-218
425.6 1.27989370511e-218
425.61 5.06529853769e-219
425.62 2.00290293553e-219
425.63 7.91295091621e-220
425.64 3.12349455409e-220
425.65 1.23187529844e-220
425.66 4.85418644415e-221
425.67 1.91112842455e-221
425.68 7.5177348335e-222
425.69 2.95466227357e-222
425.7 1.16025220709e-222
425.71 4.5521930566e-223
425.72 1.78448397936e-223
425.73 6.9892141442e-224
425.74 2.73506563892e-224
425.75 1.06937708158e-224
425.76 4.17751197586e-225
425.77 1.63052794872e-225
425.78 6.35861461235e-226
425.79 2.47753884568e-226
425.8 9.64499826639e-227
425.81 3.75152243318e-227
425.82 1.45792993803e-227
425.83 5.66095200684e-228
425.84 2.19617025094e-228
425.85 8.51267882537e-229
425.86 3.29678180461e-229
425.87 1.27566862284e-229
425.88 4.93184313652e-230
425.89 1.90504109572e-230
425.9 7.3522989106e-231
425.91 2.83508232249e-231
425.92 1.09227477825e-231
425.93 4.20457253773e-232
425.94 1.61709489388e-232
425.95 6.21402326241e-233
425.96 2.38579957096e-233
425.97 9.15205771214e-234
425.98 3.50773887995e-234
425.99 1.34325812282e-234
426.0 5.13943534493e-235
426.01 1.96469459727e-235
426.02 7.50409644926e-236
426.03 2.86368652733e-236
426.04 1.09188338582e-236
426.05 4.15959216752e-237
426.06 1.58324803703e-237
426.07 6.02103119418e-238
426.08 2.28779185103e-238
426.09 8.68532057205e-239
426.1 3.29441957072e-239
426.11 1.24852050182e-239
426.12 4.72755031562e-240
426.13 1.7885469861e-240
426.14 6.76064700019e-241
426.15 2.5532884422e-241
426.16 9.63463376793e-242
426.17 3.63240491737e-242
426.18 1.3682864036e-242
426.19 5.14971839047e-243
426.2 1.93648288113e-243
426.21 7.2755789231e-244
426.22 2.7311475452e-244
426.23 1.02434554223e-244
426.24 3.83858810685e-245
426.25 1.43721008983e-245
426.26 5.37641413318e-246
426.27 2.00950403774e-246
426.28 7.50427541554e-247
426.29 2.79996342852e-247
426.3 1.04380570331e-247
426.31 3.88786059815e-248
426.32 1.44685635522e-248
426.33 5.37977187783e-249
426.34 1.99860061634e-249
426.35 7.41842800297e-250
426.36 2.75119559714e-250
426.37 1.01942378429e-250
426.38 3.77408579495e-251
426.39 1.39602272438e-251
426.4 5.15937291498e-252
426.41 1.905131964e-252
426.42 7.02873096358e-253
426.43 2.59091096788e-253
426.44 9.54227154543e-254
426.45 3.51135521226e-254
426.46 1.29098581998e-254
426.47 4.74233130747e-255
426.48 1.74054807385e-255
426.49 6.38269169662e-256
426.5 2.33854334463e-256
426.51 8.56072789581e-257
426.52 3.13111973059e-257
426.53 1.14422746804e-257
426.54 4.17781087324e-258
426.55 1.52408396939e-258
426.56 5.55511081589e-259
426.57 2.02302044164e-259
426.58 7.36091034136e-260
426.59 2.67600239118e-260
426.6 9.71997569451e-261
426.61 3.5275044738e-261
426.62 1.27906813611e-261
426.63 4.63386630301e-262
426.64 1.67732427026e-262
426.65 6.06616578837e-263
426.66 2.19197316085e-263
426.67 7.91370581164e-264
426.68 2.85461986288e-264
426.69 1.02882232025e-264
426.7 3.70472677838e-265
426.71 1.33289427883e-265
426.72 4.79136146493e-266
426.73 1.72086134785e-266
426.74 6.17527833208e-267
426.75 2.21406775093e-267
426.76 7.93138420537e-268
426.77 2.83877376179e-268
426.78 1.01516418947e-268
426.79 3.62714993844e-269
426.8 1.29484695737e-269
426.81 4.61843765096e-270
426.82 1.64586966907e-270
426.83 5.86029544386e-271
426.84 2.08481389655e-271
426.85 7.41035114149e-272
426.86 2.63168554202e-272
426.87 9.3379794526e-273
426.88 3.31051489237e-273
426.89 1.17263240189e-273
426.9 4.15003679506e-274
426.91 1.46745812342e-274
426.92 5.18445606751e-275
426.93 1.83005605777e-275
426.94 6.45430226284e-276
426.95 2.27435324909e-276
426.96 8.00737654388e-277
426.97 2.81673698309e-277
426.98 9.89979161367e-278
426.99 3.47639824873e-278
427.0 1.21971033701e-278
427.01 4.27570367397e-279
427.02 1.49755301548e-279
427.03 5.240594123e-280
427.04 1.83232521262e-280
427.05 6.40100699829e-281
427.06 2.23417793853e-281
427.07 7.79131796915e-282
427.08 2.71473730318e-282
427.09 9.45079635562e-283
427.1 3.28724983465e-283
427.11 1.14240667438e-283
427.12 3.96672838408e-284
427.13 1.37615676174e-284
427.14 4.77009540663e-285
427.15 1.65199958932e-285
427.16 5.71631979555e-286
427.17 1.97627242831e-286
427.18 6.82654282101e-287
427.19 2.35601764323e-287
427.2 8.12418810698e-288
427.21 2.79901428601e-288
427.22 9.63504998846e-289
427.23 3.31380189392e-289
427.24 1.13873540555e-289
427.25 3.90969445704e-290
427.26 1.34117832375e-290
427.27 4.59678239477e-291
427.28 1.57414624412e-291
427.29 5.38592029554e-292
427.3 1.84118945667e-292
427.31 6.28869814055e-293
427.32 2.14608407125e-293
427.33 7.31739376162e-294
427.34 2.49281375846e-294
427.35 8.48490438448e-295
427.36 2.88554455711e-295
427.37 9.80465529239e-296
427.38 3.32859216623e-296
427.39 1.1290483917e-296
427.4 3.82638124046e-297
427.41 1.2956498031e-297
427.42 4.38339633924e-298
427.43 1.48169071819e-298
427.44 5.00412434308e-299
427.45 1.68858270701e-299
427.46 5.69298834286e-300
427.47 1.91770572288e-300
427.48 6.45427323015e-301
427.49 2.17038331104e-301
427.5 7.29204346357e-302
427.51 2.44785544958e-302
427.52 8.21005375415e-303
427.53 2.75124930207e-303
427.54 9.21165369592e-304
427.55 3.08154825206e-304
427.56 1.02996876582e-304
427.57 3.43955968197e-305
427.58 1.1476391546e-305
427.59 3.82588204887e-306
427.6 1.27432883134e-306
427.61 4.2408718951e-307
427.62 1.41010843727e-307
427.63 4.68461150866e-308
427.64 1.55495692686e-308
427.65 5.15687801279e-309
427.66 1.70875211663e-309
427.67 5.65711471421e-310
427.68 1.87126208342e-310
427.69 6.18440556974e-311
427.7 2.04213768622e-311
427.71 6.73745364038e-312
427.72 2.22090648513e-312
427.73 7.3145643866e-313
427.74 2.40696832179e-313
427.75 7.91363461684e-314
427.76 2.59959280839e-314
427.77 8.53214783325e-315
427.78 2.79791894481e-315
427.79 9.16717664789e-316
427.8 3.00095705495e-316
427.81 9.81539270209e-317
427.82 3.20759324262e-317
427.83 1.04730849848e-317
427.84 3.41659733872e-318
427.85 1.11361902507e-318
427.86 3.62663946673e-319
427.87 1.18002638853e-319
427.88 3.83641973996e-320
427.89 1.24603355881e-320
427.9 4.04639763944e-321
427.91 1.30927396148e-321
427.92 4.24896455423e-322
427.93 1.38338380836e-322
427.94 4.44659081257e-323
427.95 1.48219693752e-323
427.96 4.94065645841e-324
427.97 0.0
427.98 0.0
427.99 0.0
428.0 0.0
428.01 0.0
428.02 0.0
428.03 0.0
428.04 0.0
428.05 0.0
428.06 0.0
428.07 0.0
428.08 0.0
428.09 0.0
428.1 0.0
428.11 0.0
428.12 0.0
428.13 0.0
428.14 0.0
428.15 0.0
428.16 0.0
428.17 0.0
428.18 0.0
428.19 0.0
428.2 0.0
428.21 0.0
428.22 0.0
428.23 0.0
428.24 0.0
428.25 0.0
428.26 0.0
428.27 0.0
428.28 0.0
428.29 0.0
428.3 0.0
428.31 0.0
428.32 0.0
428.33 0.0
428.34 0.0
428.35 0.0
428.36 0.0
428.37 0.0
428.38 0.0
428.39 0.0
428.4 0.0
428.41 0.0
428.42 0.0
428.43 0.0
428.44 0.0
428.45 0.0
428.46 0.0
428.47 0.0
428.48 0.0
428.49 0.0
428.5 0.0
428.51 0.0
428.52 0.0
428.53 0.0
428.54 0.0
428.55 0.0
428.56 0.0
428.57 0.0
428.58 0.0
428.59 0.0
428.6 0.0
428.61 0.0
428.62 0.0
428.63 0.0
428.64 0.0
428.65 0.0
428.66 0.0
428.67 0.0
428.68 0.0
428.69 0.0
428.7 0.0
428.71 0.0
428.72 0.0
428.73 0.0
428.74 0.0
428.75 0.0
428.76 0.0
428.77 0.0
428.78 0.0
428.79 0.0
428.8 0.0
428.81 0.0
428.82 0.0
428.83 0.0
428.84 0.0
428.85 0.0
428.86 0.0
428.87 0.0
428.88 0.0
428.89 0.0
428.9 0.0
428.91 0.0
428.92 0.0
428.93 0.0
428.94 0.0
428.95 0.0
428.96 0.0
428.97 0.0
428.98 0.0
428.99 0.0
429.0 0.0
429.01 0.0
429.02 0.0
429.03 0.0
429.04 0.0
429.05 0.0
429.06 0.0
429.07 0.0
429.08 0.0
429.09 0.0
429.1 0.0
429.11 0.0
429.12 0.0
429.13 0.0
429.14 0.0
429.15 0.0
429.16 0.0
429.17 0.0
429.18 0.0
429.19 0.0
429.2 0.0
429.21 0.0
429.22 0.0
429.23 0.0
429.24 0.0
429.25 0.0
429.26 0.0
429.27 0.0
429.28 0.0
429.29 0.0
429.3 0.0
429.31 0.0
429.32 0.0
429.33 0.0
429.34 0.0
429.35 0.0
429.36 0.0
429.37 0.0
429.38 0.0
429.39 0.0
429.4 0.0
429.41 0.0
429.42 0.0
429.43 0.0
429.44 0.0
429.45 0.0
429.46 0.0
429.47 0.0
429.48 0.0
429.49 0.0
429.5 0.0
429.51 0.0
429.52 0.0
429.53 0.0
429.54 0.0
429.55 0.0
429.56 0.0
429.57 0.0
429.58 0.0
429.59 0.0
429.6 0.0
429.61 0.0
429.62 0.0
429.63 0.0
429.64 0.0
429.65 0.0
429.66 0.0
429.67 0.0
429.68 0.0
429.69 0.0
429.7 0.0
429.71 0.0
429.72 0.0
429.73 0.0
429.74 0.0
429.75 0.0
429.76 0.0
429.77 0.0
429.78 0.0
429.79 0.0
429.8 0.0
429.81 0.0
429.82 0.0
429.83 0.0
429.84 0.0
429.85 0.0
429.86 0.0
429.87 0.0
429.88 0.0
429.89 0.0
429.9 0.0
429.91 0.0
429.92 0.0
429.93 0.0
429.94 0.0
429.95 0.0
429.96 0.0
429.97 0.0
429.98 0.0
429.99 0.0
