400.0 2.42023947548e-77
400.01 4.1682581906e-77
400.02 7.17256671874e-77
400.03 1.23315677617e-76
400.04 2.11829140081e-76
400.05 3.63560611482e-76
400.06 6.23435688388e-76
400.07 1.06814498728e-75
400.08 1.82848948093e-75
400.09 3.127364041e-75
400.1 5.3442666972e-75
400.11 9.12476145781e-75
400.12 1.55660574638e-74
400.13 2.6531356266e-74
400.14 4.51818475594e-74
400.15 7.68762575386e-74
400.16 1.30690552081e-73
400.17 2.21983075774e-73
400.18 3.76720495976e-73
400.19 6.3876681582e-73
400.2 1.08215421626e-72
400.21 1.83172249091e-72
400.22 3.09780383126e-72
400.23 5.23445968941e-72
400.24 8.83717630166e-72
400.25 1.49066100738e-71
400.26 2.51227962394e-71
400.27 4.23039356744e-71
400.28 7.11733295092e-71
400.29 1.19640303167e-70
400.3 2.00937705839e-70
400.31 3.37185652378e-70
400.32 5.65327935199e-70
400.33 9.47012079076e-70
400.34 1.58501838145e-69
400.35 2.6505548769e-69
400.36 4.4285648627e-69
400.37 7.39286766266e-69
400.38 1.2330666925e-68
400.39 2.05486792874e-68
400.4 3.42140884403e-68
400.41 5.69180150102e-68
400.42 9.46059019561e-68
400.43 1.57112387318e-67
400.44 2.60691179762e-67
400.45 4.32181288233e-67
400.46 7.15861975241e-67
400.47 1.18472169549e-66
400.48 1.95896691556e-66
400.49 3.23639538805e-66
400.5 5.34219526863e-66
400.51 8.81052231745e-66
400.52 1.45180158221e-65
400.53 2.39021290921e-65
400.54 3.93178374084e-65
400.55 6.46199131035e-65
400.56 1.06112569112e-64
400.57 1.74096885436e-64
400.58 2.85390088749e-64
400.59 4.67423436275e-64
400.6 7.64901994953e-64
400.61 1.2506184054e-63
400.62 2.04299616185e-63
400.63 3.33452515535e-63
400.64 5.4378116131e-63
400.65 8.86008789375e-63
400.66 1.44236646013e-62
400.67 2.34604810184e-62
400.68 3.81260595792e-62
400.69 6.19057008263e-62
400.7 1.00429911365e-61
400.71 1.62786815257e-61
400.72 2.63632584132e-61
400.73 4.26582130572e-61
400.74 6.89651910863e-61
400.75 1.11398909953e-60
400.76 1.79785909378e-60
400.77 2.89903910473e-60
400.78 4.67063800037e-60
400.79 7.51834162762e-60
400.8 1.20918183889e-59
400.81 1.94305407953e-59
400.82 3.11962127224e-59
400.83 5.00429116677e-59
400.84 8.02060226226e-59
400.85 1.28438463904e-58
400.86 2.05497686907e-58
400.87 3.28505379062e-58
400.88 5.24688741214e-58
400.89 8.37306991647e-58
400.9 1.33503116074e-57
400.91 2.12677624137e-57
400.92 3.38513435242e-57
400.93 5.3833638338e-57
400.94 8.55372468139e-57
400.95 1.35793979286e-56
400.96 2.15391953441e-56
400.97 3.41351760861e-56
400.98 5.40503527326e-56
400.99 8.55103393635e-56
401.0 1.35164437077e-55
401.01 2.13466614577e-55
401.02 3.36838091167e-55
401.03 5.31050895004e-55
401.04 8.36517065244e-55
401.05 1.31654945519e-54
401.06 2.07025223773e-54
401.07 3.25261799429e-54
401.08 5.10583258174e-54
401.09 8.00799499284e-54
401.1 1.25488731131e-53
401.11 1.96475940145e-53
401.12 3.07353197538e-53
401.13 4.80385409397e-53
401.14 7.50180193056e-53
401.15 1.17048294745e-52
401.16 1.82468667691e-52
401.17 2.84207296623e-52
401.18 4.42288715269e-52
401.19 6.87701871725e-52
401.2 1.06836159178e-51
401.21 1.65828830964e-51
401.22 2.57173090712e-51
401.23 3.98487517587e-51
401.24 6.16918270004e-51
401.25 9.54254583622e-51
401.26 1.47477100283e-50
401.27 2.27723912891e-50
401.28 3.51330940011e-50
401.29 5.41561609601e-50
401.3 8.34071065604e-50
401.31 1.28345886256e-49
401.32 1.97326114057e-49
401.33 3.03117413259e-49
401.34 4.65222725535e-49
401.35 7.13402569145e-49
401.36 1.09303011875e-48
401.37 1.67322098197e-48
401.38 2.55916440838e-48
401.39 3.91081061122e-48
401.4 5.97116531625e-48
401.41 9.10909261822e-48
401.42 1.38840079317e-47
401.43 2.114356917e-47
401.44 3.21710667008e-47
401.45 4.89075980042e-47
401.46 7.42866748206e-47
401.47 1.12737712075e-46
401.48 1.70942962901e-46
401.49 2.58974468222e-46
401.5 3.92000287237e-46
401.51 5.92842777145e-46
401.52 8.95811004812e-46
401.53 1.3524367585e-45
401.54 2.04005206537e-45
401.55 3.07460443476e-45
401.56 4.62978645044e-45
401.57 6.96556553186e-45
401.58 1.04706952048e-44
401.59 1.57260034127e-44
401.6 2.35985286516e-44
401.61 3.53814150989e-44
401.62 5.30016248887e-44
401.63 7.93280688421e-44
401.64 1.1862829605e-43
401.65 1.7724476428e-43
401.66 2.64595376171e-43
401.67 3.9465244565e-43
401.68 5.88126920369e-43
401.69 8.75691293396e-43
401.7 1.30273090797e-42
401.71 1.93634222051e-42
401.72 2.87563145471e-42
401.73 4.26685660944e-42
401.74 6.32567075796e-42
401.75 9.36976787078e-42
401.76 1.38667533933e-41
401.77 2.0504277226e-41
401.78 3.0292690695e-41
401.79 4.47151764066e-41
401.8 6.59471085833e-41
401.81 9.71762826846e-41
401.82 1.43069980282e-40
401.83 2.10455589782e-40
401.84 3.0931154177e-40
401.85 4.54208752493e-40
401.86 6.66405517569e-40
401.87 9.76889366224e-40
401.88 1.43078998859e-39
401.89 2.09377550969e-39
401.9 3.06131522347e-39
401.91 4.4720813927e-39
401.92 6.52732233447e-39
401.93 9.51884231891e-39
401.94 1.38693758777e-38
401.95 2.01907948571e-38
401.96 2.93679496432e-38
401.97 4.26793257557e-38
401.98 6.19705264268e-38
401.99 8.99034863454e-38
402.0 1.30314155527e-37
402.01 1.88725405457e-37
402.02 2.73081860263e-37
402.03 3.94801733335e-37
402.04 5.70281077249e-37
402.05 8.23043111448e-37
402.06 1.18680651025e-36
402.07 1.70986163553e-36
402.08 2.46130667038e-36
402.09 3.53992614938e-36
402.1 5.08682020205e-36
402.11 7.30335288554e-36
402.12 1.04766369911e-35
402.13 1.50156874277e-35
402.14 2.15026633169e-35
402.15 3.07654309606e-35
402.16 4.39802267047e-35
402.17 6.28167751142e-35
402.18 8.96432353604e-35
402.19 1.27815381506e-34
402.2 1.82084270832e-34
402.21 2.5917043311e-34
402.22 3.68571873461e-34
402.23 5.23700077719e-34
402.24 7.43475735218e-34
402.25 1.05456820239e-33
402.26 1.49453557761e-33
402.27 2.11622361381e-33
402.28 2.99392258786e-33
402.29 4.2319769156e-33
402.3 5.97681379491e-33
402.31 8.43373350996e-33
402.32 1.18903252554e-32
402.33 1.67490935386e-32
402.34 2.35728771956e-32
402.35 3.3148019982e-32
402.36 4.6572151625e-32
402.37 6.53760573579e-32
402.38 9.16927212215e-32
402.39 1.28491591998e-31
402.4 1.79902944177e-31
402.41 2.51666578099e-31
402.42 3.51751963084e-31
402.43 4.91214556587e-31
402.44 6.85377177913e-31
402.45 9.55458354519e-31
402.46 1.33081472658e-30
402.47 1.85202628597e-30
402.48 2.57513740481e-30
402.49 3.57748136747e-30
402.5 4.96567242125e-30
402.51 6.88656204541e-30
402.52 9.5422452748e-30
402.53 1.32105956191e-29
402.54 1.82733399909e-29
402.55 2.52544074529e-29
402.56 3.48722640069e-29
402.57 4.81112695689e-29
402.58 6.63188830501e-29
402.59 9.1337958733e-29
402.6 1.25686638872e-28
402.61 1.72802744515e-28
402.62 2.37375488622e-28
402.63 3.25795303998e-28
402.64 4.46763290577e-28
402.65 6.1211617312e-28
402.66 8.37941963962e-28
402.67 1.14608740214e-27
402.68 1.56619289581e-27
402.69 2.13843706398e-27
402.7 2.91723495715e-27
402.71 3.97621681446e-27
402.72 5.41492465953e-27
402.73 7.36781125705e-27
402.74 1.00163220065e-26
402.75 1.36051011923e-26
402.76 1.84637107233e-26
402.77 2.50357099134e-26
402.78 3.39175556906e-26
402.79 4.59105922513e-26
402.8 6.20904712786e-26
402.81 8.3899762169e-26
402.82 1.13271386293e-25
402.83 1.52792984573e-25
402.84 2.05925592986e-25
402.85 2.77294304066e-25
402.86 3.73074258775e-25
402.87 5.01502766751e-25
402.88 6.73558148347e-25
402.89 9.03858752595e-25
402.9 1.21185247443e-24
402.91 1.62338920043e-24
402.92 2.17279755331e-24
402.93 2.90562515787e-24
402.94 3.88225111351e-24
402.95 5.18264392768e-24
402.96 6.9126223765e-24
402.97 9.21208648221e-24
402.98 1.22658286243e-23
402.99 1.6317720542e-23
403.0 2.16893133035e-23
403.01 2.88042005349e-23
403.02 3.82199013652e-23
403.03 5.06695457111e-23
403.04 6.71163255077e-23
403.05 8.8824556e-23
403.06 1.17452328585e-22
403.07 1.55172204485e-22
403.08 2.04828290888e-22
403.09 2.7014047854e-22
403.1 3.55969756098e-22
403.11 4.68662548354e-22
403.12 6.16497203373e-22
403.13 8.10262397105e-22
403.14 1.06400573958e-21
403.15 1.3960017714e-21
403.16 1.83000248957e-21
403.17 2.39685137113e-21
403.18 3.13656462776e-21
403.19 4.10101246332e-21
403.2 5.35737011037e-21
403.21 6.9925555324e-21
403.22 9.11893059548e-21
403.23 1.18816186439e-20
403.24 1.54678880525e-20
403.25 2.01191738772e-20
403.26 2.61464649777e-20
403.27 3.39499804843e-20
403.28 4.40443079231e-20
403.29 5.70904891408e-20
403.3 7.39369361886e-20
403.31 9.56715585628e-20
403.32 1.23688111963e-19
403.33 1.59770569805e-19
403.34 2.06200313078e-19
403.35 2.65892182693e-19
403.36 3.42567004761e-19
403.37 4.40970162066e-19
403.38 5.67148242404e-19
403.39 7.28798867915e-19
403.4 9.35712649736e-19
403.41 1.20033100571e-18
403.42 1.53844955607e-18
403.43 1.970104258e-18
403.44 2.52068670629e-18
403.45 3.22234654755e-18
403.46 4.11575326313e-18
403.47 5.25230732832e-18
403.48 6.69691275902e-18
403.49 8.53145030255e-18
403.5 1.08591242322e-17
403.51 1.38098973521e-17
403.52 1.75472802331e-17
403.53 2.2276804103e-17
403.54 2.82565849302e-17
403.55 3.58104823735e-17
403.56 4.53444754692e-17
403.57 5.73670220973e-17
403.58 7.25143473922e-17
403.59 9.15818245838e-17
403.6 1.15562879088e-16
403.61 1.45697173656e-16
403.62 1.83530231965e-16
403.63 2.30987145768e-16
403.64 2.90463605491e-16
403.65 3.64938218677e-16
403.66 4.58110962329e-16
403.67 5.74573686979e-16
403.68 7.20019891818e-16
403.69 9.01502569121e-16
403.7 1.12775082948e-15
403.71 1.40955833564e-15
403.72 1.76025937363e-15
403.73 2.19631177362e-15
403.74 2.73800997608e-15
403.75 3.41035646111e-15
403.76 4.24412568629e-15
403.77 5.27716180824e-15
403.78 6.55596003165e-15
403.79 8.13759171366e-15
403.8 1.00920456843e-14
403.81 1.25050730147e-14
403.82 1.54816401406e-14
403.83 1.91501163713e-14
403.84 2.36673470398e-14
403.85 2.92247936273e-14
403.86 3.60559580366e-14
403.87 4.44453508328e-14
403.88 5.47393139733e-14
403.89 6.73590687506e-14
403.9 8.28164310803e-14
403.91 1.01732720881e-13
403.92 1.24861492434e-13
403.93 1.53115831e-13
403.94 1.87601100779e-13
403.95 2.29654194232e-13
403.96 2.80890527102e-13
403.97 3.43260252175e-13
403.98 4.19115433744e-13
403.99 5.11290240467e-13
404.0 6.23196584705e-13
404.01 7.58938070391e-13
404.02 9.23445619323e-13
404.03 1.12263873949e-12
404.04 1.3636170922e-12
404.05 1.65488782323e-12
404.06 2.00663506506e-12
404.07 2.43103911298e-12
404.08 2.94265405147e-12
404.09 3.5588540857e-12
404.1 4.30036054698e-12
404.11 5.19186352619e-12
404.12 6.26275438542e-12
404.13 7.5479880507e-12
404.14 9.08909704984e-12
404.15 1.09353827876e-11
404.16 1.31453136107e-11
404.17 1.57881638862e-11
404.18 1.89459336745e-11
404.19 2.27155947319e-11
404.2 2.72117156165e-11
404.21 3.25695267305e-11
404.22 3.89484953371e-11
404.23 4.65364910952e-11
404.24 5.55546346263e-11
404.25 6.62629352522e-11
404.26 7.89668395328e-11
404.27 9.40248298115e-11
404.28 1.1185723191e-10
404.29 1.32956413683e-10
404.3 1.5789858165e-10
404.31 1.87357411754e-10
404.32 2.22119782751e-10
404.33 2.63103917359e-10
404.34 3.1138027738e-10
404.35 3.6819560526e-10
404.36 4.35000556296e-10
404.37 5.13481423718e-10
404.38 6.05596523724e-10
404.39 7.13617879927e-10
404.4 8.40178927383e-10
404.41 9.88329046194e-10
404.42 1.16159583454e-09
404.43 1.36405614177e-09
404.44 1.60041700492e-09
404.45 1.87610776793e-09
404.46 2.19738481256e-09
404.47 2.57145049573e-09
404.48 3.00658806967e-09
404.49 3.5123145616e-09
404.5 4.09955380894e-09
404.51 4.78083208641e-09
404.52 5.57049902418e-09
404.53 6.48497680273e-09
404.54 7.54304092245e-09
404.55 8.76613618514e-09
404.56 1.01787318932e-08
404.57 1.18087206703e-08
404.58 1.36878657386e-08
404.59 1.58523019521e-08
404.6 1.83430963844e-08
404.61 2.12068748064e-08
404.62 2.44965209642e-08
404.63 2.82719561793e-08
404.64 3.26010074489e-08
404.65 3.7560372918e-08
404.66 4.32366943328e-08
404.67 4.97277468611e-08
404.68 5.7143757489e-08
404.69 6.56088640632e-08
404.7 7.52627279495e-08
404.71 8.62623142223e-08
404.72 9.87838542757e-08
404.73 1.1302500676e-07
404.74 1.29207233789e-07
404.75 1.47578410444e-07
404.76 1.68415686666e-07
404.77 1.92028621772e-07
404.78 2.18762612917e-07
404.79 2.49002639953e-07
404.8 2.83177350242e-07
404.81 3.2176350807e-07
404.82 3.65290834374e-07
404.83 4.14347263485e-07
404.84 4.69584644586e-07
404.85 5.31724916426e-07
404.86 6.01566784648e-07
404.87 6.79992931763e-07
404.88 7.67977790343e-07
404.89 8.66595910426e-07
404.9 9.77030952307e-07
404.91 1.10058533596e-06
404.92 1.23869057809e-06
404.93 1.39291834735e-06
404.94 1.56499226757e-06
404.95 1.75680049767e-06
404.96 1.97040911572e-06
404.97 2.20807633253e-06
404.98 2.47226755835e-06
404.99 2.76567134329e-06
405.0 3.09121620916e-06
405.01 3.45208838681e-06
405.02 3.85175046889e-06
405.03 4.29396098323e-06
405.04 4.78279488681e-06
405.05 5.32266497437e-06
405.06 5.91834418921e-06
405.07 6.57498881633e-06
405.08 7.29816253052e-06
405.09 8.09386126318e-06
405.1 8.96853884248e-06
405.11 9.92913335152e-06
405.12 1.09830941385e-05
405.13 1.21384094018e-05
405.14 1.34036342602e-05
405.15 1.47879192069e-05
405.16 1.6301038832e-05
405.17 1.79534206844e-05
405.18 1.97561741306e-05
405.19 2.17211190521e-05
405.2 2.38608142083e-05
405.21 2.61885850781e-05
405.22 2.87185509749e-05
405.23 3.14656512173e-05
405.24 3.44456701201e-05
405.25 3.76752605563e-05
405.26 4.11719658243e-05
405.27 4.49542395428e-05
405.28 4.90414632785e-05
405.29 5.34539616022e-05
405.3 5.82130142538e-05
405.31 6.33408650894e-05
405.32 6.88607274707e-05
405.33 7.47967857522e-05
405.34 8.11741925143e-05
405.35 8.80190611857e-05
405.36 9.53584536997e-05
405.37 0.000103220362826
405.38 0.000111633688829
405.39 0.000120628210094
405.4 0.000130234547407
405.41 0.00014048412153
405.42 0.000151409103799
405.43 0.000163042359423
405.44 0.000175417383234
405.45 0.000188568227649
405.46 0.000202529422621
405.47 0.000217335887415
405.48 0.00023302283407
405.49 0.000249625662443
405.5 0.000267179846796
405.51 0.00028572081392
405.52 0.000305283812852
405.53 0.000325903776291
405.54 0.000347615173882
405.55 0.000370451857611
405.56 0.000394446899587
405.57 0.000419632422601
405.58 0.000446039423877
405.59 0.000473697592527
405.6 0.000502635121289
405.61 0.0005328785132
405.62 0.000564452383922
405.63 0.00059737926051
405.64 0.000631679377503
405.65 0.000667370471255
405.66 0.000704467573517
405.67 0.000742982805325
405.68 0.000782925172317
405.69 0.000824300362663
405.7 0.00086711054882
405.71 0.000911354194395
405.72 0.000957025867401
405.73 0.00100411606127
405.74 0.00105261102495
405.75 0.00110249260347
405.76 0.00115373809035
405.77 0.00120632009319
405.78 0.00126020641388
405.79 0.00131535994462
405.8 0.00137173858121
405.81 0.00142929515466
405.82 0.00148797738254
405.83 0.00154772784097
405.84 0.00160848395845
405.85 0.00167017803245
405.86 0.00173273726955
405.87 0.00179608384994
405.88 0.00186013501703
405.89 0.00192480319235
405.9 0.00198999611652
405.91 0.00205561701626
405.92 0.00212156479754
405.93 0.00218773426502
405.94 0.00225401636727
405.95 0.00232029846766
405.96 0.00238646464017
405.97 0.00245239598966
405.98 0.00251797099545
405.99 0.00258306587754
406.0 0.002647554984
406.01 0.00271131119841
406.02 0.00277420636587
406.03 0.00283611173594
406.04 0.00289689842078
406.05 0.00295643786681
406.06 0.00301460233778
406.07 0.00307126540734
406.08 0.00312630245902
406.09 0.00317959119136
406.1 0.00323101212614
406.11 0.00328044911728
406.12 0.00332778985842
406.13 0.00337292638659
406.14 0.00341575558016
406.15 0.00345617964845
406.16 0.00349410661124
406.17 0.00352945076587
406.18 0.00356213314007
406.19 0.00359208192866
406.2 0.00361923291234
406.21 0.00364352985697
406.22 0.00366492489188
406.23 0.00368337886599
406.24 0.00369886168042
406.25 0.00371135259693
406.26 0.00372084052119
406.27 0.00372732426042
406.28 0.0037308127551
406.29 0.0037313252845
406.3 0.00372889164612
406.31 0.00372355230929
406.32 0.00371535854336
406.33 0.00370437252119
406.34 0.0036906673986
406.35 0.00367432737096
406.36 0.00365544770794
406.37 0.00363413476782
406.38 0.00361050599267
406.39 0.00358468988613
406.4 0.00355682597525
406.41 0.00352706475821
406.42 0.00349556763975
406.43 0.00346250685595
406.44 0.00342806539035
406.45 0.00339243688309
406.46 0.00335582553491
406.47 0.00331844600761
406.48 0.00328052332268
406.49 0.00324229275954
406.5 0.00320399975463
406.51 0.0031658998028
406.52 0.00312825836166
406.53 0.00309135075999
406.54 0.00305546211055
406.55 0.00302088722778
406.56 0.00298793055028
406.57 0.00295690606808
406.58 0.00292813725392
406.59 0.00290195699805
406.6 0.00287870754519
406.61 0.00285874043245
406.62 0.0028424164264
406.63 0.00283010545732
406.64 0.00282218654835
406.65 0.00281904773694
406.66 0.00282108598574
406.67 0.0028287070799
406.68 0.00284232550732
406.69 0.00286236431838
406.7 0.00288925496142
406.71 0.00292343709008
406.72 0.00296535833834
406.73 0.00301547405946
406.74 0.00307424702441
406.75 0.00314214707568
406.76 0.00321965073253
406.77 0.0033072407434
406.78 0.00340540558173
406.79 0.00351463888145
406.8 0.00363543880847
406.81 0.00376830736518
406.82 0.00391374962481
406.83 0.00407227289321
406.84 0.00424438579591
406.85 0.0044305972887
406.86 0.00463141559069
406.87 0.00484734703904
406.88 0.00507889486546
406.89 0.00532655789499
406.9 0.00559082916821
406.91 0.00587219448893
406.92 0.0061711308997
406.93 0.00648810508869
406.94 0.00682357173177
406.95 0.00717797177461
406.96 0.00755173066022
406.97 0.00794525650817
406.98 0.00835893825231
406.99 0.00879314374458
407.0 0.0092482178331
407.01 0.00972448042343
407.02 0.0102222245322
407.03 0.0107417143435
407.04 0.0112831832776
407.05 0.0118468320834
407.06 0.0124328269662
407.07 0.0130412977605
407.08 0.0136723361616
407.09 0.0143259940251
407.1 0.0150022817492
407.11 0.0157011667478
407.12 0.0164225720286
407.13 0.0171663748863
407.14 0.0179324057214
407.15 0.0187204469952
407.16 0.0195302323314
407.17 0.0203614457723
407.18 0.0212137211991
407.19 0.0220866419229
407.2 0.0229797404542
407.21 0.0238924984558
407.22 0.024824346884
407.23 0.0257746663221
407.24 0.0267427875085
407.25 0.0277279920606
407.26 0.0287295133947
407.27 0.0297465378405
407.28 0.0307782059495
407.29 0.0318236139904
407.3 0.0328818156306
407.31 0.0339518237949
407.32 0.0350326126956
407.33 0.0361231200256
407.34 0.037222249305
407.35 0.038328872371
407.36 0.0394418319998
407.37 0.0405599446491
407.38 0.0416820033073
407.39 0.0428067804374
407.4 0.0439330310012
407.41 0.0450594955486
407.42 0.0461849033597
407.43 0.0473079756231
407.44 0.0484274286365
407.45 0.0495419770146
407.46 0.0506503368914
407.47 0.0517512291004
407.48 0.0528433823213
407.49 0.0539255361791
407.5 0.0549964442836
407.51 0.0560548771973
407.52 0.0570996253214
407.53 0.0581295016897
407.54 0.0591433446615
407.55 0.0601400205057
407.56 0.0611184258689
407.57 0.0620774901222
407.58 0.0630161775816
407.59 0.0639334895983
407.6 0.0648284665169
407.61 0.0657001894984
407.62 0.0665477822099
407.63 0.0673704123783
407.64 0.068167293212
407.65 0.06893768469
407.66 0.0696808947235
407.67 0.0703962801903
407.68 0.071083247849
407.69 0.071741255134
407.7 0.0723698108375
407.71 0.0729684756823
407.72 0.0735368627901
407.73 0.0740746380494
407.74 0.0745815203879
407.75 0.0750572819525
407.76 0.0755017482013
407.77 0.0759147979101
407.78 0.0762963630969
407.79 0.0766464288648
407.8 0.0769650331668
407.81 0.0772522664905
407.82 0.0775082714658
407.83 0.0777332423909
407.84 0.0779274246795
407.85 0.0780911142224
407.86 0.0782246566642
407.87 0.0783284465895
407.88 0.0784029266151
407.89 0.0784485863841
407.9 0.0784659614555
407.91 0.0784556320863
407.92 0.0784182218981
407.93 0.0783543964257
407.94 0.0782648615394
407.95 0.0781503617387
407.96 0.078011678311
407.97 0.0778496273515
407.98 0.0776650576418
407.99 0.0774588483836
408.0 0.0772319067859
408.01 0.0769851655064
408.02 0.0767195799461
408.03 0.0764361254005
408.04 0.0761357940695
408.05 0.0758195919332
408.06 0.0754885354968
408.07 0.0751436484162
408.08 0.0747859580117
408.09 0.074416491682
408.1 0.0740362732322
408.11 0.0736463191291
408.12 0.0732476347021
408.13 0.0728412103049
408.14 0.0724280174595
408.15 0.0720090050016
408.16 0.0715850952486
408.17 0.0711571802144
408.18 0.0707261178921
408.19 0.0702927286302
408.2 0.0698577916254
408.21 0.0694220415577
408.22 0.068986165391
408.23 0.0685507993643
408.24 0.0681165261968
408.25 0.0676838725297
408.26 0.0672533066279
408.27 0.0668252363598
408.28 0.0664000074783
408.29 0.0659779022167
408.3 0.0655591382191
408.31 0.0651438678162
408.32 0.0647321776603
408.33 0.064324088727
408.34 0.0639195566924
408.35 0.0635184726876
408.36 0.0631206644341
408.37 0.0627258977574
408.38 0.0623338784751
408.39 0.0619442546525
408.4 0.061556619216
408.41 0.0611705129111
408.42 0.0607854275909
408.43 0.0604008098158
408.44 0.0600160647447
408.45 0.0596305602949
408.46 0.0592436315453
408.47 0.0588545853562
408.48 0.0584627051768
408.49 0.0580672560101
408.5 0.0576674895027
408.51 0.0572626491276
408.52 0.056851975426
408.53 0.0564347112739
408.54 0.056010107138
408.55 0.0555774262884
408.56 0.0551359499316
408.57 0.0546849822322
408.58 0.0542238551889
408.59 0.0537519333334
408.6 0.0532686182223
408.61 0.052773352693
408.62 0.0522656248559
408.63 0.0517449717984
408.64 0.0512109829787
408.65 0.050663303287
408.66 0.0501016357579
408.67 0.0495257439181
408.68 0.0489354537567
408.69 0.0483306553088
408.7 0.0477113038448
408.71 0.047077420662
408.72 0.0464290934777
408.73 0.0457664764242
408.74 0.0450897896516
408.75 0.0443993185451
408.76 0.0436954125663
408.77 0.0429784837315
408.78 0.0422490047415
408.79 0.0415075067797
408.8 0.040754576998
408.81 0.0399908557107
408.82 0.0392170333191
408.83 0.0384338469919
408.84 0.0376420771242
408.85 0.0368425436043
408.86 0.0360361019129
408.87 0.0352236390834
408.88 0.0344060695517
408.89 0.0335843309221
408.9 0.0327593796786
408.91 0.0319321868691
408.92 0.0311037337883
408.93 0.0302750076881
408.94 0.0294469975385
408.95 0.0286206898655
408.96 0.027797064688
408.97 0.0269770915763
408.98 0.0261617258527
408.99 0.025351904952
409.0 0.0245485449609
409.01 0.0237525373501
409.02 0.0229647459134
409.03 0.022186003926
409.04 0.0214171115308
409.05 0.020658833362
409.06 0.0199118964111
409.07 0.01917698814
409.08 0.0184547548445
409.09 0.0177458002673
409.1 0.0170506844606
409.11 0.016369922896
409.12 0.0157039858171
409.13 0.0150532978284
409.14 0.0144182377158
409.15 0.0137991384886
409.16 0.0131962876343
409.17 0.0126099275768
409.18 0.0120402563256
409.19 0.0114874283049
409.2 0.0109515553506
409.21 0.0104327078609
409.22 0.00993091608775
409.23 0.0094461715565
409.24 0.00897842859786
409.25 0.00852760598019
409.26 0.00809358862736
409.27 0.00767622940877
409.28 0.00727535098813
409.29 0.00689074771804
409.3 0.00652218756749
409.31 0.00616941407039
409.32 0.00583214828333
409.33 0.00551009074157
409.34 0.00520292340301
409.35 0.00491031157028
409.36 0.00463190578213
409.37 0.00436734366578
409.38 0.00411625174282
409.39 0.00387824718193
409.4 0.0036529394925
409.41 0.00343993215383
409.42 0.00323882417575
409.43 0.00304921158662
409.44 0.00287068884605
409.45 0.00270285017981
409.46 0.0025452908354
409.47 0.00239760825727
409.48 0.00225940318122
409.49 0.00213028064817
409.5 0.00200985093791
409.51 0.00189773042393
409.52 0.0017935423509
409.53 0.00169691753668
409.54 0.00160749500117
409.55 0.00152492252446
409.56 0.00144885713717
409.57 0.00137896554595
409.58 0.00131492449729
409.59 0.00125642108296
409.6 0.00120315299049
409.61 0.00115482870208
409.62 0.00111116764549
409.63 0.00107190030021
409.64 0.00103676826247
409.65 0.0010055242724
409.66 0.00097793220641
409.67 0.000953767038231
409.68 0.000932814771334
409.69 0.00091487234574
409.7 0.000899747521852
409.71 0.000887258743835
409.72 0.000877234984883
409.73 0.00086951557651
409.74 0.000863950023832
409.75 0.000860397808592
409.76 0.0008587281815
409.77 0.000858819945282
409.78 0.00086056122961
409.79 0.000863849258945
409.8 0.000868590114142
409.81 0.000874698488483
409.82 0.000882097438681
409.83 0.00089071813124
409.84 0.000900499584446
409.85 0.000911388406106
409.86 0.000923338527121
409.87 0.000936310930825
409.88 0.000950273377982
409.89 0.000965200127292
409.9 0.000981071651168
409.91 0.000997874346571
409.92 0.00101560024064
409.93 0.00103424669089
409.94 0.00105381607971
409.95 0.00107431550301
409.96 0.00109575645285
409.97 0.00111815449391
409.98 0.00114152893384
409.99 0.00116590248747
410.0 0.00119130093502
410.01 0.00121775277461
410.02 0.00124528886931
410.03 0.00127394208913
410.04 0.00130374694872
410.05 0.00133473924112
410.06 0.00136695566863
410.07 0.00140043347153
410.08 0.00143521005571
410.09 0.00147132262039
410.1 0.00150880778713
410.11 0.00154770123145
410.12 0.00158803731864
410.13 0.0016298487451
410.14 0.00167316618707
410.15 0.00171801795833
410.16 0.00176442967856
410.17 0.00181242395439
410.18 0.00186202007477
410.19 0.00191323372274
410.2 0.00196607670522
410.21 0.00202055670303
410.22 0.00207667704265
410.23 0.00213443649174
410.24 0.00219382908007
410.25 0.00225484394759
410.26 0.00231746522105
410.27 0.00238167192083
410.28 0.00244743789913
410.29 0.00251473181077
410.3 0.0025835171176
410.31 0.00265375212724
410.32 0.00272539006699
410.33 0.00279837919308
410.34 0.00287266293559
410.35 0.00294818007901
410.36 0.00302486497807
410.37 0.00310264780837
410.38 0.00318145485093
410.39 0.00326120880979
410.4 0.00334182916101
410.41 0.00342323253188
410.42 0.00350533310813
410.43 0.00358804306724
410.44 0.00367127303539
410.45 0.00375493256557
410.46 0.00383893063377
410.47 0.00392317615045
410.48 0.00400757848385
410.49 0.00409204799175
410.5 0.00417649655811
410.51 0.00426083813074
410.52 0.00434498925617
410.53 0.00442886960773
410.54 0.00451240250288
410.55 0.00459551540557
410.56 0.00467814040966
410.57 0.00476021469935
410.58 0.00484168098246
410.59 0.00492248789288
410.6 0.00500259035823
410.61 0.00508194992909
410.62 0.00516053506647
410.63 0.00523832138412
410.64 0.00531529184287
410.65 0.00539143689412
410.66 0.00546675457019
410.67 0.00554125051944
410.68 0.00561493798442
410.69 0.00568783772177
410.7 0.0057599778629
410.71 0.00583139371504
410.72 0.0059021275024
410.73 0.00597222804804
410.74 0.00604175039715
410.75 0.00611075538298
410.76 0.00617930913733
410.77 0.00624748254763
410.78 0.00631535066337
410.79 0.00638299205489
410.8 0.00645048812812
410.81 0.00651792239917
410.82 0.00658537973303
410.83 0.00665294555111
410.84 0.00672070501261
410.85 0.00678874217505
410.86 0.00685713913947
410.87 0.00692597518622
410.88 0.0069953259072
410.89 0.00706526234086
410.9 0.00713585011608
410.91 0.00720714861127
410.92 0.00727921013515
410.93 0.00735207913528
410.94 0.00742579144073
410.95 0.00750037354489
410.96 0.00757584193435
410.97 0.00765220246948
410.98 0.00772944982213
410.99 0.00780756697558
411.0 0.00788652479137
411.01 0.00796628164737
411.02 0.00804678315103
411.03 0.00812796193109
411.04 0.00820973751075
411.05 0.00829201626467
411.06 0.00837469146148
411.07 0.00845764339325
411.08 0.00854073959231
411.09 0.00862383513569
411.1 0.00870677303639
411.11 0.00878938472048
411.12 0.00887149058807
411.13 0.00895290065588
411.14 0.00903341527838
411.15 0.00911282594384
411.16 0.00919091614139
411.17 0.00926746229428
411.18 0.00934223475428
411.19 0.00941499885167
411.2 0.00948551599482
411.21 0.0095535448129
411.22 0.00961884233512
411.23 0.0096811651995
411.24 0.00974027088381
411.25 0.00979591895152
411.26 0.00984787230493
411.27 0.00989589843812
411.28 0.00993977068192
411.29 0.00997926943341
411.3 0.0100141833623
411.31 0.0100443105871
411.32 0.0100694598134
411.33 0.010089451428
411.34 0.0101041185418
411.35 0.0101133079751
411.36 0.0101168811797
411.37 0.0101147150925
411.38 0.0101067029145
411.39 0.0100927548126
411.4 0.0100727985378
411.41 0.0100467799585
411.42 0.0100146635046
411.43 0.00997643252129
411.44 0.00993208952891
411.45 0.00988165639021
411.46 0.00982517438255
411.47 0.00976270417599
411.48 0.00969432571782
411.49 0.00962013802466
411.5 0.00954025888399
411.51 0.00945482446747
411.52 0.0093639888588
411.53 0.00926792349961
411.54 0.00916681655703
411.55 0.00906087221714
411.56 0.00895030990904
411.57 0.00883536346427
411.58 0.00871628021691
411.59 0.00859332004991
411.6 0.00846675439313
411.61 0.00833686517928
411.62 0.00820394376339
411.63 0.00806828981226
411.64 0.00793021016968
411.65 0.00779001770378
411.66 0.00764803014244
411.67 0.00750456890276
411.68 0.00735995792049
411.69 0.00721452248505
411.7 0.00706858808577
411.71 0.0069224792744
411.72 0.00677651854919
411.73 0.00663102526507
411.74 0.00648631457447
411.75 0.00634269640298
411.76 0.00620047446342
411.77 0.00605994531209
411.78 0.00592139745005
411.79 0.00578511047224
411.8 0.00565135426687
411.81 0.00552038826706
411.82 0.00539246075638
411.83 0.00526780822958
411.84 0.00514665480958
411.85 0.00502921172118
411.86 0.00491567682198
411.87 0.00480623419045
411.88 0.00470105377082
411.89 0.00460029107439
411.9 0.00450408693635
411.91 0.00441256732719
411.92 0.00432584321742
411.93 0.00424401049425
411.94 0.00416714992864
411.95 0.00409532719103
411.96 0.00402859291393
411.97 0.00396698279944
411.98 0.00391051776979
411.99 0.00385920415865
412.0 0.00381303394136
412.01 0.00377198500179
412.02 0.00373602143374
412.03 0.00370509387485
412.04 0.00367913987078
412.05 0.00365808426771
412.06 0.00364183963104
412.07 0.00363030668838
412.08 0.00362337479485
412.09 0.00362092241884
412.1 0.00362281764643
412.11 0.00362891870268
412.12 0.00363907448818
412.13 0.0036531251292
412.14 0.00367090253984
412.15 0.00369223099483
412.16 0.00371692771131
412.17 0.00374480343847
412.18 0.0037756630535
412.19 0.00380930616259
412.2 0.00384552770577
412.21 0.00388411856435
412.22 0.00392486616965
412.23 0.00396755511189
412.24 0.00401196774809
412.25 0.00405788480766
412.26 0.00410508599474
412.27 0.00415335058579
412.28 0.00420245802154
412.29 0.00425218849192
412.3 0.00430232351292
412.31 0.00435264649394
412.32 0.00440294329467
412.33 0.0044530027701
412.34 0.00450261730248
412.35 0.00455158331896
412.36 0.0045997017937
412.37 0.0046467787332
412.38 0.00469262564358
412.39 0.0047370599787
412.4 0.00477990556778
412.41 0.00482099302144
412.42 0.00486016011511
412.43 0.00489725214852
412.44 0.00493212228041
412.45 0.00496463183747
412.46 0.00499465059648
412.47 0.005022057039
412.48 0.00504673857774
412.49 0.00506859175396
412.5 0.00508752240551
412.51 0.00510344580478
412.52 0.00511628676657
412.53 0.0051259797253
412.54 0.00513246878181
412.55 0.00513570771953
412.56 0.00513565999028
412.57 0.00513229867
412.58 0.00512560638474
412.59 0.00511557520761
412.6 0.00510220652716
412.61 0.00508551088819
412.62 0.00506550780572
412.63 0.00504222555338
412.64 0.00501570092711
412.65 0.00498597898568
412.66 0.00495311276915
412.67 0.00491716299696
412.68 0.00487819774692
412.69 0.00483629211691
412.7 0.00479152787082
412.71 0.00474399307049
412.72 0.00469378169544
412.73 0.00464099325208
412.74 0.00458573237428
412.75 0.0045281084171
412.76 0.00446823504543
412.77 0.00440622981944
412.78 0.00434221377852
412.79 0.00427631102539
412.8 0.00420864831228
412.81 0.00413935463058
412.82 0.00406856080561
412.83 0.00399639909807
412.84 0.00392300281349
412.85 0.00384850592104
412.86 0.00377304268297
412.87 0.00369674729571
412.88 0.0036197535438
412.89 0.00354219446748
412.9 0.00346420204474
412.91 0.00338590688866
412.92 0.00330743796045
412.93 0.00322892229885
412.94 0.0031504847661
412.95 0.00307224781089
412.96 0.00299433124833
412.97 0.00291685205701
412.98 0.00283992419316
412.99 0.00276365842171
413.0 0.00268816216398
413.01 0.00261353936179
413.02 0.00253989035749
413.03 0.00246731178945
413.04 0.00239589650253
413.05 0.00232573347289
413.06 0.00225690774649
413.07 0.00218950039061
413.08 0.00212358845766
413.09 0.00205924496055
413.1 0.00199653885882
413.11 0.00193553505471
413.12 0.00187629439854
413.13 0.00181887370238
413.14 0.00176332576146
413.15 0.0017096993824
413.16 0.00165803941766
413.17 0.00160838680531
413.18 0.00156077861376
413.19 0.00151524809043
413.2 0.00147182471413
413.21 0.00143053425038
413.22 0.00139139880927
413.23 0.0013544369055
413.24 0.00131966352005
413.25 0.00128709016331
413.26 0.00125672493944
413.27 0.00122857261168
413.28 0.00120263466846
413.29 0.00117890939043
413.3 0.00115739191818
413.31 0.00113807432085
413.32 0.00112094566574
413.33 0.00110599208893
413.34 0.00109319686737
413.35 0.00108254049244
413.36 0.00107400074551
413.37 0.00106755277561
413.38 0.00106316917977
413.39 0.00106082008632
413.4 0.0010604732415
413.41 0.00106209409997
413.42 0.00106564591938
413.43 0.00107108985972
413.44 0.00107838508756
413.45 0.00108748888573
413.46 0.00109835676881
413.47 0.00111094260462
413.48 0.00112519874211
413.49 0.00114107614586
413.5 0.00115852453729
413.51 0.00117749254282
413.52 0.00119792784889
413.53 0.00121977736392
413.54 0.00124298738704
413.55 0.00126750378337
413.56 0.00129327216567
413.57 0.00132023808187
413.58 0.00134834720803
413.59 0.00137754554624
413.6 0.0014077796267
413.61 0.00143899671323
413.62 0.00147114501142
413.63 0.00150417387841
413.64 0.00153803403315
413.65 0.00157267776629
413.66 0.00160805914819
413.67 0.00164413423387
413.68 0.00168086126364
413.69 0.00171820085784
413.7 0.00175611620427
413.71 0.00179457323687
413.72 0.00183354080405
413.73 0.00187299082507
413.74 0.00191289843305
413.75 0.00195324210292
413.76 0.00199400376291
413.77 0.00203516888791
413.78 0.00207672657357
413.79 0.00211866958938
413.8 0.0021609944098
413.81 0.00220370122205
413.82 0.00224679390951
413.83 0.00229028000981
413.84 0.00233417064687
413.85 0.002378480436
413.86 0.00242322736189
413.87 0.00246843262889
413.88 0.00251412048363
413.89 0.00256031800999
413.9 0.00260705489668
413.91 0.00265436317799
413.92 0.00270227694835
413.93 0.00275083205163
413.94 0.00280006574643
413.95 0.00285001634859
413.96 0.00290072285262
413.97 0.00295222453388
413.98 0.00300456053338
413.99 0.00305776942767
414.0 0.003111888786
414.01 0.0031669547176
414.02 0.00322300141153
414.03 0.00328006067245
414.04 0.00333816145496
414.05 0.00339732939997
414.06 0.00345758637625
414.07 0.00351895003057
414.08 0.00358143334977
414.09 0.00364504423828
414.1 0.00370978511445
414.11 0.00377565252912
414.12 0.00384263680978
414.13 0.00391072173369
414.14 0.00397988423296
414.15 0.00405009413482
414.16 0.00412131393985
414.17 0.00419349864089
414.18 0.00426659558519
414.19 0.00434054438198
414.2 0.00441527685747
414.21 0.00449071705906
414.22 0.00456678131013
414.23 0.00464337831649
414.24 0.00472040932539
414.25 0.00479776833736
414.26 0.00487534237102
414.27 0.00495301178058
414.28 0.00503065062537
414.29 0.00510812709026
414.3 0.00518530395563
414.31 0.00526203911509
414.32 0.00533818613878
414.33 0.00541359487963
414.34 0.00548811211989
414.35 0.00556158225454
414.36 0.00563384800817
414.37 0.00570475118147
414.38 0.00577413342316
414.39 0.00584183702318
414.4 0.00590770572241
414.41 0.00597158553416
414.42 0.00603332557261
414.43 0.00609277888302
414.44 0.00614980326864
414.45 0.00620426210898
414.46 0.00625602516433
414.47 0.00630496936117
414.48 0.00635097955331
414.49 0.00639394925377
414.5 0.00643378133215
414.51 0.00647038867295
414.52 0.00650369478997
414.53 0.00653363439251
414.54 0.00656015389916
414.55 0.00658321189527
414.56 0.00660277953065
414.57 0.0066188408542
414.58 0.00663139308266
414.59 0.00664044680103
414.6 0.00664602609265
414.61 0.00664816859725
414.62 0.00664692549589
414.63 0.00664236142205
414.64 0.00663455429845
414.65 0.00662359510012
414.66 0.00660958754398
414.67 0.00659264770642
414.68 0.00657290357017
414.69 0.00655049450263
414.7 0.00652557066809
414.71 0.00649829237665
414.72 0.00646882937316
414.73 0.00643736006986
414.74 0.00640407072665
414.75 0.0063691545834
414.76 0.00633281094892
414.77 0.00629524425154
414.78 0.00625666305647
414.79 0.00621727905527
414.8 0.00617730603311
414.81 0.00613695881941
414.82 0.00609645222778
414.83 0.00605599999115
414.84 0.00601581369786
414.85 0.00597610173494
414.86 0.0059370682442
414.87 0.00589891209713
414.88 0.00586182589426
414.89 0.00582599499455
414.9 0.00579159658026
414.91 0.00575879876253
414.92 0.00572775973247
414.93 0.00569862696267
414.94 0.0056715364634
414.95 0.00564661209761
414.96 0.00562396495843
414.97 0.00560369281273
414.98 0.00558587961343
414.99 0.00557059508345
415.0 0.0055578943733
415.01 0.00554781779418
415.02 0.00554039062776
415.03 0.00553562301376
415.04 0.00553350991558
415.05 0.00553403116399
415.06 0.00553715157857
415.07 0.00554282116586
415.08 0.00555097539303
415.09 0.0055615355352
415.1 0.00557440909441
415.11 0.00558949028752
415.12 0.00560666060026
415.13 0.00562578940408
415.14 0.00564673463216
415.15 0.00566934351058
415.16 0.00569345334055
415.17 0.00571889232707
415.18 0.00574548044922
415.19 0.00577303036734
415.2 0.00580134836166
415.21 0.00583023529738
415.22 0.0058594876105
415.23 0.00588889830924
415.24 0.00591825798517
415.25 0.00594735582876
415.26 0.00597598064368
415.27 0.00600392185439
415.28 0.00603097050162
415.29 0.00605692022042
415.3 0.00608156819575
415.31 0.00610471609048
415.32 0.00612617094123
415.33 0.00614574601735
415.34 0.00616326163898
415.35 0.00617854595005
415.36 0.00619143564266
415.37 0.00620177662947
415.38 0.00620942466119
415.39 0.00621424588639
415.4 0.00621611735159
415.41 0.0062149274396
415.42 0.00621057624473
415.43 0.0062029758838
415.44 0.00619205074228
415.45 0.00617773765521
415.46 0.00615998602319
415.47 0.00613875786386
415.48 0.0061140277997
415.49 0.00608578298362
415.5 0.00605402296381
415.51 0.0060187594898
415.52 0.00598001626222
415.53 0.00593782862856
415.54 0.00589224322807
415.55 0.00584331758874
415.56 0.00579111967978
415.57 0.00573572742317
415.58 0.00567722816794
415.59 0.00561571813115
415.6 0.00555130180941
415.61 0.00548409136517
415.62 0.00541420599176
415.63 0.00534177126149
415.64 0.00526691846073
415.65 0.00518978391637
415.66 0.00511050831744
415.67 0.00502923603605
415.68 0.00494611445141
415.69 0.0048612932807
415.7 0.00477492392027
415.71 0.00468715880072
415.72 0.0045981507588
415.73 0.0045080524293
415.74 0.00441701565964
415.75 0.00432519094953
415.76 0.00423272691811
415.77 0.00413976980047
415.78 0.00404646297528
415.79 0.00395294652504
415.8 0.00385935683003
415.81 0.00376582619703
415.82 0.0036724825233
415.83 0.00357944899641
415.84 0.00348684382986
415.85 0.00339478003455
415.86 0.00330336522567
415.87 0.00321270146456
415.88 0.00312288513467
415.89 0.00303400685075
415.9 0.00294615140011
415.91 0.00285939771473
415.92 0.00277381887262
415.93 0.00268948212711
415.94 0.00260644896222
415.95 0.00252477517242
415.96 0.00244451096499
415.97 0.00236570108303
415.98 0.00228838494724
415.99 0.00221259681452
416.0 0.00213836595148
416.01 0.00206571682079
416.02 0.00199466927871
416.03 0.00192523878161
416.04 0.00185743659994
416.05 0.0017912700377
416.06 0.00172674265587
416.07 0.001663854498
416.08 0.00160260231664
416.09 0.00154297979913
416.1 0.00148497779129
416.11 0.00142858451801
416.12 0.00137378579947
416.13 0.00132056526209
416.14 0.00126890454326
416.15 0.0012187834891
416.16 0.00117018034458
416.17 0.00112307193547
416.18 0.0010774338416
416.19 0.00103324056114
416.2 0.000990465665628
416.21 0.000949081945525
416.22 0.000909061546321
416.23 0.000870376095093
416.24 0.000832996817645
416.25 0.000796894646358
416.26 0.000762040318943
416.27 0.000728404468372
416.28 0.000695957704274
416.29 0.00066467068615
416.3 0.000634514188788
416.31 0.000605459160271
416.32 0.00057747677303
416.33 0.000550538468359
416.34 0.000524615994873
416.35 0.000499681441349
416.36 0.000475707264423
416.37 0.000452666311587
416.38 0.00043053183995
416.39 0.000409277531182
416.4 0.000388877503072
416.41 0.000369306318097
416.42 0.000350538989399
416.43 0.000332550984506
416.44 0.00031531822716
416.45 0.000298817097553
416.46 0.000283024431256
416.47 0.00026791751711
416.48 0.000253474094314
416.49 0.000239672348914
416.5 0.000226490909891
416.51 0.000213908844991
416.52 0.000201905656453
416.53 0.000190461276733
416.54 0.000179556064333
416.55 0.000169170799797
416.56 0.000159286681927
416.57 0.000149885324276
416.58 0.000140948751916
416.59 0.000132459398506
416.6 0.000124400103658
416.61 0.000116754110572
416.62 0.000109505063937
416.63 0.000102637008056
416.64 9.61343851601e-05
416.65 8.99820338768e-05
416.66 8.41651878028e-05
416.67 7.86694741379e-05
416.68 7.34809123332e-05
416.69 6.85859127049e-05
416.7 6.397127497e-05
416.71 5.96241866568e-05
416.72 5.55322213497e-05
416.73 5.16833367287e-05
416.74 4.80658723677e-05
416.75 4.46685472594e-05
416.76 4.14804570392e-05
416.77 3.84910708852e-05
416.78 3.56902280732e-05
416.79 3.30681341747e-05
416.8 3.06153568853e-05
416.81 2.83228214795e-05
416.82 2.61818058889e-05
416.83 2.41839354079e-05
416.84 2.23211770317e-05
416.85 2.05858334376e-05
416.86 1.89705366223e-05
416.87 1.74682412119e-05
416.88 1.60722174632e-05
416.89 1.47760439772e-05
416.9 1.3573600149e-05
416.91 1.2459058378e-05
416.92 1.14268760655e-05
416.93 1.0471787426e-05
416.94 9.58879514097e-06
416.95 8.77316188318e-06
416.96 8.02040173969e-06
416.97 7.32627156222e-06
416.98 6.68676227267e-06
416.99 6.09809015097e-06
417.0 5.55668813191e-06
417.01 5.0591971363e-06
417.02 4.60245746089e-06
417.03 4.18350025013e-06
417.04 3.7995390714e-06
417.05 3.44796161396e-06
417.06 3.12632153031e-06
417.07 2.83233043704e-06
417.08 2.56385009067e-06
417.09 2.31888475223e-06
417.1 2.09557375295e-06
417.11 1.89218427153e-06
417.12 1.70710433209e-06
417.13 1.53883603028e-06
417.14 1.38598899358e-06
417.15 1.24727408029e-06
417.16 1.1214973205e-06
417.17 1.00755410105e-06
417.18 9.04423595008e-07
417.19 8.11163435538e-07
417.2 7.26904632498e-07
417.21 6.50846729555e-07
417.22 5.82253198491e-07
417.23 5.2044706669e-07
417.24 4.64806773087e-07
417.25 4.14762247236e-07
417.26 3.69791205625e-07
417.27 3.29415658917e-07
417.28 2.93198623388e-07
417.29 2.60741029562e-07
417.3 2.31678820753e-07
417.31 2.05680234072e-07
417.32 1.82443256313e-07
417.33 1.61693247067e-07
417.34 1.43180721392e-07
417.35 1.26679284362e-07
417.36 1.11983709932e-07
417.37 9.89081565874e-08
417.38 8.72845124265e-08
417.39 7.69608624501e-08
417.4 6.78000710313e-08
417.41 5.96784727243e-08
417.42 5.24846648004e-08
417.43 4.61183951217e-08
417.44 4.04895392126e-08
417.45 3.55171606352e-08
417.46 3.11286490315e-08
417.47 2.72589304575e-08
417.48 2.38497448904e-08
417.49 2.08489860561e-08
417.5 1.8210098977e-08
417.51 1.58915308988e-08
417.52 1.38562315014e-08
417.53 1.20711985465e-08
417.54 1.05070653472e-08
417.55 9.13772667857e-09
417.56 7.93999996537e-09
417.57 6.89331879956e-09
417.58 5.97945604074e-09
417.59 5.18227394867e-09
417.6 4.48749898148e-09
417.61 3.88251906894e-09
417.62 3.35620133574e-09
417.63 2.89872840718e-09
417.64 2.50145157671e-09
417.65 2.1567592535e-09
417.66 1.85795923817e-09
417.67 1.5991734958e-09
417.68 1.3752442089e-09
417.69 1.18164999801e-09
417.7 1.01443129539e-09
417.71 8.70123948093e-10
417.72 7.45700210051e-10
417.73 6.38516360717e-10
417.74 5.46266258461e-10
417.75 4.66940202833e-10
417.76 3.98788539725e-10
417.77 3.40289498606e-10
417.78 2.90120801375e-10
417.79 2.47134628331e-10
417.8 2.10335568721e-10
417.81 1.78861221429e-10
417.82 1.51965146021e-10
417.83 1.29001895778e-10
417.84 1.09413892802e-10
417.85 9.27199309942e-11
417.86 7.8505115906e-11
417.87 6.64120714071e-11
417.88 5.61332619175e-11
417.89 4.74042958819e-11
417.9 3.9998091333e-11
417.91 3.37197979889e-11
417.92 2.84023824938e-11
417.93 2.39027942745e-11
417.94 2.00986391787e-11
417.95 1.68852966944e-11
417.96 1.41734242296e-11
417.97 1.18867987539e-11
417.98 9.96045215479e-12
417.99 8.33906202553e-12
418.0 6.97556434082e-12
418.01 5.82995867141e-12
418.02 4.86828028416e-12
418.03 4.06171673387e-12
418.04 3.38584942045e-12
418.05 2.82000310607e-12
418.06 2.34668859894e-12
418.07 1.95112575038e-12
418.08 1.62083561002e-12
418.09 1.3452920691e-12
418.1 1.11562461867e-12
418.11 9.24364981149e-13
418.12 7.65231359111e-13
418.13 6.32944902857e-13
418.14 5.23073743688e-13
418.15 4.31900586734e-13
418.16 3.56310418054e-13
418.17 2.93695366424e-13
418.18 2.41874180247e-13
418.19 1.99024142889e-13
418.2 1.63623562822e-13
418.21 1.3440324475e-13
418.22 1.10305580156e-13
418.23 9.04500953913e-14
418.24 7.41044668925e-14
418.25 6.06601602398e-14
418.26 4.96119757639e-14
418.27 4.05408912906e-14
418.28 3.30996848019e-14
418.29 2.70008985136e-14
418.3 2.20067730175e-14
418.31 1.79208373264e-14
418.32 1.45808893418e-14
418.33 1.18531426276e-14
418.34 9.6273505039e-15
418.35 7.81274826346e-15
418.36 6.33467954847e-15
418.37 5.13179428157e-15
418.38 4.15372359483e-15
418.39 3.35915244113e-15
418.4 2.71422342662e-15
418.41 2.19121623182e-15
418.42 1.76745610251e-15
418.43 1.42441255266e-15
418.44 1.14695585456e-15
418.45 9.22744287814e-16
418.46 7.4171964038e-16
418.47 5.95692239039e-16
418.48 4.77999951394e-16
418.49 3.83228243939e-16
418.5 3.06980585789e-16
418.51 2.45690325237e-16
418.52 1.96466696165e-16
418.53 1.56968883632e-16
418.54 1.25303134953e-16
418.55 9.99387797275e-17
418.56 7.96397494865e-17
418.57 6.34087898004e-17
418.58 5.04420558841e-17
418.59 4.00921944219e-17
418.6 3.18383541991e-17
418.61 2.52618484027e-17
418.62 2.0026422344e-17
418.63 1.5862270369e-17
418.64 1.25531019299e-17
418.65 9.92568507779e-18
418.66 7.84140087653e-18
418.67 6.18942849382e-18
418.68 4.88125133729e-18
418.69 3.84623235705e-18
418.7 3.02805382078e-18
418.71 2.38185537862e-18
418.72 1.871935635e-18
418.73 1.46990802006e-18
418.74 1.15322256358e-18
418.75 9.03982089719e-19
418.76 7.07995086908e-19
418.77 5.54018649547e-19
418.78 4.33153917718e-19
418.79 3.38363751101e-19
418.8 2.64088285019e-19
418.81 2.05938792786e-19
418.82 1.60454133448e-19
418.83 1.24907172215e-19
418.84 9.71510644425e-20
418.85 7.54973086076e-20
418.86 5.8619093151e-20
418.87 4.54747625705e-20
418.88 3.5247271488e-20
418.89 2.72963316052e-20
418.9 2.11206259648e-20
418.91 1.63280004423e-20
418.92 1.26119702942e-20
418.93 9.73322117622e-21
418.94 7.50505644316e-21
418.95 5.78195956665e-21
418.96 4.45061323146e-21
418.97 3.42285400717e-21
418.98 2.63015058168e-21
418.99 2.01928010992e-21
419.0 1.54894585791e-21
419.01 1.18713367278e-21
419.02 9.09047812128e-22
419.03 6.95500655616e-22
419.04 5.31657662031e-22
419.05 4.06060108204e-22
419.06 3.09864832928e-22
419.07 2.36253346897e-22
419.08 1.79973003394e-22
419.09 1.36981044607e-22
419.1 1.04168712932e-22
419.11 7.91476158925e-23
419.12 6.00844501773e-23
419.13 4.55732561943e-23
419.14 3.4536771951e-23
419.15 2.61503279904e-23
419.16 1.97831868179e-23
419.17 1.49533699583e-23
419.18 1.12929035381e-23
419.19 8.52110413668e-24
419.2 6.4240637385e-24
419.21 4.83890976668e-24
419.22 3.64173986315e-24
419.23 2.73838199245e-24
419.24 2.05732476641e-24
419.25 1.54431322982e-24
419.26 1.15822155591e-24
419.27 8.67903837248e-25
419.28 6.49793387027e-25
419.29 4.86074322413e-25
419.3 3.63290285787e-25
419.31 2.7128676351e-25
419.32 2.02407749917e-25
419.33 1.50886152014e-25
419.34 1.12381634021e-25
419.35 8.36305619665e-26
419.36 6.21811000701e-26
419.37 4.61929289356e-26
419.38 3.42859598839e-26
419.39 2.54261636705e-26
419.4 1.88394871841e-26
419.41 1.39470073214e-26
419.42 1.03161273287e-26
419.43 7.6238803516e-27
419.44 5.62936181658e-27
419.45 4.1530385953e-27
419.46 3.06123369018e-27
419.47 2.25450246455e-27
419.48 1.65893227856e-27
419.49 1.21963622062e-27
419.5 8.95892049421e-28
419.51 6.57513636543e-28
419.52 4.82144879811e-28
419.53 3.53243408521e-28
419.54 2.5857961661e-28
419.55 1.89120331533e-28
419.56 1.38199307451e-28
419.57 1.00901407803e-28
419.58 7.36058440937e-29
419.59 5.3647696852e-29
419.6 3.90673163582e-29
419.61 2.84249552392e-29
419.62 2.06637772848e-29
419.63 1.50087093696e-29
419.64 1.08918260391e-29
419.65 7.89735675703e-30
419.66 5.72119211163e-30
419.67 4.14109332162e-30
419.68 2.99479581008e-30
419.69 2.16392960571e-30
419.7 1.56222201377e-30
419.71 1.12684995201e-30
419.72 8.12106787774e-31
419.73 5.84768409474e-31
419.74 4.20705682618e-31
419.75 3.02410291e-31
419.76 2.17189320509e-31
419.77 1.55849021444e-31
419.78 1.11736073423e-31
419.79 8.00398827772e-32
419.8 5.72853004121e-32
419.81 4.09641227242e-32
419.82 2.92676487852e-32
419.83 2.08927555844e-32
419.84 1.49014086613e-32
419.85 1.06189759979e-32
419.86 7.56069407597e-33
419.87 5.3785400277e-33
419.88 3.82288168223e-33
419.89 2.71481988308e-33
419.9 1.92625996413e-33
419.91 1.36556534808e-33
419.92 9.67238978974e-34
419.93 6.84508435703e-34
419.94 4.84002418655e-34
419.95 3.4193217732e-34
419.96 2.41354902124e-34
419.97 1.70214278826e-34
419.98 1.19938763337e-34
419.99 8.44397340282e-35
420.0 5.93960903638e-35
420.01 4.17438570444e-35
420.02 2.93123746052e-35
420.03 2.05652097085e-35
420.04 1.44158081946e-35
420.05 1.00964467864e-35
420.06 7.06515734969e-36
420.07 4.93968015276e-36
420.08 3.45063904351e-36
420.09 2.40837409678e-36
420.1 1.67946932338e-36
420.11 1.1701564105e-36
420.12 8.1459074082e-37
420.13 5.66576731846e-37
420.14 3.93732906848e-37
420.15 2.733810479e-37
420.16 1.89652602702e-37
420.17 1.3145373278e-37
420.18 9.10354935781e-38
420.19 6.29900991645e-38
420.2 4.35469302175e-38
420.21 3.00792159243e-38
420.22 2.07586539742e-38
420.23 1.4313820959e-38
420.24 9.86133435519e-39
420.25 6.78796352651e-39
420.26 4.66838890863e-39
420.27 3.20788115015e-39
420.28 2.20238491189e-39
420.29 1.51074751718e-39
420.3 1.03541456005e-39
420.31 7.09023057729e-40
420.32 4.85098757733e-40
420.33 3.31606991564e-40
420.34 2.26485762989e-40
420.35 1.5455456901e-40
420.36 1.05377162976e-40
420.37 7.17851923231e-41
420.38 4.88592669642e-41
420.39 3.32263578534e-41
420.4 2.25757528477e-41
420.41 1.53258813201e-41
420.42 1.03951889297e-41
420.43 7.04470851403e-42
420.44 4.76998904898e-42
420.45 3.2269738663e-42
420.46 2.18120872931e-42
420.47 1.47306773927e-42
420.48 9.93966900007e-43
420.49 6.70108055312e-43
420.5 4.51379122003e-43
420.51 3.03781840359e-43
420.52 2.04270599123e-43
420.53 1.37237762589e-43
420.54 9.21223711843e-44
420.55 6.17846085378e-44
420.56 4.14017981127e-44
420.57 2.77192719764e-44
420.58 1.85424940635e-44
420.59 1.23930496637e-44
420.6 8.27583730063e-45
420.61 5.52165681324e-45
420.62 3.68087093272e-45
420.63 2.45163312669e-45
420.64 1.63148875561e-45
420.65 1.08476684139e-45
420.66 7.2063015346e-46
420.67 4.78312985993e-46
420.68 3.17201787475e-46
420.69 2.10175840325e-46
420.7 1.3914053584e-46
420.71 9.20339926328e-47
420.72 6.08228221195e-47
420.73 4.01613759612e-47
420.74 2.64956338023e-47
420.75 1.74648055365e-47
420.76 1.15020938907e-47
420.77 7.56856900665e-48
420.78 4.97593105266e-48
420.79 3.26857643769e-48
420.8 2.1451943763e-48
420.81 1.40668989075e-48
420.82 9.21624042072e-49
420.83 6.03299460761e-49
420.84 3.94580656701e-49
420.85 2.57847163315e-49
420.86 1.68349812512e-49
420.87 1.09821312236e-49
420.88 7.15787867476e-50
420.89 4.66128598947e-50
420.9 3.03284963264e-50
420.91 1.97160413534e-50
420.92 1.28059639403e-50
420.93 8.31052654955e-51
420.94 5.38850785738e-51
420.95 3.49085823385e-51
420.96 2.25953782762e-51
420.97 1.46127089105e-51
420.98 9.44203405148e-52
420.99 6.09570728474e-52
421.0 3.93193525823e-52
421.01 2.5340333428e-52
421.02 1.63170635235e-52
421.03 1.04977299382e-52
421.04 6.7479600115e-53
421.05 4.3338444246e-53
421.06 2.78097987686e-53
421.07 1.78297842538e-53
421.08 1.1421365831e-53
421.09 7.30993826449e-54
421.1 4.67447765894e-54
421.11 2.98659394494e-54
421.12 1.90652710753e-54
421.13 1.21599979406e-54
421.14 7.74903693115e-55
421.15 4.93384694046e-55
421.16 3.13868207288e-55
421.17 1.99495311615e-55
421.18 1.26689835731e-55
421.19 8.03849164816e-56
421.2 5.09601935993e-56
421.21 3.22783470025e-56
421.22 2.04274998249e-56
421.23 1.2916440786e-56
421.24 8.16007615138e-57
421.25 5.15073585533e-57
421.26 3.24838920034e-57
421.27 2.04687136232e-57
421.28 1.28865527026e-57
421.29 8.10600133904e-58
421.3 5.09448514893e-58
421.31 3.19902506196e-58
421.32 2.007052334e-58
421.33 1.25812404859e-58
421.34 7.87974100704e-59
421.35 4.93087661312e-59
421.36 3.08290427248e-59
421.37 1.92583757766e-59
421.38 1.20199589924e-59
421.39 7.49566257282e-60
421.4 4.67025702567e-60
421.41 2.90733615698e-60
421.42 1.80831226893e-60
421.43 1.12376453198e-60
421.44 6.97751735468e-61
421.45 4.32862778036e-61
421.46 2.68301605728e-61
421.47 1.66157524733e-61
421.48 1.02811209502e-61
421.49 6.35601092999e-62
421.5 3.92602006528e-62
421.51 2.42294807398e-62
421.52 1.49403032086e-62
421.53 9.20446241037e-63
421.54 5.66579892946e-63
421.55 3.48455721664e-63
421.56 2.14120256325e-63
421.57 1.31459392705e-63
421.58 8.0639755297e-64
421.59 4.94231581313e-64
421.6 3.02646389932e-64
421.61 1.85167266299e-64
421.62 1.13192237426e-64
421.63 6.91341753159e-65
421.64 4.21883598018e-65
421.65 2.57226796058e-65
421.66 1.56698012447e-65
421.67 9.53749844238e-66
421.68 5.80001590703e-66
421.69 3.52409495522e-66
421.7 2.13938886661e-66
421.71 1.29764403148e-66
421.72 7.86402939495e-67
421.73 4.76166014653e-67
421.74 2.88068237172e-67
421.75 1.74122970343e-67
421.76 1.05157553048e-67
421.77 6.34524782563e-68
421.78 3.82543140257e-68
421.79 2.30428376932e-68
421.8 1.38680441464e-68
421.81 8.33908081531e-69
421.82 5.01008232697e-69
421.83 3.00742810907e-69
421.84 1.80372099021e-69
421.85 1.08085435429e-69
421.86 6.47125787054e-70
421.87 3.87109606074e-70
421.88 2.31367792595e-70
421.89 1.3816421389e-70
421.9 8.24350584309e-71
421.91 4.91419111476e-71
421.92 2.92695366289e-71
421.93 1.7418203667e-71
421.94 1.03565377875e-71
421.95 6.1524704484e-72
421.96 3.65181014797e-72
421.97 2.16566141262e-72
421.98 1.28320675813e-72
421.99 7.59672544031e-73
422.0 4.49345022503e-73
422.01 2.65556632384e-73
422.02 1.56804341278e-73
422.03 9.25087312496e-74
422.04 5.45294452546e-74
422.05 3.21146465669e-74
422.06 1.88972638394e-74
422.07 1.11101115375e-74
422.08 6.52621870704e-75
422.09 3.83026252272e-75
422.1 2.24604871219e-75
422.11 1.31593219812e-75
422.12 7.70320699724e-76
422.13 4.50539980125e-76
422.14 2.6328057357e-76
422.15 1.53719161841e-76
422.16 8.96728375824e-77
422.17 5.22657913106e-77
422.18 3.04367207625e-77
422.19 1.77093206853e-77
422.2 1.02950783761e-77
422.21 5.97972380003e-78
422.22 3.47021437562e-78
422.23 2.01212611151e-78
422.24 1.16567585768e-78
422.25 6.7472083218e-79
422.26 3.90206185278e-79
422.27 2.25469546694e-79
422.28 1.30168334059e-79
422.29 7.50838466582e-80
422.3 4.32724409576e-80
422.31 2.49172429375e-80
422.32 1.43354817261e-80
422.33 8.2404002938e-81
422.34 4.73268978857e-81
422.35 2.71576058785e-81
422.36 1.55703593699e-81
422.37 8.91927396323e-82
422.38 5.10486291192e-82
422.39 2.91919009225e-82
422.4 1.66787838855e-82
422.41 9.52116516264e-83
422.42 5.43049638466e-83
422.43 3.09465807562e-83
422.44 1.76201469662e-83
422.45 1.0023746942e-83
422.46 5.69736933882e-84
422.47 3.23550717004e-84
422.48 1.83583680183e-84
422.49 1.04075735613e-84
422.5 5.89506528756e-85
422.51 3.33619526636e-85
422.52 1.88641836976e-85
422.53 1.06573268277e-85
422.54 6.01564590231e-86
422.55 3.39265702151e-86
422.56 1.91170714018e-86
422.57 1.0762829981e-86
422.58 6.05417973364e-87
422.59 3.40257614228e-87
422.6 1.91066306202e-87
422.61 1.07197356391e-87
422.62 6.00907681104e-88
422.63 3.36554303365e-88
422.64 1.88332925739e-88
422.65 1.05298229955e-88
422.66 5.88219748299e-89
422.67 3.28308285879e-89
422.68 1.83082906678e-89
422.69 1.02008759547e-89
422.7 5.67872511432e-90
422.71 3.15855133182e-90
422.72 1.75528945783e-90
422.73 9.74615383721e-91
422.74 5.40681478082e-91
422.75 2.99690816578e-91
422.76 1.65969807498e-91
422.77 9.18350481387e-92
422.78 5.07705114253e-92
422.79 2.80438949048e-92
422.8 1.54770731826e-92
422.81 8.53420466673e-93
422.82 4.70176570746e-93
422.83 2.58810938052e-93
422.84 1.42340334503e-93
422.85 7.82162607241e-94
422.86 4.29427477689e-94
422.87 2.35562591163e-94
422.88 1.29106030394e-94
422.89 7.06985401076e-95
422.9 3.86810341159e-95
422.91 2.11450842058e-95
422.92 1.15490024709e-95
422.93 6.30236050756e-96
422.94 3.43625767099e-96
422.95 1.87193995983e-96
422.96 1.01887714506e-96
422.97 5.54083781644e-97
422.98 3.01059799883e-97
422.99 1.6343829063e-97
423.0 8.86499646539e-98
423.01 4.80426588315e-98
423.02 2.60135255439e-98
423.03 1.40732728513e-98
423.04 7.6070227164e-99
423.05 4.10826104034e-99
423.06 2.21679259162e-99
423.07 1.19513180558e-99
423.08 6.43769296122e-100
423.09 3.46472226965e-100
423.1 1.86307486997e-100
423.11 1.00095810568e-100
423.12 5.37310349883e-101
423.13 2.88176275522e-101
423.14 1.5442405577e-101
423.15 8.26790346902e-102
423.16 4.42282293341e-102
423.17 2.36389085632e-102
423.18 1.26234772357e-102
423.19 6.73525889531e-103
423.2 3.59048651188e-103
423.21 1.91238803365e-103
423.22 1.01770626486e-103
423.23 5.41118760286e-104
423.24 2.87465973827e-104
423.25 1.52582249859e-104
423.26 8.09180288431e-105
423.27 4.28756076244e-105
423.28 2.26985959038e-105
423.29 1.20063613866e-105
423.3 6.34523252624e-106
423.31 3.35048273838e-106
423.32 1.76762827656e-106
423.33 9.31747440274e-107
423.34 4.90714836497e-107
423.35 2.58216435599e-107
423.36 1.35757017238e-107
423.37 7.13122937055e-108
423.38 3.7427449751e-108
423.39 1.96263608271e-108
423.4 1.02828389649e-108
423.41 5.38282180018e-109
423.42 2.81533891355e-109
423.43 1.47121138229e-109
423.44 7.68144953691e-110
423.45 4.00714446548e-110
423.46 2.08857718925e-110
423.47 1.08765152613e-110
423.48 5.65916985574e-111
423.49 2.94197784072e-111
423.5 1.52809297037e-111
423.51 7.93019508051e-112
423.52 4.1118917852e-112
423.53 2.13021380436e-112
423.54 1.10262649856e-112
423.55 5.70239593541e-113
423.56 2.94652427981e-113
423.57 1.52120026446e-113
423.58 7.84668959633e-114
423.59 4.04399179758e-114
423.6 2.08236939244e-114
423.61 1.07134411878e-114
423.62 5.5071121467e-115
423.63 2.82841130033e-115
423.64 1.45139264983e-115
423.65 7.44133724766e-116
423.66 3.81189358626e-116
423.67 1.95098648738e-116
423.68 9.97680461623e-117
423.69 5.09744308461e-117
423.7 2.60217809144e-117
423.71 1.32722746229e-117
423.72 6.7635922063e-118
423.73 3.44376242607e-118
423.74 1.75191351911e-118
423.75 8.90462956138e-119
423.76 4.52212708343e-119
423.77 2.29452810298e-119
423.78 1.16323567229e-119
423.79 5.89204093227e-120
423.8 2.98186179741e-120
423.81 1.50776264456e-120
423.82 7.61731929105e-121
423.83 3.84498857206e-121
423.84 1.93915113665e-121
423.85 9.7712916789e-122
423.86 4.9194438532e-122
423.87 2.47459283733e-122
423.88 1.24369877723e-122
423.89 6.24525787474e-123
423.9 3.13335250736e-123
423.91 1.57069495862e-123
423.92 7.86680084279e-124
423.93 3.93666241616e-124
423.94 1.96825745392e-124
423.95 9.83239569924e-125
423.96 4.90750221196e-125
423.97 2.44728964369e-125
423.98 1.21936564054e-125
423.99 6.07024537333e-126
424.0 3.01927209044e-126
424.01 1.50045153056e-126
424.02 7.45015660304e-127
424.03 3.69600495815e-127
424.04 1.8319912753e-127
424.05 9.07272964007e-128
424.06 4.48927541882e-128
424.07 2.21941360418e-128
424.08 1.09628620612e-128
424.09 5.41044975333e-129
424.1 2.66788127605e-129
424.11 1.31438726463e-129
424.12 6.46999430535e-130
424.13 3.18205855327e-130
424.14 1.56363775363e-130
424.15 7.67693460736e-131
424.16 3.76585199328e-131
424.17 1.84570532716e-131
424.18 9.03826762374e-132
424.19 4.42213238785e-132
424.2 2.16173272024e-132
424.21 1.05583478179e-132
424.22 5.15244833426e-133
424.23 2.51220478873e-133
424.24 1.22382732345e-133
424.25 5.95674437849e-134
424.26 2.89681989604e-134
424.27 1.4075302529e-134
424.28 6.83309870494e-135
424.29 3.31437284998e-135
424.3 1.60623373803e-135
424.31 7.7774967324e-136
424.32 3.76265711339e-136
424.33 1.81875065159e-136
424.34 8.78365749865e-137
424.35 4.23839410144e-137
424.36 2.04338872459e-137
424.37 9.84292919883e-138
424.38 4.737196964e-138
424.39 2.27793976452e-138
424.4 1.09442685688e-138
424.41 5.25357528946e-139
424.42 2.5196887194e-139
424.43 1.20743159323e-139
424.44 5.78098565053e-140
424.45 2.76544458282e-140
424.46 1.32175737137e-140
424.47 6.31193088507e-141
424.48 3.01159412248e-141
424.49 1.43566912114e-141
424.5 6.8381085508e-142
424.51 3.2541782221e-142
424.52 1.54728526775e-142
424.53 7.35060624376e-143
424.54 3.48898932214e-143
424.55 1.65462596056e-143
424.56 7.84013859721e-144
424.57 3.71168711151e-144
424.58 1.75566919895e-144
424.59 8.29731797544e-145
424.6 3.9179283542e-145
424.61 1.84841276322e-145
424.62 8.7129483559e-146
424.63 4.10350562964e-146
424.64 1.93093938028e-146
424.65 9.07832985567e-147
424.66 4.26448891404e-147
424.67 2.00148220643e-147
424.68 9.38555998573e-148
424.69 4.39736341117e-148
424.7 2.05848752664e-148
424.71 9.62781714724e-149
424.72 4.49915691141e-149
424.73 2.1006715734e-149
424.74 9.79961220266e-150
424.75 4.5675502463e-150
424.76 2.12706856741e-150
424.77 9.89699517825e-151
424.78 4.60096511041e-151
424.79 2.13706747078e-151
424.8 9.91770623178e-152
424.81 4.59862460732e-152
424.82 2.13043549986e-152
424.83 9.8612628287e-153
424.84 4.56058327655e-153
424.85 2.10732713419e-153
424.86 9.72897843078e-154
424.87 4.48772498094e-154
424.88 2.06827813484e-154
424.89 9.52391168648e-155
424.9 4.38172876849e-155
424.91 2.01418489553e-155
424.92 9.25074886777e-156
424.93 4.24500455024e-156
424.94 1.94627023774e-156
424.95 8.91562586306e-157
424.96 4.08060203463e-157
424.97 1.86603747237e-157
424.98 8.52589916696e-158
424.99 3.89209772274e-158
425.0 1.77521513703e-158
425.01 8.08987779664e-159
425.02 3.68346580731e-159
425.03 1.67569524269e-159
425.04 7.61652975644e-160
425.05 3.45893946978e-160
425.06 1.56946810215e-160
425.07 7.11517747917e-161
425.08 3.22286930314e-161
425.09 1.45855685564e-161
425.1 6.5951965723e-162
425.11 2.9795854055e-162
425.12 1.34495466259e-162
425.13 6.0657312417e-163
425.14 2.7332691233e-163
425.15 1.23056721209e-163
425.16 5.53543806423e-164
425.17 2.48783953384e-164
425.18 1.11716274984e-164
425.19 5.01226749476e-165
425.2 2.24685862471e-165
425.21 1.00633126556e-165
425.22 4.50328981528e-166
425.23 2.0134578456e-166
425.24 8.9945387689e-167
425.25 4.01456937348e-167
425.26 1.7902873734e-167
425.27 7.97682827619e-168
425.28 3.55108811903e-168
425.29 1.57948813687e-168
425.3 7.01931932565e-169
425.31 3.1167168149e-169
425.32 1.38268547498e-169
425.33 6.12876783017e-170
425.34 2.71423003095e-170
425.35 1.20100231751e-170
425.36 5.30963603469e-171
425.37 2.34535922862e-171
425.38 1.03508902259e-171
425.39 4.56425339136e-172
425.4 2.01087698513e-172
425.41 8.85166507001e-173
425.42 3.89303362061e-173
425.43 1.71070469972e-173
425.44 7.51079061871e-174
425.45 3.29473109201e-174
425.46 1.4440359521e-174
425.47 6.32353242981e-175
425.48 2.76671998287e-175
425.49 1.20946798242e-175
425.5 5.28259429126e-176
425.51 2.30528089933e-176
425.52 1.00513445077e-176
425.53 4.37873011214e-177
425.54 1.905881566e-177
425.55 8.28833609822e-178
425.56 3.6013266136e-178
425.57 1.56344057835e-178
425.58 6.78147181991e-179
425.59 2.93893685887e-179
425.6 1.27256584372e-179
425.61 5.50546469066e-180
425.62 2.37975042682e-180
425.63 1.02776200332e-180
425.64 4.4348344696e-181
425.65 1.91199161643e-181
425.66 8.23603655352e-182
425.67 3.54465734968e-182
425.68 1.52424214818e-182
425.69 6.54873453428e-183
425.7 2.81115322279e-183
425.71 1.20568917554e-183
425.72 5.16666042411e-184
425.73 2.21211748254e-184
425.74 9.46302897467e-185
425.75 4.04460266961e-185
425.76 1.72721050605e-185
425.77 7.36950623013e-186
425.78 3.14163135086e-186
425.79 1.33812217116e-186
425.8 5.6945580355e-187
425.81 2.42129660303e-187
425.82 1.02863115637e-187
425.83 4.36611397926e-188
425.84 1.85162986039e-188
425.85 7.84579570094e-189
425.86 3.32157090051e-189
425.87 1.40499174153e-189
425.88 5.93782957328e-190
425.89 2.50729478738e-190
425.9 1.0578078356e-190
425.91 4.45894252185e-191
425.92 1.8779355398e-191
425.93 7.9022943117e-192
425.94 3.32238098388e-192
425.95 1.39562704504e-192
425.96 5.85750993299e-193
425.97 2.45629431559e-193
425.98 1.02913295424e-193
425.99 4.30810499912e-194
426.0 1.80187552612e-194
426.01 7.52986181029e-195
426.02 3.14393050762e-195
426.03 1.31154314675e-195
426.04 5.46658291162e-196
426.05 2.2765280664e-196
426.06 9.47226393913e-197
426.07 3.93784198795e-197
426.08 1.63563536613e-197
426.09 6.78794651881e-198
426.1 2.8145828945e-198
426.11 1.16603983803e-198
426.12 4.8265459537e-199
426.13 1.99610423016e-199
426.14 8.24809580938e-200
426.15 3.40524129648e-200
426.16 1.40464248055e-200
426.17 5.78905156758e-201
426.18 2.38381610889e-201
426.19 9.80757854261e-202
426.2 4.03157322149e-202
426.21 1.65581198382e-202
426.22 6.79471434723e-203
426.23 2.78583312525e-203
426.24 1.14120247586e-203
426.25 4.67082961112e-204
426.26 1.91006900332e-204
426.27 7.80418941343e-205
426.28 3.18588619916e-205
426.29 1.29944058921e-205
426.3 5.29549192771e-206
426.31 2.15615463814e-206
426.32 8.77156754745e-207
426.33 3.56531767142e-207
426.34 1.44791465522e-207
426.35 5.8750478557e-208
426.36 2.38179053835e-208
426.37 9.6476032546e-209
426.38 3.90444237488e-209
426.39 1.57878253045e-209
426.4 6.37836428594e-210
426.41 2.57466090821e-210
426.42 1.03837559239e-210
426.43 4.18420174184e-211
426.44 1.68459098838e-211
426.45 6.77641574443e-212
426.46 2.72351220001e-212
426.47 1.09365997841e-212
426.48 4.38792329378e-213
426.49 1.75897410794e-213
426.5 7.04504187624e-214
426.51 2.81923594295e-214
426.52 1.12720519306e-214
426.53 4.50296167485e-215
426.54 1.79728617187e-215
426.55 7.16737170155e-216
426.56 2.85579043673e-216
426.57 1.13688478596e-216
426.58 4.52199717787e-217
426.59 1.79708174154e-217
426.6 7.1355768696e-218
426.61 2.83083175594e-218
426.62 1.1220772085e-218
426.63 4.44380645961e-219
426.64 1.7583739585e-219
426.65 6.95170065846e-220
426.66 2.74596245778e-220
426.67 1.08373185764e-220
426.68 4.27339263815e-221
426.69 1.68363314657e-221
426.7 6.62744068739e-222
426.71 2.60656130955e-222
426.72 1.02426834693e-222
426.73 4.02145554089e-223
426.74 1.57752592115e-223
426.75 6.18291746165e-224
426.76 2.42121918422e-224
426.77 9.47323860659e-225
426.78 3.70328007572e-225
426.79 1.4464331063e-225
426.8 5.64460896085e-226
426.81 2.2008633622e-226
426.82 8.57385260475e-227
426.83 3.33720325173e-227
426.84 1.29781567572e-227
426.85 5.0427459054e-228
426.86 1.95769426171e-228
426.87 7.59357632963e-229
426.88 2.942873337e-229
426.89 1.13951616437e-229
426.9 4.40852311857e-230
426.91 1.70407799177e-230
426.92 6.58126722216e-231
426.93 2.53952969225e-231
426.94 9.79085857593e-232
426.95 3.77148141906e-232
426.96 1.45153288675e-232
426.97 5.5816872654e-233
426.98 2.14450879836e-233
426.99 8.23216141411e-234
427.0 3.15735659908e-234
427.01 1.20992125144e-234
427.02 4.63248783358e-235
427.03 1.77212838697e-235
427.04 6.7732918639e-236
427.05 2.58659307171e-236
427.06 9.86915892363e-237
427.07 3.76232135414e-237
427.08 1.43303020716e-237
427.09 5.45354015366e-238
427.1 2.07360197431e-238
427.11 7.8776375083e-239
427.12 2.99013158379e-239
427.13 1.13398763853e-239
427.14 4.29684861419e-240
427.15 1.62673008274e-240
427.16 6.15325134981e-241
427.17 2.3255063286e-241
427.18 8.78120484467e-242
427.19 3.31294635367e-242
427.2 1.24881587554e-242
427.21 4.70333736341e-243
427.22 1.76985449742e-243
427.23 6.65415187323e-244
427.24 2.49960604647e-244
427.25 9.38154004477e-245
427.26 3.51803713448e-245
427.27 1.31810623531e-245
427.28 4.93428377037e-246
427.29 1.84553184012e-246
427.3 6.89672127875e-247
427.31 2.5750609924e-247
427.32 9.60629850636e-248
427.33 3.58053850083e-248
427.34 1.33341191228e-248
427.35 4.96139752709e-249
427.36 1.84445232239e-249
427.37 6.85100924775e-250
427.38 2.54252590469e-250
427.39 9.42757360193e-251
427.4 3.4926751109e-251
427.41 1.29282624411e-251
427.42 4.78129832905e-252
427.43 1.76675055972e-252
427.44 6.522714132e-253
427.45 2.40605286653e-253
427.46 8.86759190609e-254
427.47 3.26535154245e-254
427.48 1.20137309424e-254
427.49 4.41620852326e-255
427.5 1.62197798166e-255
427.51 5.95201544704e-256
427.52 2.18226183481e-256
427.53 7.99416996705e-257
427.54 2.92592783513e-257
427.55 1.06998467088e-257
427.56 3.90944595401e-258
427.57 1.42717287851e-258
427.58 5.2054906021e-259
427.59 1.89701367705e-259
427.6 6.90721492762e-260
427.61 2.51280732985e-260
427.62 9.13353974708e-261
427.63 3.31697935458e-261
427.64 1.20356659741e-261
427.65 4.36336151289e-262
427.66 1.58050538351e-262
427.67 5.71997953319e-263
427.68 2.06831500531e-263
427.69 7.47244286523e-264
427.7 2.69731853035e-264
427.71 9.7280452342e-265
427.72 3.50544081703e-265
427.73 1.26206990167e-265
427.74 4.53991678572e-266
427.75 1.63168412401e-266
427.76 5.85933050611e-267
427.77 2.10224639438e-267
427.78 7.53603573574e-268
427.79 2.69914362551e-268
427.8 9.65901304425e-269
427.81 3.4535299208e-269
427.82 1.23372227476e-269
427.83 4.40347263102e-270
427.84 1.57035162897e-270
427.85 5.59528522275e-271
427.86 1.99191711324e-271
427.87 7.08506776281e-272
427.88 2.51791152823e-272
427.89 8.94047589797e-273
427.9 3.17179068787e-273
427.91 1.12427386525e-273
427.92 3.98165313318e-274
427.93 1.40889440261e-274
427.94 4.98100728297e-275
427.95 1.75946090882e-275
427.96 6.20963081081e-276
427.97 2.18965478625e-276
427.98 7.71452576495e-277
427.99 2.71560456068e-277
428.0 9.55097124225e-278
428.01 3.35623419557e-278
428.02 1.17836732389e-278
428.03 4.13364176545e-279
428.04 1.44880085848e-279
428.05 5.07350701521e-280
428.06 1.77513565934e-280
428.07 6.20552520421e-281
428.08 2.16745081976e-281
428.09 7.56386332119e-282
428.1 2.63731379019e-282
428.11 9.18763325977e-283
428.12 3.19793188647e-283
428.13 1.11213748738e-283
428.14 3.86430558919e-284
428.15 1.34155400067e-284
428.16 4.65338051344e-285
428.17 1.61269666368e-285
428.18 5.58419429531e-286
428.19 1.931933024e-286
428.2 6.67801398834e-287
428.21 2.30635573964e-287
428.22 7.95845890853e-288
428.23 2.74381846175e-288
428.24 9.4516032311e-289
428.25 3.2529643425e-289
428.26 1.11860520535e-289
428.27 3.8432450956e-290
428.28 1.31929841246e-290
428.29 4.52492838944e-291
428.3 1.55061540315e-291
428.31 5.30909124535e-292
428.32 1.81618463698e-292
428.33 6.20759705474e-293
428.34 2.11987743299e-293
428.35 7.23305383228e-294
428.36 2.46579152521e-294
428.37 8.39875139719e-295
428.38 2.85822760655e-295
428.39 9.71857533137e-296
428.4 3.30165821631e-296
428.41 1.12068958111e-296
428.42 3.80068841998e-297
428.43 1.28784297538e-297
428.44 4.36000785513e-298
428.45 1.47480751695e-298
428.46 4.984333875e-299
428.47 1.68307171541e-299
428.48 5.67834571139e-300
428.49 1.91410056168e-300
428.5 6.44660979938e-301
428.51 2.16931055736e-301
428.52 7.29349665583e-302
428.53 2.45004216723e-302
428.54 8.22308997692e-303
428.55 2.75752995055e-303
428.56 9.23908891142e-304
428.57 3.09287072154e-304
428.58 1.03447047696e-304
428.59 3.45699018568e-305
428.6 1.1542553733e-305
428.61 3.85060859453e-306
428.62 1.28345474291e-306
428.63 4.27420605387e-307
428.64 1.42217835149e-307
428.65 4.72798820451e-308
428.66 1.57044386677e-308
428.67 5.21185306879e-309
428.68 1.72816665877e-309
428.69 5.72535991464e-310
428.7 1.89515037805e-310
428.71 6.26770102971e-311
428.72 2.07107859805e-311
428.73 6.83767731684e-312
428.74 2.25550780978e-312
428.75 7.43367861693e-313
428.76 2.44786205131e-313
428.77 8.05366963245e-314
428.78 2.64742944036e-314
428.79 8.69518226819e-315
428.8 2.85336085228e-315
428.81 9.3553151166e-316
428.82 3.06467097013e-316
428.83 1.00307406011e-316
428.84 3.28024164332e-317
428.85 1.07177215893e-317
428.86 3.49882962481e-318
428.87 1.14121259139e-318
428.88 3.71907914907e-319
428.89 1.21095489796e-319
428.9 3.93967945994e-320
428.91 1.28061815402e-320
428.92 4.16003273798e-321
428.93 1.34879921315e-321
428.94 4.39718424799e-322
428.95 1.43279037294e-322
428.96 4.44659081257e-323
428.97 1.48219693752e-323
428.98 4.94065645841e-324
428.99 0.0
429.0 0.0
429.01 0.0
429.02 0.0
429.03 0.0
429.04 0.0
429.05 0.0
429.06 0.0
429.07 0.0
429.08 0.0
429.09 0.0
429.1 0.0
429.11 0.0
429.12 0.0
429.13 0.0
429.14 0.0
429.15 0.0
429.16 0.0
429.17 0.0
429.18 0.0
429.19 0.0
429.2 0.0
429.21 0.0
429.22 0.0
429.23 0.0
429.24 0.0
429.25 0.0
429.26 0.0
429.27 0.0
429.28 0.0
429.29 0.0
429.3 0.0
429.31 0.0
429.32 0.0
429.33 0.0
429.34 0.0
429.35 0.0
429.36 0.0
429.37 0.0
429.38 0.0
429.39 0.0
429.4 0.0
429.41 0.0
429.42 0.0
429.43 0.0
429.44 0.0
429.45 0.0
429.46 0.0
429.47 0.0
429.48 0.0
429.49 0.0
429.5 0.0
429.51 0.0
429.52 0.0
429.53 0.0
429.54 0.0
429.55 0.0
429.56 0.0
429.57 0.0
429.58 0.0
429.59 0.0
429.6 0.0
429.61 0.0
429.62 0.0
429.63 0.0
429.64 0.0
429.65 0.0
429.66 0.0
429.67 0.0
429.68 0.0
429.69 0.0
429.7 0.0
429.71 0.0
429.72 0.0
429.73 0.0
429.74 0.0
429.75 0.0
429.76 0.0
429.77 0.0
429.78 0.0
429.79 0.0
429.8 0.0
429.81 0.0
429.82 0.0
429.83 0.0
429.84 0.0
429.85 0.0
429.86 0.0
429.87 0.0
429.88 0.0
429.89 0.0
429.9 0.0
429.91 0.0
429.92 0.0
429.93 0.0
429.94 0.0
429.95 0.0
429.96 0.0
429.97 0.0
429.98 0.0
429.99 0.0
