400.0 5.65658811741e-66
400.01 9.3406795672e-66
400.02 1.54108326115e-65
400.03 2.54037274834e-65
400.04 4.18400793681e-65
400.05 6.88511607983e-65
400.06 1.13201907804e-64
400.07 1.85960171529e-64
400.08 3.05217789416e-64
400.09 5.00522332275e-64
400.1 8.20088626866e-64
400.11 1.34252329778e-63
400.12 2.19586979851e-63
400.13 3.58851736857e-63
400.14 5.85932020161e-63
400.15 9.55879448007e-63
400.16 1.55805479999e-62
400.17 2.53738311579e-62
400.18 4.12869760364e-62
400.19 6.71218344386e-62
400.2 1.0902805681e-61
400.21 1.76944243694e-61
400.22 2.86918345874e-61
400.23 4.64840447345e-61
400.24 7.52442322112e-61
400.25 1.21693177808e-60
400.26 1.9664502418e-60
400.27 3.17485140707e-60
400.28 5.121386571e-60
400.29 8.25420832071e-60
400.3 1.32918981575e-59
400.31 2.13856422361e-59
400.32 3.43780549776e-59
400.33 5.52158826435e-59
400.34 8.86074928811e-59
400.35 1.42069414502e-58
400.36 2.27590665252e-58
400.37 3.64277219028e-58
400.38 5.82550114643e-58
400.39 9.30804092745e-58
400.4 1.48595955484e-57
400.41 2.37016950451e-57
400.42 3.77724831116e-57
400.43 6.01444250857e-57
400.44 9.56839141088e-57
400.45 1.52091940062e-56
400.46 2.41544514694e-56
400.47 3.83276217259e-56
400.48 6.07645486399e-56
400.49 9.62525831329e-56
400.5 1.52334483084e-55
400.51 2.40883895275e-55
400.52 3.80575669588e-55
400.53 6.00755820728e-55
400.54 9.47498796728e-55
400.55 1.49307993562e-54
400.56 2.35077554482e-54
400.57 3.69796657479e-54
400.58 5.81217271153e-54
400.59 9.12720391372e-54
400.6 1.43205833092e-53
400.61 2.24495363204e-53
400.62 3.51623388792e-53
400.63 5.5026494597e-53
400.64 8.60378703963e-53
400.65 1.34409872619e-52
400.66 2.0979561146e-52
400.67 3.2717894043e-52
400.68 5.09797846307e-52
400.69 7.93659764365e-52
400.7 1.2345095205e-51
400.71 1.91857259137e-51
400.72 2.97910452184e-51
400.73 4.62186182869e-51
400.74 7.16426906171e-51
400.75 1.10955933147e-50
400.76 1.7169311699e-50
400.77 2.65447691273e-50
400.78 4.1004236741e-50
400.79 6.32852098671e-50
400.8 9.75886768134e-50
400.81 1.50355855795e-49
400.82 2.31454152475e-49
400.83 3.55986328312e-49
400.84 5.47047923754e-49
400.85 8.3992622505e-49
400.86 1.2884887214e-48
400.87 1.97489410647e-48
400.88 3.02434073263e-48
400.89 4.62744575135e-48
400.9 7.07417283215e-48
400.91 1.08052223561e-47
400.92 1.6489802854e-47
400.93 2.51432220518e-47
400.94 3.83045276121e-47
400.95 5.83046245742e-47
400.96 8.86705920447e-47
400.97 1.34734844565e-46
400.98 2.04552106208e-46
400.99 3.10278510635e-46
401.0 4.70243881063e-46
401.01 7.12062837537e-46
401.02 1.07730134134e-45
401.03 1.62847011536e-45
401.04 2.45949587258e-45
401.05 3.71138591804e-45
401.06 5.59564102519e-45
401.07 8.4292180433e-45
401.08 1.2686693364e-44
401.09 1.90780204806e-44
401.1 2.86643363149e-44
401.11 4.3030281108e-44
401.12 6.45401823769e-44
401.13 9.67185786989e-44
401.14 1.44814929076e-43
401.15 2.16640913592e-43
401.16 3.23810802931e-43
401.17 4.83577294445e-43
401.18 7.21546262053e-43
401.19 1.07568762835e-42
401.2 1.60225589775e-42
401.21 2.38452179568e-42
401.22 3.54563827191e-42
401.23 5.26758156573e-42
401.24 7.81901100282e-42
401.25 1.15962105428e-41
401.26 1.71832010684e-41
401.27 2.54399213684e-41
401.28 3.76314688079e-41
401.29 5.56173493863e-41
401.3 8.21283537485e-41
401.31 1.21171270118e-40
401.32 1.7861993021e-40
401.33 2.63077607132e-40
401.34 3.87134221347e-40
401.35 5.69197463183e-40
401.36 8.36157445029e-40
401.37 1.22726084544e-39
401.38 1.79973850704e-39
401.39 2.63697280877e-39
401.4 3.86034044325e-39
401.41 5.64636923193e-39
401.42 8.25157126236e-39
401.43 1.20483547791e-38
401.44 1.75769109561e-38
401.45 2.56201147361e-38
401.46 3.73115508292e-38
401.47 5.4291175288e-38
401.48 7.89294176503e-38
401.49 1.14649526724e-37
401.5 1.66390814071e-37
401.51 2.41273786117e-37
401.52 3.49554296494e-37
401.53 5.05991081749e-37
401.54 7.31804022946e-37
401.55 1.05747579492e-36
401.56 1.52675654582e-36
401.57 2.20238306257e-36
401.58 3.17423911322e-36
401.59 4.5709885304e-36
401.6 6.57664404749e-36
401.61 9.45414490846e-36
401.62 1.35788779558e-35
401.63 1.94862929731e-35
401.64 2.79394776982e-35
401.65 4.0024973308e-35
401.66 5.72885105734e-35
401.67 8.19271267649e-35
401.68 1.17060838199e-34
401.69 1.67116467646e-34
401.7 2.38369440834e-34
401.71 3.39707879627e-34
401.72 4.8370923156e-34
401.73 6.88155909688e-34
401.74 9.78167038474e-34
401.75 1.38919405819e-33
401.76 1.9712264708e-33
401.77 2.79469128348e-33
401.78 3.95872077999e-33
401.79 5.60272896434e-33
401.8 7.92260619329e-33
401.81 1.11933539509e-32
401.82 1.58006923609e-32
401.83 2.22851576326e-32
401.84 3.1403569549e-32
401.85 4.42146339391e-32
401.86 6.21980492947e-32
401.87 8.74200815252e-32
401.88 1.22763528523e-31
401.89 1.72246827069e-31
401.9 2.41466457684e-31
401.91 3.38209734914e-31
401.92 4.73302839013e-31
401.93 6.61783336392e-31
401.94 9.24519887934e-31
401.95 1.29044767942e-30
401.96 1.79965085253e-30
401.97 2.50760902654e-30
401.98 3.49104225114e-30
401.99 4.85594878905e-30
402.0 6.74864841944e-30
402.01 9.37094138879e-30
402.02 1.30008980329e-29
402.03 1.80213447622e-29
402.04 2.49588603268e-29
402.05 3.45371119815e-29
402.06 4.77497386933e-29
402.07 6.59598550127e-29
402.08 9.10357758679e-29
402.09 1.25535979631e-28
402.1 1.72960943847e-28
402.11 2.38095720563e-28
402.12 3.27475523618e-28
402.13 4.50017925512e-28
402.14 6.17880506553e-28
402.15 8.47623301293e-28
402.16 1.16178293403e-27
402.17 1.59100231199e-27
402.18 2.17690933331e-27
402.19 2.97600450634e-27
402.2 4.06490630922e-27
402.21 5.54742204789e-27
402.22 7.56407086441e-27
402.23 1.03048976358e-26
402.24 1.40266993285e-26
402.25 1.90761621729e-26
402.26 2.59209095448e-26
402.27 3.51911273488e-26
402.28 4.77353196821e-26
402.29 6.46949234833e-26
402.3 8.76040701406e-26
402.31 1.18522847666e-25
402.32 1.60215150883e-25
402.33 2.16385821868e-25
402.34 2.91996557954e-25
402.35 3.93686366467e-25
402.36 5.30330654203e-25
402.37 7.13783984366e-25
402.38 9.59865936731e-25
402.39 1.28966844289e-24
402.4 1.73128784075e-24
402.41 2.32211753053e-24
402.42 3.11187990297e-24
402.43 4.16663225128e-24
402.44 5.57405470803e-24
402.45 7.45042410677e-24
402.46 9.94980285952e-24
402.47 1.32761352836e-23
402.48 1.76991567278e-23
402.49 2.35752981197e-23
402.5 3.13751292865e-23
402.51 4.17193532668e-23
402.52 5.54259726567e-23
402.53 7.35720388473e-23
402.54 9.75744186226e-23
402.55 1.29295337944e-22
402.56 1.71180177139e-22
402.57 2.26437207189e-22
402.58 2.99271817136e-22
402.59 3.95191471788e-22
402.6 5.21402392712e-22
402.61 6.87325075049e-22
402.62 9.05263622869e-22
402.63 1.19127399764e-21
402.64 1.56628925373e-21
402.65 2.0575764788e-21
402.66 2.70062147949e-21
402.67 3.54156454236e-21
402.68 4.64034549302e-21
402.69 6.0747608472e-21
402.7 7.94569272564e-21
402.71 1.03838417177e-20
402.72 1.3558388233e-20
402.73 1.76881243946e-20
402.74 2.30557478995e-20
402.75 3.00261989724e-20
402.76 3.90701621919e-20
402.77 5.07941599892e-20
402.78 6.59790508263e-20
402.79 8.56292335882e-20
402.8 1.11035477078e-19
402.81 1.43855072876e-19
402.82 1.86213992796e-19
402.83 2.40836970639e-19
402.84 3.11212986905e-19
402.85 4.01805595388e-19
402.86 5.18319993222e-19
402.87 6.68041826481e-19
402.88 8.60266598183e-19
402.89 1.10684339874e-18
402.9 1.42286275134e-18
402.91 1.82752595562e-18
402.92 2.34524279175e-18
402.93 3.00701627275e-18
402.94 3.8521878699e-18
402.95 4.9306349851e-18
402.96 6.30553526545e-18
402.97 8.05684071192e-18
402.98 1.02856397327e-17
402.99 1.31196289388e-17
403.0 1.67199705507e-17
403.01 2.12898781954e-17
403.02 2.70853566017e-17
403.03 3.4428622865e-17
403.04 4.37248630075e-17
403.05 5.54831329246e-17
403.06 7.03424041014e-17
403.07 8.91039897886e-17
403.08 1.12771876454e-16
403.09 1.42602840238e-16
403.1 1.80168663365e-16
403.11 2.27433298602e-16
403.12 2.86848482283e-16
403.13 3.61472094033e-16
403.14 4.55114535365e-16
403.15 5.72519587624e-16
403.16 7.19587658005e-16
403.17 9.03651085457e-16
403.18 1.13381332261e-15
403.19 1.42136641501e-15
403.2 1.78030436068e-15
403.21 2.22795376635e-15
403.22 2.78574785935e-15
403.23 3.48017553077e-15
403.24 4.34394387442e-15
403.25 5.4174008812e-15
403.26 6.75027483378e-15
403.27 8.40379885404e-15
403.28 1.0453303388e-14
403.29 1.29913766425e-14
403.3 1.6131713679e-14
403.31 2.00137996933e-14
403.32 2.48086027571e-14
403.33 3.07254869046e-14
403.34 3.80205990323e-14
403.35 4.70070339405e-14
403.36 5.80671425403e-14
403.37 7.16674205876e-14
403.38 8.83765014384e-14
403.39 1.08886878755e-13
403.4 1.34041106795e-13
403.41 1.64863370344e-13
403.42 2.02597487547e-13
403.43 2.48752611643e-13
403.44 3.05158137375e-13
403.45 3.7402960119e-13
403.46 4.58047698683e-13
403.47 5.60452936923e-13
403.48 6.85158903473e-13
403.49 8.36887679838e-13
403.5 1.02133156856e-12
403.51 1.24534605592e-12
403.52 1.5171798147e-12
403.53 1.84674858468e-12
403.54 2.24596097689e-12
403.55 2.72910565965e-12
403.56 3.31331103139e-12
403.57 4.01909040539e-12
403.58 4.87098796677e-12
403.59 5.89834336088e-12
403.6 7.13619579092e-12
403.61 8.62635200444e-12
403.62 1.04186466057e-11
403.63 1.25724278263e-11
403.64 1.51583073154e-11
403.65 1.82602187753e-11
403.66 2.19778374978e-11
403.67 2.64294211754e-11
403.68 3.1755141939e-11
403.69 3.81209905713e-11
403.7 4.57233464675e-11
403.71 5.47943213793e-11
403.72 6.56080015388e-11
403.73 7.84877316829e-11
403.74 9.38146061146e-11
403.75 1.12037356576e-10
403.76 1.33683854774e-10
403.77 1.5937447932e-10
403.78 1.89837633086e-10
403.79 2.25927738128e-10
403.8 2.68646081885e-10
403.81 3.191649411e-10
403.82 3.78855469433e-10
403.83 4.49319901946e-10
403.84 5.32428705325e-10
403.85 6.30363387902e-10
403.86 7.45665779232e-10
403.87 8.81294696375e-10
403.88 1.04069103435e-09
403.89 1.22785245283e-09
403.9 1.44741898154e-09
403.91 1.70477103454e-09
403.92 2.00614151052e-09
403.93 2.35874386386e-09
403.94 2.77091826219e-09
403.95 3.25229820192e-09
403.96 3.81400023632e-09
403.97 4.46883978415e-09
403.98 5.23157633169e-09
403.99 6.11919172205e-09
404.0 7.15120564372e-09
404.01 8.35003288989e-09
404.02 9.7413874635e-09
404.03 1.1354739154e-08
404.04 1.32238288126e-08
404.05 1.53872492102e-08
404.06 1.78890990729e-08
404.07 2.07797186665e-08
404.08 2.41165161417e-08
404.09 2.79648947553e-08
404.1 3.23992920683e-08
404.11 3.75043432711e-08
404.12 4.33761819244e-08
404.13 5.01238926162e-08
404.14 5.78711313372e-08
404.15 6.67579307623e-08
404.16 7.69427091016e-08
404.17 8.86045027513e-08
404.18 1.0194544463e-07
404.19 1.17193511835e-07
404.2 1.34605568095e-07
404.21 1.54470728421e-07
404.22 1.77114075374e-07
404.23 2.0290075846e-07
404.24 2.32240510357e-07
404.25 2.65592615894e-07
404.26 3.03471372041e-07
404.27 3.46452079512e-07
404.28 3.95177608979e-07
404.29 4.50365587357e-07
404.3 5.12816251993e-07
404.31 5.83421023097e-07
404.32 6.63171847072e-07
404.33 7.53171365805e-07
404.34 8.54643969194e-07
404.35 9.68947790352e-07
404.36 1.09758770494e-06
404.37 1.24222939783e-06
404.38 1.40471456207e-06
404.39 1.58707729613e-06
404.4 1.79156176684e-06
404.41 2.02064120576e-06
404.42 2.27703830704e-06
404.43 2.56374709475e-06
404.44 2.88405632679e-06
404.45 3.241574501e-06
404.46 3.64025652741e-06
404.47 4.0844321277e-06
404.48 4.57883601915e-06
404.49 5.12863993668e-06
404.5 5.73948654041e-06
404.51 6.41752525077e-06
404.52 7.16945004502e-06
404.53 8.00253924129e-06
404.54 8.92469728586e-06
404.55 9.94449854914e-06
404.56 1.10712331229e-05
404.57 1.23149545983e-05
404.58 1.36865297884e-05
404.59 1.51976903433e-05
404.6 1.68610861873e-05
404.61 1.86903406878e-05
404.62 2.07001074464e-05
404.63 2.29061285765e-05
404.64 2.53252943125e-05
404.65 2.79757037653e-05
404.66 3.08767266161e-05
404.67 3.4049065509e-05
404.68 3.75148188763e-05
404.69 4.12975438964e-05
404.7 4.54223192567e-05
404.71 4.99158073574e-05
404.72 5.48063155624e-05
404.73 6.01238560666e-05
404.74 6.5900203919e-05
404.75 7.21689527027e-05
404.76 7.89655673435e-05
404.77 8.63274334833e-05
404.78 9.42939028224e-05
404.79 0.000102906333807
404.8 0.000112208127006
404.81 0.000122244754492
404.82 0.000133063782527
404.83 0.000144714886818
404.84 0.000157249859595
404.85 0.000170722607763
404.86 0.00018518914133
404.87 0.000200707551366
404.88 0.000217337976681
404.89 0.00023514255848
404.9 0.000254185382201
404.91 0.000274532405818
404.92 0.000296251373865
404.93 0.00031941171651
404.94 0.000344084433002
404.95 0.000370341958917
404.96 0.000398258016621
404.97 0.000427907448484
404.98 0.000459366032411
404.99 0.000492710279372
405.0 0.000528017212654
405.01 0.000565364128704
405.02 0.000604828339508
405.03 0.000646486896559
405.04 0.000690416296602
405.05 0.00073669216948
405.06 0.000785388948492
405.07 0.000836579523883
405.08 0.000890334880165
405.09 0.000946723718163
405.1 0.00100581206281
405.11 0.00106766285788
405.12 0.00113233554901
405.13 0.00119988565647
405.14 0.00127036433945
405.15 0.00134381795348
405.16 0.00142028760323
405.17 0.00149980869247
405.18 0.00158241047371
405.19 0.00166811559979
405.2 0.00175693967988
405.21 0.00184889084264
405.22 0.00194396930904
405.23 0.00204216697794
405.24 0.00214346702695
405.25 0.00224784353178
405.26 0.00235526110687
405.27 0.00246567457035
405.28 0.00257902863619
405.29 0.00269525763667
405.3 0.00281428527784
405.31 0.0029360244309
405.32 0.00306037696233
405.33 0.00318723360509
405.34 0.00331647387369
405.35 0.00344796602518
405.36 0.00358156706831
405.37 0.00371712282268
405.38 0.00385446802965
405.39 0.0039934265163
405.4 0.00413381141373
405.41 0.00427542543033
405.42 0.0044180611809
405.43 0.00456150157144
405.44 0.00470552023982
405.45 0.00484988205167
405.46 0.00499434365077
405.47 0.00513865406272
405.48 0.00528255535026
405.49 0.00542578331856
405.5 0.00556806826791
405.51 0.00570913579144
405.52 0.00584870761469
405.53 0.00598650247388
405.54 0.00612223702916
405.55 0.00625562680884
405.56 0.00638638718053
405.57 0.00651423434461
405.58 0.00663888634526
405.59 0.00676006409427
405.6 0.00687749240238
405.61 0.00699090101296
405.62 0.00710002563269
405.63 0.00720460895379
405.64 0.00730440166228
405.65 0.00739916342687
405.66 0.007488663863
405.67 0.00757268346663
405.68 0.00765101451267
405.69 0.00772346191282
405.7 0.00778984402797
405.71 0.0078499934305
405.72 0.00790375761212
405.73 0.00795099963302
405.74 0.00799159870869
405.75 0.00802545073083
405.76 0.00805246871952
405.77 0.00807258320382
405.78 0.00808574252873
405.79 0.00809191308672
405.8 0.00809107947257
405.81 0.00808324456066
405.82 0.00806842950445
405.83 0.00804667365823
405.84 0.00801803442187
405.85 0.00798258700962
405.86 0.00794042414458
405.87 0.00789165568093
405.88 0.00783640815636
405.89 0.00777482427776
405.9 0.00770706234338
405.91 0.00763329560533
405.92 0.00755371157637
405.93 0.0074685112856
405.94 0.00737790848764
405.95 0.00728212883029
405.96 0.00718140898599
405.97 0.00707599575243
405.98 0.0069661451279
405.99 0.00685212136702
406.0 0.00673419602268
406.01 0.00661264698005
406.02 0.00648775748827
406.03 0.00635981519588
406.04 0.00622911119536
406.05 0.00609593908274
406.06 0.00596059403741
406.07 0.00582337192753
406.08 0.0056845684462
406.09 0.00554447828299
406.1 0.0054033943356
406.11 0.00526160696579
406.12 0.0051194033036
406.13 0.00497706660343
406.14 0.00483487565535
406.15 0.00469310425444
406.16 0.00455202073079
406.17 0.00441188754222
406.18 0.00427296093164
406.19 0.00413549065021
406.2 0.00399971974742
406.21 0.00386588442864
406.22 0.00373421398022
406.23 0.00360493076209
406.24 0.00347825026706
406.25 0.00335438124609
406.26 0.00323352589794
406.27 0.00311588012168
406.28 0.00300163383004
406.29 0.00289097132102
406.3 0.00278407170539
406.31 0.00268110938682
406.32 0.00258225459164
406.33 0.0024876739444
406.34 0.00239753108577
406.35 0.00231198732855
406.36 0.00223120234755
406.37 0.00215533489913
406.38 0.00208454356547
406.39 0.00201898751901
406.4 0.00195882730209
406.41 0.00190422561656
406.42 0.00185534811842
406.43 0.00181236421199
406.44 0.00177544783834
406.45 0.00174477825251
406.46 0.00172054078408
406.47 0.00170292757541
406.48 0.00169213829231
406.49 0.00168838080124
406.5 0.00169187180782
406.51 0.0017028374511
406.52 0.00172151384804
406.53 0.00174814758316
406.54 0.00178299613786
406.55 0.00182632825452
406.56 0.00187842423038
406.57 0.00193957613642
406.58 0.00201008795672
406.59 0.00209027564402
406.6 0.00218046708739
406.61 0.00228100198814
406.62 0.0023922316408
406.63 0.00251451861575
406.64 0.00264823634106
406.65 0.00279376858101
406.66 0.00295150880963
406.67 0.00312185947781
406.68 0.00330523117301
406.69 0.00350204167143
406.7 0.00371271488273
406.71 0.00393767968814
406.72 0.00417736867348
406.73 0.00443221675917
406.74 0.0047026597298
406.75 0.00498913266704
406.76 0.00529206828966
406.77 0.00561189520566
406.78 0.00594903608212
406.79 0.00630390573875
406.8 0.00667690917241
406.81 0.00706843951994
406.82 0.00747887596785
406.83 0.00790858161762
406.84 0.0083579013164
406.85 0.00882715946314
406.86 0.00931665780096
406.87 0.00982667320695
406.88 0.010357455491
406.89 0.0109092252161
406.9 0.0114821715516
406.91 0.0120764501731
406.92 0.0126921812214
406.93 0.0133294473324
406.94 0.0139882917529
406.95 0.0146687165524
406.96 0.0153706809464
406.97 0.0160940997402
406.98 0.0168388419086
406.99 0.0176047293198
407.0 0.0183915356165
407.01 0.0191989852626
407.02 0.0200267527664
407.03 0.0208744620879
407.04 0.0217416862376
407.05 0.0226279470735
407.06 0.0235327153018
407.07 0.0244554106853
407.08 0.0253954024615
407.09 0.0263520099741
407.1 0.0273245035153
407.11 0.0283121053804
407.12 0.0293139911299
407.13 0.030329291057
407.14 0.0313570918537
407.15 0.0323964384696
407.16 0.0334463361546
407.17 0.034505752677
407.18 0.0355736207059
407.19 0.0366488403451
407.2 0.0377302818076
407.21 0.0388167882153
407.22 0.039907178509
407.23 0.0410002504546
407.24 0.0420947837273
407.25 0.0431895430589
407.26 0.0442832814302
407.27 0.045374743291
407.28 0.0464626677906
407.29 0.047545792003
407.3 0.0486228541261
407.31 0.0496925966432
407.32 0.0507537694259
407.33 0.0518051327669
407.34 0.0528454603256
407.35 0.0538735419749
407.36 0.0548881865348
407.37 0.0558882243834
407.38 0.0568725099342
407.39 0.057839923972
407.4 0.0587893758399
407.41 0.0597198054717
407.42 0.060630185267
407.43 0.0615195218049
407.44 0.0623868573973
407.45 0.063231271482
407.46 0.0640518818571
407.47 0.0648478457631
407.48 0.065618360815
407.49 0.0663626657936
407.5 0.0670800413031
407.51 0.0677698103033
407.52 0.0684313385281
407.53 0.0690640347997
407.54 0.0696673512512
407.55 0.0702407834686
407.56 0.0707838705666
407.57 0.071296195208
407.58 0.0717773835824
407.59 0.0722271053538
407.6 0.0726450735917
407.61 0.0730310446943
407.62 0.0733848183181
407.63 0.0737062373195
407.64 0.0739951877208
407.65 0.0742515987065
407.66 0.074475442655
407.67 0.0746667352131
407.68 0.0748255354143
407.69 0.0749519458427
407.7 0.0750461128437
407.71 0.0751082267781
407.72 0.0751385223164
407.73 0.0751372787688
407.74 0.0751048204428
407.75 0.0750415170201
407.76 0.0749477839426
407.77 0.0748240827957
407.78 0.0746709216764
407.79 0.0744888555299
407.8 0.0742784864425
407.81 0.0740404638714
407.82 0.0737754847966
407.83 0.0734842937763
407.84 0.0731676828886
407.85 0.0728264915412
407.86 0.0724616061316
407.87 0.0720739595412
407.88 0.0716645304453
407.89 0.0712343424242
407.9 0.0707844628605
407.91 0.0703160016084
407.92 0.0698301094241
407.93 0.0693279761464
407.94 0.0688108286192
407.95 0.0682799283496
407.96 0.0677365688973
407.97 0.0671820729938
407.98 0.0666177893922
407.99 0.0660450894496
408.0 0.0654653634495
408.01 0.0648800166712
408.02 0.0642904652177
408.03 0.0636981316159
408.04 0.0631044402047
408.05 0.0625108123304
408.06 0.0619186613692
408.07 0.0613293876022
408.08 0.0607443729659
408.09 0.0601649757079
408.1 0.0595925249752
408.11 0.0590283153678
408.12 0.0584736014879
408.13 0.0579295925196
408.14 0.0573974468717
408.15 0.0568782669205
408.16 0.056373093885
408.17 0.0558829028721
408.18 0.0554085981247
408.19 0.054951008508
408.2 0.0545108832681
408.21 0.0540888880929
408.22 0.053685601509
408.23 0.0533015116422
408.24 0.0529370133695
408.25 0.0525924058875
408.26 0.0522678907205
408.27 0.0519635701887
408.28 0.0516794463523
408.29 0.0514154204484
408.3 0.0511712928299
408.31 0.0509467634165
408.32 0.0507414326601
408.33 0.0505548030287
408.34 0.0503862810053
408.35 0.0502351795957
408.36 0.0501007213384
408.37 0.0499820418016
408.38 0.0498781935543
408.39 0.0497881505904
408.4 0.0497108131848
408.41 0.0496450131563
408.42 0.0495895195094
408.43 0.0495430444243
408.44 0.0495042495627
408.45 0.0494717526534
408.46 0.0494441343214
408.47 0.0494199451214
408.48 0.0493977127355
408.49 0.0493759492932
408.5 0.0493531587734
408.51 0.0493278444425
408.52 0.0492985162893
408.53 0.0492636984098
408.54 0.0492219363035
408.55 0.049171804035
408.56 0.049111911224
408.57 0.0490409098198
408.58 0.0489575006263
408.59 0.0488604395366
408.6 0.0487485434468
408.61 0.0486206958129
408.62 0.0484758518239
408.63 0.0483130431625
408.64 0.0481313823283
408.65 0.047930066504
408.66 0.0477083809434
408.67 0.0474657018691
408.68 0.0472014988648
408.69 0.0469153367555
408.7 0.0466068769694
408.71 0.0462758783794
408.72 0.0459221976256
408.73 0.0455457889225
408.74 0.0451467033603
408.75 0.0447250877086
408.76 0.0442811827379
408.77 0.0438153210743
408.78 0.0433279246083
408.79 0.0428195014766
408.8 0.0422906426433
408.81 0.0417420181056
408.82 0.0411743727522
408.83 0.0405885219036
408.84 0.0399853465662
408.85 0.0393657884321
408.86 0.038730844658
408.87 0.0380815624567
408.88 0.0374190335367
408.89 0.036744388424
408.9 0.0360587907006
408.91 0.0353634311946
408.92 0.0346595221559
408.93 0.0339482914502
408.94 0.033230976805
408.95 0.0325088201369
408.96 0.0317830619924
408.97 0.0310549361296
408.98 0.0303256642673
408.99 0.0295964510284
409.0 0.0288684790994
409.01 0.0281429046281
409.02 0.0274208528786
409.03 0.0267034141619
409.04 0.0259916400546
409.05 0.0252865399219
409.06 0.0245890777523
409.07 0.023900169315
409.08 0.023220679644
409.09 0.0225514208544
409.1 0.0218931502918
409.11 0.0212465690147
409.12 0.0206123206081
409.13 0.0199909903231
409.14 0.0193831045372
409.15 0.018789130527
409.16 0.0182094765446
409.17 0.0176444921852
409.18 0.0170944690358
409.19 0.0165596415888
409.2 0.0160401884084
409.21 0.0155362335321
409.22 0.0150478480921
409.23 0.0145750521384
409.24 0.0141178166469
409.25 0.0136760656931
409.26 0.0132496787743
409.27 0.0128384932601
409.28 0.012442306954
409.29 0.012060880747
409.3 0.0116939413438
409.31 0.0113411840452
409.32 0.0110022755686
409.33 0.0106768568883
409.34 0.0103645460802
409.35 0.0100649411557
409.36 0.00977762286717
409.37 0.00950215747352
409.38 0.00923809945078
409.39 0.0089849941355
409.4 0.00874238028954
409.41 0.00850979257562
409.42 0.00828676393393
409.43 0.00807282785129
409.44 0.00786752051534
409.45 0.0076703828472
409.46 0.007480962407
409.47 0.00729881516791
409.48 0.0071235071551
409.49 0.00695461594704
409.5 0.00679173203752
409.51 0.00663446005769
409.52 0.00648241985823
409.53 0.00633524745264
409.54 0.00619259582324
409.55 0.00605413559255
409.56 0.00591955556298
409.57 0.00578856312864
409.58 0.00566088456359
409.59 0.00553626519141
409.6 0.00541446944132
409.61 0.00529528079646
409.62 0.00517850164061
409.63 0.00506395300946
409.64 0.00495147425311
409.65 0.00484092261656
409.66 0.00473217274507
409.67 0.00462511612138
409.68 0.00451966044183
409.69 0.00441572893839
409.7 0.00431325965352
409.71 0.00421220467485
409.72 0.00411252933626
409.73 0.00401421139209
409.74 0.00391724017075
409.75 0.00382161571398
409.76 0.00372734790748
409.77 0.00363445560882
409.78 0.00354296577757
409.79 0.00345291261299
409.8 0.00336433670375
409.81 0.00327728419403
409.82 0.00319180597005
409.83 0.00310795687047
409.84 0.00302579492416
409.85 0.00294538061795
409.86 0.00286677619704
409.87 0.00279004500022
409.88 0.00271525083167
409.89 0.00264245737077
409.9 0.00257172762118
409.91 0.00250312339983
409.92 0.00243670486645
409.93 0.00237253009382
409.94 0.00231065467857
409.95 0.00225113139234
409.96 0.00219400987266
409.97 0.00213933635266
409.98 0.0020871534288
409.99 0.00203749986526
410.0 0.00199041043366
410.01 0.00194591578668
410.02 0.00190404236392
410.03 0.00186481232814
410.04 0.00182824353031
410.05 0.00179434950129
410.06 0.00176313946841
410.07 0.00173461839479
410.08 0.00170878703964
410.09 0.00168564203721
410.1 0.00166517599274
410.11 0.00164737759317
410.12 0.00163223173088
410.13 0.00161971963847
410.14 0.00160981903277
410.15 0.00160250426644
410.16 0.0015977464853
410.17 0.00159551379007
410.18 0.0015957714007
410.19 0.00159848182219
410.2 0.00160360501045
410.21 0.00161109853692
410.22 0.00162091775109
410.23 0.00163301593969
410.24 0.00164734448178
410.25 0.0016638529989
410.26 0.00168248949965
410.27 0.00170320051802
410.28 0.00172593124508
410.29 0.00175062565343
410.3 0.00177722661444
410.31 0.0018056760076
410.32 0.00183591482221
410.33 0.00186788325115
410.34 0.00190152077663
410.35 0.00193676624824
410.36 0.00197355795315
410.37 0.00201183367872
410.38 0.00205153076783
410.39 0.00209258616703
410.4 0.00213493646789
410.41 0.0021785179419
410.42 0.00222326656922
410.43 0.00226911806182
410.44 0.00231600788121
410.45 0.00236387125139
410.46 0.00241264316736
410.47 0.00246225839981
410.48 0.00251265149624
410.49 0.00256375677923
410.5 0.00261550834231
410.51 0.00266784004381
410.52 0.00272068549942
410.53 0.00277397807382
410.54 0.00282765087195
410.55 0.00288163673054
410.56 0.00293586821024
410.57 0.00299027758913
410.58 0.00304479685784
410.59 0.00309935771711
410.6 0.00315389157809
410.61 0.00320832956599
410.62 0.00326260252763
410.63 0.00331664104327
410.64 0.00337037544334
410.65 0.00342373583052
410.66 0.00347665210759
410.67 0.00352905401155
410.68 0.00358087115444
410.69 0.00363203307128
410.7 0.00368246927546
410.71 0.00373210932205
410.72 0.00378088287921
410.73 0.00382871980813
410.74 0.00387555025167
410.75 0.00392130473187
410.76 0.00396591425663
410.77 0.00400931043553
410.78 0.00405142560486
410.79 0.00409219296194
410.8 0.00413154670854
410.81 0.00416942220336
410.82 0.0042057561233
410.83 0.00424048663325
410.84 0.00427355356411
410.85 0.00430489859851
410.86 0.00433446546377
410.87 0.00436220013158
410.88 0.00438805102362
410.89 0.00441196922249
410.9 0.00443390868703
410.91 0.00445382647129
410.92 0.00447168294599
410.93 0.0044874420217
410.94 0.00450107137238
410.95 0.00451254265834
410.96 0.00452183174733
410.97 0.00452891893251
410.98 0.00453378914605
410.99 0.00453643216702
411.0 0.00453684282225
411.01 0.00453502117872
411.02 0.00453097272628
411.03 0.0045247085491
411.04 0.00451624548479
411.05 0.00450560626956
411.06 0.00449281966832
411.07 0.00447792058844
411.08 0.00446095017583
411.09 0.00444195589236
411.1 0.00442099157341
411.11 0.00439811746462
411.12 0.00437340023688
411.13 0.00434691297878
411.14 0.00431873516569
411.15 0.00428895260503
411.16 0.00425765735704
411.17 0.0042249476308
411.18 0.00419092765519
411.19 0.00415570752459
411.2 0.00411940301949
411.21 0.00408213540189
411.22 0.00404403118601
411.23 0.00400522188448
411.24 0.00396584373066
411.25 0.00392603737768
411.26 0.003885947575
411.27 0.00384572282339
411.28 0.00380551500931
411.29 0.0037654790199
411.3 0.0037257723397
411.31 0.00368655463052
411.32 0.00364798729594
411.33 0.00361023303178
411.34 0.00357345536433
411.35 0.00353781817794
411.36 0.00350348523358
411.37 0.00347061968039
411.38 0.00343938356178
411.39 0.00340993731821
411.4 0.00338243928821
411.41 0.00335704520986
411.42 0.00333390772441
411.43 0.003313175884
411.44 0.0032949946654
411.45 0.00327950449164
411.46 0.00326684076317
411.47 0.00325713340074
411.48 0.00325050640124
411.49 0.00324707740867
411.5 0.00324695730155
411.51 0.00325024979841
411.52 0.00325705108299
411.53 0.00326744945032
411.54 0.0032815249752
411.55 0.00329934920423
411.56 0.00332098487245
411.57 0.00334648564584
411.58 0.00337589589038
411.59 0.0034092504686
411.6 0.00344657456443
411.61 0.00348788353674
411.62 0.0035331828023
411.63 0.00358246774841
411.64 0.00363572367547
411.65 0.00369292576974
411.66 0.00375403910622
411.67 0.0038190186817
411.68 0.00388780947772
411.69 0.00396034655314
411.7 0.00403655516602
411.71 0.0041163509242
411.72 0.0041996399641
411.73 0.00428631915686
411.74 0.00437627634127
411.75 0.00446939058234
411.76 0.00456553245481
411.77 0.00466456435026
411.78 0.00476634080697
411.79 0.00487070886115
411.8 0.00497750841834
411.81 0.00508657264369
411.82 0.00519772836965
411.83 0.00531079651982
411.84 0.00542559254736
411.85 0.00554192688654
411.86 0.00565960541589
411.87 0.00577842993155
411.88 0.00589819862906
411.89 0.0060187065923
411.9 0.00613974628789
411.91 0.00626110806359
411.92 0.00638258064918
411.93 0.00650395165841
411.94 0.00662500809047
411.95 0.0067455368297
411.96 0.00686532514205
411.97 0.00698416116708
411.98 0.00710183440419
411.99 0.00721813619189
412.0 0.00733286017894
412.01 0.00744580278629
412.02 0.00755676365888
412.03 0.00766554610619
412.04 0.0077719575308
412.05 0.00787580984411
412.06 0.00797691986846
412.07 0.00807510972499
412.08 0.0081702072066
412.09 0.00826204613555
412.1 0.00835046670519
412.11 0.00843531580529
412.12 0.00851644733082
412.13 0.00859372247367
412.14 0.00866700999724
412.15 0.00873618649349
412.16 0.00880113662244
412.17 0.0088617533339
412.18 0.00891793807137
412.19 0.00896960095794
412.2 0.00901666096424
412.21 0.00905904605838
412.22 0.00909669333772
412.23 0.00912954914261
412.24 0.00915756915204
412.25 0.00918071846105
412.26 0.00919897164004
412.27 0.00921231277593
412.28 0.00922073549498
412.29 0.00922424296744
412.3 0.0092228478938
412.31 0.00921657247275
412.32 0.00920544835054
412.33 0.00918951655192
412.34 0.00916882739242
412.35 0.00914344037191
412.36 0.00911342404936
412.37 0.00907885589878
412.38 0.00903982214611
412.39 0.00899641758721
412.4 0.00894874538673
412.41 0.00889691685792
412.42 0.00884105122346
412.43 0.00878127535721
412.44 0.0087177235071
412.45 0.00865053699929
412.46 0.00857986392373
412.47 0.00850585880152
412.48 0.00842868223428
412.49 0.00834850053595
412.5 0.00826548534771
412.51 0.00817981323625
412.52 0.00809166527647
412.53 0.00800122661895
412.54 0.0079086860435
412.55 0.00781423549933
412.56 0.00771806963325
412.57 0.00762038530679
412.58 0.00752138110377
412.59 0.00742125682948
412.6 0.007320213003
412.61 0.0072184503443
412.62 0.00711616925763
412.63 0.00701356931305
412.64 0.00691084872788
412.65 0.00680820384981
412.66 0.00670582864388
412.67 0.00660391418501
412.68 0.00650264815834
412.69 0.00640221436925
412.7 0.00630279226527
412.71 0.00620455647183
412.72 0.00610767634394
412.73 0.00601231553589
412.74 0.00591863159075
412.75 0.0058267755519
412.76 0.00573689159816
412.77 0.00564911670443
412.78 0.00556358032952
412.79 0.00548040413267
412.8 0.00539970172018
412.81 0.00532157842352
412.82 0.00524613110997
412.83 0.00517344802679
412.84 0.00510360867969
412.85 0.00503668374625
412.86 0.0049727350247
412.87 0.00491181541819
412.88 0.00485396895469
412.89 0.00479923084219
412.9 0.00474762755889
412.91 0.00469917697768
412.92 0.00465388852411
412.93 0.00461176336676
412.94 0.00457279463881
412.95 0.00453696768936
412.96 0.00450426036271
412.97 0.004474643304
412.98 0.00444808028907
412.99 0.00442452857638
413.0 0.00440393927873
413.01 0.00438625775242
413.02 0.00437142400112
413.03 0.00435937309208
413.04 0.00435003558175
413.05 0.00434333794815
413.06 0.00433920302729
413.07 0.00433755045062
413.08 0.00433829708098
413.09 0.00434135744413
413.1 0.00434664415316
413.11 0.00435406832333
413.12 0.00436353997458
413.13 0.0043749684195
413.14 0.00438826263442
413.15 0.00440333161148
413.16 0.00442008468991
413.17 0.00443843186453
413.18 0.00445828407022
413.19 0.00447955344083
413.2 0.00450215354163
413.21 0.00452599957434
413.22 0.00455100855421
413.23 0.00457709945886
413.24 0.00460419334869
413.25 0.00463221345918
413.26 0.00466108526543
413.27 0.00469073651962
413.28 0.00472109726238
413.29 0.00475209980916
413.3 0.00478367871302
413.31 0.00481577070549
413.32 0.00484831461712
413.33 0.00488125127987
413.34 0.00491452341332
413.35 0.004948075497
413.36 0.00498185363119
413.37 0.00501580538867
413.38 0.00504987965981
413.39 0.00508402649377
413.4 0.0051181969381
413.41 0.00515234287947
413.42 0.00518641688799
413.43 0.0052203720675
413.44 0.00525416191419
413.45 0.00528774018584
413.46 0.00532106078363
413.47 0.00535407764858
413.48 0.0053867446742
413.49 0.00541901563701
413.5 0.00545084414612
413.51 0.00548218361305
413.52 0.00551298724256
413.53 0.00554320804494
413.54 0.00557279887037
413.55 0.00560171246495
413.56 0.00562990154859
413.57 0.00565731891394
413.58 0.0056839175457
413.59 0.00570965075931
413.6 0.00573447235765
413.61 0.00575833680433
413.62 0.00578119941168
413.63 0.00580301654171
413.64 0.00582374581763
413.65 0.00584334634395
413.66 0.00586177893243
413.67 0.00587900633153
413.68 0.0058949934567
413.69 0.00590970761868
413.7 0.00592311874728
413.71 0.00593519960778
413.72 0.00594592600727
413.73 0.00595527698838
413.74 0.00596323500766
413.75 0.00596978609643
413.76 0.00597492000155
413.77 0.00597863030407
413.78 0.00598091451393
413.79 0.00598177413881
413.8 0.00598121472569
413.81 0.00597924587395
413.82 0.00597588121897
413.83 0.00597113838556
413.84 0.00596503891073
413.85 0.00595760813594
413.86 0.00594887506869
413.87 0.00593887221423
413.88 0.00592763537807
413.89 0.00591520344036
413.9 0.00590161810366
413.91 0.00588692361554
413.92 0.00587116646823
413.93 0.00585439507716
413.94 0.00583665944109
413.95 0.00581801078624
413.96 0.00579850119721
413.97 0.00577818323777
413.98 0.00575710956447
413.99 0.00573533253621
414.0 0.00571290382309
414.01 0.00568987401785
414.02 0.00566629225304
414.03 0.0056422058273
414.04 0.00561765984393
414.05 0.00559269686491
414.06 0.00556735658331
414.07 0.00554167551705
414.08 0.00551568672663
414.09 0.00548941955948
414.1 0.00546289942303
414.11 0.00543614758875
414.12 0.00540918102883
414.13 0.00538201228708
414.14 0.00535464938528
414.15 0.00532709576595
414.16 0.00529935027202
414.17 0.00527140716397
414.18 0.00524325617417
414.19 0.00521488259834
414.2 0.00518626742326
414.21 0.00515738749007
414.22 0.00512821569168
414.23 0.0050987212029
414.24 0.00506886974153
414.25 0.00503862385825
414.26 0.00500794325318
414.27 0.00497678511652
414.28 0.00494510449065
414.29 0.00491285465077
414.3 0.00487998750126
414.31 0.00484645398442
414.32 0.00481220449871
414.33 0.00477718932292
414.34 0.00474135904331
414.35 0.00470466498021
414.36 0.004667059611
414.37 0.00462849698619
414.38 0.0045889331355
414.39 0.004548326461
414.4 0.00450663811435
414.41 0.00446383235547
414.42 0.0044198768901
414.43 0.00437474318386
414.44 0.00432840675068
414.45 0.00428084741368
414.46 0.00423204953685
414.47 0.004182002226
414.48 0.00413069949791
414.49 0.00407814041671
414.5 0.00402432919679
414.51 0.00396927527189
414.52 0.00391299333037
414.53 0.00385550331645
414.54 0.00379683039824
414.55 0.00373700490285
414.56 0.00367606221957
414.57 0.00361404267231
414.58 0.00355099136239
414.59 0.00348695798336
414.6 0.00342199660946
414.61 0.00335616545948
414.62 0.00328952663815
414.63 0.00322214585704
414.64 0.00315409213722
414.65 0.00308543749596
414.66 0.00301625661984
414.67 0.00294662652663
414.68 0.0028766262184
414.69 0.00280633632826
414.7 0.0027358387631
414.71 0.00266521634474
414.72 0.00259455245187
414.73 0.00252393066483
414.74 0.00245343441566
414.75 0.00238314664525
414.76 0.00231314946969
414.77 0.00224352385762
414.78 0.00217434932027
414.79 0.00210570361567
414.8 0.00203766246866
414.81 0.00197029930768
414.82 0.00190368501964
414.83 0.00183788772376
414.84 0.00177297256502
414.85 0.00170900152807
414.86 0.00164603327183
414.87 0.00158412298524
414.88 0.00152332226411
414.89 0.00146367900933
414.9 0.00140523734598
414.91 0.0013480375633
414.92 0.00129211607496
414.93 0.00123750539918
414.94 0.00118423415797
414.95 0.00113232709487
414.96 0.00108180511017
414.97 0.00103268531288
414.98 0.000984981088416
414.99 0.000938702180813
415.0 0.000893854788619
415.01 0.00085044167313
415.02 0.000808462277922
415.03 0.000767912858465
415.04 0.000728786620641
415.05 0.000691073866984
415.06 0.000654762149464
415.07 0.000619836427667
415.08 0.000586279231222
415.09 0.00055407082539
415.1 0.000523189378749
415.11 0.000493611131948
415.12 0.000465310566571
415.13 0.00043826057318
415.14 0.000412432617695
415.15 0.000387796905283
415.16 0.000364322541044
415.17 0.000341977686789
415.18 0.000320729713319
415.19 0.000300545347645
415.2 0.000281390814665
415.21 0.000263231972883
415.22 0.000246034443815
415.23 0.000229763734773
415.24 0.000214385354809
415.25 0.000199864923628
415.26 0.000186168273354
415.27 0.000173261543068
415.28 0.000161111266109
415.29 0.000149684450149
415.3 0.000138948650115
415.31 0.000128872034057
415.32 0.000119423442114
415.33 0.000110572438734
415.34 0.000102289358368
415.35 9.45453448454e-05
415.36 8.73123846954e-05
415.37 8.0563334672e-05
415.38 7.42719437652e-05
415.39 6.8412869995e-05
415.4 6.29616922878e-05
415.41 5.78949177474e-05
415.42 5.31899846312e-05
415.43 4.88252613471e-05
415.44 4.47800417837e-05
415.45 4.10345372845e-05
415.46 3.75698655708e-05
415.47 3.43680369122e-05
415.48 3.14119378354e-05
415.49 2.86853126521e-05
415.5 2.6172743077e-05
415.51 2.3859626195e-05
415.52 2.1732151024e-05
415.53 1.97772739083e-05
415.54 1.79826929625e-05
415.55 1.63368217734e-05
415.56 1.48287625529e-05
415.57 1.3448278922e-05
415.58 1.218576849e-05
415.59 1.10322353824e-05
415.6 9.97926285359e-06
415.61 9.01898611239e-06
415.62 8.14406546983e-06
415.63 7.34765991125e-06
415.64 6.62340117998e-06
415.65 5.96536844984e-06
415.66 5.36806365247e-06
415.67 4.82638751572e-06
415.68 4.33561635955e-06
415.69 3.89137968708e-06
415.7 3.48963860031e-06
415.71 3.12666506225e-06
415.72 2.7990220202e-06
415.73 2.50354439865e-06
415.74 2.23732096434e-06
415.75 1.99767706092e-06
415.76 1.78215820587e-06
415.77 1.58851453828e-06
415.78 1.41468610261e-06
415.79 1.25878895e-06
415.8 1.11910203655e-06
415.81 9.94054895323e-07
415.82 8.82216057169e-07
415.83 7.82282193816e-07
415.84 6.93067955715e-07
415.85 6.13496476061e-07
415.86 5.42590511978e-07
415.87 4.79464193467e-07
415.88 4.23315350637e-07
415.89 3.73418389867e-07
415.9 3.29117689783e-07
415.91 2.8982148843e-07
415.92 2.54996233543e-07
415.93 2.24161368537e-07
415.94 1.96884527624e-07
415.95 1.72777114287e-07
415.96 1.51490238329e-07
415.97 1.32710987631e-07
415.98 1.16159011796e-07
415.99 1.01583395885e-07
416.0 8.87598034867e-08
416.01 7.74878694364e-08
416.02 6.75888235235e-08
416.03 5.89033275873e-08
416.04 5.12895094058e-08
416.05 4.46211777885e-08
416.06 3.87862042534e-08
416.07 3.36850576094e-08
416.08 2.92294786747e-08
416.09 2.53412832328e-08
416.1 2.19512821633e-08
416.11 1.89983084832e-08
416.12 1.64283417882e-08
416.13 1.41937213067e-08
416.14 1.22524394537e-08
416.15 1.05675084135e-08
416.16 9.10639288298e-09
416.17 7.84050266741e-09
416.18 6.74473935164e-09
416.19 5.79709175992e-09
416.2 4.97827537574e-09
416.21 4.27141131886e-09
416.22 3.6617408709e-09
416.23 3.13637190547e-09
416.24 2.68405391538e-09
416.25 2.29497863979e-09
416.26 1.96060357873e-09
416.27 1.67349594456e-09
416.28 1.4271948389e-09
416.29 1.21608966314e-09
416.3 1.03531297006e-09
416.31 8.80646146598e-10
416.32 7.48436483059e-10
416.33 6.35524334743e-10
416.34 5.39179218058e-10
416.35 4.57043806674e-10
416.36 3.87084904655e-10
416.37 3.27550574086e-10
416.38 2.76932685254e-10
416.39 2.33934238905e-10
416.4 1.97440883203e-10
416.41 1.66496113598e-10
416.42 1.4027970254e-10
416.43 1.18088958408e-10
416.44 9.93224599109e-11
416.45 8.34659539675e-11
416.46 7.00801422357e-11
416.47 5.87901145257e-11
416.48 4.92762166483e-11
416.49 4.12661662603e-11
416.5 3.4528253285e-11
416.51 2.88654818368e-11
416.52 2.41105285437e-11
416.53 2.01214080039e-11
416.54 1.67777500617e-11
416.55 1.39776058521e-11
416.56 1.16347103395e-11
416.57 9.67613852298e-12
416.58 8.04030075948e-12
416.59 6.67522989724e-12
416.6 5.5371192411e-12
416.61 4.5890758923e-12
416.62 3.80005881989e-12
416.63 3.14397521027e-12
416.64 2.59891228492e-12
416.65 2.14648493997e-12
416.66 1.77128230534e-12
416.67 1.46039869808e-12
416.68 1.20303650143e-12
416.69 9.90170278653e-13
416.7 8.14262964842e-13
416.71 6.69026302679e-13
416.72 5.49218827334e-13
416.73 4.50475685364e-13
416.74 3.6916541423e-13
416.75 3.02269531371e-13
416.76 2.47281400873e-13
416.77 2.02121375815e-13
416.78 1.65065667625e-13
416.79 1.34686780978e-13
416.8 1.09803683043e-13
416.81 8.94401574517e-14
416.82 7.27900329688e-14
416.83 5.91881806228e-14
416.84 4.80863461256e-14
416.85 3.90330312371e-14
416.86 3.16567621616e-14
416.87 2.56521883944e-14
416.88 2.07685444996e-14
416.89 1.68000825271e-14
416.9 1.35781462438e-14
416.91 1.09646118422e-14
416.92 8.84646481998e-15
416.93 7.13132059063e-15
416.94 5.74372819025e-15
416.95 4.62212314023e-15
416.96 3.7163178931e-15
416.97 2.98543702182e-15
416.98 2.39621997835e-15
416.99 1.92162733654e-15
417.0 1.5396973582e-15
417.01 1.23260882791e-15
417.02 9.85913687112e-16
417.03 7.87909307218e-16
417.04 6.29125485038e-16
417.05 5.01905596838e-16
417.06 4.00064956966e-16
417.07 3.18612417318e-16
417.08 2.53523718538e-16
417.09 2.01557149391e-16
417.1 1.6010376008e-16
417.11 1.2706576875e-16
417.12 1.00757948807e-16
417.13 7.98277300111e-17
417.14 6.31905236884e-17
417.15 4.99774210761e-17
417.16 3.94929378774e-17
417.17 3.11809077808e-17
417.18 2.45969795562e-17
417.19 1.93864602117e-17
417.2 1.52664819572e-17
417.21 1.2011662804e-17
417.22 9.44258728135e-18
417.23 7.4165613969e-18
417.24 5.82019984953e-18
417.25 4.56348798073e-18
417.26 3.57502956141e-18
417.27 2.79824718864e-18
417.28 2.18834719927e-18
417.29 1.70989755579e-18
417.3 1.33489672654e-18
417.31 1.04123547756e-18
417.32 8.11472784612e-19
417.33 6.31862633459e-19
417.34 4.91581012813e-19
417.35 3.8211249514e-19
417.36 2.9676391471e-19
417.37 2.30279170222e-19
417.38 1.785344101e-19
417.39 1.38297051975e-19
417.4 1.07035446401e-19
417.41 8.27686819548e-20
417.42 6.39481767391e-20
417.43 4.93644163239e-20
417.44 3.80735663146e-20
417.45 2.93397780064e-20
417.46 2.25898736018e-20
417.47 1.73777878424e-20
417.48 1.33566914412e-20
417.49 1.02571571226e-20
417.5 7.87007435919e-21
417.51 6.03329242948e-21
417.52 4.62118790865e-21
417.53 3.53652386754e-21
417.54 2.70410325566e-21
417.55 2.06582562955e-21
417.56 1.5768404923e-21
417.57 1.20255674623e-21
417.58 9.16319875392e-22
417.59 6.97609436989e-22
417.6 5.30641607192e-22
417.61 4.0328676063e-22
417.62 3.06231839206e-22
417.63 2.32332750017e-22
417.64 1.76114143829e-22
417.65 1.33383390037e-22
417.66 1.00932952853e-22
417.67 7.63111361125e-23
417.68 5.76456542007e-23
417.69 4.35079817402e-23
417.7 3.28091527501e-23
417.71 2.47197916448e-23
417.72 1.86087974524e-23
417.73 1.39963735303e-23
417.74 1.05180795762e-23
417.75 7.89734466989e-24
417.76 5.92446919494e-24
417.77 4.44059853311e-24
417.78 3.32550258014e-24
417.79 2.48826585267e-24
417.8 1.86020146746e-24
417.81 1.38946271757e-24
417.82 1.0369493082e-24
417.83 7.73200038078e-25
417.84 5.76036389711e-25
417.85 4.28777201421e-25
417.86 3.18887255978e-25
417.87 2.3695526015e-25
417.88 1.75921636795e-25
417.89 1.30495601245e-25
417.9 9.67155265952e-26
417.91 7.16176788695e-26
417.92 5.29868368839e-26
417.93 3.91687272827e-26
417.94 2.89290810539e-26
417.95 2.1347819836e-26
417.96 1.57396884633e-26
417.97 1.15947782652e-26
417.98 8.53399680467e-27
417.99 6.27575840767e-27
418.0 4.61109075207e-27
418.01 3.38504803187e-27
418.02 2.48284560341e-27
418.03 1.81952616153e-27
418.04 1.33226496589e-27
418.05 9.74645368267e-28
418.06 7.12404003635e-28
418.07 5.20271207603e-28
418.08 3.79626871074e-28
418.09 2.76762860853e-28
418.1 2.01596222208e-28
418.11 1.4671708176e-28
418.12 1.06684833422e-28
418.13 7.75083334907e-29
418.14 5.62623447399e-29
418.15 4.08047731946e-29
418.16 2.95683997852e-29
418.17 2.14076200099e-29
418.18 1.54857650416e-29
418.19 1.11923338608e-29
418.2 8.08225148568e-30
418.21 5.83133209909e-30
418.22 4.20365343409e-30
418.23 3.02767841516e-30
418.24 2.17879463909e-30
418.25 1.56655830695e-30
418.26 1.12538349695e-30
418.27 8.07752355328e-31
418.28 5.79268131513e-31
418.29 4.1505414204e-31
418.3 2.97134842355e-31
418.31 2.12532877155e-31
418.32 1.51887619262e-31
418.33 1.08453192512e-31
418.34 7.73723912326e-32
418.35 5.51510023565e-32
418.36 3.92775611514e-32
418.37 2.79485531018e-32
418.38 1.98699995725e-32
418.39 1.41143245221e-32
418.4 1.0017193248e-32
418.41 7.10322739675e-33
418.42 5.03256156505e-33
418.43 3.562428753e-33
418.44 2.5195732616e-33
418.45 1.78045707115e-33
418.46 1.25707079075e-33
418.47 8.86771396615e-34
418.48 6.25010523395e-34
418.49 4.40135800794e-34
418.5 3.09677586875e-34
418.51 2.1769906567e-34
418.52 1.52906894719e-34
418.53 1.07305327557e-34
418.54 7.52383413956e-35
418.55 5.27085239151e-35
418.56 3.68931899272e-35
418.57 2.58009248407e-35
418.58 1.80280208702e-35
418.59 1.25859077205e-35
418.6 8.77899388914e-36
418.61 6.11827034122e-36
418.62 4.26026183219e-36
418.63 2.96392788288e-36
418.64 2.0602631079e-36
418.65 1.43087419656e-36
418.66 9.9289638739e-37
418.67 6.88382976166e-37
418.68 4.76848065586e-37
418.69 3.30030168602e-37
418.7 2.28218564782e-37
418.71 1.57678329762e-37
418.72 1.08847075406e-37
418.73 7.50732523015e-38
418.74 5.17341608765e-38
418.75 3.56199495794e-38
418.76 2.45037698084e-38
418.77 1.68420991652e-38
418.78 1.15660016189e-38
418.79 7.93585985855e-39
418.8 5.44037008055e-39
418.81 3.72637544734e-39
418.82 2.55016621787e-39
418.83 1.74370928252e-39
418.84 1.19125128785e-39
418.85 8.1312328765e-40
418.86 5.54540319119e-40
418.87 3.77862304739e-40
418.88 2.57251385745e-40
418.89 1.74986920806e-40
418.9 1.18926097444e-40
418.91 8.07555648091e-41
418.92 5.47887588949e-41
418.93 3.71393397622e-41
418.94 2.51536264828e-41
418.95 1.70212225005e-41
418.96 1.15081258493e-41
418.97 7.77395762105e-42
418.98 5.24690797877e-42
418.99 3.5382493762e-42
419.0 2.38395000043e-42
419.01 1.60483193822e-42
419.02 1.0794081368e-42
419.03 7.25379919266e-43
419.04 4.87044992535e-43
419.05 3.26735519168e-43
419.06 2.19001620115e-43
419.07 1.46663491248e-43
419.08 9.8134208207e-44
419.09 6.56058458271e-44
419.1 4.38216138744e-44
419.11 2.92454231247e-44
419.12 1.95007431878e-44
419.13 1.29917641923e-44
419.14 8.64786314402e-45
419.15 5.75139505185e-45
419.16 3.82174145559e-45
419.17 2.537307596e-45
419.18 1.68309507227e-45
419.19 1.11549567256e-45
419.2 7.38670650649e-46
419.21 4.88717071848e-46
419.22 3.23063496362e-46
419.23 2.13374236586e-46
419.24 1.40805553521e-46
419.25 9.28370433203e-47
419.26 6.11570501472e-47
419.27 4.025274211e-47
419.28 2.64708644878e-47
419.29 1.73925992841e-47
419.3 1.14178562267e-47
419.31 7.48907813178e-48
419.32 4.90790181003e-48
419.33 3.21356494933e-48
419.34 2.10233543675e-48
419.35 1.37417059854e-48
419.36 8.9743500651e-49
419.37 5.85583825674e-49
419.38 3.81767409983e-49
419.39 2.48675123931e-49
419.4 1.61841370337e-49
419.41 1.05237485695e-49
419.42 6.83714975591e-50
419.43 4.43816489541e-50
419.44 2.87842877751e-50
419.45 1.86522511459e-50
419.46 1.20762121365e-50
419.47 7.81185052882e-51
419.48 5.04894719917e-51
419.49 3.2604042117e-51
419.5 2.10361265356e-51
419.51 1.35607533238e-51
419.52 8.73424902473e-52
419.53 5.62070816363e-52
419.54 3.61393398927e-52
419.55 2.32163053525e-52
419.56 1.49014905338e-52
419.57 9.55630556155e-53
419.58 6.12313813295e-53
419.59 3.91996147144e-53
419.6 2.50734013523e-53
419.61 1.60239071247e-53
419.62 1.0231688228e-53
419.63 6.5275452301e-54
419.64 4.16079380244e-54
419.65 2.64988001926e-54
419.66 1.68616449237e-54
419.67 1.07200640754e-54
419.68 6.80955191659e-55
419.69 4.32178742944e-55
419.7 2.74051372274e-55
419.71 1.73629803089e-55
419.72 1.09910776695e-55
419.73 6.95152347199e-56
419.74 4.3928201483e-56
419.75 2.77351528931e-56
419.76 1.74961066959e-56
419.77 1.10274725439e-56
419.78 6.94439257921e-57
419.79 4.36934417897e-57
419.8 2.74676787977e-57
419.81 1.72524738131e-57
419.82 1.08269094866e-57
419.83 6.78861763187e-58
419.84 4.25286798666e-58
419.85 2.66198846161e-58
419.86 1.66476964291e-58
419.87 1.04022153308e-58
419.88 6.49413397375e-59
419.89 4.05079588935e-59
419.9 2.52454542689e-59
419.91 1.57198982833e-59
419.92 9.78002547029e-60
419.93 6.07930528009e-60
419.94 3.77564915788e-60
419.95 2.34289606854e-60
419.96 1.45257353689e-60
419.97 8.99801980356e-61
419.98 5.56902892967e-61
419.99 3.44378250753e-61
420.0 2.12772585056e-61
420.01 1.31346751695e-61
420.02 8.10115079338e-62
420.03 4.992267039e-62
420.04 3.07377880942e-62
420.05 1.89091117763e-62
420.06 1.16223341729e-62
420.07 7.13738789938e-63
420.08 4.37934293063e-63
420.09 2.68474054398e-63
420.1 1.64444518205e-63
420.11 1.0063758179e-63
420.12 6.15353530962e-64
420.13 3.75935132351e-64
420.14 2.2946943335e-64
420.15 1.39945998485e-64
420.16 8.52746291639e-65
420.17 5.19162011377e-65
420.18 3.15798225786e-65
420.19 1.91928813109e-65
420.2 1.16545197462e-65
420.21 7.07086098424e-66
420.22 4.28621476842e-66
420.23 2.59596761488e-66
420.24 1.57089922229e-66
420.25 9.4977578234e-67
420.26 5.73743226069e-67
420.27 3.46288255866e-67
420.28 2.08824604445e-67
420.29 1.25819885141e-67
420.3 7.5742670611e-68
420.31 4.55570564809e-68
420.32 2.73775392506e-68
420.33 1.64382990598e-68
420.34 9.86150176358e-69
420.35 5.91089097151e-69
420.36 3.53986380641e-69
420.37 2.11808736818e-69
420.38 1.26626586507e-69
420.39 7.5636189575e-70
420.4 4.51396405254e-70
420.41 2.69159841085e-70
420.42 1.60356342754e-70
420.43 9.5452154333e-71
420.44 5.67687118006e-71
420.45 3.37330846653e-71
420.46 2.00275020968e-71
420.47 1.18801309554e-71
420.48 7.04108168167e-72
420.49 4.16947380348e-72
420.5 2.4668732128e-72
420.51 1.45826388793e-72
420.52 8.6128944644e-73
420.53 5.08259895495e-73
420.54 2.99672073205e-73
420.55 1.76534834398e-73
420.56 1.03905436013e-73
420.57 6.11040274607e-74
420.58 3.59025351291e-74
420.59 2.10767725045e-74
420.6 1.23625144589e-74
420.61 7.2449139179e-75
420.62 4.24212400221e-75
420.63 2.48174526205e-75
420.64 1.45062365816e-75
420.65 8.4718064121e-76
420.66 4.94334592872e-76
420.67 2.88197158821e-76
420.68 1.6787348243e-76
420.69 9.77008218225e-77
420.7 5.68117342056e-77
420.71 3.30066606954e-77
420.72 1.91597061198e-77
420.73 1.1112193891e-77
420.74 6.43923819234e-78
420.75 3.72814574943e-78
420.76 2.15662674724e-78
420.77 1.24646705531e-78
420.78 7.19797500294e-79
420.79 4.15301573265e-79
420.8 2.39409032211e-79
420.81 1.37892675529e-79
420.82 7.93534070568e-80
420.83 4.56261338569e-80
420.84 2.62111137407e-80
420.85 1.50446120169e-80
420.86 8.62780303579e-81
420.87 4.94359818702e-81
420.88 2.83015237864e-81
420.89 1.61882605723e-81
420.9 9.25154501118e-82
420.91 5.28265268561e-82
420.92 3.01379399494e-82
420.93 1.71790356327e-82
420.94 9.78380324428e-83
420.95 5.56724523984e-83
420.96 3.16516757062e-83
420.97 1.79794654179e-83
420.98 1.02042374169e-83
420.99 5.78639460136e-84
421.0 3.2783796989e-84
421.01 1.85581281384e-84
421.02 1.04962169551e-84
421.03 5.93137170746e-85
421.04 3.34889241741e-85
421.05 1.88916966559e-85
421.06 1.06479117577e-85
421.07 5.99627629192e-86
421.08 3.37382491136e-86
421.09 1.89664983681e-86
421.1 1.06530873463e-86
421.11 5.97843525469e-87
421.12 3.35214877458e-87
421.13 1.87794449752e-87
421.14 1.05115299606e-87
421.15 5.87858530804e-88
421.16 3.28475838428e-88
421.17 1.83382440133e-88
421.18 1.02290612051e-88
421.19 5.70082250725e-89
421.2 3.17440967833e-89
421.21 1.76608719636e-89
421.22 9.81714084925e-90
421.23 5.45232348415e-90
421.24 3.02553317549e-90
421.25 1.67743591334e-90
421.26 9.29209554751e-91
421.27 5.14286482332e-91
421.28 2.84393891751e-91
421.29 1.57130007711e-91
421.3 8.67404581737e-92
421.31 4.78418543236e-92
421.32 2.63644071151e-92
421.33 1.45161593451e-92
421.34 7.98562949989e-93
421.35 4.38924981383e-93
421.36 2.41043349957e-93
421.37 1.32258539308e-93
421.38 7.25063431355e-94
421.39 3.97147647672e-94
421.4 2.17346023861e-94
421.41 1.1884341343e-94
421.42 6.49265381628e-95
421.43 3.54399491257e-95
421.44 1.93280323955e-95
421.45 1.05318802502e-95
421.46 5.73387066347e-96
421.47 3.11898714721e-96
421.48 1.69512992281e-96
421.49 9.20483711491e-97
421.5 4.99405059518e-97
421.51 2.70715723294e-97
421.52 1.46621526143e-97
421.53 7.93424676165e-98
421.54 4.28980334368e-98
421.55 2.31735610319e-98
421.56 1.25075394443e-98
421.57 6.74488732094e-99
421.58 3.63413644446e-99
421.59 1.95637214926e-99
421.6 1.05226573042e-99
421.61 5.65487610778e-100
421.62 3.03629856703e-100
421.63 1.62888178676e-100
421.64 8.7308871025e-101
421.65 4.67574577562e-101
421.66 2.50188371553e-101
421.67 1.33754087561e-101
421.68 7.14448153711e-102
421.69 3.81292344737e-102
421.7 2.03314880788e-102
421.71 1.08318829637e-102
421.72 5.76583837265e-103
421.73 3.06651209414e-103
421.74 1.62948591967e-103
421.75 8.65127774074e-104
421.76 4.58916433825e-104
421.77 2.43226380951e-104
421.78 1.28798693624e-104
421.79 6.81453067573e-105
421.8 3.60233548481e-105
421.81 1.90263759502e-105
421.82 1.00404159324e-105
421.83 5.29384287474e-106
421.84 2.78877901795e-106
421.85 1.46784727206e-106
421.86 7.71918323836e-107
421.87 4.05588416499e-107
421.88 2.12923427468e-107
421.89 1.11682484384e-107
421.9 5.8528904665e-108
421.91 3.06463981445e-108
421.92 1.60329040968e-108
421.93 8.3804755356e-109
421.94 4.37672080004e-109
421.95 2.28377195685e-109
421.96 1.19063965024e-109
421.97 6.20199853096e-110
421.98 3.22780053618e-110
421.99 1.67843849794e-110
422.0 8.72022895291e-111
422.01 4.52662018336e-111
422.02 2.34770722193e-111
422.03 1.21657119344e-111
422.04 6.29875671288e-112
422.05 3.25833588998e-112
422.06 1.68407171828e-112
422.07 8.69659059396e-113
422.08 4.48705280903e-113
422.09 2.31311406194e-113
422.1 1.19139734849e-113
422.11 6.13112149382e-114
422.12 3.15244071245e-114
422.13 1.61948766888e-114
422.14 8.3125079947e-115
422.15 4.26294980476e-115
422.16 2.18429893703e-115
422.17 1.11824674422e-115
422.18 5.71988006908e-116
422.19 2.923209328e-116
422.2 1.49264531214e-116
422.21 7.61512504879e-117
422.22 3.88169286966e-117
422.23 1.97691962558e-117
422.24 1.00595966675e-117
422.25 5.114413483e-118
422.26 2.59797409833e-118
422.27 1.31855275314e-118
422.28 6.6862700839e-119
422.29 3.3876148927e-119
422.3 1.71485681613e-119
422.31 8.67332074222e-120
422.32 4.38295147617e-120
422.33 2.21295014867e-120
422.34 1.11634983161e-120
422.35 5.62668631694e-121
422.36 2.83353649021e-121
422.37 1.42570157023e-121
422.38 7.16724348455e-122
422.39 3.59997431013e-122
422.4 1.80663474047e-122
422.41 9.05868223013e-123
422.42 4.53819764281e-123
422.43 2.27156672868e-123
422.44 1.13603393511e-123
422.45 5.67650235996e-124
422.46 2.83396220088e-124
422.47 1.4136145171e-124
422.48 7.04517283953e-125
422.49 3.50813276048e-125
422.5 1.74535631195e-125
422.51 8.67592709831e-126
422.52 4.30894945506e-126
422.53 2.13821128788e-126
422.54 1.06011638898e-126
422.55 5.25146157091e-127
422.56 2.59914523355e-127
422.57 1.28530031987e-127
422.58 6.3504192248e-128
422.59 3.1349014268e-128
422.6 1.54621219849e-128
422.61 7.61970246735e-129
422.62 3.75172194954e-129
422.63 1.84563997199e-129
422.64 9.07166581334e-130
422.65 4.45503183011e-130
422.66 2.18594027607e-130
422.67 1.07164140548e-130
422.68 5.24909449451e-131
422.69 2.56887521902e-131
422.7 1.25610325217e-131
422.71 6.13665041018e-132
422.72 2.99544354637e-132
422.73 1.46088021488e-132
422.74 7.11855406986e-133
422.75 3.46571368634e-133
422.76 1.68584362191e-133
422.77 8.19342731713e-134
422.78 3.97866740766e-134
422.79 1.93033808649e-134
422.8 9.35734916801e-135
422.81 4.53206368232e-135
422.82 2.19312246996e-135
422.83 1.06036034527e-135
422.84 5.12233271005e-136
422.85 2.47232637539e-136
422.86 1.19225055395e-136
422.87 5.74450982074e-137
422.88 2.76542657572e-137
422.89 1.33013279237e-137
422.9 6.39221805291e-138
422.91 3.06924724502e-138
422.92 1.47243414705e-138
422.93 7.05770658139e-139
422.94 3.3799869994e-139
422.95 1.6172984608e-139
422.96 7.73194986113e-140
422.97 3.69327458546e-140
422.98 1.76261669142e-140
422.99 8.40480945174e-141
423.0 4.00425362831e-141
423.01 1.90607065935e-141
423.02 9.06525713094e-142
423.03 4.3076952423e-142
423.04 2.04518936866e-142
423.05 9.70165429199e-143
423.06 4.59813561421e-143
423.07 2.1774162983e-143
423.08 1.03020789867e-143
423.09 4.87003400618e-144
423.1 2.30018530597e-144
423.11 1.08546885836e-144
423.12 5.11794511546e-145
423.13 2.41100212258e-145
423.14 1.13481031238e-145
423.15 5.33669849319e-146
423.16 2.5075278961e-146
423.17 1.17717923237e-146
423.18 5.52157687085e-147
423.19 2.58766091587e-147
423.2 1.21164479862e-147
423.21 5.66848485764e-148
423.22 2.64961254822e-148
423.23 1.23743234969e-148
423.24 5.7740996069e-149
423.25 2.69197355998e-149
423.26 1.25395231361e-149
423.27 5.83599571904e-150
423.28 2.71376739787e-150
423.29 1.26082261288e-150
423.3 5.85273782727e-151
423.31 2.71448761163e-151
423.32 1.25788335419e-151
423.33 5.82393593086e-152
423.34 2.69411741837e-152
423.35 1.24520301444e-152
423.36 5.75026049751e-153
423.37 2.65313035263e-153
423.38 1.22307578874e-153
423.39 5.63341651801e-154
423.4 2.59247196722e-154
423.41 1.19201024384e-154
423.42 5.47607791538e-155
423.43 2.51352357207e-155
423.44 1.15270988806e-155
423.45 5.28178583178e-156
423.46 2.41804995295e-156
423.47 1.10604669432e-156
423.48 5.05481619544e-157
423.49 2.30813383283e-157
423.5 1.05302896729e-157
423.51 4.80002348067e-158
423.52 2.18610047222e-158
423.53 9.94765206597e-159
423.54 4.5226686222e-159
423.55 2.05443621321e-159
423.56 9.32425770107e-160
423.57 4.22823957388e-160
423.58 1.9157049344e-160
423.59 8.67204178166e-161
423.6 3.92227299547e-161
423.61 1.77246629977e-161
423.62 8.00279823842e-162
423.63 3.61018503497e-162
423.64 1.62719937173e-162
423.65 7.32783676924e-163
423.66 3.29711820978e-163
423.67 1.4822346508e-163
423.68 6.65768308081e-164
423.69 2.98781007103e-164
423.7 1.33969694835e-164
423.71 6.00183237574e-165
423.72 2.68648777249e-165
423.73 1.20146074846e-165
423.74 5.36856256049e-166
423.75 2.39679098316e-166
423.76 1.06911892806e-166
423.77 4.76480999801e-167
423.78 2.12172390102e-167
423.79 9.4396493602e-168
423.8 4.196107143e-168
423.81 1.86363555629e-168
423.82 8.26987831186e-169
423.83 3.66657829303e-169
423.84 1.62422622863e-169
423.85 7.18878985306e-170
423.86 3.17898712953e-170
423.87 1.40457671207e-170
423.88 6.20048797982e-171
423.89 2.7348278182e-171
423.9 1.20519638471e-171
423.91 5.30651460835e-172
423.92 2.33445023679e-172
423.93 1.02608559216e-172
423.94 4.50615650104e-173
423.95 1.97720939244e-173
423.96 8.66807721375e-174
423.97 3.79679011543e-174
423.98 1.66162922365e-174
423.99 7.26566492947e-175
424.0 3.17424410778e-175
424.01 1.38557165748e-175
424.02 6.0428438573e-176
424.03 2.63316131787e-176
424.04 1.14640289207e-176
424.05 4.98678669387e-177
424.06 2.16734487653e-177
424.07 9.4115026202e-178
424.08 4.08332195673e-178
424.09 1.77007632347e-178
424.1 7.66644588569e-179
424.11 3.31756826888e-179
424.12 1.43439702253e-179
424.13 6.19644492677e-180
424.14 2.67448105356e-180
424.15 1.15334747634e-180
424.16 4.96940652875e-181
424.17 2.13930445357e-181
424.18 9.2016217507e-182
424.19 3.9543933845e-182
424.2 1.69792724649e-182
424.21 7.28420226381e-183
424.22 3.12225685746e-183
424.23 1.3371464394e-183
424.24 5.72154118979e-184
424.25 2.44608079528e-184
424.26 1.04484598813e-184
424.27 4.45920536223e-185
424.28 1.90145643786e-185
424.29 8.10100684897e-186
424.3 3.44838169422e-186
424.31 1.46661247607e-186
424.32 6.23216770831e-187
424.33 2.64598026615e-187
424.34 1.12242616628e-187
424.35 4.75721387265e-188
424.36 2.01451860814e-188
424.37 8.52341437184e-189
424.38 3.60312753195e-189
424.39 1.52184134361e-189
424.4 6.42218534219e-190
424.41 2.70782132538e-190
424.42 1.14072480637e-190
424.43 4.80137337753e-191
424.44 2.01917419245e-191
424.45 8.48410053109e-192
424.46 3.5617344564e-192
424.47 1.49396692221e-192
424.48 6.26100626897e-193
424.49 2.62162764401e-193
424.5 1.09678522054e-193
424.51 4.58454124078e-194
424.52 1.91466981473e-194
424.53 7.98942657503e-195
424.54 3.330895759e-195
424.55 1.38749103545e-195
424.56 5.77461510595e-196
424.57 2.40126235202e-196
424.58 9.97653874786e-197
424.59 4.14136861517e-197
424.6 1.71763782246e-197
424.61 7.11775465451e-198
424.62 2.94698649616e-198
424.63 1.2190934282e-198
424.64 5.03871212791e-199
424.65 2.08077832964e-199
424.66 8.58530637614e-200
424.67 3.53923575192e-200
424.68 1.45776291997e-200
424.69 5.99912648342e-201
424.7 2.46668021493e-201
424.71 1.01335448676e-201
424.72 4.15942838839e-202
424.73 1.70580593431e-202
424.74 6.98955139742e-203
424.75 2.86149306146e-203
424.76 1.17046869868e-203
424.77 4.78355336651e-204
424.78 1.95328293262e-204
424.79 7.9689921625e-205
424.8 3.24836899503e-205
424.81 1.32297313723e-205
424.82 5.38344657997e-206
424.83 2.18873661044e-206
424.84 8.89099383748e-207
424.85 3.60853422457e-207
424.86 1.46330568745e-207
424.87 5.92874818915e-208
424.88 2.40001890101e-208
424.89 9.70711179617e-209
424.9 3.92273629115e-209
424.91 1.5838421914e-209
424.92 6.38937553876e-210
424.93 2.57530478171e-210
424.94 1.03710461349e-210
424.95 4.17292145895e-211
424.96 1.67757354067e-211
424.97 6.73824250868e-212
424.98 2.70417889597e-212
424.99 1.08429614476e-212
425.0 4.34394302709e-213
425.01 1.73877761377e-213
425.02 6.9538876885e-214
425.03 2.77865748823e-214
425.04 1.10934357832e-214
425.05 4.42507711262e-215
425.06 1.76359689394e-215
425.07 7.02265801311e-216
425.08 2.7940065948e-216
425.09 1.11064955367e-216
425.1 4.41113529639e-217
425.11 1.75044078205e-217
425.12 6.94013918106e-218
425.13 2.74923997238e-218
425.14 1.08813011949e-218
425.15 4.30301367567e-219
425.16 1.70015428134e-219
425.17 6.71162453567e-220
425.18 2.647223961e-220
425.19 1.04322366377e-220
425.2 4.10759755662e-221
425.21 1.61592818683e-221
425.22 6.35155317865e-222
425.23 2.49437378289e-222
425.24 9.78738878917e-223
425.25 3.83703587734e-223
425.26 1.50296404823e-223
425.27 5.88200022502e-224
425.28 2.29998600775e-224
425.29 8.98564100424e-225
425.3 3.50749164964e-225
425.31 1.36794280797e-225
425.32 5.33043862985e-226
425.33 2.07530373313e-226
425.34 8.07279825867e-227
425.35 3.13754702871e-227
425.36 1.21837253771e-227
425.37 4.727087824e-228
425.38 1.83244502082e-228
425.39 7.09728014334e-229
425.4 2.74648135595e-229
425.41 1.06190355558e-229
425.42 4.1022035601e-230
425.43 1.58333587449e-230
425.44 6.10594107941e-231
425.45 2.35264217886e-231
425.46 9.05696858113e-232
425.47 3.48364230488e-232
425.48 1.33877613857e-232
425.49 5.14050851599e-233
425.5 1.97209537797e-233
425.51 7.55915864471e-234
425.52 2.89496099915e-234
425.53 1.10773451331e-234
425.54 4.23498980701e-235
425.55 1.61768055132e-235
425.56 6.17386134208e-236
425.57 2.3542072418e-236
425.58 8.9692519485e-237
425.59 3.41421973586e-237
425.6 1.29852533018e-237
425.61 4.9343857247e-238
425.62 1.87343865969e-238
425.63 7.10672602072e-239
425.64 2.69353969482e-239
425.65 1.02000171038e-239
425.66 3.8592430646e-240
425.67 1.45890521672e-240
425.68 5.51030622469e-241
425.69 2.07944819099e-241
425.7 7.84050772166e-242
425.71 2.95368366882e-242
425.72 1.11175089859e-242
425.73 4.18094745073e-243
425.74 1.5709618605e-243
425.75 5.89766752996e-244
425.76 2.21217074045e-244
425.77 8.29049981028e-245
425.78 3.1043200945e-245
425.79 1.16138440768e-245
425.8 4.34119404396e-246
425.81 1.62131021303e-246
425.82 6.0498798666e-247
425.83 2.25554292144e-247
425.84 8.40193182571e-248
425.85 3.12702190318e-248
425.86 1.16280370193e-248
425.87 4.32021738981e-249
425.88 1.60371986286e-249
425.89 5.94805708872e-250
425.9 2.20417189595e-250
425.91 8.16092723641e-251
425.92 3.01895933496e-251
425.93 1.11583179743e-251
425.94 4.1206328049e-252
425.95 1.52038232002e-252
425.96 5.60486837721e-253
425.97 2.06443749495e-253
425.98 7.59734364195e-254
425.99 2.79347967498e-254
426.0 1.02624953508e-254
426.01 3.76690045365e-255
426.02 1.38146226322e-255
426.03 5.06194731923e-256
426.04 1.85318991712e-256
426.05 6.77869273596e-257
426.06 2.47739742166e-257
426.07 9.04626126303e-258
426.08 3.30039776195e-258
426.09 1.20305963064e-258
426.1 4.38158999893e-259
426.11 1.59441008144e-259
426.12 5.7968496889e-260
426.13 2.10575460675e-260
426.14 7.64270668008e-261
426.15 2.77147099117e-261
426.16 1.00414676822e-261
426.17 3.63502803752e-262
426.18 1.31474657351e-262
426.19 4.75116423178e-263
426.2 1.71546456037e-263
426.21 6.18852529749e-264
426.22 2.23057229268e-264
426.23 8.03284058742e-265
426.24 2.89031852281e-265
426.25 1.03907279981e-265
426.26 3.7322434022e-266
426.27 1.3394226977e-266
426.28 4.8027398391e-267
426.29 1.72061689134e-267
426.3 6.15889804467e-268
426.31 2.20265033744e-268
426.32 7.87067206506e-269
426.33 2.80997067708e-269
426.34 1.00234094335e-269
426.35 3.57234065333e-270
426.36 1.27207867918e-270
426.37 4.52583580459e-271
426.38 1.60881951877e-271
426.39 5.71399126175e-272
426.4 2.02766184798e-272
426.41 7.18911117788e-273
426.42 2.54670465833e-273
426.43 9.01375351602e-274
426.44 3.18754618274e-274
426.45 1.1262401509e-274
426.46 3.97584311361e-275
426.47 1.40233309713e-275
426.48 4.94193287221e-276
426.49 1.74006796748e-276
426.5 6.12152031485e-277
426.51 2.15167210917e-277
426.52 7.55642886332e-278
426.53 2.65143398482e-278
426.54 9.29541430424e-279
426.55 3.25597001522e-279
426.56 1.13950373912e-279
426.57 3.98450911766e-280
426.58 1.39205888886e-280
426.59 4.8591924879e-281
426.6 1.69470578146e-281
426.61 5.90538520174e-282
426.62 2.0560130377e-282
426.63 7.15199512385e-283
426.64 2.48572034879e-283
426.65 8.63179341832e-284
426.66 2.99483928159e-284
426.67 1.03817296749e-284
426.68 3.59575111843e-285
426.69 1.24432333223e-285
426.7 4.30229888087e-286
426.71 1.48624916278e-286
426.72 5.1298702535e-287
426.73 1.76906932216e-287
426.74 6.09546770047e-288
426.75 2.09842247826e-288
426.76 7.21776167221e-289
426.77 2.48048073389e-289
426.78 8.51712245083e-290
426.79 2.9219557629e-290
426.8 1.0015625901e-290
426.81 3.4300959213e-291
426.82 1.1737028201e-291
426.83 4.01267275833e-292
426.84 1.37067045494e-292
426.85 4.67795534816e-293
426.86 1.59515468995e-293
426.87 5.4346709047e-294
426.88 1.84998159882e-294
426.89 6.29195023744e-295
426.9 2.13809433188e-295
426.91 7.25925676099e-296
426.92 2.46252793461e-296
426.93 8.34629798905e-297
426.94 2.82637849078e-297
426.95 9.56291872965e-298
426.96 3.23276639573e-298
426.97 1.09189755518e-298
426.98 3.68479368783e-299
426.99 1.24241925151e-299
427.0 4.18549550958e-300
427.01 1.40879986364e-300
427.02 4.73778593175e-301
427.03 1.59193481108e-301
427.04 5.34439855298e-302
427.05 1.7926524886e-302
427.06 6.00782247836e-303
427.07 2.01169338156e-303
427.08 6.73023448015e-304
427.09 2.24968812483e-304
427.1 7.51342834631e-305
427.11 2.50713485513e-305
427.12 8.35874262079e-306
427.13 2.78437626782e-306
427.14 9.26698812769e-307
427.15 3.08157684596e-307
427.16 1.02383768413e-307
427.17 3.39870077974e-308
427.18 1.1272453808e-308
427.19 3.73549113451e-309
427.2 1.23680339363e-309
427.21 4.09145085471e-310
427.22 1.35231455422e-310
427.23 4.46582620571e-311
427.24 1.47349825566e-311
427.25 4.85759325441e-312
427.26 1.59998672744e-312
427.27 5.26544797079e-313
427.28 1.73132254347e-313
427.29 5.68780049574e-314
427.3 1.86695752703e-314
427.31 6.12277406378e-315
427.32 2.0062531981e-315
427.33 6.56820899114e-316
427.34 2.14848284984e-316
427.35 7.02167182814e-317
427.36 2.29283564e-317
427.37 7.48047008005e-318
427.38 2.4384214698e-318
427.39 7.94166059782e-319
427.4 2.58425976714e-319
427.41 8.40208037318e-320
427.42 2.72921862763e-320
427.43 8.85859702993e-321
427.44 2.87052140234e-321
427.45 9.28843414182e-322
427.46 3.01380043963e-322
427.47 9.88131291682e-323
427.48 2.96439387505e-323
427.49 9.88131291682e-324
427.5 4.94065645841e-324
427.51 0.0
427.52 0.0
427.53 0.0
427.54 0.0
427.55 0.0
427.56 0.0
427.57 0.0
427.58 0.0
427.59 0.0
427.6 0.0
427.61 0.0
427.62 0.0
427.63 0.0
427.64 0.0
427.65 0.0
427.66 0.0
427.67 0.0
427.68 0.0
427.69 0.0
427.7 0.0
427.71 0.0
427.72 0.0
427.73 0.0
427.74 0.0
427.75 0.0
427.76 0.0
427.77 0.0
427.78 0.0
427.79 0.0
427.8 0.0
427.81 0.0
427.82 0.0
427.83 0.0
427.84 0.0
427.85 0.0
427.86 0.0
427.87 0.0
427.88 0.0
427.89 0.0
427.9 0.0
427.91 0.0
427.92 0.0
427.93 0.0
427.94 0.0
427.95 0.0
427.96 0.0
427.97 0.0
427.98 0.0
427.99 0.0
428.0 0.0
428.01 0.0
428.02 0.0
428.03 0.0
428.04 0.0
428.05 0.0
428.06 0.0
428.07 0.0
428.08 0.0
428.09 0.0
428.1 0.0
428.11 0.0
428.12 0.0
428.13 0.0
428.14 0.0
428.15 0.0
428.16 0.0
428.17 0.0
428.18 0.0
428.19 0.0
428.2 0.0
428.21 0.0
428.22 0.0
428.23 0.0
428.24 0.0
428.25 0.0
428.26 0.0
428.27 0.0
428.28 0.0
428.29 0.0
428.3 0.0
428.31 0.0
428.32 0.0
428.33 0.0
428.34 0.0
428.35 0.0
428.36 0.0
428.37 0.0
428.38 0.0
428.39 0.0
428.4 0.0
428.41 0.0
428.42 0.0
428.43 0.0
428.44 0.0
428.45 0.0
428.46 0.0
428.47 0.0
428.48 0.0
428.49 0.0
428.5 0.0
428.51 0.0
428.52 0.0
428.53 0.0
428.54 0.0
428.55 0.0
428.56 0.0
428.57 0.0
428.58 0.0
428.59 0.0
428.6 0.0
428.61 0.0
428.62 0.0
428.63 0.0
428.64 0.0
428.65 0.0
428.66 0.0
428.67 0.0
428.68 0.0
428.69 0.0
428.7 0.0
428.71 0.0
428.72 0.0
428.73 0.0
428.74 0.0
428.75 0.0
428.76 0.0
428.77 0.0
428.78 0.0
428.79 0.0
428.8 0.0
428.81 0.0
428.82 0.0
428.83 0.0
428.84 0.0
428.85 0.0
428.86 0.0
428.87 0.0
428.88 0.0
428.89 0.0
428.9 0.0
428.91 0.0
428.92 0.0
428.93 0.0
428.94 0.0
428.95 0.0
428.96 0.0
428.97 0.0
428.98 0.0
428.99 0.0
429.0 0.0
429.01 0.0
429.02 0.0
429.03 0.0
429.04 0.0
429.05 0.0
429.06 0.0
429.07 0.0
429.08 0.0
429.09 0.0
429.1 0.0
429.11 0.0
429.12 0.0
429.13 0.0
429.14 0.0
429.15 0.0
429.16 0.0
429.17 0.0
429.18 0.0
429.19 0.0
429.2 0.0
429.21 0.0
429.22 0.0
429.23 0.0
429.24 0.0
429.25 0.0
429.26 0.0
429.27 0.0
429.28 0.0
429.29 0.0
429.3 0.0
429.31 0.0
429.32 0.0
429.33 0.0
429.34 0.0
429.35 0.0
429.36 0.0
429.37 0.0
429.38 0.0
429.39 0.0
429.4 0.0
429.41 0.0
429.42 0.0
429.43 0.0
429.44 0.0
429.45 0.0
429.46 0.0
429.47 0.0
429.48 0.0
429.49 0.0
429.5 0.0
429.51 0.0
429.52 0.0
429.53 0.0
429.54 0.0
429.55 0.0
429.56 0.0
429.57 0.0
429.58 0.0
429.59 0.0
429.6 0.0
429.61 0.0
429.62 0.0
429.63 0.0
429.64 0.0
429.65 0.0
429.66 0.0
429.67 0.0
429.68 0.0
429.69 0.0
429.7 0.0
429.71 0.0
429.72 0.0
429.73 0.0
429.74 0.0
429.75 0.0
429.76 0.0
429.77 0.0
429.78 0.0
429.79 0.0
429.8 0.0
429.81 0.0
429.82 0.0
429.83 0.0
429.84 0.0
429.85 0.0
429.86 0.0
429.87 0.0
429.88 0.0
429.89 0.0
429.9 0.0
429.91 0.0
429.92 0.0
429.93 0.0
429.94 0.0
429.95 0.0
429.96 0.0
429.97 0.0
429.98 0.0
429.99 0.0
