400.0 1.96201828934e-50
400.01 3.03997405141e-50
400.02 4.70609201334e-50
400.03 7.27904936015e-50
400.04 1.12489665942e-49
400.05 1.73689794861e-49
400.06 2.67953657799e-49
400.07 4.13017820038e-49
400.08 6.36065152269e-49
400.09 9.78719244668e-49
400.1 1.50465996493e-48
400.11 2.31122547558e-48
400.12 3.54707179209e-48
400.13 5.43902874216e-48
400.14 8.33290520912e-48
400.15 1.27554340536e-47
400.16 1.9508224936e-47
400.17 2.98101375349e-47
400.18 4.55128380265e-47
400.19 6.94268670444e-47
400.2 1.05814438201e-46
400.21 1.61133561289e-46
400.22 2.45160666584e-46
400.23 3.72682751997e-46
400.24 5.66045714287e-46
400.25 8.58988662657e-46
400.26 1.30240804329e-45
400.27 1.97301514947e-45
400.28 2.98632783815e-45
400.29 4.51614895822e-45
400.3 6.82374432032e-45
400.31 1.03015113685e-44
400.32 1.55382769872e-44
400.33 2.34168505542e-44
400.34 3.52596358003e-44
400.35 5.30457839913e-44
400.36 7.97347497098e-44
400.37 1.19747956427e-43
400.38 1.79685196332e-43
400.39 2.69389211344e-43
400.4 4.0352626879e-43
400.41 6.03930741922e-43
400.42 9.03079897384e-43
400.43 1.34923912204e-42
400.44 2.01407383818e-42
400.45 3.0039006414e-42
400.46 4.47630274603e-42
400.47 6.66464547179e-42
400.48 9.91421573105e-42
400.49 1.47354495623e-41
400.5 2.1882257694e-41
400.51 3.24671807325e-41
400.52 4.81305408017e-41
400.53 7.12886871663e-41
400.54 1.0549799475e-40
400.55 1.55988113325e-40
400.56 2.30442468248e-40
400.57 3.40139636867e-40
400.58 5.01620967723e-40
400.59 7.39124898127e-40
400.6 1.08813729371e-39
400.61 1.60056483332e-39
400.62 2.35226668957e-39
400.63 3.45400974925e-39
400.64 5.06738932336e-39
400.65 7.42794531129e-39
400.66 1.08786958695e-38
400.67 1.59187398748e-38
400.68 2.32736366121e-38
400.69 3.39972293138e-38
400.7 4.96188292157e-38
400.71 7.23557772607e-38
400.72 1.0542014912e-37
400.73 1.53460903841e-37
400.74 2.23200719269e-37
400.75 3.24352418346e-37
400.76 4.70936555953e-37
400.77 6.83174077394e-37
400.78 9.90202610715e-37
400.79 1.43397132744e-36
400.8 2.07482074057e-36
400.81 2.99946919671e-36
400.82 4.33243388968e-36
400.83 6.2523487559e-36
400.84 9.01525796102e-36
400.85 1.29878371246e-35
400.86 1.86947310579e-35
400.87 2.68859460233e-35
400.88 3.86327065755e-35
400.89 5.54636773991e-35
400.9 7.95583741424e-35
400.91 1.14021526227e-34
400.92 1.6327192496e-34
400.93 2.33593034659e-34
400.94 3.33911961584e-34
400.95 4.76900499752e-34
400.96 6.80530024468e-34
400.97 9.70265337024e-34
400.98 1.38215724492e-33
400.99 1.96719814061e-33
401.0 2.7974508727e-33
401.01 3.97466512436e-33
401.02 5.64238001145e-33
401.03 8.00290815981e-33
401.04 1.13411487387e-32
401.05 1.60579452169e-32
401.06 2.27167715278e-32
401.07 3.21090133635e-32
401.08 4.53451689258e-32
401.09 6.39821456128e-32
401.1 9.02007789702e-32
401.11 1.27053165204e-31
401.12 1.78806952818e-31
401.13 2.51424171595e-31
401.14 3.53226571627e-31
401.15 4.95819287468e-31
401.16 6.95371969375e-31
401.17 9.74394123183e-31
401.18 1.36419308642e-30
401.19 1.90827405232e-30
401.2 2.66703895041e-30
401.21 3.72427450596e-30
401.22 5.1961026546e-30
401.23 7.24331668253e-30
401.24 1.00883684802e-29
401.25 1.40387394019e-29
401.26 1.95190645695e-29
401.27 2.71152492893e-29
401.28 3.7634999526e-29
401.29 5.21907984151e-29
401.3 7.23135494598e-29
401.31 1.00108079528e-28
401.32 1.38465727978e-28
401.33 1.91354715629e-28
401.34 2.6421639187e-28
401.35 3.64505477077e-28
401.36 5.02425960941e-28
401.37 6.91932608108e-28
401.38 9.52092701764e-28
401.39 1.3089359235e-27
401.4 1.79796507078e-27
401.41 2.46756059516e-27
401.42 3.38359297595e-27
401.43 4.63566576705e-27
401.44 6.34555816151e-27
401.45 8.67863163312e-27
401.46 1.18592273108e-26
401.47 1.61914314086e-26
401.48 2.20870547562e-26
401.49 3.01032984148e-26
401.5 4.09934124578e-26
401.51 5.57747680957e-26
401.52 7.58202455672e-26
401.53 1.02980812181e-25
401.54 1.3974978588e-25
401.55 1.89482760048e-25
401.56 2.56691782407e-25
401.57 3.47438500198e-25
401.58 4.69859086638e-25
401.59 6.34864482482e-25
401.6 8.57073652669e-25
401.61 1.15605626247e-24
401.62 1.55798585072e-24
401.63 2.09783709338e-24
401.64 2.82230356118e-24
401.65 3.79366868602e-24
401.66 5.09493664936e-24
401.67 6.83662705586e-24
401.68 9.16576467762e-24
401.69 1.22777625238e-23
401.7 1.64321150723e-23
401.71 2.1973104374e-23
401.72 2.9357095271e-23
401.73 3.91884835599e-23
401.74 5.22669968168e-23
401.75 6.96498760687e-23
401.76 9.27335448665e-23
401.77 1.23360774598e-22
401.78 1.63961176648e-22
401.79 2.17735216455e-22
401.8 2.88895010392e-22
401.81 3.82979137884e-22
401.82 5.07263840956e-22
401.83 6.7129962867e-22
401.84 8.87610887332e-22
401.85 1.17260717368e-21
401.86 1.54776914755e-21
401.87 2.04119049139e-21
401.88 2.68958082725e-21
401.89 3.54086505997e-21
401.9 4.65755363791e-21
401.91 6.12110833905e-21
401.92 8.03759242482e-21
401.93 1.05449762549e-20
401.94 1.38225746746e-20
401.95 1.81032269534e-20
401.96 2.36890017349e-20
401.97 3.09714284364e-20
401.98 4.04575355746e-20
401.99 5.28033317107e-20
402.0 6.88568164696e-20
402.01 8.97131830553e-20
402.02 1.1678560223e-19
402.03 1.51895901535e-19
402.04 1.97390623843e-19
402.05 2.56289430399e-19
402.06 3.32474686078e-19
402.07 4.30933429769e-19
402.08 5.58065917257e-19
402.09 7.22078686134e-19
402.1 9.33484830182e-19
402.11 1.20574013135e-18
402.12 1.55605118923e-18
402.13 2.00640109479e-18
402.14 2.58484999447e-18
402.15 3.32718267727e-18
402.16 4.27899382798e-18
402.17 5.49832473971e-18
402.18 7.05899420243e-18
402.19 9.05480238447e-18
402.2 1.16048315379e-17
402.21 1.48601234294e-17
402.22 1.90120831739e-17
402.23 2.43030458892e-17
402.24 3.10395503145e-17
402.25 3.96089971867e-17
402.26 5.0500535813e-17
402.27 6.43312273785e-17
402.28 8.18787872148e-17
402.29 1.04122521727e-16
402.3 1.32294462631e-16
402.31 1.6794317833e-16
402.32 2.13013330095e-16
402.33 2.6994476413e-16
402.34 3.41795819993e-16
402.35 4.32396628119e-16
402.36 5.46539509304e-16
402.37 6.90215231508e-16
402.38 8.70905890361e-16
402.39 1.09794763949e-15
402.4 1.38297950228e-15
402.41 1.74049816501e-15
402.42 2.18854312474e-15
402.43 2.74954201352e-15
402.44 3.45135255089e-15
402.45 4.32854563555e-15
402.46 5.42398387312e-15
402.47 6.79076170806e-15
402.48 8.49458771195e-15
402.49 1.06167069928e-14
402.5 1.32574827457e-14
402.51 1.6540781398e-14
402.52 2.06193364939e-14
402.53 2.56813034564e-14
402.54 3.19582619093e-14
402.55 3.97349758277e-14
402.56 4.93612861621e-14
402.57 6.12665878637e-14
402.58 7.5977435892e-14
402.59 9.41389357645e-14
402.6 1.16540706986e-13
402.61 1.44148366382e-13
402.62 1.78141667821e-13
402.63 2.19960660734e-13
402.64 2.71361499019e-13
402.65 3.34483852172e-13
402.66 4.11932251242e-13
402.67 5.06874154262e-13
402.68 6.23158051978e-13
402.69 7.65455569979e-13
402.7 9.39432275154e-13
402.71 1.15195278312e-12
402.72 1.41132681281e-12
402.73 1.72760407231e-12
402.74 2.11292731845e-12
402.75 2.58195464945e-12
402.76 3.15236410734e-12
402.77 3.84545603688e-12
402.78 4.6868714264e-12
402.79 5.7074477122e-12
402.8 6.9442373384e-12
402.81 8.4417188178e-12
402.82 1.02532352392e-11
402.83 1.24427012311e-11
402.84 1.50866264551e-11
402.85 1.82765119204e-11
402.86 2.21216849642e-11
402.87 2.67526498237e-11
402.88 3.23250435858e-11
402.89 3.90243021765e-11
402.9 4.70711582742e-11
402.91 5.67281129124e-11
402.92 6.8307045487e-11
402.93 8.21781533278e-11
402.94 9.87804424288e-11
402.95 1.18634025929e-10
402.96 1.42354527112e-10
402.97 1.70669929759e-10
402.98 2.04440271489e-10
402.99 2.44680636048e-10
403.0 2.92587969512e-10
403.01 3.49572324036e-10
403.02 4.17293222471e-10
403.03 4.97701939209e-10
403.04 5.93090608628e-10
403.05 7.06149204159e-10
403.06 8.40031580269e-10
403.07 9.98431938614e-10
403.08 1.18567327068e-09
403.09 1.40680954489e-09
403.1 1.66774364938e-09
403.11 1.97536337548e-09
403.12 2.33769803476e-09
403.13 2.76409864837e-09
403.14 3.26544503468e-09
403.15 3.85438355569e-09
403.16 4.5455997673e-09
403.17 5.35613076059e-09
403.18 6.3057225846e-09
403.19 7.41723881353e-09
403.2 8.71712706746e-09
403.21 1.02359511248e-08
403.22 1.2008997182e-08
403.23 1.40769638331e-08
403.24 1.64867464595e-08
403.25 1.92923279609e-08
403.26 2.25557891166e-08
403.27 2.63484533607e-08
403.28 3.07521823971e-08
403.29 3.58608408755e-08
403.3 4.17819503103e-08
403.31 4.86385545698e-08
403.32 5.65713215912e-08
403.33 6.5740908516e-08
403.34 7.63306201864e-08
403.35 8.85493939224e-08
403.36 1.02635146715e-07
403.37 1.18858524441e-07
403.38 1.3752709642e-07
403.39 1.58990042672e-07
403.4 1.83643385469e-07
403.41 2.11935821403e-07
403.42 2.44375215033e-07
403.43 2.81535820389e-07
403.44 3.24066302068e-07
403.45 3.72698633505e-07
403.46 4.28257956086e-07
403.47 4.91673489201e-07
403.48 5.63990588081e-07
403.49 6.46384053241e-07
403.5 7.40172802663e-07
403.51 8.46836025392e-07
403.52 9.68030942965e-07
403.53 1.10561231309e-06
403.54 1.26165381807e-06
403.55 1.4384714888e-06
403.56 1.63864932325e-06
403.57 1.86506726702e-06
403.58 2.12093173124e-06
403.59 2.40980883187e-06
403.6 2.73566054152e-06
403.61 3.10288395319e-06
403.62 3.51635386183e-06
403.63 3.98146887639e-06
403.64 4.504201281e-06
403.65 5.09115086856e-06
403.66 5.74960297439e-06
403.67 6.48759094029e-06
403.68 7.3139632409e-06
403.69 8.23845550451e-06
403.7 9.27176765851e-06
403.71 1.04256464264e-05
403.72 1.17129733974e-05
403.73 1.31478588819e-05
403.74 1.47457417552e-05
403.75 1.65234954783e-05
403.76 1.84995404696e-05
403.77 2.0693962979e-05
403.78 2.31286405951e-05
403.79 2.58273744881e-05
403.8 2.88160284605e-05
403.81 3.2122674841e-05
403.82 3.57777472212e-05
403.83 3.9814199985e-05
403.84 4.42676745376e-05
403.85 4.91766720826e-05
403.86 5.45827327386e-05
403.87 6.05306207249e-05
403.88 6.70685152711e-05
403.89 7.42482068385e-05
403.9 8.21252981548e-05
403.91 9.07594094847e-05
403.92 0.000100214387466
403.93 0.000110558516749
403.94 0.000121864733578
403.95 0.000134210840345
403.96 0.000147679720063
403.97 0.000162359549551
403.98 0.000178344010074
403.99 0.000195732493996
404.0 0.000214630305963
404.01 0.000235148856947
404.02 0.000257405849427
404.03 0.000281525451823
404.04 0.000307638460227
404.05 0.00033588244533
404.06 0.000366401882376
404.07 0.000399348261855
404.08 0.000434880178572
404.09 0.000473163396639
404.1 0.000514370887877
404.11 0.00055868284106
404.12 0.000606286639369
404.13 0.00065737680343
404.14 0.000712154897272
404.15 0.000770829394553
404.16 0.000833615502436
404.17 0.000900734940536
404.18 0.000972415672445
404.19 0.00104889158739
404.2 0.00113040212981
404.21 0.00121719187454
404.22 0.00130951004591
404.23 0.0014076099786
404.24 0.00151174851911
404.25 0.00162218536621
404.26 0.00173918234961
404.27 0.00186300264598
404.28 0.00199390993208
404.29 0.00213216747501
404.3 0.00227803715996
404.31 0.00243177845623
404.32 0.00259364732301
404.33 0.00276389505643
404.34 0.00294276708026
404.35 0.00313050168295
404.36 0.00332732870425
404.37 0.00353346817522
404.38 0.00374912891594
404.39 0.0039745070957
404.4 0.0042097847612
404.41 0.00445512833849
404.42 0.00471068711531
404.43 0.00497659171056
404.44 0.00525295253847
404.45 0.00553985827537
404.46 0.00583737433729
404.47 0.00614554137719
404.48 0.00646437381097
404.49 0.00679385838149
404.5 0.00713395277042
404.51 0.00748458426774
404.52 0.00784564850885
404.53 0.00821700828952
404.54 0.00859849246872
404.55 0.00898989496941
404.56 0.00939097388723
404.57 0.00980145071692
404.58 0.0102210097058
404.59 0.0106492973436
404.6 0.0110859219968
404.61 0.0115304536966
404.62 0.011982424087
404.63 0.0124413265405
404.64 0.012906616447
404.65 0.0133777116818
404.66 0.0138539932569
404.67 0.0143348061583
404.68 0.0148194603726
404.69 0.0153072321039
404.7 0.0157973651809
404.71 0.0162890726531
404.72 0.0167815385751
404.73 0.0172739199738
404.74 0.0177653489949
404.75 0.0182549352232
404.76 0.0187417681681
404.77 0.0192249199075
404.78 0.0197034478794
404.79 0.0201763978113
404.8 0.0206428067744
404.81 0.0211017063513
404.82 0.0215521259016
404.83 0.0219930959115
404.84 0.0224236514116
404.85 0.0228428354461
404.86 0.023249702576
404.87 0.0236433223998
404.88 0.0240227830721
404.89 0.0243871948025
404.9 0.0247356933157
404.91 0.0250674432548
404.92 0.0253816415083
404.93 0.0256775204423
404.94 0.0259543510205
404.95 0.026211445794
404.96 0.0264481617426
404.97 0.0266639029538
404.98 0.0268581231206
404.99 0.0270303278461
405.0 0.02718007674
405.01 0.0273069852954
405.02 0.0274107265328
405.03 0.0274910324047
405.04 0.0275476949491
405.05 0.0275805671867
405.06 0.0275895637564
405.07 0.0275746612847
405.08 0.0275358984866
405.09 0.0274733759982
405.1 0.0273872559413
405.11 0.027277761223
405.12 0.0271451745745
405.13 0.0269898373345
405.14 0.0268121479854
405.15 0.0266125604497
405.16 0.0263915821589
405.17 0.0261497719035
405.18 0.0258877374801
405.19 0.0256061331466
405.2 0.0253056569027
405.21 0.0249870476091
405.22 0.0246510819651
405.23 0.0242985713584
405.24 0.0239303586083
405.25 0.0235473146178
405.26 0.0231503349547
405.27 0.0227403363806
405.28 0.0223182533449
405.29 0.0218850344642
405.3 0.0214416390046
405.31 0.0209890333853
405.32 0.0205281877203
405.33 0.0200600724166
405.34 0.019585654844
405.35 0.0191058960919
405.36 0.0186217478299
405.37 0.0181341492821
405.38 0.0176440243319
405.39 0.0171522787662
405.4 0.0166597976698
405.41 0.0161674429807
405.42 0.0156760512127
405.43 0.0151864313532
405.44 0.0146993629412
405.45 0.0142155943306
405.46 0.0137358411408
405.47 0.0132607848977
405.48 0.0127910718651
405.49 0.0123273120662
405.5 0.0118700784938
405.51 0.0114199065063
405.52 0.0109772934064
405.53 0.0105426981972
405.54 0.0101165415107
405.55 0.00969920570263
405.56 0.00929103510632
405.57 0.00889233643747
405.58 0.00850337934273
405.59 0.00812439708237
405.6 0.00775558733838
405.61 0.00739711313825
405.62 0.00704910388499
405.63 0.00671165648304
405.64 0.00638483655052
405.65 0.00606867970735
405.66 0.00576319292949
405.67 0.00546835595927
405.68 0.00518412276208
405.69 0.00491042301997
405.7 0.00464716365292
405.71 0.00439423035874
405.72 0.00415148916341
405.73 0.00391878797335
405.74 0.00369595812234
405.75 0.00348281590566
405.76 0.00327916409489
405.77 0.00308479342721
405.78 0.0028994840636
405.79 0.00272300701072
405.8 0.00255512550217
405.81 0.00239559633499
405.82 0.00224417115791
405.83 0.00210059770861
405.84 0.00196462099745
405.85 0.00183598443584
405.86 0.00171443090788
405.87 0.0015997037842
405.88 0.00149154787775
405.89 0.00138971034123
405.9 0.00129394150659
405.91 0.00120399566734
405.92 0.00111963180448
405.93 0.00104061425767
405.94 0.000966713342924
405.95 0.000897705918856
405.96 0.000833375903464
405.97 0.000773514743644
405.98 0.000717921839832
405.99 0.000666404928238
406.0 0.000618780423262
406.01 0.000574873722699
406.02 0.000534519478415
406.03 0.000497561835147
406.04 0.000463854640081
406.05 0.000433261625799
406.06 0.000405656569146
406.07 0.000380923428434
406.08 0.000358956461349
406.09 0.000339660325741
406.1 0.000322950165377
406.11 0.000308751682557
406.12 0.000297001199309
406.13 0.000287645708726
406.14 0.000280642917761
406.15 0.000275961282646
406.16 0.000273580037823
406.17 0.000273489219118
406.18 0.000275689681599
406.19 0.000280193112382
406.2 0.000287022038376
406.21 0.00029620982875
406.22 0.000307800691664
406.23 0.00032184966457
406.24 0.000338422597171
406.25 0.000357596125908
406.26 0.000379457638617
406.27 0.000404105227814
406.28 0.000431647630843
406.29 0.000462204154971
406.3 0.000495904585317
406.31 0.000532889073358
406.32 0.00057330800362
406.33 0.000617321836028
406.34 0.000665100921297
406.35 0.000716825286667
406.36 0.000772684389218
406.37 0.000832876833975
406.38 0.000897610053995
406.39 0.000967099949664
406.4 0.00104157048445
406.41 0.00112125323445
406.42 0.00120638688923
406.43 0.00129721670139
406.44 0.00139399388279
406.45 0.00149697494527
406.46 0.00160642098402
406.47 0.0017225969021
406.48 0.00184577057492
406.49 0.00197621195355
406.5 0.00211419210651
406.51 0.00225998219972
406.52 0.00241385241494
406.53 0.00257607080737
406.54 0.00274690210353
406.55 0.0029266064412
406.56 0.0031154380535
406.57 0.00331364389992
406.58 0.00352146224748
406.59 0.00373912120603
406.6 0.00396683722189
406.61 0.00420481353498
406.62 0.00445323860499
406.63 0.00471228451258
406.64 0.00498210534251
406.65 0.00526283555577
406.66 0.00555458835849
406.67 0.00585745407598
406.68 0.00617149854038
406.69 0.0064967615014
406.7 0.00683325506925
406.71 0.00718096219998
406.72 0.00753983523316
406.73 0.00790979449226
406.74 0.00829072695833
406.75 0.00868248502758
406.76 0.00908488536338
406.77 0.00949770785343
406.78 0.00992069468239
406.79 0.0103535495303
406.8 0.0107959369069
406.81 0.0112474816306
406.82 0.0117077684628
406.83 0.0121763419045
406.84 0.0126527061635
406.85 0.0131363253007
406.86 0.0136266235597
406.87 0.0141229858875
406.88 0.0146247586491
406.89 0.0151312505403
406.9 0.0156417337024
406.91 0.0161554450372
406.92 0.0166715877262
406.93 0.0171893329497
406.94 0.0177078218061
406.95 0.0182261674262
406.96 0.0187434572781
406.97 0.019258755657
406.98 0.0197711063524
406.99 0.020279535483
407.0 0.020783054491
407.01 0.0212806632829
407.02 0.0217713535062
407.03 0.0222541119469
407.04 0.0227279240347
407.05 0.023191777439
407.06 0.023644665741
407.07 0.0240855921636
407.08 0.0245135733416
407.09 0.0249276431134
407.1 0.0253268563172
407.11 0.0257102925696
407.12 0.0260770600095
407.13 0.0264262989875
407.14 0.0267571856805
407.15 0.0270689356132
407.16 0.0273608070674
407.17 0.0276321043607
407.18 0.0278821809769
407.19 0.0281104425304
407.2 0.0283163495504
407.21 0.0284994200664
407.22 0.0286592319842
407.23 0.028795425237
407.24 0.0289077037012
407.25 0.0289958368659
407.26 0.0290596612477
407.27 0.0290990815426
407.28 0.02911407151
407.29 0.0291046745837
407.3 0.0290710042077
407.31 0.0290132438951
407.32 0.0289316470116
407.33 0.0288265362843
407.34 0.0286983030406
407.35 0.0285474061817
407.36 0.0283743708978
407.37 0.0281797871324
407.38 0.0279643078057
407.39 0.0277286468074
407.4 0.0274735767703
407.41 0.0271999266386
407.42 0.0269085790428
407.43 0.0266004674977
407.44 0.0262765734374
407.45 0.025937923103
407.46 0.0255855843008
407.47 0.0252206630452
407.48 0.0248443001046
407.49 0.0244576674668
407.5 0.0240619647401
407.51 0.0236584155067
407.52 0.0232482636448
407.53 0.0228327696352
407.54 0.0224132068664
407.55 0.0219908579547
407.56 0.0215670110918
407.57 0.0211429564325
407.58 0.0207199825368
407.59 0.020299372875
407.6 0.0198824024084
407.61 0.0194703342538
407.62 0.0190644164402
407.63 0.0186658787652
407.64 0.0182759297578
407.65 0.0178957537522
407.66 0.0175265080775
407.67 0.0171693203666
407.68 0.0168252859868
407.69 0.0164954655935
407.7 0.0161808828087
407.71 0.0158825220236
407.72 0.0156013263253
407.73 0.015338195547
407.74 0.0150939844399
407.75 0.0148695009642
407.76 0.0146655046989
407.77 0.0144827053667
407.78 0.0143217614719
407.79 0.0141832790487
407.8 0.0140678105187
407.81 0.0139758536533
407.82 0.0139078506408
407.83 0.0138641872555
407.84 0.013845192128
407.85 0.0138511361144
407.86 0.0138822317658
407.87 0.0139386328964
407.88 0.0140204342508
407.89 0.0141276712721
407.9 0.0142603199713
407.91 0.0144182969009
407.92 0.0146014592335
407.93 0.0148096049499
407.94 0.0150424731385
407.95 0.015299744411
407.96 0.0155810414362
407.97 0.0158859295986
407.98 0.0162139177832
407.99 0.0165644592934
408.0 0.0169369529042
408.01 0.0173307440565
408.02 0.0177451261949
408.03 0.0181793422537
408.04 0.0186325862943
408.05 0.0191040052951
408.06 0.0195927010986
408.07 0.0200977325146
408.08 0.0206181175804
408.09 0.021152835979
408.1 0.0217008316123
408.11 0.0222610153269
408.12 0.0228322677898
408.13 0.0234134425081
408.14 0.0240033689869
408.15 0.0246008560187
408.16 0.0252046950938
408.17 0.0258136639242
408.18 0.0264265300672
408.19 0.0270420546384
408.2 0.0276589960981
408.21 0.028276114098
408.22 0.0288921733717
408.23 0.0295059476503
408.24 0.0301162235876
408.25 0.0307218046746
408.26 0.0313215151229
408.27 0.0319142036993
408.28 0.0324987474892
408.29 0.0330740555676
408.3 0.0336390725591
408.31 0.0341927820637
408.32 0.0347342099293
408.33 0.0352624273492
408.34 0.0357765537673
408.35 0.0362757595699
408.36 0.0367592685472
408.37 0.0372263601087
408.38 0.0376763712348
408.39 0.0381086981524
408.4 0.0385227977225
408.41 0.0389181885264
408.42 0.0392944516451
408.43 0.0396512311227
408.44 0.0399882341097
408.45 0.0403052306844
408.46 0.0406020533501
408.47 0.0408785962124
408.48 0.0411348138385
408.49 0.041370719806
408.5 0.0415863849506
408.51 0.041781935321
408.52 0.0419575498575
408.53 0.0421134578069
408.54 0.0422499358916
408.55 0.0423673052522
408.56 0.0424659281846
408.57 0.0425462046927
408.58 0.0426085688823
408.59 0.0426534852193
408.6 0.0426814446801
408.61 0.0426929608199
408.62 0.0426885657865
408.63 0.0426688063087
408.64 0.0426342396861
408.65 0.0425854298086
408.66 0.0425229432348
408.67 0.0424473453547
408.68 0.0423591966643
408.69 0.0422590491784
408.7 0.0421474430042
408.71 0.0420249031013
408.72 0.0418919362469
408.73 0.0417490282293
408.74 0.0415966412844
408.75 0.0414352117939
408.76 0.0412651482576
408.77 0.0410868295512
408.78 0.0409006034801
408.79 0.0407067856348
408.8 0.040505658553
408.81 0.0402974711897
408.82 0.040082438696
408.83 0.0398607425014
408.84 0.0396325306972
408.85 0.0393979187099
408.86 0.039156990258
408.87 0.0389097985773
408.88 0.0386563679018
408.89 0.0383966951846
408.9 0.0381307520397
408.91 0.0378584868869
408.92 0.0375798272774
408.93 0.0372946823798
408.94 0.0370029456027
408.95 0.0367044973299
408.96 0.0363992077455
408.97 0.0360869397216
408.98 0.0357675517474
408.99 0.0354409008709
409.0 0.0351068456324
409.01 0.0347652489637
409.02 0.03441598103
409.03 0.0340589219924
409.04 0.0336939646695
409.05 0.0333210170781
409.06 0.0329400048323
409.07 0.0325508733868
409.08 0.0321535901054
409.09 0.0317481461424
409.1 0.0313345581233
409.11 0.030912869616
409.12 0.0304831523813
409.13 0.0300455073988
409.14 0.0296000656612
409.15 0.0291469887354
409.16 0.028686469089
409.17 0.0282187301836
409.18 0.0277440263373
409.19 0.0272626423615
409.2 0.0267748929776
409.21 0.0262811220226
409.22 0.0257817014514
409.23 0.0252770301486
409.24 0.0247675325598
409.25 0.0242536571568
409.26 0.0237358747507
409.27 0.0232146766674
409.28 0.0226905728013
409.29 0.022164089564
409.3 0.0216357677432
409.31 0.0211061602906
409.32 0.0205758300541
409.33 0.0200453474715
409.34 0.0195152882435
409.35 0.018986231001
409.36 0.0184587549836
409.37 0.0179334377447
409.38 0.0174108528975
409.39 0.0168915679161
409.4 0.016376142006
409.41 0.0158651240543
409.42 0.0153590506723
409.43 0.0148584443413
409.44 0.0143638116689
409.45 0.0138756417656
409.46 0.0133944047476
409.47 0.0129205503727
409.48 0.0124545068126
409.49 0.011996679566
409.5 0.0115474505143
409.51 0.0111071771223
409.52 0.0106761917819
409.53 0.0102548013008
409.54 0.00984328653133
409.55 0.00944190213966
409.56 0.00905087650921
409.57 0.00867041177555
409.58 0.00830068398693
409.59 0.00794184338475
409.6 0.00759401479768
409.61 0.00725729814244
409.62 0.00693176902397
409.63 0.00661747942741
409.64 0.00631445849368
409.65 0.00602271337076
409.66 0.00574223013222
409.67 0.00547297475466
409.68 0.0052148941458
409.69 0.00496791721468
409.7 0.00473195597611
409.71 0.00450690668112
409.72 0.0042926509658
409.73 0.00408905701094
409.74 0.00389598070541
409.75 0.00371326680635
409.76 0.0035407500899
409.77 0.00337825648623
409.78 0.00322560419361
409.79 0.00308260476607
409.8 0.00294906417022
409.81 0.00282478380697
409.82 0.00270956149446
409.83 0.00260319240891
409.84 0.00250546998078
409.85 0.0024161867437
409.86 0.00233513513463
409.87 0.00226210824357
409.88 0.00219690051198
409.89 0.00213930837928
409.9 0.00208913087724
409.91 0.00204617017228
409.92 0.00201023205638
409.93 0.00198112638707
409.94 0.00195866747774
409.95 0.00194267443951
409.96 0.00193297147607
409.97 0.00192938813319
409.98 0.00193175950485
409.99 0.00193992639776
410.0 0.00195373545641
410.01 0.00197303925082
410.02 0.00199769632909
410.03 0.00202757123702
410.04 0.00206253450684
410.05 0.00210246261746
410.06 0.00214723792813
410.07 0.00219674858773
410.08 0.00225088842159
410.09 0.00230955679779
410.1 0.00237265847473
410.11 0.00244010343153
410.12 0.00251180668301
410.13 0.00258768808052
410.14 0.00266767209994
410.15 0.00275168761812
410.16 0.00283966767854
410.17 0.00293154924745
410.18 0.00302727296083
410.19 0.00312678286323
410.2 0.00323002613873
410.21 0.00333695283459
410.22 0.00344751557791
410.23 0.0035616692856
410.24 0.00367937086778
410.25 0.00380057892486
410.26 0.00392525343834
410.27 0.0040533554555
410.28 0.00418484676804
410.29 0.00431968958479
410.3 0.00445784619868
410.31 0.00459927864811
410.32 0.00474394837311
410.33 0.00489181586642
410.34 0.00504284032025
410.35 0.00519697926897
410.36 0.00535418822867
410.37 0.00551442033421
410.38 0.00567762597493
410.39 0.00584375242989
410.4 0.00601274350419
410.41 0.00618453916758
410.42 0.00635907519707
410.43 0.00653628282532
410.44 0.00671608839663
410.45 0.00689841303272
410.46 0.00708317231037
410.47 0.00727027595341
410.48 0.00745962754144
410.49 0.00765112423778
410.5 0.00784465653946
410.51 0.00804010805176
410.52 0.00823735529022
410.53 0.00843626751277
410.54 0.00863670658471
410.55 0.00883852687935
410.56 0.00904157521688
410.57 0.00924569084399
410.58 0.00945070545675
410.59 0.00965644326888
410.6 0.00986272112763
410.61 0.0100693486789
410.62 0.0102761285836
410.63 0.010482856786
410.64 0.0106893228356
410.65 0.0108953102632
410.66 0.0111005970111
410.67 0.0113049559178
410.68 0.0115081552571
410.69 0.0117099593294
410.7 0.0119101291066
410.71 0.0121084229255
410.72 0.0123045972317
410.73 0.0124984073675
410.74 0.012689608404
410.75 0.0128779560131
410.76 0.0130632073744
410.77 0.0132451221159
410.78 0.0134234632811
410.79 0.0135979983195
410.8 0.0137685000951
410.81 0.0139347479071
410.82 0.0140965285183
410.83 0.014253637184
410.84 0.0144058786768
410.85 0.0145530683002
410.86 0.0146950328854
410.87 0.0148316117655
410.88 0.0149626577194
410.89 0.0150880378815
410.9 0.015207634609
410.91 0.0153213463022
410.92 0.0154290881721
410.93 0.0155307929489
410.94 0.0156264115272
410.95 0.0157159135428
410.96 0.0157992878757
410.97 0.0158765430769
410.98 0.0159477077133
410.99 0.0160128306288
411.0 0.0160719811187
411.01 0.0161252490142
411.02 0.0161727446761
411.03 0.0162145988964
411.04 0.0162509627058
411.05 0.0162820070893
411.06 0.0163079226078
411.07 0.0163289189275
411.08 0.0163452242596
411.09 0.01635708471
411.1 0.0163647635431
411.11 0.0163685403622
411.12 0.0163687102096
411.13 0.0163655825895
411.14 0.0163594804199
411.15 0.0163507389155
411.16 0.0163397044083
411.17 0.0163267331104
411.18 0.0163121898241
411.19 0.0162964466057
411.2 0.0162798813882
411.21 0.0162628765696
411.22 0.0162458175719
411.23 0.016229091378
411.24 0.0162130850527
411.25 0.0161981842528
411.26 0.0161847717345
411.27 0.0161732258629
411.28 0.0161639191298
411.29 0.0161572166866
411.3 0.0161534748978
411.31 0.0161530399196
411.32 0.0161562463119
411.33 0.0161634156856
411.34 0.0161748553933
411.35 0.0161908572663
411.36 0.0162116964038
411.37 0.0162376300169
411.38 0.0162688963343
411.39 0.0163057135708
411.4 0.0163482789632
411.41 0.0163967678781
411.42 0.0164513329917
411.43 0.016512103548
411.44 0.0165791846939
411.45 0.0166526568974
411.46 0.0167325754471
411.47 0.0168189700372
411.48 0.0169118444382
411.49 0.0170111762549
411.5 0.0171169167714
411.51 0.0172289908858
411.52 0.0173472971328
411.53 0.0174717077952
411.54 0.0176020691048
411.55 0.0177382015305
411.56 0.0178799001548
411.57 0.0180269351371
411.58 0.0181790522619
411.59 0.0183359735717
411.6 0.0184973980832
411.61 0.0186630025828
411.62 0.0188324425023
411.63 0.0190053528705
411.64 0.0191813493387
411.65 0.0193600292775
411.66 0.0195409729419
411.67 0.019723744701
411.68 0.0199078943297
411.69 0.0200929583581
411.7 0.0202784614743
411.71 0.0204639179778
411.72 0.0206488332779
411.73 0.0208327054328
411.74 0.0210150267253
411.75 0.0211952852692
411.76 0.0213729666418
411.77 0.0215475555372
411.78 0.0217185374346
411.79 0.0218854002764
411.8 0.0220476361494
411.81 0.0222047429646
411.82 0.0223562261285
411.83 0.0225016002002
411.84 0.022640390528
411.85 0.0227721348601
411.86 0.0228963849218
411.87 0.0230127079547
411.88 0.0231206882107
411.89 0.0232199283949
411.9 0.0233100510519
411.91 0.0233906998894
411.92 0.0234615410338
411.93 0.0235222642117
411.94 0.0235725838528
411.95 0.0236122401086
411.96 0.0236409997834
411.97 0.023658657171
411.98 0.0236650347959
411.99 0.0236599840526
412.0 0.0236433857422
412.01 0.023615150501
412.02 0.023575219121
412.03 0.0235235627583
412.04 0.0234601830292
412.05 0.0233851119929
412.06 0.0232984120194
412.07 0.0232001755436
412.08 0.0230905247056
412.09 0.0229696108786
412.1 0.0228376140853
412.11 0.0226947423063
412.12 0.0225412306813
412.13 0.0223773406084
412.14 0.0222033587429
412.15 0.0220195959018
412.16 0.0218263858779
412.17 0.0216240841679
412.18 0.0214130666212
412.19 0.0211937280151
412.2 0.0209664805621
412.21 0.020731752357
412.22 0.0204899857702
412.23 0.0202416357946
412.24 0.0199871683537
412.25 0.0197270585791
412.26 0.0194617890648
412.27 0.0191918481063
412.28 0.018917727933
412.29 0.0186399229424
412.3 0.018358927943
412.31 0.0180752364153
412.32 0.0177893387984
412.33 0.0175017208098
412.34 0.017212861806
412.35 0.0169232331923
412.36 0.0166332968876
412.37 0.0163435038515
412.38 0.0160542926807
412.39 0.0157660882801
412.4 0.015479300614
412.41 0.0151943235436
412.42 0.0149115337542
412.43 0.0146312897778
412.44 0.0143539311127
412.45 0.0140797774453
412.46 0.0138091279749
412.47 0.0135422608448
412.48 0.0132794326802
412.49 0.0130208782333
412.5 0.0127668101372
412.51 0.0125174187673
412.52 0.0122728722083
412.53 0.0120333163271
412.54 0.0117988749488
412.55 0.0115696501319
412.56 0.0113457225414
412.57 0.0111271519156
412.58 0.0109139776212
412.59 0.0107062192946
412.6 0.0105038775619
412.61 0.0103069348344
412.62 0.0101153561727
412.63 0.00992909021389
412.64 0.00974807015561
412.65 0.00957221479088
412.66 0.00940142958669
412.67 0.00923560779988
412.68 0.0090746316236
412.69 0.00891837335734
412.7 0.00876669659389
412.71 0.00861945741618
412.72 0.00847650559751
412.73 0.00833768579836
412.74 0.00820283875332
412.75 0.00807180244185
412.76 0.00794441323683
412.77 0.00782050702487
412.78 0.00769992029293
412.79 0.00758249117591
412.8 0.00746806046028
412.81 0.00735647253895
412.82 0.00724757631342
412.83 0.007141226039
412.84 0.00703728210985
412.85 0.00693561178055
412.86 0.00683608982176
412.87 0.00673859910746
412.88 0.00664303113215
412.89 0.00654928645643
412.9 0.00645727508015
412.91 0.00636691674235
412.92 0.00627814114811
412.93 0.00619088812222
412.94 0.00610510769068
412.95 0.00602076009076
412.96 0.00593781571117
412.97 0.00585625496408
412.98 0.00577606809102
412.99 0.00569725490507
413.0 0.00561982447216
413.01 0.0055437947342
413.02 0.00546919207759
413.03 0.00539605085034
413.04 0.00532441283155
413.05 0.00525432665717
413.06 0.00518584720601
413.07 0.00511903495016
413.08 0.00505395527419
413.09 0.00499067776741
413.1 0.00492927549369
413.11 0.00486982424338
413.12 0.00481240177178
413.13 0.00475708702866
413.14 0.00470395938347
413.15 0.00465309785055
413.16 0.00460458031877
413.17 0.00455848279002
413.18 0.00451487863058
413.19 0.00447383783962
413.2 0.00443542633871
413.21 0.0043997052861
413.22 0.00436673041956
413.23 0.00433655143096
413.24 0.00430921137614
413.25 0.00428474612287
413.26 0.0042631838398
413.27 0.00424454452905
413.28 0.00422883960466
413.29 0.00421607151905
413.3 0.00420623343933
413.31 0.00419930897502
413.32 0.00419527195846
413.33 0.00419408627891
413.34 0.0041957057712
413.35 0.00420007415929
413.36 0.00420712505489
413.37 0.00421678201129
413.38 0.00422895863169
413.39 0.0042435587317
413.4 0.00426047655492
413.41 0.00427959704049
413.42 0.00430079614117
413.43 0.00432394119026
413.44 0.00434889131539
413.45 0.00437549789713
413.46 0.00440360506991
413.47 0.00443305026269
413.48 0.00446366477667
413.49 0.00449527439691
413.5 0.00452770003485
413.51 0.00456075839833
413.52 0.00459426268573
413.53 0.00462802330061
413.54 0.00466184858331
413.55 0.0046955455556
413.56 0.00472892067468
413.57 0.00476178059273
413.58 0.00479393291798
413.59 0.0048251869736
413.6 0.00485535455044
413.61 0.00488425064986
413.62 0.00491169421294
413.63 0.00493750883228
413.64 0.004961523443
413.65 0.00498357298931
413.66 0.00500349906355
413.67 0.00502115051434
413.68 0.00503638402113
413.69 0.00504906463216
413.7 0.00505906626337
413.71 0.00506627215602
413.72 0.00507057529072
413.73 0.00507187875622
413.74 0.00507009607133
413.75 0.0050651514585
413.76 0.00505698006832
413.77 0.00504552815389
413.78 0.00503075319475
413.79 0.00501262397011
413.8 0.00499112058154
413.81 0.00496623442536
413.82 0.00493796811555
413.83 0.00490633535794
413.84 0.004871360777
413.85 0.00483307969654
413.86 0.00479153787611
413.87 0.00474679120489
413.88 0.00469890535533
413.89 0.00464795539875
413.9 0.00459402538543
413.91 0.0045372078919
413.92 0.0044776035382
413.93 0.00441532047805
413.94 0.00435047386502
413.95 0.00428318529776
413.96 0.00421358224756
413.97 0.00414179747139
413.98 0.0040679684138
413.99 0.00399223660074
414.0 0.0039147470288
414.01 0.00383564755277
414.02 0.00375508827493
414.03 0.00367322093892
414.04 0.00359019833124
414.05 0.00350617369319
414.06 0.00342130014603
414.07 0.00333573013179
414.08 0.0032496148723
414.09 0.00316310384854
414.1 0.0030763443025
414.11 0.00298948076331
414.12 0.00290265459939
414.13 0.00281600359809
414.14 0.0027296615741
414.15 0.00264375800761
414.16 0.00255841771329
414.17 0.00247376054053
414.18 0.00238990110548
414.19 0.00230694855523
414.2 0.002225006364
414.21 0.00214417216141
414.22 0.00206453759239
414.23 0.00198618820831
414.24 0.00190920338864
414.25 0.00183365629235
414.26 0.00175961383821
414.27 0.00168713671274
414.28 0.0016162794048
414.29 0.00154709026539
414.3 0.00147961159136
414.31 0.00141387973155
414.32 0.00134992521383
414.33 0.00128777289141
414.34 0.00122744210685
414.35 0.00116894687213
414.36 0.00111229606306
414.37 0.00105749362637
414.38 0.00100453879784
414.39 0.000953426329824
414.4 0.000904146726504
414.41 0.000856686485327
414.42 0.000811028343087
414.43 0.000767151525156
414.44 0.000725031996431
414.45 0.000684642712665
414.46 0.000645953870871
414.47 0.000608933157603
414.48 0.000573545993972
414.49 0.000539755776371
414.5 0.000507524111916
414.51 0.000476811047762
414.52 0.000447575293474
414.53 0.000419774435785
414.54 0.000393365145091
414.55 0.000368303373191
414.56 0.000344544541798
414.57 0.000322043721474
414.58 0.000300755800704
414.59 0.00028063564489
414.6 0.000261638245139
414.61 0.000243718856765
414.62 0.000226833127516
414.63 0.000210937215564
414.64 0.000195987897379
414.65 0.000181942665645
414.66 0.000168759817431
414.67 0.000156398532854
414.68 0.000144818944534
414.69 0.000133982198157
414.7 0.000123850504489
414.71 0.000114387183209
414.72 0.000105556698968
414.73 9.73246900618e-05
414.74 8.96579901441e-05
414.75 8.25246434074e-05
414.76 7.58939136583e-05
414.77 6.97362877209e-05
414.78 6.40234735999e-05
414.79 5.87283938287e-05
414.8 5.38251744223e-05
414.81 4.92891298478e-05
414.82 4.50967444095e-05
414.83 4.12256504398e-05
414.84 3.7654603667e-05
414.85 3.4363456119e-05
414.86 3.1333126905e-05
414.87 2.85455712008e-05
414.88 2.59837477424e-05
414.89 2.36315851187e-05
414.9 2.14739471333e-05
414.91 1.9496597485e-05
414.92 1.76861640018e-05
414.93 1.6030102642e-05
414.94 1.45166614585e-05
414.95 1.31348447047e-05
414.96 1.18743772424e-05
414.97 1.07256693978e-05
414.98 9.6797823914e-06
414.99 8.72839445598e-06
415.0 7.86376774052e-06
415.01 7.07871608375e-06
415.02 6.36657372866e-06
415.03 5.72116503672e-06
415.04 5.13677524893e-06
415.05 4.60812233044e-06
415.06 4.13032992569e-06
415.07 3.69890144169e-06
415.08 3.30969526947e-06
415.09 2.95890114563e-06
415.1 2.64301764983e-06
415.11 2.3588308278e-06
415.12 2.10339392424e-06
415.13 1.87400820551e-06
415.14 1.66820484786e-06
415.15 1.48372786367e-06
415.16 1.31851803517e-06
415.17 1.17069782305e-06
415.18 1.03855721508e-06
415.19 9.20540478719e-07
415.2 8.15233780553e-07
415.21 7.2135363459e-07
415.22 6.3773614122e-07
415.23 5.6332697843e-07
415.24 4.97172107095e-07
415.25 4.38409152529e-07
415.26 3.86259425074e-07
415.27 3.40020543273e-07
415.28 2.99059624045e-07
415.29 2.62807005345e-07
415.3 2.30750467891e-07
415.31 2.02429923731e-07
415.32 1.77432540737e-07
415.33 1.55388273356e-07
415.34 1.35965771362e-07
415.35 1.18868639644e-07
415.36 1.03832023472e-07
415.37 9.06194950246e-08
415.38 7.90202183036e-08
415.39 6.88463708881e-08
415.4 5.99308022642e-08
415.41 5.21249097316e-08
415.42 4.5296714102e-08
415.43 3.93291185807e-08
415.44 3.41183353515e-08
415.45 2.95724654673e-08
415.46 2.5610218679e-08
415.47 2.21597608199e-08
415.48 1.91576772885e-08
415.49 1.65480420581e-08
415.5 1.42815824672e-08
415.51 1.23149308264e-08
415.52 1.06099546095e-08
415.53 9.1331576808e-09
415.54 7.85514564904e-09
415.55 6.75014903604e-09
415.56 5.79559849812e-09
415.57 4.97174685367e-09
415.58 4.26133314409e-09
415.59 3.64928439336e-09
415.6 3.12245113611e-09
415.61 2.66937315518e-09
415.62 2.28007221126e-09
415.63 1.94586885947e-09
415.64 1.65922073436e-09
415.65 1.41357994553e-09
415.66 1.20326746459e-09
415.67 1.02336260078e-09
415.68 8.6960585934e-10
415.69 7.38313655767e-10
415.7 6.26303520302e-10
415.71 5.30828573687e-10
415.72 4.49520187028e-10
415.73 3.80337857658e-10
415.74 3.21525440018e-10
415.75 2.71572966763e-10
415.76 2.29183381699e-10
415.77 1.93243583497e-10
415.78 1.62799248353e-10
415.79 1.37032961613e-10
415.8 1.15245243531e-10
415.81 9.68381034815e-11
415.82 8.13008006648e-11
415.83 6.81975281802e-11
415.84 5.71567718025e-11
415.85 4.78621253201e-11
415.86 4.0044371307e-11
415.87 3.34746600636e-11
415.88 2.79586405224e-11
415.89 2.33314154757e-11
415.9 1.9453209815e-11
415.91 1.62056548309e-11
415.92 1.34886042288e-11
415.93 1.12174085626e-11
415.94 9.32058447132e-12
415.95 7.73782356085e-12
415.96 6.41829316804e-12
415.97 5.31918769263e-12
415.98 4.40449479978e-12
415.99 3.64394568619e-12
416.0 3.01212285247e-12
416.01 2.48770251305e-12
416.02 2.05281197432e-12
416.03 1.69248508129e-12
416.04 1.39420122981e-12
416.05 1.14749551113e-12
416.06 9.43629342438e-13
416.07 7.75312476581e-13
416.08 6.36468610028e-13
416.09 5.2203794795e-13
416.1 4.27811064524e-13
416.11 3.50289236508e-13
416.12 2.86567148045e-13
416.13 2.34234480746e-13
416.14 1.91293429954e-13
416.15 1.56089637932e-13
416.16 1.27254418513e-13
416.17 1.03656474748e-13
416.18 8.43615893875e-14
416.19 6.85990046671e-14
416.2 5.57334087735e-14
416.21 4.52416168369e-14
416.22 3.66931787011e-14
416.23 2.97342679655e-14
416.24 2.40743101375e-14
416.25 1.94748950082e-14
416.26 1.57405919955e-14
416.27 1.2711349237e-14
416.28 1.02562094451e-14
416.29 8.26811944508e-15
416.3 6.65964720543e-15
416.31 5.35945111299e-15
416.32 4.30937218322e-15
416.33 3.46204161088e-15
416.34 2.77891422623e-15
416.35 2.22865359344e-15
416.36 1.78580714935e-15
416.37 1.42972033527e-15
416.38 1.14364746422e-15
416.39 9.14024377996e-16
416.4 7.2987402439e-16
416.41 5.82321128967e-16
416.42 4.64196318319e-16
416.43 3.69713516519e-16
416.44 2.94207303639e-16
416.45 2.33919295254e-16
416.46 1.85824558986e-16
416.47 1.47490698666e-16
416.48 1.16963567064e-16
416.49 9.26746634147e-17
416.5 7.33661725467e-17
416.51 5.80303423573e-17
416.52 4.58605035282e-17
416.53 3.62115331654e-17
416.54 2.85679716995e-17
416.55 2.25183359013e-17
416.56 1.77344434382e-17
416.57 1.39547869479e-17
416.58 1.09711771095e-17
416.59 8.61802208771e-18
416.6 6.76373109972e-18
416.61 5.30382773705e-18
416.62 4.15543818189e-18
416.63 3.25288397804e-18
416.64 2.54416131895e-18
416.65 1.98813117258e-18
416.66 1.55227883024e-18
416.67 1.21092916175e-18
416.68 9.43826219974e-19
416.69 7.35003873821e-19
416.7 5.71888681293e-19
416.71 4.44587912494e-19
416.72 3.45325039874e-19
416.73 2.67992570263e-19
416.74 2.07798158468e-19
416.75 1.60984804987e-19
416.76 1.24609835246e-19
416.77 9.63704742545e-20
416.78 7.44663218319e-20
416.79 5.74910229196e-20
416.8 4.43470146482e-20
416.81 3.41784967155e-20
416.82 2.63187787653e-20
416.83 2.02489595396e-20
416.84 1.5565529142e-20
416.85 1.19549910867e-20
416.86 9.17400157466e-21
416.87 7.03384096061e-21
416.88 5.38828369598e-21
416.89 4.12413176203e-21
416.9 3.15383359503e-21
416.91 2.40973439712e-21
416.92 1.83960140514e-21
416.93 1.40314462513e-21
416.94 1.06931407902e-21
416.95 8.14202199918e-22
416.96 6.19417386707e-22
416.97 4.70824051769e-22
416.98 3.57567479433e-22
416.99 2.71319810322e-22
417.0 2.05697546125e-22
417.01 1.55811972818e-22
417.02 1.17922491651e-22
417.03 8.91695485959e-23
417.04 6.73690751031e-23
417.05 5.0854418583e-23
417.06 3.83549030001e-23
417.07 2.89026169202e-23
417.08 2.1760933561e-23
417.09 1.63697464728e-23
417.1 1.23035504227e-23
417.11 9.23938404054e-24
417.12 6.93233667548e-24
417.13 5.19685178908e-24
417.14 3.892468165e-24
417.15 2.91295554522e-24
417.16 2.1780442055e-24
417.17 1.62713491623e-24
417.18 1.21451945768e-24
417.19 9.05752253717e-25
417.2 6.74898402059e-25
417.21 5.02448325148e-25
417.22 3.73739008165e-25
417.23 2.77759853046e-25
417.24 2.06250274069e-25
417.25 1.53018382525e-25
417.26 1.1342706332e-25
417.27 8.40066708996e-26
417.28 6.21634146446e-26
417.29 4.59599924294e-26
417.3 3.3950723181e-26
417.31 2.50577517489e-26
417.32 1.84781787242e-26
417.33 1.36144533939e-26
417.34 1.00222501355e-26
417.35 7.37147241286e-27
417.36 5.41710466932e-27
417.37 3.97744499338e-27
417.38 2.91786441024e-27
417.39 2.13870063325e-27
417.4 1.56624195306e-27
417.41 1.14601860442e-27
417.42 8.37815596894e-28
417.43 6.11968641764e-28
417.44 4.46615558785e-28
417.45 3.25658544489e-28
417.46 2.37254824716e-28
417.47 1.7269969549e-28
417.48 1.25600691874e-28
417.49 9.12675578793e-29
417.5 6.62620341103e-29
417.51 4.80658946795e-29
417.52 3.4836396722e-29
417.53 2.52262881837e-29
417.54 1.82514512675e-29
417.55 1.31936626811e-29
417.56 9.5292181659e-30
417.57 6.87658921041e-30
417.58 4.95807176383e-30
417.59 3.57171212971e-30
417.6 2.57077459586e-30
417.61 1.84873838712e-30
417.62 1.32834481385e-30
417.63 9.53608457005e-31
417.64 6.839955322e-31
417.65 4.90185358912e-31
417.66 3.50987219715e-31
417.67 2.51099683758e-31
417.68 1.79483661793e-31
417.69 1.28182154721e-31
417.7 9.14648239509e-32
417.71 6.52085471907e-32
417.72 4.6449263343e-32
417.73 3.30580338132e-32
417.74 2.35071018446e-32
417.75 1.67010984779e-32
417.76 1.18553631423e-32
417.77 8.40830701206e-33
417.78 5.95835167621e-33
417.79 4.21859249506e-33
417.8 2.98423409377e-33
417.81 2.1092209043e-33
417.82 1.48948149342e-33
417.83 1.05092571709e-33
417.84 7.40854272422e-34
417.85 5.21816034186e-34
417.86 3.67219646515e-34
417.87 2.58201198149e-34
417.88 1.81390464587e-34
417.89 1.27319377423e-34
417.9 8.92890929244e-35
417.91 6.25642389065e-35
417.92 4.38003689498e-35
417.93 3.06374925417e-35
417.94 2.14117672295e-35
417.95 1.49511862623e-35
417.96 1.04309204312e-35
417.97 7.2709884312e-36
417.98 5.06393489818e-36
417.99 3.52376235355e-36
418.0 2.44990331386e-36
418.01 1.70182583966e-36
418.02 1.18115016507e-36
418.03 8.19066093923e-37
418.04 5.67487907748e-37
418.05 3.92842172773e-37
418.06 2.71708624932e-37
418.07 1.87764104787e-37
418.08 1.29641946257e-37
418.09 8.94339344805e-38
418.1 6.16428847158e-38
418.11 4.24509479231e-38
418.12 2.9208930156e-38
418.13 2.00801857775e-38
418.14 1.37925199222e-38
418.15 9.46549497655e-39
418.16 6.49033111291e-39
418.17 4.4464579663e-39
418.18 3.04358434208e-39
418.19 2.08151863053e-39
418.2 1.42232575304e-39
418.21 9.71050136484e-40
418.22 6.62381266814e-40
418.23 4.5143812743e-40
418.24 3.07405926255e-40
418.25 2.09146229729e-40
418.26 1.42171206046e-40
418.27 9.65599556079e-41
418.28 6.55248851602e-41
418.29 4.4426211483e-41
418.3 3.00951207348e-41
418.31 2.03693278511e-41
418.32 1.37746668466e-41
418.33 9.30699124536e-42
418.34 6.28291670376e-42
418.35 4.23776717679e-42
418.36 2.8558584428e-42
418.37 1.92291484852e-42
418.38 1.29362148674e-42
418.39 8.69517202114e-43
418.4 5.83946319552e-43
418.41 3.91824385647e-43
418.42 2.62684099122e-43
418.43 1.7595430414e-43
418.44 1.17757829149e-43
418.45 7.87414616036e-44
418.46 5.26066851731e-44
418.47 3.51157691716e-44
418.48 2.34200175699e-44
418.49 1.56061590659e-44
418.5 1.03903128099e-44
418.51 6.91170185529e-45
418.52 4.59372664829e-45
418.53 3.05048630706e-45
418.54 2.02393606231e-45
418.55 1.34167792539e-45
418.56 8.88635249149e-46
418.57 5.88061264544e-46
418.58 3.88817125607e-46
418.59 2.56857334343e-46
418.6 1.6953615531e-46
418.61 1.1180377347e-46
418.62 7.36672342068e-47
418.63 4.84971300867e-47
418.64 3.18993242998e-47
418.65 2.09638333271e-47
418.66 1.3765236633e-47
418.67 9.03067958232e-48
418.68 5.91944449688e-48
418.69 3.87672718143e-48
418.7 2.53672443457e-48
418.71 1.65846041825e-48
418.72 1.08332981218e-48
418.73 7.07033583646e-49
418.74 4.61044828807e-49
418.75 3.00379320665e-49
418.76 1.95533272582e-49
418.77 1.27173044789e-49
418.78 8.26405561459e-50
418.79 5.36556121443e-50
418.8 3.48065386765e-50
418.81 2.25595420901e-50
418.82 1.4609100691e-50
418.83 9.45236412749e-51
418.84 6.11056210494e-51
418.85 3.94680472207e-51
418.86 2.54702890109e-51
418.87 1.64227493007e-51
418.88 1.0579901141e-51
418.89 6.80990591155e-52
418.9 4.37949836447e-52
418.91 2.81404721524e-52
418.92 1.80660058028e-52
418.93 1.15882182064e-52
418.94 7.42668384653e-53
418.95 4.75550848636e-53
418.96 3.04244501217e-53
418.97 1.94478799977e-53
418.98 1.2420684935e-53
418.99 7.92579026581e-54
419.0 5.05316356657e-54
419.01 3.21890297658e-54
419.02 2.04868961578e-54
419.03 1.30277133662e-54
419.04 8.27720996273e-55
419.05 5.25440442676e-55
419.06 3.33262747043e-55
419.07 2.11190213836e-55
419.08 1.33716363402e-55
419.09 8.45900088152e-56
419.1 5.34659551343e-56
419.11 3.376442317e-56
419.12 2.13041928578e-56
419.13 1.34305741854e-56
419.14 8.45956086995e-57
419.15 5.32383765227e-57
419.16 3.34753811718e-57
419.17 2.103051954e-57
419.18 1.32007381197e-57
419.19 8.27885301189e-58
419.2 5.18759270233e-58
419.21 3.24777033963e-58
419.22 2.03155457478e-58
419.23 1.26968332801e-58
419.24 7.92840964808e-59
419.25 4.94652816538e-59
419.26 3.08346221875e-59
419.27 1.92043899795e-59
419.28 1.1950501787e-59
419.29 7.4301144773e-60
419.3 4.61560471085e-60
419.31 2.86474156549e-60
419.32 1.77650334371e-60
419.33 1.10070349912e-60
419.34 6.81394153092e-61
419.35 4.21454015115e-61
419.36 2.60450817991e-61
419.37 1.60814421471e-61
419.38 9.92082973558e-62
419.39 6.11497570577e-62
419.4 3.76586902772e-62
419.41 2.31717814222e-62
419.42 1.42454892744e-62
419.43 8.75022160872e-63
419.44 5.3701259179e-63
419.45 3.29286268513e-63
419.46 2.0173744056e-63
419.47 1.23487536473e-63
419.48 7.55237386417e-64
419.49 4.61495603675e-64
419.5 2.81757437638e-64
419.51 1.71872717252e-64
419.52 1.04751977417e-64
419.53 6.37883325154e-65
419.54 3.88100320454e-65
419.55 2.35923110442e-65
419.56 1.43291589867e-65
419.57 8.69550179348e-66
419.58 5.27220547914e-66
419.59 3.19384428561e-66
419.6 1.93312029303e-66
419.61 1.1690356414e-66
419.62 7.06350659283e-67
419.63 4.26419138097e-67
419.64 2.57203427269e-67
419.65 1.55003157326e-67
419.66 9.33314617157e-68
419.67 5.61486501717e-68
419.68 3.37500407917e-68
419.69 2.02690322236e-68
419.7 1.2162292759e-68
419.71 7.29157961095e-69
419.72 4.36768711127e-69
419.73 2.61399736144e-69
419.74 1.56308465197e-69
419.75 9.33863885442e-70
419.76 5.57453171085e-70
419.77 3.32473417553e-70
419.78 1.98120398294e-70
419.79 1.17957398135e-70
419.8 7.01689380089e-71
419.81 4.17050215297e-71
419.82 2.47659802695e-71
419.83 1.46942160852e-71
419.84 8.71086028248e-72
419.85 5.15940238509e-72
419.86 3.05324376114e-72
419.87 1.80529127228e-72
419.88 1.06649006117e-72
419.89 6.29491786869e-73
419.9 3.71233405368e-73
419.91 2.18739772256e-73
419.92 1.28775186394e-73
419.93 7.57461116617e-74
419.94 4.45155993684e-74
419.95 2.61389315437e-74
419.96 1.53351194121e-74
419.97 8.98897592567e-75
419.98 5.26449838485e-75
419.99 3.08054459677e-75
420.0 1.80103323921e-75
420.01 1.05205799143e-75
420.02 6.14018356549e-76
420.03 3.58052535775e-76
420.04 2.08610361753e-76
420.05 1.21436354678e-76
420.06 7.06293632435e-77
420.07 4.1043612903e-77
420.08 2.38303048448e-77
420.09 1.38241149348e-77
420.1 8.01251391101e-78
420.11 4.64006409597e-78
420.12 2.68474403101e-78
420.13 1.55204930468e-78
420.14 8.96461956409e-79
420.15 5.17347001635e-79
420.16 2.98301701744e-79
420.17 1.71851468396e-79
420.18 9.89178083781e-80
420.19 5.68878401746e-80
420.2 3.26879832686e-80
420.21 1.87663810317e-80
420.22 1.07645692089e-80
420.23 6.16930867037e-81
420.24 3.53264556854e-81
420.25 2.02109791736e-81
420.26 1.1553095501e-81
420.27 6.59831573414e-82
420.28 3.76523028692e-82
420.29 2.14671165659e-82
420.3 1.22286807215e-82
420.31 6.95999965803e-83
420.32 3.95787934554e-83
420.33 2.24874185613e-83
420.34 1.27655748533e-83
420.35 7.24043850979e-84
420.36 4.10310926865e-84
420.37 2.32319153023e-84
420.38 1.31425811879e-84
420.39 7.42848141477e-85
420.4 4.19510787918e-85
420.41 2.36706369923e-85
420.42 1.33444437871e-85
420.43 7.51648382657e-86
420.44 4.23012009529e-86
420.45 2.37856150942e-86
420.46 1.33628715941e-86
420.47 7.50082309427e-87
420.48 4.20670220779e-87
420.49 2.35721032638e-87
420.5 1.31971033983e-87
420.51 7.38214587062e-88
420.52 4.12582064306e-88
420.53 2.30389024036e-88
420.54 1.28539600008e-88
420.55 7.16532381408e-89
420.56 3.99078579564e-89
420.57 2.22077588131e-89
420.58 1.23473785993e-89
420.59 6.85912181353e-90
420.6 3.80702724409e-90
420.61 2.11118927939e-90
420.62 1.1697473689e-90
420.63 6.47561022431e-91
420.64 3.5817316211e-91
420.65 1.97937964502e-91
420.66 1.0929212658e-91
420.67 6.02937603893e-92
420.68 3.32337679086e-92
420.69 1.8302504069e-92
420.7 1.00708275448e-92
420.71 5.53660478243e-93
420.72 3.04120436656e-93
420.73 1.66905790712e-93
420.74 9.1521034618e-94
420.75 5.014113434e-94
420.76 2.74467613182e-94
420.77 1.50110742671e-94
420.78 8.20268735368e-95
420.79 4.47841422663e-95
420.8 2.44295844577e-95
420.81 1.3314707055e-95
420.82 7.25054860897e-96
420.83 3.94488037415e-96
420.84 2.14447271243e-96
420.85 1.16474519476e-96
420.86 6.32069809676e-97
420.87 3.42706927488e-97
420.88 1.85654053629e-97
420.89 1.00486959461e-97
420.9 5.43423845398e-98
420.91 2.93623893721e-98
420.92 1.58514068187e-98
420.93 8.55003607135e-99
420.94 4.60778066565e-99
420.95 2.48107198824e-99
420.96 1.33478294558e-99
420.97 7.17473142858e-100
420.98 3.85322495775e-100
420.99 2.06760129955e-100
421.0 1.10849297295e-100
421.01 5.93776230317e-101
421.02 3.17787190857e-101
421.03 1.69931418881e-101
421.04 9.07893057623e-102
421.05 4.84640185856e-102
421.06 2.58480547942e-102
421.07 1.37739982827e-102
421.08 7.33357772212e-103
421.09 3.90117551022e-103
421.1 2.07347496017e-103
421.11 1.10109760115e-103
421.12 5.84220178987e-104
421.13 3.0970698896e-104
421.14 1.64039778373e-104
421.15 8.68102600594e-105
421.16 4.59004196394e-105
421.17 2.42485609532e-105
421.18 1.2799087253e-105
421.19 6.74987522166e-106
421.2 3.55660966724e-106
421.21 1.87240753402e-106
421.22 9.84891230427e-107
421.23 5.17606684364e-107
421.24 2.71791078523e-107
421.25 1.42591695472e-107
421.26 7.47441115551e-108
421.27 3.91456447131e-108
421.28 2.04839464226e-108
421.29 1.07094588721e-108
421.3 5.59429209429e-109
421.31 2.91975536023e-109
421.32 1.52254979562e-109
421.33 7.93268594846e-110
421.34 4.12945494202e-110
421.35 2.14777566406e-110
421.36 1.11611467249e-110
421.37 5.79498655161e-111
421.38 3.00621309458e-111
421.39 1.55815553463e-111
421.4 8.06910869732e-112
421.41 4.1750726751e-112
421.42 2.15837165052e-112
421.43 1.11483894363e-112
421.44 5.75336263822e-113
421.45 2.96657328172e-113
421.46 1.52831236802e-113
421.47 7.8667054427e-114
421.48 4.0457343673e-114
421.49 2.07886149334e-114
421.5 1.06727775972e-114
421.51 5.47460864179e-115
421.52 2.80577222734e-115
421.53 1.43673099138e-115
421.54 7.35059038423e-116
421.55 3.75744557423e-116
421.56 1.91905264793e-116
421.57 9.79275286582e-117
421.58 4.99282580264e-117
421.59 2.54338290331e-117
421.6 1.29449624644e-117
421.61 6.58284391248e-118
421.62 3.3446450399e-118
421.63 1.69789263393e-118
421.64 8.61180383766e-119
421.65 4.36417088319e-119
421.66 2.20969880212e-119
421.67 1.11786182986e-119
421.68 5.65023990564e-120
421.69 2.85344406124e-120
421.7 1.43977806271e-120
421.71 7.25847616691e-121
421.72 3.65610847205e-121
421.73 1.83999398479e-121
421.74 9.2520388604e-122
421.75 4.64817218124e-122
421.76 2.33319308176e-122
421.77 1.17015358306e-122
421.78 5.86352481477e-123
421.79 2.93561015926e-123
421.8 1.46845861134e-123
421.81 7.33920050455e-124
421.82 3.66487788793e-124
421.83 1.82849584843e-124
421.84 9.11490532998e-125
421.85 4.53977218666e-125
421.86 2.25912192793e-125
421.87 1.12323078015e-125
421.88 5.57984371162e-126
421.89 2.7694835329e-126
421.9 1.37340698988e-126
421.91 6.80492641376e-127
421.92 3.36876973547e-127
421.93 1.66626063372e-127
421.94 8.23451935857e-128
421.95 4.06590558289e-128
421.96 2.00585731918e-128
421.97 9.8870447369e-129
421.98 4.86918947508e-129
421.99 2.39591034954e-129
422.0 1.17789930639e-129
422.01 5.78588079993e-130
422.02 2.83958263555e-130
422.03 1.39239756426e-130
422.04 6.82174861801e-131
422.05 3.33927266029e-131
422.06 1.6331713981e-131
422.07 7.98059667054e-132
422.08 3.89639227214e-132
422.09 1.90070053716e-132
422.1 9.2637843159e-133
422.11 4.51114603233e-133
422.12 2.19487125349e-133
422.13 1.06697668218e-133
422.14 5.18232349909e-134
422.15 2.5148832272e-134
422.16 1.21936813724e-134
422.17 5.90711701492e-135
422.18 2.85917026629e-135
422.19 1.38270068171e-135
422.2 6.68097810536e-136
422.21 3.22534097093e-136
422.22 1.55573252564e-136
422.23 7.49752535475e-137
422.24 3.61014518642e-137
422.25 1.73682117804e-137
422.26 8.34851549382e-138
422.27 4.0094714208e-138
422.28 1.92392749041e-138
422.29 9.22388737292e-139
422.3 4.41837930362e-139
422.31 2.11463644895e-139
422.32 1.01118855306e-139
422.33 4.83116965576e-140
422.34 2.30619563742e-140
422.35 1.09992663036e-140
422.36 5.24149288648e-141
422.37 2.49557138803e-141
422.38 1.18715850435e-141
422.39 5.6424943304e-142
422.4 2.67952163475e-142
422.41 1.27135582635e-142
422.42 6.02699290955e-143
422.43 2.85468344569e-143
422.44 1.35094897375e-143
422.45 6.38768730456e-144
422.46 3.01767221021e-144
422.47 1.42437450633e-144
422.48 6.717381806e-145
422.49 3.16518856749e-145
422.5 1.49012553276e-145
422.51 7.00922235143e-146
422.52 3.29412846012e-146
422.53 1.54680275994e-146
422.54 7.25693208123e-147
422.55 3.40169124054e-147
422.56 1.59316383008e-147
422.57 7.45503518156e-148
422.58 3.48548059882e-148
422.59 1.62816852564e-148
422.6 7.59905789899e-149
422.61 3.54359324366e-149
422.62 1.65101754883e-149
422.63 7.68569643445e-150
422.64 3.57469075746e-150
422.65 1.66118285803e-150
422.66 7.71294292082e-151
422.67 3.57805083814e-151
422.68 1.65842795337e-151
422.69 7.68016277682e-152
422.7 3.55359518838e-152
422.71 1.6428170235e-152
422.72 7.58811927611e-153
422.73 3.50189254856e-153
422.74 1.61471245936e-153
422.75 7.43894400292e-154
422.76 3.42413670943e-154
422.77 1.57476086962e-154
422.78 7.23605479143e-155
422.79 3.32210069132e-155
422.8 1.52386835116e-155
422.81 6.98402556007e-156
422.82 3.19806954586e-156
422.83 1.46316633539e-156
422.84 6.68841496251e-157
422.85 3.05475533599e-157
422.86 1.39396980751e-157
422.87 6.35556281538e-158
422.88 2.89519870894e-158
422.89 1.31773005135e-158
422.9 5.99236470076e-159
422.91 2.72266204194e-159
422.92 1.23598428562e-159
422.93 5.60603589877e-160
422.94 2.54051938266e-160
422.95 1.15030461907e-160
422.96 5.20387585775e-161
422.97 2.35214832353e-161
422.98 1.06224866488e-161
422.99 4.79304378471e-162
423.0 2.16082856099e-162
423.01 9.73313931357e-163
423.02 4.38035471518e-163
423.03 1.96965124188e-163
423.04 8.84897770177e-164
423.05 3.97210371782e-164
423.06 1.78144234875e-164
423.07 7.9826424486e-165
423.08 3.57392385183e-165
423.09 1.59870239466e-165
423.1 7.14518814226e-166
423.11 3.1906812849e-166
423.12 1.42356366282e-166
423.13 6.34591244185e-167
423.14 2.82640875762e-167
423.15 1.25776520844e-167
423.16 5.59226698708e-168
423.17 2.48427649453e-168
423.18 1.10264490688e-168
423.19 4.88984546419e-169
423.2 2.16659783713e-169
423.21 9.59147036173e-170
423.22 4.24244075092e-170
423.23 1.87486540324e-170
423.24 8.27843260013e-171
423.25 3.65216047569e-171
423.26 1.60981251654e-171
423.27 7.08964452419e-172
423.28 3.11958866197e-172
423.29 1.37149402238e-172
423.3 6.02440579571e-173
423.31 2.64398038533e-173
423.32 1.15938039706e-173
423.33 5.07945818813e-174
423.34 2.22347647695e-174
423.35 9.72459227078e-175
423.36 4.2494622579e-175
423.37 1.85532614223e-175
423.38 8.09338619622e-176
423.39 3.52747526722e-176
423.4 1.53610676985e-176
423.41 6.68347828946e-177
423.42 2.90540977141e-177
423.43 1.26193200981e-177
423.44 5.47631263278e-178
423.45 2.37445652626e-178
423.46 1.02864122234e-178
423.47 4.45232992862e-179
423.48 1.92545984742e-179
423.49 8.31965479336e-180
423.5 3.59169838379e-180
423.51 1.54923794201e-180
423.52 6.67667294146e-181
423.53 2.87492019427e-181
423.54 1.23684476982e-181
423.55 5.316530541e-182
423.56 2.28331138337e-182
423.57 9.79773487359e-183
423.58 4.20058654956e-183
423.59 1.79935934693e-183
423.6 7.70104362614e-184
423.61 3.29310043112e-184
423.62 1.40696754835e-184
423.63 6.00602171408e-185
423.64 2.56161246628e-185
423.65 1.09160036161e-185
423.66 4.64769506491e-186
423.67 1.97713031143e-186
423.68 8.40343170798e-187
423.69 3.56863202397e-187
423.7 1.51415583471e-187
423.71 6.41893670207e-188
423.72 2.71881291573e-188
423.73 1.15058648473e-188
423.74 4.86500089942e-189
423.75 2.05527667777e-189
423.76 8.67523755526e-190
423.77 3.65861044965e-190
423.78 1.54161056365e-190
423.79 6.49018232494e-191
423.8 2.73000114851e-191
423.81 1.14734089824e-191
423.82 4.81776744245e-192
423.83 2.02126335631e-192
423.84 8.47273621584e-193
423.85 3.54852754822e-193
423.86 1.48489720327e-193
423.87 6.20823731809e-194
423.88 2.59336678021e-194
423.89 1.08238879923e-194
423.9 4.51363408135e-195
423.91 1.88058565633e-195
423.92 7.82859098144e-196
423.93 3.25610048996e-196
423.94 1.35311811652e-196
423.95 5.61820174653e-197
423.96 2.33068008212e-197
423.97 9.66032442408e-198
423.98 4.00059392523e-198
423.99 1.65531611583e-198
424.0 6.84322986115e-199
424.01 2.82660436535e-199
424.02 1.16652119822e-199
424.03 4.80998761142e-200
424.04 1.98161368557e-200
424.05 8.15676106351e-201
424.06 3.35459581631e-201
424.07 1.37843526071e-201
424.08 5.65921585844e-202
424.09 2.32139934511e-202
424.1 9.51408809236e-203
424.11 3.89590350511e-203
424.12 1.59394351639e-203
424.13 6.51570444023e-204
424.14 2.66117562617e-204
424.15 1.0859489525e-204
424.16 4.42760630265e-205
424.17 1.80365012336e-205
424.18 7.34106901947e-206
424.19 2.98531409363e-206
424.2 1.21295438218e-206
424.21 4.92405184606e-207
424.22 1.99721343479e-207
424.23 8.09375498285e-208
424.24 3.27717278809e-208
424.25 1.32578267525e-208
424.26 5.35881854478e-209
424.27 2.16416055081e-209
424.28 8.73239985004e-210
424.29 3.52047661082e-210
424.3 1.41805483736e-210
424.31 5.70700562568e-211
424.32 2.29481292978e-211
424.33 9.2195556115e-212
424.34 3.70080669384e-212
424.35 1.4842481839e-212
424.36 5.94758098108e-213
424.37 2.38121118803e-213
424.38 9.52531128782e-214
424.39 3.80701118587e-214
424.4 1.52024239999e-214
424.41 6.0654809297e-215
424.42 2.41791681131e-215
424.43 9.6303302524e-216
424.44 3.83234606082e-216
424.45 1.52374386442e-216
424.46 6.05317086894e-217
424.47 2.40257862732e-217
424.48 9.52787384074e-218
424.49 3.77518378649e-218
424.5 1.49452750757e-218
424.51 5.91144208544e-219
424.52 2.33618202455e-219
424.53 9.22451686867e-220
424.54 3.63918633727e-220
424.55 1.43446075117e-220
424.56 5.64932758776e-221
424.57 2.2229441964e-221
424.58 8.7394494504e-222
424.59 3.43291698527e-222
424.6 1.34730599037e-222
424.61 5.28314940591e-223
424.62 2.06987089081e-223
424.63 8.10246817579e-224
424.64 3.16894807741e-224
424.65 1.23833065902e-224
424.66 4.83483703402e-225
424.67 1.88603942678e-225
424.68 7.35094895333e-226
424.69 2.86259401653e-226
424.7 1.11378104869e-226
424.71 4.32975778053e-227
424.72 1.68170994021e-227
424.73 6.52622877298e-228
424.74 2.53044678533e-228
424.75 9.80292852595e-229
424.76 3.79435688004e-229
424.77 1.46738551893e-229
424.78 5.66988165363e-230
424.79 2.18890781472e-230
424.8 8.44315305313e-231
424.81 3.25391021136e-231
424.82 1.25293972847e-231
424.83 4.820349279e-232
424.84 1.85289388682e-232
424.85 7.11616978584e-233
424.86 2.73064829461e-233
424.87 1.04690902812e-233
424.88 4.01029051965e-234
424.89 1.53485176771e-234
424.9 5.86922494108e-235
424.91 2.24242942e-235
424.92 8.56013321537e-236
424.93 3.26487062653e-236
424.94 1.24415687134e-236
424.95 4.73705056779e-237
424.96 1.80204076726e-237
424.97 6.84927991388e-238
424.98 2.60105137997e-238
424.99 9.86907977752e-239
425.0 3.7413479559e-239
425.01 1.41710899359e-239
425.02 5.36292990169e-240
425.03 2.0277980404e-240
425.04 7.66074471444e-241
425.05 2.89161849546e-241
425.06 1.09052270007e-241
425.07 4.10915136222e-242
425.08 1.5470105673e-242
425.09 5.81913100017e-243
425.1 2.18698951296e-243
425.11 8.21218982283e-244
425.12 3.08102321648e-244
425.13 1.15492737339e-244
425.14 4.3255176788e-245
425.15 1.61862118548e-245
425.16 6.05168148515e-246
425.17 2.26063587886e-246
425.18 8.43740474198e-247
425.19 3.14637774717e-247
425.2 1.17229403062e-247
425.21 4.3640122174e-248
425.22 1.62315156379e-248
425.23 6.0319245949e-249
425.24 2.23963087315e-249
425.25 8.30846318643e-250
425.26 3.0795599771e-250
425.27 1.14046075769e-250
425.28 4.21983760545e-251
425.29 1.56003679776e-251
425.3 5.76232380933e-252
425.31 2.12659206457e-252
425.32 7.8414148531e-253
425.33 2.88887257176e-253
425.34 1.0633740372e-253
425.35 3.91081644018e-254
425.36 1.43705213522e-254
425.37 5.27595799186e-255
425.38 1.93532472986e-255
425.39 7.09300189408e-256
425.4 2.59734726147e-256
425.41 9.50284559505e-257
425.42 3.47376983869e-257
425.43 1.2687385031e-257
425.44 4.62984990806e-258
425.45 1.68805043033e-258
425.46 6.14932765706e-259
425.47 2.23817254579e-259
425.48 8.13922785593e-260
425.49 2.95730802342e-260
425.5 1.07357806366e-260
425.51 3.89398620806e-261
425.52 1.41116859054e-261
425.53 5.1096023923e-262
425.54 1.848498166e-262
425.55 6.68151048213e-263
425.56 2.4129815245e-263
425.57 8.70676959027e-264
425.58 3.1389458184e-264
425.59 1.13066591335e-264
425.6 4.06919490613e-265
425.61 1.46320911316e-265
425.62 5.25687941484e-266
425.63 1.88700627896e-266
425.64 6.76772008749e-267
425.65 2.42513066554e-267
425.66 8.68263632906e-268
425.67 3.10593091372e-268
425.68 1.1100835938e-268
425.69 3.96408802312e-269
425.7 1.41434255057e-269
425.71 5.04184671305e-270
425.72 1.79576035993e-270
425.73 6.39044109491e-271
425.74 2.27215002737e-271
425.75 8.07173479686e-272
425.76 2.86497262981e-272
425.77 1.01600953291e-272
425.78 3.59996933009e-273
425.79 1.27445214131e-273
425.8 4.50787613636e-274
425.81 1.59310400676e-274
425.82 5.62522629208e-275
425.83 1.98453872813e-275
425.84 6.99524406441e-276
425.85 2.46359819521e-276
425.86 8.6688321774e-277
425.87 3.04771972647e-277
425.88 1.07056531631e-277
425.89 3.75729266678e-278
425.9 1.31753024343e-278
425.91 4.61604329778e-279
425.92 1.61585678804e-279
425.93 5.6514458765e-280
425.94 1.974876723e-280
425.95 6.89515640364e-281
425.96 2.40531503009e-281
425.97 8.38346433051e-282
425.98 2.91943485796e-282
425.99 1.01577558504e-282
426.0 3.53118493788e-283
426.01 1.22649807021e-283
426.02 4.2563466165e-284
426.03 1.47581125633e-284
426.04 5.11267706365e-285
426.05 1.76965911679e-285
426.06 6.12004458789e-286
426.07 2.11467322835e-286
426.08 7.30055136045e-287
426.09 2.51820897017e-287
426.1 8.67863822926e-288
426.11 2.98837514822e-288
426.12 1.02811657223e-288
426.13 3.53405509396e-289
426.14 1.21374648212e-289
426.15 4.16491713596e-290
426.16 1.42793506611e-290
426.17 4.89141222759e-291
426.18 1.67410920157e-291
426.19 5.72475644314e-292
426.2 1.95593292851e-292
426.21 6.67689604061e-293
426.22 2.27729337625e-293
426.23 7.76045284082e-294
426.24 2.64228012332e-294
426.25 8.98864780104e-295
426.26 3.05515734994e-295
426.27 1.03752008745e-295
426.28 3.52032822392e-296
426.29 1.19342055529e-296
426.3 4.04229107312e-297
426.31 1.36799768921e-297
426.32 4.6255870403e-298
426.33 1.56268723227e-298
426.34 5.27473909091e-299
426.35 1.77890851488e-299
426.36 5.99418244884e-300
426.37 2.0180411329e-300
426.38 6.78818676828e-301
426.39 2.28139909121e-301
426.4 7.66077060666e-302
426.41 2.57020263461e-302
426.42 8.61560904057e-303
426.43 2.88554807749e-303
426.44 9.65593555569e-304
426.45 3.22837603665e-304
426.46 1.07844396364e-304
426.47 3.59943856416e-305
426.48 1.20031617712e-305
426.49 3.99926576761e-306
426.5 1.33133878654e-306
426.51 4.42813258847e-307
426.52 1.47155453063e-307
426.53 4.88602648375e-308
426.54 1.62091031375e-308
426.55 5.37261681728e-309
426.56 1.77924789705e-309
426.57 5.8872268108e-310
426.58 1.94629553697e-310
426.59 6.42880892993e-311
426.6 2.12166084884e-311
426.61 6.99592458112e-312
426.62 2.30482517003e-312
426.63 7.58672897232e-313
426.64 2.49513968539e-313
426.65 8.19896193932e-314
426.66 2.69182355728e-314
426.67 8.82994546156e-315
426.68 2.89396427376e-315
426.69 9.47658851944e-316
426.7 3.10052037339e-316
426.71 1.0135399515e-316
426.72 3.31032678269e-317
426.73 1.08025081948e-317
426.74 3.52210011673e-318
426.75 1.14736864934e-318
426.76 3.73444459066e-319
426.77 1.21446276404e-319
426.78 3.94610231333e-320
426.79 1.28111221967e-320
426.8 4.15509208152e-321
426.81 1.34879921315e-321
426.82 4.3477776834e-322
426.83 1.43279037294e-322
426.84 4.44659081257e-323
426.85 1.48219693752e-323
426.86 4.94065645841e-324
426.87 0.0
426.88 0.0
426.89 0.0
426.9 0.0
426.91 0.0
426.92 0.0
426.93 0.0
426.94 0.0
426.95 0.0
426.96 0.0
426.97 0.0
426.98 0.0
426.99 0.0
427.0 0.0
427.01 0.0
427.02 0.0
427.03 0.0
427.04 0.0
427.05 0.0
427.06 0.0
427.07 0.0
427.08 0.0
427.09 0.0
427.1 0.0
427.11 0.0
427.12 0.0
427.13 0.0
427.14 0.0
427.15 0.0
427.16 0.0
427.17 0.0
427.18 0.0
427.19 0.0
427.2 0.0
427.21 0.0
427.22 0.0
427.23 0.0
427.24 0.0
427.25 0.0
427.26 0.0
427.27 0.0
427.28 0.0
427.29 0.0
427.3 0.0
427.31 0.0
427.32 0.0
427.33 0.0
427.34 0.0
427.35 0.0
427.36 0.0
427.37 0.0
427.38 0.0
427.39 0.0
427.4 0.0
427.41 0.0
427.42 0.0
427.43 0.0
427.44 0.0
427.45 0.0
427.46 0.0
427.47 0.0
427.48 0.0
427.49 0.0
427.5 0.0
427.51 0.0
427.52 0.0
427.53 0.0
427.54 0.0
427.55 0.0
427.56 0.0
427.57 0.0
427.58 0.0
427.59 0.0
427.6 0.0
427.61 0.0
427.62 0.0
427.63 0.0
427.64 0.0
427.65 0.0
427.66 0.0
427.67 0.0
427.68 0.0
427.69 0.0
427.7 0.0
427.71 0.0
427.72 0.0
427.73 0.0
427.74 0.0
427.75 0.0
427.76 0.0
427.77 0.0
427.78 0.0
427.79 0.0
427.8 0.0
427.81 0.0
427.82 0.0
427.83 0.0
427.84 0.0
427.85 0.0
427.86 0.0
427.87 0.0
427.88 0.0
427.89 0.0
427.9 0.0
427.91 0.0
427.92 0.0
427.93 0.0
427.94 0.0
427.95 0.0
427.96 0.0
427.97 0.0
427.98 0.0
427.99 0.0
428.0 0.0
428.01 0.0
428.02 0.0
428.03 0.0
428.04 0.0
428.05 0.0
428.06 0.0
428.07 0.0
428.08 0.0
428.09 0.0
428.1 0.0
428.11 0.0
428.12 0.0
428.13 0.0
428.14 0.0
428.15 0.0
428.16 0.0
428.17 0.0
428.18 0.0
428.19 0.0
428.2 0.0
428.21 0.0
428.22 0.0
428.23 0.0
428.24 0.0
428.25 0.0
428.26 0.0
428.27 0.0
428.28 0.0
428.29 0.0
428.3 0.0
428.31 0.0
428.32 0.0
428.33 0.0
428.34 0.0
428.35 0.0
428.36 0.0
428.37 0.0
428.38 0.0
428.39 0.0
428.4 0.0
428.41 0.0
428.42 0.0
428.43 0.0
428.44 0.0
428.45 0.0
428.46 0.0
428.47 0.0
428.48 0.0
428.49 0.0
428.5 0.0
428.51 0.0
428.52 0.0
428.53 0.0
428.54 0.0
428.55 0.0
428.56 0.0
428.57 0.0
428.58 0.0
428.59 0.0
428.6 0.0
428.61 0.0
428.62 0.0
428.63 0.0
428.64 0.0
428.65 0.0
428.66 0.0
428.67 0.0
428.68 0.0
428.69 0.0
428.7 0.0
428.71 0.0
428.72 0.0
428.73 0.0
428.74 0.0
428.75 0.0
428.76 0.0
428.77 0.0
428.78 0.0
428.79 0.0
428.8 0.0
428.81 0.0
428.82 0.0
428.83 0.0
428.84 0.0
428.85 0.0
428.86 0.0
428.87 0.0
428.88 0.0
428.89 0.0
428.9 0.0
428.91 0.0
428.92 0.0
428.93 0.0
428.94 0.0
428.95 0.0
428.96 0.0
428.97 0.0
428.98 0.0
428.99 0.0
429.0 0.0
429.01 0.0
429.02 0.0
429.03 0.0
429.04 0.0
429.05 0.0
429.06 0.0
429.07 0.0
429.08 0.0
429.09 0.0
429.1 0.0
429.11 0.0
429.12 0.0
429.13 0.0
429.14 0.0
429.15 0.0
429.16 0.0
429.17 0.0
429.18 0.0
429.19 0.0
429.2 0.0
429.21 0.0
429.22 0.0
429.23 0.0
429.24 0.0
429.25 0.0
429.26 0.0
429.27 0.0
429.28 0.0
429.29 0.0
429.3 0.0
429.31 0.0
429.32 0.0
429.33 0.0
429.34 0.0
429.35 0.0
429.36 0.0
429.37 0.0
429.38 0.0
429.39 0.0
429.4 0.0
429.41 0.0
429.42 0.0
429.43 0.0
429.44 0.0
429.45 0.0
429.46 0.0
429.47 0.0
429.48 0.0
429.49 0.0
429.5 0.0
429.51 0.0
429.52 0.0
429.53 0.0
429.54 0.0
429.55 0.0
429.56 0.0
429.57 0.0
429.58 0.0
429.59 0.0
429.6 0.0
429.61 0.0
429.62 0.0
429.63 0.0
429.64 0.0
429.65 0.0
429.66 0.0
429.67 0.0
429.68 0.0
429.69 0.0
429.7 0.0
429.71 0.0
429.72 0.0
429.73 0.0
429.74 0.0
429.75 0.0
429.76 0.0
429.77 0.0
429.78 0.0
429.79 0.0
429.8 0.0
429.81 0.0
429.82 0.0
429.83 0.0
429.84 0.0
429.85 0.0
429.86 0.0
429.87 0.0
429.88 0.0
429.89 0.0
429.9 0.0
429.91 0.0
429.92 0.0
429.93 0.0
429.94 0.0
429.95 0.0
429.96 0.0
429.97 0.0
429.98 0.0
429.99 0.0
