400.0 2.20888435431e-26
400.01 2.99578146507e-26
400.02 4.05948548007e-26
400.03 5.49611191845e-26
400.04 7.43470696448e-26
400.05 1.00483755035e-25
400.06 1.35691164321e-25
400.07 1.83075822707e-25
400.08 2.46793735962e-25
400.09 3.32399975283e-25
400.1 4.47313026528e-25
400.11 6.01431016217e-25
400.12 8.07948742168e-25
400.13 1.0844399533e-24
400.14 1.45428968108e-24
400.15 1.94858810929e-24
400.16 2.60863241198e-24
400.17 3.48922870397e-24
400.18 4.66304599791e-24
400.19 6.22635208023e-24
400.2 8.30656299487e-24
400.21 1.10721704656e-23
400.22 1.47457842904e-23
400.23 1.9621251389e-23
400.24 2.60861051205e-23
400.25 3.46509775042e-23
400.26 4.59880985755e-23
400.27 6.09816441171e-23
400.28 8.0793517648e-23
400.29 1.06949219063e-22
400.3 1.41449830305e-22
400.31 1.86917927201e-22
400.32 2.46787520383e-22
400.33 3.25551083396e-22
400.34 4.29080529653e-22
400.35 5.6504389065e-22
400.36 7.43445730492e-22
400.37 9.77327394665e-22
400.38 1.28367352842e-21
400.39 1.6845845411e-21
400.4 2.208791636e-21
400.41 2.89361268563e-21
400.42 3.78747489496e-21
400.43 4.95316549034e-21
400.44 6.47201666043e-21
400.45 8.44928826479e-21
400.46 1.1021084707e-20
400.47 1.43632349959e-20
400.48 1.8702682624e-20
400.49 2.43320810709e-20
400.5 3.16284797703e-20
400.51 4.10772246945e-20
400.52 5.33025003637e-20
400.53 6.91063224866e-20
400.54 8.95182731093e-20
400.55 1.15858878788e-19
400.56 1.49820299024e-19
400.57 1.93568957117e-19
400.58 2.4987595873e-19
400.59 3.22282667168e-19
400.6 4.15310716271e-19
400.61 5.34728138389e-19
400.62 6.87886286092e-19
400.63 8.84145980826e-19
400.64 1.13541601405e-18
400.65 1.45683298503e-18
400.66 1.86761876668e-18
400.67 2.3921609963e-18
400.68 3.06137332207e-18
400.69 3.91440623077e-18
400.7 5.00079679218e-18
400.71 6.38316738583e-18
400.72 8.14061041774e-18
400.73 1.03729294031e-17
400.74 1.32059480787e-17
400.75 1.67981502414e-17
400.76 2.13489760265e-17
400.77 2.71091780731e-17
400.78 3.43937368144e-17
400.79 4.35979520577e-17
400.8 5.52174730396e-17
400.81 6.98732073089e-17
400.82 8.83422674527e-17
400.83 1.11596382765e-16
400.84 1.40849531303e-16
400.85 1.77616949517e-16
400.86 2.23788167651e-16
400.87 2.81717318673e-16
400.88 3.54334699758e-16
400.89 4.4528445643e-16
400.9 5.59094344038e-16
400.91 7.01384840119e-16
400.92 8.79126483137e-16
400.93 1.10095625698e-15
400.94 1.37756619688e-15
400.95 1.72218024554e-15
400.96 2.15113883971e-15
400.97 2.68461487756e-15
400.98 3.34748975129e-15
400.99 4.17042419939e-15
401.0 5.19116604415e-15
401.01 6.45614567789e-15
401.02 8.02242073523e-15
401.03 9.96004408581e-15
401.04 1.23549445099e-14
401.05 1.53124276654e-14
401.06 1.89614267913e-14
401.07 2.34596587018e-14
401.08 2.89998718026e-14
401.09 3.58174100611e-14
401.1 4.41993611848e-14
401.11 5.44956100329e-14
401.12 6.71321810264e-14
401.13 8.26273278529e-14
401.14 1.01610917185e-13
401.15 1.24847757936e-13
401.16 1.53265651644e-13
401.17 1.87989086312e-13
401.18 2.30379669337e-13
401.19 2.82084599682e-13
401.2 3.45094720479e-13
401.21 4.21813977031e-13
401.22 5.15142438903e-13
401.23 6.28575436783e-13
401.24 7.66321824759e-13
401.25 9.33444917703e-13
401.26 1.1360302845e-12
401.27 1.38138531576e-12
401.28 1.67827634646e-12
401.29 2.03721011943e-12
401.3 2.47076754721e-12
401.31 2.99399909322e-12
401.32 3.62489267896e-12
401.33 4.38492686406e-12
401.34 5.29972418164e-12
401.35 6.39982198419e-12
401.36 7.72158101716e-12
401.37 9.30825524424e-12
401.38 1.12112502659e-11
401.39 1.34916020738e-11
401.4 1.62217129502e-11
401.41 1.94873871515e-11
401.42 2.33902157066e-11
401.43 2.8050367344e-11
401.44 3.36098513572e-11
401.45 4.02363282919e-11
401.46 4.81275558453e-11
401.47 5.75165705042e-11
401.48 6.86777204291e-11
401.49 8.19336821383e-11
401.5 9.76636129371e-11
401.51 1.16312613055e-10
401.52 1.38402696423e-10
401.53 1.64545497294e-10
401.54 1.95456971921e-10
401.55 2.31974390598e-10
401.56 2.75075956156e-10
401.57 3.25903430908e-10
401.58 3.85788205644e-10
401.59 4.56281302347e-10
401.6 5.39187867296e-10
401.61 6.36606784174e-10
401.62 7.5097611826e-10
401.63 8.85125193889e-10
401.64 1.04233420884e-09
401.65 1.22640240241e-09
401.66 1.44172591971e-09
401.67 1.69338665403e-09
401.68 1.98725350425e-09
401.69 2.33009765489e-09
401.7 2.72972367609e-09
401.71 3.19511844907e-09
401.72 3.73662015253e-09
401.73 4.36610979802e-09
401.74 5.0972280797e-09
401.75 5.94562060731e-09
401.76 6.92921492375e-09
401.77 8.0685330712e-09
401.78 9.38704386452e-09
401.79 1.09115594611e-08
401.8 1.26726812821e-08
401.81 1.47053008458e-08
401.82 1.70491616203e-08
401.83 1.97494885905e-08
401.84 2.28576928724e-08
401.85 2.64321593838e-08
401.86 3.0539126316e-08
401.87 3.52536659274e-08
401.88 4.06607770153e-08
401.89 4.68566003049e-08
401.9 5.39497689348e-08
401.91 6.20629072123e-08
401.92 7.13342918563e-08
401.93 8.19196910495e-08
401.94 9.3994397775e-08
401.95 1.07755475114e-07
401.96 1.23424232442e-07
401.97 1.41248952747e-07
401.98 1.61507892648e-07
401.99 1.84512578058e-07
402.0 2.10611419842e-07
402.01 2.40193675248e-07
402.02 2.73693782345e-07
402.03 3.11596096114e-07
402.04 3.54440056322e-07
402.05 4.02825818674e-07
402.06 4.57420382167e-07
402.07 5.18964246859e-07
402.08 5.88278637558e-07
402.09 6.66273330071e-07
402.1 7.53955117735e-07
402.11 8.52436956871e-07
402.12 9.62947830519e-07
402.13 1.08684337045e-06
402.14 1.22561727772e-06
402.15 1.38091358218e-06
402.16 1.5545397812e-06
402.17 1.74848089715e-06
402.18 1.96491449269e-06
402.19 2.20622668127e-06
402.2 2.47502916879e-06
402.21 2.77417736004e-06
402.22 3.10678956108e-06
402.23 3.47626730521e-06
402.24 3.88631682642e-06
402.25 4.34097169991e-06
402.26 4.84461666381e-06
402.27 5.40201263058e-06
402.28 6.01832288974e-06
402.29 6.69914049643e-06
402.3 7.45051683169e-06
402.31 8.2789913116e-06
402.32 9.19162221216e-06
402.33 1.01960185663e-05
402.34 1.13003730773e-05
402.35 1.25134959803e-05
402.36 1.38448497706e-05
402.37 1.53045847021e-05
402.38 1.69035749448e-05
402.39 1.86534552735e-05
402.4 2.05666581438e-05
402.41 2.26564509929e-05
402.42 2.49369735844e-05
402.43 2.74232752e-05
402.44 3.01313514564e-05
402.45 3.30781805124e-05
402.46 3.62817584054e-05
402.47 3.97611332412e-05
402.48 4.35364379367e-05
402.49 4.76289211993e-05
402.5 5.2060976404e-05
402.51 5.68561680126e-05
402.52 6.20392551594e-05
402.53 6.76362120135e-05
402.54 7.36742445088e-05
402.55 8.018180302e-05
402.56 8.71885905521e-05
402.57 9.47255659957e-05
402.58 0.000102824941998
402.59 0.000111520176986
402.6 0.000120845960891
402.61 0.000130838194092
402.62 0.000141533959145
402.63 0.000152971484831
402.64 0.000165190102078
402.65 0.000178230191354
402.66 0.000192133121104
402.67 0.00020694117685
402.68 0.000222697480621
402.69 0.000239445900361
402.7 0.000257230949067
402.71 0.000276097673382
402.72 0.000296091531486
402.73 0.000317258260118
402.74 0.000339643730671
402.75 0.000363293794325
402.76 0.000388254116281
402.77 0.000414569999208
402.78 0.000442286196115
402.79 0.000471446712902
402.8 0.000502094600982
402.81 0.000534271740397
402.82 0.000568018613973
402.83 0.000603374073155
402.84 0.000640375096224
402.85 0.000679056539718
402.86 0.000719450883973
402.87 0.000761587973772
402.88 0.000805494755204
402.89 0.000851195009907
402.9 0.000898709087968
402.91 0.000948053640829
402.92 0.000999241355619
402.93 0.00105228069242
402.94 0.00110717562601
402.95 0.00116392539376
402.96 0.00122252425122
402.97 0.00128296123731
402.98 0.00134521995063
402.99 0.0014092783388
403.0 0.00147510850254
403.01 0.00154267651623
403.02 0.00161194226671
403.03 0.00168285931204
403.04 0.00175537476187
403.05 0.00182942918097
403.06 0.00190495651759
403.07 0.00198188405796
403.08 0.00206013240832
403.09 0.00213961550576
403.1 0.0022202406589
403.11 0.00230190861942
403.12 0.00238451368523
403.13 0.00246794383597
403.14 0.00255208090119
403.15 0.00263680076168
403.16 0.00272197358391
403.17 0.00280746408743
403.18 0.00289313184512
403.19 0.00297883161554
403.2 0.00306441370675
403.21 0.00314972437062
403.22 0.00323460622647
403.23 0.00331889871263
403.24 0.00340243856432
403.25 0.00348506031604
403.26 0.0035665968265
403.27 0.00364687982386
403.28 0.00372574046893
403.29 0.00380300993376
403.3 0.00387851999298
403.31 0.00395210362504
403.32 0.00402359562032
403.33 0.00409283319328
403.34 0.00415965659522
403.35 0.0042239097247
403.36 0.00428544073226
403.37 0.00434410261623
403.38 0.00439975380633
403.39 0.00445225873193
403.4 0.00450148837164
403.41 0.00454732078128
403.42 0.00458964159715
403.43 0.00462834451166
403.44 0.00466333171867
403.45 0.00469451432584
403.46 0.00472181273165
403.47 0.00474515696479
403.48 0.00476448698406
403.49 0.00477975293675
403.5 0.00479091537427
403.51 0.00479794542352
403.52 0.00480082491307
403.53 0.00479954645346
403.54 0.0047941134711
403.55 0.00478454019558
403.56 0.00477085160059
403.57 0.00475308329877
403.58 0.00473128139122
403.59 0.00470550227258
403.6 0.00467581239299
403.61 0.00464228797832
403.62 0.00460501471052
403.63 0.00456408737
403.64 0.00451960944228
403.65 0.00447169269135
403.66 0.00442045670231
403.67 0.00436602839604
403.68 0.00430854151898
403.69 0.00424813611089
403.7 0.00418495795395
403.71 0.0041191580063
403.72 0.00405089182356
403.73 0.00398031897144
403.74 0.00390760243313
403.75 0.00383290801464
403.76 0.00375640375163
403.77 0.00367825932096
403.78 0.00359864546032
403.79 0.00351773339908
403.8 0.0034356943035
403.81 0.0033526987393
403.82 0.00326891615429
403.83 0.00318451438408
403.84 0.00309965918306
403.85 0.00301451378327
403.86 0.00292923848336
403.87 0.0028439902695
403.88 0.00275892247024
403.89 0.00267418444685
403.9 0.00258992132067
403.91 0.00250627373857
403.92 0.00242337767774
403.93 0.00234136429046
403.94 0.0022603597897
403.95 0.00218048537581
403.96 0.00210185720474
403.97 0.00202458639777
403.98 0.0019487790928
403.99 0.00187453653681
404.0 0.00180195521927
404.01 0.00173112704584
404.02 0.00166213955174
404.03 0.00159507615404
404.04 0.00153001644186
404.05 0.00146703650357
404.06 0.00140620928978
404.07 0.00134760501097
404.08 0.00129129156847
404.09 0.00123733501736
404.1 0.00118580005993
404.11 0.00113675056812
404.12 0.00109025013347
404.13 0.00104636264287
404.14 0.00100515287846
404.15 0.000966687139959
404.16 0.000931033887669
404.17 0.000898264404222
404.18 0.000868453473256
404.19 0.000841680073018
404.2 0.000818028082873
404.21 0.000797587000616
404.22 0.000780452668418
404.23 0.000766728005139
404.24 0.000756523742644
404.25 0.000749959163692
404.26 0.000747162838804
404.27 0.000748273359446
404.28 0.000753440064722
404.29 0.000762823758618
404.3 0.000776597414734
404.31 0.000794946865253
404.32 0.000818071470761
404.33 0.000846184767377
404.34 0.000879515087458
404.35 0.000918306150003
404.36 0.000962817616704
404.37 0.00101332560941
404.38 0.0010701231846
404.39 0.00113352076037
404.4 0.00120384649118
404.41 0.00128144658546
404.42 0.00136668556129
404.43 0.00145994643482
404.44 0.00156163083646
404.45 0.00167215904942
404.46 0.00179196996542
404.47 0.00192152095216
404.48 0.00206128762736
404.49 0.0022117635339
404.5 0.00237345971117
404.51 0.00254690415734
404.52 0.00273264117778
404.53 0.002931230615
404.54 0.00314324695565
404.55 0.0033692783105
404.56 0.00360992526377
404.57 0.00386579958844
404.58 0.00413752282473
404.59 0.00442572471953
404.6 0.00473104152506
404.61 0.00505411415563
404.62 0.00539558620234
404.63 0.00575610180592
404.64 0.00613630338901
404.65 0.00653682924998
404.66 0.00695831102118
404.67 0.00740137099548
404.68 0.0078666193261
404.69 0.00835465110551
404.7 0.00886604333035
404.71 0.00940135176039
404.72 0.00996110768056
404.73 0.0105458145761
404.74 0.0111559447324
404.75 0.0117919357713
404.76 0.0124541871373
404.77 0.0131430565491
404.78 0.01385885643
404.79 0.0146018503351
404.8 0.0153722493917
404.81 0.0161702087711
404.82 0.0169958242112
404.83 0.0178491286083
404.84 0.0187300886994
404.85 0.0196386018547
404.86 0.0205744930016
404.87 0.0215375117018
404.88 0.0225273294017
404.89 0.0235435368793
404.9 0.0245856419069
404.91 0.0256530671516
404.92 0.0267451483346
404.93 0.0278611326675
404.94 0.0290001775871
404.95 0.0301613498046
404.96 0.0313436246889
404.97 0.0325458859981
404.98 0.0337669259751
404.99 0.0350054458204
405.0 0.0362600565529
405.01 0.0375292802701
405.02 0.0388115518141
405.03 0.0401052208501
405.04 0.0414085543615
405.05 0.0427197395627
405.06 0.0440368872288
405.07 0.0453580354395
405.08 0.0466811537323
405.09 0.0480041476556
405.1 0.0493248637123
405.11 0.0506410946811
405.12 0.0519505852999
405.13 0.0532510382927
405.14 0.0545401207215
405.15 0.0558154706389
405.16 0.0570747040182
405.17 0.058315421933
405.18 0.0595352179574
405.19 0.0607316857574
405.2 0.061902426839
405.21 0.063045058421
405.22 0.0641572213956
405.23 0.0652365883409
405.24 0.0662808715481
405.25 0.0672878310247
405.26 0.0682552824352
405.27 0.0691811049406
405.28 0.0700632488974
405.29 0.0708997433775
405.3 0.0716887034713
405.31 0.0724283373352
405.32 0.0731169529488
405.33 0.0737529645449
405.34 0.0743348986794
405.35 0.0748613999087
405.36 0.0753312360444
405.37 0.0757433029569
405.38 0.0760966289029
405.39 0.0763903783524
405.4 0.0766238552956
405.41 0.0767965060106
405.42 0.0769079212782
405.43 0.0769578380316
405.44 0.0769461404306
405.45 0.0768728603576
405.46 0.0767381773297
405.47 0.0765424178306
405.48 0.0762860540639
405.49 0.0759697021368
405.5 0.0755941196838
405.51 0.0751602029428
405.52 0.0746689833029
405.53 0.0741216233395
405.54 0.0735194123616
405.55 0.0728637614945
405.56 0.0721561983246
405.57 0.0713983611374
405.58 0.0705919927768
405.59 0.0697389341618
405.6 0.0688411174933
405.61 0.0679005591873
405.62 0.0669193525724
405.63 0.0658996603882
405.64 0.0648437071236
405.65 0.063753771235
405.66 0.0626321772811
405.67 0.0614812880151
405.68 0.060303496472
405.69 0.0591012180882
405.7 0.0578768828922
405.71 0.0566329277992
405.72 0.0553717890481
405.73 0.0540958948101
405.74 0.0528076580035
405.75 0.0515094693422
405.76 0.0502036906464
405.77 0.0488926484414
405.78 0.0475786278664
405.79 0.046263866916
405.8 0.0449505510312
405.81 0.043640808057
405.82 0.0423367035797
405.83 0.0410402366551
405.84 0.0397533359357
405.85 0.0384778562023
405.86 0.0372155753046
405.87 0.0359681915109
405.88 0.0347373212641
405.89 0.0335244973433
405.9 0.032331167421
405.91 0.0311586930108
405.92 0.0300083487934
405.93 0.0288813223101
405.94 0.027778714008
405.95 0.026701537624
405.96 0.0256507208879
405.97 0.0246271065286
405.98 0.0236314535624
405.99 0.0226644388439
406.0 0.0217266588583
406.01 0.0208186317328
406.02 0.0199407994455
406.03 0.0190935302091
406.04 0.0182771210064
406.05 0.0174918002551
406.06 0.0167377305804
406.07 0.016015011672
406.08 0.0153236832038
406.09 0.0146637277973
406.1 0.0140350740056
406.11 0.013437599301
406.12 0.0128711330461
406.13 0.0123354594315
406.14 0.0118303203641
406.15 0.0113554182909
406.16 0.010910418943
406.17 0.0104949539905
406.18 0.010108623593
406.19 0.00975099884009
406.2 0.00942162407045
406.21 0.00912001906447
406.22 0.00884568110419
406.23 0.00859808689683
406.24 0.00837669435937
406.25 0.0081809442627
406.26 0.00801026173582
406.27 0.00786405763121
406.28 0.0077417297542
406.29 0.00764266396014
406.3 0.00756623512421
406.31 0.00751180799006
406.32 0.0074787379039
406.33 0.00746637144212
406.34 0.00747404694076
406.35 0.0075010949363
406.36 0.00754683852737
406.37 0.00761059366782
406.38 0.00769166940189
406.39 0.00778936805227
406.4 0.00790298537244
406.41 0.00803181067429
406.42 0.00817512694244
406.43 0.00833221094615
406.44 0.00850233335985
406.45 0.00868475890275
406.46 0.00887874650763
406.47 0.00908354952858
406.48 0.00929841599669
406.49 0.00952258893209
406.5 0.00975530672011
406.51 0.00999580355843
406.52 0.0102433099813
406.53 0.0104970534658
406.54 0.0107562591251
406.55 0.0110201504906
406.56 0.0112879503868
406.57 0.0115588818987
406.58 0.011832169433
406.59 0.0121070398712
406.6 0.012382723814
406.61 0.012658456912
406.62 0.0129334812816
406.63 0.0132070469981
406.64 0.0134784136621
406.65 0.0137468520326
406.66 0.0140116457169
406.67 0.0142720929118
406.68 0.0145275081847
406.69 0.014777224286
406.7 0.0150205939818
406.71 0.0152569918964
406.72 0.0154858163531
406.73 0.0157064912012
406.74 0.0159184676183
406.75 0.0161212258752
406.76 0.0163142770514
406.77 0.016497164689
406.78 0.0166694663738
406.79 0.016830795231
406.8 0.0169808013252
406.81 0.0171191729524
406.82 0.0172456378154
406.83 0.0173599640713
406.84 0.0174619612424
406.85 0.0175514809822
406.86 0.0176284176892
406.87 0.017692708961
406.88 0.0177443358836
406.89 0.0177833231506
406.9 0.0178097390087
406.91 0.0178236950268
406.92 0.0178253456868
406.93 0.0178148877957
406.94 0.0177925597192
406.95 0.0177586404383
406.96 0.0177134484325
406.97 0.017657340392
406.98 0.0175907097644
406.99 0.0175139851421
407.0 0.0174276284956
407.01 0.017332133263
407.02 0.017228022301
407.03 0.0171158457106
407.04 0.0169961785434
407.05 0.0168696184036
407.06 0.0167367829539
407.07 0.016598307339
407.08 0.0164548415387
407.09 0.0163070476633
407.1 0.0161555972053
407.11 0.016001168259
407.12 0.0158444427235
407.13 0.0156861035012
407.14 0.0155268317063
407.15 0.0153673038954
407.16 0.0152081893346
407.17 0.0150501473157
407.18 0.0148938245333
407.19 0.0147398525358
407.2 0.0145888452612
407.21 0.0144413966695
407.22 0.0142980784813
407.23 0.0141594380333
407.24 0.0140259962587
407.25 0.0138982458013
407.26 0.013776649272
407.27 0.0136616376517
407.28 0.013553608849
407.29 0.0134529264165
407.3 0.0133599184297
407.31 0.0132748765325
407.32 0.0131980551503
407.33 0.0131296708739
407.34 0.0130699020126
407.35 0.0130188883188
407.36 0.0129767308796
407.37 0.0129434921773
407.38 0.0129191963121
407.39 0.0129038293865
407.4 0.0128973400453
407.41 0.0128996401672
407.42 0.0129106057012
407.43 0.012930077643
407.44 0.0129578631431
407.45 0.0129937367405
407.46 0.0130374417132
407.47 0.0130886915379
407.48 0.0131471714498
407.49 0.0132125400941
407.5 0.0132844312592
407.51 0.0133624556837
407.52 0.013446202926
407.53 0.0135352432876
407.54 0.0136291297812
407.55 0.0137274001321
407.56 0.0138295788058
407.57 0.0139351790496
407.58 0.014043704941
407.59 0.0141546534332
407.6 0.014267516388
407.61 0.0143817825884
407.62 0.014496939723
407.63 0.0146124763327
407.64 0.0147278837141
407.65 0.0148426577714
407.66 0.01495630081
407.67 0.015068323267
407.68 0.015178245371
407.69 0.0152855987279
407.7 0.015389927827
407.71 0.0154907914634
407.72 0.0155877640739
407.73 0.0156804369819
407.74 0.0157684195508
407.75 0.0158513402424
407.76 0.0159288475794
407.77 0.0160006110114
407.78 0.0160663216835
407.79 0.0161256931081
407.8 0.0161784617401
407.81 0.0162243874569
407.82 0.0162632539439
407.83 0.0162948689881
407.84 0.0163190646819
407.85 0.0163356975388
407.86 0.0163446485252
407.87 0.0163458230101
407.88 0.0163391506366
407.89 0.016324585119
407.9 0.0163021039685
407.91 0.0162717081524
407.92 0.0162334216891
407.93 0.0161872911852
407.94 0.0161333853162
407.95 0.0160717942573
407.96 0.016002629066
407.97 0.015926021023
407.98 0.0158421209333
407.99 0.0157510983916
408.0 0.0156531410175
408.01 0.0155484536616
408.02 0.0154372575878
408.03 0.015319789634
408.04 0.0151963013551
408.05 0.0150670581502
408.06 0.0149323383781
408.07 0.0147924324625
408.08 0.0146476419894
408.09 0.0144982787997
408.1 0.0143446640778
408.11 0.0141871274389
408.12 0.0140260060164
408.13 0.0138616435505
408.14 0.0136943894796
408.15 0.0135245980361
408.16 0.013352627347
408.17 0.0131788385401
408.18 0.0130035948582
408.19 0.0128272607796
408.2 0.0126502011487
408.21 0.0124727803141
408.22 0.012295361278
408.23 0.0121183048552
408.24 0.0119419688442
408.25 0.0117667072094
408.26 0.0115928692767
408.27 0.0114207989427
408.28 0.0112508338979
408.29 0.0110833048655
408.3 0.0109185348569
408.31 0.0107568384443
408.32 0.010598521052
408.33 0.0104438782679
408.34 0.010293195176
408.35 0.010146745712
408.36 0.0100047920426
408.37 0.00986758397107
408.38 0.00973535837029
408.39 0.00960833864448
408.4 0.00948673422236
408.41 0.00937074008274
408.42 0.00926053631465
408.43 0.00915628771371
408.44 0.00905814341657
408.45 0.00896623657516
408.46 0.00888068407238
408.47 0.00880158628099
408.48 0.00872902686712
408.49 0.00866307263994
408.5 0.00860377344871
408.51 0.00855116212859
408.52 0.00850525449597
408.53 0.00846604939442
408.54 0.00843352879182
408.55 0.00840765792915
408.56 0.00838838552126
408.57 0.00837564400952
408.58 0.00836934986638
408.59 0.00836940395107
408.6 0.00837569191612
408.61 0.00838808466342
408.62 0.0084064388488
408.63 0.00843059743355
408.64 0.00846039028128
408.65 0.00849563479795
408.66 0.008536136613
408.67 0.00858169029891
408.68 0.00863208012671
408.69 0.00868708085416
408.7 0.00874645854371
408.71 0.00880997140676
408.72 0.00887737067061
408.73 0.00894840146445
408.74 0.0090228037205
408.75 0.00910031308624
408.76 0.00918066184374
408.77 0.00926357983178
408.78 0.00934879536653
408.79 0.00943603615655
408.8 0.00952503020781
408.81 0.00961550671436
408.82 0.00970719693055
408.83 0.00979983502049
408.84 0.00989315888084
408.85 0.00998691093279
408.86 0.0100808388797
408.87 0.0101746964263
408.88 0.0102682439569
408.89 0.0103612491683
408.9 0.0104534876554
408.91 0.0105447434464
408.92 0.0106348094848
408.93 0.0107234880578
408.94 0.0108105911665
408.95 0.0108959408395
408.96 0.0109793693869
408.97 0.0110607195948
408.98 0.0111398448592
408.99 0.0112166092612
409.0 0.0112908875813
409.01 0.0113625652563
409.02 0.0114315382777
409.03 0.011497713035
409.04 0.0115610061049
409.05 0.0116213439889
409.06 0.0116786628018
409.07 0.0117329079152
409.08 0.011784033557
409.09 0.0118320023733
409.1 0.0118767849544
409.11 0.01191835933
409.12 0.0119567104378
409.13 0.0119918295697
409.14 0.0120237138009
409.15 0.0120523654056
409.16 0.0120777912653
409.17 0.0121000022738
409.18 0.0121190127443
409.19 0.012134839823
409.2 0.0121475029141
409.21 0.0121570231217
409.22 0.0121634227113
409.23 0.012166724598
409.24 0.0121669518625
409.25 0.0121641273012
409.26 0.0121582730127
409.27 0.0121494100253
409.28 0.0121375579661
409.29 0.0121227347773
409.3 0.0121049564797
409.31 0.0120842369861
409.32 0.0120605879658
409.33 0.0120340187616
409.34 0.0120045363587
409.35 0.0119721454068
409.36 0.0119368482941
409.37 0.0118986452729
409.38 0.0118575346352
409.39 0.0118135129365
409.4 0.0117665752655
409.41 0.0117167155577
409.42 0.0116639269498
409.43 0.0116082021701
409.44 0.0115495339639
409.45 0.0114879155475
409.46 0.0114233410874
409.47 0.011355806201
409.48 0.0112853084726
409.49 0.011211847981
409.5 0.0111354278329
409.51 0.0110560546979
409.52 0.0109737393388
409.53 0.0108884971338
409.54 0.0108003485834
409.55 0.0107093197986
409.56 0.0106154429656
409.57 0.0105187567808
409.58 0.0104193068534
409.59 0.0103171460705
409.6 0.0102123349206
409.61 0.0101049417725
409.62 0.00999504310561
409.63 0.00988272368977
409.64 0.00976807671062
409.65 0.00965120383968
409.66 0.00953221524693
409.67 0.00941122955459
409.68 0.00928837373145
409.69 0.00916378292741
409.7 0.00903760024828
409.71 0.00890997647146
409.72 0.00878106970351
409.73 0.00865104498107
409.74 0.00852007381699
409.75 0.00838833369407
409.76 0.00825600750892
409.77 0.00812328296919
409.78 0.00799035194741
409.79 0.00785740979525
409.8 0.00772465462221
409.81 0.0075922865429
409.82 0.00746050689754
409.83 0.00732951745022
409.84 0.00719951956988
409.85 0.00707071339878
409.86 0.00694329701376
409.87 0.00681746558511
409.88 0.00669341053828
409.89 0.0065713187235
409.9 0.00645137159832
409.91 0.00633374442793
409.92 0.00621860550814
409.93 0.00610611541571
409.94 0.00599642629027
409.95 0.00588968115244
409.96 0.00578601326177
409.97 0.00568554551865
409.98 0.00558838991331
409.99 0.0054946470254
410.0 0.00540440557671
410.01 0.00531774203986
410.02 0.00523472030492
410.03 0.00515539140587
410.04 0.00507979330839
410.05 0.00500795076008
410.06 0.00493987520381
410.07 0.00487556475465
410.08 0.00481500424034
410.09 0.00475816530487
410.1 0.00470500657468
410.11 0.00465547388619
410.12 0.00460950057346
410.13 0.00456700781407
410.14 0.00452790503147
410.15 0.00449209035121
410.16 0.00445945110861
410.17 0.00442986440506
410.18 0.00440319770965
410.19 0.00437930950308
410.2 0.00435804996013
410.21 0.0043392616671
410.22 0.00432278037039
410.23 0.00430843575215
410.24 0.00429605222898
410.25 0.00428544976961
410.26 0.00427644472706
410.27 0.00426885068131
410.28 0.00426247928801
410.29 0.00425714112907
410.3 0.00425264656076
410.31 0.00424880655534
410.32 0.00424543353191
410.33 0.00424234217265
410.34 0.00423935022043
410.35 0.00423627925418
410.36 0.00423295543834
410.37 0.00422921024304
410.38 0.00422488113173
410.39 0.00421981221338
410.4 0.00421385485636
410.41 0.00420686826147
410.42 0.00419871999183
410.43 0.00418928645766
410.44 0.00417845335399
410.45 0.00416611604994
410.46 0.00415217992828
410.47 0.00413656067423
410.48 0.00411918451296
410.49 0.0040999883952
410.5 0.00407892013094
410.51 0.00405593847132
410.52 0.00403101313912
410.53 0.00400412480842
410.54 0.00397526503447
410.55 0.00394443613481
410.56 0.00391165102306
410.57 0.00387693299696
410.58 0.00384031548247
410.59 0.00380184173587
410.6 0.00376156450612
410.61 0.00371954565967
410.62 0.00367585577027
410.63 0.00363057367632
410.64 0.00358378600852
410.65 0.00353558669046
410.66 0.00348607641514
410.67 0.00343536210029
410.68 0.00338355632534
410.69 0.00333077675309
410.7 0.00327714553904
410.71 0.00322278873124
410.72 0.00316783566363
410.73 0.0031124183457
410.74 0.00305667085133
410.75 0.00300072870943
410.76 0.00294472829912
410.77 0.00288880625191
410.78 0.0028330988634
410.79 0.00277774151668
410.8 0.00272286811981
410.81 0.00266861055925
410.82 0.00261509817124
410.83 0.00256245723297
410.84 0.00251081047509
410.85 0.00246027661703
410.86 0.00241096992662
410.87 0.00236299980498
410.88 0.00231647039801
410.89 0.00227148023512
410.9 0.00222812189609
410.91 0.0021864817068
410.92 0.00214663946404
410.93 0.00210866819011
410.94 0.00207263391718
410.95 0.0020385955017
410.96 0.00200660446882
410.97 0.00197670488672
410.98 0.00194893327074
410.99 0.00192331851697
411.0 0.0018998818649
411.01 0.00187863688876
411.02 0.00185958951706
411.03 0.00184273807955
411.04 0.00182807338124
411.05 0.00181557880244
411.06 0.00180523042435
411.07 0.00179699717915
411.08 0.00179084102384
411.09 0.00178671713698
411.1 0.00178457413711
411.11 0.00178435432225
411.12 0.00178599392909
411.13 0.00178942341106
411.14 0.00179456773404
411.15 0.00180134668867
411.16 0.00180967521802
411.17 0.00181946375958
411.18 0.00183061860021
411.19 0.00184304224282
411.2 0.00185663378368
411.21 0.00187128929886
411.22 0.00188690223861
411.23 0.00190336382831
411.24 0.00192056347465
411.25 0.00193838917559
411.26 0.00195672793285
411.27 0.00197546616533
411.28 0.00199449012225
411.29 0.00201368629437
411.3 0.00203294182202
411.31 0.00205214489844
411.32 0.00207118516701
411.33 0.00208995411088
411.34 0.00210834543374
411.35 0.00212625543023
411.36 0.00214358334458
411.37 0.00216023171635
411.38 0.00217610671175
411.39 0.00219111843941
411.4 0.00220518124937
411.41 0.00221821401421
411.42 0.00223014039113
411.43 0.00224088906402
411.44 0.00225039396468
411.45 0.00225859447219
411.46 0.00226543558976
411.47 0.00227086809839
411.48 0.00227484868679
411.49 0.00227734005699
411.5 0.00227831100545
411.51 0.00227773647929
411.52 0.00227559760756
411.53 0.00227188170752
411.54 0.00226658226608
411.55 0.00225969889649
411.56 0.00225123727076
411.57 0.00224120902815
411.58 0.0022296316603
411.59 0.00221652837372
411.6 0.00220192793037
411.61 0.00218586446718
411.62 0.00216837729558
411.63 0.00214951068197
411.64 0.00212931361036
411.65 0.00210783952848
411.66 0.0020851460784
411.67 0.00206129481339
411.68 0.00203635090206
411.69 0.00201038282155
411.7 0.00198346204108
411.71 0.00195566269744
411.72 0.00192706126402
411.73 0.0018977362149
411.74 0.00186776768549
411.75 0.00183723713145
411.76 0.00180622698727
411.77 0.00177482032611
411.78 0.00174310052233
411.79 0.00171115091827
411.8 0.00167905449654
411.81 0.00164689355923
411.82 0.00161474941544
411.83 0.00158270207813
411.84 0.00155082997162
411.85 0.00151920965087
411.86 0.00148791553332
411.87 0.00145701964444
411.88 0.00142659137775
411.89 0.0013966972701
411.9 0.0013674007928
411.91 0.00133876215928
411.92 0.00131083814985
411.93 0.00128368195374
411.94 0.00125734302898
411.95 0.00123186698035
411.96 0.00120729545536
411.97 0.00118366605861
411.98 0.00116101228442
411.99 0.00113936346758
412.0 0.00111874475229
412.01 0.00109917707887
412.02 0.00108067718815
412.03 0.00106325764305
412.04 0.00104692686712
412.05 0.00103168919942
412.06 0.00101754496543
412.07 0.0010044905633
412.08 0.000992518564944
412.09 0.000981617831277
412.1 0.00097177364102
412.11 0.000962967832311
412.12 0.000955178956411
412.13 0.000948382442761
412.14 0.000942550774606
412.15 0.000937653674378
412.16 0.000933658298022
412.17 0.000930529437438
412.18 0.000928229730166
412.19 0.000926719875466
412.2 0.000925958855919
412.21 0.000925904163655
412.22 0.000926512030328
412.23 0.000927737659946
412.24 0.000929535463651
412.25 0.000931859295569
412.26 0.000934662688818
412.27 0.000937899090791
412.28 0.000941522096829
412.29 0.000945485681393
412.3 0.000949744425882
412.31 0.000954253742212
412.32 0.000958970091328
412.33 0.000963851195803
412.34 0.000968856245707
412.35 0.000973946096964
412.36 0.000979083461388
412.37 0.000984233087684
412.38 0.000989361932653
412.39 0.000994439321923
412.4 0.000999437099528
412.41 0.00100432976571
412.42 0.00100909460234
412.43 0.00101371178538
412.44 0.00101816448394
412.45 0.0010224389453
412.46 0.00102652456571
412.47 0.00103041394632
412.48 0.00103410293412
412.49 0.00103759064746
412.5 0.00104087948611
412.51 0.00104397512543
412.52 0.00104688649487
412.53 0.00104962574042
412.54 0.0010522081713
412.55 0.00105465219084
412.56 0.00105697921163
412.57 0.00105921355533
412.58 0.00106138233723
412.59 0.00106351533603
412.6 0.00106564484913
412.61 0.001067805534
412.62 0.00107003423609
412.63 0.00107236980394
412.64 0.00107485289203
412.65 0.00107752575228
412.66 0.00108043201477
412.67 0.00108361645867
412.68 0.00108712477423
412.69 0.00109100331669
412.7 0.00109529885327
412.71 0.00110005830411
412.72 0.00110532847837
412.73 0.00111115580658
412.74 0.00111758607031
412.75 0.00112466413049
412.76 0.00113243365557
412.77 0.00114093685063
412.78 0.00115021418889
412.79 0.00116030414672
412.8 0.00117124294358
412.81 0.00118306428805
412.82 0.00119579913125
412.83 0.00120947542901
412.84 0.00122411791385
412.85 0.00123974787823
412.86 0.00125638297001
412.87 0.00127403700157
412.88 0.00129271977341
412.89 0.0013124369135
412.9 0.00133318973343
412.91 0.00135497510207
412.92 0.00137778533794
412.93 0.00140160812087
412.94 0.00142642642384
412.95 0.00145221846557
412.96 0.00147895768444
412.97 0.00150661273426
412.98 0.00153514750219
412.99 0.00156452114914
413.0 0.00159468817274
413.01 0.00162559849303
413.02 0.00165719756067
413.03 0.00168942648765
413.04 0.00172222219999
413.05 0.00175551761225
413.06 0.00178924182311
413.07 0.00182332033146
413.08 0.00185767527224
413.09 0.00189222567105
413.1 0.00192688771662
413.11 0.00196157504993
413.12 0.00199619906889
413.13 0.00203066924707
413.14 0.00206489346527
413.15 0.00209877835427
413.16 0.00213222964724
413.17 0.00216515254015
413.18 0.00219745205843
413.19 0.00222903342813
413.2 0.00225980244981
413.21 0.0022896658731
413.22 0.00231853177036
413.23 0.00234630990725
413.24 0.00237291210857
413.25 0.00239825261723
413.26 0.0024222484448
413.27 0.00244481971147
413.28 0.00246588997397
413.29 0.0024853865395
413.3 0.00250324076412
413.31 0.00251938833402
413.32 0.0025337695282
413.33 0.00254632946113
413.34 0.00255701830421
413.35 0.00256579148479
413.36 0.00257260986183
413.37 0.00257743987718
413.38 0.00258025368195
413.39 0.00258102923704
413.4 0.00257975038776
413.41 0.00257640691196
413.42 0.00257099454162
413.43 0.0025635149579
413.44 0.0025539757599
413.45 0.00254239040728
413.46 0.00252877813737
413.47 0.00251316385726
413.48 0.0024955780117
413.49 0.00247605642775
413.5 0.00245464013704
413.51 0.00243137517697
413.52 0.00240631237194
413.53 0.00237950709616
413.54 0.00235101901925
413.55 0.00232091183644
413.56 0.00228925298479
413.57 0.00225611334708
413.58 0.0022215669453
413.59 0.00218569062524
413.6 0.00214856373414
413.61 0.00211026779304
413.62 0.00207088616582
413.63 0.00203050372641
413.64 0.00198920652629
413.65 0.00194708146363
413.66 0.00190421595597
413.67 0.00186069761802
413.68 0.00181661394604
413.69 0.00177205201034
413.7 0.00172709815732
413.71 0.00168183772217
413.72 0.00163635475372
413.73 0.00159073175227
413.74 0.0015450494215
413.75 0.00149938643538
413.76 0.00145381922076
413.77 0.00140842175634
413.78 0.0013632653885
413.79 0.00131841866453
413.8 0.00127394718338
413.81 0.00122991346425
413.82 0.00118637683306
413.83 0.00114339332675
413.84 0.00110101561528
413.85 0.00105929294107
413.86 0.00101827107559
413.87 0.000977992292714
413.88 0.000938495358153
413.89 0.000899815534646
413.9 0.00086198460206
413.91 0.000825030891785
413.92 0.000788979334647
413.93 0.000753851521514
413.94 0.00071966577577
413.95 0.000686437236761
413.96 0.000654177953322
413.97 0.000622896986458
413.98 0.000592600520255
413.99 0.000563291980097
414.0 0.000534972157244
414.01 0.000507639338877
414.02 0.000481289442689
414.03 0.000455916155159
414.04 0.00043151107265
414.05 0.000408063844505
414.06 0.000385562317371
414.07 0.000363992679986
414.08 0.000343339607736
414.09 0.000323586406319
414.1 0.0003047151539
414.11 0.000286706841201
414.12 0.000269541508999
414.13 0.000253198382578
414.14 0.000237656002718
414.15 0.000222892352856
414.16 0.000208884982112
414.17 0.000195611123915
414.18 0.00018304781001
414.19 0.000171171979686
414.2 0.000159960584099
414.21 0.000149390685608
414.22 0.000139439552082
414.23 0.00013008474619
414.24 0.000121304209687
414.25 0.000113076342783
414.26 0.000105380078679
414.27 9.81949533877e-05
414.28 9.15011710072e-05
414.29 8.52796645838e-05
414.3 7.95121527718e-05
414.31 7.41811924743e-05
414.32 6.92702276774e-05
414.33 6.47636346926e-05
414.34 6.06467640283e-05
414.35 5.69059791117e-05
414.36 5.35286920826e-05
414.37 5.05033968755e-05
414.38 4.78196998009e-05
414.39 4.54683478259e-05
414.4 4.34412547454e-05
414.41 4.17315254179e-05
414.42 4.03334782266e-05
414.43 3.92426659092e-05
414.44 3.84558948758e-05
414.45 3.79712431201e-05
414.46 3.77880767994e-05
414.47 3.79070655407e-05
414.48 3.83301965012e-05
414.49 3.90607871891e-05
414.5 4.01034970213e-05
414.51 4.14643375712e-05
414.52 4.3150681428e-05
414.53 4.51712695677e-05
414.54 4.75362171039e-05
414.55 5.02570172632e-05
414.56 5.33465434036e-05
414.57 5.68190488683e-05
414.58 6.06901644453e-05
414.59 6.49768931784e-05
414.6 6.96976022576e-05
414.61 7.48720116935e-05
414.62 8.05211794682e-05
414.63 8.66674828356e-05
414.64 9.33345954355e-05
414.65 0.000100547459875
414.66 0.000108332255422
414.67 0.000116716360459
414.68 0.000125728309336
414.69 0.000135397743271
414.7 0.000145755354952
414.71 0.000156832826515
414.72 0.000168662760563
414.73 0.000181278603938
414.74 0.000194714563973
414.75 0.000209005516962
414.76 0.000224186908655
414.77 0.000240294646576
414.78 0.000257364984045
414.79 0.000275434395811
414.8 0.000294539445244
414.81 0.000314716643109
414.82 0.000336002297988
414.83 0.000358432358491
414.84 0.000382042247431
414.85 0.000406866688255
414.86 0.000432939524046
414.87 0.000460293529512
414.88 0.000488960216444
414.89 0.000518969633204
414.9 0.000550350158866
414.91 0.000583128292748
414.92 0.00061732844009
414.93 0.000652972694775
414.94 0.000690080620008
414.95 0.000728669027975
414.96 0.000768751759552
414.97 0.000810339465221
414.98 0.000853439388365
414.99 0.000898055152237
415.0 0.000944186551871
415.01 0.000991829352309
415.02 0.0010409750945
415.03 0.00109161091031
415.04 0.00114371934799
415.05 0.00119727820967
415.06 0.00125226040213
415.07 0.00130863380244
415.08 0.00136636113969
415.09 0.00142539989433
415.1 0.00148570221629
415.11 0.00154721486327
415.12 0.00160987916023
415.13 0.00167363098132
415.14 0.00173840075523
415.15 0.00180411349481
415.16 0.00187068885181
415.17 0.00193804119747
415.18 0.00200607972935
415.19 0.00207470860499
415.2 0.00214382710247
415.21 0.0022133298081
415.22 0.00228310683113
415.23 0.00235304404518
415.24 0.0024230233561
415.25 0.00249292299557
415.26 0.00256261783972
415.27 0.00263197975186
415.28 0.00270087794813
415.29 0.00276917938491
415.3 0.00283674916637
415.31 0.00290345097069
415.32 0.00296914749313
415.33 0.00303370090398
415.34 0.0030969733194
415.35 0.00315882728295
415.36 0.00321912625548
415.37 0.00327773511105
415.38 0.00333452063632
415.39 0.00338935203094
415.4 0.00344210140621
415.41 0.00349264427955
415.42 0.00354086006194
415.43 0.00358663253583
415.44 0.00362985032067
415.45 0.00367040732376
415.46 0.00370820317352
415.47 0.003743143633
415.48 0.00377514099111
415.49 0.00380411442927
415.5 0.00382999036142
415.51 0.00385270274536
415.52 0.00387219336357
415.53 0.00388841207182
415.54 0.0039013170141
415.55 0.00391087480259
415.56 0.00391706066162
415.57 0.00391985853464
415.58 0.00391926115369
415.59 0.00391527007083
415.6 0.00390789565145
415.61 0.00389715702937
415.62 0.00388308202418
415.63 0.00386570702112
415.64 0.00384507681436
415.65 0.0038212444146
415.66 0.00379427082213
415.67 0.00376422476667
415.68 0.00373118241568
415.69 0.00369522705265
415.7 0.00365644872752
415.71 0.0036149438811
415.72 0.00357081494574
415.73 0.00352416992461
415.74 0.00347512195191
415.75 0.00342378883659
415.76 0.00337029259215
415.77 0.00331475895507
415.78 0.00325731689454
415.79 0.0031980981163
415.8 0.00313723656295
415.81 0.00307486791366
415.82 0.00301112908569
415.83 0.00294615774029
415.84 0.00288009179547
415.85 0.0028130689479
415.86 0.00274522620643
415.87 0.00267669943899
415.88 0.00260762293531
415.89 0.00253812898695
415.9 0.00246834748667
415.91 0.00239840554841
415.92 0.00232842714952
415.93 0.00225853279634
415.94 0.00218883921416
415.95 0.00211945906255
415.96 0.00205050067659
415.97 0.0019820678347
415.98 0.00191425955328
415.99 0.00184716990842
416.0 0.0017808878846
416.01 0.00171549725036
416.02 0.00165107646051
416.03 0.00158769858446
416.04 0.00152543126011
416.05 0.00146433667253
416.06 0.00140447155666
416.07 0.00134588722297
416.08 0.00128862960508
416.09 0.00123273932828
416.1 0.00117825179757
416.11 0.00112519730407
416.12 0.00107360114842
416.13 0.00102348377979
416.14 0.000974860949069
416.15 0.000927743874896
416.16 0.000882139420957
416.17 0.000838050283229
416.18 0.000795475185683
416.19 0.000754409083058
416.2 0.000714843369315
416.21 0.000676766090449
416.22 0.000640162160325
416.23 0.000605013578322
416.24 0.000571299647565
416.25 0.00053899719262
416.26 0.000508080775582
416.27 0.000478522909556
416.28 0.000450294268591
416.29 0.00042336389323
416.3 0.000397699390878
416.31 0.00037326713029
416.32 0.000350032429552
416.33 0.000327959737005
416.34 0.000307012804628
416.35 0.00028715485348
416.36 0.000268348730875
416.37 0.00025055705902
416.38 0.000233742374924
416.39 0.000217867261448
416.4 0.000202894469427
416.41 0.000188787030844
416.42 0.000175508363101
416.43 0.000163022364477
416.44 0.000151293500898
416.45 0.000140286884212
416.46 0.000129968342158
416.47 0.000120304480303
416.48 0.000111262736197
416.49 0.000102811426063
416.5 9.49197843349e-05
416.51 8.75579963907e-05
416.52 8.06972248264e-05
416.53 7.43096296395e-05
416.54 6.83683826934e-05
416.55 6.28476768366e-05
416.56 5.7722730056e-05
416.57 5.29697850399e-05
416.58 4.85661045223e-05
416.59 4.44899627773e-05
416.6 4.0720633622e-05
416.61 3.72383752772e-05
416.62 3.40244124258e-05
416.63 3.10609157947e-05
416.64 2.83309795736e-05
416.65 2.58185969695e-05
416.66 2.35086341804e-05
416.67 2.13868030563e-05
416.68 1.94396326997e-05
416.69 1.76544402405e-05
416.7 1.6019301006e-05
416.71 1.45230182869e-05
416.72 1.31550928879e-05
416.73 1.19056926328e-05
416.74 1.07656219785e-05
416.75 9.72629187964e-06
416.76 8.77969002701e-06
416.77 7.91835157279e-06
416.78 7.13533043908e-06
416.79 6.42417129507e-06
416.8 5.77888227557e-06
416.81 5.19390850197e-06
416.82 4.6641064565e-06
416.83 4.18471925021e-06
416.84 3.75135281621e-06
416.85 3.35995305094e-06
416.86 3.00678391869e-06
416.87 2.68840652732e-06
416.88 2.4016591768e-06
416.89 2.14363837647e-06
416.9 1.9116808217e-06
416.91 1.70334631629e-06
416.92 1.51640162277e-06
416.93 1.34880521954e-06
416.94 1.19869294092e-06
416.95 1.06436447349e-06
416.96 9.44270680455e-07
416.97 8.37001723922e-07
416.98 7.4127595396e-07
416.99 6.55929532261e-07
417.0 5.79906757816e-07
417.01 5.12251061653e-07
417.02 4.52096637647e-07
417.03 3.98660676627e-07
417.04 3.51236171345e-07
417.05 3.09185260427e-07
417.06 2.71933080128e-07
417.07 2.38962093475e-07
417.08 2.09806867342e-07
417.09 1.84049268957e-07
417.1 1.61314054414e-07
417.11 1.41264822861e-07
417.12 1.23600311199e-07
417.13 1.08051005255e-07
417.14 9.43760446124e-08
417.15 8.23603994342e-08
417.16 7.18122987942e-08
417.17 6.25608911954e-08
417.18 5.44541190824e-08
417.19 4.73567902702e-08
417.2 4.11488302876e-08
417.21 3.57237006778e-08
417.22 3.09869693005e-08
417.23 2.68550196461e-08
417.24 2.32538870939e-08
417.25 2.01182109218e-08
417.26 1.73902917118e-08
417.27 1.50192445824e-08
417.28 1.29602394266e-08
417.29 1.1173820034e-08
417.3 9.62529463607e-09
417.31 8.28419103005e-09
417.32 7.12377001342e-09
417.33 6.12059139943e-09
417.34 5.25412738322e-09
417.35 4.50641849254e-09
417.36 3.86176778672e-09
417.37 3.3064693642e-09
417.38 2.82856760557e-09
417.39 2.41764391581e-09
417.4 2.06462803896e-09
417.41 1.76163130246e-09
417.42 1.50179940813e-09
417.43 1.27918262407e-09
417.44 1.0886214483e-09
417.45 9.25646011847e-10
417.46 7.86387668254e-10
417.47 6.67501378859e-10
417.48 5.66097650403e-10
417.49 4.79682914642e-10
417.5 4.06107359829e-10
417.51 3.43519332274e-10
417.52 2.9032552371e-10
417.53 2.45156247871e-10
417.54 2.06835188308e-10
417.55 1.74353069981e-10
417.56 1.4684477021e-10
417.57 1.23569440912e-10
417.58 1.03893264312e-10
417.59 8.72745091035e-11
417.6 7.32505938561e-11
417.61 6.14268998788e-11
417.62 5.14671071183e-11
417.63 4.30848545071e-11
417.64 3.60365507771e-11
417.65 3.01151834981e-11
417.66 2.51449932886e-11
417.67 2.09768970518e-11
417.68 1.74845589685e-11
417.69 1.45610210569e-11
417.7 1.21158165866e-11
417.71 1.00724996975e-11
417.72 8.36653338442e-12
417.73 6.94348571168e-12
417.74 5.75749085038e-12
417.75 4.76993739826e-12
417.76 3.94835155515e-12
417.77 3.2654471741e-12
417.78 2.69831857372e-12
417.79 2.22775535183e-12
417.8 1.83766134893e-12
417.81 1.51456242756e-12
417.82 1.24718991165e-12
417.83 1.02612841049e-12
417.84 8.43518374808e-13
417.85 6.92805130869e-13
417.86 5.68527341812e-13
417.87 4.66138880335e-13
417.88 3.81858985185e-13
417.89 3.12546335966e-13
417.9 2.55593333618e-13
417.91 2.08837432519e-13
417.92 1.70486847687e-13
417.93 1.39058368149e-13
417.94 1.13325355227e-13
417.95 9.22743005758e-14
417.96 7.50685707744e-14
417.97 6.10181793911e-14
417.98 4.95546092352e-14
417.99 4.02098616472e-14
418.0 3.25990402569e-14
418.01 2.64058871081e-14
418.02 2.13707824203e-14
418.03 1.72807980814e-14
418.04 1.39614614394e-14
418.05 1.12699419527e-14
418.06 9.08942037839e-15
418.07 7.32443977971e-15
418.08 5.89707088466e-15
418.09 4.74375221669e-15
418.1 3.81268878281e-15
418.11 3.06171265814e-15
418.12 2.45652515244e-15
418.13 1.96925389567e-15
418.14 1.57726956708e-15
418.15 1.26221648195e-15
418.16 1.00921914937e-15
418.17 8.06233482936e-16
418.18 6.43516802546e-16
418.19 5.13195292653e-16
418.2 4.08911335313e-16
418.21 3.25536243562e-16
418.22 2.58936491004e-16
418.23 2.05783657275e-16
418.24 1.63400062012e-16
418.25 1.2963350547e-16
418.26 1.0275572451e-16
418.27 8.13801524021e-17
418.28 6.43953761613e-17
418.29 5.09113464044e-17
418.3 4.02159371215e-17
418.31 3.1739897237e-17
418.32 2.50285996757e-17
418.33 1.9719291187e-17
418.34 1.55227892343e-17
418.35 1.22087706109e-17
418.36 9.59395814722e-18
418.37 7.53264356612e-18
418.38 5.90909168345e-18
418.39 4.63145822961e-18
418.4 3.62692426687e-18
418.41 2.8378075214e-18
418.42 2.21845741303e-18
418.43 1.73277817546e-18
418.44 1.35225487264e-18
418.45 1.05438168446e-18
418.46 8.21411661031e-19
418.47 6.39363128329e-19
418.48 4.97230800638e-19
418.49 3.8636001221e-19
418.5 2.99950805022e-19
418.51 2.32665293685e-19
418.52 1.80317090344e-19
418.53 1.39625869003e-19
418.54 1.08023588394e-19
418.55 8.35016434328e-20
418.56 6.44904131019e-20
418.57 4.97644269187e-20
418.58 3.83677708772e-20
418.59 2.95554680393e-20
418.6 2.27474556514e-20
418.61 1.74924856091e-20
418.62 1.34398349737e-20
418.63 1.03171574748e-20
418.64 7.91315905587e-21
418.65 6.0640593551e-21
418.66 4.64302160295e-21
418.67 3.55190774917e-21
418.68 2.71485327821e-21
418.69 2.07326474065e-21
418.7 1.58192858131e-21
418.71 1.20598719357e-21
418.72 9.18591096949e-22
418.73 6.99077750758e-22
418.74 5.3156018159e-22
418.75 4.0383421738e-22
418.76 3.06533186863e-22
418.77 2.32474647968e-22
418.78 1.76155987619e-22
418.79 1.33365326651e-22
418.8 1.00881648155e-22
418.81 7.62439025013e-23
418.82 5.75733868402e-23
418.83 4.34372329219e-23
418.84 3.27435857719e-23
418.85 2.46611903856e-23
418.86 1.85577597028e-23
418.87 1.39527807642e-23
418.88 1.04814099211e-23
418.89 7.8668769055e-24
418.9 5.89941184285e-24
418.91 4.42016813218e-24
418.92 3.30896805983e-24
418.93 2.47497076656e-24
418.94 1.8495721805e-24
418.95 1.38100804333e-24
418.96 1.03025526831e-24
418.97 7.67922146302e-25
418.98 5.71890988807e-25
418.99 4.25532786218e-25
419.0 3.16356318551e-25
419.01 2.34986932205e-25
419.02 1.7439523821e-25
419.03 1.29315101804e-25
419.04 9.58048691545e-26
419.05 7.09168816523e-26
419.06 5.24487801247e-26
419.07 3.87565281161e-26
419.08 2.86139656353e-26
419.09 2.11074101767e-26
419.1 1.55566313723e-26
419.11 1.14556539061e-26
419.12 8.42845399192e-27
419.13 6.19583250954e-27
419.14 4.55066776963e-27
419.15 3.33944506628e-27
419.16 2.44848354575e-27
419.17 1.79367513787e-27
419.18 1.31284694993e-27
419.19 9.6008154835e-28
419.2 7.01497066506e-28
419.21 5.12114777412e-28
419.22 3.73536004432e-28
419.23 2.72220822988e-28
419.24 1.98213818804e-28
419.25 1.44201649223e-28
419.26 1.04816641133e-28
419.27 7.61226611407e-29
419.28 5.52358953795e-29
419.29 4.00453917917e-29
419.3 2.90073067891e-29
419.31 2.09935547405e-29
419.32 1.51805766166e-29
419.33 1.09676672723e-29
419.34 7.91706075899e-30
419.35 5.71001700492e-30
419.36 4.11466552481e-30
419.37 2.96247972345e-30
419.38 2.13108095416e-30
419.39 1.53168063441e-30
419.4 1.09991774268e-30
419.41 7.89179701808e-31
419.42 5.65737956791e-31
419.43 4.05208401525e-31
419.44 2.89978151865e-31
419.45 2.07336530235e-31
419.46 1.48118766819e-31
419.47 1.05722655098e-31
419.48 7.53962503197e-32
419.49 5.37223678716e-32
419.5 3.82458447421e-32
419.51 2.72042703099e-32
419.52 1.93336395623e-32
419.53 1.37282085021e-32
419.54 9.73952614717e-33
419.55 6.90375708075e-33
419.56 4.88941485847e-33
419.57 3.4598079063e-33
419.58 2.44608079642e-33
419.59 1.72787898217e-33
419.6 1.21949369215e-33
419.61 8.59942686041e-34
419.62 6.05875189324e-34
419.63 4.26501479742e-34
419.64 2.99972628522e-34
419.65 2.10797971565e-34
419.66 1.48004506395e-34
419.67 1.03826248636e-34
419.68 7.27717969567e-35
419.69 5.0961564005e-35
419.7 3.5657107419e-35
419.71 2.4927181923e-35
419.72 1.74110101884e-35
419.73 1.21506208298e-35
419.74 8.47220937394e-36
419.75 5.90226363161e-36
419.76 4.10831977808e-36
419.77 2.85715360409e-36
419.78 1.9853023225e-36
419.79 1.3782989477e-36
419.8 9.56057276027e-37
419.81 6.62594932304e-37
419.82 4.58813324033e-37
419.83 3.17429763377e-37
419.84 2.19423421015e-37
419.85 1.51545146121e-37
419.86 1.04574258124e-37
419.87 7.20993361908e-38
419.88 4.96662594303e-38
419.89 3.41834074571e-38
419.9 2.35067702806e-38
419.91 1.61508092241e-38
419.92 1.10871346953e-38
419.93 7.60445462282e-39
419.94 5.21123351417e-39
419.95 3.56809745962e-39
419.96 2.44093713635e-39
419.97 1.66840004857e-39
419.98 1.13937714958e-39
419.99 7.77425048468e-40
420.0 5.29996822584e-40
420.01 3.61003751451e-40
420.02 2.45682304171e-40
420.03 1.6705510459e-40
420.04 1.1349306825e-40
420.05 7.70375808035e-41
420.06 5.22467942032e-41
420.07 3.54030250136e-41
420.08 2.39687181494e-41
420.09 1.62133574529e-41
420.1 1.09578365784e-41
420.11 7.39946624458e-42
420.12 4.99228855794e-42
420.13 3.36529142623e-42
420.14 2.26657132808e-42
420.15 1.52524571937e-42
420.16 1.02549595449e-42
420.17 6.88893045646e-43
420.18 4.62373954408e-43
420.19 3.10069205447e-43
420.2 2.07753152708e-43
420.21 1.39078603805e-43
420.22 9.30243692259e-44
420.23 6.21665631182e-44
420.24 4.15088493569e-44
420.25 2.76916123837e-44
420.26 1.84577817129e-44
420.27 1.22923376129e-44
420.28 8.1792440451e-45
420.29 5.43770403128e-45
420.3 3.61194956441e-45
420.31 2.39712952803e-45
420.32 1.58951649217e-45
420.33 1.0530822376e-45
420.34 6.97081006019e-46
420.35 4.61028659194e-46
420.36 3.04646582265e-46
420.37 2.01135351835e-46
420.38 1.32679620692e-46
420.39 8.74467645338e-47
420.4 5.75846832496e-47
420.41 3.78873239686e-47
420.42 2.49060349585e-47
420.43 1.63583300968e-47
420.44 1.07348765488e-47
420.45 7.03847955937e-48
420.46 4.61088579496e-48
420.47 3.01796076759e-48
420.48 1.97363358385e-48
420.49 1.28956481727e-48
420.5 8.41867100067e-49
420.51 5.49120442835e-49
420.52 3.57861846843e-49
420.53 2.33016619936e-49
420.54 1.51594034051e-49
420.55 9.85373853855e-50
420.56 6.39946504579e-50
420.57 4.15250362861e-50
420.58 2.69215513541e-50
420.59 1.74386899749e-50
420.6 1.12862935993e-50
420.61 7.29814593103e-51
420.62 4.71517108191e-51
420.63 3.0437296812e-51
420.64 1.96308188862e-51
420.65 1.26501147684e-51
420.66 8.14468378438e-52
420.67 5.23935350771e-52
420.68 3.3674789443e-52
420.69 2.16249836774e-52
420.7 1.38749172049e-52
420.71 8.89464715734e-53
420.72 5.69705958373e-53
420.73 3.64583081287e-53
420.74 2.33112720641e-53
420.75 1.48922098544e-53
420.76 9.50552338113e-54
420.77 6.06200979687e-54
420.78 3.86261075916e-54
420.79 2.45905912168e-54
420.8 1.56415831363e-54
420.81 9.94068144538e-55
420.82 6.31212104842e-55
420.83 4.0045912427e-55
420.84 2.5384275951e-55
420.85 1.60766323368e-55
420.86 1.01730011087e-55
420.87 6.43171536275e-56
420.88 4.06282628368e-56
420.89 2.5642088981e-56
420.9 1.61697112635e-56
420.91 1.0187669312e-56
420.92 6.41314599208e-57
420.93 4.03358419e-57
420.94 2.53474828647e-57
420.95 1.59148394835e-57
420.96 9.98374315697e-58
420.97 6.25760649446e-58
420.98 3.91874326185e-58
420.99 2.45193575095e-58
421.0 1.53283381685e-58
421.01 9.57425020339e-59
421.02 5.97500378578e-59
421.03 3.72559214614e-59
421.04 2.32100537665e-59
421.05 1.4447100573e-59
421.06 8.98481125463e-60
421.07 5.58291393453e-60
421.08 3.46606433853e-60
421.09 2.14998791934e-60
421.1 1.33247519109e-60
421.11 8.25098801805e-61
421.12 5.10477369386e-61
421.13 3.1555185914e-61
421.14 1.94889618479e-61
421.15 1.20262542212e-61
421.16 7.41473727341e-62
421.17 4.56756637286e-62
421.18 2.8112384176e-62
421.19 1.72875800385e-62
421.2 1.06217100279e-62
421.21 6.52046233727e-63
421.22 3.99931906027e-63
421.23 2.45085392676e-63
421.24 1.50062616609e-63
421.25 9.18018249232e-64
421.26 5.61117517112e-64
421.27 3.4267313008e-64
421.28 2.09088423839e-64
421.29 1.27468724042e-64
421.3 7.76427663949e-65
421.31 4.72522045778e-65
421.32 2.87320664934e-65
421.33 1.74556233611e-65
421.34 1.05956492879e-65
421.35 6.42604111105e-66
421.36 3.89388514162e-66
421.37 2.35747169309e-66
421.38 1.42604604674e-66
421.39 8.61875079989e-67
421.4 5.20449758239e-67
421.41 3.14005323488e-67
421.42 1.89286187181e-67
421.43 1.14005170409e-67
421.44 6.86047025048e-68
421.45 4.12483836685e-68
421.46 2.47789955444e-68
421.47 1.48725066721e-68
421.48 8.91883972965e-69
421.49 5.34387461545e-69
421.5 3.19910041384e-69
421.51 1.91347678188e-69
421.52 1.14351597006e-69
421.53 6.82786591848e-70
421.54 4.07334735815e-70
421.55 2.42796052444e-70
421.56 1.44595743521e-70
421.57 8.60385551557e-71
421.58 5.11510344515e-71
421.59 3.03836151146e-71
421.6 1.80321779026e-71
421.61 1.06925338382e-71
421.62 6.3348567079e-72
421.63 3.74987396109e-72
421.64 2.21778916867e-72
421.65 1.31053178344e-72
421.66 7.73746273705e-73
421.67 4.56429068516e-73
421.68 2.69012049317e-73
421.69 1.58414117714e-73
421.7 9.32051147242e-74
421.71 5.47910117881e-74
421.72 3.2181227669e-74
421.73 1.88851138697e-74
421.74 1.10728730374e-74
421.75 6.48671392569e-75
421.76 3.79675770345e-75
421.77 2.2203668402e-75
421.78 1.29735937745e-75
421.79 7.57390006263e-76
421.8 4.41776446792e-76
421.81 2.57459699413e-76
421.82 1.49913129524e-76
421.83 8.72155242059e-77
421.84 5.06957594017e-77
421.85 2.94423982631e-77
421.86 1.70843494312e-77
421.87 9.90483900107e-78
421.88 5.7374657792e-78
421.89 3.32059957743e-78
421.9 1.92015647388e-78
421.91 1.10938029081e-78
421.92 6.40395075382e-79
421.93 3.69350961264e-79
421.94 2.12840463613e-79
421.95 1.22544231143e-79
421.96 7.04945039634e-80
421.97 4.05173804222e-80
421.98 2.32675776367e-80
421.99 1.33501054714e-80
422.0 7.65318011552e-81
422.01 4.383518912e-81
422.02 2.5085776419e-81
422.03 1.43435259142e-81
422.04 8.19422736298e-82
422.05 4.67717705191e-82
422.06 2.6673703717e-82
422.07 1.51987036843e-82
422.08 8.65273664478e-83
422.09 4.92180197134e-83
422.1 2.79716766098e-83
422.11 1.58831476732e-83
422.12 9.01111145733e-84
422.13 5.10791735269e-84
422.14 2.89289768783e-84
422.15 1.63698989886e-84
422.16 9.25513242843e-85
422.17 5.22808918505e-85
422.18 2.95071354484e-85
422.19 1.66392913227e-85
422.2 9.37489286196e-86
422.21 5.27741823656e-86
422.22 2.96824965656e-86
422.23 1.6680269051e-86
422.24 9.36546595016e-87
422.25 5.25387141499e-87
422.26 2.94478235575e-87
422.27 1.64911399605e-87
422.28 9.22724103286e-88
422.29 5.15842078412e-88
422.3 2.88127942799e-88
422.31 1.60796911845e-88
422.32 8.96589692034e-89
422.33 4.994976989e-89
422.34 2.7803338979e-89
422.35 1.54626572748e-89
422.36 8.5920148271e-90
422.37 4.77012344439e-90
422.38 2.64598836997e-90
422.39 1.46645910489e-90
422.4 8.12036768339e-91
422.41 4.49267646534e-91
422.42 2.48346650747e-91
422.43 1.37162433848e-91
422.44 7.56895234056e-92
422.45 4.17311229139e-92
422.46 2.298836499e-92
422.47 1.26526008979e-92
422.48 6.95785296923e-93
422.49 3.82291284937e-93
422.5 2.0986366861e-93
422.51 1.15107556776e-93
422.52 6.30803542767e-94
422.53 3.45388699559e-94
422.54 1.88949539202e-94
422.55 1.03277867641e-94
422.56 5.6401726788e-95
422.57 3.07752260032e-95
422.58 1.67777536722e-95
422.59 9.13881928177e-96
422.6 4.97359110086e-96
422.61 2.70441775035e-96
422.62 1.46926857769e-96
422.63 7.97539710238e-97
422.64 4.32540874715e-97
422.65 2.34382781922e-97
422.66 1.26896010259e-97
422.67 6.86426344657e-98
422.68 3.70991219623e-98
422.69 2.00335092847e-98
422.7 1.08087169654e-98
422.71 5.82659685613e-99
422.72 3.1381919801e-99
422.73 1.68875931954e-99
422.74 9.07987190573e-100
422.75 4.87770349873e-100
422.76 2.61803100379e-100
422.77 1.40397018747e-100
422.78 7.52254334694e-101
422.79 4.02712606077e-101
422.8 2.15401866669e-101
422.81 1.15113805983e-101
422.82 6.14651684555e-102
422.83 3.27909841899e-102
422.84 1.74784750886e-102
422.85 9.30842792742e-103
422.86 4.95305161331e-103
422.87 2.63325598035e-103
422.88 1.39874007291e-103
422.89 7.42343085876e-104
422.9 3.93637106712e-104
422.91 2.0855043817e-104
422.92 1.103951248e-104
422.93 5.83864937247e-105
422.94 3.08530859171e-105
422.95 1.62895292635e-105
422.96 8.59294777593e-106
422.97 4.52897082484e-106
422.98 2.38495718076e-106
422.99 1.25483135437e-106
423.0 6.59650430219e-107
423.01 3.46470330783e-107
423.02 1.81820129973e-107
423.03 9.53326333443e-108
423.04 4.99418847112e-108
423.05 2.61403849287e-108
423.06 1.36704478246e-108
423.07 7.14294354074e-109
423.08 3.7290259501e-109
423.09 1.94507927454e-109
423.1 1.01368476539e-109
423.11 5.27827781867e-110
423.12 2.7460300379e-110
423.13 1.42738797678e-110
423.14 7.41314504409e-111
423.15 3.84668543686e-111
423.16 1.9943187002e-111
423.17 1.03306146595e-111
423.18 5.34664655456e-112
423.19 2.76477950448e-112
423.2 1.42844406725e-112
423.21 7.37377175391e-113
423.22 3.80311846557e-113
423.23 1.95980891776e-113
423.24 1.00904681943e-113
423.25 5.19077995211e-114
423.26 2.66794966659e-114
423.27 1.37008135996e-114
423.28 7.02973244844e-115
423.29 3.60375241905e-115
423.3 1.84584321822e-115
423.31 9.4462271807e-116
423.32 4.82998380376e-116
423.33 2.46749723849e-116
423.34 1.25948032822e-116
423.35 6.4231758867e-117
423.36 3.27289409763e-117
423.37 1.66624095061e-117
423.38 8.47553979101e-118
423.39 4.3074539483e-118
423.4 2.18724600226e-118
423.41 1.10968146561e-118
423.42 5.62500283567e-119
423.43 2.84885845297e-119
423.44 1.4415931501e-119
423.45 7.28850172587e-120
423.46 3.68177737314e-120
423.47 1.85823442032e-120
423.48 9.37059544878e-121
423.49 4.72125643402e-121
423.5 2.37668542637e-121
423.51 1.19538975405e-121
423.52 6.00718583892e-122
423.53 3.01617349002e-122
423.54 1.51309181493e-122
423.55 7.5839936017e-123
423.56 3.79799463053e-123
423.57 1.90035372897e-123
423.58 9.50032059006e-124
423.59 4.74532308715e-124
423.6 2.36819263083e-124
423.61 1.18084250222e-124
423.62 5.88288880787e-125
423.63 2.92828279557e-125
423.64 1.45632768109e-125
423.65 7.23650564881e-126
423.66 3.59271211931e-126
423.67 1.78213108308e-126
423.68 8.83243771552e-127
423.69 4.37366217352e-127
423.7 2.16388211893e-127
423.71 1.06965979948e-127
423.72 5.28301036546e-128
423.73 2.60699959595e-128
423.74 1.28535821461e-128
423.75 6.33185707891e-129
423.76 3.11646132783e-129
423.77 1.53255508418e-129
423.78 7.52998579267e-130
423.79 3.69654445039e-130
423.8 1.81309859558e-130
423.81 8.88526986092e-131
423.82 4.35054370851e-131
423.83 2.1283358595e-131
423.84 1.04030455721e-131
423.85 5.08047773141e-132
423.86 2.47897596322e-132
423.87 1.20854768807e-132
423.88 5.88679592473e-133
423.89 2.8649555069e-133
423.9 1.3930942362e-133
423.91 6.76810085208e-134
423.92 3.28531381716e-134
423.93 1.59334789664e-134
423.94 7.72090262234e-135
423.95 3.73808567759e-135
423.96 1.80823195562e-135
423.97 8.73942261476e-136
423.98 4.22021964577e-136
423.99 2.03615615323e-136
424.0 9.81546366663e-137
424.01 4.72752975547e-137
424.02 2.27500017677e-137
424.03 1.09383624765e-137
424.04 5.25468757716e-138
424.05 2.52211683449e-138
424.06 1.20950373745e-138
424.07 5.79526021244e-139
424.08 2.7743572238e-139
424.09 1.32701408031e-139
424.1 6.3417978548e-140
424.11 3.02811922881e-140
424.12 1.4446320969e-140
424.13 6.88597213737e-141
424.14 3.27941950116e-141
424.15 1.56045913949e-141
424.16 7.4187637288e-142
424.17 3.52398776001e-142
424.18 1.67248008493e-142
424.19 7.93069469679e-143
424.2 3.75738087292e-143
424.21 1.77861897644e-143
424.22 8.41209823027e-144
424.23 3.975112844e-144
424.24 1.87680132164e-144
424.25 8.85341560933e-145
424.26 4.17279563877e-145
424.27 1.96502053021e-145
424.28 9.24550804934e-146
424.29 4.34628481383e-146
424.3 2.04140557412e-146
424.31 9.57996941772e-147
424.32 4.4918232791e-147
424.33 2.10428671306e-147
424.34 9.84942498456e-148
424.35 4.60617626639e-148
424.36 2.1522560742e-148
424.37 1.00478014271e-148
424.38 4.68675074956e-149
424.39 2.18422002264e-149
424.4 1.01705543013e-149
424.41 4.73169316542e-150
424.42 2.19944060365e-150
424.43 1.02148410879e-150
424.44 4.73996029398e-151
424.45 2.19756386422e-151
424.46 1.01796306128e-151
424.47 4.71135951347e-152
424.48 2.17863353617e-152
424.49 1.00657429602e-152
424.5 4.64655626102e-153
424.51 2.14308934214e-153
424.52 9.87581772052e-154
424.53 4.54704829552e-154
424.54 2.09175001613e-154
424.55 9.61421229065e-155
424.56 4.41510815268e-155
424.57 2.02578195408e-155
424.58 9.28683569767e-156
424.59 4.25369687947e-156
424.6 1.94665517069e-156
424.61 8.9009267948e-157
424.62 4.06635362021e-157
424.63 1.85608888419e-157
424.64 8.46478845189e-158
424.65 3.85706680039e-158
424.66 1.75598953977e-158
424.67 7.98749135484e-159
424.68 3.6301334454e-159
424.69 1.64838438481e-159
424.7 7.47856212774e-160
424.71 3.39001353742e-160
424.72 1.53535381197e-160
424.73 6.94767065638e-161
424.74 3.14118624699e-161
424.75 1.41896559008e-161
424.76 6.40433075322e-162
424.77 2.88801440236e-162
424.78 1.30121382489e-162
424.79 5.85762675882e-163
424.8 2.63462273177e-163
424.81 1.1839650605e-163
424.82 5.31597647595e-164
424.83 2.38479431163e-164
424.84 1.06891338727e-164
424.85 4.78693816966e-165
424.86 2.1418883672e-165
424.87 9.57545806898e-166
424.88 4.27706645364e-166
424.89 1.9087812037e-166
424.9 8.51118467554e-167
424.91 3.79181893228e-167
424.92 1.68783069161e-167
424.93 7.50643764938e-168
424.94 3.33551267872e-168
424.95 1.48086347843e-168
424.96 6.56887748163e-169
424.97 2.91132717036e-169
424.98 1.28918302306e-169
424.99 5.7037680286e-170
425.0 2.52134830201e-170
425.01 1.1135957006e-170
425.02 4.91412228912e-171
425.03 2.16664663446e-171
425.04 9.54451634133e-172
425.05 4.20091097018e-172
425.06 1.84738214539e-172
425.07 8.11696584882e-173
425.08 3.56331657524e-173
425.09 1.56292741759e-173
425.1 6.84931159779e-174
425.11 2.99901578043e-174
425.12 1.31200137531e-174
425.13 5.73473748256e-175
425.14 2.50447387888e-175
425.15 1.09280628302e-175
425.16 4.76423935892e-176
425.17 2.07523686867e-176
425.18 9.03161651086e-177
425.19 3.92723614037e-177
425.2 1.70620910452e-177
425.21 7.40629841939e-178
425.22 3.21213560462e-178
425.23 1.39190709378e-178
425.24 6.02629430746e-179
425.25 2.60683857854e-179
425.26 1.1266827727e-179
425.27 4.86533647925e-180
425.28 2.09917101077e-180
425.29 9.0491225983e-181
425.3 3.89752434448e-181
425.31 1.67723885007e-181
425.32 7.2114849731e-182
425.33 3.09797711186e-182
425.34 1.32970535964e-182
425.35 5.70238251311e-183
425.36 2.44332357649e-183
425.37 1.04599434749e-183
425.38 4.47405585996e-184
425.39 1.91204090501e-184
425.4 8.16425702377e-185
425.41 3.48305129617e-185
425.42 1.48465923822e-185
425.43 6.32291599637e-186
425.44 2.69049228779e-186
425.45 1.14385191472e-186
425.46 4.85882847512e-187
425.47 2.06213476998e-187
425.48 8.74432387015e-188
425.49 3.70475196075e-188
425.5 1.56825164258e-188
425.51 6.63278741516e-189
425.52 2.80285168701e-189
425.53 1.18338993097e-189
425.54 4.99205468636e-190
425.55 2.10404251617e-190
425.56 8.86040147824e-191
425.57 3.72800085205e-191
425.58 1.56719240219e-191
425.59 6.58252238377e-192
425.6 2.76239693947e-192
425.61 1.15825327342e-192
425.62 4.85226711837e-193
425.63 2.0309983845e-193
425.64 8.49372444781e-194
425.65 3.54903653114e-194
425.66 1.48165293036e-194
425.67 6.1802523926e-195
425.68 2.57566662819e-195
425.69 1.07249877095e-195
425.7 4.4619804983e-196
425.71 1.85473661219e-196
425.72 7.70301129371e-197
425.73 3.19641041262e-197
425.74 1.32522082344e-197
425.75 5.48956179953e-198
425.76 2.27201303273e-198
425.77 9.39523549717e-199
425.78 3.88175601913e-199
425.79 1.60240581493e-199
425.8 6.60907228657e-200
425.81 2.72353025548e-200
425.82 1.12136660626e-200
425.83 4.61303496167e-201
425.84 1.896049127e-201
425.85 7.78638973851e-202
425.86 3.19482006058e-202
425.87 1.30972579188e-202
425.88 5.3646089487e-203
425.89 2.19542938082e-203
425.9 8.97686278151e-204
425.91 3.66735890337e-204
425.92 1.49694537812e-204
425.93 6.10495132948e-205
425.94 2.48760929409e-205
425.95 1.01275838606e-205
425.96 4.11958281487e-206
425.97 1.67426554563e-206
425.98 6.79859475469e-207
425.99 2.75827575579e-207
426.0 1.11809813214e-207
426.01 4.52841139194e-208
426.02 1.83246436998e-208
426.03 7.40881783041e-209
426.04 2.99285727326e-209
426.05 1.20794402107e-209
426.06 4.87114798247e-210
426.07 1.962635051e-210
426.08 7.9008076826e-211
426.09 3.17780426003e-211
426.1 1.27704590193e-211
426.11 5.12754623537e-212
426.12 2.05700986734e-212
426.13 8.2449281878e-213
426.14 3.30187852922e-213
426.15 1.32117096151e-213
426.16 5.28178427793e-214
426.17 2.10972579008e-214
426.18 8.41967012916e-215
426.19 3.3572822488e-215
426.2 1.33753250179e-215
426.21 5.32407968029e-216
426.22 2.11742707227e-216
426.23 8.41387564292e-217
426.24 3.34046886915e-217
426.25 1.32508116609e-217
426.26 5.25171616564e-218
426.27 2.07961874616e-218
426.28 8.22791721805e-219
426.29 3.25251880372e-219
426.3 1.28461630791e-219
426.31 5.06933227477e-220
426.32 1.99871926461e-220
426.33 7.87365807329e-221
426.34 3.09902454443e-221
426.35 1.21870107264e-221
426.36 4.78842934214e-222
426.37 1.87980450417e-222
426.38 7.37319977019e-223
426.39 2.88950219286e-223
426.4 1.13139373205e-223
426.41 4.42617133174e-224
426.42 1.73008079797e-224
426.43 6.75660085e-225
426.44 2.63641548332e-225
426.45 1.02783441735e-225
426.46 4.00365061563e-226
426.47 1.5581630404e-226
426.48 6.05889377864e-227
426.49 2.35395139571e-227
426.5 9.13745721364e-228
426.51 3.5438630778e-228
426.52 1.37325827296e-228
426.53 5.31681105106e-229
426.54 2.05671417716e-229
426.55 7.94914409052e-230
426.56 3.06966165652e-230
426.57 1.18436172001e-230
426.58 4.56564276159e-231
426.59 1.75850336929e-231
426.6 6.76718726846e-232
426.61 2.60193772266e-232
426.62 9.99561022538e-233
426.63 3.83659044007e-233
426.64 1.47131370528e-233
426.65 5.63752957311e-234
426.66 2.15822191559e-234
426.67 8.25519004861e-235
426.68 3.15487216284e-235
426.69 1.20464801339e-235
426.7 4.59581230859e-236
426.71 1.75181447939e-236
426.72 6.6717175475e-237
426.73 2.53869720287e-237
426.74 9.65179012418e-238
426.75 3.66630463127e-238
426.76 1.39146708509e-238
426.77 5.2764404415e-239
426.78 1.99909234235e-239
426.79 7.56742949381e-240
426.8 2.86211858361e-240
426.81 1.08155989829e-240
426.82 4.08354401941e-241
426.83 1.54045004518e-241
426.84 5.80606254e-242
426.85 2.18644980863e-242
426.86 8.22661224303e-243
426.87 3.09261782935e-243
426.88 1.1615962347e-243
426.89 4.35921057431e-244
426.9 1.63449732317e-244
426.91 6.12328243264e-245
426.92 2.29196552993e-245
426.93 8.57147542977e-246
426.94 3.20277772873e-246
426.95 1.19569861913e-246
426.96 4.46005657828e-247
426.97 1.66219786764e-247
426.98 6.18940335748e-248
426.99 2.30270637874e-248
427.0 8.55957209734e-249
427.01 3.17899069846e-249
427.02 1.17964185268e-249
427.03 4.37355709473e-250
427.04 1.62010491952e-250
427.05 5.99618734704e-251
427.06 2.21733319644e-251
427.07 8.19238656901e-252
427.08 3.02422171375e-252
427.09 1.11542540086e-252
427.1 4.11046680743e-253
427.11 1.51344092469e-253
427.12 5.56754215336e-254
427.13 2.04637521336e-254
427.14 7.51503023499e-255
427.15 2.75740088177e-255
427.16 1.01086416367e-255
427.17 3.70262222361e-256
427.18 1.35503252245e-256
427.19 4.95465873719e-257
427.2 1.81009549431e-257
427.21 6.60713134399e-258
427.22 2.40961748406e-258
427.23 8.78025206158e-259
427.24 3.19660941453e-259
427.25 1.16277551252e-259
427.26 4.2259649689e-260
427.27 1.53454497226e-260
427.28 5.56745943145e-261
427.29 2.01817217486e-261
427.3 7.30942273383e-262
427.31 2.64503642824e-262
427.32 9.56321562709e-263
427.33 3.45461736075e-263
427.34 1.24686566729e-263
427.35 4.49638090435e-264
427.36 1.62005677721e-264
427.37 5.83204798104e-265
427.38 2.09766269078e-265
427.39 7.53830893828e-266
427.4 2.70667382116e-266
427.41 9.71005356213e-267
427.42 3.48041507529e-267
427.43 1.2464193116e-267
427.44 4.4598577802e-268
427.45 1.5944157026e-268
427.46 5.69515867269e-269
427.47 2.03251522076e-269
427.48 7.24745449409e-270
427.49 2.58202771898e-270
427.5 9.19094179689e-271
427.51 3.2687585636e-271
427.52 1.16152720078e-271
427.53 4.12381940345e-272
427.54 1.46282914118e-272
427.55 5.1845525587e-273
427.56 1.83591543116e-273
427.57 6.49557759763e-274
427.58 2.29618349537e-274
427.59 8.10996759935e-275
427.6 2.86190596477e-275
427.61 1.00905610188e-275
427.62 3.55466746036e-276
427.63 1.25114128995e-276
427.64 4.39984571243e-277
427.65 1.54593863439e-277
427.66 5.42713676991e-278
427.67 1.90358815883e-278
427.68 6.67112280388e-279
427.69 2.33586956742e-279
427.7 8.17187950455e-280
427.71 2.85640005329e-280
427.72 9.97561829967e-281
427.73 3.48084212777e-281
427.74 1.21353565868e-281
427.75 4.22711896495e-282
427.76 1.47116068783e-282
427.77 5.11563399209e-283
427.78 1.77730732276e-283
427.79 6.1694906235e-284
427.8 2.13973405763e-284
427.81 7.41470714473e-285
427.82 2.56715397745e-285
427.83 8.8804208262e-286
427.84 3.06929680603e-286
427.85 1.05990744016e-286
427.86 3.65696418103e-287
427.87 1.26065771184e-287
427.88 4.34207554999e-288
427.89 1.49424316868e-288
427.9 5.13770181536e-289
427.91 1.76498176652e-289
427.92 6.05808362561e-290
427.93 2.07756211584e-290
427.94 7.11863102803e-291
427.95 2.43704002306e-291
427.96 8.3359010823e-292
427.97 2.84882751863e-292
427.98 9.72754999806e-293
427.99 3.31867329071e-293
428.0 1.1312256421e-293
428.01 3.85263347942e-294
428.02 1.3109612664e-294
428.03 4.45703186092e-295
428.04 1.5139980979e-295
428.05 5.13840856545e-296
428.06 1.74243123974e-296
428.07 5.90345663363e-297
428.08 1.9983926247e-297
428.09 6.75894592144e-298
428.1 2.28402491786e-298
428.11 7.71163411713e-299
428.12 2.60145134078e-299
428.13 8.76816493206e-300
428.14 2.95274148919e-300
428.15 9.93495386843e-301
428.16 3.33987333015e-301
428.17 1.12180623454e-301
428.18 3.76469168926e-302
428.19 1.2623061374e-302
428.2 4.22886367172e-303
428.21 1.41548863996e-303
428.22 4.73383159868e-304
428.23 1.58176853721e-304
428.24 5.28076417894e-305
428.25 1.76146625357e-305
428.26 5.8705067716e-306
428.27 1.95479208493e-306
428.28 6.50353172179e-307
428.29 2.16183063289e-307
428.3 7.17988986518e-308
428.31 2.38252579347e-308
428.32 7.89916439111e-309
428.33 2.61666668865e-309
428.34 8.66042832461e-310
428.35 2.86387494715e-310
428.36 9.46220692885e-311
428.37 3.12359374858e-311
428.38 1.03024463371e-311
428.39 3.39507904179e-312
428.4 1.11784896944e-312
428.41 3.67739333302e-313
428.42 1.20870620189e-313
428.43 3.96940241065e-314
428.44 1.3024264883e-314
428.45 4.26977533045e-315
428.46 1.39855818487e-315
428.47 4.57698792806e-316
428.48 1.49658956385e-316
428.49 4.88932995473e-317
428.5 1.59595159995e-317
428.51 5.2049173504e-318
428.52 1.69602360839e-318
428.53 5.52172706449e-319
428.54 1.79612624889e-319
428.55 5.83738560561e-320
428.56 1.89572988309e-320
428.57 6.15111729072e-321
428.58 1.9960252092e-321
428.59 6.47225996052e-322
428.6 2.07507571253e-322
428.61 6.91691904178e-323
428.62 1.97626258336e-323
428.63 4.94065645841e-324
428.64 0.0
428.65 0.0
428.66 0.0
428.67 0.0
428.68 0.0
428.69 0.0
428.7 0.0
428.71 0.0
428.72 0.0
428.73 0.0
428.74 0.0
428.75 0.0
428.76 0.0
428.77 0.0
428.78 0.0
428.79 0.0
428.8 0.0
428.81 0.0
428.82 0.0
428.83 0.0
428.84 0.0
428.85 0.0
428.86 0.0
428.87 0.0
428.88 0.0
428.89 0.0
428.9 0.0
428.91 0.0
428.92 0.0
428.93 0.0
428.94 0.0
428.95 0.0
428.96 0.0
428.97 0.0
428.98 0.0
428.99 0.0
429.0 0.0
429.01 0.0
429.02 0.0
429.03 0.0
429.04 0.0
429.05 0.0
429.06 0.0
429.07 0.0
429.08 0.0
429.09 0.0
429.1 0.0
429.11 0.0
429.12 0.0
429.13 0.0
429.14 0.0
429.15 0.0
429.16 0.0
429.17 0.0
429.18 0.0
429.19 0.0
429.2 0.0
429.21 0.0
429.22 0.0
429.23 0.0
429.24 0.0
429.25 0.0
429.26 0.0
429.27 0.0
429.28 0.0
429.29 0.0
429.3 0.0
429.31 0.0
429.32 0.0
429.33 0.0
429.34 0.0
429.35 0.0
429.36 0.0
429.37 0.0
429.38 0.0
429.39 0.0
429.4 0.0
429.41 0.0
429.42 0.0
429.43 0.0
429.44 0.0
429.45 0.0
429.46 0.0
429.47 0.0
429.48 0.0
429.49 0.0
429.5 0.0
429.51 0.0
429.52 0.0
429.53 0.0
429.54 0.0
429.55 0.0
429.56 0.0
429.57 0.0
429.58 0.0
429.59 0.0
429.6 0.0
429.61 0.0
429.62 0.0
429.63 0.0
429.64 0.0
429.65 0.0
429.66 0.0
429.67 0.0
429.68 0.0
429.69 0.0
429.7 0.0
429.71 0.0
429.72 0.0
429.73 0.0
429.74 0.0
429.75 0.0
429.76 0.0
429.77 0.0
429.78 0.0
429.79 0.0
429.8 0.0
429.81 0.0
429.82 0.0
429.83 0.0
429.84 0.0
429.85 0.0
429.86 0.0
429.87 0.0
429.88 0.0
429.89 0.0
429.9 0.0
429.91 0.0
429.92 0.0
429.93 0.0
429.94 0.0
429.95 0.0
429.96 0.0
429.97 0.0
429.98 0.0
429.99 0.0
