400.0 1.92248082321e-23
400.01 2.56001437602e-23
400.02 3.4060145933e-23
400.03 4.52766532366e-23
400.04 6.01347960547e-23
400.05 7.97996672048e-23
400.06 1.05803499018e-22
400.07 1.401595496e-22
400.08 1.85510744568e-22
400.09 2.45323502382e-22
400.1 3.24140245413e-22
400.11 4.27908062505e-22
400.12 5.64406094564e-22
400.13 7.43800785238e-22
400.14 9.79366586314e-22
400.15 1.28842055757e-21
400.16 1.69353322343e-21
400.17 2.22409589644e-21
400.18 2.91834753512e-21
400.19 3.82599344822e-21
400.2 5.01158553823e-21
400.21 6.55888151e-21
400.22 8.57646136485e-21
400.23 1.12049571079e-20
400.24 1.46263504095e-20
400.25 1.90759186483e-20
400.26 2.48575694827e-20
400.27 3.23635068566e-20
400.28 4.20994284995e-20
400.29 5.47167807974e-20
400.3 7.10540093205e-20
400.31 9.21892647984e-20
400.32 1.1950768314e-19
400.33 1.54787189541e-19
400.34 2.00307825e-19
400.35 2.58990913953e-19
400.36 3.34576053134e-19
400.37 4.31845990372e-19
400.38 5.56912084805e-19
400.39 7.17576330611e-19
400.4 9.23790050485e-19
400.41 1.18823452896e-18
400.42 1.52705531482e-18
400.43 1.9607899932e-18
400.44 2.51553930391e-18
400.45 3.22444404833e-18
400.46 4.12954588222e-18
400.47 5.28412957685e-18
400.48 6.75566855695e-18
400.49 8.62952561703e-18
400.5 1.10135980576e-17
400.51 1.40441427719e-17
400.52 1.78930741364e-17
400.53 2.27770984718e-17
400.54 2.89691364855e-17
400.55 3.68125933097e-17
400.56 4.6739169206e-17
400.57 5.9291068444e-17
400.58 7.5148666255e-17
400.59 9.51649426368e-17
400.6 1.20408297484e-16
400.61 1.52215736649e-16
400.62 1.92258878387e-16
400.63 2.42625792776e-16
400.64 3.05922375579e-16
400.65 3.85397799932e-16
400.66 4.85099616986e-16
400.67 6.10065330115e-16
400.68 7.66558794324e-16
400.69 9.62361651019e-16
400.7 1.20713226776e-15
400.71 1.51284739681e-15
400.72 1.89434509558e-15
400.73 2.36999148718e-15
400.74 2.96249882457e-15
400.75 3.69992823003e-15
400.76 4.61691762032e-15
400.77 5.75618394274e-15
400.78 7.17035923427e-15
400.79 8.92423252476e-15
400.8 1.10974846546e-14
400.81 1.37880211635e-14
400.82 1.71160301186e-14
400.83 2.12289177899e-14
400.84 2.63073062715e-14
400.85 3.25723144752e-14
400.86 4.02943885402e-14
400.87 4.98040009842e-14
400.88 6.15046014691e-14
400.89 7.58882777761e-14
400.9 9.35546757082e-14
400.91 1.15233833785e-13
400.92 1.41813715841e-13
400.93 1.74373375605e-13
400.94 2.14222866199e-13
400.95 2.6295121927e-13
400.96 3.22484068787e-13
400.97 3.95152790271e-13
400.98 4.83777375036e-13
400.99 5.91765670123e-13
401.0 7.23232098527e-13
401.01 8.8313954324e-13
401.02 1.07746874691e-12
401.03 1.31342036282e-12
401.04 1.59965571143e-12
401.05 1.94658337209e-12
401.06 2.3666999962e-12
401.07 2.87499519643e-12
401.08 3.48943207842e-12
401.09 4.23151697642e-12
401.1 5.12697427568e-12
401.11 6.20654490264e-12
401.12 7.50693019659e-12
401.13 9.07190650921e-12
401.14 1.09536400857e-11
401.15 1.32142366488e-11
401.16 1.59275657308e-11
401.17 1.91814062892e-11
401.18 2.30799676248e-11
401.19 2.77468482302e-11
401.2 3.33285051066e-11
401.21 3.99983174559e-11
401.22 4.79613417042e-11
401.23 5.74598697584e-11
401.24 6.87799194978e-11
401.25 8.22588060433e-11
401.26 9.82939646478e-11
401.27 1.17353221471e-10
401.28 1.39986737434e-10
401.29 1.66840883249e-10
401.3 1.98674341055e-10
401.31 2.36376770452e-10
401.32 2.80990424666e-10
401.33 3.33735156802e-10
401.34 3.96037317387e-10
401.35 4.69563113461e-10
401.36 5.5625707725e-10
401.37 6.58386379934e-10
401.38 7.78591824254e-10
401.39 9.19946459899e-10
401.4 1.08602288895e-09
401.41 1.28097046668e-09
401.42 1.50960375709e-09
401.43 1.77750377418e-09
401.44 2.0911337315e-09
401.45 2.4579712347e-09
401.46 2.88665908817e-09
401.47 3.38717714797e-09
401.48 3.97103794269e-09
401.49 4.65150910349e-09
401.5 5.44386599678e-09
401.51 6.36567834123e-09
401.52 7.43713501706e-09
401.53 8.68141174354e-09
401.54 1.01250868134e-08
401.55 1.17986106327e-08
401.56 1.37368354271e-08
401.57 1.59796121406e-08
401.58 1.85724622784e-08
401.59 2.15673332313e-08
401.6 2.50234464683e-08
401.61 2.90082489088e-08
401.62 3.35984787712e-08
401.63 3.88813582701e-08
401.64 4.4955926673e-08
401.65 5.19345284623e-08
401.66 5.99444726547e-08
401.67 6.91298807336e-08
401.68 7.96537421338e-08
401.69 9.17001977973e-08
401.7 1.05477073983e-07
401.71 1.21218690274e-07
401.72 1.39188967571e-07
401.73 1.5968486379e-07
401.74 1.83040167015e-07
401.75 2.0962967793e-07
401.76 2.39873815564e-07
401.77 2.74243682575e-07
401.78 3.13266628656e-07
401.79 3.57532352931e-07
401.8 4.07699588648e-07
401.81 4.64503415836e-07
401.82 5.28763250029e-07
401.83 6.01391557527e-07
401.84 6.83403350036e-07
401.85 7.75926513794e-07
401.86 8.80213030524e-07
401.87 9.97651149591e-07
401.88 1.12977857267e-06
401.89 1.27829671403e-06
401.9 1.44508610081e-06
401.91 1.63222297932e-06
401.92 1.84199719369e-06
401.93 2.07693140428e-06
401.94 2.33980171301e-06
401.95 2.63365976248e-06
401.96 2.9618563749e-06
401.97 3.32806679509e-06
401.98 3.73631759991e-06
401.99 4.1910153333e-06
402.0 4.69697692247e-06
402.01 5.25946192616e-06
402.02 5.88420666035e-06
402.03 6.57746024028e-06
402.04 7.3460225699e-06
402.05 8.19728430121e-06
402.06 9.13926877596e-06
402.07 1.01806759509e-05
402.08 1.1330928295e-05
402.09 1.26002186343e-05
402.1 1.39995599019e-05
402.11 1.55408367374e-05
402.12 1.72368588598e-05
402.13 1.91014161173e-05
402.14 2.11493350981e-05
402.15 2.33965371627e-05
402.16 2.58600977339e-05
402.17 2.85583066548e-05
402.18 3.15107293983e-05
402.19 3.47382688843e-05
402.2 3.82632276298e-05
402.21 4.2109369926e-05
402.22 4.63019837092e-05
402.23 5.08679417526e-05
402.24 5.58357617819e-05
402.25 6.12356650761e-05
402.26 6.70996330879e-05
402.27 7.34614615808e-05
402.28 8.03568117484e-05
402.29 8.78232577501e-05
402.3 9.59003300635e-05
402.31 0.000104629554027
402.32 0.000114054482917
402.33 0.000124220724873
402.34 0.000135175962975
402.35 0.000146969967734
402.36 0.000159654601267
402.37 0.000173283812388
402.38 0.000187913621857
402.39 0.000203602097014
402.4 0.000220409315038
402.41 0.000238397314053
402.42 0.000257630031354
402.43 0.000278173228002
402.44 0.000300094399103
402.45 0.000323462669089
402.46 0.000348348671372
402.47 0.000374824411802
402.48 0.000402963115386
402.49 0.000432839055832
402.5 0.000464527367501
402.51 0.000498103839498
402.52 0.000533644691656
402.53 0.000571226332312
402.54 0.000610925097861
402.55 0.000652816974184
402.56 0.000696977300189
402.57 0.000743480453795
402.58 0.000792399520859
402.59 0.000843805947681
402.6 0.00089776917783
402.61 0.000954356274244
402.62 0.00101363152766
402.63 0.0010756560526
402.64 0.00114048737234
402.65 0.00120817899431
402.66 0.00127877997774
402.67 0.00135233449535
402.68 0.00142888139101
402.69 0.00150845373568
402.7 0.00159107838374
402.71 0.00167677553222
402.72 0.00176555828542
402.73 0.00185743222763
402.74 0.00195239500646
402.75 0.00205043592997
402.76 0.00215153558004
402.77 0.00225566544531
402.78 0.00236278757628
402.79 0.00247285426595
402.8 0.00258580775849
402.81 0.00270157998932
402.82 0.00282009235919
402.83 0.00294125554517
402.84 0.0030649693513
402.85 0.00319112260142
402.86 0.00331959307667
402.87 0.0034502475
402.88 0.0035829415697
402.89 0.0037175200439
402.9 0.00385381687774
402.91 0.00399165541456
402.92 0.00413084863227
402.93 0.00427119944587
402.94 0.00441250106645
402.95 0.00455453741727
402.96 0.00469708360648
402.97 0.00483990645631
402.98 0.00498276508793
402.99 0.00512541156083
403.0 0.00526759156527
403.01 0.00540904516614
403.02 0.00554950759593
403.03 0.00568871009439
403.04 0.00582638079218
403.05 0.00596224563522
403.06 0.00609602934651
403.07 0.00622745642156
403.08 0.00635625215357
403.09 0.00648214368421
403.1 0.00660486107545
403.11 0.00672413839793
403.12 0.00683971483115
403.13 0.00695133577058
403.14 0.00705875393666
403.15 0.00716173048077
403.16 0.00726003608306
403.17 0.00735345203708
403.18 0.0074417713163
403.19 0.00752479961753
403.2 0.00760235637647
403.21 0.00767427575078
403.22 0.0077404075661
403.23 0.00780061822095
403.24 0.00785479154629
403.25 0.00790282961619
403.26 0.00794465350602
403.27 0.00798020399514
403.28 0.0080094422112
403.29 0.00803235021372
403.3 0.00804893151476
403.31 0.00805921153504
403.32 0.00806323799416
403.33 0.00806108123395
403.34 0.00805283447441
403.35 0.008038614002
403.36 0.00801855929049
403.37 0.00799283305473
403.38 0.00796162123837
403.39 0.00792513293648
403.4 0.00788360025465
403.41 0.00783727810606
403.42 0.00778644394867
403.43 0.00773139746438
403.44 0.00767246018265
403.45 0.00760997505081
403.46 0.00754430595368
403.47 0.00747583718493
403.48 0.00740497287283
403.49 0.0073321363629
403.5 0.00725776955994
403.51 0.00718233223188
403.52 0.00710630127763
403.53 0.0070301699612
403.54 0.00695444711383
403.55 0.00687965630603
403.56 0.00680633499085
403.57 0.0067350336198
403.58 0.00666631473216
403.59 0.00660075201849
403.6 0.00653892935875
403.61 0.00648143983506
403.62 0.00642888471892
403.63 0.00638187243245
403.64 0.00634101748301
403.65 0.00630693937003
403.66 0.00628026146309
403.67 0.0062616098497
403.68 0.00625161215137
403.69 0.00625089630625
403.7 0.00626008931666
403.71 0.00627981595969
403.72 0.0063106974593
403.73 0.00635335011807
403.74 0.00640838390724
403.75 0.00647640101372
403.76 0.00655799434286
403.77 0.00665374597641
403.78 0.0067642255852
403.79 0.00688998879653
403.8 0.00703157551696
403.81 0.00718950821147
403.82 0.00736429014076
403.83 0.00755640355896
403.84 0.00776630787481
403.85 0.00799443778013
403.86 0.00824120135
403.87 0.00850697812005
403.88 0.00879211714702
403.89 0.00909693505943
403.9 0.00942171410624
403.91 0.00976670021212
403.92 0.0101321010486
403.93 0.0105180841312
403.94 0.0109247749544
403.95 0.0113522551737
403.96 0.0118005608505
403.97 0.0122696807692
403.98 0.0127595548423
403.99 0.0132700726157
404.0 0.0138010718894
404.01 0.0143523374665
404.02 0.0149236000472
404.03 0.0155145352785
404.04 0.0161247629783
404.05 0.0167538465436
404.06 0.0174012925593
404.07 0.0180665506194
404.08 0.0187490133729
404.09 0.0194480168056
404.1 0.02016284077
404.11 0.0208927097697
404.12 0.0216367940097
404.13 0.0223942107168
404.14 0.0231640257372
404.15 0.023945255413
404.16 0.0247368687422
404.17 0.0255377898192
404.18 0.0263469005562
404.19 0.0271630436812
404.2 0.0279850260059
404.21 0.028811621956
404.22 0.0296415773544
404.23 0.0304736134441
404.24 0.031306431137
404.25 0.0321387154718
404.26 0.0329691402627
404.27 0.0337963729186
404.28 0.0346190794096
404.29 0.0354359293574
404.3 0.0362456012235
404.31 0.037046787567
404.32 0.0378382003444
404.33 0.0386185762204
404.34 0.0393866818587
404.35 0.0401413191618
404.36 0.0408813304258
404.37 0.041605603379
404.38 0.0423130760702
404.39 0.0430027415737
404.4 0.0436736524801
404.41 0.0443249251388
404.42 0.0449557436229
404.43 0.0455653633866
404.44 0.046153114585
404.45 0.0467184050321
404.46 0.0472607227704
404.47 0.0477796382291
404.48 0.0482748059523
404.49 0.0487459658775
404.5 0.0491929441508
404.51 0.0496156534647
404.52 0.0500140929122
404.53 0.0503883473484
404.54 0.050738586259
404.55 0.0510650621353
404.56 0.0513681083611
404.57 0.0516481366171
404.58 0.051905633817
404.59 0.0521411585864
404.6 0.0523553373051
404.61 0.0525488597329
404.62 0.0527224742432
404.63 0.0528769826923
404.64 0.0530132349543
404.65 0.053132123155
404.66 0.0532345756397
404.67 0.0533215507131
404.68 0.0533940301906
404.69 0.0534530128029
404.7 0.0534995074954
404.71 0.0535345266677
404.72 0.0535590793967
404.73 0.053574164689
404.74 0.0535807648073
404.75 0.0535798387157
404.76 0.0535723156885
404.77 0.0535590891263
404.78 0.0535410106198
404.79 0.0535188843047
404.8 0.0534934615438
404.81 0.0534654359745
404.82 0.053435438955
404.83 0.0534040354415
404.84 0.0533717203231
404.85 0.0533389152415
404.86 0.0533059659166
404.87 0.0532731399953
404.88 0.0532406254403
404.89 0.0532085294666
404.9 0.0531768780361
404.91 0.05314561591
404.92 0.05311460726
404.93 0.0530836368322
404.94 0.0530524116559
404.95 0.0530205632827
404.96 0.0529876505418
404.97 0.0529531627888
404.98 0.0529165236264
404.99 0.0528770950697
405.0 0.0528341821252
405.01 0.0527870377527
405.02 0.0527348681728
405.03 0.0526768384841
405.04 0.0526120785501
405.05 0.0525396891146
405.06 0.0524587481024
405.07 0.0523683170638
405.08 0.0522674477161
405.09 0.0521551885396
405.1 0.0520305913823
405.11 0.0518927180294
405.12 0.0517406466941
405.13 0.0515734783867
405.14 0.0513903431206
405.15 0.0511904059154
405.16 0.0509728725596
405.17 0.0507369950956
405.18 0.050482076995
405.19 0.0502074779917
405.2 0.0499126185462
405.21 0.0495969839141
405.22 0.0492601277978
405.23 0.0489016755613
405.24 0.0485213269937
405.25 0.0481188586078
405.26 0.0476941254652
405.27 0.047247062523
405.28 0.0467776854989
405.29 0.0462860912563
405.3 0.0457724577143
405.31 0.0452370432897
405.32 0.0446801858816
405.33 0.0441023014135
405.34 0.0435038819472
405.35 0.0428854933893
405.36 0.0422477728119
405.37 0.0415914254086
405.38 0.0409172211149
405.39 0.0402259909179
405.4 0.039518622884
405.41 0.0387960579368
405.42 0.0380592854139
405.43 0.0373093384354
405.44 0.0365472891167
405.45 0.0357742436571
405.46 0.0349913373379
405.47 0.0341997294612
405.48 0.0334005982615
405.49 0.0325951358217
405.5 0.0317845430232
405.51 0.0309700245585
405.52 0.0301527840362
405.53 0.0293340192025
405.54 0.0285149173049
405.55 0.0276966506221
405.56 0.0268803721799
405.57 0.0260672116731
405.58 0.0252582716112
405.59 0.0244546237024
405.6 0.0236573054896
405.61 0.02286731725
405.62 0.0220856191657
405.63 0.0213131287747
405.64 0.0205507187044
405.65 0.0197992146931
405.66 0.0190593938985
405.67 0.0183319834926
405.68 0.0176176595409
405.69 0.016917046161
405.7 0.0162307149535
405.71 0.0155591847
405.72 0.0149029213159
405.73 0.014262338051
405.74 0.0136377959246
405.75 0.0130296043829
405.76 0.0124380221665
405.77 0.0118632583735
405.78 0.0113054737029
405.79 0.0107647818648
405.8 0.0102412511419
405.81 0.00973490608513
405.82 0.0092457293305
405.83 0.00877366351947
405.84 0.00831861330867
405.85 0.00788044745341
405.86 0.00745900095033
405.87 0.00705407722482
405.88 0.00666545034931
405.89 0.00629286727925
405.9 0.00593605009408
405.91 0.00559469823131
405.92 0.00526849070242
405.93 0.00495708828023
405.94 0.00466013564811
405.95 0.00437726350211
405.96 0.00410809059818
405.97 0.00385222573721
405.98 0.00360926968178
405.99 0.0033788169988
406.0 0.00316045782386
406.01 0.00295377954297
406.02 0.00275836838893
406.03 0.0025738109498
406.04 0.00239969558791
406.05 0.00223561376843
406.06 0.00208116129716
406.07 0.00193593946778
406.08 0.00179955611943
406.09 0.00167162660582
406.1 0.00155177467778
406.11 0.00143963328125
406.12 0.00133484527339
406.13 0.00123706405959
406.14 0.0011459541545
406.15 0.00106119167045
406.16 0.000982464736774
406.17 0.000909473853687
406.18 0.000841932184503
406.19 0.000779565790002
406.2 0.000722113808785
406.21 0.000669328587468
406.22 0.000620975764486
406.23 0.000576834311241
406.24 0.000536696534189
406.25 0.000500368041391
406.26 0.000467667676836
406.27 0.000438427425742
406.28 0.000412492293828
406.29 0.000389720163337
406.3 0.000369981628425
406.31 0.000353159812263
406.32 0.000339150168011
406.33 0.000327860265558
406.34 0.000319209565715
406.35 0.000313129183301
406.36 0.000309561640306
406.37 0.000308460610135
406.38 0.000309790653641
406.39 0.000313526947502
406.4 0.000319655005229
406.41 0.000328170390923
406.42 0.000339078425694
406.43 0.000352393886469
406.44 0.00036814069677
406.45 0.000386351608864
406.46 0.000407067876568
406.47 0.00043033891788
406.48 0.000456221966477
406.49 0.000484781711074
406.5 0.000516089921537
406.51 0.000550225060637
406.52 0.000587271880267
406.53 0.000627321000984
406.54 0.000670468473709
406.55 0.000716815322503
406.56 0.000766467067355
406.57 0.000819533226025
406.58 0.000876126794085
406.59 0.000936363702397
406.6 0.00100036225145
406.61 0.00106824252208
406.62 0.0011401257624
406.63 0.00121613375071
406.64 0.00129638813476
406.65 0.0013810097475
406.66 0.00147011790022
406.67 0.00156382965366
406.68 0.00166225906843
406.69 0.00176551643618
406.7 0.00187370749302
406.71 0.00198693261741
406.72 0.00210528601463
406.73 0.00222885489049
406.74 0.00235771861709
406.75 0.00249194789373
406.76 0.0026316039065
406.77 0.00277673749004
406.78 0.00292738829551
406.79 0.00308358396897
406.8 0.0032453393443
406.81 0.00341265565553
406.82 0.00358551977304
406.83 0.00376390346868
406.84 0.0039477627147
406.85 0.00413703702153
406.86 0.00433164881965
406.87 0.00453150289043
406.88 0.00473648585135
406.89 0.00494646570026
406.9 0.00516129142392
406.91 0.00538079267533
406.92 0.00560477952461
406.93 0.00583304228766
406.94 0.00606535143665
406.95 0.00630145759616
406.96 0.00654109162836
406.97 0.00678396481005
406.98 0.00702976910439
406.99 0.00727817752905
407.0 0.00752884462272
407.01 0.00778140701065
407.02 0.00803548406999
407.03 0.00829067869459
407.04 0.00854657815863
407.05 0.00880275507771
407.06 0.00905876846532
407.07 0.00931416488222
407.08 0.00956847967527
407.09 0.00982123830181
407.1 0.0100719577352
407.11 0.0103201479459
407.12 0.0105653134531
407.13 0.0108069549394
407.14 0.011044570923
407.15 0.0112776594781
407.16 0.0115057199983
407.17 0.0117282549917
407.18 0.0119447719008
407.19 0.0121547849386
407.2 0.0123578169292
407.21 0.0125534011462
407.22 0.0127410831371
407.23 0.0129204225255
407.24 0.0130909947797
407.25 0.0132523929393
407.26 0.01340422929
407.27 0.0135461369759
407.28 0.0136777715423
407.29 0.0137988123977
407.3 0.0139089641884
407.31 0.014007958077
407.32 0.0140955529168
407.33 0.0141715363158
407.34 0.0142357255841
407.35 0.0142879685576
407.36 0.0143281442953
407.37 0.0143561636437
407.38 0.0143719696667
407.39 0.0143755379367
407.4 0.0143668766865
407.41 0.0143460268206
407.42 0.0143130617846
407.43 0.0142680872961
407.44 0.014211240935
407.45 0.0141426915997
407.46 0.0140626388287
407.47 0.0139713119943
407.48 0.0138689693716
407.49 0.0137558970893
407.5 0.0136324079677
407.51 0.0134988402511
407.52 0.0133555562425
407.53 0.0132029408472
407.54 0.0130414000356
407.55 0.0128713592317
407.56 0.0126932616395
407.57 0.0125075665132
407.58 0.0123147473843
407.59 0.0121152902525
407.6 0.0119096917529
407.61 0.0116984573073
407.62 0.0114820992703
407.63 0.0112611350806
407.64 0.0110360854253
407.65 0.0108074724289
407.66 0.010575817873
407.67 0.0103416414583
407.68 0.010105459115
407.69 0.00986778136977
407.7 0.00962911177802
407.71 0.00938994542545
407.72 0.00915076750746
407.73 0.00891205199058
407.74 0.00867426036124
407.75 0.00843784046606
407.76 0.00820322544717
407.77 0.00797083277563
407.78 0.00774106338495
407.79 0.00751430090656
407.8 0.00729091100792
407.81 0.00707124083373
407.82 0.0068556185497
407.83 0.00664435298801
407.84 0.00643773339297
407.85 0.00623602926449
407.86 0.00603949029707
407.87 0.00584834641078
407.88 0.00566280787094
407.89 0.00548306549222
407.9 0.00530929092283
407.91 0.00514163700402
407.92 0.00498023819981
407.93 0.00482521109153
407.94 0.00467665493173
407.95 0.0045346522516
407.96 0.00439926951612
407.97 0.00427055782089
407.98 0.00414855362469
407.99 0.00403327951165
408.0 0.0039247449771
408.01 0.00382294723116
408.02 0.00372787201415
408.03 0.00363949441818
408.04 0.0035577797093
408.05 0.00348268414497
408.06 0.00341415578163
408.07 0.00335213526742
408.08 0.00329655661563
408.09 0.00324734795437
408.1 0.00320443224847
408.11 0.00316772798999
408.12 0.00313714985387
408.13 0.00311260931581
408.14 0.00309401522955
408.15 0.00308127436141
408.16 0.00307429188006
408.17 0.00307297179993
408.18 0.00307721737712
408.19 0.00308693145684
408.2 0.00310201677202
408.21 0.0031223761928
408.22 0.00314791292729
408.23 0.00317853067389
408.24 0.00321413372628
408.25 0.003254627032
408.26 0.00329991620632
408.27 0.0033499075029
408.28 0.00340450774347
408.29 0.00346362420851
408.3 0.00352716449172
408.31 0.00359503632065
408.32 0.00366714734657
408.33 0.00374340490647
408.34 0.00382371576046
408.35 0.00390798580781
408.36 0.00399611978498
408.37 0.00408802094925
408.38 0.00418359075129
408.39 0.00428272850041
408.4 0.00438533102583
408.41 0.00449129233781
408.42 0.00460050329189
408.43 0.00471285125984
408.44 0.00482821981074
408.45 0.00494648840535
408.46 0.00506753210709
408.47 0.00519122131257
408.48 0.00531742150466
408.49 0.00544599303076
408.5 0.00557679090882
408.51 0.00570966466357
408.52 0.00584445819498
408.53 0.00598100968095
408.54 0.00611915151598
408.55 0.0062587102872
408.56 0.00639950678905
408.57 0.00654135607762
408.58 0.00668406756531
408.59 0.00682744515638
408.6 0.00697128742356
408.61 0.0071153878257
408.62 0.00725953496627
408.63 0.00740351289206
408.64 0.00754710143145
408.65 0.00769007657117
408.66 0.00783221087041
408.67 0.00797327391074
408.68 0.00811303278031
408.69 0.00825125259038
408.7 0.00838769702225
408.71 0.00852212890232
408.72 0.0086543108029
408.73 0.00878400566639
408.74 0.00891097744999
408.75 0.00903499178837
408.76 0.00915581667133
408.77 0.00927322313353
408.78 0.00938698595329
408.79 0.00949688435735
408.8 0.00960270272852
408.81 0.00970423131305
408.82 0.00980126692454
408.83 0.00989361364133
408.84 0.00998108349415
408.85 0.010063497141
408.86 0.0101406845262
408.87 0.0102124855203
408.88 0.0102787505392
408.89 0.010339341137
408.9 0.0103941305733
408.91 0.0104430043495
408.92 0.0104858607126
408.93 0.0105226111244
408.94 0.010553180694
408.95 0.0105775085697
408.96 0.0105955482911
408.97 0.0106072680972
408.98 0.0106126511901
408.99 0.0106116959525
409.0 0.0106044161175
409.01 0.01059084089
409.02 0.0105710150182
409.03 0.0105449988148
409.04 0.010512868127
409.05 0.0104747142558
409.06 0.0104306438224
409.07 0.0103807785842
409.08 0.0103252551985
409.09 0.0102642249357
409.1 0.0101978533413
409.11 0.0101263198484
409.12 0.0100498173411
409.13 0.00996855167077
409.14 0.00988274112454
409.15 0.00979261585
409.16 0.00969841723583
409.17 0.0096003972511
409.18 0.00949881774496
409.19 0.00939394970896
409.2 0.0092860725043
409.21 0.00917547305639
409.22 0.00906244501951
409.23 0.00894728791411
409.24 0.00883030623981
409.25 0.00871180856694
409.26 0.00859210660986
409.27 0.00847151428525
409.28 0.00835034675849
409.29 0.00822891948187
409.3 0.00810754722772
409.31 0.00798654312022
409.32 0.00786621766936
409.33 0.00774687781059
409.34 0.00762882595396
409.35 0.00751235904612
409.36 0.00739776764906
409.37 0.00728533503894
409.38 0.00717533632879
409.39 0.00706803761845
409.4 0.00696369517522
409.41 0.00686255464872
409.42 0.00676485032298
409.43 0.00667080440919
409.44 0.006580626382
409.45 0.00649451236227
409.46 0.00641264454909
409.47 0.00633519070356
409.48 0.00626230368675
409.49 0.0061941210541
409.5 0.00613076470805
409.51 0.00607234061086
409.52 0.00601893855899
409.53 0.0059706320203
409.54 0.00592747803521
409.55 0.00588951718234
409.56 0.00585677360917
409.57 0.00582925512796
409.58 0.0058069533766
409.59 0.00578984404408
409.6 0.00577788715978
409.61 0.00577102744551
409.62 0.00576919472895
409.63 0.00577230441677
409.64 0.00578025802547
409.65 0.00579294376762
409.66 0.00581023719087
409.67 0.00583200186697
409.68 0.00585809012736
409.69 0.00588834384224
409.7 0.00592259523911
409.71 0.00596066775692
409.72 0.00600237693181
409.73 0.00604753130978
409.74 0.00609593338193
409.75 0.00614738053752
409.76 0.00620166602978
409.77 0.00625857994972
409.78 0.00631791020277
409.79 0.00637944348296
409.8 0.00644296623975
409.81 0.00650826563208
409.82 0.00657513046466
409.83 0.00664335210137
409.84 0.0067127253507
409.85 0.00678304931861
409.86 0.00685412822384
409.87 0.00692577217137
409.88 0.00699779787965
409.89 0.00707002935761
409.9 0.00714229852775
409.91 0.0072144457918
409.92 0.00728632053593
409.93 0.00735778157276
409.94 0.00742869751788
409.95 0.00749894709879
409.96 0.00756841939503
409.97 0.00763701400816
409.98 0.00770464116108
409.99 0.00777122172661
410.0 0.00783668718551
410.01 0.00790097951474
410.02 0.0079640510073
410.03 0.00802586402518
410.04 0.00808639068781
410.05 0.0081456124983
410.06 0.00820351991083
410.07 0.00826011184236
410.08 0.0083153951326
410.09 0.00836938395645
410.1 0.00842209919328
410.11 0.00847356775809
410.12 0.00852382189941
410.13 0.00857289846944
410.14 0.00862083817181
410.15 0.00866768479274
410.16 0.00871348442139
410.17 0.0087582846651
410.18 0.00880213386569
410.19 0.00884508032244
410.2 0.00888717152776
410.21 0.00892845342111
410.22 0.00896896966697
410.23 0.00900876096203
410.24 0.00904786437694
410.25 0.0090863127374
410.26 0.0091241340494
410.27 0.0091613509726
410.28 0.00919798034606
410.29 0.00923403276961
410.3 0.00926951224412
410.31 0.00930441587316
410.32 0.00933873362841
410.33 0.00937244818039
410.34 0.00940553479587
410.35 0.00943796130251
410.36 0.00946968812112
410.37 0.00950066836517
410.38 0.00953084800683
410.39 0.00956016610815
410.4 0.00958855511581
410.41 0.00961594121708
410.42 0.00964224475445
410.43 0.00966738069571
410.44 0.00969125915611
410.45 0.00971378596876
410.46 0.00973486329893
410.47 0.00975439029791
410.48 0.00977226379156
410.49 0.00978837899851
410.5 0.00980263027293
410.51 0.00981491186629
410.52 0.00982511870278
410.53 0.00983314716274
410.54 0.00983889586844
410.55 0.00984226646668
410.56 0.00984316440259
410.57 0.00984149967912
410.58 0.00983718759678
410.59 0.00983014946865
410.6 0.00982031330523
410.61 0.00980761446473
410.62 0.00979199626396
410.63 0.00977341054569
410.64 0.0097518181985
410.65 0.00972718962547
410.66 0.00969950515855
410.67 0.00966875541561
410.68 0.00963494159773
410.69 0.0095980757248
410.7 0.00955818080749
410.71 0.00951529095467
410.72 0.0094694514152
410.73 0.00942071855398
410.74 0.00936915976216
410.75 0.00931485330198
410.76 0.00925788808731
410.77 0.00919836340104
410.78 0.00913638855109
410.79 0.00907208246721
410.8 0.00900557324086
410.81 0.00893699761113
410.82 0.00886650039974
410.83 0.0087942338986
410.84 0.00872035721354
410.85 0.00864503556828
410.86 0.00856843957275
410.87 0.0084907444601
410.88 0.00841212929704
410.89 0.00833277617205
410.9 0.00825286936633
410.91 0.00817259451233
410.92 0.00809213774465
410.93 0.00801168484843
410.94 0.00793142040984
410.95 0.00785152697377
410.96 0.0077721842133
410.97 0.0076935681157
410.98 0.00761585018946
410.99 0.00753919669674
411.0 0.00746376791534
411.01 0.00738971743424
411.02 0.00731719148648
411.03 0.00724632832266
411.04 0.0071772576286
411.05 0.00711009998976
411.06 0.00704496640526
411.07 0.00698195785368
411.08 0.00692116491269
411.09 0.00686266743406
411.1 0.00680653427544
411.11 0.00675282308976
411.12 0.00670158017282
411.13 0.00665284036941
411.14 0.00660662703775
411.15 0.00656295207176
411.16 0.00652181598041
411.17 0.00648320802302
411.18 0.00644710639897
411.19 0.0064134784901
411.2 0.00638228115367
411.21 0.00635346106371
411.22 0.00632695509786
411.23 0.00630269076713
411.24 0.0062805866854
411.25 0.00626055307531
411.26 0.00624249230731
411.27 0.0062262994681
411.28 0.00621186295489
411.29 0.00619906509155
411.3 0.00618778276297
411.31 0.0061778880635
411.32 0.00616924895572
411.33 0.00616172993555
411.34 0.00615519269985
411.35 0.00614949681264
411.36 0.00614450036636
411.37 0.00614006063443
411.38 0.00613603471163
411.39 0.00613228013916
411.4 0.00612865551107
411.41 0.00612502105915
411.42 0.0061212392137
411.43 0.00611717513748
411.44 0.00611269723078
411.45 0.00610767760549
411.46 0.00610199252646
411.47 0.00609552281876
411.48 0.00608815423947
411.49 0.00607977781335
411.5 0.00607029013138
411.51 0.00605959361219
411.52 0.00604759672594
411.53 0.00603421418096
411.54 0.00601936707356
411.55 0.00600298300154
411.56 0.00598499614235
411.57 0.00596534729698
411.58 0.0059439839008
411.59 0.00592086000283
411.6 0.00589593621504
411.61 0.0058691796335
411.62 0.00584056373318
411.63 0.00581006823842
411.64 0.00577767897112
411.65 0.00574338767884
411.66 0.00570719184488
411.67 0.00566909448259
411.68 0.00562910391613
411.69 0.00558723354973
411.7 0.00554350162776
411.71 0.00549793098752
411.72 0.00545054880689
411.73 0.00540138634868
411.74 0.00535047870356
411.75 0.00529786453329
411.76 0.00524358581577
411.77 0.00518768759349
411.78 0.00513021772664
411.79 0.00507122665206
411.8 0.00501076714915
411.81 0.00494889411356
411.82 0.00488566433941
411.83 0.00482113631069
411.84 0.00475537000232
411.85 0.00468842669107
411.86 0.00462036877667
411.87 0.00455125961305
411.88 0.00448116334975
411.89 0.00441014478326
411.9 0.00433826921805
411.91 0.00426560233692
411.92 0.00419221008023
411.93 0.00411815853356
411.94 0.00404351382313
411.95 0.00396834201846
411.96 0.00389270904157
411.97 0.0038166805822
411.98 0.00374032201813
411.99 0.00366369834018
412.0 0.0035868740811
412.01 0.00350991324771
412.02 0.00343287925577
412.03 0.00335583486688
412.04 0.00327884212702
412.05 0.0032019623061
412.06 0.00312525583827
412.07 0.00304878226245
412.08 0.0029726001629
412.09 0.00289676710958
412.1 0.00282133959804
412.11 0.00274637298881
412.12 0.00267192144628
412.13 0.00259803787699
412.14 0.00252477386742
412.15 0.00245217962158
412.16 0.00238030389836
412.17 0.002309193949
412.18 0.00223889545503
412.19 0.0021694524668
412.2 0.00210090734315
412.21 0.00203330069253
412.22 0.0019666713159
412.23 0.00190105615193
412.24 0.00183649022482
412.25 0.00177300659529
412.26 0.00171063631498
412.27 0.00164940838479
412.28 0.00158934971758
412.29 0.00153048510539
412.3 0.00147283719176
412.31 0.00141642644933
412.32 0.00136127116299
412.33 0.00130738741884
412.34 0.00125478909916
412.35 0.00120348788355
412.36 0.00115349325627
412.37 0.00110481251995
412.38 0.00105745081561
412.39 0.00101141114897
412.4 0.000966694422983
412.41 0.000923299476473
412.42 0.000881223128709
412.43 0.000840460229691
412.44 0.000801003715928
412.45 0.000762844671419
412.46 0.000725972393514
412.47 0.000690374463328
412.48 0.000656036820323
412.49 0.000622943840683
412.5 0.000591078419048
412.51 0.000560422053205
412.52 0.00053095493128
412.53 0.000502656020996
412.54 0.000475503160549
412.55 0.000449473150643
412.56 0.000424541847248
412.57 0.000400684254645
412.58 0.000377874618319
412.59 0.000356086517292
412.6 0.000335292955496
412.61 0.000315466451801
412.62 0.000296579128342
412.63 0.000278602796796
412.64 0.000261509042314
412.65 0.000245269304791
412.66 0.000229854957237
412.67 0.000215237380994
412.68 0.00020138803761
412.69 0.000188278537164
412.7 0.000175880702917
412.71 0.000164166632152
412.72 0.000153108753102
412.73 0.000142679877908
412.74 0.000132853251557
412.75 0.000123602596778
412.76 0.000114902154911
412.77 0.000106726722761
412.78 9.90516855068e-05
412.79 9.18530457125e-05
412.8 8.51074485383e-05
412.81 7.87922032534e-05
412.82 7.28853011654e-05
412.83 6.73654300986e-05
412.84 6.2211985563e-05
412.85 5.74050787659e-05
412.86 5.29255416261e-05
412.87 4.87549289583e-05
412.88 4.48755179978e-05
412.89 4.12703054432e-05
412.9 3.79230021931e-05
412.91 3.48180259555e-05
412.92 3.19404919088e-05
412.93 2.92762015913e-05
412.94 2.68116301923e-05
412.95 2.45339124165e-05
412.96 2.24308270883e-05
412.97 2.04907806563e-05
412.98 1.87027897554e-05
412.99 1.70564629737e-05
413.0 1.5541981969e-05
413.01 1.41500820684e-05
413.02 1.28720324801e-05
413.03 1.16996162378e-05
413.04 1.06251099893e-05
413.05 9.64126373466e-06
413.06 8.74128061097e-06
413.07 7.91879681172e-06
413.08 7.16786172302e-06
413.09 6.48291834991e-06
413.1 5.85878409959e-06
413.11 5.29063198073e-06
413.12 4.77397227168e-06
413.13 4.30463470384e-06
413.14 3.87875120017e-06
413.15 3.49273920331e-06
413.16 3.14328562221e-06
413.17 2.8273314213e-06
413.18 2.54205687144e-06
413.19 2.28486747786e-06
413.2 2.05338059619e-06
413.21 1.84541274452e-06
413.22 1.65896761609e-06
413.23 1.49222479446e-06
413.24 1.3435291709e-06
413.25 1.21138106133e-06
413.26 1.09442701873e-06
413.27 9.91451335151e-07
413.28 9.01368226869e-07
413.29 8.23214694626e-07
413.3 7.5614405092e-07
413.31 6.99420105486e-07
413.32 6.5241200005e-07
413.33 6.14589683385e-07
413.34 5.85520017769e-07
413.35 5.64863508253e-07
413.36 5.5237164644e-07
413.37 5.47884860961e-07
413.38 5.51331067298e-07
413.39 5.62724810179e-07
413.4 5.8216699227e-07
413.41 6.09845183494e-07
413.42 6.46034505777e-07
413.43 6.91099088492e-07
413.44 7.45494090273e-07
413.45 8.09768283153e-07
413.46 8.84567195133e-07
413.47 9.70636807359e-07
413.48 1.06882780192e-06
413.49 1.18010035599e-06
413.5 1.30552947757e-06
413.51 1.44631087728e-06
413.52 1.60376736972e-06
413.53 1.7793557969e-06
413.54 1.97467446442e-06
413.55 2.19147107955e-06
413.56 2.43165117849e-06
413.57 2.69728702721e-06
413.58 2.99062697828e-06
413.59 3.31410526255e-06
413.6 3.67035219164e-06
413.61 4.06220474333e-06
413.62 4.49271749818e-06
413.63 4.96517389124e-06
413.64 5.48309773838e-06
413.65 6.05026499165e-06
413.66 6.67071567306e-06
413.67 7.34876593072e-06
413.68 8.08902015542e-06
413.69 8.89638309015e-06
413.7 9.77607185867e-06
413.71 1.07336278331e-05
413.72 1.17749282539e-05
413.73 1.29061975103e-05
413.74 1.41340179802e-05
413.75 1.5465340326e-05
413.76 1.69074931324e-05
413.77 1.8468191769e-05
413.78 2.01555463541e-05
413.79 2.19780686888e-05
413.8 2.39446780269e-05
413.81 2.60647055425e-05
413.82 2.83478973482e-05
413.83 3.08044159203e-05
413.84 3.34448397776e-05
413.85 3.62801612627e-05
413.86 3.93217822737e-05
413.87 4.25815077894e-05
413.88 4.60715370392e-05
413.89 4.98044521643e-05
413.9 5.37932042242e-05
413.91 5.80510964066e-05
413.92 6.25917643031e-05
413.93 6.74291531225e-05
413.94 7.25774917226e-05
413.95 7.80512633505e-05
413.96 8.38651729945e-05
413.97 9.00341112666e-05
413.98 9.65731147459e-05
413.99 0.000103497322734
414.0 0.000110821930391
414.01 0.000118562138242
414.02 0.000126733098067
414.03 0.000135349855198
414.04 0.000144427287307
414.05 0.000153980039737
414.06 0.000164022457526
414.07 0.000174568514235
414.08 0.000185631737772
414.09 0.000197225133399
414.1 0.000209361104165
414.11 0.000222051369024
414.12 0.000235306878927
414.13 0.000249137731219
414.14 0.000263553082697
414.15 0.000278561061703
414.16 0.000294168679685
414.17 0.000310381742643
414.18 0.000327204762953
414.19 0.000344640872032
414.2 0.000362691734392
414.21 0.000381357463576
414.22 0.000400636540557
414.23 0.000420525735155
414.24 0.000441020031031
414.25 0.000462112554865
414.26 0.000483794510277
414.27 0.000506055117093
414.28 0.000528881556524
414.29 0.000552258922833
414.3 0.000576170182038
414.31 0.000600596138203
414.32 0.000625515407815
414.33 0.00065090440274
414.34 0.000676737322227
414.35 0.000702986154348
414.36 0.000729620687285
414.37 0.000756608530771
414.38 0.00078391514798
414.39 0.000811503898089
414.4 0.000839336089689
414.41 0.000867371045153
414.42 0.000895566176005
414.43 0.000923877069284
414.44 0.000952257584811
414.45 0.000980659963195
414.46 0.00100903494438
414.47 0.00103733189638
414.48 0.00106549895395
414.49 0.00109348316658
414.5 0.00112123065545
414.51 0.00114868677877
414.52 0.00117579630469
414.53 0.00120250359136
414.54 0.00122875277305
414.55 0.00125448795184
414.56 0.00127965339372
414.57 0.00130419372842
414.58 0.00132805415182
414.59 0.00135118063012
414.6 0.00137352010463
414.61 0.00139502069624
414.62 0.00141563190839
414.63 0.00143530482766
414.64 0.00145399232077
414.65 0.001471649227
414.66 0.00148823254504
414.67 0.00150370161319
414.68 0.00151801828199
414.69 0.00153114707835
414.7 0.00154305536017
414.71 0.00155371346085
414.72 0.00156309482268
414.73 0.00157117611853
414.74 0.00157793736117
414.75 0.00158336199966
414.76 0.00158743700235
414.77 0.00159015292608
414.78 0.00159150397128
414.79 0.00159148802279
414.8 0.00159010667621
414.81 0.00158736524991
414.82 0.00158327278262
414.83 0.00157784201685
414.84 0.00157108936844
414.85 0.00156303488252
414.86 0.00155370217646
414.87 0.00154311837017
414.88 0.00153131400459
414.89 0.00151832294891
414.9 0.00150418229737
414.91 0.00148893225649
414.92 0.00147261602363
414.93 0.00145527965779
414.94 0.0014369719438
414.95 0.00141774425074
414.96 0.00139765038589
414.97 0.00137674644515
414.98 0.00135509066111
414.99 0.00133274324986
415.0 0.00130976625775
415.01 0.00128622340899
415.02 0.00126217995546
415.03 0.00123770252948
415.04 0.00121285900078
415.05 0.00118771833853
415.06 0.00116235047927
415.07 0.00113682620175
415.08 0.00111121700928
415.09 0.00108559502043
415.1 0.00106003286852
415.11 0.00103460361057
415.12 0.0010093806461
415.13 0.000984437646025
415.14 0.000959848491933
415.15 0.000935687225896
415.16 0.000912028010729
415.17 0.000888945100669
415.18 0.000866512822227
415.19 0.000844805564901
415.2 0.000823897781309
415.21 0.000803863996197
415.22 0.000784778823678
415.23 0.000766716991942
415.24 0.000749753374579
415.25 0.00073396302757
415.26 0.00071942123089
415.27 0.000706203533619
415.28 0.000694385801323
415.29 0.000684044264456
415.3 0.000675255566419
415.31 0.000668096809896
415.32 0.000662645600009
415.33 0.00065898008283
415.34 0.000657178977724
415.35 0.000657321602023
415.36 0.000659487886486
415.37 0.000663758380039
415.38 0.000670214242294
415.39 0.000678937222369
415.4 0.000690009622591
415.41 0.000703514245712
415.42 0.000719534324332
415.43 0.000738153431308
415.44 0.000759455370033
415.45 0.000783524043545
415.46 0.000810443301586
415.47 0.000840296764823
415.48 0.000873167625611
415.49 0.000909138424822
415.5 0.000948290804431
415.51 0.000990705235715
415.52 0.00103646072312
415.53 0.00108563448406
415.54 0.00113830160499
415.55 0.00119453467457
415.56 0.00125440339461
415.57 0.00131797416995
415.58 0.00138530967854
415.59 0.00145646842326
415.6 0.00153150426718
415.61 0.00161046595417
415.62 0.00169339661713
415.63 0.00178033327602
415.64 0.00187130632847
415.65 0.0019663390355
415.66 0.00206544700554
415.67 0.00216863767956
415.68 0.0022759098208
415.69 0.00238725301243
415.7 0.00250264716655
415.71 0.00262206204829
415.72 0.00274545681855
415.73 0.00287277959928
415.74 0.00300396706488
415.75 0.00313894406371
415.76 0.0032776232732
415.77 0.00341990489257
415.78 0.00356567637644
415.79 0.00371481221314
415.8 0.00386717375093
415.81 0.00402260907527
415.82 0.00418095294043
415.83 0.00434202675784
415.84 0.00450563864401
415.85 0.00467158353012
415.86 0.00483964333521
415.87 0.00500958720465
415.88 0.00518117181501
415.89 0.00535414174632
415.9 0.00552822992212
415.91 0.0057031581173
415.92 0.00587863753347
415.93 0.00605436944099
415.94 0.00623004588634
415.95 0.00640535046324
415.96 0.00657995914528
415.97 0.00675354117739
415.98 0.00692576002331
415.99 0.00709627436528
416.0 0.00726473915229
416.01 0.00743080669243
416.02 0.00759412778471
416.03 0.0077543528853
416.04 0.00791113330274
416.05 0.00806412241651
416.06 0.00821297691298
416.07 0.00835735803258
416.08 0.00849693282171
416.09 0.00863137538307
416.1 0.00876036811755
416.11 0.00888360295114
416.12 0.00900078254013
416.13 0.00911162144784
416.14 0.00921584728634
416.15 0.00931320181671
416.16 0.00940344200149
416.17 0.00948634100315
416.18 0.00956168912298
416.19 0.00962929467463
416.2 0.00968898478731
416.21 0.00974060613372
416.22 0.00978402557854
416.23 0.00981913074333
416.24 0.00984583048463
416.25 0.00986405528225
416.26 0.00987375753539
416.27 0.00987491176479
416.28 0.00986751471966
416.29 0.00985158538868
416.3 0.00982716491504
416.31 0.00979431641596
416.32 0.00975312470776
416.33 0.00970369593819
416.34 0.00964615712812
416.35 0.00958065562538
416.36 0.00950735847408
416.37 0.00942645170297
416.38 0.00933813953732
416.39 0.0092426435387
416.4 0.00914020167795
416.41 0.00903106734661
416.42 0.00891550831249
416.43 0.00879380562564
416.44 0.00866625248056
416.45 0.00853315304152
416.46 0.00839482123711
416.47 0.00825157953103
416.48 0.00810375767559
416.49 0.00795169145474
416.5 0.00779572142321
416.51 0.00763619164834
416.52 0.00747344846098
416.53 0.00730783922186
416.54 0.00713971110916
416.55 0.00696940993336
416.56 0.00679727898469
416.57 0.00662365791829
416.58 0.00644888168213
416.59 0.00627327949182
416.6 0.00609717385667
416.61 0.00592087966041
416.62 0.00574470329994
416.63 0.00556894188475
416.64 0.00539388249957
416.65 0.00521980153184
416.66 0.00504696406574
416.67 0.00487562334364
416.68 0.00470602029554
416.69 0.00453838313671
416.7 0.00437292703325
416.71 0.00420985383489
416.72 0.00404935187402
416.73 0.0038915958296
416.74 0.0037367466541
416.75 0.00358495156161
416.76 0.00343634407464
416.77 0.00329104412717
416.78 0.00314915822101
416.79 0.00301077963262
416.8 0.00287598866704
416.81 0.00274485295575
416.82 0.00261742779493
416.83 0.00249375652062
416.84 0.00237387091721
416.85 0.00225779165563
416.86 0.00214552875762
416.87 0.00203708208244
416.88 0.00193244183251
416.89 0.00183158907445
416.9 0.00173449627213
416.91 0.00164112782834
416.92 0.001551440632
416.93 0.00146538460778
416.94 0.00138290326523
416.95 0.00130393424472
416.96 0.00122840985752
416.97 0.00115625761771
416.98 0.00108740076369
416.99 0.00102175876721
417.0 0.000959247828136
417.01 0.000899781353316
417.02 0.000843270418027
417.03 0.000789624208834
417.04 0.000738750446729
417.05 0.000690555789666
417.06 0.000644946213795
417.07 0.000601827372845
417.08 0.00056110493526
417.09 0.000522684898896
417.1 0.000486473883168
417.11 0.000452379398722
417.12 0.000420310094824
417.13 0.000390175984752
417.14 0.000361888649615
417.15 0.00033536142111
417.16 0.000310509543796
417.17 0.000287250317577
417.18 0.000265503221117
417.19 0.000245190016985
417.2 0.000226234839384
417.21 0.000208564265327
417.22 0.000192107370179
417.23 0.000176795768501
417.24 0.00016256364113
417.25 0.000149347749448
417.26 0.000137087437797
417.27 0.000125724624972
417.28 0.000115203785729
417.29 0.000105471923211
417.3 9.64785331958e-05
417.31 8.817556101e-05
417.32 8.0517351959e-05
417.33 7.34605960594e-05
417.34 6.69642678459e-05
417.35 6.09895619762e-05
417.36 5.54998253225e-05
417.37 5.04604861962e-05
417.38 4.58389813139e-05
417.39 4.16046810677e-05
417.4 3.77288136268e-05
417.41 3.41843883501e-05
417.42 3.09461189552e-05
417.43 2.79903468453e-05
417.44 2.52949649583e-05
417.45 2.28393424658e-05
417.46 2.06042506124e-05
417.47 1.85717899528e-05
417.48 1.6725319208e-05
417.49 1.50493859372e-05
417.5 1.35296591839e-05
417.51 1.2152864236e-05
417.52 1.0906719607e-05
417.53 9.77987632665e-06
417.54 8.76185960316e-06
417.55 7.8430129028e-06
417.56 7.01444447129e-06
417.57 6.26797630641e-06
417.58 5.59609557573e-06
417.59 4.99190845985e-06
417.6 4.44909639e-06
417.61 3.96187463828e-06
417.62 3.52495320997e-06
417.63 3.13349997932e-06
417.64 2.78310600437e-06
417.65 2.46975295027e-06
417.66 2.18978254691e-06
417.67 1.93986800291e-06
417.68 1.7169872958e-06
417.69 1.51839825652e-06
417.7 1.34161536538e-06
417.71 1.18438817632e-06
417.72 1.04468128686e-06
417.73 9.2065577142e-07
417.74 8.1065199752e-07
417.75 7.13173745499e-07
417.76 6.26873554635e-07
417.77 5.50539220613e-07
417.78 4.83081371801e-07
417.79 4.23522054367e-07
417.8 3.70984259043e-07
417.81 3.24682325195e-07
417.82 2.8391316078e-07
417.83 2.4804821973e-07
417.84 2.16526181283e-07
417.85 1.88846278728e-07
417.86 1.64562227984e-07
417.87 1.43276709297e-07
417.88 1.24636358161e-07
417.89 1.08327224315e-07
417.9 9.40706603251e-08
417.91 8.16196038048e-08
417.92 7.07552198218e-08
417.93 6.12838723548e-08
417.94 5.30343959388e-08
417.95 4.58556407581e-08
417.96 3.96142664774e-08
417.97 3.41927620075e-08
417.98 2.94876702098e-08
417.99 2.54079982335e-08
418.0 2.18737957678e-08
418.01 1.88148849779e-08
418.02 1.61697272749e-08
418.03 1.38844133603e-08
418.04 1.19117641837e-08
418.05 1.02105315584e-08
418.06 8.74468820778e-09
418.07 7.48279795956e-09
418.08 6.39745767764e-09
418.09 5.46480332224e-09
418.1 4.66407326333e-09
418.11 3.97722264586e-09
418.12 3.38858322021e-09
418.13 2.88456361278e-09
418.14 2.45338552273e-09
418.15 2.08485179593e-09
418.16 1.7701427492e-09
418.17 1.50163750037e-09
418.18 1.27275740589e-09
418.19 1.07782902028e-09
418.2 9.11964273647e-10
418.21 7.70955817719e-10
418.22 6.51185718806e-10
418.23 5.49545881405e-10
418.24 4.63368769819e-10
418.25 3.90367159684e-10
418.26 3.28581798345e-10
418.27 2.76335984296e-10
418.28 2.32196192825e-10
418.29 1.94937979145e-10
418.3 1.6351648282e-10
418.31 1.37040939402e-10
418.32 1.14752677992e-10
418.33 9.60061478637e-11
418.34 8.02525742249e-11
418.35 6.70258934738e-11
418.36 5.59306626124e-11
418.37 4.66316764994e-11
418.38 3.88450609286e-11
418.39 3.23306396454e-11
418.4 2.6885399829e-11
418.41 2.23379037106e-11
418.42 1.85435142378e-11
418.43 1.53803203792e-11
418.44 1.27456630959e-11
418.45 1.05531764516e-11
418.46 8.73027003975e-12
418.47 7.21598908016e-12
418.48 5.959197374e-12
418.49 4.91703596578e-12
418.5 4.05361699918e-12
418.51 3.33891799391e-12
418.52 2.747846732e-12
418.53 2.25945122338e-12
418.54 1.85625291172e-12
418.55 1.52368445923e-12
418.56 1.24961618231e-12
418.57 1.02395755747e-12
418.58 8.3832223142e-13
418.59 6.85746695467e-13
418.6 5.60454261965e-13
418.61 4.57657244293e-13
418.62 3.73391320794e-13
418.63 3.04376983735e-13
418.64 2.47903758765e-13
418.65 2.0173354803e-13
418.66 1.64020017726e-13
418.67 1.33241432945e-13
418.68 1.08144751577e-13
418.69 8.76991355438e-14
418.7 7.10573308974e-14
418.71 5.75236162535e-14
418.72 4.65272284487e-14
418.73 3.76003509303e-14
418.74 3.0359899249e-14
418.75 2.44924633136e-14
418.76 1.97418714168e-14
418.77 1.58989295211e-14
418.78 1.2792963532e-14
418.79 1.02848545001e-14
418.8 8.26130877833e-15
418.81 6.63014871963e-15
418.82 5.31644588746e-15
418.83 4.25934911381e-15
418.84 3.40948505298e-15
418.85 2.72682995452e-15
418.86 2.17896891107e-15
418.87 1.73967340447e-15
418.88 1.38774006534e-15
418.89 1.10604358763e-15
418.9 8.80765044218e-16
418.91 7.00763721492e-16
418.92 5.57066270169e-16
418.93 4.42451659604e-16
418.94 3.5111429088e-16
418.95 2.78390811262e-16
418.96 2.20538796068e-16
418.97 1.74557621137e-16
418.98 1.38043620968e-16
418.99 1.09073081513e-16
419.0 8.61078083956e-17
419.01 6.79189871975e-17
419.02 5.35258507744e-17
419.03 4.21463208819e-17
419.04 3.31573239354e-17
419.05 2.60629149963e-17
419.06 2.04686978634e-17
419.07 1.60613170761e-17
419.08 1.25920317117e-17
419.09 9.86357097893e-18
419.1 7.71962585546e-18
419.11 6.03645604251e-18
419.12 4.71619273948e-18
419.13 3.68149962671e-18
419.14 2.87132061281e-18
419.15 2.23749631702e-18
419.16 1.74207433291e-18
419.17 1.35517302235e-18
419.18 1.05328651841e-18
419.19 8.17941071145e-19
419.2 6.34630907158e-19
419.21 4.91976246004e-19
419.22 3.81057717969e-19
419.23 2.94890717911e-19
419.24 2.28010662118e-19
419.25 1.76146055052e-19
419.26 1.35961015347e-19
419.27 1.04852693117e-19
419.28 8.07920248357e-20
419.29 6.21986714279e-20
419.3 4.78428933515e-20
419.31 3.67686324026e-20
419.32 2.82332731433e-20
419.33 2.16605108645e-20
419.34 1.66035086709e-20
419.35 1.27161242811e-20
419.36 9.73045989231e-21
419.37 7.4393618356e-21
419.38 5.68279134677e-21
419.39 4.337219993e-21
419.4 3.30738615526e-21
419.41 2.51989282344e-21
419.42 1.91824002165e-21
419.43 1.45897395237e-21
419.44 1.10870457959e-21
419.45 8.41797936858e-22
419.46 6.38592163982e-22
419.47 4.8401968614e-22
419.48 3.66544053959e-22
419.49 2.7734034051e-22
419.5 2.09663881952e-22
419.51 1.58364528895e-22
419.52 1.1951321139e-22
419.53 9.01151130651e-23
419.54 6.78895703338e-23
419.55 5.11013296682e-23
419.56 3.84312980937e-23
419.57 2.88776347817e-23
419.58 2.16801307822e-23
419.59 1.62624467818e-23
419.6 1.21880321608e-23
419.61 9.12651574149e-24
419.62 6.82810412717e-24
419.63 5.10409766768e-24
419.64 3.81207581436e-24
419.65 2.84464315964e-24
419.66 2.1208881871e-24
419.67 1.57990678389e-24
419.68 1.17589587562e-24
419.69 8.74439934074e-25
419.7 6.49702908647e-25
419.71 4.82306763069e-25
419.72 3.5773019974e-25
419.73 2.6510112502e-25
419.74 1.9628686965e-25
419.75 1.45209369519e-25
419.76 1.07330151661e-25
419.77 7.92633746961e-26
419.78 5.8485349168e-26
419.79 4.311668151e-26
419.8 3.17590337736e-26
419.81 2.33729186183e-26
419.82 1.71862974965e-26
419.83 1.262628e-26
419.84 9.26813218706e-27
419.85 6.79724204488e-27
419.86 4.98077545799e-27
419.87 3.64657293455e-27
419.88 2.6674516585e-27
419.89 1.94953898134e-27
419.9 1.42360990734e-27
419.91 1.03866092272e-27
419.92 7.57147156925e-28
419.93 5.51455549787e-28
419.94 4.01295638979e-28
419.95 2.91770971197e-28
419.96 2.11954886952e-28
419.97 1.5383972689e-28
419.98 1.11562253604e-28
419.99 8.08331995604e-29
420.0 5.85175281714e-29
420.01 4.23258695193e-29
420.02 3.05878898216e-29
420.03 2.20859893334e-29
420.04 1.59333799124e-29
420.05 1.14847799221e-29
420.06 8.27105970547e-30
420.07 5.95145763924e-30
420.08 4.2786745137e-30
420.09 3.07339843743e-30
420.1 2.20572921042e-30
420.11 1.58164581127e-30
420.12 1.13315674698e-30
420.13 8.11137453392e-31
420.14 5.80126405222e-31
420.15 4.14547713792e-31
420.16 2.95971659691e-31
420.17 2.11129755047e-31
420.18 1.50477813569e-31
420.19 1.07156671061e-31
420.2 7.62411900885e-32
420.21 5.4198071408e-32
420.22 3.84947684214e-32
420.23 2.73176478545e-32
420.24 1.93690627373e-32
420.25 1.37213746298e-32
420.26 9.71203749522e-33
420.27 6.86826101695e-33
420.28 4.85296260682e-33
420.29 3.42602723497e-33
420.3 2.41656449054e-33
420.31 1.70305894872e-33
420.32 1.19918084907e-33
420.33 8.436521163e-34
420.34 5.93015204957e-34
420.35 4.16477908628e-34
420.36 2.92241456385e-34
420.37 2.04887465234e-34
420.38 1.43520080139e-34
420.39 1.00446234181e-34
420.4 7.02390069646e-35
420.41 4.9073471227e-35
420.42 3.42561780809e-35
420.43 2.3892123378e-35
420.44 1.66492357313e-35
420.45 1.15919785416e-35
420.46 8.06388911349e-36
420.47 5.60473699983e-36
420.48 3.89215065165e-36
420.49 2.70052223919e-36
420.5 1.87210234283e-36
420.51 1.29668691374e-36
420.52 8.97355195453e-37
420.53 6.20465085019e-37
420.54 4.28641312885e-37
420.55 2.95865562222e-37
420.56 2.04041506476e-37
420.57 1.40593854467e-37
420.58 9.67916439696e-38
420.59 6.65783621954e-38
420.6 4.57564224683e-38
420.61 3.14191713957e-38
420.62 2.15556491461e-38
420.63 1.47758065777e-38
420.64 1.01196385569e-38
420.65 6.92472478133e-39
420.66 4.73438689941e-39
420.67 3.23406457541e-39
420.68 2.20727955727e-39
420.69 1.50518439579e-39
420.7 1.02552389998e-39
420.71 6.98112762162e-40
420.72 4.74820084721e-40
420.73 3.22668297387e-40
420.74 2.19082267008e-40
420.75 1.48621577794e-40
420.76 1.00734960702e-40
420.77 6.8218519135e-41
420.78 4.61581151728e-41
420.79 3.1204523686e-41
420.8 2.10770954172e-41
420.81 1.42241943616e-41
420.82 9.59109751894e-42
420.83 6.46148957708e-42
420.84 4.34931339049e-42
420.85 2.9250444375e-42
420.86 1.9654769144e-42
420.87 1.3195539119e-42
420.88 8.85136076994e-43
420.89 5.93221194132e-43
420.9 3.97234525152e-43
420.91 2.65766984664e-43
420.92 1.77655551395e-43
420.93 1.18653416914e-43
420.94 7.9178164215e-44
420.95 5.27903230419e-44
420.96 3.51663199853e-44
420.97 2.34057865382e-44
420.98 1.55647901179e-44
420.99 1.03415827235e-44
421.0 6.86522008205e-45
421.01 4.5535030378e-45
421.02 3.01759192979e-45
421.03 1.99801664098e-45
421.04 1.32178678328e-45
421.05 8.73669996466e-46
421.06 5.76975205367e-46
421.07 3.80706763042e-46
421.08 2.50984987866e-46
421.09 1.65321224114e-46
421.1 1.08801076235e-46
421.11 7.15420668587e-47
421.12 4.70016914106e-47
421.13 3.08524177584e-47
421.14 2.02343208556e-47
421.15 1.32590306284e-47
421.16 8.68077756072e-48
421.17 5.67844200189e-48
421.18 3.71127788225e-48
421.19 2.42349129963e-48
421.2 1.58118675941e-48
421.21 1.03073870759e-48
421.22 6.71332565187e-49
421.23 4.36868323655e-49
421.24 2.84044974708e-49
421.25 1.84521670108e-49
421.26 1.19765396283e-49
421.27 7.76674501612e-50
421.28 5.03234551357e-50
421.29 3.25780861995e-50
421.3 2.10719339913e-50
421.31 1.36177995993e-50
421.32 8.7929214378e-51
421.33 5.6726130468e-51
421.34 3.65642642229e-51
421.35 2.35480110117e-51
421.36 1.51521874479e-51
421.37 9.74137250789e-52
421.38 6.2573245344e-52
421.39 4.01588180084e-52
421.4 2.57511646632e-52
421.41 1.6498199184e-52
421.42 1.05608754729e-52
421.43 6.75440368795e-53
421.44 4.31616280224e-53
421.45 2.75570252548e-53
421.46 1.75788541728e-53
421.47 1.12039846489e-53
421.48 7.13474012917e-54
421.49 4.53949483183e-54
421.5 2.88576263069e-54
421.51 1.83289419985e-54
421.52 1.16315582815e-54
421.53 7.37500158247e-55
421.54 4.67207759532e-55
421.55 2.95720674974e-55
421.56 1.87015258988e-55
421.57 1.18166972758e-55
421.58 7.4600010571e-56
421.59 4.7054956987e-56
421.6 2.96548399892e-56
421.61 1.86728024154e-56
421.62 1.17475453719e-56
421.63 7.38428538564e-57
421.64 4.63760256006e-57
421.65 2.91006234837e-57
421.66 1.8244617937e-57
421.67 1.14285455868e-57
421.68 7.15271414934e-58
421.69 4.47274857559e-58
421.7 2.79448520976e-58
421.71 1.74442722976e-58
421.72 1.08799678372e-58
421.73 6.77994355655e-59
421.74 4.22131982794e-59
421.75 2.62599653997e-59
421.76 1.63216384706e-59
421.77 1.01357775547e-59
421.78 6.28889147112e-60
421.79 3.89865532905e-60
421.8 2.41478959737e-60
421.81 1.49440207932e-60
421.82 9.24015683276e-61
421.83 5.70840705781e-61
421.84 3.52349969963e-61
421.85 2.17298763826e-61
421.86 1.33894884544e-61
421.87 8.24317323724e-62
421.88 5.07047424866e-62
421.89 3.11620807291e-62
421.9 1.91349806659e-62
421.91 1.17396005433e-62
421.92 7.19618507313e-63
421.93 4.40732463559e-63
421.94 2.69694115416e-63
421.95 1.64888972766e-63
421.96 1.00724580401e-63
421.97 6.14756364784e-64
421.98 3.74881762683e-64
421.99 2.28406945117e-64
422.0 1.39042641477e-64
422.01 8.45688503488e-65
422.02 5.13921227059e-65
422.03 3.12037218678e-65
422.04 1.89295353027e-65
422.05 1.14735343367e-65
422.06 6.94829420681e-66
422.07 4.20419538558e-66
422.08 2.54162395866e-66
422.09 1.53519452447e-66
422.1 9.26486813074e-67
422.11 5.58648689485e-67
422.12 3.36559643393e-67
422.13 2.02585802393e-67
422.14 1.21837137083e-67
422.15 7.32106187708e-68
422.16 4.39533703107e-68
422.17 2.63653778139e-68
422.18 1.58015441417e-68
422.19 9.46212695526e-69
422.2 5.66111171656e-69
422.21 3.38406263281e-69
422.22 2.02115105214e-69
422.23 1.20609874103e-69
422.24 7.19102284958e-70
422.25 4.28373094736e-70
422.26 2.54963149629e-70
422.27 1.51619952964e-70
422.28 9.00863543764e-71
422.29 5.34792587802e-71
422.3 3.17201665507e-71
422.31 1.87978963717e-71
422.32 1.11302970663e-71
422.33 6.58457839851e-72
422.34 3.89200063602e-72
422.35 2.29848431652e-72
422.36 1.35623172567e-72
422.37 7.99557988205e-73
422.38 4.70966206696e-73
422.39 2.77174478089e-73
422.4 1.62982300327e-73
422.41 9.5752773074e-74
422.42 5.62064285048e-74
422.43 3.29643360039e-74
422.44 1.93164087552e-74
422.45 1.13092070218e-74
422.46 6.61548415966e-75
422.47 3.86647161396e-75
422.48 2.25783255573e-75
422.49 1.31732322315e-75
422.5 7.67921236266e-76
422.51 4.47264799787e-76
422.52 2.60277409032e-76
422.53 1.51332407819e-76
422.54 8.7912599481e-77
422.55 5.10262924878e-77
422.56 2.95910665641e-77
422.57 1.71455308564e-77
422.58 9.92578733505e-78
422.59 5.74120042432e-78
422.6 3.3179066514e-78
422.61 1.91579630095e-78
422.62 1.1052441126e-78
422.63 6.37075351485e-79
422.64 3.66899489367e-79
422.65 2.11118904985e-79
422.66 1.21375450396e-79
422.67 6.97201474339e-80
422.68 4.00137681746e-80
422.69 2.29448022466e-80
422.7 1.31456752371e-80
422.71 7.52497724899e-81
422.72 4.30379122846e-81
422.73 2.45935325118e-81
422.74 1.40415271274e-81
422.75 8.00998099611e-82
422.76 4.56533173532e-82
422.77 2.59978185313e-82
422.78 1.47919417487e-82
422.79 8.40886112998e-83
422.8 4.77609421427e-83
422.81 2.71039322208e-83
422.82 1.53679320825e-83
422.83 8.70607241008e-84
422.84 4.92779723896e-84
422.85 2.7868083127e-84
422.86 1.57465376984e-84
422.87 8.88969313419e-85
422.88 5.01432148561e-85
422.89 2.82592929852e-85
422.9 1.59123426472e-85
422.91 8.95221831243e-86
422.92 5.03211919361e-86
422.93 2.82614790692e-86
422.94 1.5858516813e-86
422.95 8.89106856619e-87
422.96 4.9804555044e-87
422.97 2.78745510897e-87
422.98 1.55872826949e-87
422.99 8.70876666213e-88
423.0 4.86145879935e-88
423.01 2.71144173808e-88
423.02 1.51097631614e-88
423.03 8.41276484389e-89
423.04 4.67997523142e-89
423.05 2.60118997842e-89
423.06 1.44452247122e-89
423.07 8.0149394311e-90
423.08 4.44324130613e-90
423.09 2.46106603823e-90
423.1 1.36197879953e-90
423.11 7.53080045213e-91
423.12 4.16040533956e-91
423.13 2.29643344192e-91
423.14 1.26647258382e-91
423.15 6.97848959607e-92
423.16 3.84194187819e-92
423.17 2.11331316289e-92
423.18 1.16145032057e-92
423.19 6.37765659296e-93
423.2 3.49901122666e-93
423.21 1.91802053938e-93
423.22 1.05047297425e-93
423.23 5.74831059853e-94
423.24 3.14281835927e-94
423.25 1.71680926805e-94
423.26 9.37019284996e-95
423.27 5.10973905349e-95
423.28 2.78402177094e-95
423.29 1.5155499159e-95
423.3 8.24311910405e-96
423.31 4.47957299299e-96
423.32 2.43223409909e-96
423.33 1.31946489634e-96
423.34 7.15177793043e-97
423.35 3.87305722181e-97
423.36 2.09564405001e-97
423.37 1.13293458943e-97
423.38 6.119498978e-98
423.39 3.30255918494e-98
423.4 1.78077505947e-98
423.41 9.59381262946e-99
423.42 5.16412935816e-99
423.43 2.77732501163e-99
423.44 1.49238202842e-99
423.45 8.0122967959e-100
423.46 4.29791437034e-100
423.47 2.30346809526e-100
423.48 1.23347501405e-100
423.49 6.59936614345e-101
423.5 3.52775003363e-101
423.51 1.88415704039e-101
423.52 1.00544913024e-101
423.53 5.36076563079e-102
423.54 2.85573070334e-102
423.55 1.51995732157e-102
423.56 8.08293802686e-103
423.57 4.29468007006e-103
423.58 2.27990156746e-103
423.59 1.20927504299e-103
423.6 6.40852075728e-104
423.61 3.39323715052e-104
423.62 1.79512354639e-104
423.63 9.48851364335e-105
423.64 5.01101544992e-105
423.65 2.64409472429e-105
423.66 1.39396538667e-105
423.67 7.34261374401e-106
423.68 3.86432004975e-106
423.69 2.03197895716e-106
423.7 1.06755199517e-106
423.71 5.60379938783e-107
423.72 2.93900168358e-107
423.73 1.54007121178e-107
423.74 8.06316381432e-108
423.75 4.21787666235e-108
423.76 2.2044790785e-108
423.77 1.15117619276e-108
423.78 6.00622130151e-109
423.79 3.13101085182e-109
423.8 1.63076554967e-109
423.81 8.48637456199e-110
423.82 4.41241727999e-110
423.83 2.29221140831e-110
423.84 1.18975208662e-110
423.85 6.16995495123e-111
423.86 3.19691598832e-111
423.87 1.65502350689e-111
423.88 8.56053332163e-112
423.89 4.42406185153e-112
423.9 2.28436380656e-112
423.91 1.1785094345e-112
423.92 6.07469627949e-113
423.93 3.1285261336e-113
423.94 1.60982518576e-113
423.95 8.27639787801e-114
423.96 4.25135837667e-114
423.97 2.18191478056e-114
423.98 1.11884922353e-114
423.99 5.73230193679e-115
424.0 2.93433884862e-115
424.01 1.50077360009e-115
424.02 7.6690896049e-116
424.03 3.91558048304e-116
424.04 1.99743295419e-116
424.05 1.018056729e-116
424.06 5.18436367946e-117
424.07 2.63780478951e-117
424.08 1.34095300572e-117
424.09 6.81095759204e-118
424.1 3.45641997895e-118
424.11 1.75254246489e-118
424.12 8.87839178321e-119
424.13 4.49390382411e-119
424.14 2.27267300975e-119
424.15 1.14834887015e-119
424.16 5.797415844e-120
424.17 2.92427876935e-120
424.18 1.47376012532e-120
424.19 7.42093358913e-121
424.2 3.7334814746e-121
424.21 1.87669271822e-121
424.22 9.42531882069e-122
424.23 4.72958072821e-122
424.24 2.37122600088e-122
424.25 1.18780997104e-122
424.26 5.94490196623e-123
424.27 2.97280306811e-123
424.28 1.4852901339e-123
424.29 7.41447089038e-124
424.3 3.69804971368e-124
424.31 1.84284597493e-124
424.32 9.17548530761e-125
424.33 4.56449528048e-125
424.34 2.26871630934e-125
424.35 1.12665600645e-125
424.36 5.59018514892e-126
424.37 2.77130777611e-126
424.38 1.3726728413e-126
424.39 6.7931786249e-127
424.4 3.35894382051e-127
424.41 1.65941938245e-127
424.42 8.19093141061e-128
424.43 4.03956064551e-128
424.44 1.99048398791e-128
424.45 9.79956858153e-129
424.46 4.82035404501e-129
424.47 2.3690522034e-129
424.48 1.1633061835e-129
424.49 5.70738480797e-130
424.5 2.7977183137e-130
424.51 1.37023333576e-130
424.52 6.70515443193e-131
424.53 3.2782853523e-131
424.54 1.60143174819e-131
424.55 7.81616695527e-132
424.56 3.81156151539e-132
424.57 1.8571019742e-132
424.58 9.04049650334e-133
424.59 4.39716260504e-133
424.6 2.1368620284e-133
424.61 1.03753833068e-133
424.62 5.03333146181e-134
424.63 2.43966740847e-134
424.64 1.18148831393e-134
424.65 5.71678617773e-135
424.66 2.76374633532e-135
424.67 1.33495960103e-135
424.68 6.44260906117e-136
424.69 3.10655571901e-136
424.7 1.49664992564e-136
424.71 7.20418773899e-137
424.72 3.46476295921e-137
424.73 1.66489077252e-137
424.74 7.99321835969e-138
424.75 3.83425789689e-138
424.76 1.83765794544e-138
424.77 8.79977859172e-139
424.78 4.21019805355e-139
424.79 2.01259792047e-139
424.8 9.612475051e-140
424.81 4.58708876326e-140
424.82 2.18707046175e-140
424.83 1.04186660697e-140
424.84 4.95889799184e-141
424.85 2.35820710302e-141
424.86 1.12047565314e-141
424.87 5.31920364689e-142
424.88 2.52298415901e-142
424.89 1.19565571016e-142
424.9 5.66136914098e-143
424.91 2.67830798974e-143
424.92 1.26596958813e-143
424.93 5.97874101882e-144
424.94 2.82110936452e-144
424.95 1.33000666132e-144
424.96 6.26486074854e-145
424.97 2.94844303042e-145
424.98 1.3864294403e-145
424.99 6.51368144688e-146
425.0 3.05758804449e-146
425.01 1.43401977476e-146
425.02 6.71977948079e-147
425.03 3.14614413307e-147
425.04 1.47172247125e-147
425.05 6.8785506518e-148
425.06 3.21211932906e-148
425.07 1.49868415057e-148
425.08 6.98638107261e-149
425.09 3.25400442526e-149
425.1 1.5142853486e-149
425.11 7.04078388601e-150
425.12 3.27083035966e-150
425.13 1.51816417484e-150
425.14 7.04049460513e-151
425.15 3.26220548593e-151
425.16 1.5102302672e-151
425.17 6.98551997101e-152
425.18 3.22833072762e-152
425.19 1.49066829136e-152
425.2 6.87713769147e-153
425.21 3.16999179722e-153
425.22 1.45993079568e-153
425.23 6.71784707537e-154
425.24 3.08852890087e-154
425.25 1.41872080757e-154
425.26 6.51127322573e-155
425.27 2.98578555978e-155
425.28 1.36796510604e-155
425.29 6.26202991974e-156
425.3 2.86403927743e-156
425.31 1.30877958898e-156
425.32 5.97554841705e-157
425.33 2.7259176924e-157
425.34 1.24242854177e-157
425.35 5.6578810601e-158
425.36 2.57430452324e-158
425.37 1.17027988021e-158
425.38 5.3154895647e-159
425.39 2.41223999443e-159
425.4 1.0937585728e-159
425.41 4.95502829533e-160
425.42 2.24282051625e-160
425.43 1.01430044027e-160
425.44 4.58313257703e-161
425.45 2.06910218428e-161
425.46 9.33308391246e-162
425.47 4.20622126216e-162
425.48 1.89401219399e-162
425.49 8.52112899092e-163
425.5 3.83032143606e-163
425.51 1.72027158112e-163
425.52 7.71938179298e-164
425.53 3.46092143073e-164
425.54 1.55033185803e-164
425.55 6.93875119947e-165
425.56 3.10285636349e-165
425.57 1.38632718872e-165
425.58 6.18861580521e-166
425.59 2.76022837483e-166
425.6 1.23004279794e-166
425.61 5.47670238853e-167
425.62 2.43636175132e-167
425.63 1.08289940925e-167
425.64 4.80903760634e-168
425.65 2.13379131043e-168
425.66 9.45952705478e-169
425.67 4.18996714585e-169
425.68 1.85428089655e-169
425.69 8.19906148205e-170
425.7 3.62223376467e-170
425.71 1.59886766113e-170
425.72 7.05135005206e-171
425.73 3.10710367047e-171
425.74 1.367927012e-171
425.75 6.0171913084e-172
425.76 2.64452956115e-172
425.77 1.16125272212e-172
425.78 5.09481919729e-173
425.79 2.23333833493e-173
425.8 9.78146661826e-174
425.81 4.28032894661e-174
425.82 1.87143189837e-174
425.83 8.17512913917e-175
425.84 3.5681156993e-175
425.85 1.55599052246e-175
425.86 6.77951582693e-176
425.87 2.95130519989e-176
425.88 1.28366966878e-176
425.89 5.57848344615e-177
425.9 2.4221594558e-177
425.91 1.05078296704e-177
425.92 4.55456632671e-178
425.93 1.97244430942e-178
425.94 8.53465915693e-179
425.95 3.68970229005e-179
425.96 1.59374994356e-179
425.97 6.87816756002e-180
425.98 2.96584898017e-180
425.99 1.27775923145e-180
426.0 5.50012720645e-181
426.01 2.3654847529e-181
426.02 1.01646232152e-181
426.03 4.36401393702e-182
426.04 1.87199500487e-182
426.05 8.02318774098e-183
426.06 3.43568181668e-183
426.07 1.46995023017e-183
426.08 6.28370860511e-184
426.09 2.68381858791e-184
426.1 1.14528609553e-184
426.11 4.8831327661e-185
426.12 2.08020812847e-185
426.13 8.85398451866e-186
426.14 3.76525539952e-186
426.15 1.59982999189e-186
426.16 6.79167570957e-187
426.17 2.88073799146e-187
426.18 1.22082746741e-187
426.19 5.16926189953e-188
426.2 2.18688775529e-188
426.21 9.24374937904e-189
426.22 3.9038537913e-189
426.23 1.64726184148e-189
426.24 6.94473126711e-190
426.25 2.92531046122e-190
426.26 1.23115347721e-190
426.27 5.17697586505e-191
426.28 2.17502271605e-191
426.29 9.130092266e-192
426.3 3.82921937969e-192
426.31 1.60460833036e-192
426.32 6.71817866403e-193
426.33 2.81033290674e-193
426.34 1.17459379016e-193
426.35 4.90502635053e-194
426.36 2.04653276292e-194
426.37 8.53138951773e-195
426.38 3.55340372147e-195
426.39 1.47874417606e-195
426.4 6.14844445612e-196
426.41 2.5542368926e-196
426.42 1.06018292491e-196
426.43 4.39667283036e-197
426.44 1.8217601863e-197
426.45 7.54192094753e-198
426.46 3.11958237371e-198
426.47 1.28924261454e-198
426.48 5.32349142834e-199
426.49 2.19625204318e-199
426.5 9.05297894775e-200
426.51 3.72841764691e-200
426.52 1.53419764506e-200
426.53 6.3075656762e-201
426.54 2.59099135028e-201
426.55 1.06339314797e-201
426.56 4.36059210886e-202
426.57 1.78657307264e-202
426.58 7.31340822639e-203
426.59 2.9911800832e-203
426.6 1.22233153803e-203
426.61 4.9906738272e-204
426.62 2.03588418542e-204
426.63 8.29794712788e-205
426.64 3.37918501227e-205
426.65 1.37491860828e-205
426.66 5.5894068365e-206
426.67 2.27027342922e-206
426.68 9.2132811314e-207
426.69 3.73571892749e-207
426.7 1.51341409653e-207
426.71 6.12583181933e-208
426.72 2.47739967564e-208
426.73 1.00103853491e-208
426.74 4.0413757202e-209
426.75 1.6301642794e-209
426.76 6.56987685968e-210
426.77 2.64549411119e-210
426.78 1.06433925768e-210
426.79 4.27835754267e-211
426.8 1.71829522351e-211
426.81 6.89512593088e-212
426.82 2.76446015383e-212
426.83 1.10739403312e-212
426.84 4.43218353652e-213
426.85 1.77238067384e-213
426.86 7.0814140436e-214
426.87 2.82687550408e-214
426.88 1.12750139959e-214
426.89 4.49315301982e-215
426.9 1.78899464833e-215
426.91 7.11689545202e-216
426.92 2.82875831258e-216
426.93 1.12337515036e-216
426.94 4.4573577785e-217
426.95 1.76707055263e-217
426.96 6.99929014321e-218
426.97 2.76998754603e-218
426.98 1.09528048217e-218
426.99 4.3270966262e-219
427.0 1.70801448913e-219
427.01 6.73612628066e-220
427.02 2.65431586198e-220
427.03 1.04500579087e-220
427.04 4.1106311058e-221
427.05 1.61555602769e-221
427.06 6.34394276635e-222
427.07 2.48897308864e-222
427.08 9.75674283538e-223
427.09 3.82131842118e-223
427.1 1.4953584533e-223
427.11 5.84656934168e-224
427.12 2.28391855138e-224
427.13 8.91422992952e-225
427.14 3.47624809715e-225
427.15 1.3544451079e-225
427.16 5.27273283055e-226
427.17 2.05084971148e-226
427.18 7.96995039289e-227
427.19 3.09457571487e-227
427.2 1.20052254526e-227
427.21 4.65332343885e-228
427.22 1.80210409037e-228
427.23 6.97300886325e-229
427.24 2.69577892978e-229
427.25 1.04129083124e-229
427.26 4.01868093624e-230
427.27 1.54959683799e-230
427.28 5.97004533211e-231
427.29 2.29805410111e-231
427.3 8.83825608745e-232
427.31 3.39622633995e-232
427.32 1.30391830817e-232
427.33 5.00181763151e-233
427.34 1.917030557e-233
427.35 7.34097813199e-234
427.36 2.80868178483e-234
427.37 1.07367998582e-234
427.38 4.10082172871e-235
427.39 1.56491457315e-235
427.4 5.96669848633e-236
427.41 2.27300955944e-236
427.42 8.65151459212e-237
427.43 3.29008213154e-237
427.44 1.25010083989e-237
427.45 4.74577415507e-238
427.46 1.80008411447e-238
427.47 6.82185123193e-239
427.48 2.58306539761e-239
427.49 9.77219831009e-240
427.5 3.69379555302e-240
427.51 1.39500944832e-240
427.52 5.26387001723e-241
427.53 1.984526381e-241
427.54 7.47536338467e-242
427.55 2.81339981113e-242
427.56 1.05792361471e-242
427.57 3.97466821159e-243
427.58 1.49200804177e-243
427.59 5.59583833259e-244
427.6 2.09692485022e-244
427.61 7.85098751047e-245
427.62 2.93690175644e-245
427.63 1.09768635086e-245
427.64 4.09912178636e-246
427.65 1.52942114978e-246
427.66 5.70147302781e-247
427.67 2.12359047723e-247
427.68 7.90274878602e-248
427.69 2.93838904904e-248
427.7 1.09160151402e-248
427.71 4.05175031372e-249
427.72 1.50260535411e-249
427.73 5.56763686889e-250
427.74 2.06120213987e-250
427.75 7.62419472361e-251
427.76 2.81767622396e-251
427.77 1.04042770301e-251
427.78 3.83845488083e-252
427.79 1.41489654197e-252
427.8 5.21094684111e-253
427.81 1.91748649077e-253
427.82 7.04971719924e-254
427.83 2.58961254734e-254
427.84 9.50433199724e-255
427.85 3.4852354151e-255
427.86 1.27692782648e-255
427.87 4.67438302598e-256
427.88 1.7096450529e-256
427.89 6.24757278029e-257
427.9 2.28107942237e-257
427.91 8.3213387509e-258
427.92 3.03298113912e-258
427.93 1.10451070592e-258
427.94 4.01877657831e-259
427.95 1.46097070512e-259
427.96 5.3065573894e-260
427.97 1.9257856029e-260
427.98 6.9827536151e-261
427.99 2.529701123e-261
428.0 9.15662484818e-262
428.01 3.31150443869e-262
428.02 1.19657238073e-262
428.03 4.31992611973e-263
428.04 1.55825086711e-263
428.05 5.61593596918e-264
428.06 2.02223037874e-264
428.07 7.27549967262e-265
428.08 2.61528325586e-265
428.09 9.39287090694e-266
428.1 3.37055708053e-266
428.11 1.20845012681e-266
428.12 4.32891929669e-267
428.13 1.54936577998e-267
428.14 5.54054061095e-268
428.15 1.97958446881e-268
428.16 7.06674866656e-269
428.17 2.52051314053e-269
428.18 8.98218506372e-270
428.19 3.19814937319e-270
428.2 1.13772997928e-270
428.21 4.04392760584e-271
428.22 1.43612173511e-271
428.23 5.09568825126e-272
428.24 1.8065008004e-272
428.25 6.39877999972e-273
428.26 2.26453955809e-273
428.27 8.00730473695e-274
428.28 2.82889295951e-274
428.29 9.98551308687e-275
428.3 3.52166440758e-275
428.31 1.24093565622e-275
428.32 4.36892180095e-276
428.33 1.53681995763e-276
428.34 5.40126424475e-277
428.35 1.89666910545e-277
428.36 6.654438689e-278
428.37 2.33267910106e-278
428.38 8.17000422988e-279
428.39 2.8589942165e-279
428.4 9.99603998705e-280
428.41 3.49193704387e-280
428.42 1.21878903439e-280
428.43 4.25024909562e-281
428.44 1.48089389106e-281
428.45 5.15533880491e-282
428.46 1.79313998539e-282
428.47 6.23153287487e-283
428.48 2.16371122681e-283
428.49 7.50632594954e-284
428.5 2.60183200721e-284
428.51 9.01062254536e-285
428.52 3.11784165848e-285
428.53 1.07789641132e-285
428.54 3.72326295272e-286
428.55 1.2849733025e-286
428.56 4.43086188291e-287
428.57 1.52653242345e-287
428.58 5.25469564082e-288
428.59 1.80722743851e-288
428.6 6.21014541708e-289
428.61 2.13213372819e-289
428.62 7.31393040234e-290
428.63 2.50674939585e-290
428.64 8.58409918447e-291
428.65 2.9369885107e-291
428.66 1.00399946336e-291
428.67 3.42916534621e-292
428.68 1.17021883619e-292
428.69 3.98996838912e-293
428.7 1.35923809557e-293
428.71 4.62642295002e-294
428.72 1.57332644248e-294
428.73 5.3458413067e-295
428.74 1.81483437019e-295
428.75 6.15575946006e-296
428.76 2.08617145808e-296
428.77 7.06385978319e-297
428.78 2.38977961975e-297
428.79 8.07787909774e-298
428.8 2.7281017045e-298
428.81 9.20550201891e-299
428.82 3.10354545676e-299
428.83 1.04542397683e-299
428.84 3.51844295881e-300
428.85 1.1831295059e-300
428.86 3.97500581661e-301
428.87 1.33434141014e-301
428.88 4.47527649496e-302
428.89 1.4996727257e-302
428.9 5.02107636217e-303
428.91 1.67965803581e-303
428.92 5.61395116261e-304
428.93 1.87473592185e-304
428.94 6.25511479318e-305
428.95 2.08523103478e-305
428.96 6.94539241163e-306
428.97 2.31133613468e-306
428.98 7.68516404467e-307
428.99 2.55309448795e-307
429.0 8.47430998649e-308
429.01 2.81038304713e-308
429.02 9.31215937734e-309
429.03 3.08289686484e-309
429.04 1.01974434211e-309
429.05 3.3701352103e-310
429.06 1.11282547355e-310
429.07 3.6713898615e-311
429.08 1.2102014323e-311
429.09 3.98573603772e-312
429.1 1.31154476025e-312
429.11 4.31202641437e-313
429.12 1.41645708447e-313
429.13 4.64888862463e-314
429.14 1.52446892146e-314
429.15 4.9947266025e-315
429.16 1.63504074482e-315
429.17 5.3477260372e-316
429.18 1.74756537647e-316
429.19 5.70586434256e-317
429.2 1.86137206402e-317
429.21 6.06692356402e-318
429.22 1.97572899247e-318
429.23 6.42853515086e-319
429.24 2.08984827534e-319
429.25 6.78796790821e-320
429.26 2.20303871481e-320
429.27 7.14418923886e-321
429.28 2.31222722254e-321
429.29 7.50979781679e-322
429.3 2.42092166462e-322
429.31 7.90505033346e-323
429.32 2.47032822921e-323
429.33 9.88131291682e-324
429.34 4.94065645841e-324
429.35 0.0
429.36 0.0
429.37 0.0
429.38 0.0
429.39 0.0
429.4 0.0
429.41 0.0
429.42 0.0
429.43 0.0
429.44 0.0
429.45 0.0
429.46 0.0
429.47 0.0
429.48 0.0
429.49 0.0
429.5 0.0
429.51 0.0
429.52 0.0
429.53 0.0
429.54 0.0
429.55 0.0
429.56 0.0
429.57 0.0
429.58 0.0
429.59 0.0
429.6 0.0
429.61 0.0
429.62 0.0
429.63 0.0
429.64 0.0
429.65 0.0
429.66 0.0
429.67 0.0
429.68 0.0
429.69 0.0
429.7 0.0
429.71 0.0
429.72 0.0
429.73 0.0
429.74 0.0
429.75 0.0
429.76 0.0
429.77 0.0
429.78 0.0
429.79 0.0
429.8 0.0
429.81 0.0
429.82 0.0
429.83 0.0
429.84 0.0
429.85 0.0
429.86 0.0
429.87 0.0
429.88 0.0
429.89 0.0
429.9 0.0
429.91 0.0
429.92 0.0
429.93 0.0
429.94 0.0
429.95 0.0
429.96 0.0
429.97 0.0
429.98 0.0
429.99 0.0
