400.0 1.31056427706e-22
400.01 1.73627341111e-22
400.02 2.29827300416e-22
400.03 3.0395467642e-22
400.04 4.01642586982e-22
400.05 5.30266748255e-22
400.06 6.99475883713e-22
400.07 9.2188088348e-22
400.08 1.21394940218e-21
400.09 1.59716606554e-21
400.1 2.09953575738e-21
400.11 2.75752964016e-21
400.12 3.61860197204e-21
400.13 4.74444213611e-21
400.14 6.21517276767e-21
400.15 8.13476421158e-21
400.16 1.06380112577e-20
400.17 1.38995146096e-20
400.18 1.81452324299e-20
400.19 2.36673236299e-20
400.2 3.08432032445e-20
400.21 4.01599824642e-20
400.22 5.22457858311e-20
400.23 6.7909843498e-20
400.24 8.8193769641e-20
400.25 1.14437087118e-19
400.26 1.48360878425e-19
400.27 1.92174477919e-19
400.28 2.48711425237e-19
400.29 3.2160254366e-19
400.3 4.15496075816e-19
400.31 5.36337409785e-19
400.32 6.91724195004e-19
400.33 8.91356745596e-19
400.34 1.14760876575e-18
400.35 1.47624986436e-18
400.36 1.89735937315e-18
400.37 2.4364810389e-18
400.38 3.1260807158e-18
400.39 4.00738484324e-18
400.4 5.13269700561e-18
400.41 6.56831415718e-18
400.42 8.39819429518e-18
400.43 1.07285648797e-17
400.44 1.36937078559e-17
400.45 1.74632148529e-17
400.46 2.22510776176e-17
400.47 2.83270671855e-17
400.48 3.60309646075e-17
400.49 4.57903410285e-17
400.5 5.81427514104e-17
400.51 7.37634113501e-17
400.52 9.34996790004e-17
400.53 1.18413974671e-16
400.54 1.4983715222e-16
400.55 1.89434804583e-16
400.56 2.3928955981e-16
400.57 3.02003127015e-16
400.58 3.80822711795e-16
400.59 4.79797471872e-16
400.6 6.03971967294e-16
400.61 7.59625124951e-16
400.62 9.54565144612e-16
400.63 1.19849309528e-15
400.64 1.50345077355e-15
400.65 1.88437182424e-15
400.66 2.35975928416e-15
400.67 2.95251775198e-15
400.68 3.6909744937e-15
400.69 4.61013117785e-15
400.7 5.75319685871e-15
400.71 7.17346359659e-15
400.72 8.93659909123e-15
400.73 1.11234463471e-14
400.74 1.383343921e-14
400.75 1.71887652363e-14
400.76 2.13394345148e-14
400.77 2.64694456363e-14
400.78 3.28042790327e-14
400.79 4.06199946111e-14
400.8 5.02542664494e-14
400.81 6.21197539966e-14
400.82 7.67202887692e-14
400.83 9.46704503228e-14
400.84 1.16719218106e-13
400.85 1.43778519963e-13
400.86 1.76957657396e-13
400.87 2.17604776744e-13
400.88 2.67356779495e-13
400.89 3.2819933017e-13
400.9 4.0253893387e-13
400.91 4.93289426047e-13
400.92 6.03975654185e-13
400.93 7.38857646223e-13
400.94 9.03079167088e-13
400.95 1.10284527782e-12
400.96 1.34563434948e-12
400.97 1.64045096697e-12
400.98 1.99812730947e-12
400.99 2.43168194274e-12
401.0 2.95674653493e-12
401.01 3.59207284871e-12
401.02 4.36013451045e-12
401.03 5.28784055985e-12
401.04 6.40738069617e-12
401.05 7.75722552326e-12
401.06 9.38330902707e-12
401.07 1.1340425079e-11
401.08 1.36938750403e-11
401.09 1.6521409653e-11
401.1 1.99155154656e-11
401.11 2.39861041916e-11
401.12 2.88636727956e-11
401.13 3.47030129204e-11
401.14 4.16875607106e-11
401.15 5.00344923788e-11
401.16 6.00006872521e-11
401.17 7.1889698823e-11
401.18 8.60598958159e-11
401.19 1.02933959848e-10
401.2 1.230099543e-10
401.21 1.46874210957e-10
401.22 1.752163174e-10
401.23 2.08846529449e-10
401.24 2.48715979972e-10
401.25 2.95940108637e-10
401.26 3.51825797488e-10
401.27 4.17902765505e-10
401.28 4.95959852316e-10
401.29 5.88086908203e-10
401.3 6.9672310542e-10
401.31 8.24712595978e-10
401.32 9.75368564761e-10
401.33 1.15254686557e-09
401.34 1.36073058309e-09
401.35 1.60512703761e-09
401.36 1.89177894341e-09
401.37 2.22769164814e-09
401.38 2.62097862156e-09
401.39 3.08102763005e-09
401.4 3.61869033054e-09
401.41 4.24649834723e-09
401.42 4.97890925951e-09
401.43 5.83258633205e-09
401.44 6.82671626303e-09
401.45 7.98336971567e-09
401.46 9.32790993651e-09
401.47 1.08894553544e-08
401.48 1.27014027014e-08
401.49 1.48020179032e-08
401.5 1.72351027612e-08
401.51 2.00507462868e-08
401.52 2.33061704667e-08
401.53 2.70666812285e-08
401.54 3.14067364527e-08
401.55 3.64111440407e-08
401.56 4.21764043025e-08
401.57 4.88122122756e-08
401.58 5.64431370408e-08
401.59 6.52104966505e-08
401.6 7.52744489467e-08
401.61 8.68163203181e-08
401.62 1.00041196324e-07
401.63 1.15180800118e-07
401.64 1.32496686702e-07
401.65 1.52283783284e-07
401.66 1.74874308351e-07
401.67 2.00642104496e-07
401.68 2.30007422642e-07
401.69 2.63442197933e-07
401.7 3.01475860335e-07
401.71 3.44701725828e-07
401.72 3.93784017011e-07
401.73 4.4946556489e-07
401.74 5.12576246698e-07
401.75 5.84042217594e-07
401.76 6.64895997218e-07
401.77 7.56287475076e-07
401.78 8.59495901751e-07
401.79 9.75942935867e-07
401.8 1.10720681953e-06
401.81 1.25503775762e-06
401.82 1.42137457887e-06
401.83 1.60836275867e-06
401.84 1.81837388576e-06
401.85 2.05402665638e-06
401.86 2.3182094806e-06
401.87 2.61410478642e-06
401.88 2.94521510728e-06
401.89 3.3153910382e-06
401.9 3.72886114475e-06
401.91 4.19026390704e-06
401.92 4.70468177832e-06
401.93 5.27767743402e-06
401.94 5.91533228255e-06
401.95 6.62428730326e-06
401.96 7.41178627013e-06
401.97 8.28572141161e-06
401.98 9.25468154713e-06
401.99 1.03280027303e-05
402.0 1.15158214157e-05
402.01 1.28291301525e-05
402.02 1.42798357918e-05
402.03 1.5880820178e-05
402.04 1.76460032734e-05
402.05 1.95904086458e-05
402.06 2.17302312251e-05
402.07 2.40829072094e-05
402.08 2.66671859747e-05
402.09 2.95032038141e-05
402.1 3.26125593004e-05
402.11 3.60183900337e-05
402.12 3.97454505039e-05
402.13 4.38201907576e-05
402.14 4.82708355256e-05
402.15 5.31274634259e-05
402.16 5.84220858183e-05
402.17 6.41887248453e-05
402.18 7.04634901512e-05
402.19 7.72846537311e-05
402.2 8.46927223163e-05
402.21 9.27305066628e-05
402.22 0.000101443187065
402.23 0.000110878374375
402.24 0.000121086165779
402.25 0.000132119194515
402.26 0.000144032672724
402.27 0.000156884426552
402.28 0.000170734922609
402.29 0.000185647284872
402.3 0.000201687301075
402.31 0.000218923417639
402.32 0.000237426722148
402.33 0.000257270912416
402.34 0.000278532251143
402.35 0.000301289505201
402.36 0.000325623868598
402.37 0.000351618868175
402.38 0.00037936025114
402.39 0.000408935853593
402.4 0.000440435449215
402.41 0.000473950577383
402.42 0.00050957435004
402.43 0.000547401236711
402.44 0.000587526827183
402.45 0.000630047571418
402.46 0.000675060496447
402.47 0.00072266290005
402.48 0.000772952021208
402.49 0.000826024687441
402.5 0.000881976939282
402.51 0.000940903632338
402.52 0.00100289801752
402.53 0.0010680513002
402.54 0.00113645217932
402.55 0.00120818636753
402.56 0.0012833360937
402.57 0.00136197958942
402.58 0.00144419056114
402.59 0.00153003764991
402.6 0.00161958388093
402.61 0.00171288610505
402.62 0.00180999443496
402.63 0.00191095167861
402.64 0.00201579277275
402.65 0.00212454421973
402.66 0.00223722353058
402.67 0.00235383867783
402.68 0.00247438756142
402.69 0.00259885749129
402.7 0.00272722469029
402.71 0.002859453821
402.72 0.00299549754035
402.73 0.00313529608557
402.74 0.00327877689539
402.75 0.00342585427009
402.76 0.00357642907395
402.77 0.00373038848382
402.78 0.00388760578694
402.79 0.00404794023154
402.8 0.00421123693303
402.81 0.0043773268388
402.82 0.00454602675411
402.83 0.00471713943154
402.84 0.00489045372583
402.85 0.00506574481601
402.86 0.00524277449608
402.87 0.00542129153522
402.88 0.00560103210816
402.89 0.00578172029584
402.9 0.00596306865618
402.91 0.00614477886419
402.92 0.00632654242038
402.93 0.00650804142576
402.94 0.00668894942153
402.95 0.00686893229079
402.96 0.00704764921943
402.97 0.00722475371275
402.98 0.00739989466397
402.99 0.00757271747035
403.0 0.00774286519232
403.01 0.00790997975048
403.02 0.00807370315524
403.03 0.0082336787632
403.04 0.00838955255446
403.05 0.00854097442451
403.06 0.00868759948418
403.07 0.00882908936126
403.08 0.00896511349672
403.09 0.00909535042892
403.1 0.00921948905886
403.11 0.00933722988957
403.12 0.00944828623289
403.13 0.00955238537688
403.14 0.00964926970746
403.15 0.00973869777772
403.16 0.00982044531911
403.17 0.00989430618849
403.18 0.00996009324572
403.19 0.0100176391567
403.2 0.0100667971175
403.21 0.0101074414945
403.22 0.0101394683789
403.23 0.0101627960493
403.24 0.0101773653432
403.25 0.010183139933
403.26 0.0101801065057
403.27 0.0101682748464
403.28 0.0101476778234
403.29 0.0101183712778
403.3 0.0100804338162
403.31 0.0100339665097
403.32 0.00997909250097
403.33 0.00991595652174
403.34 0.00984472432465
403.35 0.00976558203297
403.36 0.0096787354128
403.37 0.00958440907236
403.38 0.00948284559396
403.39 0.00937430460407
403.4 0.00925906178782
403.41 0.00913740785413
403.42 0.00900964745817
403.43 0.00887609808816
403.44 0.00873708892335
403.45 0.00859295967052
403.46 0.00844405938628
403.47 0.00829074529231
403.48 0.00813338159092
403.49 0.00797233828814
403.5 0.00780799003122
403.51 0.0076407149677
403.52 0.00747089363248
403.53 0.0072989078695
403.54 0.00712513979398
403.55 0.00694997080112
403.56 0.00677378062668
403.57 0.00659694646427
403.58 0.00641984214411
403.59 0.00624283737726
403.6 0.00606629706893
403.61 0.00589058070394
403.62 0.00571604180708
403.63 0.00554302748018
403.64 0.00537187801756
403.65 0.00520292660077
403.66 0.00503649907299
403.67 0.004872913793
403.68 0.00471248156792
403.69 0.0045555056636
403.7 0.00440228189077
403.71 0.00425309876476
403.72 0.00410823773586
403.73 0.00396797348715
403.74 0.00383257429601
403.75 0.00370230245498
403.76 0.00357741474754
403.77 0.00345816297356
403.78 0.00334479451922
403.79 0.00323755296543
403.8 0.00313667872879
403.81 0.00304240972874
403.82 0.00295498207416
403.83 0.00287463076275
403.84 0.00280159038593
403.85 0.00273609583223
403.86 0.00267838298177
403.87 0.00262868938444
403.88 0.00258725491433
403.89 0.00255432239281
403.9 0.00253013817306
403.91 0.00251495267835
403.92 0.00250902088697
403.93 0.00251260275662
403.94 0.00252596358121
403.95 0.00254937427337
403.96 0.00258311156612
403.97 0.00262745812756
403.98 0.00268270258267
403.99 0.00274913943672
404.0 0.00282706889531
404.01 0.00291679657642
404.02 0.00301863311043
404.03 0.00313289362447
404.04 0.00325989710843
404.05 0.00339996565999
404.06 0.00355342360743
404.07 0.00372059650897
404.08 0.00390181002871
404.09 0.00409738868968
404.1 0.00430765450543
404.11 0.00453292549248
404.12 0.00477351406669
404.13 0.00502972532761
404.14 0.00530185523575
404.15 0.00559018868852
404.16 0.00589499750175
404.17 0.00621653830427
404.18 0.00655505035435
404.19 0.00691075328746
404.2 0.00728384480575
404.21 0.00767449832052
404.22 0.00808286055992
404.23 0.00850904915478
404.24 0.00895315021624
404.25 0.00941521591964
404.26 0.00989526210981
404.27 0.0103932659432
404.28 0.0109091635835
404.29 0.0114428479662
404.3 0.011994166651
404.31 0.0125629197767
404.32 0.0131488581381
404.33 0.0137516814006
404.34 0.014371036471
404.35 0.0150065160399
404.36 0.0156576573143
404.37 0.0163239409547
404.38 0.0170047902336
404.39 0.0176995704294
404.4 0.0184075884706
404.41 0.0191280928423
404.42 0.0198602737671
404.43 0.0206032636727
404.44 0.0213561379521
404.45 0.0221179160281
404.46 0.0228875627253
404.47 0.0236639899561
404.48 0.0244460587218
404.49 0.0252325814319
404.5 0.0260223245384
404.51 0.0268140114834
404.52 0.0276063259549
404.53 0.0283979154433
404.54 0.0291873950898
404.55 0.0299733518156
404.56 0.0307543487179
404.57 0.031528929719
404.58 0.0322956244487
404.59 0.0330529533439
404.6 0.0337994329415
404.61 0.0345335813436
404.62 0.0352539238301
404.63 0.0359589985925
404.64 0.0366473625615
404.65 0.0373175973007
404.66 0.0379683149358
404.67 0.0385981640887
404.68 0.0392058357872
404.69 0.0397900693151
404.7 0.0403496579746
404.71 0.0408834547257
404.72 0.0413903776721
404.73 0.0418694153617
404.74 0.0423196318704
404.75 0.0427401716377
404.76 0.0431302640269
404.77 0.0434892275791
404.78 0.0438164739347
404.79 0.0441115113977
404.8 0.0443739481179
404.81 0.0446034948694
404.82 0.0447999674054
404.83 0.0449632883716
404.84 0.045093488763
404.85 0.0451907089098
404.86 0.0452551989838
404.87 0.0452873190155
404.88 0.0452875384175
404.89 0.0452564350114
404.9 0.0451946935579
404.91 0.0451031037939
404.92 0.0449825579797
404.93 0.0448340479679
404.94 0.0446586618016
404.95 0.0444575798571
404.96 0.0442320705459
404.97 0.0439834855951
404.98 0.0437132549255
404.99 0.0434228811517
405.0 0.0431139337264
405.01 0.0427880427582
405.02 0.0424468925285
405.03 0.0420922147394
405.04 0.0417257815222
405.05 0.0413493982394
405.06 0.0409648961136
405.07 0.0405741247178
405.08 0.0401789443606
405.09 0.0397812184032
405.1 0.0393828055427
405.11 0.0389855520973
405.12 0.0385912843298
405.13 0.0382018008433
405.14 0.0378188650851
405.15 0.0374441979925
405.16 0.0370794708134
405.17 0.0367262981348
405.18 0.0363862311508
405.19 0.0360607511996
405.2 0.0357512635982
405.21 0.0354590918029
405.22 0.0351854719216
405.23 0.0349315476001
405.24 0.034698365307
405.25 0.0344868700367
405.26 0.0342979014482
405.27 0.0341321904583
405.28 0.0339903563006
405.29 0.0338729040665
405.3 0.0337802227345
405.31 0.0337125836984
405.32 0.0336701397998
405.33 0.0336529248668
405.34 0.0336608537631
405.35 0.0336937229438
405.36 0.0337512115163
405.37 0.0338328828012
405.38 0.0339381863846
405.39 0.0340664606529
405.4 0.0342169357986
405.41 0.0343887372822
405.42 0.0345808897356
405.43 0.0347923212883
405.44 0.0350218682973
405.45 0.0352682804594
405.46 0.0355302262815
405.47 0.0358062988858
405.48 0.0360950221229
405.49 0.0363948569641
405.5 0.0367042081463
405.51 0.0370214310363
405.52 0.037344838686
405.53 0.037672709045
405.54 0.0380032922973
405.55 0.0383348182906
405.56 0.0386655040219
405.57 0.038993561147
405.58 0.0393172034784
405.59 0.0396346544382
405.6 0.0399441544314
405.61 0.0402439681058
405.62 0.0405323914657
405.63 0.0408077588072
405.64 0.0410684494427
405.65 0.0413128941855
405.66 0.0415395815635
405.67 0.0417470637364
405.68 0.0419339620884
405.69 0.0420989724727
405.7 0.0422408700851
405.71 0.0423585139453
405.72 0.0424508509685
405.73 0.0425169196098
405.74 0.0425558530678
405.75 0.0425668820354
405.76 0.042549336989
405.77 0.0425026500087
405.78 0.0424263561256
405.79 0.0423200941944
405.8 0.0421836072921
405.81 0.0420167426464
405.82 0.0418194511
405.83 0.0415917861175
405.84 0.041333902349
405.85 0.0410460537592
405.86 0.0407285913419
405.87 0.0403819604336
405.88 0.0400066976475
405.89 0.0396034274501
405.9 0.0391728584005
405.91 0.0387157790801
405.92 0.0382330537372
405.93 0.0377256176734
405.94 0.0371944724005
405.95 0.0366406805976
405.96 0.0360653608964
405.97 0.0354696825261
405.98 0.034854859848
405.99 0.0342221468094
406.0 0.0335728313482
406.01 0.0329082297771
406.02 0.0322296811772
406.03 0.0315385418291
406.04 0.0308361797107
406.05 0.0301239690862
406.06 0.0294032852133
406.07 0.0286754991936
406.08 0.0279419729862
406.09 0.0272040546089
406.1 0.0264630735442
406.11 0.0257203363691
406.12 0.0249771226248
406.13 0.0242346809393
406.14 0.0234942254169
406.15 0.0227569323028
406.16 0.022023936934
406.17 0.0212963309797
406.18 0.0205751599786
406.19 0.0198614211743
406.2 0.01915606165
406.21 0.0184599767618
406.22 0.0177740088673
406.23 0.0170989463472
406.24 0.0164355229108
406.25 0.0157844171821
406.26 0.0151462525551
406.27 0.0145215973092
406.28 0.013910964975
406.29 0.0133148149375
406.3 0.0127335532637
406.31 0.0121675337419
406.32 0.0116170591188
406.33 0.0110823825181
406.34 0.0105637090272
406.35 0.0100611974362
406.36 0.00957496211252
406.37 0.0091050749977
406.38 0.00865156770834
406.39 0.00821443372761
406.4 0.00779363067112
406.41 0.00738908261253
406.42 0.00700068245413
406.43 0.00662829432856
406.44 0.00627175601771
406.45 0.00593088137602
406.46 0.00560546274564
406.47 0.00529527335156
406.48 0.00500006966575
406.49 0.00471959372983
406.5 0.00445357542648
406.51 0.00420173469087
406.52 0.00396378365357
406.53 0.00373942870779
406.54 0.00352837249383
406.55 0.00333031579507
406.56 0.00314495933982
406.57 0.00297200550462
406.58 0.00281115991484
406.59 0.00266213293927
406.6 0.0025246410759
406.61 0.0023984082267
406.62 0.0022831668598
406.63 0.00217865905781
406.64 0.00208463745177
406.65 0.00200086604031
406.66 0.00192712089441
406.67 0.0018631907482
406.68 0.0018088774768
406.69 0.00176399646244
406.7 0.00172837685034
406.71 0.00170186169632
406.72 0.00168430800817
406.73 0.00167558668303
406.74 0.00167558234346
406.75 0.00168419307484
406.76 0.00170133006713
406.77 0.00172691716409
406.78 0.00176089032326
406.79 0.00180319699018
406.8 0.00185379539059
406.81 0.00191265374432
406.82 0.00197974940497
406.83 0.00205506792947
406.84 0.00213860208195
406.85 0.00223035077638
406.86 0.00233031796277
406.87 0.00243851146174
406.88 0.00255494175258
406.89 0.0026796207202
406.9 0.00281256036629
406.91 0.00295377149041
406.92 0.00310326234706
406.93 0.00326103728455
406.94 0.00342709537212
406.95 0.00360142902175
406.96 0.00378402261113
406.97 0.00397485111486
406.98 0.00417387875047
406.99 0.00438105764671
407.0 0.00459632654089
407.01 0.00481960951287
407.02 0.00505081476275
407.03 0.00528983343977
407.04 0.00553653852964
407.05 0.0057907838076
407.06 0.0060524028644
407.07 0.00632120821229
407.08 0.0065969904778
407.09 0.00687951768813
407.1 0.0071685346574
407.11 0.0074637624789
407.12 0.00776489812905
407.13 0.00807161418837
407.14 0.00838355868432
407.15 0.00870035506018
407.16 0.009021602274
407.17 0.00934687503046
407.18 0.00967572414837
407.19 0.0100076770656
407.2 0.0103422384821
407.21 0.0106788911426
407.22 0.0110170967564
407.23 0.0113562970549
407.24 0.0116959149844
407.25 0.0120353560301
407.26 0.0123740096688
407.27 0.0127112509449
407.28 0.0130464421644
407.29 0.0133789347013
407.3 0.0137080709074
407.31 0.0140331861196
407.32 0.0143536107551
407.33 0.0146686724849
407.34 0.0149776984759
407.35 0.0152800176911
407.36 0.015574963236
407.37 0.0158618747405
407.38 0.0161401007629
407.39 0.0164090012047
407.4 0.0166679497227
407.41 0.0169163361261
407.42 0.0171535687444
407.43 0.0173790767547
407.44 0.0175923124539
407.45 0.0177927534646
407.46 0.0179799048597
407.47 0.0181533011971
407.48 0.018312508449
407.49 0.0184571258171
407.5 0.0185867874222
407.51 0.0187011638586
407.52 0.0187999636033
407.53 0.0188829342727
407.54 0.0189498637189
407.55 0.0190005809588
407.56 0.019034956931
407.57 0.019052905076
407.58 0.0190543817355
407.59 0.0190393863699
407.6 0.0190079615914
407.61 0.0189601930139
407.62 0.0188962089194
407.63 0.0188161797446
407.64 0.01872031739
407.65 0.0186088743557
407.66 0.0184821427102
407.67 0.0183404528978
407.68 0.0181841723925
407.69 0.0180137042058
407.7 0.0178294852586
407.71 0.0176319846259
407.72 0.0174217016653
407.73 0.0171991640408
407.74 0.0169649256525
407.75 0.0167195644844
407.76 0.0164636803843
407.77 0.0161978927854
407.78 0.0159228383852
407.79 0.0156391687931
407.8 0.0153475481591
407.81 0.0150486507976
407.82 0.0147431588175
407.83 0.0144317597718
407.84 0.0141151443374
407.85 0.0137940040371
407.86 0.0134690290152
407.87 0.0131409058748
407.88 0.0128103155893
407.89 0.0124779314947
407.9 0.0121444173715
407.91 0.0118104256239
407.92 0.0114765955627
407.93 0.0111435517966
407.94 0.0108119027385
407.95 0.0104822392291
407.96 0.0101551332812
407.97 0.00983113694715
407.98 0.0095107813113
407.99 0.00919457560593
408.0 0.00888300645228
408.01 0.00857653722426
408.02 0.00827560753331
408.03 0.00798063283137
408.04 0.00769200412886
408.05 0.00741008782327
408.06 0.00713522563394
408.07 0.00686773463778
408.08 0.00660790740021
408.09 0.00635601219528
408.1 0.00611229330855
408.11 0.005876971416
408.12 0.00565024403204
408.13 0.00543228601944
408.14 0.00522325015401
408.15 0.00502326773679
408.16 0.00483244924643
408.17 0.0046508850247
408.18 0.00447864598796
408.19 0.00431578435784
408.2 0.00416233440442
408.21 0.00401831319567
408.22 0.00388372134696
408.23 0.00375854376514
408.24 0.00364275038175
408.25 0.00353629687066
408.26 0.00343912534557
408.27 0.00335116503354
408.28 0.00327233292109
408.29 0.00320253436983
408.3 0.00314166369925
408.31 0.00308960473472
408.32 0.00304623131925
408.33 0.00301140778809
408.34 0.00298498940573
408.35 0.00296682276543
408.36 0.0029567461517
408.37 0.00295458986679
408.38 0.00296017652253
408.39 0.00297332129934
408.4 0.00299383217462
408.41 0.00302151012291
408.42 0.00305614929079
408.43 0.00309753714947
408.44 0.00314545462845
408.45 0.00319967623377
408.46 0.00325997015448
408.47 0.00332609836118
408.48 0.0033978167004
408.49 0.00347487498879
408.5 0.00355701711105
408.51 0.00364398112534
408.52 0.00373549938001
408.53 0.00383129864534
408.54 0.00393110026371
408.55 0.00403462032152
408.56 0.00414156984598
408.57 0.00425165502963
408.58 0.00436457748499
408.59 0.00448003453176
408.6 0.00459771951837
408.61 0.00471732217948
408.62 0.00483852903063
408.63 0.00496102380083
408.64 0.00508448790352
408.65 0.00520860094592
408.66 0.00533304127649
408.67 0.00545748656948
408.68 0.00558161444569
408.69 0.00570510312762
408.7 0.00582763212724
408.71 0.00594888296389
408.72 0.00606853990977
408.73 0.00618629075995
408.74 0.00630182762353
408.75 0.00641484773246
408.76 0.00652505426401
408.77 0.00663215717283
408.78 0.00673587402844
408.79 0.00683593085338
408.8 0.00693206295775
408.81 0.00702401576522
408.82 0.00711154562582
408.83 0.00719442061081
408.84 0.00727242128472
408.85 0.00734534145001
408.86 0.00741298885966
408.87 0.00747518589317
408.88 0.0075317701917
408.89 0.00758259524827
408.9 0.00762753094896
408.91 0.00766646406162
408.92 0.00769929866871
408.93 0.00772595654111
408.94 0.00774637745038
408.95 0.007760519417
408.96 0.00776835889261
408.97 0.0077698908747
408.98 0.00776512895266
408.99 0.00775410528413
409.0 0.00773687050168
409.01 0.00771349354944
409.02 0.00768406145049
409.03 0.00764867900566
409.04 0.0076074684251
409.05 0.00756056889417
409.06 0.00750813607577
409.07 0.00745034155141
409.08 0.00738737220372
409.09 0.0073194295434
409.1 0.00724672898397
409.11 0.0071694990678
409.12 0.0070879806472
409.13 0.00700242602464
409.14 0.00691309805617
409.15 0.00682026922241
409.16 0.0067242206714
409.17 0.00662524123799
409.18 0.00652362644411
409.19 0.00641967748461
409.2 0.00631370020304
409.21 0.00620600406211
409.22 0.00609690111295
409.23 0.00598670496773
409.24 0.00587572977967
409.25 0.00576428923462
409.26 0.00565269555791
409.27 0.00554125854038
409.28 0.00543028458691
409.29 0.00532007579073
409.3 0.00521092903669
409.31 0.00510313513609
409.32 0.0049969779958
409.33 0.00489273382386
409.34 0.00479067037365
409.35 0.00469104622845
409.36 0.0045941101279
409.37 0.0045001003377
409.38 0.00440924406358
409.39 0.00432175691038
409.4 0.00423784238691
409.41 0.00415769145688
409.42 0.00408148213623
409.43 0.00400937913679
409.44 0.00394153355616
409.45 0.0038780826135
409.46 0.00381914943077
409.47 0.00376484285891
409.48 0.00371525734819
409.49 0.00367047286205
409.5 0.0036305548335
409.51 0.00359555416322
409.52 0.00356550725841
409.53 0.00354043611123
409.54 0.00352034841603
409.55 0.00350523772413
409.56 0.00349508363513
409.57 0.00348985202367
409.58 0.00348949530069
409.59 0.00349395270795
409.6 0.00350315064483
409.61 0.00351700302649
409.62 0.00353541167222
409.63 0.00355826672301
409.64 0.00358544708738
409.65 0.00361682091453
409.66 0.00365224609359
409.67 0.00369157077835
409.68 0.00373463393605
409.69 0.0037812659196
409.7 0.00383128906189
409.71 0.00388451829128
409.72 0.00394076176711
409.73 0.003999821534
409.74 0.00406149419385
409.75 0.00412557159412
409.76 0.00419184153105
409.77 0.00426008846641
409.78 0.00433009425624
409.79 0.00440163888988
409.8 0.00447450123759
409.81 0.00454845980503
409.82 0.00462329349241
409.83 0.00469878235652
409.84 0.00477470837331
409.85 0.00485085619886
409.86 0.00492701392624
409.87 0.00500297383599
409.88 0.00507853313741
409.89 0.00515349469827
409.9 0.00522766776002
409.91 0.00530086863581
409.92 0.00537292138844
409.93 0.00544365848536
409.94 0.00551292142789
409.95 0.0055805613515
409.96 0.00564643959458
409.97 0.00571042823249
409.98 0.0057724105742
409.99 0.00583228161874
410.0 0.00588994846865
410.01 0.00594533069789
410.02 0.00599836067174
410.03 0.00604898381624
410.04 0.00609715883509
410.05 0.00614285787197
410.06 0.00618606661643
410.07 0.00622678435179
410.08 0.00626502394373
410.09 0.00630081176842
410.1 0.00633418757936
410.11 0.00636520431243
410.12 0.00639392782884
410.13 0.00642043659609
410.14 0.00644482130722
410.15 0.00646718443916
410.16 0.00648763975117
410.17 0.0065063117246
410.18 0.00652333494591
410.19 0.00653885343476
410.2 0.00655301991964
410.21 0.00656599506374
410.22 0.00657794664401
410.23 0.0065890486868
410.24 0.00659948056368
410.25 0.00660942605131
410.26 0.00661907235968
410.27 0.00662860913298
410.28 0.00663822742794
410.29 0.00664811867435
410.3 0.00665847362305
410.31 0.00666948128644
410.32 0.00668132787692
410.33 0.00669419574888
410.34 0.00670826234955
410.35 0.00672369918461
410.36 0.00674067080389
410.37 0.00675933381301
410.38 0.00677983591633
410.39 0.00680231499685
410.4 0.00682689823824
410.41 0.00685370129439
410.42 0.00688282751131
410.43 0.00691436720638
410.44 0.00694839700935
410.45 0.00698497926944
410.46 0.00702416153249
410.47 0.00706597609187
410.48 0.0071104396162
410.49 0.007157552857
410.5 0.00720730043855
410.51 0.00725965073209
410.52 0.00731455581582
410.53 0.00737195152187
410.54 0.00743175757083
410.55 0.00749387779392
410.56 0.00755820044242
410.57 0.00762459858347
410.58 0.00769293058078
410.59 0.00776304065838
410.6 0.00783475954492
410.61 0.00790790519559
410.62 0.00798228358836
410.63 0.00805768959041
410.64 0.00813390789069
410.65 0.0082107139936
410.66 0.00828787526878
410.67 0.00836515205134
410.68 0.00844229878668
410.69 0.00851906521363
410.7 0.00859519757943
410.71 0.0086704398798
410.72 0.00874453511716
410.73 0.00881722656984
410.74 0.00888825906509
410.75 0.00895738024858
410.76 0.00902434184307
410.77 0.00908890088898
410.78 0.00915082095949
410.79 0.00920987334323
410.8 0.00926583818752
410.81 0.00931850559533
410.82 0.00936767666969
410.83 0.00941316449904
410.84 0.00945479507804
410.85 0.00949240815797
410.86 0.00952585802205
410.87 0.00955501418077
410.88 0.00957976198331
410.89 0.00960000314141
410.9 0.00961565616254
410.91 0.00962665669012
410.92 0.00963295774855
410.93 0.0096345298921
410.94 0.00963136125667
410.95 0.00962345751453
410.96 0.00961084173248
410.97 0.00959355413459
410.98 0.00957165177127
410.99 0.00954520809703
411.0 0.00951431245985
411.01 0.00947906950563
411.02 0.00943959850172
411.03 0.0093960325841
411.04 0.00934851793316
411.05 0.00929721288357
411.06 0.00924228697401
411.07 0.00918391994302
411.08 0.00912230067751
411.09 0.00905762612061
411.1 0.00899010014603
411.11 0.00891993240597
411.12 0.00884733716005
411.13 0.00877253209248
411.14 0.00869573712506
411.15 0.00861717323325
411.16 0.0085370612727
411.17 0.00845562082333
411.18 0.00837306905812
411.19 0.00828961964315
411.2 0.00820548167555
411.21 0.00812085866555
411.22 0.00803594756828
411.23 0.00795093787102
411.24 0.00786601074065
411.25 0.00778133823603
411.26 0.00769708258926
411.27 0.00761339555946
411.28 0.00753041786204
411.29 0.00744827867593
411.3 0.00736709523075
411.31 0.00728697247528
411.32 0.00720800282794
411.33 0.0071302660096
411.34 0.00705382895843
411.35 0.0069787458258
411.36 0.00690505805187
411.37 0.00683279451905
411.38 0.00676197178073
411.39 0.00669259436251
411.4 0.00662465513258
411.41 0.00655813573747
411.42 0.006493007099
411.43 0.00642922996809
411.44 0.00636675553052
411.45 0.0063055260596
411.46 0.00624547561055
411.47 0.00618653075111
411.48 0.00612861132269
411.49 0.00607163122645
411.5 0.00601549922853
411.51 0.00596011977864
411.52 0.00590539383631
411.53 0.005851219699
411.54 0.00579749382672
411.55 0.0057441116575
411.56 0.00569096840871
411.57 0.00563795985895
411.58 0.00558498310603
411.59 0.00553193729629
411.6 0.00547872432128
411.61 0.0054252494778
411.62 0.00537142208782
411.63 0.00531715607529
411.64 0.00526237049681
411.65 0.005206990024
411.66 0.00515094537564
411.67 0.00509417369773
411.68 0.00503661889069
411.69 0.00497823188265
411.7 0.00491897084863
411.71 0.0048588013756
411.72 0.00479769657384
411.73 0.00473563713536
411.74 0.00467261134058
411.75 0.00460861501467
411.76 0.0045436514353
411.77 0.00447773119398
411.78 0.00441087201324
411.79 0.0043430985222
411.8 0.00427444199337
411.81 0.00420494004367
411.82 0.00413463630272
411.83 0.00406358005171
411.84 0.00399182583624
411.85 0.00391943305651
411.86 0.00384646553835
411.87 0.00377299108868
411.88 0.00369908103871
411.89 0.00362480977849
411.9 0.00355025428617
411.91 0.00347549365524
411.92 0.00340060862293
411.93 0.00332568110298
411.94 0.00325079372559
411.95 0.00317602938734
411.96 0.00310147081376
411.97 0.00302720013689
411.98 0.00295329849003
411.99 0.00287984562176
412.0 0.00280691953097
412.01 0.00273459612442
412.02 0.00266294889834
412.03 0.00259204864496
412.04 0.0025219631851
412.05 0.00245275712734
412.06 0.00238449165436
412.07 0.00231722433657
412.08 0.00225100897317
412.09 0.00218589546059
412.1 0.00212192968774
412.11 0.00205915345782
412.12 0.00199760443588
412.13 0.00193731612145
412.14 0.00187831784511
412.15 0.00182063478817
412.16 0.00176428802411
412.17 0.00170929458055
412.18 0.00165566752053
412.19 0.00160341604147
412.2 0.00155254559054
412.21 0.00150305799487
412.22 0.00145495160503
412.23 0.00140822145034
412.24 0.00136285940435
412.25 0.00131885435909
412.26 0.00127619240653
412.27 0.0012348570257
412.28 0.00119482927425
412.29 0.00115608798285
412.3 0.00111860995116
412.31 0.00108237014431
412.32 0.00104734188833
412.33 0.00101349706382
412.34 0.000980806296468
412.35 0.000949239143758
412.36 0.000918764276731
412.37 0.00088934965622
412.38 0.000860962702733
412.39 0.000833570459406
412.4 0.000807139747489
412.41 0.000781637313901
412.42 0.000757029970489
412.43 0.000733284724703
412.44 0.000710368901443
412.45 0.000688250255958
412.46 0.000666897077694
412.47 0.000646278285088
412.48 0.000626363511342
412.49 0.000607123181274
412.5 0.000588528579405
412.51 0.000570551909458
412.52 0.000553166345514
412.53 0.000536346075104
412.54 0.000520066334518
412.55 0.000504303436683
412.56 0.00048903479195
412.57 0.000474238922175
412.58 0.000459895468459
412.59 0.000445985192973
412.6 0.000432489975244
412.61 0.000419392803339
412.62 0.000406677760324
412.63 0.000394330006434
412.64 0.000382335757334
412.65 0.000370682258873
412.66 0.000359357758712
412.67 0.0003483514752
412.68 0.000337653563846
412.69 0.000327255081745
412.7 0.000317147950265
412.71 0.000307324916327
412.72 0.00029777951254
412.73 0.000288506016493
412.74 0.000279499409432
412.75 0.000270755334573
412.76 0.00026227005525
412.77 0.000254040413114
412.78 0.000246063786531
412.79 0.000238338049365
412.8 0.000230861530265
412.81 0.000223632972589
412.82 0.000216651495066
412.83 0.000209916553291
412.84 0.000203427902114
412.85 0.000197185559006
412.86 0.00019118976843
412.87 0.000185440967261
412.88 0.000179939751278
412.89 0.000174686842747
412.9 0.000169683059092
412.91 0.000164929282662
412.92 0.000160426431581
412.93 0.000156175431666
412.94 0.0001521771894
412.95 0.000148432565931
412.96 0.000144942352079
412.97 0.000141707244328
412.98 0.000138727821767
412.99 0.000136004523961
413.0 0.000133537629731
413.01 0.000131327236815
413.02 0.000129373242388
413.03 0.000127675324432
413.04 0.000126232923938
413.05 0.000125045227931
413.06 0.000124111153319
413.07 0.000123429331554
413.08 0.000122998094135
413.09 0.000122815458933
413.1 0.00012287911738
413.11 0.000123186422534
413.12 0.000123734378044
413.13 0.000124519628051
413.14 0.000125538448065
413.15 0.000126786736846
413.16 0.00012826000935
413.17 0.000129953390778
413.18 0.000131861611774
413.19 0.000133979004844
413.2 0.000136299502027
413.21 0.000138816633886
413.22 0.000141523529875
413.23 0.000144412920127
413.24 0.000147477138722
413.25 0.000150708128481
413.26 0.000154097447329
413.27 0.000157636276282
413.28 0.000161315429069
413.29 0.000165125363441
413.3 0.000169056194184
413.31 0.000173097707836
413.32 0.000177239379145
413.33 0.000181470389229
413.34 0.000185779645455
413.35 0.000190155802997
413.36 0.000194587288054
413.37 0.000199062322661
413.38 0.000203568951063
413.39 0.000208095067569
413.4 0.000212628445811
413.41 0.000217156769315
413.42 0.000221667663292
413.43 0.000226148727522
413.44 0.000230587570221
413.45 0.00023497184275
413.46 0.000239289275025
413.47 0.000243527711477
413.48 0.000247675147398
413.49 0.00025171976552
413.5 0.000255649972633
413.51 0.00025945443608
413.52 0.000263122119943
413.53 0.000266642320737
413.54 0.000270004702419
413.55 0.000273199330535
413.56 0.000276216705318
413.57 0.000279047793552
413.58 0.000281684059026
413.59 0.000284117491403
413.6 0.000286340633349
413.61 0.000288346605737
413.62 0.000290129130816
413.63 0.000291682553165
413.64 0.000293001858339
413.65 0.000294082689063
413.66 0.000294921358903
413.67 0.000295514863293
413.68 0.000295860887878
413.69 0.000295957814092
413.7 0.000295804721943
413.71 0.000295401389978
413.72 0.000294748292421
413.73 0.000293846593492
413.74 0.000292698138936
413.75 0.000291305444807
413.76 0.000289671683553
413.77 0.000287800667502
413.78 0.000285696829817
413.79 0.000283365203037
413.8 0.000280811395325
413.81 0.000278041564547
413.82 0.000275062390336
413.83 0.000271881044297
413.84 0.000268505158511
413.85 0.000264942792518
413.86 0.000261202398968
413.87 0.000257292788112
413.88 0.000253223091344
413.89 0.000249002723977
413.9 0.000244641347456
413.91 0.000240148831215
413.92 0.000235535214361
413.93 0.000230810667394
413.94 0.000225985454152
413.95 0.000221069894167
413.96 0.000216074325618
413.97 0.000211009069056
413.98 0.000205884392066
413.99 0.000200710475033
414.0 0.000195497378146
414.01 0.000190255009799
414.02 0.000184993096494
414.03 0.000179721154386
414.04 0.000174448462549
414.05 0.000169184038074
414.06 0.000163936613067
414.07 0.000158714613612
414.08 0.000153526140764
414.09 0.000148378953591
414.1 0.000143280454312
414.11 0.000138237675537
414.12 0.000133257269617
414.13 0.000128345500084
414.14 0.000123508235185
414.15 0.000118750943457
414.16 0.000114078691325
414.17 0.000109496142657
414.18 0.000105007560245
414.19 0.000100616809124
414.2 9.63273616862e-05
414.21 9.21423044994e-05
414.22 8.80643467642e-05
414.23 8.40958303242e-05
414.24 8.02387411499e-05
414.25 7.64947222119e-05
414.26 7.28650876607e-05
414.27 6.93508382282e-05
414.28 6.59526777723e-05
414.29 6.26710308831e-05
414.3 5.95060614754e-05
414.31 5.64576922975e-05
414.32 5.3525625287e-05
414.33 5.07093627133e-05
414.34 4.80082290515e-05
414.35 4.5421393539e-05
414.36 4.29478933724e-05
414.37 4.0586657513e-05
414.38 3.83365310721e-05
414.39 3.61963002618e-05
414.4 3.41647178999e-05
414.41 3.22405294701e-05
414.42 3.04224997455e-05
414.43 2.8709439993e-05
414.44 2.71002357842e-05
414.45 2.55938754481e-05
414.46 2.41894792075e-05
414.47 2.28863290506e-05
414.48 2.16838993959e-05
414.49 2.05818886154e-05
414.5 1.95802514888e-05
414.51 1.86792326647e-05
414.52 1.78794012128e-05
414.53 1.71816863536e-05
414.54 1.65874144547e-05
414.55 1.60983473868e-05
414.56 1.5716722332e-05
414.57 1.54452931384e-05
414.58 1.52873733121e-05
414.59 1.52468807356e-05
414.6 1.53283841979e-05
414.61 1.55371518154e-05
414.62 1.58792014143e-05
414.63 1.63613529385e-05
414.64 1.69912829339e-05
414.65 1.7777581148e-05
414.66 1.872980927e-05
414.67 1.98585618186e-05
414.68 2.11755291671e-05
414.69 2.26935626744e-05
414.7 2.44267418682e-05
414.71 2.63904436014e-05
414.72 2.86014130757e-05
414.73 3.10778365988e-05
414.74 3.38394159094e-05
414.75 3.69074438705e-05
414.76 4.03048812999e-05
414.77 4.4056434666e-05
414.78 4.81886343422e-05
414.79 5.27299130705e-05
414.8 5.77106842466e-05
414.81 6.31634195929e-05
414.82 6.91227257461e-05
414.83 7.5625419239e-05
414.84 8.27105993133e-05
414.85 9.0419717956e-05
414.86 9.87966465063e-05
414.87 0.000107887738137
414.88 0.000117741885472
414.89 0.000128410572562
414.9 0.000139947920402
414.91 0.000152410725122
414.92 0.000165858487987
414.93 0.000180353436265
414.94 0.00019596053403
414.95 0.000212747481931
414.96 0.000230784704952
414.97 0.000250145327158
414.98 0.000270905132441
414.99 0.000293142510278
415.0 0.000316938385501
415.01 0.000342376131136
415.02 0.000369541463367
415.03 0.000398522317717
415.04 0.000429408705609
415.05 0.000462292550497
415.06 0.000497267502837
415.07 0.000534428733248
415.08 0.00057387270329
415.09 0.000615696913384
415.1 0.000659999627528
415.11 0.000706879574545
415.12 0.00075643562577
415.13 0.00080876644919
415.14 0.000863970140223
415.15 0.000922143829472
415.16 0.000983383267954
415.17 0.00104778239049
415.18 0.00111543285815
415.19 0.00118642358071
415.2 0.00126084022053
415.21 0.00133876467914
415.22 0.00142027456831
415.23 0.00150544266733
415.24 0.00159433636873
415.25 0.00168701711443
415.26 0.00178353982509
415.27 0.00188395232496
415.28 0.00198829476535
415.29 0.00209659904947
415.3 0.00220888826193
415.31 0.00232517610617
415.32 0.00244546635321
415.33 0.00256975230527
415.34 0.00269801627798
415.35 0.00283022910479
415.36 0.00296634966739
415.37 0.00310632445593
415.38 0.00325008716288
415.39 0.00339755831423
415.4 0.00354864494181
415.41 0.00370324030032
415.42 0.00386122363265
415.43 0.00402245998689
415.44 0.00418680008816
415.45 0.00435408026836
415.46 0.00452412245666
415.47 0.00469673423311
415.48 0.00487170894779
415.49 0.00504882590732
415.5 0.00522785063027
415.51 0.00540853517283
415.52 0.00559061852546
415.53 0.00577382708093
415.54 0.00595787517384
415.55 0.00614246569108
415.56 0.00632729075233
415.57 0.00651203245939
415.58 0.00669636371227
415.59 0.00687994909001
415.6 0.00706244579323
415.61 0.00724350464545
415.62 0.00742277114925
415.63 0.00759988659337
415.64 0.00777448920616
415.65 0.00794621535046
415.66 0.00811470075458
415.67 0.00827958177383
415.68 0.00844049667659
415.69 0.0085970869487
415.7 0.00874899860972
415.71 0.0088958835343
415.72 0.00903740077204
415.73 0.0091732178586
415.74 0.00930301211131
415.75 0.00942647190208
415.76 0.00954329790076
415.77 0.00965320428181
415.78 0.00975591988776
415.79 0.00985118934258
415.8 0.00993877410877
415.81 0.0100184534819
415.82 0.0100900255171
415.83 0.0101533078813
415.84 0.0102081386273
415.85 0.0102543768843
415.86 0.0102919034606
415.87 0.010320621356
415.88 0.0103404561791
415.89 0.0103513564684
415.9 0.0103532939154
415.91 0.0103462634861
415.92 0.0103302834437
415.93 0.010305395269
415.94 0.010271663481
415.95 0.0102291753588
415.96 0.0101780405646
415.97 0.0101183906724
415.98 0.0100503786041
415.99 0.00997417797601
416.0 0.00988998236089
416.01 0.00979800446843
416.02 0.00969847525031
416.03 0.00959164293442
416.04 0.00947777199406
416.05 0.00935714205805
416.06 0.00923004676817
416.07 0.00909679259031
416.08 0.0089576975861
416.09 0.00881309015193
416.1 0.00866330773229
416.11 0.00850869551447
416.12 0.00834960511164
416.13 0.00818639324127
416.14 0.00801942040584
416.15 0.00784904958255
416.16 0.00767564492847
416.17 0.00749957050774
416.18 0.00732118904665
416.19 0.00714086072249
416.2 0.00695894199156
416.21 0.00677578446151
416.22 0.00659173381257
416.23 0.00640712877215
416.24 0.00622230014639
416.25 0.00603756991237
416.26 0.00585325037367
416.27 0.00566964338203
416.28 0.00548703962684
416.29 0.0053057179943
416.3 0.00512594499719
416.31 0.00494797427586
416.32 0.00477204617078
416.33 0.0045983873663
416.34 0.00442721060496
416.35 0.00425871447135
416.36 0.00409308324412
416.37 0.00393048681423
416.38 0.00377108066748
416.39 0.00361500592883
416.4 0.00346238946587
416.41 0.00331334404844
416.42 0.00316796856138
416.43 0.003026348267
416.44 0.00288855511385
416.45 0.00275464808812
416.46 0.00262467360405
416.47 0.0024986659296
416.48 0.00237664764351
416.49 0.00225863012003
416.5 0.00214461403749
416.51 0.00203458990697
416.52 0.00192853861747
416.53 0.00182643199384
416.54 0.00172823336416
416.55 0.0016338981331
416.56 0.00154337435803
416.57 0.00145660332496
416.58 0.00137352012121
416.59 0.00129405420231
416.6 0.00121812995039
416.61 0.00114566722191
416.62 0.00107658188243
416.63 0.00101078632663
416.64 0.000948189981733
416.65 0.00088869979278
416.66 0.000832220688559
416.67 0.000778656026892
416.68 0.00072790801842
416.69 0.00067987812809
416.7 0.000634467453777
416.71 0.000591577081616
416.72 0.000551108417802
416.73 0.000512963496766
416.74 0.00047704526577
416.75 0.000443257846123
416.76 0.000411506771296
416.77 0.000381699202401
416.78 0.000353744121514
416.79 0.0003275525035
416.8 0.000303037467004
416.81 0.000280114405406
416.82 0.000258701098546
416.83 0.000238717806111
416.84 0.000220087343603
416.85 0.000202735141839
416.86 0.000186589290954
416.87 0.000171580569903
416.88 0.00015764246245
416.89 0.000144711160648
416.9 0.000132725556795
416.91 0.000121627224835
416.92 0.000111360392178
416.93 0.000101871902858
416.94 9.31111729354e-05
416.95 8.50301390399e-05
416.96 7.75832008654e-05
416.97 7.07271584449e-05
416.98 6.44211449586e-05
416.99 5.86265558033e-05
417.0 5.33069746034e-05
417.01 4.84280968059e-05
417.02 4.39576514512e-05
417.03 3.98653216769e-05
417.04 3.61226644612e-05
417.05 3.27030300747e-05
417.06 2.95814816663e-05
417.07 2.67347153676e-05
417.08 2.41409812629e-05
417.09 2.17800055314e-05
417.1 1.96329140346e-05
417.11 1.76821575853e-05
417.12 1.59114391031e-05
417.13 1.43056428294e-05
417.14 1.28507657474e-05
417.15 1.15338513225e-05
417.16 1.0342925658e-05
417.17 9.26693613285e-06
417.18 8.29569257066e-06
417.19 7.41981096721e-06
417.2 6.63065978811e-06
417.21 5.9203088307e-06
417.22 5.28148063124e-06
417.23 4.70750438539e-06
417.24 4.19227233904e-06
417.25 3.73019859723e-06
417.26 3.3161802905e-06
417.27 2.94556103116e-06
417.28 2.61409658635e-06
417.29 2.31792269023e-06
417.3 2.05352491388e-06
417.31 1.81771050893e-06
417.32 1.60758213938e-06
417.33 1.42051341453e-06
417.34 1.25412613615e-06
417.35 1.10626917289e-06
417.36 9.74998875875e-07
417.37 8.58560950671e-07
417.38 7.55373702522e-07
417.39 6.64012573667e-07
417.4 5.83195893933e-07
417.41 5.11771768321e-07
417.42 4.48706027998e-07
417.43 3.9307117403e-07
417.44 3.44036246143e-07
417.45 3.00857551886e-07
417.46 2.6287019465e-07
417.47 2.29480342123e-07
417.48 2.00158179876e-07
417.49 1.74431497849e-07
417.5 1.51879860502e-07
417.51 1.32129314416e-07
417.52 1.14847589944e-07
417.53 9.97397563637e-08
417.54 8.65442926195e-08
417.55 7.50295383899e-08
417.56 6.49904926408e-08
417.57 5.62459292228e-08
417.58 4.8635801305e-08
417.59 4.20189085727e-08
417.6 3.62708031291e-08
417.61 3.12819119388e-08
417.62 2.695585544e-08
417.63 2.32079436172e-08
417.64 1.99638324006e-08
417.65 1.71583247095e-08
417.66 1.47343018226e-08
417.67 1.26417720159e-08
417.68 1.08370245817e-08
417.69 9.28187842221e-09
417.7 7.94301541043e-09
417.71 6.79138963084e-09
417.72 5.80170445771e-09
417.73 4.95195020475e-09
417.74 4.22299579039e-09
417.75 3.5982285126e-09
417.76 3.06323662003e-09
417.77 2.60552990615e-09
417.78 2.21429404441e-09
417.79 1.8801748284e-09
417.8 1.59508888486e-09
417.81 1.35205779354e-09
417.82 1.14506287822e-09
417.83 9.68918231148e-10
417.84 8.19159801925e-10
417.85 6.91948623113e-10
417.86 5.83986461659e-10
417.87 4.92442379662e-10
417.88 4.14888861965e-10
417.89 3.49246323629e-10
417.9 2.93734949197e-10
417.91 2.46832939416e-10
417.92 2.07240351276e-10
417.93 1.73847815127e-10
417.94 1.45709499579e-10
417.95 1.22019771922e-10
417.96 1.02093070022e-10
417.97 8.5346561927e-11
417.98 7.12852226753e-11
417.99 5.9489004688e-11
418.0 4.96018194897e-11
418.01 4.13220848158e-11
418.02 3.43946230818e-11
418.03 2.86037251824e-11
418.04 2.37672181032e-11
418.05 1.97313962758e-11
418.06 1.63666953529e-11
418.07 1.35640034285e-11
418.08 1.12315189881e-11
418.09 9.29207727764e-12
418.1 7.68087757108e-12
418.11 6.34355318014e-12
418.12 5.23453417872e-12
418.13 4.31565984869e-12
418.14 3.5550039449e-12
418.15 2.92588113865e-12
418.16 2.40600754076e-12
418.17 1.97679212132e-12
418.18 1.62273921463e-12
418.19 1.33094519801e-12
418.2 1.09067492461e-12
418.21 8.9300562782e-13
418.22 7.3052784745e-13
418.23 5.97094496289e-13
418.24 4.87610526954e-13
418.25 3.9785680468e-13
418.26 3.24342769114e-13
418.27 2.64183301111e-13
418.28 2.14995919589e-13
418.29 1.74815036379e-13
418.3 1.42020508998e-13
418.31 1.15278165656e-13
418.32 9.34903449384e-14
418.33 7.5754804118e-14
418.34 6.1330613565e-14
418.35 4.96098771882e-14
418.36 4.00943065784e-14
418.37 3.23758347201e-14
418.38 2.61205883091e-14
418.39 2.10556497002e-14
418.4 1.69581335706e-14
418.41 1.36461823119e-14
418.42 1.09715503147e-14
418.43 8.81350269341e-15
418.44 7.07380032338e-15
418.45 5.67258175821e-15
418.46 4.54498489309e-15
418.47 3.63837816364e-15
418.48 2.9100934908e-15
418.49 2.32557183488e-15
418.5 1.85684772135e-15
418.51 1.48131196768e-15
418.52 1.18070251027e-15
418.53 9.40282068657e-16
418.54 7.48168697982e-16
418.55 5.9479132631e-16
418.56 4.72447365666e-16
418.57 3.74943603766e-16
418.58 2.97304976877e-16
418.59 2.35538617653e-16
418.6 1.8644286887e-16
418.61 1.47452840982e-16
418.62 1.16515639894e-16
418.63 9.19896607472e-17
418.64 7.25633830658e-17
418.65 5.71899530337e-17
418.66 4.5034533668e-17
418.67 3.54319710632e-17
418.68 2.78527876242e-17
418.69 2.18758902219e-17
418.7 1.7166688056e-17
418.71 1.34595645019e-17
418.72 1.05438498619e-17
418.73 8.25260637125e-18
418.74 6.45367009553e-18
418.75 5.04250228438e-18
418.76 3.93649005673e-18
418.77 3.07040685107e-18
418.78 2.39280003628e-18
418.79 1.86311901933e-18
418.8 1.44943419998e-18
418.81 1.12662691464e-18
418.82 8.74954466154e-19
418.83 6.78913578839e-19
418.84 5.26341059333e-19
418.85 4.07702822368e-19
418.86 3.15532354471e-19
418.87 2.43987620091e-19
418.88 1.88501754175e-19
418.89 1.4550794719e-19
418.9 1.12222966334e-19
418.91 8.64769744687e-20
418.92 6.65798698684e-20
418.93 5.1216407203e-20
418.94 3.93639788673e-20
418.95 3.02282205847e-20
418.96 2.31926240405e-20
418.97 1.77791463869e-20
418.98 1.36174451938e-20
418.99 1.04208724163e-20
419.0 7.96775981737e-21
419.01 6.08684302665e-21
419.02 4.64591951813e-21
419.03 3.54303118559e-21
419.04 2.69961591829e-21
419.05 2.05519340724e-21
419.06 1.56324528849e-21
419.07 1.1880241561e-21
419.08 9.02084304586e-22
419.09 6.84372727473e-22
419.1 5.18754616659e-22
419.11 3.9287551886e-22
419.12 2.97284093839e-22
419.13 2.2475641219e-22
419.14 1.69775970274e-22
419.15 1.28133905631e-22
419.16 9.66219102484e-23
419.17 7.27965650356e-23
419.18 5.47986510286e-23
419.19 4.12147396257e-23
419.2 3.09712665508e-23
419.21 2.32535403637e-23
419.22 1.74438729233e-23
419.23 1.30743605456e-23
419.24 9.79087965716e-24
419.25 7.32565868824e-24
419.26 5.4764025107e-24
419.27 4.09041859313e-24
419.28 3.05255754151e-24
419.29 2.27605984665e-24
419.3 1.69561483529e-24
419.31 1.26210198737e-24
419.32 9.38610495264e-25
419.33 6.97429115748e-25
419.34 5.17771872991e-25
419.35 3.84061299864e-25
419.36 2.84633722704e-25
419.37 2.10763727579e-25
419.38 1.55929792662e-25
419.39 1.15261971687e-25
419.4 8.51268767911e-26
419.41 6.28161142647e-26
419.42 4.63125984387e-26
419.43 3.41154372137e-26
419.44 2.51088283043e-26
419.45 1.84639946227e-26
419.46 1.35658995051e-26
419.47 9.95853005859e-27
419.48 7.30408122483e-27
419.49 5.35253680376e-27
419.5 3.91901966514e-27
419.51 2.86694219003e-27
419.52 2.09548299737e-27
419.53 1.53028760092e-27
419.54 1.11656931854e-27
419.55 8.13995554509e-28
419.56 5.92900871432e-28
419.57 4.31485153112e-28
419.58 3.13742488824e-28
419.59 2.27931595459e-28
419.6 1.65447205498e-28
419.61 1.1998806624e-28
419.62 8.69441537633e-29
419.63 6.29457522301e-29
419.64 4.55319430061e-29
419.65 3.29071030862e-29
419.66 2.3762210146e-29
419.67 1.71438250236e-29
419.68 1.2358117813e-29
419.69 8.90062798217e-30
419.7 6.40490481492e-30
419.71 4.60498715498e-30
419.72 3.30801811255e-30
419.73 2.37427514959e-30
419.74 1.70262077269e-30
419.75 1.21991204907e-30
419.76 8.73298725914e-31
419.77 6.24627131928e-31
419.78 4.46377787713e-31
419.79 3.18719047373e-31
419.8 2.27372100764e-31
419.81 1.62065301916e-31
419.82 1.15416160664e-31
419.83 8.21233990981e-32
419.84 5.83836069555e-32
419.85 4.14704397442e-32
419.86 2.94313424033e-32
419.87 2.08691718134e-32
419.88 1.47850933299e-32
419.89 1.0465660409e-32
419.9 7.4017245546e-33
419.91 5.23025559398e-33
419.92 3.69263701228e-33
419.93 2.60479792179e-33
419.94 1.8358414343e-33
419.95 1.29276626569e-33
419.96 9.09554164377e-34
419.97 6.39382631809e-34
419.98 4.49072866968e-34
419.99 3.15134904894e-34
420.0 2.20953006252e-34
420.01 1.54784344822e-34
420.02 1.08337264134e-34
420.03 7.57621703563e-35
420.04 5.29359441264e-35
420.05 3.69549510703e-35
420.06 2.5776165554e-35
420.07 1.79633654692e-35
420.08 1.2507796643e-35
420.09 8.70157023703e-36
420.1 6.04836735833e-36
420.11 4.20051368864e-36
420.12 2.91467650537e-36
420.13 2.02070087078e-36
420.14 1.39970788625e-36
420.15 9.68716066943e-37
420.16 6.69852694754e-37
420.17 4.6279198326e-37
420.18 3.19459684327e-37
420.19 2.20328156962e-37
420.2 1.51826526928e-37
420.21 1.04531943725e-37
420.22 7.19074862539e-38
420.23 4.9422294057e-38
420.24 3.39387158953e-38
420.25 2.32858247595e-38
420.26 1.596289128e-38
420.27 1.09333990462e-38
420.28 7.48208357925e-39
420.29 5.11580077879e-39
420.3 3.4948489076e-39
420.31 2.38543121601e-39
420.32 1.6267810478e-39
420.33 1.10844723066e-39
420.34 7.54613644655e-40
420.35 5.13284319687e-40
420.36 3.48830984149e-40
420.37 2.36862234373e-40
420.38 1.60694237337e-40
420.39 1.08925232681e-40
420.4 7.37701051295e-41
420.41 4.99178671533e-41
420.42 3.37485681671e-41
420.43 2.27970365503e-41
420.44 1.53859795758e-41
420.45 1.03751795246e-41
420.46 6.99020321119e-42
420.47 4.70552077113e-42
420.48 3.16482208758e-42
420.49 2.12674107776e-42
420.5 1.42791925714e-42
420.51 9.57891664769e-43
420.52 6.42026346437e-43
420.53 4.29945115025e-43
420.54 2.8767154117e-43
420.55 1.92311162733e-43
420.56 1.284505002e-43
420.57 8.57217085292e-44
420.58 5.71570162762e-44
420.59 3.80778126931e-44
420.6 2.53453416248e-44
420.61 1.68557475438e-44
420.62 1.1200092235e-44
420.63 7.43564920805e-45
420.64 4.93219114359e-45
420.65 3.26877191365e-45
420.66 2.16447736672e-45
420.67 1.43200717035e-45
420.68 9.46588118144e-46
420.69 6.25173581637e-46
420.7 4.12537942912e-46
420.71 2.71988719484e-46
420.72 1.79168475584e-46
420.73 1.1792232066e-46
420.74 7.75450621799e-47
420.75 5.09490384748e-47
420.76 3.34457969268e-47
420.77 2.19366758187e-47
420.78 1.43755277889e-47
420.79 9.41240253803e-48
420.8 6.15745006499e-48
420.81 4.02462126258e-48
420.82 2.62828737286e-48
420.83 1.71492208128e-48
420.84 1.11799445261e-48
420.85 7.28213318175e-49
420.86 4.73915920809e-49
420.87 3.08153917003e-49
420.88 2.00197107692e-49
420.89 1.29948603776e-49
420.9 8.42770157677e-50
420.91 5.46097756994e-50
420.92 3.53553669473e-50
420.93 2.28698869545e-50
420.94 1.47807475424e-50
420.95 9.54448485315e-51
420.96 6.1578952846e-51
420.97 3.96950010965e-51
420.98 2.55660156029e-51
420.99 1.64518216769e-51
421.0 1.05776367785e-51
421.01 6.79496178725e-52
421.02 4.36123109732e-52
421.03 2.79675803199e-52
421.04 1.79194386376e-52
421.05 1.14714315832e-52
421.06 7.33727084414e-53
421.07 4.68894560436e-53
421.08 2.99391558489e-53
421.09 1.90997472379e-53
421.1 1.21741711045e-53
421.11 7.75309124722e-54
421.12 4.93326109966e-54
421.13 3.13629583019e-54
421.14 1.99215741429e-54
421.15 1.26431123159e-54
421.16 8.01692927879e-55
421.17 5.07908898235e-55
421.18 3.215046828e-55
421.19 2.03335167063e-55
421.2 1.28487655116e-55
421.21 8.11211357322e-56
421.22 5.11717599406e-56
421.23 3.22515356148e-56
421.24 2.03092625645e-56
421.25 1.27779629141e-56
421.26 8.03253829721e-57
421.27 5.04507583663e-57
421.28 3.16596642869e-57
421.29 1.98503708325e-57
421.3 1.24352538689e-57
421.31 7.7833112857e-58
421.32 4.86740917611e-58
421.33 3.04127033333e-58
421.34 1.89861062573e-58
421.35 1.18424211338e-58
421.36 7.38021149728e-59
421.37 4.59537361973e-59
421.38 2.85888415979e-59
421.39 1.77703508517e-59
421.4 1.10361897539e-59
421.41 6.84803589551e-60
421.42 4.24557590358e-60
421.43 2.62984955001e-60
421.44 1.62760460685e-60
421.45 1.00644635084e-60
421.46 6.21807650522e-61
421.47 3.83835558508e-61
421.48 2.36732596724e-61
421.49 1.45879622583e-61
421.5 8.98162488012e-62
421.51 5.52508427574e-62
421.52 3.39583526038e-62
421.53 2.08534556464e-62
421.54 1.27947900607e-62
421.55 7.84353806361e-63
421.56 4.80412794484e-63
421.57 2.93995602432e-63
421.58 1.79759071423e-63
421.59 1.098157192e-63
421.6 6.7028872922e-64
421.61 4.08773784734e-64
421.62 2.49073697426e-64
421.63 1.51633937319e-64
421.64 9.22334956478e-65
421.65 5.60537455713e-65
421.66 3.40364549191e-65
421.67 2.06494131609e-65
421.68 1.25168434539e-65
421.69 7.58063593492e-66
421.7 4.58712074034e-66
421.71 2.77330998866e-66
421.72 1.67525287767e-66
421.73 1.01108121553e-66
421.74 6.09698917085e-67
421.75 3.67340250594e-67
421.76 2.21128807926e-67
421.77 1.32998224724e-67
421.78 7.99226868791e-68
421.79 4.79863834529e-68
421.8 2.87865538479e-68
421.81 1.7253811388e-68
421.82 1.03324694053e-68
421.83 6.18225511161e-69
421.84 3.69584227751e-69
421.85 2.20751492474e-69
421.86 1.31739976097e-69
421.87 7.85516342087e-70
421.88 4.67968457717e-70
421.89 2.78549030257e-70
421.9 1.65657244331e-70
421.91 9.84334998797e-71
421.92 5.84385099568e-71
421.93 3.46640301126e-71
421.94 2.05438901969e-71
421.95 1.21649416335e-71
421.96 7.19715882099e-72
421.97 4.254375861e-72
421.98 2.51266353865e-72
421.99 1.4827110772e-72
422.0 8.74183165916e-73
422.01 5.14958295325e-73
422.02 3.03085661025e-73
422.03 1.78230668002e-73
422.04 1.04718446723e-73
422.05 6.14734604745e-74
422.06 3.60558587025e-74
422.07 2.11294278668e-74
422.08 1.2371528061e-74
422.09 7.23740146503e-75
422.1 4.23024670593e-75
422.11 2.47042936191e-75
422.12 1.44146100245e-75
422.13 8.40343928981e-76
422.14 4.89479997186e-76
422.15 2.8486332774e-76
422.16 1.65638714124e-76
422.17 9.62300851003e-77
422.18 5.58577710828e-77
422.19 3.23951538169e-77
422.2 1.87715529753e-77
422.21 1.08678609442e-77
422.22 6.28653959071e-78
422.23 3.63331414387e-78
422.24 2.09806025413e-78
422.25 1.2104773739e-78
422.26 6.97780949118e-79
422.27 4.0188819796e-79
422.28 2.31267768412e-79
422.29 1.32968472367e-79
422.3 7.63846268512e-80
422.31 4.38416565932e-80
422.32 2.51415276664e-80
422.33 1.44052262132e-80
422.34 8.24654844712e-81
422.35 4.7168064892e-81
422.36 2.69555139296e-81
422.37 1.53911434533e-81
422.38 8.78047211816e-82
422.39 5.00482115506e-82
422.4 2.85025010215e-82
422.41 1.6218141661e-82
422.42 9.22025477484e-83
422.43 5.23731223666e-83
422.44 2.97233478119e-83
422.45 1.68542989599e-83
422.46 9.54876873829e-84
422.47 5.40515023962e-84
422.48 3.05697492996e-84
422.49 1.72742697367e-84
422.5 9.75284290844e-85
422.51 5.50156785316e-85
422.52 3.10074056475e-85
422.53 1.74609593208e-85
422.54 9.82413864173e-86
422.55 5.52261257515e-86
422.56 3.10183280439e-86
422.57 1.74066783554e-86
422.58 9.75971502016e-87
422.59 5.46741552141e-87
422.6 3.06020653746e-87
422.61 1.71136682277e-87
422.62 9.56223011054e-88
422.63 5.33825094151e-88
422.64 2.97757351333e-88
422.65 1.65939475234e-88
422.66 9.23975901961e-89
422.67 5.14038075996e-89
422.68 2.8572855619e-89
422.69 1.58684941635e-89
422.7 8.80524610133e-90
422.71 4.88169895205e-90
422.72 2.704109045e-90
422.73 1.4965840785e-90
422.74 8.2756431035e-91
422.75 4.57220924828e-91
422.76 2.52391168961e-91
422.77 1.39202144181e-91
422.78 7.670813206e-92
422.79 4.22338430923e-92
422.8 2.32329046177e-92
422.81 1.27693893528e-92
422.82 7.01229957776e-93
422.83 3.84746348255e-93
422.84 2.10917329467e-93
422.85 1.15524403229e-93
422.86 6.32206440914e-94
422.87 3.45674872235e-94
422.88 1.88842794447e-94
422.89 1.03075805722e-94
422.9 5.62130009248e-95
422.91 3.06295428941e-95
422.92 1.66750817981e-95
422.93 9.07024760606e-96
422.94 4.92939959789e-96
422.95 2.67665637213e-96
422.96 1.45216153078e-96
422.97 7.87156249142e-97
422.98 4.26315065159e-97
422.99 2.30687533178e-97
423.0 1.24721487671e-97
423.01 6.73724207806e-98
423.02 3.63619139623e-98
423.03 1.96080781803e-98
423.04 1.05644535349e-98
423.05 5.68699383293e-99
423.06 3.05873737484e-99
423.07 1.64371052021e-99
423.08 8.82535516979e-100
423.09 4.73437617461e-100
423.1 2.53756423581e-100
423.11 1.35892359632e-100
423.12 7.27104357411e-101
423.13 3.88706826065e-101
423.14 2.0762101022e-101
423.15 1.10801118606e-101
423.16 5.9080029355e-102
423.17 3.14746545691e-102
423.18 1.67534770482e-102
423.19 8.9098963134e-103
423.2 4.73439029585e-103
423.21 2.51350166762e-103
423.22 1.33326970266e-103
423.23 7.06611262642e-104
423.24 3.74168146796e-104
423.25 1.97959698194e-104
423.26 1.0464306836e-104
423.27 5.52672506765e-105
423.28 2.91641261636e-105
423.29 1.53763688527e-105
423.3 8.09994968299e-106
423.31 4.26318879884e-106
423.32 2.24187050778e-106
423.33 1.17790480643e-106
423.34 6.18348877236e-107
423.35 3.24325182917e-107
423.36 1.69961861622e-107
423.37 8.89909820693e-108
423.38 4.65547750129e-108
423.39 2.43335894974e-108
423.4 1.2707842834e-108
423.41 6.63072788001e-109
423.42 3.45680027494e-109
423.43 1.80057444909e-109
423.44 9.37069042896e-110
423.45 4.8725444639e-110
423.46 2.53141729898e-110
423.47 1.31400007141e-110
423.48 6.81476283924e-111
423.49 3.53126098983e-111
423.5 1.82823744412e-111
423.51 9.45712424496e-112
423.52 4.88775357955e-112
423.53 2.52396438664e-112
423.54 1.3022094883e-112
423.55 6.71277670039e-113
423.56 3.45738113874e-113
423.57 1.77916418974e-113
423.58 9.14762834352e-114
423.59 4.69920841339e-114
423.6 2.41192952865e-114
423.61 1.23688190144e-114
423.62 6.33746490834e-115
423.63 3.24434188108e-115
423.64 1.65943929822e-115
423.65 8.48046841488e-116
423.66 4.33014085557e-116
423.67 2.20906207153e-116
423.68 1.12599776097e-116
423.69 5.73443781103e-117
423.7 2.91788304252e-117
423.71 1.483435355e-117
423.72 7.53517049347e-118
423.73 3.82420578046e-118
423.74 1.93915773304e-118
423.75 9.82446097395e-119
423.76 4.97310970468e-119
423.77 2.51519151958e-119
423.78 1.27097729686e-119
423.79 6.4169438382e-120
423.8 3.2369977401e-120
423.81 1.63147441154e-120
423.82 8.21564848954e-121
423.83 4.13358759196e-121
423.84 2.07795506946e-121
423.85 1.04368363367e-121
423.86 5.23751531784e-122
423.87 2.62606487949e-122
423.88 1.31555590856e-122
423.89 6.58471344396e-123
423.9 3.29297294717e-123
423.91 1.64536842297e-123
423.92 8.21413556765e-124
423.93 4.09717285489e-124
423.94 2.04188096094e-124
423.95 1.01671742118e-124
423.96 5.05817467808e-125
423.97 2.51426525357e-125
423.98 1.24868264765e-125
423.99 6.19607651308e-126
424.0 3.07188660402e-126
424.01 1.52165886522e-126
424.02 7.53100842696e-127
424.03 3.72402578257e-127
424.04 1.83990727702e-127
424.05 9.08244773959e-128
424.06 4.47954177066e-128
424.07 2.20743531484e-128
424.08 1.08684120227e-128
424.09 5.34647960838e-129
424.1 2.62780689482e-129
424.11 1.29045449093e-129
424.12 6.33163179685e-130
424.13 3.10393288395e-130
424.14 1.52031193557e-130
424.15 7.44006621385e-131
424.16 3.63784850008e-131
424.17 1.77719928274e-131
424.18 8.67463804034e-132
424.19 4.23048644622e-132
424.2 2.06135583086e-132
424.21 1.00355074272e-132
424.22 4.88145645795e-133
424.23 2.37237432602e-133
424.24 1.15196881794e-133
424.25 5.58884344339e-134
424.26 2.70911148428e-134
424.27 1.31206552065e-134
424.28 6.34903733772e-135
424.29 3.06961530627e-135
424.3 1.48280395221e-135
424.31 7.15660801636e-136
424.32 3.45107532662e-136
424.33 1.66274388535e-136
424.34 8.00423798187e-137
424.35 3.8498015079e-137
424.36 1.85003692443e-137
424.37 8.88272398046e-138
424.38 4.26123661782e-138
424.39 2.04243783095e-138
424.4 9.78105619989e-139
424.41 4.68000562427e-139
424.42 2.2373334112e-139
424.43 1.06865803125e-139
424.44 5.10000394664e-140
424.45 2.43178952232e-140
424.46 1.15852434969e-140
424.47 5.51452439025e-141
424.48 2.62261578108e-141
424.49 1.24619209175e-141
424.5 5.91642037725e-142
424.51 2.80644651545e-142
424.52 1.33008142436e-142
424.53 6.29830081144e-143
424.54 2.97983544873e-143
424.55 1.40859089912e-143
424.56 6.6527497358e-144
424.57 3.13936062721e-144
424.58 1.48014731099e-144
424.59 6.97256202602e-145
424.6 3.28173527032e-145
424.61 1.54325756828e-145
424.62 7.25098486787e-146
424.63 3.40391960831e-146
424.64 1.59656021564e-146
424.65 7.48195382853e-147
424.66 3.50322843413e-147
424.67 1.63887414199e-147
424.68 7.66031205011e-148
424.69 3.57742907444e-148
424.7 1.66924204659e-148
424.71 7.78200152392e-149
424.72 3.624824795e-149
424.73 1.6869664316e-149
424.74 7.84421654545e-150
424.75 3.64431929205e-150
424.76 1.69163623224e-150
424.77 7.84551124837e-151
424.78 3.63545884683e-151
424.79 1.68314266475e-151
424.8 7.78585546261e-152
424.81 3.5984498799e-152
424.82 1.66168343903e-152
424.83 7.66663588298e-153
424.84 3.53415095704e-153
424.85 1.6277551081e-153
424.86 7.49060248543e-154
424.87 3.4440396788e-154
424.88 1.58213396787e-154
424.89 7.26176308192e-155
424.9 3.33015623688e-155
424.91 1.52584653303e-155
424.92 6.98523165982e-156
424.93 3.19502664802e-156
424.94 1.46013115693e-156
424.95 6.6670385184e-157
424.96 3.04156969747e-157
424.97 1.38639279841e-157
424.98 6.31391203887e-158
424.99 2.8729923748e-158
425.0 1.30615323944e-158
425.01 5.93304309555e-159
425.02 2.69267901942e-159
425.03 1.22099920876e-159
425.04 5.53184357611e-160
425.05 2.50407949603e-160
425.06 1.13253086233e-160
425.07 5.1177102268e-161
425.08 2.31060149688e-161
425.09 1.04231292082e-161
425.1 4.69780412638e-162
425.11 2.1155115517e-162
425.12 9.51830484046e-163
425.13 4.2788546186e-163
425.14 1.92184856795e-163
425.15 8.62451159832e-164
425.16 3.86699463188e-164
425.17 1.73235279189e-164
425.18 7.75394692454e-165
425.19 3.46763214403e-165
425.2 1.5494120483e-165
425.21 6.91710789354e-166
425.22 3.08536027501e-166
425.23 1.37502606175e-166
425.24 6.12265358903e-167
425.25 2.72390627113e-167
425.26 1.21078865562e-167
425.27 5.37734919177e-168
425.28 2.38611762193e-168
425.29 1.05788672965e-168
425.3 4.68608544312e-169
425.31 2.07398183927e-169
425.32 9.17114179025e-170
425.33 4.0519640087e-170
425.34 1.78867510651e-170
425.35 7.88898370593e-171
425.36 3.4764370343e-171
425.37 1.53063411609e-171
425.38 6.73336446628e-172
425.39 2.95948790232e-172
425.4 1.29964496248e-172
425.41 5.70238583261e-173
425.42 2.49983982651e-173
425.43 1.09494291828e-173
425.44 4.79175371072e-174
425.45 2.09517936964e-174
425.46 9.15317241119e-175
425.47 3.99526682594e-175
425.48 1.74238309174e-175
425.49 7.59215768015e-176
425.5 3.305297104e-176
425.51 1.43773716557e-176
425.52 6.24844869476e-177
425.53 2.71324261471e-177
425.54 1.17714175047e-177
425.55 5.10261274801e-178
425.56 2.20993840136e-178
425.57 9.56294019779e-179
425.58 4.13453262999e-179
425.59 1.78601507438e-179
425.6 7.70845832852e-180
425.61 3.32409670885e-180
425.62 1.43219938934e-180
425.63 6.1653399853e-181
425.64 2.65176045301e-181
425.65 1.13955492091e-181
425.66 4.89282795156e-182
425.67 2.09898019674e-182
425.68 8.99664222703e-183
425.69 3.85279828102e-183
425.7 1.64852601637e-183
425.71 7.04756437903e-184
425.72 3.01027388329e-184
425.73 1.28468508534e-184
425.74 5.4778617343e-185
425.75 2.33372222693e-185
425.76 9.93369843172e-186
425.77 4.22470601409e-186
425.78 1.79517059934e-186
425.79 7.62146875226e-187
425.8 3.23292278713e-187
425.81 1.37017394195e-187
425.82 5.80202756544e-188
425.83 2.45475178381e-188
425.84 1.03766959913e-188
425.85 4.3826250304e-189
425.86 1.84941020099e-189
425.87 7.79750919018e-190
425.88 3.28474949323e-190
425.89 1.38252287507e-190
425.9 5.81388061945e-191
425.91 2.44277578585e-191
425.92 1.02547438188e-191
425.93 4.30120098862e-192
425.94 1.80251285639e-192
425.95 7.54728443442e-193
425.96 3.15737943982e-193
425.97 1.31973443364e-193
425.98 5.51150279814e-194
425.99 2.29973200259e-194
426.0 9.58756095062e-195
426.01 3.99358340939e-195
426.02 1.66203855304e-195
426.03 6.91103575997e-196
426.04 2.87123605717e-196
426.05 1.19184113596e-196
426.06 4.94301075016e-197
426.07 2.04827588333e-197
426.08 8.48025791119e-198
426.09 3.50794990104e-198
426.1 1.4498444702e-198
426.11 5.98705383243e-199
426.12 2.47018012034e-199
426.13 1.01828135995e-199
426.14 4.19402174702e-200
426.15 1.72590654116e-200
426.16 7.09622837685e-201
426.17 2.91515469275e-201
426.18 1.19651828475e-201
426.19 4.90682745284e-202
426.2 2.01050864837e-202
426.21 8.2306629467e-203
426.22 3.366568081e-203
426.23 1.37582658866e-203
426.24 5.61776680293e-204
426.25 2.29185653929e-204
426.26 9.34189245507e-205
426.27 3.80457377568e-205
426.28 1.54810662541e-205
426.29 6.29389424131e-206
426.3 2.55659376402e-206
426.31 1.03759464575e-206
426.32 4.20743515414e-207
426.33 1.70463284819e-207
426.34 6.90030023179e-208
426.35 2.79080076949e-208
426.36 1.12775144783e-208
426.37 4.55325177016e-209
426.38 1.83676522914e-209
426.39 7.40302721911e-210
426.4 2.98118381992e-210
426.41 1.19947686881e-210
426.42 4.82190568638e-211
426.43 1.93673079626e-211
426.44 7.77219194766e-212
426.45 3.11631600046e-212
426.46 1.2484270609e-212
426.47 4.99699103971e-213
426.48 1.99837818448e-213
426.49 7.98491875945e-214
426.5 3.18777041872e-214
426.51 1.2715319671e-214
426.52 5.06747065508e-215
426.53 2.01780370117e-215
426.54 8.02768455453e-216
426.55 3.19098964998e-216
426.56 1.26731391945e-216
426.57 5.02882736357e-217
426.58 1.99376037894e-217
426.59 7.89774137856e-218
426.6 3.12576675299e-218
426.61 1.23604402456e-218
426.62 4.88354308741e-219
426.63 1.92779043338e-219
426.64 7.60340860875e-220
426.65 2.99626728289e-220
426.66 1.17971332963e-220
426.67 4.64083506077e-221
426.68 1.8240615674e-221
426.69 7.1631915528e-222
426.7 2.81058904632e-222
426.71 1.10182303173e-222
426.72 4.31568815595e-223
426.73 1.68893127456e-223
426.74 6.60385626657e-224
426.75 2.57992427696e-224
426.76 1.00702445836e-224
426.77 3.92732453478e-225
426.78 1.53030245585e-225
426.79 5.95773898277e-226
426.8 2.31744471142e-226
426.81 9.00660266306e-227
426.82 3.49732778549e-227
426.83 1.35686107967e-227
426.84 5.25966573879e-228
426.85 2.0370637331e-228
426.86 7.88269642313e-229
426.87 3.04767532223e-229
426.88 1.17729773377e-229
426.89 4.5438881251e-230
426.9 1.75223626591e-230
426.91 6.75120680645e-231
426.92 2.5989257452e-231
426.93 9.99608736995e-232
426.94 3.84140350208e-232
426.95 1.47493718569e-232
426.96 5.65823309631e-233
426.97 2.16876180838e-233
426.98 8.30551546783e-234
426.99 3.17793520774e-234
427.0 1.21491864783e-234
427.01 4.64058861525e-235
427.02 1.77101669362e-235
427.03 6.75298759612e-236
427.04 2.57272260045e-236
427.05 9.7929533073e-237
427.06 3.72441544046e-237
427.07 1.41522752161e-237
427.08 5.37301589414e-238
427.09 2.03813852183e-238
427.1 7.72454632651e-239
427.11 2.92506808473e-239
427.12 1.10668159919e-239
427.13 4.18343582494e-240
427.14 1.58003695943e-240
427.15 5.96245470802e-241
427.16 2.24805355312e-241
427.17 8.46860594367e-242
427.18 3.18743186289e-242
427.19 1.19865335951e-242
427.2 4.50370583879e-243
427.21 1.69071396123e-243
427.22 6.34152886573e-244
427.23 2.37652025917e-244
427.24 8.89841754752e-245
427.25 3.32895368451e-245
427.26 1.2443038293e-245
427.27 4.64695893787e-246
427.28 1.73394351066e-246
427.29 6.46434857872e-247
427.3 2.40789919621e-247
427.31 8.96139352427e-248
427.32 3.33224180703e-248
427.33 1.23800152921e-248
427.34 4.59546609162e-249
427.35 1.70436129567e-249
427.36 6.31564154724e-250
427.37 2.33828258631e-250
427.38 8.64968377284e-251
427.39 3.19688620471e-251
427.4 1.18053220017e-251
427.41 4.35564232911e-252
427.42 1.60564782216e-252
427.43 5.91387433559e-253
427.44 2.17629418576e-253
427.45 8.00178400529e-254
427.46 2.93954260429e-254
427.47 1.07893779444e-254
427.48 3.95673319294e-255
427.49 1.44977577507e-255
427.5 5.30748314386e-256
427.51 1.94133337521e-256
427.52 7.09472115295e-257
427.53 2.590563566e-257
427.54 9.45098095873e-258
427.55 3.44495248007e-258
427.56 1.25462314638e-258
427.57 4.56527630924e-259
427.58 1.65975716789e-259
427.59 6.02900647552e-260
427.6 2.18811760453e-260
427.61 7.93449485237e-261
427.62 2.8746939679e-261
427.63 1.04060920953e-261
427.64 3.76363436303e-262
427.65 1.36003754492e-262
427.66 4.91041369766e-263
427.67 1.77136875545e-263
427.68 6.38445146868e-264
427.69 2.29912144604e-264
427.7 8.27225564831e-265
427.71 2.97378588004e-265
427.72 1.06811780608e-265
427.73 3.83311922357e-266
427.74 1.37438755053e-266
427.75 4.9236798936e-267
427.76 1.76235794259e-267
427.77 6.30263479408e-268
427.78 2.25202847614e-268
427.79 8.03987553067e-269
427.8 2.86779752318e-269
427.81 1.02204815337e-269
427.82 3.63930071649e-270
427.83 1.29475691905e-270
427.84 4.60237763504e-271
427.85 1.63455663625e-271
427.86 5.80017915602e-272
427.87 2.0563950787e-272
427.88 7.28442734425e-273
427.89 2.57814885432e-273
427.9 9.11683875393e-274
427.91 3.2211004706e-274
427.92 1.13707204211e-274
427.93 4.01047121932e-275
427.94 1.41327455268e-275
427.95 4.97601163076e-276
427.96 1.75049126083e-276
427.97 6.15265012873e-277
427.98 2.16066881966e-277
427.99 7.58119910015e-278
428.0 2.65773277755e-278
428.01 9.30911585375e-279
428.02 3.2578363925e-279
428.03 1.1391313863e-279
428.04 3.97962433852e-280
428.05 1.38910172602e-280
428.06 4.84450865503e-281
428.07 1.68806487735e-281
428.08 5.87695335884e-282
428.09 2.04427381942e-282
428.1 7.10476310832e-283
428.11 2.4670835056e-283
428.12 8.55937019086e-284
428.13 2.96704055598e-284
428.14 1.02761129198e-284
428.15 3.55596899499e-285
428.16 1.22944972993e-285
428.17 4.24704926388e-286
428.18 1.46584325814e-286
428.19 5.05488735051e-287
428.2 1.74164301337e-287
428.21 5.99557050884e-288
428.22 2.0621753915e-288
428.23 7.08670570379e-289
428.24 2.43325098626e-289
428.25 8.34743663205e-290
428.26 2.86116606993e-290
428.27 9.79843495498e-291
428.28 3.35269521259e-291
428.29 1.14618612569e-291
428.3 3.91507361458e-292
428.31 1.33612912319e-292
428.32 4.55596774377e-293
428.33 1.55216027239e-293
428.34 5.28343293142e-294
428.35 1.79688195213e-294
428.36 6.10585669306e-295
428.37 2.07299082478e-295
428.38 7.03188670996e-296
428.39 2.38325253214e-296
428.4 8.07034263408e-297
428.41 2.73047117652e-297
428.42 9.23011116904e-298
428.43 3.1174534671e-298
428.44 1.05200242294e-298
428.45 3.54696753122e-299
428.46 1.19487203898e-299
428.47 4.021696529e-300
428.48 1.35244902994e-300
428.49 4.54418736339e-301
428.5 1.52551072439e-301
428.51 5.11679494517e-302
428.52 1.71476445873e-302
428.53 5.74162264947e-303
428.54 1.92082823908e-303
428.55 6.42045978142e-304
428.56 2.14421060826e-304
428.57 7.15471705057e-305
428.58 2.38529006204e-305
428.59 7.94536122759e-306
428.6 2.64429441193e-306
428.61 8.7928503192e-307
428.62 2.92128054028e-307
428.63 9.69707073843e-308
428.64 3.21611503425e-308
428.65 1.06572780626e-308
428.66 3.5284562164e-309
428.67 1.16720430526e-309
428.68 3.85773810944e-310
428.69 1.27392046481e-310
428.7 4.20315687852e-311
428.71 1.38558316492e-311
428.72 4.56366028572e-312
428.73 1.50181947423e-312
428.74 4.93794066552e-313
428.75 1.62217504171e-313
428.76 5.32443188794e-314
428.77 1.74611381655e-314
428.78 5.72131071704e-315
428.79 1.87301921202e-315
428.8 6.12650289084e-316
428.81 2.00219683021e-316
428.82 6.53769401466e-317
428.83 2.1328784287e-317
428.84 6.95234848924e-318
428.85 2.26422874504e-318
428.86 7.36770453704e-319
428.87 2.39532906417e-319
428.88 7.78103985635e-320
428.89 2.52516951589e-320
428.9 8.18666775159e-321
428.91 2.65313251817e-321
428.92 8.59674223764e-322
428.93 2.76676761671e-322
428.94 8.89318162514e-323
428.95 2.96439387505e-323
428.96 9.88131291682e-324
428.97 4.94065645841e-324
428.98 0.0
428.99 0.0
429.0 0.0
429.01 0.0
429.02 0.0
429.03 0.0
429.04 0.0
429.05 0.0
429.06 0.0
429.07 0.0
429.08 0.0
429.09 0.0
429.1 0.0
429.11 0.0
429.12 0.0
429.13 0.0
429.14 0.0
429.15 0.0
429.16 0.0
429.17 0.0
429.18 0.0
429.19 0.0
429.2 0.0
429.21 0.0
429.22 0.0
429.23 0.0
429.24 0.0
429.25 0.0
429.26 0.0
429.27 0.0
429.28 0.0
429.29 0.0
429.3 0.0
429.31 0.0
429.32 0.0
429.33 0.0
429.34 0.0
429.35 0.0
429.36 0.0
429.37 0.0
429.38 0.0
429.39 0.0
429.4 0.0
429.41 0.0
429.42 0.0
429.43 0.0
429.44 0.0
429.45 0.0
429.46 0.0
429.47 0.0
429.48 0.0
429.49 0.0
429.5 0.0
429.51 0.0
429.52 0.0
429.53 0.0
429.54 0.0
429.55 0.0
429.56 0.0
429.57 0.0
429.58 0.0
429.59 0.0
429.6 0.0
429.61 0.0
429.62 0.0
429.63 0.0
429.64 0.0
429.65 0.0
429.66 0.0
429.67 0.0
429.68 0.0
429.69 0.0
429.7 0.0
429.71 0.0
429.72 0.0
429.73 0.0
429.74 0.0
429.75 0.0
429.76 0.0
429.77 0.0
429.78 0.0
429.79 0.0
429.8 0.0
429.81 0.0
429.82 0.0
429.83 0.0
429.84 0.0
429.85 0.0
429.86 0.0
429.87 0.0
429.88 0.0
429.89 0.0
429.9 0.0
429.91 0.0
429.92 0.0
429.93 0.0
429.94 0.0
429.95 0.0
429.96 0.0
429.97 0.0
429.98 0.0
429.99 0.0
