400.0 3.42882489706e-26
400.01 4.64333052659e-26
400.02 6.28257387026e-26
400.03 8.49316029416e-26
400.04 1.14716199424e-25
400.05 1.54811740149e-25
400.06 2.08740513198e-25
400.07 2.81211653433e-25
400.08 3.78515434769e-25
400.09 5.09046652119e-25
400.1 6.83998721734e-25
400.11 9.18283344228e-25
400.12 1.23174791769e-24
400.13 1.6507856267e-24
400.14 2.21046291653e-24
400.15 2.95732803626e-24
400.16 3.95311528717e-24
400.17 5.27962616189e-24
400.18 7.045155396e-24
400.19 9.39294315324e-24
400.2 1.25122819912e-23
400.21 1.66530990707e-23
400.22 2.21450834071e-23
400.23 2.94227517495e-23
400.24 3.90582667505e-23
400.25 5.18043655534e-23
400.26 6.86504619464e-23
400.27 9.08958972696e-23
400.28 1.20245493965e-22
400.29 1.58934087544e-22
400.3 2.0988867582e-22
400.31 2.76939353983e-22
400.32 3.65093460901e-22
400.33 4.80891550828e-22
400.34 6.32869187024e-22
400.35 8.32155462913e-22
400.36 1.09324801703e-21
400.37 1.43501566014e-21
400.38 1.88199426304e-21
400.39 2.46606013364e-21
400.4 3.22858884691e-21
400.41 4.22323778303e-21
400.42 5.51952924974e-21
400.43 7.20746025856e-21
400.44 9.40342762196e-21
400.45 1.22578366171e-20
400.46 1.59648625262e-20
400.47 2.07749625913e-20
400.48 2.70108984541e-20
400.49 3.50882349601e-20
400.5 4.55415415688e-20
400.51 5.90578516502e-20
400.52 7.65193503778e-20
400.53 9.905778592e-20
400.54 1.28123758884e-19
400.55 1.65574876119e-19
400.56 2.13787800217e-19
400.57 2.75800539215e-19
400.58 3.55492969125e-19
400.59 4.57815648465e-19
400.6 5.89079572432e-19
400.61 7.57322753541e-19
400.62 9.72773564844e-19
400.63 1.24843583888e-18
400.64 1.60082702475e-18
400.65 2.05090856933e-18
400.66 2.62525748007e-18
400.67 3.35754020581e-18
400.68 4.29036510629e-18
400.69 5.47760856858e-18
400.7 6.98733312722e-18
400.71 8.90544480986e-18
400.72 1.13402726541e-17
400.73 1.44282975095e-17
400.74 1.83413117942e-17
400.75 2.32953591881e-17
400.76 2.95618862183e-17
400.77 3.74816398656e-17
400.78 4.74819710027e-17
400.79 6.00983579277e-17
400.8 7.600115386e-17
400.81 9.60287947945e-17
400.82 1.21228988978e-16
400.83 1.5290975791e-16
400.84 1.92702625012e-16
400.85 2.42640768697e-16
400.86 3.05255591709e-16
400.87 3.83695932764e-16
400.88 4.81875089021e-16
400.89 6.04651964359e-16
400.9 7.58054051333e-16
400.91 9.49551645325e-16
400.92 1.18839473933e-15
400.93 1.48602653075e-15
400.94 1.85659047566e-15
400.95 2.3175514574e-15
400.96 2.89045602023e-15
400.97 3.6018619074e-15
400.98 4.48447351386e-15
400.99 5.57852753288e-15
401.0 6.93348229569e-15
401.01 8.61007537692e-15
401.02 1.06828273241e-14
401.03 1.32430852923e-14
401.04 1.64027194265e-14
401.05 2.02986076309e-14
401.06 2.5098071598e-14
401.07 3.10054594659e-14
401.08 3.82701092124e-14
401.09 4.719597302e-14
401.1 5.81532377105e-14
401.11 7.1592341537e-14
401.12 8.80608649847e-14
401.13 1.08223864957e-13
401.14 1.32888330334e-13
401.15 1.63032565395e-13
401.16 1.99841459387e-13
401.17 2.44748779758e-13
401.18 2.99487837793e-13
401.19 3.66152124228e-13
401.2 4.47267805065e-13
401.21 5.4588031171e-13
401.22 6.65657663167e-13
401.23 8.11013631203e-13
401.24 9.87254413488e-13
401.25 1.20075312783e-12
401.26 1.45915719783e-12
401.27 1.77163458385e-12
401.28 2.14916584332e-12
401.29 2.60489020337e-12
401.3 3.15451522362e-12
401.31 3.81680124635e-12
401.32 4.61413371095e-12
401.33 5.57319858702e-12
401.34 6.72577870092e-12
401.35 8.10969164466e-12
401.36 9.76989331996e-12
401.37 1.17597750506e-11
401.38 1.41426866656e-11
401.39 1.69937230954e-11
401.4 2.04018179354e-11
401.41 2.44721942031e-11
401.42 2.93292302961e-11
401.43 3.51198080426e-11
401.44 4.20172199159e-11
401.45 5.02257240909e-11
401.46 5.99858492665e-11
401.47 7.15805662604e-11
401.48 8.53424605395e-11
401.49 1.01662059338e-10
401.5 1.20997489122e-10
401.51 1.43885664225e-10
401.52 1.70955235788e-10
401.53 2.02941562206e-10
401.54 2.40703998399e-10
401.55 2.85245841936e-10
401.56 3.37737319899e-10
401.57 3.99542051843e-10
401.58 4.72247482003e-10
401.59 5.57699838647e-10
401.6 6.58044250936e-10
401.61 7.75770734579e-10
401.62 9.13766847909e-10
401.63 1.07537792059e-09
401.64 1.26447586909e-09
401.65 1.48553773728e-09
401.66 1.74373523846e-09
401.67 2.04503672746e-09
401.68 2.39632320041e-09
401.69 2.80552010561e-09
401.7 3.28174695412e-09
401.71 3.83548694426e-09
401.72 4.47877906178e-09
401.73 5.22543538889e-09
401.74 6.09128665245e-09
401.75 7.09445936591e-09
401.76 8.25568827336e-09
401.77 9.59866818865e-09
401.78 1.11504497408e-08
401.79 1.29418839893e-08
401.8 1.50081213637e-08
401.81 1.73891709103e-08
401.82 2.01305263968e-08
401.83 2.32838664428e-08
401.84 2.69078364928e-08
401.85 3.10689211587e-08
401.86 3.5842416201e-08
401.87 4.13135102207e-08
401.88 4.75784869761e-08
401.89 5.47460601374e-08
401.9 6.29388532366e-08
401.91 7.22950385656e-08
401.92 8.29701498172e-08
401.93 9.51390843581e-08
401.94 1.08998312154e-07
401.95 1.24768309547e-07
401.96 1.42696237311e-07
401.97 1.63058883633e-07
401.98 1.86165893999e-07
401.99 2.12363311208e-07
402.0 2.42037450096e-07
402.01 2.75619132858e-07
402.02 3.13588312184e-07
402.03 3.5647911071e-07
402.04 4.04885306581e-07
402.05 4.59466296139e-07
402.06 5.20953565928e-07
402.07 5.90157707291e-07
402.08 6.67976007844e-07
402.09 7.55400654972e-07
402.1 8.53527587239e-07
402.11 9.63566030175e-07
402.12 1.08684875325e-06
402.13 1.22484308505e-06
402.14 1.37916272347e-06
402.15 1.55158037753e-06
402.16 1.74404127647e-06
402.17 1.95867758098e-06
402.18 2.19782372971e-06
402.19 2.46403275273e-06
402.2 2.76009358067e-06
402.21 3.08904937617e-06
402.22 3.45421691026e-06
402.23 3.85920700272e-06
402.24 4.30794604079e-06
402.25 4.80469858543e-06
402.26 5.3540910683e-06
402.27 5.96113657635e-06
402.28 6.63126071311e-06
402.29 7.37032851809e-06
402.3 8.18467241651e-06
402.31 9.08112116197e-06
402.32 1.00670297242e-05
402.33 1.11503100623e-05
402.34 1.23394627129e-05
402.35 1.36436091072e-05
402.36 1.50725245205e-05
402.37 1.66366715399e-05
402.38 1.83472339236e-05
402.39 2.02161507061e-05
402.4 2.22561503902e-05
402.41 2.44807850475e-05
402.42 2.69044641321e-05
402.43 2.95424877942e-05
402.44 3.24110794625e-05
402.45 3.55274174446e-05
402.46 3.89096652789e-05
402.47 4.25770005496e-05
402.48 4.65496418617e-05
402.49 5.08488736537e-05
402.5 5.54970685099e-05
402.51 6.05177066173e-05
402.52 6.59353919981e-05
402.53 7.17758651354e-05
402.54 7.80660115971e-05
402.55 8.48338662529e-05
402.56 9.21086126722e-05
402.57 9.99205772829e-05
402.58 0.00010830121787
402.59 0.000117283105991
402.6 0.000126899902883
402.61 0.000137186328458
402.62 0.000148178122966
402.63 0.000159912000939
402.64 0.00017242559705
402.65 0.000185757403507
402.66 0.000199946698675
402.67 0.000215033466608
402.68 0.000231058307231
402.69 0.000248062336944
402.7 0.000266087079446
402.71 0.00028517434666
402.72 0.000305366109652
402.73 0.000326704359532
402.74 0.000349230958342
402.75 0.000372987480048
402.76 0.000398015041783
402.77 0.000424354125581
402.78 0.000452044390917
402.79 0.000481124478432
402.8 0.000511631805322
402.81 0.000543602352936
402.82 0.000577070447233
402.83 0.000612068532807
402.84 0.000648626941291
402.85 0.000686773655049
402.86 0.000726534067113
402.87 0.000767930738434
402.88 0.000810983153592
402.89 0.000855707476173
402.9 0.000902116305101
402.91 0.000950218433284
402.92 0.00100001860999
402.93 0.00105151730839
402.94 0.0011047104999
402.95 0.00115958943663
402.96 0.00121614044388
402.97 0.00127434472391
402.98 0.0013341781729
402.99 0.00139561121253
403.0 0.00145860863784
403.01 0.00152312948292
403.02 0.00158912690607
403.03 0.0016565480957
403.04 0.00172533419857
403.05 0.00179542027172
403.06 0.0018667352592
403.07 0.00193920199493
403.08 0.00201273723253
403.09 0.00208725170335
403.1 0.00216265020306
403.11 0.00223883170784
403.12 0.00231568952038
403.13 0.00239311144612
403.14 0.00247097999973
403.15 0.00254917264204
403.16 0.00262756204687
403.17 0.0027060163975
403.18 0.00278439971221
403.19 0.00286257219789
403.2 0.00294039063081
403.21 0.00301770876333
403.22 0.00309437775512
403.23 0.00317024662719
403.24 0.00324516273717
403.25 0.00331897227365
403.26 0.00339152076751
403.27 0.00346265361807
403.28 0.00353221663152
403.29 0.00360005656901
403.3 0.00366602170196
403.31 0.00372996237154
403.32 0.0037917315497
403.33 0.00385118539867
403.34 0.0039081838261
403.35 0.00396259103276
403.36 0.00401427604986
403.37 0.00406311326307
403.38 0.00410898292022
403.39 0.0041517716199
403.4 0.00419137277807
403.41 0.00422768707019
403.42 0.00426062284605
403.43 0.00429009651505
403.44 0.00431603289967
403.45 0.00433836555492
403.46 0.00435703705198
403.47 0.00437199922427
403.48 0.00438321337453
403.49 0.00439065044163
403.5 0.00439429112609
403.51 0.00439412597362
403.52 0.00439015541605
403.53 0.00438238976962
403.54 0.00437084919033
403.55 0.00435556358697
403.56 0.00433657249206
403.57 0.00431392489169
403.58 0.00428767901516
403.59 0.00425790208579
403.6 0.00422467003428
403.61 0.00418806717645
403.62 0.00414818585724
403.63 0.00410512606303
403.64 0.00405899500468
403.65 0.00400990667357
403.66 0.0039579813734
403.67 0.00390334523033
403.68 0.00384612968432
403.69 0.00378647096449
403.7 0.00372450955154
403.71 0.00366038963011
403.72 0.00359425853415
403.73 0.00352626618824
403.74 0.00345656454788
403.75 0.00338530704165
403.76 0.0033126480181
403.77 0.00323874220017
403.78 0.00316374414987
403.79 0.00308780774572
403.8 0.00301108567543
403.81 0.00293372894617
403.82 0.00285588641455
403.83 0.00277770433832
403.84 0.00269932595156
403.85 0.00262089106508
403.86 0.0025425356935
403.87 0.00246439171015
403.88 0.00238658653106
403.89 0.00230924282872
403.9 0.00223247827653
403.91 0.00215640532432
403.92 0.00208113100522
403.93 0.00200675677421
403.94 0.00193337837819
403.95 0.0018610857574
403.96 0.00178996297789
403.97 0.00172008819459
403.98 0.00165153364426
403.99 0.00158436566765
404.0 0.00151864476005
404.01 0.00145442564923
404.02 0.00139175739973
404.03 0.00133068354244
404.04 0.00127124222837
404.05 0.00121346640524
404.06 0.00115738401579
404.07 0.00110301821659
404.08 0.00105038761593
404.09 0.000999506529771
404.1 0.000950385254253
404.11 0.000903030353861
404.12 0.000857444963854
404.13 0.000813629105957
404.14 0.000771580016249
404.15 0.000731292484246
404.16 0.000692759202267
404.17 0.00065597112426
404.18 0.000620917833301
404.19 0.000587587917123
404.2 0.000555969351062
404.21 0.000526049887942
404.22 0.000497817454461
404.23 0.000471260553775
404.24 0.000446368674005
404.25 0.000423132702528
404.26 0.000401545345929
404.27 0.0003816015556
404.28 0.000363298959023
404.29 0.0003466382968
404.3 0.00033162386557
404.31 0.000318263966969
404.32 0.000306571362799
404.33 0.000296563736606
404.34 0.000288264161834
404.35 0.000281701576729
404.36 0.000276911266126
404.37 0.000273935350192
404.38 0.000272823280159
404.39 0.000273632340998
404.4 0.000276428160869
404.41 0.000281285227109
404.42 0.000288287408371
404.43 0.000297528482393
404.44 0.000309112668715
404.45 0.000323155165498
404.46 0.000339782689411
404.47 0.000359134017336
404.48 0.000381360528448
404.49 0.000406626744984
404.5 0.000435110869778
404.51 0.000467005318396
404.52 0.000502517243433
404.53 0.000541869048291
404.54 0.00058529888745
404.55 0.000633061150011
404.56 0.000685426922975
404.57 0.000742684430466
404.58 0.000805139444831
404.59 0.000873115665283
404.6 0.000946955059477
404.61 0.00102701816319
404.62 0.00111368433304
404.63 0.00120735194689
404.64 0.00130843854656
404.65 0.00141738091706
404.66 0.00153463509671
404.67 0.001660676312
404.68 0.00179599883149
404.69 0.0019411157325
404.7 0.00209655857466
404.71 0.00226287697435
404.72 0.00244063807412
404.73 0.0026304259014
404.74 0.0028328406109
404.75 0.00304849760554
404.76 0.0032780265308
404.77 0.00352207013804
404.78 0.00378128301255
404.79 0.00405633016275
404.8 0.00434788546743
404.81 0.00465662997851
404.82 0.00498325007775
404.83 0.00532843548618
404.84 0.00569287712618
404.85 0.00607726483693
404.86 0.00648228494479
404.87 0.00690861769121
404.88 0.00735693452184
404.89 0.00782789524162
404.9 0.00832214504155
404.91 0.00884031140427
404.92 0.00938300089654
404.93 0.009950795858
404.94 0.0105442509968
404.95 0.0111638899038
404.96 0.0118102014983
404.97 0.0124836364198
404.98 0.0131846033802
404.99 0.0139134654942
405.0 0.0146705366037
405.01 0.0154560776166
405.02 0.0162702928772
405.03 0.0171133265908
405.04 0.0179852593213
405.05 0.0188861045854
405.06 0.0198158055637
405.07 0.020774231953
405.08 0.0217611769815
405.09 0.0227763546103
405.1 0.0238193969445
405.11 0.0248898518757
405.12 0.0259871809798
405.13 0.02711075769
405.14 0.0282598657686
405.15 0.029433698096
405.16 0.0306313557972
405.17 0.0318518477231
405.18 0.0330940903049
405.19 0.0343569077941
405.2 0.0356390329044
405.21 0.0369391078638
405.22 0.0382556858899
405.23 0.0395872330919
405.24 0.0409321308071
405.25 0.0422886783726
405.26 0.0436550963329
405.27 0.0450295300801
405.28 0.0464100539223
405.29 0.0477946755699
405.3 0.0491813410317
405.31 0.050567939904
405.32 0.0519523110388
405.33 0.0533322485691
405.34 0.0547055082725
405.35 0.0560698142449
405.36 0.0574228658597
405.37 0.058762344982
405.38 0.0600859234061
405.39 0.0613912704818
405.4 0.0626760608947
405.41 0.0639379825621
405.42 0.0651747446061
405.43 0.0663840853629
405.44 0.067563780388
405.45 0.0687116504144
405.46 0.0698255692222
405.47 0.0709034713765
405.48 0.0719433597916
405.49 0.0729433130791
405.5 0.0739014926389
405.51 0.0748161494534
405.52 0.0756856305449
405.53 0.0765083850605
405.54 0.0772829699474
405.55 0.0780080551875
405.56 0.0786824285587
405.57 0.0793049998963
405.58 0.0798748048287
405.59 0.0803910079656
405.6 0.0808529055196
405.61 0.081259927347
405.62 0.0816116383946
405.63 0.0819077395457
405.64 0.0821480678605
405.65 0.0823325962103
405.66 0.0824614323091
405.67 0.0825348171499
405.68 0.0825531228558
405.69 0.0825168499616
405.7 0.0824266241426
405.71 0.0822831924142
405.72 0.0820874188249
405.73 0.0818402796722
405.74 0.0815428582722
405.75 0.0811963393154
405.76 0.0808020028459
405.77 0.0803612179011
405.78 0.0798754358525
405.79 0.0793461834885
405.8 0.0787750558822
405.81 0.0781637090877
405.82 0.0775138527093
405.83 0.0768272423875
405.84 0.0761056722466
405.85 0.0753509673477
405.86 0.0745649761901
405.87 0.0737495633041
405.88 0.0729066019745
405.89 0.0720379671359
405.9 0.0711455284755
405.91 0.0702311437796
405.92 0.0692966525567
405.93 0.0683438699668
405.94 0.0673745810846
405.95 0.0663905355219
405.96 0.0653934424301
405.97 0.0643849659014
405.98 0.0633667207837
405.99 0.062340268922
406.0 0.0613071158339
406.01 0.0602687078252
406.02 0.0592264295474
406.03 0.0581816019971
406.04 0.0571354809514
406.05 0.0560892558338
406.06 0.0550440490001
406.07 0.0540009154313
406.08 0.0529608428189
406.09 0.0519247520253
406.1 0.0508934978988
406.11 0.0498678704228
406.12 0.0488485961751
406.13 0.0478363400734
406.14 0.0468317073811
406.15 0.0458352459467
406.16 0.0448474486485
406.17 0.0438687560186
406.18 0.0428995590161
406.19 0.0419402019228
406.2 0.0409909853336
406.21 0.0400521692132
406.22 0.0391239759933
406.23 0.0382065936852
406.24 0.0373001789815
406.25 0.0364048603246
406.26 0.0355207409201
406.27 0.0346479016733
406.28 0.0337864040317
406.29 0.0329362927139
406.3 0.032097598312
406.31 0.0312703397521
406.32 0.0304545266014
406.33 0.0296501612135
406.34 0.0288572407017
406.35 0.0280757587367
406.36 0.0273057071622
406.37 0.0265470774279
406.38 0.0257998618385
406.39 0.0250640546197
406.4 0.0243396528034
406.41 0.0236266569381
406.42 0.0229250716269
406.43 0.0222349059029
406.44 0.0215561734478
406.45 0.0208888926637
406.46 0.0202330866071
406.47 0.0195887827959
406.48 0.0189560129011
406.49 0.0183348123335
406.5 0.0177252197383
406.51 0.0171272764096
406.52 0.0165410256365
406.53 0.0159665119937
406.54 0.0154037805878
406.55 0.014852876272
406.56 0.0143138428402
406.57 0.013786722211
406.58 0.0132715536131
406.59 0.0127683727814
406.6 0.0122772111728
406.61 0.0117980952108
406.62 0.0113310455663
406.63 0.0108760764816
406.64 0.0104331951443
406.65 0.0100024011151
406.66 0.00958368581563
406.67 0.00917703207869
406.68 0.00878241376475
406.69 0.00839979544573
406.7 0.00802913215802
406.71 0.00767036922494
406.72 0.0073234421484
406.73 0.00698827656884
406.74 0.00666478829193
406.75 0.00635288337982
406.76 0.00605245830422
406.77 0.00576340015822
406.78 0.00548558692319
406.79 0.00521888778679
406.8 0.00496316350781
406.81 0.00471826682328
406.82 0.00448404289318
406.83 0.00426032977777
406.84 0.00404695894262
406.85 0.00384375578635
406.86 0.00365054018602
406.87 0.00346712705528
406.88 0.00329332691046
406.89 0.00312894643989
406.9 0.00297378907184
406.91 0.00282765553704
406.92 0.00269034442144
406.93 0.00256165270566
406.94 0.0024413762875
406.95 0.00232931048444
406.96 0.00222525051322
406.97 0.00212899194408
406.98 0.00204033112739
406.99 0.001959065591
407.0 0.0018849944068
407.01 0.00181791852532
407.02 0.00175764107785
407.03 0.00170396764538
407.04 0.00165670649452
407.05 0.0016156687805
407.06 0.00158066871785
407.07 0.00155152371956
407.08 0.00152805450583
407.09 0.00151008518371
407.1 0.00149744329925
407.11 0.00148995986384
407.12 0.00148746935683
407.13 0.0014898097063
407.14 0.00149682225048
407.15 0.00150835168197
407.16 0.00152424597721
407.17 0.00154435631374
407.18 0.00156853697773
407.19 0.00159664526427
407.2 0.00162854137293
407.21 0.00166408830109
407.22 0.00170315173741
407.23 0.00174559995774
407.24 0.00179130372575
407.25 0.00184013620032
407.26 0.00189197285162
407.27 0.00194669138785
407.28 0.002004171694
407.29 0.00206429578431
407.3 0.00212694776958
407.31 0.00219201384036
407.32 0.00225938226693
407.33 0.00232894341653
407.34 0.00240058978845
407.35 0.00247421606686
407.36 0.00254971919157
407.37 0.00262699844621
407.38 0.0027059555634
407.39 0.00278649484611
407.4 0.0028685233043
407.41 0.00295195080559
407.42 0.00303669023858
407.43 0.00312265768735
407.44 0.00320977261525
407.45 0.00329795805619
407.46 0.00338714081139
407.47 0.00347725164932
407.48 0.00356822550664
407.49 0.00366000168773
407.5 0.00375252406038
407.51 0.00384574124517
407.52 0.00393960679598
407.53 0.0040340793692
407.54 0.004129122879
407.55 0.0042247066364
407.56 0.00432080546957
407.57 0.00441739982313
407.58 0.00451447583429
407.59 0.00461202538365
407.6 0.0047100461189
407.61 0.00480854144949
407.62 0.00490752051082
407.63 0.00500699809661
407.64 0.00510699455821
407.65 0.00520753566999
407.66 0.00530865246024
407.67 0.00541038100695
407.68 0.00551276219865
407.69 0.00561584146008
407.7 0.0057196684434
407.71 0.00582429668545
407.72 0.00592978323208
407.73 0.00603618823074
407.74 0.00614357449291
407.75 0.00625200702804
407.76 0.00636155255107
407.77 0.00647227896583
407.78 0.00658425482671
407.79 0.0066975487814
407.8 0.0068122289975
407.81 0.00692836257622
407.82 0.00704601495626
407.83 0.00716524931135
407.84 0.00728612594483
407.85 0.00740870168496
407.86 0.00753302928454
407.87 0.00765915682844
407.88 0.00778712715289
407.89 0.00791697728004
407.9 0.00804873787151
407.91 0.00818243270449
407.92 0.00831807817377
407.93 0.00845568282317
407.94 0.00859524690944
407.95 0.00873676200183
407.96 0.00888021061996
407.97 0.00902556591282
407.98 0.00917279138117
407.99 0.00932184064555
408.0 0.00947265726179
408.01 0.00962517458552
408.02 0.00977931568722
408.03 0.00993499331851
408.04 0.0100921099307
408.05 0.0102505577457
408.06 0.0104102188797
408.07 0.010570965519
408.08 0.0107326601473
408.09 0.0108951558249
408.1 0.0110582965164
408.11 0.0112219174673
408.12 0.0113858456269
408.13 0.0115499001158
408.14 0.0117138927351
408.15 0.0118776285159
408.16 0.012040906305
408.17 0.0122035193849
408.18 0.0123652561242
408.19 0.0125259006562
408.2 0.0126852335807
408.21 0.0128430326867
408.22 0.012999073692
408.23 0.0131531309963
408.24 0.0133049784428
408.25 0.013454390087
408.26 0.0136011409661
408.27 0.0137450078678
408.28 0.0138857700936
408.29 0.014023210213
408.3 0.0141571148059
408.31 0.0142872751897
408.32 0.0144134881272
408.33 0.0145355565133
408.34 0.0146532900376
408.35 0.0147665058195
408.36 0.0148750290139
408.37 0.0149786933861
408.38 0.0150773418523
408.39 0.0151708269849
408.4 0.0152590114819
408.41 0.015341768597
408.42 0.0154189825313
408.43 0.0154905487851
408.44 0.015556374469
408.45 0.0156163785739
408.46 0.0156704922005
408.47 0.0157186587468
408.48 0.0157608340562
408.49 0.0157969865238
408.5 0.0158270971636
408.51 0.0158511596368
408.52 0.015869180241
408.53 0.0158811778629
408.54 0.0158871838943
408.55 0.0158872421137
408.56 0.0158814085334
408.57 0.0158697512146
408.58 0.0158523500514
408.59 0.0158292965249
408.6 0.0158006934295
408.61 0.015766654572
408.62 0.0157273044454
408.63 0.0156827778788
408.64 0.015633219665
408.65 0.0155787841667
408.66 0.0155196349032
408.67 0.0154559441183
408.68 0.0153878923317
408.69 0.0153156678738
408.7 0.0152394664069
408.71 0.015159490432
408.72 0.0150759487841
408.73 0.0149890561162
408.74 0.0148990323738
408.75 0.0148061022596
408.76 0.0147104946917
408.77 0.0146124422547
408.78 0.0145121806456
408.79 0.0144099481147
408.8 0.0143059849046
408.81 0.0142005326858
408.82 0.0140938339929
408.83 0.0139861316599
408.84 0.0138776682583
408.85 0.0137686855376
408.86 0.0136594238703
408.87 0.0135501217028
408.88 0.0134410150134
408.89 0.0133323367791
408.9 0.0132243164523
408.91 0.0131171794496
408.92 0.013011146654
408.93 0.0129064339316
408.94 0.012803251665
408.95 0.0127018043053
408.96 0.0126022899431
408.97 0.0125048999016
408.98 0.0124098183516
408.99 0.0123172219518
409.0 0.0122272795141
409.01 0.0121401516964
409.02 0.0120559907236
409.03 0.0119749401381
409.04 0.0118971345802
409.05 0.0118226996011
409.06 0.0117517515064
409.07 0.0116843972334
409.08 0.0116207342606
409.09 0.0115608505507
409.1 0.0115048245267
409.11 0.0114527250809
409.12 0.0114046116165
409.13 0.011360534121
409.14 0.0113205332706
409.15 0.0112846405654
409.16 0.0112528784925
409.17 0.0112252607169
409.18 0.0112017922987
409.19 0.0111824699333
409.2 0.0111672822149
409.21 0.011156209919
409.22 0.0111492263029
409.23 0.0111462974216
409.24 0.0111473824572
409.25 0.0111524340571
409.26 0.0111613986816
409.27 0.0111742169557
409.28 0.0111908240238
409.29 0.0112111499036
409.3 0.0112351198379
409.31 0.0112626546411
409.32 0.0112936710368
409.33 0.011328081987
409.34 0.0113657970072
409.35 0.0114067224681
409.36 0.0114507618804
409.37 0.0114978161615
409.38 0.0115477838823
409.39 0.0116005614932
409.4 0.0116560435277
409.41 0.0117141227829
409.42 0.011774690476
409.43 0.0118376363772
409.44 0.0119028489177
409.45 0.0119702152741
409.46 0.0120396214283
409.47 0.0121109522049
409.48 0.0121840912853
409.49 0.0122589212015
409.5 0.0123353233093
409.51 0.0124131777432
409.52 0.0124923633544
409.53 0.0125727576343
409.54 0.0126542366251
409.55 0.0127366748198
409.56 0.0128199450541
409.57 0.0129039183927
409.58 0.0129884640127
409.59 0.0130734490856
409.6 0.0131587386629
409.61 0.0132441955655
409.62 0.0133296802811
409.63 0.0134150508719
409.64 0.0135001628951
409.65 0.0135848693392
409.66 0.0136690205778
409.67 0.013752464344
409.68 0.0138350457276
409.69 0.0139166071964
409.7 0.0139969886448
409.71 0.0140760274702
409.72 0.0141535586799
409.73 0.0142294150282
409.74 0.0143034271874
409.75 0.0143754239505
409.76 0.0144452324686
409.77 0.0145126785226
409.78 0.0145775868285
409.79 0.0146397813776
409.8 0.0146990858102
409.81 0.014755323822
409.82 0.014808319603
409.83 0.014857898307
409.84 0.0149038865502
409.85 0.0149461129377
409.86 0.0149844086148
409.87 0.0150186078423
409.88 0.0150485485917
409.89 0.0150740731586
409.9 0.0150950287909
409.91 0.015111268329
409.92 0.0151226508541
409.93 0.0151290423413
409.94 0.0151303163143
409.95 0.0151263544974
409.96 0.0151170474606
409.97 0.0151022952549
409.98 0.015082008033
409.99 0.0150561066509
410.0 0.0150245232479
410.01 0.0149872017986
410.02 0.014944098636
410.03 0.0148951829382
410.04 0.0148404371777
410.05 0.0147798575285
410.06 0.0147134542269
410.07 0.0146412518834
410.08 0.0145632897429
410.09 0.0144796218885
410.1 0.014390317388
410.11 0.01429546038
410.12 0.014195150097
410.13 0.0140895008246
410.14 0.0139786417942
410.15 0.0138627170094
410.16 0.013741885004
410.17 0.0136163185324
410.18 0.0134862041913
410.19 0.013351741974
410.2 0.0132131447576
410.21 0.0130706377248
410.22 0.0129244577209
410.23 0.0127748525496
410.24 0.0126220802085
410.25 0.0124664080678
410.26 0.0123081119961
410.27 0.0121474754348
410.28 0.0119847884277
410.29 0.0118203466079
410.3 0.0116544501472
410.31 0.0114874026737
410.32 0.011319510161
410.33 0.011151079796
410.34 0.0109824188293
410.35 0.010813833416
410.36 0.0106456274495
410.37 0.0104781013976
410.38 0.0103115511446
410.39 0.0101462668463
410.4 0.00998253180416
410.41 0.00982062136308
410.42 0.00966080184087
410.43 0.00950332949334
410.44 0.00934844952132
410.45 0.00919639512494
410.46 0.00904738661025
410.47 0.00890163055298
410.48 0.00875931902425
410.49 0.00862062888215
410.5 0.0084857211335
410.51 0.00835474036894
410.52 0.00822781427473
410.53 0.00810505322385
410.54 0.00798654994869
410.55 0.0078723792971
410.56 0.00776259807321
410.57 0.00765724496383
410.58 0.00755634055078
410.59 0.0074598874091
410.6 0.00736787029053
410.61 0.00728025639117
410.62 0.00719699570175
410.63 0.00711802143849
410.64 0.0070432505522
410.65 0.00697258431247
410.66 0.0069059089638
410.67 0.00684309644996
410.68 0.0067840052023
410.69 0.00672848098769
410.7 0.0066763578113
410.71 0.00662745886908
410.72 0.0065815975447
410.73 0.00653857844528
410.74 0.00649819847025
410.75 0.00646024790741
410.76 0.00642451155013
410.77 0.00639076982956
410.78 0.0063587999558
410.79 0.00632837706169
410.8 0.00629927534326
410.81 0.00627126919061
410.82 0.00624413430335
410.83 0.00621764878472
410.84 0.00619159420872
410.85 0.00616575665484
410.86 0.00613992770512
410.87 0.00611390539853
410.88 0.00608749513819
410.89 0.00606051054685
410.9 0.00603277426682
410.91 0.00600411870056
410.92 0.00597438668881
410.93 0.00594343212327
410.94 0.00591112049146
410.95 0.00587732935173
410.96 0.00584194873675
410.97 0.00580488148439
410.98 0.00576604349519
410.99 0.00572536391617
411.0 0.00568278525106
411.01 0.00563826339757
411.02 0.00559176761251
411.03 0.00554328040641
411.04 0.00549279736901
411.05 0.0054403269281
411.06 0.00538589004399
411.07 0.00532951984245
411.08 0.00527126118923
411.09 0.00521117020968
411.1 0.00514931375691
411.11 0.0050857688326
411.12 0.00502062196443
411.13 0.00495396854447
411.14 0.00488591213288
411.15 0.00481656373153
411.16 0.00474604103215
411.17 0.00467446764367
411.18 0.00460197230346
411.19 0.00452868807719
411.2 0.00445475155198
411.21 0.00438030202751
411.22 0.00430548070952
411.23 0.00423042991021
411.24 0.00415529225983
411.25 0.00408020993353
411.26 0.00400532389748
411.27 0.00393077317801
411.28 0.00385669415726
411.29 0.00378321989873
411.3 0.0037104795057
411.31 0.00363859751539
411.32 0.00356769333132
411.33 0.00349788069626
411.34 0.00342926720754
411.35 0.00336195387653
411.36 0.00329603473375
411.37 0.00323159648046
411.38 0.00316871818779
411.39 0.00310747104381
411.4 0.00304791814876
411.41 0.00299011435847
411.42 0.00293410617555
411.43 0.00287993168792
411.44 0.00282762055373
411.45 0.00277719403162
411.46 0.00272866505518
411.47 0.00268203834985
411.48 0.00263731059084
411.49 0.00259447059992
411.5 0.00255349957929
411.51 0.00251437138008
411.52 0.00247705280334
411.53 0.00244150393096
411.54 0.00240767848399
411.55 0.0023755242057
411.56 0.00234498326678
411.57 0.00231599268974
411.58 0.0022884847899
411.59 0.00226238763008
411.6 0.00223762548621
411.61 0.00221411932105
411.62 0.00219178726331
411.63 0.00217054508942
411.64 0.00215030670531
411.65 0.00213098462568
411.66 0.0021124904481
411.67 0.00209473531983
411.68 0.0020776303947
411.69 0.00206108727826
411.7 0.00204501845889
411.71 0.00202933772299
411.72 0.00201396055269
411.73 0.00199880450413
411.74 0.00198378956516
411.75 0.00196883849088
411.76 0.00195387711612
411.77 0.00193883464361
411.78 0.00192364390725
411.79 0.00190824160968
411.8 0.00189256853366
411.81 0.00187656972705
411.82 0.00186019466099
411.83 0.00184339736151
411.84 0.00182613651447
411.85 0.00180837554436
411.86 0.00179008266712
411.87 0.00177123091769
411.88 0.00175179815303
411.89 0.00173176703122
411.9 0.00171112496773
411.91 0.0016898640698
411.92 0.0016679810501
411.93 0.00164547712078
411.94 0.00162235786927
411.95 0.00159863311718
411.96 0.00157431676355
411.97 0.00154942661411
411.98 0.00152398419783
411.99 0.00149801457234
412.0 0.00147154611977
412.01 0.00144461033437
412.02 0.00141724160361
412.03 0.00138947698408
412.04 0.00136135597377
412.05 0.00133292028204
412.06 0.00130421359877
412.07 0.00127528136393
412.08 0.00124617053893
412.09 0.00121692938087
412.1 0.00118760722081
412.11 0.00115825424723
412.12 0.00112892129552
412.13 0.00109965964446
412.14 0.00107052082042
412.15 0.00104155641007
412.16 0.00101281788206
412.17 0.000984356418383
412.18 0.000956222755571
412.19 0.00092846703629
412.2 0.000901138671374
412.21 0.000874286212502
412.22 0.000847957235535
412.23 0.000822198234447
412.24 0.000797054525717
412.25 0.000772570162957
412.26 0.00074878786148
412.27 0.000725748932434
412.28 0.000703493226074
412.29 0.000682059083674
412.3 0.000661483297537
412.31 0.000641801078512
412.32 0.000623046030377
412.33 0.000605250130453
412.34 0.000588443715721
412.35 0.00057265547378
412.36 0.000557912437902
412.37 0.000544239985482
412.38 0.000531661839166
412.39 0.000520200069955
412.4 0.000509875101608
412.41 0.000500705715676
412.42 0.000492709056558
412.43 0.000485900635964
412.44 0.000480294336264
412.45 0.000475902412212
412.46 0.000472735490588
412.47 0.000470802567397
412.48 0.000470111002261
412.49 0.000470666509765
412.5 0.00047247314754
412.51 0.000475533300963
412.52 0.0004798476644
412.53 0.000485415219004
412.54 0.000492233207145
412.55 0.000500297103626
412.56 0.000509600583879
412.57 0.000520135489453
412.58 0.000531891791112
412.59 0.000544857549976
412.6 0.000559018877152
412.61 0.000574359892388
412.62 0.000590862682314
412.63 0.000608507258892
412.64 0.000627271518719
412.65 0.00064713120388
412.66 0.000668059865058
412.67 0.000690028827642
412.68 0.000713007161575
412.69 0.000736961655704
412.7 0.000761856797381
412.71 0.000787654758058
412.72 0.000814315385624
412.73 0.000841796204161
412.74 0.000870052421835
412.75 0.000899036947525
412.76 0.000928700416814
412.77 0.000958991227872
412.78 0.000989855587723
412.79 0.00102123756932
412.8 0.00105307917978
412.81 0.00108532044007
412.82 0.0011178994763
412.83 0.00115075262285
412.84 0.00118381453721
412.85 0.00121701832659
412.86 0.00125029568611
412.87 0.00128357704839
412.88 0.00131679174403
412.89 0.00134986817277
412.9 0.00138273398473
412.91 0.001415316271
412.92 0.00144754176311
412.93 0.00147933704039
412.94 0.00151062874455
412.95 0.0015413438003
412.96 0.00157140964134
412.97 0.0016007544403
412.98 0.0016293073418
412.99 0.00165699869726
413.0 0.00168376030034
413.01 0.00170952562176
413.02 0.00173423004223
413.03 0.0017578110822
413.04 0.00178020862707
413.05 0.00180136514676
413.06 0.0018212259082
413.07 0.00183973917954
413.08 0.00185685642493
413.09 0.00187253248864
413.1 0.00188672576737
413.11 0.00189939836981
413.12 0.00191051626235
413.13 0.00192004940001
413.14 0.00192797184196
413.15 0.00193426185055
413.16 0.00193890197357
413.17 0.00194187910888
413.18 0.00194318455121
413.19 0.00194281402068
413.2 0.00194076767277
413.21 0.00193705008984
413.22 0.00193167025394
413.23 0.00192464150125
413.24 0.00191598145828
413.25 0.00190571196022
413.26 0.00189385895181
413.27 0.00188045237143
413.28 0.00186552601897
413.29 0.00184911740824
413.3 0.00183126760484
413.31 0.00181202105029
413.32 0.00179142537364
413.33 0.00176953119133
413.34 0.00174639189677
413.35 0.00172206344053
413.36 0.00169660410258
413.37 0.00167007425777
413.38 0.00164253613576
413.39 0.00161405357689
413.4 0.00158469178507
413.41 0.00155451707921
413.42 0.00152359664438
413.43 0.0014919982839
413.44 0.00145979017384
413.45 0.00142704062089
413.46 0.00139381782486
413.47 0.00136018964703
413.48 0.0013262233852
413.49 0.00129198555661
413.5 0.00125754168955
413.51 0.0012229561245
413.52 0.00118829182568
413.53 0.00115361020356
413.54 0.00111897094902
413.55 0.00108443187961
413.56 0.00105004879847
413.57 0.00101587536607
413.58 0.000981962985149
413.59 0.000948360699045
413.6 0.000915115103374
413.61 0.000882270271186
413.62 0.000849867691465
413.63 0.000817946220819
413.64 0.000786542048156
413.65 0.000755688672029
413.66 0.000725416890316
413.67 0.000695754801795
413.68 0.000666727819161
413.69 0.000638358692957
413.7 0.000610667545855
413.71 0.000583671916702
413.72 0.000557386813677
413.73 0.00053182477592
413.74 0.000506995942952
413.75 0.000482908131189
413.76 0.000459566916851
413.77 0.000436975724564
413.78 0.000415135920949
413.79 0.000394046912502
413.8 0.000373706247068
413.81 0.000354109718258
413.82 0.000335251472134
413.83 0.000317124115544
413.84 0.000299718825501
413.85 0.000283025459025
413.86 0.000267032662914
413.87 0.000251727982923
413.88 0.000237097971885
413.89 0.000223128296332
413.9 0.000209803841222
413.91 0.00019710881241
413.92 0.000185026836538
413.93 0.000173541058082
413.94 0.000162634233294
413.95 0.000152288820857
413.96 0.000142487069084
413.97 0.000133211099544
413.98 0.000124442987019
413.99 0.00011616483576
414.0 0.000108358852007
414.01 0.000101007412805
414.02 9.40931311603e-05
414.03 8.75989176116e-05
414.04 8.15080383252e-05
414.05 7.58041698416e-05
414.06 7.04714506275e-05
414.07 6.54945296077e-05
414.08 6.0858611867e-05
414.09 5.65495017345e-05
414.1 5.25536434699e-05
414.11 4.88581597904e-05
414.12 4.54508884801e-05
414.13 4.23204173364e-05
414.14 3.94561177114e-05
414.15 3.68481769078e-05
414.16 3.44876296938e-05
414.17 3.23663891964e-05
414.18 3.04772774336e-05
414.19 2.88140557365e-05
414.2 2.73714553093e-05
414.21 2.6145208164e-05
414.22 2.51320786553e-05
414.23 2.43298958306e-05
414.24 2.37375867918e-05
414.25 2.33552112533e-05
414.26 2.3183997458e-05
414.27 2.32263795948e-05
414.28 2.34860368403e-05
414.29 2.39679341203e-05
414.3 2.46783646641e-05
414.31 2.56249943963e-05
414.32 2.68169081807e-05
414.33 2.82646579026e-05
414.34 2.99803123408e-05
414.35 3.19775087504e-05
414.36 3.42715060375e-05
414.37 3.68792393761e-05
414.38 3.98193760733e-05
414.39 4.3112372456e-05
414.4 4.67805315066e-05
414.41 5.08480609378e-05
414.42 5.53411313542e-05
414.43 6.0287934103e-05
414.44 6.57187383789e-05
414.45 7.16659470993e-05
414.46 7.81641510278e-05
414.47 8.52501805797e-05
414.48 9.29631547015e-05
414.49 0.000101344526178
414.5 0.000110438122676
414.51 0.000120290182811
414.52 0.000130949386458
414.53 0.000142466878544
414.54 0.000154896285474
414.55 0.000168293723359
414.56 0.00018271779719
414.57 0.000198229590042
414.58 0.000214892641452
414.59 0.000232772914044
414.6 0.000251938747503
414.61 0.000272460799017
414.62 0.000294411969295
414.63 0.000317867313301
414.64 0.000342903934881
414.65 0.000369600864489
414.66 0.000398038919258
414.67 0.000428300544733
414.68 0.000460469637639
414.69 0.000494631349128
414.7 0.000530871868026
414.71 0.000569278183733
414.72 0.000609937828463
414.73 0.000652938598695
414.74 0.000698368255774
414.75 0.000746314205763
414.76 0.000796863158772
414.77 0.000850100768131
414.78 0.000906111249954
414.79 0.000964976983765
414.8 0.00102677809506
414.81 0.00109159202082
414.82 0.00115949305919
414.83 0.00123055190472
414.84 0.00130483517067
414.85 0.00138240490019
414.86 0.00146331806831
414.87 0.00154762607669
414.88 0.00163537424363
414.89 0.00172660129152
414.9 0.00182133883456
414.91 0.00191961086926
414.92 0.00202143327075
414.93 0.00212681329791
414.94 0.00223574911022
414.95 0.00234822929983
414.96 0.00246423244183
414.97 0.00258372666631
414.98 0.00270666925534
414.99 0.00283300626845
415.0 0.00296267219979
415.01 0.00309558967052
415.02 0.00323166915943
415.03 0.00337080877523
415.04 0.00351289407341
415.05 0.0036577979207
415.06 0.00380538040982
415.07 0.00395548882715
415.08 0.00410795767564
415.09 0.00426260875509
415.1 0.00441925130156
415.11 0.00457768218759
415.12 0.00473768618435
415.13 0.00489903628658
415.14 0.00506149410099
415.15 0.00522481029815
415.16 0.00538872512768
415.17 0.00555296899623
415.18 0.00571726310698
415.19 0.00588132015951
415.2 0.0060448451079
415.21 0.0062075359751
415.22 0.00636908472054
415.23 0.00652917815821
415.24 0.00668749892153
415.25 0.00684372647126
415.26 0.00699753814215
415.27 0.00714861022384
415.28 0.00729661907111
415.29 0.00744124223824
415.3 0.00758215963216
415.31 0.00771905467867
415.32 0.00785161549581
415.33 0.0079795360685
415.34 0.00810251741821
415.35 0.00822026876148
415.36 0.00833250865105
415.37 0.00843896609335
415.38 0.00853938163619
415.39 0.00863350842044
415.4 0.00872111318999
415.41 0.0088019772539
415.42 0.00887589739546
415.43 0.00894268672269
415.44 0.00900217545544
415.45 0.00905421164432
415.46 0.00909866181735
415.47 0.00913541155031
415.48 0.0091643659575
415.49 0.00918545009997
415.5 0.00919860930865
415.51 0.00920380942054
415.52 0.00920103692648
415.53 0.00919029902966
415.54 0.00917162361439
415.55 0.00914505912548
415.56 0.00911067435886
415.57 0.00906855816469
415.58 0.00901881906486
415.59 0.00896158478707
415.6 0.00889700171835
415.61 0.0088252342813
415.62 0.0087464642367
415.63 0.00866088991672
415.64 0.00856872539322
415.65 0.00847019958598
415.66 0.00836555531609
415.67 0.00825504831002
415.68 0.00813894616001
415.69 0.00801752724666
415.7 0.00789107962991
415.71 0.00775989991441
415.72 0.0076242920957
415.73 0.00748456639317
415.74 0.00734103807639
415.75 0.00719402629064
415.76 0.0070438528879
415.77 0.00689084126912
415.78 0.00673531524352
415.79 0.00657759791045
415.8 0.00641801056905
415.81 0.00625687166062
415.82 0.00609449574846
415.83 0.00593119253947
415.84 0.00576726595143
415.85 0.00560301322967
415.86 0.00543872411614
415.87 0.00527468007398
415.88 0.00511115356963
415.89 0.00494840741477
415.9 0.00478669416949
415.91 0.00462625560787
415.92 0.00446732224674
415.93 0.00431011293797
415.94 0.00415483452417
415.95 0.00400168155748
415.96 0.00385083608064
415.97 0.0037024674691
415.98 0.00355673233294
415.99 0.00341377447662
416.0 0.00327372491473
416.01 0.00313670194127
416.02 0.00300281125018
416.03 0.00287214610417
416.04 0.00274478754913
416.05 0.00262080467106
416.06 0.00250025489229
416.07 0.00238318430386
416.08 0.00226962803061
416.09 0.00215961062575
416.1 0.00205314649142
416.11 0.00195024032201
416.12 0.00185088756666
416.13 0.00175507490793
416.14 0.0016627807532
416.15 0.00157397573578
416.16 0.00148862322256
416.17 0.00140667982553
416.18 0.00132809591405
416.19 0.0012528161256
416.2 0.00118077987215
416.21 0.00111192184018
416.22 0.00104617248196
416.23 0.000983458496133
416.24 0.000923703295975
416.25 0.000866827463466
416.26 0.000812749187916
416.27 0.000761384687777
416.28 0.000712648614595
416.29 0.000666454438176
416.3 0.000622714812202
416.31 0.000581341919736
416.32 0.000542247798155
416.33 0.000505344643257
416.34 0.000470545092373
416.35 0.000437762486494
416.36 0.000406911111514
416.37 0.000377906418828
416.38 0.000350665225604
416.39 0.000325105895168
416.4 0.000301148498017
416.41 0.00027871495404
416.42 0.000257729156613
416.43 0.00023811707928
416.44 0.000219806865787
416.45 0.000202728904264
416.46 0.000186815886401
416.47 0.000172002852463
416.48 0.000158227223036
416.49 0.000145428818368
416.5 0.000133549866209
416.51 0.000122534999019
416.52 0.000112331241426
416.53 0.000102887988784
416.54 9.41569776802e-05
416.55 8.60922492055e-05
416.56 7.86501057739e-05
416.57 7.17890622592e-05
416.58 6.54697921759e-05
416.59 5.96550695985e-05
416.6 5.43097074813e-05
416.61 4.94004929996e-05
416.62 4.48961204988e-05
416.63 4.07671225973e-05
416.64 3.69857999519e-05
416.65 3.35261501545e-05
416.66 3.03637961935e-05
416.67 2.74759148731e-05
416.68 2.48411655494e-05
416.69 2.24396195046e-05
416.7 2.02526902496e-05
416.71 1.82630650081e-05
416.72 1.64546376086e-05
416.73 1.48124429768e-05
416.74 1.33225933951e-05
416.75 1.19722166687e-05
416.76 1.07493963134e-05
416.77 9.64311385475e-06
416.78 8.64319331183e-06
416.79 7.74024791305e-06
416.8 6.92562907853e-06
416.81 6.19137768428e-06
416.82 5.53017760976e-06
416.83 4.93531155696e-06
416.84 4.40061911735e-06
416.85 3.92045705258e-06
416.86 3.48966174604e-06
416.87 3.10351377437e-06
416.88 2.75770454145e-06
416.89 2.44830491197e-06
416.9 2.17173577712e-06
416.91 1.92474048137e-06
416.92 1.70435903667e-06
416.93 1.50790404845e-06
416.94 1.33293827656e-06
416.95 1.17725375379e-06
416.96 1.03885238462e-06
416.97 9.15927947239e-07
416.98 8.06849422962e-07
416.99 7.10145578451e-07
417.0 6.24490727758e-07
417.01 5.48691603226e-07
417.02 4.81675266413e-07
417.03 4.22477992565e-07
417.04 3.70235064671e-07
417.05 3.24171415754e-07
417.06 2.83593060746e-07
417.07 2.47879262033e-07
417.08 2.16475375527e-07
417.09 1.88886326908e-07
417.1 1.6467067039e-07
417.11 1.43435185116e-07
417.12 1.24829966924e-07
417.13 1.08543975814e-07
417.14 9.43010019909e-08
417.15 8.18560157539e-08
417.16 7.09918688827e-08
417.17 6.15163173889e-08
417.18 5.32593376612e-08
417.19 4.60707100718e-08
417.2 3.98178460538e-08
417.21 3.43838364912e-08
417.22 2.96657009994e-08
417.23 2.55728193018e-08
417.24 2.20255274406e-08
417.25 1.89538629887e-08
417.26 1.6296444773e-08
417.27 1.39994738602e-08
417.28 1.20158437215e-08
417.29 1.03043485626e-08
417.3 8.8289798027e-09
417.31 7.55830160826e-09
417.32 6.4648972294e-09
417.33 5.52487867199e-09
417.34 4.7174529517e-09
417.35 4.02453883367e-09
417.36 3.43042856211e-09
417.37 2.92148963273e-09
417.38 2.48590216075e-09
417.39 2.11342785277e-09
417.4 1.79520700416e-09
417.41 1.52358031859e-09
417.42 1.29193268648e-09
417.43 1.09455636571e-09
417.44 9.26531285589e-10
417.45 7.83620444845e-10
417.46 6.62178599072e-10
417.47 5.59072635341e-10
417.48 4.71612212766e-10
417.49 3.97489410254e-10
417.5 3.34726267874e-10
417.51 2.8162923803e-10
417.52 2.3674967831e-10
417.53 1.98849620957e-10
417.54 1.6687214555e-10
417.55 1.39915762897e-10
417.56 1.17212290359e-10
417.57 9.81077627545e-11
417.58 8.20459795869e-11
417.59 6.85543392914e-11
417.6 5.72316552905e-11
417.61 4.77376874803e-11
417.62 3.97841569425e-11
417.63 3.31270417022e-11
417.64 2.75599777043e-11
417.65 2.29086122727e-11
417.66 1.90257775371e-11
417.67 1.578736898e-11
417.68 1.30888296925e-11
417.69 1.08421543799e-11
417.7 8.97333888149e-12
417.71 7.42021116024e-12
417.72 6.13058858016e-12
417.73 5.0607139711e-12
417.74 4.17392964531e-12
417.75 3.43955429566e-12
417.76 2.83193269178e-12
417.77 2.32963239628e-12
417.78 1.91476543732e-12
417.79 1.5724160737e-12
417.8 1.2901585422e-12
417.81 1.05765104366e-12
417.82 8.66294256107e-13
417.83 7.08944405864e-13
417.84 5.79672419698e-13
417.85 4.73561958072e-13
417.86 3.86540220621e-13
417.87 3.15236346341e-13
417.88 2.56863025054e-13
417.89 2.09117613025e-13
417.9 1.70099620868e-13
417.91 1.38241930753e-13
417.92 1.12253514844e-13
417.93 9.10717786464e-14
417.94 7.38229509037e-14
417.95 5.97891936435e-14
417.96 4.83813189717e-14
417.97 3.91161789313e-14
417.98 3.15979463039e-14
417.99 2.55026318694e-14
418.0 2.05652910185e-14
418.01 1.65694628532e-14
418.02 1.33384606659e-14
418.03 1.0728196205e-14
418.04 8.62127335101e-15
418.05 6.92213134301e-15
418.06 5.55305491373e-15
418.07 4.45089975881e-15
418.08 3.56440768307e-15
418.09 2.85200735604e-15
418.1 2.28001457931e-15
418.11 1.82116090745e-15
418.12 1.45339187174e-15
418.13 1.15888634927e-15
418.14 9.23257150753e-16
418.15 7.34899962564e-16
418.16 5.84463619165e-16
418.17 4.64419507176e-16
418.18 3.68711884346e-16
418.19 2.92474179517e-16
418.2 2.31799043254e-16
418.21 1.8355214302e-16
418.22 1.452215247e-16
418.23 1.14795863044e-16
418.24 9.06661543396e-17
418.25 7.15464130653e-17
418.26 5.640975953e-17
418.27 4.44369603218e-17
418.28 3.49750344956e-17
418.29 2.75039881249e-17
418.3 2.16101063738e-17
418.31 1.69645307001e-17
418.32 1.33060915697e-17
418.33 1.04275643397e-17
418.34 8.16467610904e-18
418.35 6.38732120407e-18
418.36 4.99254817537e-18
418.37 3.89896632853e-18
418.38 3.04228865221e-18
418.39 2.37178360623e-18
418.4 1.84745309448e-18
418.41 1.43779010744e-18
418.42 1.11799863696e-18
418.43 8.68581888845e-19
418.44 6.74223642256e-19
418.45 5.22902716233e-19
418.46 4.05192623729e-19
418.47 3.1370820382e-19
418.48 2.42668795257e-19
418.49 1.87553729497e-19
418.5 1.44830885987e-19
418.51 1.11743014424e-19
418.52 8.61396872917e-20
418.53 6.63452616663e-20
418.54 5.10552308529e-20
418.55 3.92549374537e-20
418.56 3.0155882864e-20
418.57 2.31458704591e-20
418.58 1.77500140499e-20
418.59 1.36002720773e-20
418.6 1.04116654458e-20
418.61 7.9637299583e-21
418.62 6.0860646044e-21
418.63 4.64708165513e-21
418.64 3.54525731405e-21
418.65 2.70233341977e-21
418.66 2.05804001789e-21
418.67 1.56600235472e-21
418.68 1.19056940729e-21
418.69 9.04358738404e-22
418.7 6.86357640165e-22
418.71 5.20455878161e-22
418.72 3.94312982335e-22
418.73 2.98484612015e-22
418.74 2.2574936097e-22
418.75 1.70590493356e-22
418.76 1.28797322051e-22
418.77 9.71588920902e-23
418.78 7.3228811727e-23
418.79 5.5144871945e-23
418.8 4.14908173832e-23
418.81 3.11905161226e-23
418.82 2.34270089995e-23
418.83 1.75806464389e-23
418.84 1.3181855547e-23
418.85 9.87511060882e-24
418.86 7.39147482222e-24
418.87 5.52769341467e-24
418.88 4.13028961806e-24
418.89 3.08347744735e-24
418.9 2.29998370692e-24
418.91 1.7140853976e-24
418.92 1.27633260358e-24
418.93 9.49552505377e-25
418.94 7.05826268261e-25
418.95 5.24204038982e-25
418.96 3.88979416977e-25
418.97 2.88387605942e-25
418.98 2.13624114212e-25
418.99 1.58105752176e-25
419.0 1.16914608267e-25
419.01 8.63800795313e-26
419.02 6.37649660501e-26
419.03 4.70299350015e-26
419.04 3.46569497583e-26
419.05 2.5517023142e-26
419.06 1.87712585132e-26
419.07 1.37968672768e-26
419.08 1.0131909332e-26
419.09 7.43405578144e-27
419.1 5.44984372203e-27
419.11 3.99177445433e-27
419.12 2.92126969109e-27
419.13 2.13599889455e-27
419.14 1.56046526824e-27
419.15 1.13901882706e-27
419.16 8.30675518036e-28
419.17 6.05279035313e-28
419.18 4.40659934015e-28
419.19 3.20534817536e-28
419.2 2.32954213056e-28
419.21 1.69156869796e-28
419.22 1.22724825533e-28
419.23 8.89608490516e-29
419.24 6.44301477926e-29
419.25 4.66233041584e-29
419.26 3.37085973733e-29
419.27 2.43501716838e-29
419.28 1.75746662349e-29
419.29 1.2673479213e-29
419.3 9.13121019747e-30
419.31 6.57331638454e-30
419.32 4.72785822132e-30
419.33 3.39756727845e-30
419.34 2.4394695345e-30
419.35 1.75003383212e-30
419.36 1.25435713087e-30
419.37 8.98296430548e-31
419.38 6.42749662686e-31
419.39 4.5950236747e-31
419.4 3.28214196314e-31
419.41 2.34234403318e-31
419.42 1.6701970648e-31
419.43 1.18989451358e-31
419.44 8.46979542069e-32
419.45 6.02366888987e-32
419.46 4.28028783587e-32
419.47 3.03884515374e-32
419.48 2.15559853302e-32
419.49 1.5277451031e-32
419.5 1.08182654554e-32
419.51 7.65399333684e-33
419.52 5.41056025952e-33
419.53 3.82137897054e-33
419.54 2.69663205571e-33
419.55 1.90128397965e-33
419.56 1.33935590678e-33
419.57 9.42689605422e-34
419.58 6.62926151837e-34
419.59 4.65784784829e-34
419.6 3.26985998368e-34
419.61 2.2934893484e-34
419.62 1.60726693732e-34
419.63 1.1253898842e-34
419.64 7.87302654353e-35
419.65 5.50305859033e-35
419.66 3.84317597032e-35
419.67 2.68163778521e-35
419.68 1.86953532217e-35
419.69 1.30223974477e-35
419.7 9.06299894859e-36
419.71 6.30197427033e-36
419.72 4.37829514388e-36
419.73 3.03918512833e-36
419.74 2.10781741816e-36
419.75 1.46060416641e-36
419.76 1.01124361797e-36
419.77 6.99524234494e-37
419.78 4.83474361507e-37
419.79 3.33862656491e-37
419.8 2.30348799561e-37
419.81 1.58791691312e-37
419.82 1.09368765016e-37
419.83 7.52631783041e-38
419.84 5.17482315732e-38
419.85 3.55493925496e-38
419.86 2.44001540241e-38
419.87 1.67331099212e-38
419.88 1.14652749134e-38
419.89 7.84903008759e-39
419.9 5.36872584947e-39
419.91 3.66902079957e-39
419.92 2.50526016232e-39
419.93 1.70914616035e-39
419.94 1.16500901877e-39
419.95 7.93419890307e-40
419.96 5.3988416839e-40
419.97 3.67047113945e-40
419.98 2.49325527956e-40
419.99 1.69213650054e-40
420.0 1.1474341001e-40
420.01 7.77398724271e-41
420.02 5.26239698567e-41
420.03 3.5591566542e-41
420.04 2.40510650211e-41
420.05 1.62384747259e-41
420.06 1.09541798605e-41
420.07 7.38309087147e-42
420.08 4.97187581562e-42
420.09 3.34523046981e-42
420.1 2.24882431151e-42
420.11 1.51045824439e-42
420.12 1.01364441728e-42
420.13 6.79651459946e-43
420.14 4.55313563614e-43
420.15 3.04760469741e-43
420.16 2.03812301483e-43
420.17 1.36183930495e-43
420.18 9.09169898504e-44
420.19 6.06440147485e-44
420.2 4.04161139703e-44
420.21 2.69119318859e-44
420.22 1.79043644209e-44
420.23 1.19013617253e-44
420.24 7.90420351955e-45
420.25 5.24497334495e-45
420.26 3.47738013908e-45
420.27 2.30348169674e-45
420.28 1.52454790197e-45
420.29 1.00814057906e-45
420.3 6.66077601941e-46
420.31 4.39695758648e-46
420.32 2.90003630856e-46
420.33 1.91107753245e-46
420.34 1.25827883243e-46
420.35 8.27749995626e-47
420.36 5.44057994227e-47
420.37 3.57285110286e-47
420.38 2.34427389531e-47
420.39 1.53682882617e-47
420.4 1.00662185893e-47
420.41 6.58765623786e-48
420.42 4.30743975874e-48
420.43 2.81404610682e-48
420.44 1.83682134645e-48
420.45 1.19791592756e-48
420.46 7.8056571793e-49
420.47 5.08178538476e-49
420.48 3.30557396173e-49
420.49 2.14833077801e-49
420.5 1.39501582554e-49
420.51 9.05067209964e-50
420.52 5.86686695918e-50
420.53 3.79975295601e-50
420.54 2.45882825791e-50
420.55 1.58973502289e-50
420.56 1.02693983669e-50
420.57 6.62809878863e-51
420.58 4.27421788082e-51
420.59 2.75389928562e-51
420.6 1.77281395819e-51
420.61 1.14025499674e-51
420.62 7.32764663817e-52
420.63 4.7049039819e-52
420.64 3.018288325e-52
420.65 1.93461430818e-52
420.66 1.23894429311e-52
420.67 7.92743840239e-53
420.68 5.06801259231e-53
420.69 3.23717521724e-53
420.7 2.06594350433e-53
420.71 1.31732940977e-53
420.72 8.39255211646e-54
420.73 5.3421664861e-54
420.74 3.39753940664e-54
420.75 2.15891378459e-54
420.76 1.37066021942e-54
420.77 8.69456843433e-55
420.78 5.51048677337e-55
420.79 3.48943900241e-55
420.8 2.20772497257e-55
420.81 1.39559062015e-55
420.82 8.81444203363e-56
420.83 5.56231170803e-56
420.84 3.50703041197e-56
420.85 2.20926317546e-56
420.86 1.39052591743e-56
420.87 8.74448897704e-57
420.88 5.49431422955e-57
420.89 3.44918322774e-57
420.9 2.16342951243e-57
420.91 1.35579162416e-57
420.92 8.48920176791e-58
420.93 5.3108554081e-58
420.94 3.31960042762e-58
420.95 2.07315063298e-58
420.96 1.29359884133e-58
420.97 8.06477192138e-59
420.98 5.02352159998e-59
420.99 3.12642612252e-59
421.0 1.94406946984e-59
421.01 1.20781133727e-59
421.02 7.49739057917e-60
421.03 4.64991359599e-60
421.04 2.8813986097e-60
421.05 1.78396165016e-60
421.06 1.10354843305e-60
421.07 6.82057510082e-61
421.08 4.21186366178e-61
421.09 2.59867115876e-61
421.1 1.60196144963e-61
421.11 9.86680414654e-62
421.12 6.07190079135e-62
421.13 3.7333313642e-62
421.14 2.29346503378e-62
421.15 1.40770424462e-62
421.16 8.63285466367e-63
421.17 5.28957953208e-63
421.18 3.23825903409e-63
421.19 1.98073206726e-63
421.2 1.21049665058e-63
421.21 7.39137376303e-64
421.22 4.50931369421e-64
421.23 2.74865001877e-64
421.24 1.67398728438e-64
421.25 1.01861150398e-64
421.26 6.19282362344e-65
421.27 3.76177276687e-65
421.28 2.28307467951e-65
421.29 1.38443123614e-65
421.3 8.38776730981e-66
421.31 5.07744316641e-66
421.32 3.07091276987e-66
421.33 1.85572493083e-66
421.34 1.12042666702e-66
421.35 6.75891498451e-67
421.36 4.07374877889e-67
421.37 2.45321276199e-67
421.38 1.4760460258e-67
421.39 8.87336398851e-68
421.4 5.32967106633e-68
421.41 3.19842541936e-68
421.42 1.91776665389e-68
421.43 1.14889148288e-68
421.44 6.87679327988e-69
421.45 4.11260161238e-69
421.46 2.45737268186e-69
421.47 1.46706421244e-69
421.48 8.7508639641e-70
421.49 5.2152658863e-70
421.5 3.1054582092e-70
421.51 1.84756036235e-70
421.52 1.09823503949e-70
421.53 6.52252373227e-71
421.54 3.87043477031e-71
421.55 2.29470863365e-71
421.56 1.35931171322e-71
421.57 8.04515251032e-72
421.58 4.75743886301e-72
421.59 2.81083830351e-72
421.6 1.6592897205e-72
421.61 9.78661029176e-73
421.62 5.76721416831e-73
421.63 3.39565513508e-73
421.64 1.99758278307e-73
421.65 1.17411249095e-73
421.66 6.89506465689e-74
421.67 4.04567219043e-74
421.68 2.3717382072e-74
421.69 1.38920558945e-74
421.7 8.1299899118e-75
421.71 4.75375947321e-75
421.72 2.77720611962e-75
421.73 1.62107360975e-75
421.74 9.45411912921e-76
421.75 5.50887753176e-76
421.76 3.20722092958e-76
421.77 1.8655992117e-76
421.78 1.08425525148e-76
421.79 6.2960538157e-77
421.8 3.65282646994e-77
421.81 2.11745097259e-77
421.82 1.22636966154e-77
421.83 7.09664605687e-78
421.84 4.10306696678e-78
421.85 2.37021519222e-78
421.86 1.36801437904e-78
421.87 7.88891468691e-79
421.88 4.54535250115e-79
421.89 2.61662563318e-79
421.9 1.50500979461e-79
421.91 8.64889796598e-80
421.92 4.96599106032e-80
421.93 2.84888425966e-80
421.94 1.63292933297e-80
421.95 9.3515518858e-81
421.96 5.35086134799e-81
421.97 3.05905594773e-81
421.98 1.74732968372e-81
421.99 9.97208569888e-82
422.0 5.6861833844e-82
422.01 3.23951081604e-82
422.02 1.8440034071e-82
422.03 1.04873971929e-82
422.04 5.95932987735e-83
422.05 3.38338055289e-83
422.06 1.91923424247e-83
422.07 1.08774934631e-83
422.08 6.15961248878e-84
422.09 3.48499101902e-84
422.1 1.97003366703e-84
422.11 1.11267760113e-84
422.12 6.27897502212e-85
422.13 3.5402332595e-85
422.14 1.99433776303e-85
422.15 1.12250752264e-85
422.16 6.31253094476e-86
422.17 3.54683914153e-86
422.18 1.99114632915e-86
422.19 1.11683386655e-86
422.2 6.25889527395e-87
422.21 3.50453585238e-87
422.22 1.96059116954e-87
422.23 1.09589082187e-87
422.24 6.12027941247e-88
422.25 3.41506459107e-88
422.26 1.90392706313e-88
422.27 1.06053597398e-88
422.28 5.90233988454e-89
422.29 3.28206166929e-89
422.3 1.8234462753e-89
422.31 1.01219204458e-89
422.32 5.61379539092e-90
422.33 3.11081333625e-90
422.34 1.72232472883e-90
422.35 9.52751924477e-91
422.36 5.2658483126e-91
422.37 2.9079073639e-91
422.38 1.60441421925e-91
422.39 8.84455831751e-92
422.4 4.8714641394e-92
422.41 2.68081338033e-92
422.42 1.4739996063e-92
422.43 8.09751693754e-93
422.44 4.44457332233e-93
422.45 2.43742913349e-93
422.46 1.33554225406e-93
422.47 7.31150835203e-94
422.48 3.9992636937e-94
422.49 2.18563085531e-94
422.5 1.19343095482e-94
422.51 6.51090705705e-95
422.52 3.54902783863e-95
422.53 1.93286280405e-95
422.54 1.0517593069e-95
422.55 5.71814825762e-96
422.56 3.10611958169e-96
422.57 1.68579454487e-96
422.58 9.14144455068e-97
422.59 4.95277646119e-97
422.6 2.68105878918e-97
422.61 1.45006563312e-97
422.62 7.83596874302e-98
422.63 4.23078974155e-98
422.64 2.28230616208e-98
422.65 1.23012735294e-98
422.66 6.62445204756e-99
422.67 3.56429431915e-99
422.68 1.91611190243e-99
422.69 1.02918131127e-99
422.7 5.52314730915e-100
422.71 2.96145456664e-100
422.72 1.58652614898e-100
422.73 8.49206104126e-101
422.74 4.54153528212e-101
422.75 2.42669944166e-101
422.76 1.29554648533e-101
422.77 6.91056765676e-102
422.78 3.68296980662e-102
422.79 1.96112965217e-102
422.8 1.04336957047e-102
422.81 5.54617717633e-103
422.82 2.94559493628e-103
422.83 1.56306134277e-103
422.84 8.28710292272e-104
422.85 4.38988512223e-104
422.86 2.32341768516e-104
422.87 1.22864138148e-104
422.88 6.49152447534e-105
422.89 3.42682535596e-105
422.9 1.80742779648e-105
422.91 9.52475152338e-106
422.92 5.01498992869e-106
422.93 2.63821501682e-106
422.94 1.3866728848e-106
422.95 7.28218271075e-107
422.96 3.82096299416e-107
422.97 2.00312386191e-107
422.98 1.04921982943e-107
422.99 5.49096768313e-108
423.0 2.87114415422e-108
423.01 1.49997776376e-108
423.02 7.82957802419e-109
423.03 4.08334057553e-109
423.04 2.12773023356e-109
423.05 1.10774867071e-109
423.06 5.76221717999e-110
423.07 2.99475791138e-110
423.08 1.55509717097e-110
423.09 8.06820741201e-111
423.1 4.18234918842e-111
423.11 2.16614356862e-111
423.12 1.12092846556e-111
423.13 5.79551815986e-112
423.14 2.99385220067e-112
423.15 1.54522652458e-112
423.16 7.9685199611e-113
423.17 4.10569692932e-113
423.18 2.11358551205e-113
423.19 1.08711746097e-113
423.2 5.58671905112e-114
423.21 2.86853996412e-114
423.22 1.4715963104e-114
423.23 7.54293192628e-115
423.24 3.86291719539e-115
423.25 1.97657965945e-115
423.26 1.01050148795e-115
423.27 5.16158763554e-116
423.28 2.63422802555e-116
423.29 1.34321996687e-116
423.3 6.8432849557e-117
423.31 3.48341985177e-117
423.32 1.77162064716e-117
423.33 9.00242177096e-118
423.34 4.57058396541e-118
423.35 2.31850341421e-118
423.36 1.17508017792e-118
423.37 5.95046593665e-119
423.38 3.01063536613e-119
423.39 1.52191030291e-119
423.4 7.68676612725e-120
423.41 3.87901974988e-120
423.42 1.95579812935e-120
423.43 9.85257556766e-121
423.44 4.95905854133e-121
423.45 2.49386194552e-121
423.46 1.25305257669e-121
423.47 6.29056844409e-122
423.48 3.1552531041e-122
423.49 1.58125614337e-122
423.5 7.91760736898e-123
423.51 3.96104165564e-123
423.52 1.97992422897e-123
423.53 9.88806797849e-124
423.54 4.93398732075e-124
423.55 2.45984831421e-124
423.56 1.22529973046e-124
423.57 6.09817749883e-125
423.58 3.03236515048e-125
423.59 1.50656073739e-125
423.6 7.47851735371e-126
423.61 3.70909604228e-126
423.62 1.83799516536e-126
423.63 9.10006224449e-127
423.64 4.50161214287e-127
423.65 2.22492561957e-127
423.66 1.0987189945e-127
423.67 5.42102588296e-128
423.68 2.672391253e-128
423.69 1.31626191299e-128
423.7 6.47751310954e-129
423.71 3.18491611933e-129
423.72 1.56462912292e-129
423.73 7.67977564619e-130
423.74 3.76625194269e-130
423.75 1.84541445031e-130
423.76 9.03445955024e-131
423.77 4.41910327372e-131
423.78 2.15968214038e-131
423.79 1.05455500004e-131
423.8 5.14484560174e-132
423.81 2.50783621322e-132
423.82 1.22137690913e-132
423.83 5.94324937641e-133
423.84 2.88949478047e-133
423.85 1.40360073719e-133
423.86 6.81222483859e-134
423.87 3.30337647657e-134
423.88 1.60048232625e-134
423.89 7.74760384573e-135
423.9 3.74720663109e-135
423.91 1.81080460513e-135
423.92 8.74297529439e-136
423.93 4.21765084892e-136
423.94 2.03285176168e-136
423.95 9.78959012267e-137
423.96 4.71028320439e-137
423.97 2.26440050541e-137
423.98 1.08763501092e-137
423.99 5.21959525288e-138
424.0 2.50273108859e-138
424.01 1.19898917419e-138
424.02 5.7390505195e-139
424.03 2.7446599566e-139
424.04 1.31147723727e-139
424.05 6.26118708263e-140
424.06 2.98659488206e-140
424.07 1.42337608595e-140
424.08 6.77776842005e-141
424.09 3.22461224954e-141
424.1 1.53282291896e-141
424.11 7.27997996137e-142
424.12 3.45455486792e-142
424.13 1.63786355151e-142
424.14 7.75866596216e-143
424.15 3.67214737809e-143
424.16 1.7365083017e-143
424.17 8.20459857754e-144
424.18 3.87312508844e-144
424.19 1.82679334975e-144
424.2 8.60876857302e-145
424.21 4.05337100472e-145
424.22 1.90684500073e-145
424.23 8.96268516484e-146
424.24 4.20905501356e-146
424.25 1.97494395489e-146
424.26 9.2586712072e-147
424.27 4.33676870499e-147
424.28 2.02958652771e-147
424.29 9.49013946955e-148
424.3 4.4336492332e-148
424.31 2.06953978463e-148
424.32 9.65183615112e-149
424.33 4.49748594016e-149
424.34 2.09388777085e-149
424.35 9.7400390724e-150
424.36 4.52680420025e-150
424.37 2.10206641653e-150
424.38 9.75270010594e-151
424.39 4.52092204579e-151
424.4 2.09388526013e-151
424.41 9.68952423613e-152
424.42 4.47997653724e-152
424.43 2.06953482158e-152
424.44 9.5519809865e-153
424.45 4.40491845425e-153
424.46 2.02957922685e-153
424.47 9.34324759647e-154
424.48 4.2974755946e-154
424.49 1.9749344825e-154
424.5 9.06808701569e-155
424.51 4.16008665946e-155
424.52 1.90683356853e-155
424.53 8.73266725804e-156
424.54 3.99580925735e-156
424.55 1.82678020704e-156
424.56 8.34433168116e-157
424.57 3.80820687192e-157
424.58 1.73649372635e-157
424.59 7.91133213199e-158
424.6 3.60122062356e-158
424.61 1.63784784024e-158
424.62 7.44253847777e-159
424.63 3.37903225477e-159
424.64 1.53280637734e-159
424.65 6.94713874399e-160
424.66 3.14592495676e-160
424.67 1.42335901872e-160
424.68 6.43434389422e-161
424.69 2.90614843457e-161
424.7 1.31145993925e-161
424.71 5.91311026608e-162
424.72 2.6637940161e-162
424.73 1.1989719222e-162
424.74 5.39189093811e-163
424.75 2.42268470751e-163
424.76 1.08761805704e-163
424.77 4.87842500582e-164
424.78 2.18628396479e-164
424.79 9.7894257859e-165
424.8 4.37957108394e-165
424.81 1.95762568053e-165
424.82 8.74281804373e-166
424.83 3.90118853105e-166
424.84 1.73926657233e-166
424.85 7.74745520799e-167
424.86 3.44806711385e-167
424.87 1.53326089483e-167
424.88 6.8120859779e-168
424.89 3.02390326988e-168
424.9 1.34115625992e-168
424.91 5.94312110271e-169
424.92 2.63131893767e-169
424.93 1.16400840243e-169
424.94 5.14472839115e-170
424.95 2.27191720623e-170
424.96 1.00241201175e-170
424.97 4.41899729838e-171
424.98 1.94636785078e-171
424.99 8.56544284433e-172
425.0 3.7661571076e-172
425.01 1.65451518295e-172
425.02 7.26217639242e-173
425.03 3.18483210356e-173
425.04 1.39550052379e-173
425.05 6.10938054834e-174
425.06 2.67231755295e-174
425.07 1.16789194559e-174
425.08 5.09965709565e-175
425.09 2.2248615921e-175
425.1 9.69814639028e-176
425.11 4.22374980159e-176
425.12 1.83794006889e-176
425.13 7.9907624468e-177
425.14 3.47111343469e-177
425.15 1.50651376971e-177
425.16 6.53282639183e-178
425.17 2.83043275302e-178
425.18 1.22526006204e-178
425.19 5.29940885107e-179
425.2 2.29007807216e-179
425.21 9.88773600146e-180
425.22 4.26547252595e-180
425.23 1.83848947553e-180
425.24 7.91733205373e-181
425.25 3.40659326747e-181
425.26 1.46448666112e-181
425.27 6.29034216251e-182
425.28 2.69952175113e-182
425.29 1.15750561178e-182
425.3 4.95887421019e-183
425.31 2.12259330952e-183
425.32 9.07766606644e-184
425.33 3.87887091336e-184
425.34 1.65599935545e-184
425.35 7.06380517494e-185
425.36 3.01051623936e-185
425.37 1.28193778463e-185
425.38 5.45401885573e-186
425.39 2.31840889422e-186
425.4 9.8466192729e-187
425.41 4.1783803467e-187
425.42 1.77154629809e-187
425.43 7.50448261744e-188
425.44 3.17623566271e-188
425.45 1.34316198582e-188
425.46 5.67502499423e-189
425.47 2.39569142192e-189
425.48 1.01045665731e-189
425.49 4.25822116062e-190
425.5 1.79292635239e-190
425.51 7.54258824194e-191
425.52 3.17031241571e-191
425.53 1.33139657608e-191
425.54 5.58645780062e-192
425.55 2.34201310977e-192
425.56 9.80992830839e-193
425.57 4.10550001272e-193
425.58 1.71668255794e-193
425.59 7.17195645206e-194
425.6 2.99370502047e-194
425.61 1.24854465549e-194
425.62 5.20262911187e-195
425.63 2.16603448201e-195
425.64 9.01014080394e-196
425.65 3.74473855558e-196
425.66 1.55501699197e-196
425.67 6.45167509569e-197
425.68 2.67444425559e-197
425.69 1.10769022827e-197
425.7 4.58381214917e-198
425.71 1.89521729398e-198
425.72 7.82915556476e-199
425.73 3.23142846975e-199
425.74 1.33259409281e-199
425.75 5.49066482405e-200
425.76 2.26035001606e-200
425.77 9.29715709635e-201
425.78 3.82074766428e-201
425.79 1.56880966299e-201
425.8 6.43599751256e-202
425.81 2.63806317731e-202
425.82 1.08038421153e-202
425.83 4.42074005194e-203
425.84 1.80732160489e-203
425.85 7.3824347079e-204
425.86 3.01291931507e-204
425.87 1.22856772211e-204
425.88 5.0053495615e-205
425.89 2.03748038948e-205
425.9 8.28659615904e-206
425.91 3.36730630719e-206
425.92 1.36713935663e-206
425.93 5.54583137282e-207
425.94 2.2477305442e-207
425.95 9.10218266275e-208
425.96 3.682735758e-208
425.97 1.48874145981e-208
425.98 6.01300714854e-209
425.99 2.42654231802e-209
426.0 9.78380372547e-210
426.01 3.94140720516e-210
426.02 1.58642152254e-210
426.03 6.37983714312e-211
426.04 2.56344677589e-211
426.05 1.029112206e-211
426.06 4.12785911529e-212
426.07 1.65428646269e-212
426.08 6.6239993003e-213
426.09 2.65004685359e-213
426.1 1.0592794316e-213
426.11 4.23049551613e-214
426.12 1.68809020977e-214
426.13 6.73013499829e-215
426.14 2.68086912346e-215
426.15 1.06696742986e-215
426.16 4.24277913562e-216
426.17 1.68567326572e-216
426.18 6.69144767384e-217
426.19 2.65393624572e-217
426.2 1.05168238036e-217
426.21 4.1639204369e-218
426.22 1.64719099605e-218
426.23 6.51042303751e-219
426.24 2.57097688142e-219
426.25 1.0144037501e-219
426.26 3.99896159418e-220
426.27 1.5750971035e-220
426.28 6.19856479041e-221
426.29 2.43724209062e-221
426.3 9.57480431525e-222
426.31 3.75824299391e-222
426.32 1.47388472756e-222
426.33 5.77518490139e-223
426.34 2.26095532253e-223
426.35 8.84385839694e-224
426.36 3.45633072866e-224
426.37 1.34962314413e-224
426.38 5.26542528222e-225
426.39 2.05247607835e-225
426.4 7.99367461759e-226
426.41 3.11055970018e-226
426.42 1.20935645856e-226
426.43 4.69779247639e-227
426.44 1.82329541675e-227
426.45 7.07039968757e-228
426.46 2.73939464387e-228
426.47 1.06044696147e-228
426.48 4.10154059472e-229
426.49 1.58499825741e-229
426.5 6.11975838939e-230
426.51 2.36082326403e-230
426.52 9.09947609537e-231
426.53 3.50423330729e-231
426.54 1.34832116094e-231
426.55 5.18343193795e-232
426.56 1.99097204701e-232
426.57 7.640761389e-233
426.58 2.92975851235e-233
426.59 1.12240792534e-233
426.6 4.29628751024e-234
426.61 1.64308360334e-234
426.62 6.278410376e-235
426.63 2.39697469368e-235
426.64 9.14325666626e-236
426.65 3.48467344767e-236
426.66 1.32692682407e-236
426.67 5.04842110206e-237
426.68 1.91905705031e-237
426.69 7.28859654178e-238
426.7 2.76581831418e-238
426.71 1.04864163761e-238
426.72 3.97241177283e-239
426.73 1.50350589493e-239
426.74 5.68564477586e-240
426.75 2.14821637412e-240
426.76 8.10961123124e-241
426.77 3.05876251914e-241
426.78 1.1526970914e-241
426.79 4.34018605502e-242
426.8 1.63277074247e-242
426.81 6.13713652557e-243
426.82 2.3047831599e-243
426.83 8.64804761321e-244
426.84 3.24212521984e-244
426.85 1.21440964967e-244
426.86 4.54490015604e-245
426.87 1.69944532499e-245
426.88 6.34912327415e-246
426.89 2.36997647099e-246
426.9 8.8388959578e-247
426.91 3.29363691721e-247
426.92 1.22624467477e-247
426.93 4.56144307472e-248
426.94 1.69531770233e-248
426.95 6.29540459801e-249
426.96 2.33571532082e-249
426.97 8.65844463916e-250
426.98 3.20688637165e-250
426.99 1.18672740622e-250
427.0 4.38775211875e-251
427.01 1.62090256555e-251
427.02 5.98267549786e-252
427.03 2.20626511099e-252
427.04 8.12912234545e-253
427.05 2.99263213381e-253
427.06 1.10074500278e-253
427.07 4.04523561869e-254
427.08 1.48533575387e-254
427.09 5.4491549848e-255
427.1 1.99736482732e-255
427.11 7.31491607863e-256
427.12 2.67660947255e-256
427.13 9.78553074359e-257
427.14 3.57443557102e-257
427.15 1.30453060839e-257
427.16 4.75690837227e-258
427.17 1.73308159933e-258
427.18 6.30865748399e-259
427.19 2.29445000491e-259
427.2 8.33765578727e-260
427.21 3.02714369471e-260
427.22 1.09810994447e-260
427.23 3.97999315085e-261
427.24 1.44126067622e-261
427.25 5.21466558601e-262
427.26 1.88509872743e-262
427.27 6.80871961917e-263
427.28 2.45708688111e-263
427.29 8.85929755251e-264
427.3 3.191550907e-264
427.31 1.14875648547e-264
427.32 4.13121587066e-265
427.33 1.48440194326e-265
427.34 5.32903842774e-266
427.35 1.91148063325e-266
427.36 6.85038002935e-267
427.37 2.45291862135e-267
427.38 8.77556986123e-268
427.39 3.13683177233e-268
427.4 1.12029098435e-268
427.41 3.99755240951e-269
427.42 1.42521768924e-269
427.43 5.0768222051e-270
427.44 1.80686796071e-270
427.45 6.42516954806e-271
427.46 2.28279272673e-271
427.47 8.10348962574e-272
427.48 2.87409681407e-272
427.49 1.01848448732e-272
427.5 3.60604511959e-273
427.51 1.27565021544e-273
427.52 4.50874599503e-274
427.53 1.59222209e-274
427.54 5.61791588954e-275
427.55 1.98048032864e-275
427.56 6.97572812587e-276
427.57 2.45489132546e-276
427.58 8.63174713187e-277
427.59 3.03241655905e-277
427.6 1.06439474659e-277
427.61 3.73284792926e-278
427.62 1.30798145257e-278
427.63 4.57916809357e-279
427.64 1.60175208851e-279
427.65 5.59793336241e-280
427.66 1.95471687506e-280
427.67 6.81967553924e-281
427.68 2.37720850606e-281
427.69 8.27931775746e-282
427.7 2.88101512921e-282
427.71 1.00165978832e-282
427.72 3.47951451315e-283
427.73 1.20764914363e-283
427.74 4.18780658713e-284
427.75 1.45096242602e-284
427.76 5.02284098242e-285
427.77 1.73726633759e-285
427.78 6.0035356312e-286
427.79 2.07286726428e-286
427.8 7.15088190749e-287
427.81 2.46474180596e-287
427.82 8.48803124313e-288
427.83 2.92056058606e-288
427.84 1.00403576448e-288
427.85 3.44870350544e-289
427.86 1.18354901e-289
427.87 4.05826448101e-290
427.88 1.39033085199e-290
427.89 4.75904362144e-291
427.9 1.62758966548e-291
427.91 5.56152474839e-292
427.92 1.89874453635e-292
427.93 6.47683618373e-293
427.94 2.20740997529e-293
427.95 7.51669279911e-294
427.96 2.55737440571e-294
427.97 8.69331747299e-295
427.98 2.95257187198e-295
427.99 1.00193403299e-295
428.0 3.3970465005e-296
428.01 1.15076744518e-296
428.02 3.89490935969e-297
428.03 1.31713671572e-297
428.04 4.45028750761e-298
428.05 1.50234264371e-298
428.06 5.06726518623e-299
428.07 1.70766227213e-299
428.08 5.74981731897e-300
428.09 1.93432668118e-300
428.1 6.50173568952e-301
428.11 2.18349655524e-301
428.12 7.32654842198e-302
428.13 2.45623576004e-302
428.14 8.2274336398e-303
428.15 2.75348324892e-303
428.16 9.20712844638e-304
428.17 3.07602370239e-304
428.18 1.02678346378e-304
428.19 3.4244573882e-305
428.2 1.14111228175e-305
428.21 3.79916980926e-306
428.22 1.26378368246e-306
428.23 4.20030177949e-307
428.24 1.39480006048e-307
428.25 4.62772063035e-308
428.26 1.53407298292e-308
428.27 5.08099329996e-309
428.28 1.68141506971e-309
428.29 5.55936208968e-310
428.3 1.83653284369e-310
428.31 6.06172388652e-311
428.32 1.99902080218e-311
428.33 6.58661364116e-312
428.34 2.16835695604e-312
428.35 7.13219285992e-313
428.36 2.34390006785e-313
428.37 7.69624381175e-314
428.38 2.52488879866e-314
428.39 8.27617007038e-315
428.4 2.71044294733e-315
428.41 8.86900388048e-316
428.42 2.89956687937e-316
428.43 9.471420741e-317
428.44 3.09115530967e-317
428.45 1.00797642648e-317
428.46 3.28400000069e-318
428.47 1.06900489725e-318
428.48 3.47678935635e-319
428.49 1.12982931891e-319
428.5 3.66843742037e-320
428.51 1.18971007519e-320
428.52 3.85865269402e-321
428.53 1.24998608398e-321
428.54 4.0513382959e-322
428.55 1.28457067919e-322
428.56 4.44659081257e-323
428.57 1.48219693752e-323
428.58 4.94065645841e-324
428.59 0.0
428.6 0.0
428.61 0.0
428.62 0.0
428.63 0.0
428.64 0.0
428.65 0.0
428.66 0.0
428.67 0.0
428.68 0.0
428.69 0.0
428.7 0.0
428.71 0.0
428.72 0.0
428.73 0.0
428.74 0.0
428.75 0.0
428.76 0.0
428.77 0.0
428.78 0.0
428.79 0.0
428.8 0.0
428.81 0.0
428.82 0.0
428.83 0.0
428.84 0.0
428.85 0.0
428.86 0.0
428.87 0.0
428.88 0.0
428.89 0.0
428.9 0.0
428.91 0.0
428.92 0.0
428.93 0.0
428.94 0.0
428.95 0.0
428.96 0.0
428.97 0.0
428.98 0.0
428.99 0.0
429.0 0.0
429.01 0.0
429.02 0.0
429.03 0.0
429.04 0.0
429.05 0.0
429.06 0.0
429.07 0.0
429.08 0.0
429.09 0.0
429.1 0.0
429.11 0.0
429.12 0.0
429.13 0.0
429.14 0.0
429.15 0.0
429.16 0.0
429.17 0.0
429.18 0.0
429.19 0.0
429.2 0.0
429.21 0.0
429.22 0.0
429.23 0.0
429.24 0.0
429.25 0.0
429.26 0.0
429.27 0.0
429.28 0.0
429.29 0.0
429.3 0.0
429.31 0.0
429.32 0.0
429.33 0.0
429.34 0.0
429.35 0.0
429.36 0.0
429.37 0.0
429.38 0.0
429.39 0.0
429.4 0.0
429.41 0.0
429.42 0.0
429.43 0.0
429.44 0.0
429.45 0.0
429.46 0.0
429.47 0.0
429.48 0.0
429.49 0.0
429.5 0.0
429.51 0.0
429.52 0.0
429.53 0.0
429.54 0.0
429.55 0.0
429.56 0.0
429.57 0.0
429.58 0.0
429.59 0.0
429.6 0.0
429.61 0.0
429.62 0.0
429.63 0.0
429.64 0.0
429.65 0.0
429.66 0.0
429.67 0.0
429.68 0.0
429.69 0.0
429.7 0.0
429.71 0.0
429.72 0.0
429.73 0.0
429.74 0.0
429.75 0.0
429.76 0.0
429.77 0.0
429.78 0.0
429.79 0.0
429.8 0.0
429.81 0.0
429.82 0.0
429.83 0.0
429.84 0.0
429.85 0.0
429.86 0.0
429.87 0.0
429.88 0.0
429.89 0.0
429.9 0.0
429.91 0.0
429.92 0.0
429.93 0.0
429.94 0.0
429.95 0.0
429.96 0.0
429.97 0.0
429.98 0.0
429.99 0.0
