400.0 8.10170788685e-25
400.01 1.08936164991e-24
400.02 1.46349518069e-24
400.03 1.96441944122e-24
400.04 2.63451613644e-24
400.05 3.53013419397e-24
400.06 4.72612582e-24
400.07 6.32183354024e-24
400.08 8.44898512915e-24
400.09 1.12820948785e-23
400.1 1.50521543171e-23
400.11 2.00646361683e-23
400.12 2.67231487158e-23
400.13 3.55604854061e-23
400.14 4.72793443173e-23
400.15 6.28056799835e-23
400.16 8.33585423012e-23
400.17 1.10541413458e-22
400.18 1.46461550677e-22
400.19 1.93885778577e-22
400.2 2.56443676481e-22
400.21 3.38892335259e-22
400.22 4.4746102281e-22
400.23 5.90299462863e-22
400.24 7.7806033811e-22
400.25 1.02465550959e-21
400.26 1.34823685326e-21
400.27 1.77246725717e-21
400.28 2.32816609726e-21
400.29 3.0554375584e-21
400.3 4.00642094262e-21
400.31 5.24884145077e-21
400.32 6.87059017512e-21
400.33 8.98562615892e-21
400.34 1.17415751122e-20
400.35 1.53295034593e-20
400.36 1.99964788149e-20
400.37 2.60616962926e-20
400.38 3.39371637594e-20
400.39 4.41542102385e-20
400.4 5.73974252075e-20
400.41 7.45480714749e-20
400.42 9.6739564411e-20
400.43 1.25428305378e-19
400.44 1.6248403458e-19
400.45 2.10304974975e-19
400.46 2.71964432751e-19
400.47 3.51397274159e-19
400.48 4.53636904165e-19
400.49 5.85116142887e-19
400.5 7.54048872301e-19
400.51 9.70913683804e-19
400.52 1.24906621505e-18
400.53 1.60551369276e-18
400.54 2.06189373257e-18
400.55 2.64571010294e-18
400.56 3.39189145205e-18
400.57 4.34475555984e-18
400.58 5.56048229626e-18
400.59 7.1102241089e-18
400.6 9.08401472031e-18
400.61 1.15956762537e-17
400.62 1.4788974029e-17
400.63 1.8845328991e-17
400.64 2.39934728686e-17
400.65 3.05215240361e-17
400.66 3.87920767428e-17
400.67 4.92610378573e-17
400.68 6.25011196375e-17
400.69 7.92311116977e-17
400.7 1.00352319346e-16
400.71 1.26993879827e-16
400.72 1.60569066102e-16
400.73 2.02845175922e-16
400.74 2.56030201814e-16
400.75 3.22880209132e-16
400.76 4.06832243529e-16
400.77 5.12168681059e-16
400.78 6.44220265991e-16
400.79 8.09616704358e-16
400.8 1.01659565689e-15
400.81 1.2753833773e-15
400.82 1.59866316028e-15
400.83 2.00215130484e-15
400.84 2.50530459164e-15
400.85 3.1321884714e-15
400.86 3.91254145037e-15
400.87 4.88307875796e-15
400.88 6.08908755536e-15
400.89 7.5863770061e-15
400.9 9.44365985498e-15
400.91 1.17454581969e-14
400.92 1.45956453913e-14
400.93 1.81217592238e-14
400.94 2.24802491755e-14
400.95 2.78628539277e-14
400.96 3.45043450405e-14
400.97 4.26919203499e-14
400.98 5.27765874799e-14
400.99 6.5186945698e-14
401.0 8.0445855179e-14
401.01 9.91905789777e-14
401.02 1.22197097446e-13
401.03 1.50409430774e-13
401.04 1.84974966625e-13
401.05 2.27286981031e-13
401.06 2.79035767044e-13
401.07 3.42270053363e-13
401.08 4.19470711363e-13
401.09 5.13639122129e-13
401.1 6.28403014962e-13
401.11 7.68143106669e-13
401.12 9.38144480015e-13
401.13 1.14477735517e-12
401.14 1.39571274754e-12
401.15 1.70017948928e-12
401.16 2.06927024387e-12
401.17 2.51630549019e-12
401.18 3.05726602595e-12
401.19 3.71130637621e-12
401.2 4.50136363204e-12
401.21 5.4548787343e-12
401.22 6.60465011288e-12
401.23 7.98984295334e-12
401.24 9.65718126267e-12
401.25 1.16623544231e-11
401.26 1.40716751507e-11
401.27 1.69640318167e-11
401.28 2.0433185063e-11
401.29 2.4590466687e-11
401.3 2.95679480246e-11
401.31 3.55221557168e-11
401.32 4.26384249735e-11
401.33 5.11359944868e-11
401.34 6.12739632275e-11
401.35 7.33582477662e-11
401.36 8.77496997992e-11
401.37 1.04873567573e-10
401.38 1.25230512284e-10
401.39 1.49409421713e-10
401.4 1.78102298784e-10
401.41 2.12121543036e-10
401.42 2.52419988618e-10
401.43 3.00114114173e-10
401.44 3.56510898458e-10
401.45 4.23138861653e-10
401.46 5.0178390684e-10
401.47 5.94530660159e-10
401.48 7.03810102572e-10
401.49 8.32454392374e-10
401.5 9.83759896599e-10
401.51 1.16155958289e-09
401.52 1.37030607257e-09
401.53 1.61516682238e-09
401.54 1.90213308806e-09
401.55 2.23814453008e-09
401.56 2.631231552e-09
401.57 3.0906777172e-09
401.58 3.62720487342e-09
401.59 4.25318392764e-09
401.6 4.98287456045e-09
401.61 5.83269755113e-09
401.62 6.82154380573e-09
401.63 7.97112464288e-09
401.64 9.30636840041e-09
401.65 1.08558689821e-08
401.66 1.26523925727e-08
401.67 1.47334494149e-08
401.68 1.71419382636e-08
401.69 1.99268719245e-08
401.7 2.31441931362e-08
401.71 2.68576909819e-08
401.72 3.11400290204e-08
401.73 3.60738974052e-08
401.74 4.17533024245e-08
401.75 4.82850081448e-08
401.76 5.57901461818e-08
401.77 6.44060110515e-08
401.78 7.42880600844e-08
401.79 8.56121385104e-08
401.8 9.85769520433e-08
401.81 1.1340681112e-07
401.82 1.30354672872e-07
401.83 1.49705508928e-07
401.84 1.71780029264e-07
401.85 1.96938794547e-07
401.86 2.25586751684e-07
401.87 2.58178229731e-07
401.88 2.95222435718e-07
401.89 3.3728949253e-07
401.9 3.85017063539e-07
401.91 4.39117611316e-07
401.92 5.0038634041e-07
401.93 5.69709876846e-07
401.94 6.4807573963e-07
401.95 7.36582662177e-07
401.96 8.36451824111e-07
401.97 9.4903905635e-07
401.98 1.0758480847e-06
401.99 1.2185448794e-06
402.0 1.37897317984e-06
402.01 1.55917126577e-06
402.02 1.7613900471e-06
402.03 1.98811254625e-06
402.04 2.24207484691e-06
402.05 2.52628858377e-06
402.06 2.84406504733e-06
402.07 3.19904097693e-06
402.08 3.59520611356e-06
402.09 4.03693258196e-06
402.1 4.52900616813e-06
402.11 5.07665955463e-06
402.12 5.68560757109e-06
402.13 6.36208451144e-06
402.14 7.11288356231e-06
402.15 7.94539837899e-06
402.16 8.86766683567e-06
402.17 9.88841696621e-06
402.18 1.10171150993e-05
402.19 1.22640161783e-05
402.2 1.36402162416e-05
402.21 1.51577070207e-05
402.22 1.68294325984e-05
402.23 1.86693480454e-05
402.24 2.06924799365e-05
402.25 2.29149886198e-05
402.26 2.53542320917e-05
402.27 2.8028831301e-05
402.28 3.09587366794e-05
402.29 3.41652956647e-05
402.3 3.76713209517e-05
402.31 4.15011591763e-05
402.32 4.56807597007e-05
402.33 5.02377431357e-05
402.34 5.52014691998e-05
402.35 6.06031034779e-05
402.36 6.64756826066e-05
402.37 7.28541773758e-05
402.38 7.97755531985e-05
402.39 8.72788273662e-05
402.4 9.54051224684e-05
402.41 0.000104197715323
402.42 0.000113702080731
402.43 0.000123965929328
402.44 0.000135039238801
402.45 0.000146974277671
402.46 0.000159825620866
402.47 0.000173650156252
402.48 0.000188507081292
402.49 0.000204457888989
402.5 0.000221566342261
402.51 0.0002398984359
402.52 0.00025952234527
402.53 0.000280508360909
402.54 0.000302928808224
402.55 0.0003268579515
402.56 0.000352371881466
402.57 0.000379548385712
402.58 0.00040846680131
402.59 0.000439207849034
402.6 0.000471853448664
402.61 0.000506486514923
402.62 0.000543190733691
402.63 0.000582050318235
402.64 0.000623149745308
402.65 0.00066657347106
402.66 0.000712405626871
402.67 0.000760729695295
402.68 0.000811628166503
402.69 0.000865182175694
402.7 0.000921471122164
402.71 0.000980572270824
402.72 0.00104256033716
402.73 0.00110750705679
402.74 0.00117548074089
402.75 0.0012465458191
402.76 0.00132076237136
402.77 0.00139818565077
402.78 0.00147886559925
402.79 0.00156284635834
402.8 0.0016501657773
402.81 0.00174085492113
402.82 0.00183493758107
402.83 0.00193242979035
402.84 0.00203333934796
402.85 0.00213766535362
402.86 0.00224539775684
402.87 0.00235651692324
402.88 0.00247099322143
402.89 0.00258878663357
402.9 0.00270984639289
402.91 0.00283411065142
402.92 0.00296150618117
402.93 0.00309194811176
402.94 0.00322533970781
402.95 0.00336157218884
402.96 0.00350052459457
402.97 0.00364206369841
402.98 0.00378604397143
402.99 0.00393230759925
403.0 0.00408068455385
403.01 0.00423099272202
403.02 0.00438303809212
403.03 0.00453661500013
403.04 0.00469150643614
403.05 0.0048474844116
403.06 0.00500431038762
403.07 0.00516173576418
403.08 0.00531950242962
403.09 0.00547734336945
403.1 0.00563498333321
403.11 0.00579213955761
403.12 0.00594852254374
403.13 0.00610383688591
403.14 0.00625778214913
403.15 0.00641005379198
403.16 0.00656034413112
403.17 0.00670834334353
403.18 0.00685374050197
403.19 0.00699622463924
403.2 0.007135485836
403.21 0.00727121632725
403.22 0.00740311162183
403.23 0.00753087162944
403.24 0.0076542017894
403.25 0.00777281419529
403.26 0.0078864287094
403.27 0.00799477406121
403.28 0.00809758892365
403.29 0.00819462296142
403.3 0.00828563784535
403.31 0.0083704082272
403.32 0.00844872266919
403.33 0.00852038452311
403.34 0.00858521275375
403.35 0.00864304270189
403.36 0.00869372678247
403.37 0.00873713511372
403.38 0.00877315607355
403.39 0.00880169677993
403.4 0.00882268349241
403.41 0.00883606193236
403.42 0.00884179752009
403.43 0.00883987552737
403.44 0.00883030114464
403.45 0.00881309946233
403.46 0.00878831536665
403.47 0.00875601335055
403.48 0.00871627724084
403.49 0.00866920984354
403.5 0.00861493250937
403.51 0.00855358462235
403.52 0.00848532301453
403.53 0.00841032131047
403.54 0.0083287692056
403.55 0.00824087168277
403.56 0.00814684817183
403.57 0.00804693165724
403.58 0.00794136773915
403.59 0.00783041365348
403.6 0.0077143372569
403.61 0.00759341598257
403.62 0.00746793577276
403.63 0.00733818999463
403.64 0.00720447834517
403.65 0.00706710575166
403.66 0.00692638127378
403.67 0.00678261701339
403.68 0.00663612703795
403.69 0.00648722632348
403.7 0.0063362297225
403.71 0.00618345096247
403.72 0.00602920167983
403.73 0.00587379049448
403.74 0.00571752212925
403.75 0.00556069657865
403.76 0.00540360833074
403.77 0.00524654564569
403.78 0.00508978989415
403.79 0.00493361495836
403.8 0.00477828669818
403.81 0.00462406248432
403.82 0.00447119080028
403.83 0.00431991091418
403.84 0.0041704526216
403.85 0.00402303605972
403.86 0.00387787159298
403.87 0.00373515977014
403.88 0.00359509135207
403.89 0.00345784740957
403.9 0.00332359948993
403.91 0.00319250985085
403.92 0.00306473176004
403.93 0.00294040985843
403.94 0.00281968058496
403.95 0.00270267266036
403.96 0.00258950762744
403.97 0.00248030044514
403.98 0.00237516013321
403.99 0.00227419046475
404.0 0.00217749070308
404.01 0.00208515637985
404.02 0.00199728011096
404.03 0.00191395244657
404.04 0.00183526275197
404.05 0.00176130011533
404.06 0.00169215427889
404.07 0.00162791658962
404.08 0.00156868096572
404.09 0.00151454487496
404.1 0.00146561032106
404.11 0.00142198483417
404.12 0.00138378246128
404.13 0.00135112475289
404.14 0.00132414174141
404.15 0.00130297290754
404.16 0.00128776813021
404.17 0.00127868861586
404.18 0.0012759078029
404.19 0.00127961223669
404.2 0.00129000241088
404.21 0.00130729357038
404.22 0.0013317164715
404.23 0.00136351809442
404.24 0.00140296230353
404.25 0.00145033045048
404.26 0.00150592191542
404.27 0.00157005458119
404.28 0.00164306523573
404.29 0.00172530989757
404.3 0.00181716405939
404.31 0.00191902284465
404.32 0.00203130107228
404.33 0.00215443322437
404.34 0.00228887331213
404.35 0.00243509463507
404.36 0.00259358942898
404.37 0.00276486839793
404.38 0.00294946012617
404.39 0.00314791036567
404.4 0.00336078119567
404.41 0.00358865005055
404.42 0.00383210861303
404.43 0.00409176156995
404.44 0.00436822522839
404.45 0.00466212599036
404.46 0.00497409868485
404.47 0.00530478475681
404.48 0.0056548303129
404.49 0.00602488402501
404.5 0.00641559489291
404.51 0.00682760986845
404.52 0.00726157134433
404.53 0.00771811451155
404.54 0.00819786459035
404.55 0.0087014339405
404.56 0.0092294190577
404.57 0.0097823974638
404.58 0.0103609244996
404.59 0.0109655300297
404.6 0.0115967150707
404.61 0.0122549483534
404.62 0.0129406628324
404.63 0.0136542521568
404.64 0.014396067115
404.65 0.0151664120714
404.66 0.0159655414081
404.67 0.0167936559913
404.68 0.0176508996781
404.69 0.0185373558824
404.7 0.0194530442193
404.71 0.0203979172461
404.72 0.02137185732
404.73 0.0223746735925
404.74 0.0234060991601
404.75 0.0244657883911
404.76 0.0255533144486
404.77 0.02666816703
404.78 0.0278097503406
404.79 0.0289773813218
404.8 0.0301702881515
404.81 0.0313876090337
404.82 0.0326283912949
404.83 0.0338915908013
404.84 0.0351760717135
404.85 0.0364806065893
404.86 0.0378038768482
404.87 0.0391444736073
404.88 0.0405008988963
404.89 0.0418715672606
404.9 0.0432548077546
404.91 0.0446488663313
404.92 0.0460519086269
404.93 0.0474620231414
404.94 0.0488772248103
404.95 0.0502954589636
404.96 0.0517146056646
404.97 0.0531324844179
404.98 0.0545468592358
404.99 0.0559554440488
405.0 0.0573559084442
405.01 0.0587458837147
405.02 0.0601229691958
405.03 0.0614847388717
405.04 0.0628287482237
405.05 0.0641525412964
405.06 0.0654536579532
405.07 0.0667296412939
405.08 0.0679780452013
405.09 0.0691964419874
405.1 0.0703824301056
405.11 0.0715336418954
405.12 0.0726477513248
405.13 0.0737224816965
405.14 0.0747556132823
405.15 0.07574499085
405.16 0.076688531049
405.17 0.0775842296176
405.18 0.07843016838
405.19 0.0792245219976
405.2 0.0799655644427
405.21 0.0806516751629
405.22 0.0812813449052
405.23 0.0818531811725
405.24 0.0823659132836
405.25 0.0828183970123
405.26 0.0832096187828
405.27 0.0835386993987
405.28 0.0838048972886
405.29 0.0840076112504
405.3 0.0841463826809
405.31 0.0842208972795
405.32 0.0842309862169
405.33 0.084176626763
405.34 0.0840579423713
405.35 0.0838752022183
405.36 0.083628820201
405.37 0.083319353398
405.38 0.0829475000009
405.39 0.0825140967278
405.4 0.0820201157308
405.41 0.0814666610149
405.42 0.0808549643847
405.43 0.0801863809401
405.44 0.0794623841446
405.45 0.0786845604888
405.46 0.0778546037779
405.47 0.0769743090699
405.48 0.0760455662956
405.49 0.0750703535902
405.5 0.0740507303708
405.51 0.0729888301916
405.52 0.0718868534112
405.53 0.0707470597082
405.54 0.0695717604778
405.55 0.0683633111464
405.56 0.0671241034394
405.57 0.0658565576361
405.58 0.0645631148463
405.59 0.063246229344
405.6 0.0619083609894
405.61 0.0605519677717
405.62 0.0591794985043
405.63 0.0577933857007
405.64 0.0563960386605
405.65 0.0549898367903
405.66 0.0535771231858
405.67 0.0521601984964
405.68 0.0507413150942
405.69 0.0493226715664
405.7 0.0479064075465
405.71 0.046494598901
405.72 0.0450892532819
405.73 0.0436923060572
405.74 0.0423056166261
405.75 0.0409309651261
405.76 0.0395700495339
405.77 0.038224483164
405.78 0.0368957925631
405.79 0.0355854157976
405.8 0.034294701131
405.81 0.0330249060845
405.82 0.0317771968717
405.83 0.0305526481996
405.84 0.0293522434233
405.85 0.0281768750421
405.86 0.0270273455228
405.87 0.0259043684364
405.88 0.0248085698893
405.89 0.023740490235
405.9 0.0227005860454
405.91 0.0216892323259
405.92 0.0207067249524
405.93 0.0197532833135
405.94 0.0188290531354
405.95 0.0179341094719
405.96 0.0170684598383
405.97 0.016232047469
405.98 0.0154247546813
405.99 0.0146464063226
406.0 0.0138967732864
406.01 0.0131755760744
406.02 0.0124824883899
406.03 0.0118171407448
406.04 0.0111791240617
406.05 0.0105679932592
406.06 0.00998327080106
406.07 0.00942445019974
406.08 0.00889099945766
406.09 0.00838236443625
406.1 0.0078979721406
406.11 0.00743723390993
406.12 0.00699954850432
406.13 0.00658430507963
406.14 0.00619088604309
406.15 0.00581866978319
406.16 0.00546703326833
406.17 0.00513535450954
406.18 0.00482301488361
406.19 0.0045294013134
406.2 0.00425390830338
406.21 0.00399593982874
406.22 0.00375491107736
406.23 0.00353025004459
406.24 0.00332139898114
406.25 0.00312781569522
406.26 0.00294897471053
406.27 0.00278436828197
406.28 0.00263350727163
406.29 0.00249592188782
406.3 0.00237116229025
406.31 0.00225879906497
406.32 0.00215842357255
406.33 0.0020696481737
406.34 0.00199210633624
406.35 0.00192545262786
406.36 0.00186936259904
406.37 0.00182353256069
406.38 0.00178767926123
406.39 0.00176153946767
406.4 0.00174486945568
406.41 0.00173744441321
406.42 0.00173905776286
406.43 0.00174952040761
406.44 0.00176865990498
406.45 0.00179631957459
406.46 0.00183235754396
406.47 0.0018766457378
406.48 0.00192906881554
406.49 0.00198952306237
406.5 0.00205791523878
406.51 0.00213416139383
406.52 0.00221818564717
406.53 0.00230991894527
406.54 0.00240929779688
406.55 0.00251626299326
406.56 0.00263075831843
406.57 0.00275272925499
406.58 0.00288212169085
406.59 0.00301888063261
406.6 0.00316294893099
406.61 0.00331426602405
406.62 0.0034727667038
406.63 0.00363837991188
406.64 0.00381102756998
406.65 0.00399062345061
406.66 0.00417707209384
406.67 0.00437026777562
406.68 0.00457009353303
406.69 0.00477642025185
406.7 0.00498910582176
406.71 0.00520799436401
406.72 0.00543291553661
406.73 0.00566368392144
406.74 0.00590009849776
406.75 0.0061419422061
406.76 0.0063889816061
406.77 0.0066409666318
406.78 0.0068976304471
406.79 0.00715868940399
406.8 0.00742384310534
406.81 0.00769277457394
406.82 0.00796515052847
406.83 0.0082406217671
406.84 0.00851882365809
406.85 0.00879937673704
406.86 0.00908188740892
406.87 0.00936594875324
406.88 0.00965114142929
406.89 0.00993703467843
406.9 0.0102231874193
406.91 0.0105091494313
406.92 0.0107944626215
406.93 0.0110786623691
406.94 0.0113612789398
406.95 0.0116418389661
406.96 0.0119198669831
406.97 0.0121948870133
406.98 0.0124664241925
406.99 0.0127340064273
407.0 0.0129971660755
407.01 0.0132554416406
407.02 0.01350837947
407.03 0.0137555354485
407.04 0.0139964766763
407.05 0.0142307831231
407.06 0.0144580492471
407.07 0.014677885571
407.08 0.0148899202049
407.09 0.0150938003074
407.1 0.0152891934757
407.11 0.0154757890575
407.12 0.0156532993761
407.13 0.0158214608614
407.14 0.0159800350811
407.15 0.0161288096651
407.16 0.0162675991174
407.17 0.0163962455131
407.18 0.0165146190736
407.19 0.0166226186195
407.2 0.0167201718971
407.21 0.0168072357787
407.22 0.0168837963346
407.23 0.0169498687783
407.24 0.0170054972847
407.25 0.0170507546844
407.26 0.0170857420367
407.27 0.0171105880831
407.28 0.0171254485879
407.29 0.0171305055691
407.3 0.0171259664257
407.31 0.0171120629678
407.32 0.0170890503553
407.33 0.0170572059535
407.34 0.0170168281123
407.35 0.0169682348772
407.36 0.0169117626405
407.37 0.0168477647407
407.38 0.016776610019
407.39 0.016698681341
407.4 0.0166143740932
407.41 0.0165240946611
407.42 0.0164282588988
407.43 0.0163272905978
407.44 0.0162216199622
407.45 0.0161116820983
407.46 0.015997915526
407.47 0.0158807607178
407.48 0.0157606586725
407.49 0.0156380495283
407.5 0.015513371221
407.51 0.015387058192
407.52 0.0152595401488
407.53 0.0151312408832
407.54 0.0150025771476
407.55 0.0148739575932
407.56 0.0147457817716
407.57 0.0146184391984
407.58 0.0144923084825
407.59 0.014367756518
407.6 0.0142451377392
407.61 0.014124793438
407.62 0.0140070511409
407.63 0.0138922240439
407.64 0.0137806105042
407.65 0.0136724935838
407.66 0.0135681406448
407.67 0.0134678029915
407.68 0.0133717155563
407.69 0.0132800966278
407.7 0.0131931476161
407.71 0.0131110528536
407.72 0.0130339794269
407.73 0.0129620770385
407.74 0.0128954778945
407.75 0.012834296616
407.76 0.0127786301728
407.77 0.0127285578362
407.78 0.0126841411511
407.79 0.0126454239241
407.8 0.0126124322286
407.81 0.0125851744258
407.82 0.0125636412002
407.83 0.0125478056126
407.84 0.0125376231684
407.85 0.0125330319037
407.86 0.01253395249
407.87 0.0125402883598
407.88 0.0125519258535
407.89 0.0125687343907
407.9 0.0125905666682
407.91 0.012617258887
407.92 0.01264863101
407.93 0.0126844870546
407.94 0.0127246154214
407.95 0.0127687892619
407.96 0.0128167668892
407.97 0.012868292231
407.98 0.0129230953304
407.99 0.0129808928943
408.0 0.0130413888922
408.01 0.0131042752059
408.02 0.0131692323324
408.03 0.0132359301392
408.04 0.0133040286733
408.05 0.0133731790236
408.06 0.0134430242355
408.07 0.0135132002769
408.08 0.0135833370537
408.09 0.0136530594735
408.1 0.0137219885535
408.11 0.0137897425705
408.12 0.0138559382486
408.13 0.0139201919817
408.14 0.0139821210843
408.15 0.0140413450678
408.16 0.0140974869348
408.17 0.0141501744877
408.18 0.0141990416436
408.19 0.0142437297508
408.2 0.0142838888996
408.21 0.0143191792201
408.22 0.0143492721617
408.23 0.0143738517456
408.24 0.0143926157854
408.25 0.0144052770662
408.26 0.0144115644789
408.27 0.0144112240997
408.28 0.0144040202108
408.29 0.0143897362549
408.3 0.0143681757187
408.31 0.014339162939
408.32 0.0143025438264
408.33 0.0142581865039
408.34 0.0142059818532
408.35 0.0141458439684
408.36 0.0140777105119
408.37 0.0140015429709
408.38 0.0139173268136
408.39 0.0138250715422
408.4 0.0137248106439
408.41 0.0136166014391
408.42 0.0135005248279
408.43 0.0133766849361
408.44 0.0132452086634
408.45 0.0131062451353
408.46 0.0129599650632
408.47 0.0128065600154
408.48 0.012646241604
408.49 0.0124792405922
408.5 0.0123058059271
408.51 0.0121262037041
408.52 0.0119407160686
408.53 0.0117496400612
408.54 0.0115532864131
408.55 0.0113519782993
408.56 0.0111460500549
408.57 0.0109358458633
408.58 0.0107217184227
408.59 0.010504027598
408.6 0.0102831390655
408.61 0.0100594229577
408.62 0.00983325251474
408.63 0.00960500274896
408.64 0.00937504913048
408.65 0.00914376629853
408.66 0.00891152680544
408.67 0.00867869989872
408.68 0.00844565034656
408.69 0.00821273731167
408.7 0.007980313278
408.71 0.0077487230344
408.72 0.00751830271882
408.73 0.00728937892639
408.74 0.00706226788383
408.75 0.00683727469276
408.76 0.00661469264334
408.77 0.00639480259985
408.78 0.00617787245885
408.79 0.00596415668044
408.8 0.0057538958925
408.81 0.00554731656746
408.82 0.00534463077085
408.83 0.00514603598012
408.84 0.00495171497245
408.85 0.00476183577931
408.86 0.00457655170575
408.87 0.00439600141167
408.88 0.00422030905251
408.89 0.00404958447615
408.9 0.00388392347294
408.91 0.00372340807544
408.92 0.00356810690433
408.93 0.00341807555693
408.94 0.00327335703468
408.95 0.00313398220561
408.96 0.00299997029836
408.97 0.00287132942367
408.98 0.00274805711975
408.99 0.00263014091783
409.0 0.00251755892419
409.01 0.00241028041506
409.02 0.00230826644112
409.03 0.00221147043806
409.04 0.00211983884011
409.05 0.00203331169343
409.06 0.00195182326643
409.07 0.00187530265428
409.08 0.00180367437501
409.09 0.00173685895475
409.1 0.00167477349986
409.11 0.0016173322539
409.12 0.00156444713742
409.13 0.00151602826895
409.14 0.00147198446556
409.15 0.0014322237215
409.16 0.00139665366378
409.17 0.00136518198356
409.18 0.00133771684227
409.19 0.00131416725187
409.2 0.00129444342834
409.21 0.00127845711802
409.22 0.00126612189621
409.23 0.00125735343787
409.24 0.00125206976011
409.25 0.00125019143629
409.26 0.00125164178192
409.27 0.00125634701212
409.28 0.00126423637109
409.29 0.00127524223361
409.3 0.00128930017886
409.31 0.00130634903711
409.32 0.00132633090942
409.33 0.00134919116111
409.34 0.00137487838937
409.35 0.00140334436565
409.36 0.00143454395353
409.37 0.00146843500281
409.38 0.00150497822048
409.39 0.00154413701958
409.4 0.00158587734662
409.41 0.00163016748883
409.42 0.00167697786187
409.43 0.00172628077946
409.44 0.00177805020578
409.45 0.00183226149199
409.46 0.00188889109818
409.47 0.00194791630191
409.48 0.002009314895
409.49 0.00207306486981
409.5 0.00213914409667
409.51 0.00220752999413
409.52 0.00227819919346
409.53 0.00235112719945
409.54 0.00242628804902
409.55 0.0025036539696
409.56 0.00258319503919
409.57 0.00266487884994
409.58 0.0027486701773
409.59 0.00283453065659
409.6 0.00292241846919
409.61 0.00301228804016
409.62 0.00310408974942
409.63 0.00319776965846
409.64 0.00329326925453
409.65 0.00339052521423
409.66 0.00348946918845
409.67 0.0035900276104
409.68 0.00369212152853
409.69 0.00379566646601
409.7 0.00390057230821
409.71 0.00400674321978
409.72 0.00411407759255
409.73 0.00422246802537
409.74 0.00433180133707
409.75 0.0044419586132
409.76 0.00455281528732
409.77 0.0046642412574
409.78 0.00477610103742
409.79 0.0048882539445
409.8 0.00500055432125
409.81 0.00511285179318
409.82 0.00522499156043
409.83 0.00533681472324
409.84 0.00544815864007
409.85 0.00555885731719
409.86 0.00566874182825
409.87 0.00577764076239
409.88 0.00588538069878
409.89 0.00599178670577
409.9 0.0060966828623
409.91 0.00619989279918
409.92 0.00630124025773
409.93 0.00640054966295
409.94 0.0064976467084
409.95 0.00659235894985
409.96 0.00668451640455
409.97 0.00677395215293
409.98 0.00686050293954
409.99 0.00694400976998
410.0 0.00702431850042
410.01 0.00710128041641
410.02 0.00717475279788
410.03 0.00724459946674
410.04 0.00731069131433
410.05 0.00737290680521
410.06 0.00743113245465
410.07 0.00748526327674
410.08 0.00753520320052
410.09 0.00758086545162
410.1 0.00762217289696
410.11 0.00765905835045
410.12 0.00769146483777
410.13 0.00771934581846
410.14 0.00774266536402
410.15 0.00776139829063
410.16 0.00777553024583
410.17 0.00778505774829
410.18 0.00778998818042
410.19 0.00779033973373
410.2 0.00778614130715
410.21 0.00777743235878
410.22 0.00776426271183
410.23 0.00774669231586
410.24 0.00772479096454
410.25 0.00769863797168
410.26 0.00766832180709
410.27 0.00763393969472
410.28 0.00759559717496
410.29 0.00755340763394
410.3 0.0075074918024
410.31 0.00745797722696
410.32 0.0074049977169
410.33 0.0073486927696
410.34 0.00728920697793
410.35 0.00722668942285
410.36 0.00716129305487
410.37 0.00709317406765
410.38 0.00702249126731
410.39 0.00694940544109
410.4 0.00687407872856
410.41 0.00679667399905
410.42 0.00671735423862
410.43 0.00663628194969
410.44 0.00655361856669
410.45 0.00646952389055
410.46 0.00638415554511
410.47 0.00629766845793
410.48 0.00621021436817
410.49 0.00612194136383
410.5 0.00603299345034
410.51 0.00594351015251
410.52 0.00585362615138
410.53 0.00576347095737
410.54 0.00567316862097
410.55 0.00558283748174
410.56 0.00549258995622
410.57 0.00540253236534
410.58 0.0053127648012
410.59 0.0052233810332
410.6 0.00513446845319
410.61 0.0050461080589
410.62 0.00495837447486
410.63 0.00487133600973
410.64 0.00478505474877
410.65 0.00469958667989
410.66 0.00461498185169
410.67 0.00453128456159
410.68 0.0044485335721
410.69 0.00436676235302
410.7 0.00428599934743
410.71 0.004206268259
410.72 0.00412758835825
410.73 0.00404997480521
410.74 0.00397343898596
410.75 0.00389798886046
410.76 0.00382362931904
410.77 0.00375036254503
410.78 0.00367818838087
410.79 0.00360710469526
410.8 0.00353710774887
410.81 0.00346819255618
410.82 0.00340035324108
410.83 0.00333358338423
410.84 0.00326787635979
410.85 0.00320322565976
410.86 0.00313962520394
410.87 0.00307706963382
410.88 0.00301555458893
410.89 0.00295507696401
410.9 0.00289563514595
410.91 0.00283722922919
410.92 0.00277986120885
410.93 0.00272353515051
410.94 0.00266825733626
410.95 0.00261403638637
410.96 0.00256088335637
410.97 0.00250881180921
410.98 0.0024578378627
410.99 0.00240798021207
411.0 0.0023592601281
411.01 0.00231170143114
411.02 0.00226533044149
411.03 0.00222017590672
411.04 0.00217626890674
411.05 0.0021336427374
411.06 0.00209233277346
411.07 0.00205237631205
411.08 0.00201381239751
411.09 0.00197668162897
411.1 0.00194102595161
411.11 0.00190688843309
411.12 0.00187431302616
411.13 0.0018433443191
411.14 0.00181402727503
411.15 0.00178640696172
411.16 0.00176052827311
411.17 0.00173643564408
411.18 0.00171417275987
411.19 0.00169378226151
411.2 0.00167530544873
411.21 0.00165878198185
411.22 0.00164424958388
411.23 0.00163174374445
411.24 0.00162129742679
411.25 0.00161294077923
411.26 0.00160670085254
411.27 0.0016026013245
411.28 0.00160066223291
411.29 0.00160089971844
411.3 0.0016033257785
411.31 0.00160794803336
411.32 0.00161476950585
411.33 0.00162378841552
411.34 0.00163499798869
411.35 0.00164838628524
411.36 0.00166393604327
411.37 0.00168162454264
411.38 0.00170142348816
411.39 0.00172329891352
411.4 0.00174721110663
411.41 0.00177311455705
411.42 0.00180095792638
411.43 0.00183068404202
411.44 0.00186222991491
411.45 0.00189552678162
411.46 0.00193050017115
411.47 0.00196706999669
411.48 0.00200515067246
411.49 0.0020446512556
411.5 0.00208547561318
411.51 0.00212752261394
411.52 0.00217068634463
411.53 0.00221485635036
411.54 0.00225991789848
411.55 0.00230575226533
411.56 0.00235223704497
411.57 0.00239924647898
411.58 0.0024466518063
411.59 0.00249432163189
411.6 0.00254212231282
411.61 0.00258991836057
411.62 0.00263757285769
411.63 0.00268494788744
411.64 0.00273190497445
411.65 0.00277830553467
411.66 0.00282401133255
411.67 0.00286888494359
411.68 0.00291279021988
411.69 0.00295559275687
411.7 0.00299716035881
411.71 0.00303736350083
411.72 0.00307607578542
411.73 0.0031131743909
411.74 0.00314854050985
411.75 0.00318205977507
411.76 0.00321362267105
411.77 0.00324312492871
411.78 0.0032704679014
411.79 0.00329555892016
411.8 0.00331831162635
411.81 0.00333864627981
411.82 0.00335649004107
411.83 0.00337177722584
411.84 0.00338444953061
411.85 0.00339445622798
411.86 0.0034017543308
411.87 0.00340630872412
411.88 0.00340809226429
411.89 0.00340708584475
411.9 0.00340327842806
411.91 0.00339666704413
411.92 0.00338725675473
411.93 0.00337506058439
411.94 0.00336009941838
411.95 0.00334240186814
411.96 0.00332200410524
411.97 0.00329894966467
411.98 0.00327328921879
411.99 0.00324508032321
412.0 0.00321438713612
412.01 0.00318128011273
412.02 0.00314583567654
412.03 0.00310813586943
412.04 0.00306826798251
412.05 0.00302632416982
412.06 0.00298240104707
412.07 0.00293659927765
412.08 0.0028890231482
412.09 0.00283978013599
412.1 0.00278898047049
412.11 0.00273673669142
412.12 0.00268316320559
412.13 0.00262837584475
412.14 0.00257249142675
412.15 0.00251562732204
412.16 0.00245790102779
412.17 0.00239942975138
412.18 0.00234033000535
412.19 0.00228071721544
412.2 0.00222070534359
412.21 0.00216040652714
412.22 0.00209993073597
412.23 0.00203938544851
412.24 0.001978875348
412.25 0.00191850203984
412.26 0.00185836379081
412.27 0.00179855529094
412.28 0.00173916743842
412.29 0.00168028714797
412.3 0.00162199718288
412.31 0.00156437601074
412.32 0.00150749768281
412.33 0.00145143173685
412.34 0.00139624312292
412.35 0.00134199215192
412.36 0.00128873446607
412.37 0.00123652103071
412.38 0.00118539814669
412.39 0.00113540748243
412.4 0.00108658612464
412.41 0.00103896664681
412.42 0.000992577194185
412.43 0.00094744158433
412.44 0.000903579421892
412.45 0.0008610062265
412.46 0.000819733572495
412.47 0.000779769239291
412.48 0.000741117371118
412.49 0.000703778644897
412.5 0.000667750445053
412.51 0.000633027044037
412.52 0.000599599787413
412.53 0.000567457282352
412.54 0.000536585588449
412.55 0.000506968409808
412.56 0.000478587287405
412.57 0.000451421790763
412.58 0.000425449708079
412.59 0.000400647233948
412.6 0.000376989153941
412.61 0.000354449025322
412.62 0.000332999353272
412.63 0.000312611762044
412.64 0.000293257160548
412.65 0.000274905901908
412.66 0.000257527936629
412.67 0.000241092959028
412.68 0.000225570546686
412.69 0.000210930292707
412.7 0.000197141930627
412.71 0.000184175451873
412.72 0.00017200121572
412.73 0.000160590051731
412.74 0.000149913354703
412.75 0.000139943172197
412.76 0.000130652284736
412.77 0.000122014278815
412.78 0.00011400361286
412.79 0.000106595676318
412.8 9.97668420784e-05
412.81 9.34945124253e-05
412.82 8.77571587425e-05
412.83 8.25343552048e-05
412.84 7.78068066857e-05
412.85 7.35563711192e-05
412.86 6.97660765537e-05
412.87 6.6420133131e-05
412.88 6.35039402221e-05
412.89 6.10040889417e-05
412.9 5.89083602587e-05
412.91 5.72057189074e-05
412.92 5.58863032964e-05
412.93 5.49414115978e-05
412.94 5.43634841904e-05
412.95 5.41460826147e-05
412.96 5.4283865188e-05
412.97 5.47725594126e-05
412.98 5.56089313007e-05
412.99 5.67907517245e-05
413.0 5.83167598919e-05
413.01 6.01866240365e-05
413.02 6.24008994024e-05
413.03 6.49609835947e-05
413.04 6.7869069363e-05
413.05 7.11280948778e-05
413.06 7.47416915573e-05
413.07 7.87141294996e-05
413.08 8.30502605771e-05
413.09 8.77554592491e-05
413.1 9.28355611549e-05
413.11 9.8296799552e-05
413.12 0.000104145739674
413.13 0.000110389211092
413.14 0.000117034238165
413.15 0.000124087968699
413.16 0.000131557600915
413.17 0.000139450308872
413.18 0.000147773166497
413.19 0.000156533070376
413.2 0.000165736661501
413.21 0.000175390246185
413.22 0.000185499716345
413.23 0.000196070469426
413.24 0.000207107328204
413.25 0.000218614460773
413.26 0.000230595300998
413.27 0.000243052469777
413.28 0.000255987697428
413.29 0.000269401747574
413.3 0.000283294342894
413.31 0.00029766409311
413.32 0.000312508425628
413.33 0.000327823519216
413.34 0.000343604241148
413.35 0.000359844088217
413.36 0.000376535132041
413.37 0.000393667969087
413.38 0.000411231675799
413.39 0.000429213769268
413.4 0.000447600173806
413.41 0.000466375193822
413.42 0.000485521493354
413.43 0.000505020082594
413.44 0.00052485031172
413.45 0.000544989872327
413.46 0.000565414806692
413.47 0.000586099525118
413.48 0.000607016831512
413.49 0.000628137957347
413.5 0.000649432604107
413.51 0.000670868994249
413.52 0.000692413930696
413.53 0.000714032864808
413.54 0.000735689972724
413.55 0.000757348239916
413.56 0.00077896955377
413.57 0.000800514803896
413.58 0.000821943989882
413.59 0.000843216336105
413.6 0.00086429041318
413.61 0.000885124265576
413.62 0.000905675544876
413.63 0.000925901648105
413.64 0.00094575986053
413.65 0.000965207502252
413.66 0.00098420207792
413.67 0.00100270142883
413.68 0.00102066388666
413.69 0.00103804842804
413.7 0.00105481482924
413.71 0.00107092381999
413.72 0.00108633723584
413.73 0.00110101816803
413.74 0.00111493111013
413.75 0.00112804210071
413.76 0.00114031886107
413.77 0.0011517309274
413.78 0.00116224977648
413.79 0.00117184894434
413.8 0.00118050413708
413.81 0.00118819333316
413.82 0.00119489687674
413.83 0.00120059756134
413.84 0.00120528070335
413.85 0.00120893420501
413.86 0.00121154860649
413.87 0.00121311712665
413.88 0.00121363569232
413.89 0.00121310295594
413.9 0.00121152030134
413.91 0.0012088918378
413.92 0.0012052243822
413.93 0.00120052742964
413.94 0.00119481311244
413.95 0.00118809614792
413.96 0.0011803937753
413.97 0.00117172568199
413.98 0.00116211391975
413.99 0.00115158281129
414.0 0.00114015884775
414.01 0.00112787057778
414.02 0.00111474848877
414.03 0.00110082488097
414.04 0.00108613373525
414.05 0.0010707105752
414.06 0.00105459232444
414.07 0.00103781715978
414.08 0.00102042436128
414.09 0.0010024541598
414.1 0.000983947583039
414.11 0.00096494630076
414.12 0.000945492470127
414.13 0.00092562858184
414.14 0.000905397307924
414.15 0.00088484135189
414.16 0.000864003302002
414.17 0.000842925488328
414.18 0.000821649844244
414.19 0.000800217772982
414.2 0.000778670019804
414.21 0.000757046550303
414.22 0.000735386435323
414.23 0.00071372774289
414.24 0.000692107437541
414.25 0.00067056128734
414.26 0.000649123778865
414.27 0.000627828040335
414.28 0.000606705773057
414.29 0.000585787191259
414.3 0.000565100970378
414.31 0.000544674203772
414.32 0.000524532367809
414.33 0.000504699295227
414.34 0.000485197156619
414.35 0.000466046449846
414.36 0.000447265997151
414.37 0.000428872949712
414.38 0.000410882799333
414.39 0.000393309396944
414.4 0.00037616497756
414.41 0.000359460191327
414.42 0.000343204140253
414.43 0.000327404420223
414.44 0.000312067167872
414.45 0.000297197111887
414.46 0.000282797628313
414.47 0.000268870799408
414.48 0.000255417475634
414.49 0.000242437340333
414.5 0.000229928976686
414.51 0.000217889936512
414.52 0.000206316810529
414.53 0.000195205299673
414.54 0.000184550287108
414.55 0.000174345910553
414.56 0.000164585634615
414.57 0.000155262322779
414.58 0.000146368308775
414.59 0.000137895467029
414.6 0.000129835281956
414.61 0.000122178915846
414.62 0.000114917275135
414.63 0.00010804107487
414.64 0.000101540901189
414.65 9.54072716779e-05
414.66 8.96306934594e-05
414.67 8.42017189118e-05
414.68 7.91109989193e-05
414.69 7.43493335784e-05
414.7 6.99077202991e-05
414.71 6.57773992538e-05
414.72 6.19498961422e-05
414.73 5.8417062249e-05
414.74 5.51711117862e-05
414.75 5.22046565163e-05
414.76 4.95107376645e-05
414.77 4.70828551324e-05
414.78 4.49149940312e-05
414.79 4.3001648557e-05
414.8 4.13378432329e-05
414.81 3.99191515444e-05
414.82 3.87417119953e-05
414.83 3.7802241611e-05
414.84 3.70980469149e-05
414.85 3.66270324003e-05
414.86 3.63877065214e-05
414.87 3.63791852181e-05
414.88 3.66011929928e-05
414.89 3.70540615465e-05
414.9 3.77387259843e-05
414.91 3.86567185921e-05
414.92 3.9810160184e-05
414.93 4.12017490186e-05
414.94 4.2834747275e-05
414.95 4.47129650824e-05
414.96 4.68407420902e-05
414.97 4.92229265683e-05
414.98 5.18648520251e-05
414.99 5.47723113321e-05
415.0 5.79515283462e-05
415.01 6.14091270222e-05
415.02 6.51520980141e-05
415.03 6.91877627679e-05
415.04 7.35237351153e-05
415.05 7.81678803844e-05
415.06 8.31282720562e-05
415.07 8.84131460008e-05
415.08 9.40308523438e-05
415.09 9.99898050227e-05
415.1 0.000106298429109
415.11 0.000112965105988
415.12 0.000119998116495
415.13 0.000127405582148
415.14 0.000135195404597
415.15 0.000143375203465
415.16 0.000151952252758
415.17 0.00016093341603
415.18 0.000170325080545
415.19 0.000180133090639
415.2 0.000190362680579
415.21 0.00020101840716
415.22 0.000212104082353
415.23 0.000223622706319
415.24 0.000235576401099
415.25 0.000247966345349
415.26 0.000260792710454
415.27 0.000274054598413
415.28 0.000287749981858
415.29 0.00030187564661
415.3 0.000316427137156
415.31 0.000331398705456
415.32 0.000346783263469
415.33 0.00036257233981
415.34 0.000378756040912
415.35 0.000395323017098
415.36 0.000412260433923
415.37 0.000429553949157
415.38 0.000447187695735
415.39 0.000465144271025
415.4 0.000483404732681
415.41 0.000501948601371
415.42 0.000520753870626
415.43 0.000539797023997
415.44 0.000559053059718
415.45 0.00057849552299
415.46 0.000598096545994
415.47 0.000617826895671
415.48 0.000637656029282
415.49 0.000657552157706
415.5 0.000677482316381
415.51 0.000697412443759
415.52 0.000717307467071
415.53 0.000737131395182
415.54 0.000756847418232
415.55 0.000776418013734
415.56 0.000795805058742
415.57 0.000814969947641
415.58 0.000833873715108
415.59 0.000852477163695
415.6 0.000870740995479
415.61 0.000888625947183
415.62 0.000906092928134
415.63 0.000923103160372
415.64 0.000939618320246
415.65 0.00095560068075
415.66 0.000971013253896
415.67 0.000985819932345
415.68 0.000999985629564
415.69 0.00101347641774
415.7 0.00102625966269
415.71 0.00103830415503
415.72 0.00104958023683
415.73 0.00106005992312
415.74 0.00106971701743
415.75 0.00107852722078
415.76 0.00108646823346
415.77 0.00109351984905
415.78 0.00109966404
415.79 0.0011048850344
415.8 0.00110916938342
415.81 0.00111250601897
415.82 0.00111488630136
415.83 0.00111630405655
415.84 0.0011167556028
415.85 0.00111623976662
415.86 0.00111475788779
415.87 0.00111231381361
415.88 0.00110891388221
415.89 0.00110456689518
415.9 0.00109928407957
415.91 0.0010930790396
415.92 0.00108596769828
415.93 0.00107796822933
415.94 0.00106910097978
415.95 0.00105938838377
415.96 0.00104885486801
415.97 0.00103752674943
415.98 0.00102543212575
415.99 0.00101260075941
416.0 0.000999063955715
416.01 0.000984854435781
416.02 0.000970006205046
416.03 0.000954554418064
416.04 0.000938535240352
416.05 0.000921985708032
416.06 0.000904943586025
416.07 0.000887447225563
416.08 0.000869535421759
416.09 0.000851247271962
416.1 0.000832622035614
416.11 0.000813698996305
416.12 0.000794517326679
416.13 0.000775115956827
416.14 0.000755533446764
416.15 0.000735807863551
416.16 0.00071597666357
416.17 0.000696076580436
416.18 0.000676143518963
416.19 0.000656212455578
416.2 0.000636317345499
416.21 0.000616491036964
416.22 0.000596765192755
416.23 0.000577170219167
416.24 0.000557735202589
416.25 0.000538487853753
416.26 0.000519454459688
416.27 0.000500659843377
416.28 0.000482127331043
416.29 0.000463878726969
416.3 0.000445934295706
416.31 0.000428312751483
416.32 0.000411031254613
416.33 0.000394105414622
416.34 0.000377549299839
416.35 0.000361375453128
416.36 0.000345594913428
416.37 0.000330217242757
416.38 0.000315250558294
416.39 0.000300701569169
416.4 0.000286575617559
416.41 0.000272876723679
416.42 0.000259607634272
416.43 0.000246769874189
416.44 0.000234363800626
416.45 0.000222388659652
416.46 0.000210842644595
416.47 0.000199722955914
416.48 0.000189025862175
416.49 0.000178746761766
416.5 0.000168880244997
416.51 0.00015942015625
416.52 0.000150359655873
416.53 0.000141691281498
416.54 0.000133407008536
416.55 0.000125498309556
416.56 0.000117956212347
416.57 0.000110771356417
416.58 0.000103934047761
416.59 9.74343117097e-05
416.6 9.12619437197e-05
416.61 8.54065579715e-05
416.62 7.98576336696e-05
416.63 7.4604558957e-05
416.64 6.96366723771e-05
416.65 6.49433018332e-05
416.66 6.05138010152e-05
416.67 5.63375832788e-05
416.68 5.24041529787e-05
416.69 4.87031342729e-05
416.7 4.52242974282e-05
416.71 4.1957582668e-05
416.72 3.88931216189e-05
416.73 3.60212564176e-05
416.74 3.33325565541e-05
416.75 3.08178335296e-05
416.76 2.84681534188e-05
416.77 2.62748474299e-05
416.78 2.42295205603e-05
416.79 2.23240584492e-05
416.8 2.0550632534e-05
416.81 1.89017036139e-05
416.82 1.73700239301e-05
416.83 1.59486378697e-05
416.84 1.46308813991e-05
416.85 1.34103803348e-05
416.86 1.22810475521e-05
416.87 1.12370792373e-05
416.88 1.02729502777e-05
416.89 9.38340888823e-06
416.9 8.56347056419e-06
416.91 7.80841144912e-06
416.92 7.11376120051e-06
416.93 6.47529543328e-06
416.94 5.88902781529e-06
416.95 5.35120188536e-06
416.96 4.85828265892e-06
416.97 4.40694808242e-06
416.98 3.99408039242e-06
416.99 3.61675743095e-06
417.0 3.27224396428e-06
417.01 2.95798304764e-06
417.02 2.67158747419e-06
417.03 2.41083134266e-06
417.04 2.17364177373e-06
417.05 1.9580908018e-06
417.06 1.76238746497e-06
417.07 1.58487011283e-06
417.08 1.42399894836e-06
417.09 1.27834881737e-06
417.1 1.146602256e-06
417.11 1.02754280446e-06
417.12 9.20048592603e-07
417.13 8.23086200915e-07
417.14 7.35704798634e-07
417.15 6.57030558695e-07
417.16 5.86261347892e-07
417.17 5.22661689097e-07
417.18 4.65557991208e-07
417.19 4.14334041409e-07
417.2 3.68426753425e-07
417.21 3.27322164652e-07
417.22 2.90551674434e-07
417.23 2.57688515196e-07
417.24 2.28344447761e-07
417.25 2.02166671858e-07
417.26 1.78834942604e-07
417.27 1.58058883629e-07
417.28 1.39575487443e-07
417.29 1.23146793674e-07
417.3 1.08557735846e-07
417.31 9.56141475348e-08
417.32 8.41409188595e-08
417.33 7.39802945266e-08
417.34 6.49903048386e-08
417.35 5.70433213785e-08
417.36 5.00247293557e-08
417.37 4.38317089123e-08
417.38 3.83721180036e-08
417.39 3.35634698003e-08
417.4 2.93319978881e-08
417.41 2.56118028812e-08
417.42 2.23440743993e-08
417.43 1.94763826903e-08
417.44 1.69620345116e-08
417.45 1.47594881993e-08
417.46 1.28318231734e-08
417.47 1.11462594256e-08
417.48 9.67372283335e-09
417.49 8.38845242333e-09
417.5 7.26764597921e-09
417.51 6.29114064652e-09
417.52 5.44112543246e-09
417.53 4.70188273199e-09
417.54 4.05955623187e-09
417.55 3.50194275213e-09
417.56 3.01830577995e-09
417.57 2.5992086346e-09
417.58 2.23636537338e-09
417.59 1.92250770913e-09
417.6 1.65126635901e-09
417.61 1.41706538285e-09
417.62 1.21502819824e-09
417.63 1.04089407833e-09
417.64 8.90944048431e-10
417.65 7.6193519852e-10
417.66 6.5104252224e-10
417.67 5.55807478222e-10
417.68 4.74092548106e-10
417.69 4.04041137202e-10
417.7 3.44042229251e-10
417.71 2.92699266311e-10
417.72 2.48802779113e-10
417.73 2.11306342493e-10
417.74 1.79305475178e-10
417.75 1.52019143718e-10
417.76 1.28773566855e-10
417.77 1.0898804968e-10
417.78 9.21626066217e-11
417.79 7.78671590886e-11
417.8 6.57321175852e-11
417.81 5.54401796988e-11
417.82 4.67191946347e-11
417.83 3.93359622455e-11
417.84 3.30908499102e-11
417.85 2.78131243588e-11
417.86 2.33569077778e-11
417.87 1.95976784118e-11
417.88 1.6429245535e-11
417.89 1.37611372387e-11
417.9 1.15163470599e-11
417.91 9.62939219232e-12
417.92 8.0446419379e-12
417.93 6.71488028863e-12
417.94 5.60007112581e-12
417.95 4.66629857504e-12
417.96 3.88485861043e-12
417.97 3.23148112207e-12
417.98 2.68566439504e-12
417.99 2.23010634071e-12
418.0 1.85021891262e-12
418.01 1.53371396451e-12
418.02 1.27025039986e-12
418.03 1.05113384805e-12
418.04 8.6906130762e-13
418.05 7.17904243821e-13
418.06 5.92524536302e-13
418.07 4.88618459394e-13
418.08 4.02584558879e-13
418.09 3.31411877813e-13
418.1 2.72585492378e-13
418.11 2.24006757127e-13
418.12 1.83926036623e-13
418.13 1.50886025338e-13
418.14 1.23674036876e-13
418.15 1.01281883218e-13
418.16 8.28721700959e-14
418.17 6.77500105964e-14
418.18 5.5339309512e-14
418.19 4.51628995796e-14
418.2 3.68259204396e-14
418.21 3.00019246917e-14
418.22 2.44212750584e-14
418.23 1.98614644001e-14
418.24 1.61390478695e-14
418.25 1.31029253209e-14
418.26 1.06287534821e-14
418.27 8.61430244146e-15
418.28 6.97560064261e-15
418.29 5.64373762124e-15
418.3 4.56221484869e-15
418.31 3.68475286136e-15
418.32 2.97347785456e-15
418.33 2.39742353547e-15
418.34 1.93129463068e-15
418.35 1.55444734057e-15
418.36 1.25004949162e-15
418.37 1.00438938446e-15
418.38 8.06307561442e-16
418.39 6.46730084264e-16
418.4 5.18285557922e-16
418.41 4.14991177084e-16
418.42 3.31995603205e-16
418.43 2.65368587815e-16
418.44 2.11929008824e-16
418.45 1.69104441001e-16
418.46 1.3481658806e-16
418.47 1.07387903283e-16
418.48 8.54655529262e-17
418.49 6.79595606998e-17
418.5 5.3992536626e-17
418.51 4.28588597703e-17
418.52 3.39915686117e-17
418.53 2.69355292104e-17
418.54 2.13257115854e-17
418.55 1.68696185514e-17
418.56 1.33330867975e-17
418.57 1.05288239153e-17
418.58 8.30716298488e-18
418.59 6.54861279875e-18
418.6 5.15786067012e-18
418.61 4.05894916873e-18
418.62 3.19140066596e-18
418.63 2.50710638305e-18
418.64 1.96783149149e-18
418.65 1.54321616074e-18
418.66 1.20917547882e-18
418.67 9.46619862237e-19
418.68 7.40432727442e-19
418.69 5.78654470649e-19
418.7 4.51831735734e-19
418.71 3.52498978599e-19
418.72 2.74765819903e-19
418.73 2.13988908267e-19
418.74 1.66511231139e-19
418.75 1.29455203935e-19
418.76 1.00558597377e-19
418.77 7.80445558482e-20
418.78 6.05187197664e-20
418.79 4.6887876405e-20
418.8 3.62956942174e-20
418.81 2.8072000556e-20
418.82 2.16927860366e-20
418.83 1.67486965455e-20
418.84 1.2920234852e-20
418.85 9.95826122089e-21
418.86 7.66867500948e-21
418.87 5.90039198779e-21
418.88 4.5359170986e-21
418.89 3.48395923602e-21
418.9 2.67365110473e-21
418.91 2.05002952185e-21
418.92 1.57050458692e-21
418.93 1.20210392617e-21
418.94 9.19323865607e-22
418.95 7.02455417075e-22
418.96 5.36281369681e-22
418.97 4.09063157572e-22
418.98 3.11753785266e-22
418.99 2.37386936995e-22
419.0 1.80603270569e-22
419.01 1.37283428677e-22
419.02 1.04263988943e-22
419.03 7.91178118761e-23
419.04 5.99843437206e-23
419.05 4.54386341307e-23
419.06 3.43903295208e-23
419.07 2.60058539178e-23
419.08 1.96485095678e-23
419.09 1.48324133258e-23
419.1 1.11871056158e-23
419.11 8.43038424755e-24
419.12 6.34747083045e-24
419.13 4.77504831582e-24
419.14 3.58904198963e-24
419.15 2.69527461441e-24
419.16 2.02232623075e-24
419.17 1.51608350103e-24
419.18 1.13558262917e-24
419.19 8.4984176833e-25
419.2 6.35449608132e-25
419.21 4.74731306793e-25
419.22 3.5435481787e-25
419.23 2.64272834894e-25
419.24 1.96920267733e-25
419.25 1.46606094371e-25
419.26 1.09052931185e-25
419.27 8.10487600215e-26
419.28 6.01837325711e-26
419.29 4.46514509263e-26
419.3 3.30990664477e-26
419.31 2.45143073275e-26
419.32 1.81404150962e-26
419.33 1.34121538695e-26
419.34 9.90771593355e-27
419.35 7.31260774324e-27
419.36 5.39255672442e-27
419.37 3.97320413535e-27
419.38 2.9248981513e-27
419.39 2.15131660658e-27
419.4 1.58096270074e-27
419.41 1.16081398201e-27
419.42 8.51583718896e-28
419.43 6.24188526502e-28
419.44 4.57117581861e-28
419.45 3.34475092373e-28
419.46 2.44525047288e-28
419.47 1.78610354846e-28
419.48 1.30350777973e-28
419.49 9.50482957567e-29
419.5 6.92466476796e-29
419.51 5.04053790765e-29
419.52 3.66588409338e-29
419.53 2.66381638692e-29
419.54 1.93398702227e-29
419.55 1.40289942511e-29
419.56 1.0167711887e-29
419.57 7.3628107596e-30
419.58 5.32706207541e-30
419.59 3.85084101998e-30
419.6 2.78129550338e-30
419.61 2.00706940356e-30
419.62 1.44710938392e-30
419.63 1.04247114206e-30
419.64 7.50326760472e-31
419.65 5.39585838081e-31
419.66 3.87698715402e-31
419.67 2.7832479243e-31
419.68 1.99633370025e-31
419.69 1.43066546906e-31
419.7 1.02439338268e-31
419.71 7.32856841015e-32
419.72 5.23835878297e-32
419.73 3.74106322058e-32
419.74 2.66943018376e-32
419.75 1.90311835836e-32
419.76 1.35561617791e-32
419.77 9.6478690448e-33
419.78 6.86040522987e-33
419.79 4.87407100024e-33
419.8 3.45985298781e-33
419.81 2.4538451469e-33
419.82 1.73884300236e-33
419.83 1.2311112611e-33
419.84 8.70879260681e-34
419.85 6.15520193106e-34
419.86 4.34660699568e-34
419.87 3.06677671104e-34
419.88 2.16191020236e-34
419.89 1.52270880129e-34
419.9 1.0715681025e-34
419.91 7.53436072795e-35
419.92 5.29293735455e-35
419.93 3.71510258847e-35
419.94 2.60536503412e-35
419.95 1.82553457303e-35
419.96 1.27801295664e-35
419.97 8.93931340933e-36
419.98 6.24736360578e-36
419.99 4.36227575351e-36
420.0 3.04335881955e-36
420.01 2.1213724127e-36
420.02 1.47742140324e-36
420.03 1.02805315051e-36
420.04 7.14743908744e-37
420.05 4.96488358665e-37
420.06 3.44581049523e-37
420.07 2.38944710755e-37
420.08 1.65549230354e-37
420.09 1.14598945941e-37
420.1 7.92606797639e-38
420.11 5.47720094891e-38
420.12 3.78166687389e-38
420.13 2.60874467975e-38
420.14 1.79805758305e-38
420.15 1.23822431516e-38
420.16 8.51959152094e-39
420.17 5.85682071289e-39
420.18 4.02280331515e-39
420.19 2.76070105659e-39
420.2 1.89292617271e-39
420.21 1.29679606257e-39
420.22 8.87632924333e-40
420.23 6.07042132649e-40
420.24 4.14789715372e-40
420.25 2.83178865005e-40
420.26 1.93160093255e-40
420.27 1.3164297506e-40
420.28 8.96399660159e-41
420.29 6.09858934105e-41
420.3 4.14553713708e-41
420.31 2.81550266157e-41
420.32 1.91053407074e-41
420.33 1.29532081403e-41
420.34 8.77452496175e-42
420.35 5.93873020707e-42
420.36 4.01594069415e-42
420.37 2.71334300309e-42
420.38 1.83166403312e-42
420.39 1.23540868416e-42
420.4 8.32528662748e-43
420.41 5.60546250342e-43
420.42 3.77092089064e-43
420.43 2.53458642074e-43
420.44 1.70212126903e-43
420.45 1.14208283879e-43
420.46 7.65646718531e-44
420.47 5.12841259123e-44
420.48 3.43211003091e-44
420.49 2.29489679714e-44
420.5 1.53316476436e-44
420.51 1.02338303185e-44
420.52 6.82513595269e-45
420.53 4.54787075416e-45
420.54 3.0278101031e-45
420.55 2.01406214163e-45
420.56 1.33856914786e-45
420.57 8.8885816919e-46
420.58 5.89722690214e-46
420.59 3.90919127127e-46
420.6 2.58910530879e-46
420.61 1.71331107632e-46
420.62 1.13278226857e-46
420.63 7.48307976817e-47
420.64 4.9389885529e-47
420.65 3.2570121372e-47
420.66 2.14597395528e-47
420.67 1.41271068255e-47
420.68 9.29192560656e-48
420.69 6.10635334859e-48
420.7 4.00942275972e-48
420.71 2.6303012039e-48
420.72 1.72406179734e-48
420.73 1.12907784596e-48
420.74 7.38785998279e-49
420.75 4.8298888711e-49
420.76 3.15485449016e-49
420.77 2.05894734732e-49
420.78 1.34256357639e-49
420.79 8.74677979542e-50
420.8 5.69357751908e-50
420.81 3.70293420539e-50
420.82 2.40619303544e-50
420.83 1.56220724606e-50
420.84 1.0133758326e-50
420.85 6.56789423103e-51
420.86 4.25309878772e-51
420.87 2.75174700696e-51
420.88 1.77883328711e-51
420.89 1.14890919508e-51
420.9 7.41412451191e-52
420.91 4.78032867359e-52
420.92 3.07949393259e-52
420.93 1.98209588668e-52
420.94 1.27465801247e-52
420.95 8.19004735389e-53
420.96 5.25778542084e-53
420.97 3.37243055434e-53
420.98 2.16125935143e-53
420.99 1.38386736577e-53
421.0 8.85331186799e-54
421.01 5.65901402882e-54
421.02 3.61409438749e-54
421.03 2.30612011116e-54
421.04 1.47023943831e-54
421.05 9.36521874762e-55
421.06 5.96034633649e-55
421.07 3.79008350367e-55
421.08 2.40796280152e-55
421.09 1.52853181009e-55
421.1 9.69444388905e-56
421.11 6.14320536587e-56
421.12 3.88947405673e-56
421.13 2.46042673068e-56
421.14 1.55508347641e-56
421.15 9.82020806381e-57
421.16 6.19599964999e-57
421.17 3.90594201898e-57
421.18 2.46016316865e-57
421.19 1.54819530108e-57
421.2 9.73444711766e-58
421.21 6.11533915404e-58
421.22 3.83842905467e-58
421.23 2.40718905822e-58
421.24 1.50830994946e-58
421.25 9.4426676343e-59
421.26 5.90639548905e-59
421.27 3.69125506948e-59
421.28 2.30488521261e-59
421.29 1.43796481414e-59
421.3 8.96336185715e-60
421.31 5.58235321389e-60
421.32 3.47366079834e-60
421.33 2.15963926659e-60
421.34 1.34152489211e-60
421.35 8.32606828171e-61
421.36 5.16303314921e-61
421.37 3.19884775719e-61
421.38 1.98018579821e-61
421.39 1.22473470415e-61
421.4 7.56836065781e-62
421.41 4.67288751896e-62
421.42 2.88265419669e-62
421.43 1.77673836571e-62
421.44 1.09415317671e-62
421.45 6.73219184458e-63
421.46 4.13864860331e-63
421.47 2.54205145156e-63
421.48 1.56003316724e-63
421.49 9.56548598276e-64
421.5 5.86008560025e-64
421.51 3.5869439697e-64
421.52 2.19365809006e-64
421.53 1.34040795298e-64
421.54 8.18330553179e-65
421.55 4.99165141219e-65
421.56 3.04216975636e-65
421.57 1.85244939307e-65
421.58 1.12702350243e-65
421.59 6.85083181002e-66
421.6 4.16080488802e-66
421.61 2.52484724915e-66
421.62 1.53079339342e-66
421.63 9.2730320779e-67
421.64 5.6124263833e-67
421.65 3.39393300637e-67
421.66 2.05059354452e-67
421.67 1.23788305698e-67
421.68 7.46626437936e-68
421.69 4.49936081883e-68
421.7 2.70908101332e-68
421.71 1.62973456077e-68
421.72 9.7956998829e-69
421.73 5.88271459664e-69
421.74 3.52974880036e-69
421.75 2.11608706386e-69
421.76 1.26749710982e-69
421.77 7.58549865506e-70
421.78 4.53570714781e-70
421.79 2.70975227227e-70
421.8 1.61747614624e-70
421.81 9.64650275369e-71
421.82 5.74811718148e-71
421.83 3.42219731413e-71
421.84 2.03567382108e-71
421.85 1.20985980824e-71
421.86 7.1843192051e-72
421.87 4.26245594334e-72
421.88 2.52672454217e-72
421.89 1.49650994311e-72
421.9 8.85574346383e-73
421.91 5.23593396098e-73
421.92 3.09305046512e-73
421.93 1.82559132731e-73
421.94 1.07657386955e-73
421.95 6.34319142196e-74
421.96 3.73418227459e-74
421.97 2.19637717177e-74
421.98 1.29074972671e-74
421.99 7.5788074761e-75
422.0 4.44614293625e-75
422.01 2.60609161282e-75
422.02 1.52622881651e-75
422.03 8.9304497734e-76
422.04 5.22096435143e-76
422.05 3.04966289661e-76
422.06 1.77982235215e-76
422.07 1.03782753692e-76
422.08 6.04640780782e-77
422.09 3.51960068478e-77
422.1 2.04697747723e-77
422.11 1.18947809141e-77
422.12 6.90595180177e-78
422.13 4.00603141934e-78
422.14 2.32182173193e-78
422.15 1.34451949898e-78
422.16 7.77909456022e-79
422.17 4.49691531245e-79
422.18 2.59731174587e-79
422.19 1.49884651594e-79
422.2 8.64199395998e-80
422.21 4.97845363277e-80
422.22 2.8654886155e-80
422.23 1.64788393763e-80
422.24 9.4684363991e-81
422.25 5.43567678025e-81
422.26 3.11783189322e-81
422.27 1.78679808564e-81
422.28 1.02310916301e-81
422.29 5.8531840773e-82
422.3 3.34569311983e-82
422.31 1.91074942036e-82
422.32 1.09029766571e-82
422.33 6.21598761588e-83
422.34 3.54077973777e-83
422.35 2.01516863324e-83
422.36 1.14590229808e-83
422.37 6.51039739431e-84
422.38 3.69565242742e-84
422.39 2.09603462589e-84
422.4 1.18776219636e-84
422.41 6.7248756303e-85
422.42 3.80419462608e-85
422.43 2.15013095192e-85
422.44 1.21420161697e-85
422.45 6.85078621584e-86
422.46 3.86201304215e-86
422.47 2.17525797432e-86
422.48 1.22414120104e-86
422.49 6.88297153704e-87
422.5 3.86673264079e-87
422.51 2.1703812449e-87
422.52 1.21717107656e-87
422.53 6.82010297674e-88
422.54 3.81815850063e-88
422.55 2.13570215756e-88
422.56 1.19357889868e-88
422.57 6.66477190459e-89
422.58 3.71828916937e-89
422.59 2.0726441503e-89
422.6 1.1543301547e-89
422.61 6.42331247049e-90
422.62 3.57118024318e-90
422.63 1.98375577344e-90
422.64 1.10100261294e-90
422.65 6.10537308915e-91
422.66 3.38267114701e-91
422.67 1.87253982287e-91
422.68 1.03568111796e-91
422.69 5.72327701539e-92
422.7 3.16000076611e-92
422.71 1.74322450141e-92
422.72 9.60822506177e-93
422.73 5.291231047e-93
422.74 2.91134716949e-93
422.75 1.6004974272e-93
422.76 8.79102826401e-94
422.77 4.82445305577e-94
422.78 2.64533212398e-94
422.79 1.44922574126e-94
422.8 7.9326005446e-95
422.81 4.33829263913e-95
422.82 2.3705319603e-95
422.83 1.29418540716e-95
422.84 7.05945045505e-96
422.85 3.84741472798e-96
422.86 2.09503278792e-96
422.87 1.13982022218e-96
422.88 6.19591717808e-97
422.89 3.36510455466e-97
422.9 1.82606079961e-97
422.91 9.90046555346e-98
422.92 5.36314715242e-98
422.93 2.90273588401e-98
422.94 1.56970861883e-98
422.95 8.48114086344e-99
422.96 4.57839462021e-99
422.97 2.46942523119e-99
422.98 1.33076770329e-99
422.99 7.16526630327e-100
423.0 3.85466048755e-100
423.01 2.07187543246e-100
423.02 1.11266611393e-100
423.03 5.97021258416e-101
423.04 3.20065188858e-101
423.05 1.71439464048e-101
423.06 9.17501687127e-102
423.07 4.90598996105e-102
423.08 2.6210188924e-102
423.09 1.399063286e-102
423.1 7.46153673111e-103
423.11 3.97596831632e-103
423.12 2.11680699091e-103
423.13 1.12601278039e-103
423.14 5.98451680777e-104
423.15 3.17788790998e-104
423.16 1.68605513027e-104
423.17 8.93775981621e-105
423.18 4.73379341238e-105
423.19 2.50503405714e-105
423.2 1.3244686435e-105
423.21 6.99670300889e-106
423.22 3.69291159311e-106
423.23 1.94745797529e-106
423.24 1.0261030794e-106
423.25 5.40178879575e-107
423.26 2.84124000527e-107
423.27 1.49314489848e-107
423.28 7.84006568139e-108
423.29 4.11302320621e-108
423.3 2.15588867504e-108
423.31 1.12905530314e-108
423.32 5.90782757094e-109
423.33 3.08861744503e-109
423.34 1.61333346142e-109
423.35 8.41991825631e-110
423.36 4.39051354744e-110
423.37 2.28742298302e-110
423.38 1.19069725313e-110
423.39 6.19269848969e-111
423.4 3.21797178517e-111
423.41 1.67073757792e-111
423.42 8.66678378569e-112
423.43 4.49191361877e-112
423.44 2.32610086286e-112
423.45 1.20350916332e-112
423.46 6.22148377199e-113
423.47 3.21338125952e-113
423.48 1.65826621612e-113
423.49 8.55007573883e-114
423.5 4.40462950096e-114
423.51 2.26710960632e-114
423.52 1.16589479534e-114
423.53 5.99059448707e-115
423.54 3.07541829758e-115
423.55 1.57747388356e-115
423.56 8.08432704612e-116
423.57 4.13951330902e-116
423.58 2.117768112e-116
423.59 1.08250830923e-116
423.6 5.52850599798e-117
423.61 2.82103220477e-117
423.62 1.43824216072e-117
423.63 7.32621567315e-118
423.64 3.72864550951e-118
423.65 1.89603436704e-118
423.66 9.6330768832e-119
423.67 4.88998537771e-119
423.68 2.48012635264e-119
423.69 1.25679303719e-119
423.7 6.36322730898e-120
423.71 3.21895437811e-120
423.72 1.62695641272e-120
423.73 8.21600560897e-121
423.74 4.1454267794e-121
423.75 2.08978439884e-121
423.76 1.05258561184e-121
423.77 5.29708678477e-122
423.78 2.66342492589e-122
423.79 1.33803521604e-122
423.8 6.7161183479e-123
423.81 3.36816105173e-123
423.82 1.68768375903e-123
423.83 8.44914970536e-124
423.84 4.22628374825e-124
423.85 2.11216582228e-124
423.86 1.05468090327e-124
423.87 5.26184276825e-125
423.88 2.6228796476e-125
423.89 1.30629893357e-125
423.9 6.50025649539e-126
423.91 3.23178252326e-126
423.92 1.60537861935e-126
423.93 7.96776531618e-127
423.94 3.95111168073e-127
423.95 1.95760826358e-127
423.96 9.69071868045e-128
423.97 4.79302722047e-128
423.98 2.36857705095e-128
423.99 1.16946936931e-128
424.0 5.76917745841e-129
424.01 2.84356170693e-129
424.02 1.40034527007e-129
424.03 6.89019182577e-130
424.04 3.38728087236e-130
424.05 1.66377586061e-130
424.06 8.16511189356e-131
424.07 4.00362299374e-131
424.08 1.96140790622e-131
424.09 9.60077696593e-132
424.1 4.69535628795e-132
424.11 2.29432235507e-132
424.12 1.12011866339e-132
424.13 5.46383206792e-133
424.14 2.6628969761e-133
424.15 1.29668682661e-133
424.16 6.30869520326e-134
424.17 3.06667466115e-134
424.18 1.4894282147e-134
424.19 7.22761750129e-135
424.2 3.50424496193e-135
424.21 1.6975300341e-135
424.22 8.21607109663e-136
424.23 3.97314690366e-136
424.24 1.91967968866e-136
424.25 9.26715931369e-137
424.26 4.46980112981e-137
424.27 2.15403861865e-137
424.28 1.0371521742e-137
424.29 4.98947891216e-138
424.3 2.39823431782e-138
424.31 1.15173283291e-138
424.32 5.52631447061e-139
424.33 2.64937329137e-139
424.34 1.2690374124e-139
424.35 6.07336538752e-140
424.36 2.90407686404e-140
424.37 1.38742819634e-140
424.38 6.62272372328e-141
424.39 3.15854066453e-141
424.4 1.5050815066e-141
424.41 7.16567783904e-142
424.42 3.40861735416e-142
424.43 1.62002954575e-142
424.44 7.69292205373e-143
424.45 3.64992080639e-143
424.46 1.73021177561e-143
424.47 8.19480828569e-144
424.48 3.87794856749e-144
424.49 1.83353415443e-144
424.5 8.6616309619e-145
424.51 4.08821813753e-145
424.52 1.92793397883e-145
424.53 9.0839339356e-146
424.54 4.27641150278e-146
424.55 2.01144760106e-146
424.56 9.45282614543e-147
424.57 4.43852152113e-147
424.58 2.08227795834e-147
424.59 9.76029145548e-148
424.6 4.57099328701e-148
424.61 2.13885869204e-148
424.62 9.99947767227e-149
424.63 4.67085353811e-149
424.64 2.17991167096e-149
424.65 1.01649502184e-149
424.66 4.73582153572e-150
424.67 2.20449497211e-150
424.68 1.02528973587e-150
424.69 4.76439564773e-151
424.7 2.21203880464e-151
424.71 1.026127616e-151
424.72 4.75591104491e-152
424.73 2.20236746393e-152
424.74 1.01898913788e-152
424.75 4.71056541502e-153
424.76 2.17570613449e-153
424.77 1.00404030243e-153
424.78 4.62941130598e-154
424.79 2.13267217408e-154
424.8 9.81626218746e-155
424.81 4.51431551211e-155
424.82 2.07425134991e-155
424.83 9.52257859964e-156
424.84 4.36788769185e-156
424.85 2.00176030443e-156
424.86 9.16592701814e-157
424.87 4.19338202826e-157
424.88 1.91679724606e-157
424.89 8.754102682e-158
424.9 3.99457710552e-158
424.91 1.82118344259e-158
424.92 8.29583853088e-159
424.93 3.77564018809e-159
424.94 1.71689850427e-159
424.95 7.80049848735e-160
424.96 3.54098269361e-160
424.97 1.60601265787e-160
424.98 7.27776178302e-161
424.99 3.29511382137e-161
425.0 1.49061922447e-161
425.01 6.73731305579e-162
425.02 3.04249904068e-162
425.03 1.3727703319e-162
425.04 6.18855182104e-163
425.05 2.78742949821e-163
425.06 1.25441853938e-163
425.07 5.64033304694e-164
425.08 2.53390743577e-164
425.09 1.13736656111e-164
425.1 5.10074811801e-165
425.11 2.28555150604e-165
425.12 1.02322669057e-165
425.13 4.57695265329e-166
425.14 2.04552453097e-166
425.15 9.13390892588e-167
425.16 4.07504467452e-167
425.17 1.81648486668e-167
425.18 8.09011893577e-168
425.19 3.59999370373e-168
425.2 1.60056121397e-168
425.21 7.1099500287e-169
425.22 3.15561869783e-169
425.23 1.39934952768e-169
425.24 6.19999876362e-170
425.25 2.74461045114e-170
425.26 1.21392969471e-170
425.27 5.36451013309e-171
425.28 2.36859232309e-171
425.29 1.0448989126e-171
425.3 4.60555475123e-172
425.31 2.02821193732e-172
425.32 8.92418227052e-173
425.33 3.92326136755e-173
425.34 1.7232558607e-173
425.35 7.56268478226e-174
425.36 3.31608723242e-174
425.37 1.45277917713e-174
425.38 6.35911939114e-175
425.39 2.78110934118e-175
425.4 1.21524225307e-175
425.41 5.30556172092e-176
425.42 2.31432098654e-176
425.43 1.0086477604e-176
425.44 4.39217035166e-177
425.45 1.91092013256e-177
425.46 8.30672070343e-178
425.47 3.60778288032e-178
425.48 1.56557865265e-178
425.49 6.78786350871e-179
425.5 2.94045828998e-179
425.51 1.27268421717e-179
425.52 5.50363984105e-180
425.53 2.37795190103e-180
425.54 1.02654936429e-180
425.55 4.42772177626e-181
425.56 1.90811489154e-181
425.57 8.21584866394e-182
425.58 3.53446799545e-182
425.59 1.51921552038e-182
425.6 6.5243678061e-183
425.61 2.79950466882e-183
425.62 1.20018354653e-183
425.63 5.14088458321e-184
425.64 2.20014726687e-184
425.65 9.4078278401e-185
425.66 4.01930241425e-185
425.67 1.71567774974e-185
425.68 7.31719226506e-186
425.69 3.11800585742e-186
425.7 1.32749562759e-186
425.71 5.64693754416e-187
425.72 2.40002951182e-187
425.73 1.0191635717e-187
425.74 4.32409189312e-188
425.75 1.8330303252e-188
425.76 7.76368841966e-189
425.77 3.2854151665e-189
425.78 1.38910837688e-189
425.79 5.86821092299e-190
425.8 2.47684604729e-190
425.81 1.04451822787e-190
425.82 4.40105449265e-191
425.83 1.85276859669e-191
425.84 7.7930834854e-192
425.85 3.27507454033e-192
425.86 1.37517117849e-192
425.87 5.76920600399e-193
425.88 2.41823801755e-193
425.89 1.01275816848e-193
425.9 4.23775824402e-194
425.91 1.77170051995e-194
425.92 7.40062094239e-195
425.93 3.08865727482e-195
425.94 1.28793810752e-195
425.95 5.36591734359e-196
425.96 2.23365799036e-196
425.97 9.28994379571e-197
425.98 3.86040802059e-197
425.99 1.60279155139e-197
426.0 6.64882025407e-198
426.01 2.75572485008e-198
426.02 1.14117125935e-198
426.03 4.72160346205e-199
426.04 1.95187458115e-199
426.05 8.06191135727e-200
426.06 3.32696200768e-200
426.07 1.37177023993e-200
426.08 5.6511732857e-201
426.09 2.32605288648e-201
426.1 9.56586522399e-202
426.11 3.93054382545e-202
426.12 1.613632903e-202
426.13 6.61881970487e-203
426.14 2.71256450167e-203
426.15 1.11071671961e-203
426.16 4.54412487166e-204
426.17 1.8574661907e-204
426.18 7.5860428309e-205
426.19 3.09551829974e-205
426.2 1.26204596789e-205
426.21 5.14091808627e-206
426.22 2.09232867437e-206
426.23 8.50830093433e-207
426.24 3.4568416835e-207
426.25 1.40326550833e-207
426.26 5.69146308659e-208
426.27 2.30638449019e-208
426.28 9.33820076623e-209
426.29 3.77762128879e-209
426.3 1.52685339867e-209
426.31 6.16594967164e-210
426.32 2.48786221096e-210
426.33 1.00294330567e-210
426.34 4.03970969763e-211
426.35 1.62572708908e-211
426.36 6.53685482992e-212
426.37 2.62611506303e-212
426.38 1.05410136014e-212
426.39 4.22741329777e-213
426.4 1.69391165876e-213
426.41 6.78157419592e-214
426.42 2.71265142512e-214
426.43 1.0841295351e-214
426.44 4.3290447393e-215
426.45 1.72713658874e-215
426.46 6.88469979349e-216
426.47 2.7419974285e-216
426.48 1.09112069043e-216
426.49 4.33812689754e-217
426.5 1.72327832164e-217
426.51 6.83962530265e-218
426.52 2.71226992504e-218
426.53 1.07462569067e-218
426.54 4.25407597574e-219
426.55 1.68258486269e-219
426.56 6.64924638044e-220
426.57 2.62537645531e-220
426.58 1.03570115173e-220
426.59 4.08226360205e-221
426.6 1.60764940035e-221
426.61 6.32565283799e-222
426.62 2.48681269962e-222
426.63 9.7679743869e-223
426.64 3.83344873926e-223
426.65 1.50313684668e-223
426.66 5.88885816048e-224
426.67 2.30508730877e-224
426.68 9.0150341817e-225
426.69 3.52266292329e-225
426.7 1.37530338377e-225
426.71 5.36475196078e-226
426.72 2.09085779048e-226
426.73 8.14184923155e-227
426.74 3.16770936932e-227
426.75 1.23137778638e-227
426.76 4.78256645063e-228
426.77 1.85589936708e-228
426.78 7.19567511727e-229
426.79 2.78748399546e-229
426.8 1.07888941121e-229
426.81 4.17220069826e-230
426.82 1.61204501383e-230
426.83 6.22318698688e-231
426.84 2.40033715997e-231
426.85 9.25029023504e-232
426.86 3.56173974465e-232
426.87 1.3702276225e-232
426.88 5.26680169278e-233
426.89 2.02266950685e-233
426.9 7.76115935226e-234
426.91 2.97544540643e-234
426.92 1.13972765005e-234
426.93 4.36188182542e-235
426.94 1.66790157398e-235
426.95 6.37221842933e-236
426.96 2.43239780357e-236
426.97 9.27688693149e-237
426.98 3.53503433742e-237
426.99 1.34588738485e-237
427.0 5.1197354538e-238
427.01 1.94585301474e-238
427.02 7.38918014978e-239
427.03 2.80353634526e-239
427.04 1.06277135186e-239
427.05 4.0252902363e-240
427.06 1.52327485511e-240
427.07 5.75947714234e-241
427.08 2.17576285122e-241
427.09 8.21228037601e-242
427.1 3.09698920516e-242
427.11 1.16691528205e-242
427.12 4.39301489526e-243
427.13 1.65237926548e-243
427.14 6.20984142399e-244
427.15 2.33171247341e-244
427.16 8.74768617702e-245
427.17 3.27895234793e-245
427.18 1.22800667828e-245
427.19 4.59504812852e-246
427.2 1.71792070091e-246
427.21 6.4171157624e-247
427.22 2.39497148671e-247
427.23 8.93068010319e-248
427.24 3.32730361346e-248
427.25 1.23857994195e-248
427.26 4.60658793743e-249
427.27 1.71182120555e-249
427.28 6.3556672315e-250
427.29 2.35769493988e-250
427.3 8.73851799433e-251
427.31 3.23602353013e-251
427.32 1.19731733215e-251
427.33 4.42619537763e-252
427.34 1.63484131239e-252
427.35 6.03315300931e-253
427.36 2.22452242566e-253
427.37 8.19507531634e-254
427.38 3.01642702287e-254
427.39 1.10931889098e-254
427.4 4.07608946193e-255
427.41 1.49642418417e-255
427.42 5.48895211272e-256
427.43 2.01162895395e-256
427.44 7.36597136914e-257
427.45 2.69485801015e-257
427.46 9.85066298497e-258
427.47 3.5976486473e-258
427.48 1.31279146849e-258
427.49 4.78626187369e-259
427.5 1.74349569885e-259
427.51 6.34554628735e-260
427.52 2.30749551187e-260
427.53 8.38371345181e-261
427.54 3.04337661819e-261
427.55 1.10382108538e-261
427.56 4.00004967216e-262
427.57 1.44829087863e-262
427.58 5.23925961542e-263
427.59 1.89368507029e-263
427.6 6.83863309793e-264
427.61 2.46748524857e-264
427.62 8.89536019925e-265
427.63 3.20402742493e-265
427.64 1.15306190322e-265
427.65 4.14603280986e-266
427.66 1.48948645513e-266
427.67 5.34643257744e-267
427.68 1.91741156749e-267
427.69 6.87053101201e-268
427.7 2.45973872174e-268
427.71 8.79855522214e-269
427.72 3.14454245672e-269
427.73 1.12286429947e-269
427.74 4.00609088452e-270
427.75 1.42803231079e-270
427.76 5.08603076256e-271
427.77 1.80985442467e-271
427.78 6.43475502346e-272
427.79 2.28583092417e-272
427.8 8.11297060736e-273
427.81 2.87699703167e-273
427.82 1.01934838118e-273
427.83 3.60852379817e-274
427.84 1.27632190396e-274
427.85 4.51039507001e-275
427.86 1.59254846423e-275
427.87 5.61816440518e-276
427.88 1.98024963839e-276
427.89 6.97379463276e-277
427.9 2.45381647348e-277
427.91 8.62658118894e-278
427.92 3.03011466173e-278
427.93 1.06341583785e-278
427.94 3.72881552352e-279
427.95 1.30635852664e-279
427.96 4.57275131276e-280
427.97 1.59925049724e-280
427.98 5.58829235284e-281
427.99 1.95103677108e-281
428.0 6.80574234647e-282
428.01 2.37197039814e-282
428.02 8.25974688152e-283
428.03 2.87374299077e-283
428.04 9.98970868839e-284
428.05 3.4696161867e-284
428.06 1.20402016099e-284
428.07 4.17455123416e-285
428.08 1.44613735475e-285
428.09 5.00533334367e-286
428.1 1.7309326888e-286
428.11 5.98068688905e-287
428.12 2.06464631318e-287
428.13 7.12137698097e-288
428.14 2.45417767055e-288
428.15 8.45029239897e-289
428.16 2.90710813019e-289
428.17 9.99250437634e-290
428.18 3.43171506373e-290
428.19 1.17752953104e-290
428.2 4.03697543263e-291
428.21 1.38281511482e-291
428.22 4.73255687463e-292
428.23 1.6182711002e-292
428.24 5.52879423802e-293
428.25 1.88726675126e-293
428.26 6.43664953004e-294
428.27 2.19336116296e-294
428.28 7.46765332591e-295
428.29 2.54028158422e-295
428.3 8.63382583837e-296
428.31 2.93189505047e-296
428.32 9.94757607979e-297
428.33 3.37217287631e-297
428.34 1.14215778664e-297
428.35 3.86514767369e-298
428.36 1.30686218185e-298
428.37 4.41486270241e-299
428.38 1.49014430059e-299
428.39 5.02531352999e-300
428.4 1.69325244619e-300
428.41 5.70038217341e-301
428.42 1.91738774537e-301
428.43 6.44376411446e-302
428.44 2.16368001147e-302
428.45 7.25888881922e-303
428.46 2.43316168314e-303
428.47 8.14883464548e-304
428.48 2.72674015882e-304
428.49 9.11623928249e-305
428.5 3.04516893065e-305
428.51 1.01632071294e-305
428.52 3.38901800279e-306
428.53 1.12912152718e-306
428.54 3.75864415727e-307
428.55 1.25010199505e-307
428.56 4.15416170055e-308
428.57 1.37925656271e-308
428.58 4.57541438473e-309
428.59 1.51648989195e-309
428.6 5.02194924414e-310
428.61 1.66160898042e-310
428.62 5.49299311824e-311
428.63 1.81431625522e-311
428.64 5.9874326437e-312
428.65 1.97420388631e-312
428.66 6.50379848766e-313
428.67 2.1407495599e-313
428.68 7.04025456098e-314
428.69 2.31331393722e-314
428.7 7.5945928955e-315
428.71 2.4911399985e-315
428.72 8.16423475035e-316
428.73 2.67335447683e-316
428.74 8.74623859702e-317
428.75 2.85897113567e-317
428.76 9.33731699681e-318
428.77 3.04689789725e-318
428.78 9.93383209498e-319
428.79 3.235932354e-319
428.8 1.05319973724e-319
428.81 3.42486305697e-320
428.82 1.11263583443e-320
428.83 3.6116198711e-321
428.84 1.17093558064e-321
428.85 3.80430547298e-322
428.86 1.2351641146e-322
428.87 3.95252516673e-323
428.88 1.48219693752e-323
428.89 4.94065645841e-324
428.9 0.0
428.91 0.0
428.92 0.0
428.93 0.0
428.94 0.0
428.95 0.0
428.96 0.0
428.97 0.0
428.98 0.0
428.99 0.0
429.0 0.0
429.01 0.0
429.02 0.0
429.03 0.0
429.04 0.0
429.05 0.0
429.06 0.0
429.07 0.0
429.08 0.0
429.09 0.0
429.1 0.0
429.11 0.0
429.12 0.0
429.13 0.0
429.14 0.0
429.15 0.0
429.16 0.0
429.17 0.0
429.18 0.0
429.19 0.0
429.2 0.0
429.21 0.0
429.22 0.0
429.23 0.0
429.24 0.0
429.25 0.0
429.26 0.0
429.27 0.0
429.28 0.0
429.29 0.0
429.3 0.0
429.31 0.0
429.32 0.0
429.33 0.0
429.34 0.0
429.35 0.0
429.36 0.0
429.37 0.0
429.38 0.0
429.39 0.0
429.4 0.0
429.41 0.0
429.42 0.0
429.43 0.0
429.44 0.0
429.45 0.0
429.46 0.0
429.47 0.0
429.48 0.0
429.49 0.0
429.5 0.0
429.51 0.0
429.52 0.0
429.53 0.0
429.54 0.0
429.55 0.0
429.56 0.0
429.57 0.0
429.58 0.0
429.59 0.0
429.6 0.0
429.61 0.0
429.62 0.0
429.63 0.0
429.64 0.0
429.65 0.0
429.66 0.0
429.67 0.0
429.68 0.0
429.69 0.0
429.7 0.0
429.71 0.0
429.72 0.0
429.73 0.0
429.74 0.0
429.75 0.0
429.76 0.0
429.77 0.0
429.78 0.0
429.79 0.0
429.8 0.0
429.81 0.0
429.82 0.0
429.83 0.0
429.84 0.0
429.85 0.0
429.86 0.0
429.87 0.0
429.88 0.0
429.89 0.0
429.9 0.0
429.91 0.0
429.92 0.0
429.93 0.0
429.94 0.0
429.95 0.0
429.96 0.0
429.97 0.0
429.98 0.0
429.99 0.0
