400.0 1.10586190035e-22
400.01 1.46528781962e-22
400.02 1.93985244118e-22
400.03 2.56589076931e-22
400.04 3.39102776421e-22
400.05 4.47763036747e-22
400.06 5.90729753298e-22
400.07 7.78669500476e-22
400.08 1.0255130599e-21
400.09 1.34943801101e-21
400.1 1.77414207435e-21
400.11 2.3304917196e-21
400.12 3.05865466054e-21
400.13 4.01085571573e-21
400.14 5.25493496357e-21
400.15 6.87893750993e-21
400.16 8.99702848533e-21
400.17 1.17571088569e-20
400.18 1.53506120315e-20
400.19 2.00250940439e-20
400.2 2.61003989477e-20
400.21 3.39893953973e-20
400.22 4.4224552365e-20
400.23 5.7491966592e-20
400.24 7.46748907424e-20
400.25 9.6909363174e-20
400.26 1.25655237687e-19
400.27 1.62786792043e-19
400.28 2.10708204397e-19
400.29 2.72500585664e-19
400.3 3.52109016589e-19
400.31 4.54580252156e-19
400.32 5.86364537036e-19
400.33 7.55698465633e-19
400.34 9.73090195523e-19
400.35 1.25193380259e-18
400.36 1.60928642206e-18
400.37 2.06685038902e-18
400.38 2.65221329237e-18
400.39 3.40041220431e-18
400.4 4.35590498164e-18
400.41 5.57505224402e-18
400.42 7.12923938958e-18
400.43 9.10880000819e-18
400.44 1.16279417706e-17
400.45 1.48309251205e-17
400.46 1.88998061014e-17
400.47 2.40641301388e-17
400.48 3.06130569223e-17
400.49 3.89105117773e-17
400.5 4.94141010977e-17
400.51 6.26987046436e-17
400.52 7.94858732505e-17
400.53 1.00680425851e-16
400.54 1.27415965748e-16
400.55 1.61111436266e-16
400.56 2.03541326614e-16
400.57 2.56922739875e-16
400.58 3.24023270539e-16
400.59 4.08294538119e-16
400.6 5.14037321313e-16
400.61 6.46605576548e-16
400.62 8.12658256923e-16
400.63 1.02046983455e-15
400.64 1.28031284563e-15
400.65 1.60492871314e-15
400.66 2.01010666438e-15
400.67 2.51539487947e-15
400.68 3.14497323701e-15
400.69 3.92872335051e-15
400.7 4.90353923586e-15
400.71 6.11493118106e-15
400.72 7.6189865222e-15
400.73 9.48476444025e-15
400.74 1.17972180324e-14
400.75 1.46607563126e-14
400.76 1.82035820928e-14
400.77 2.25829696451e-14
400.78 2.79916795305e-14
400.79 3.46657480693e-14
400.8 4.28939368542e-14
400.81 5.3029184962e-14
400.82 6.55024748213e-14
400.83 8.08396041073e-14
400.84 9.96814529561e-14
400.85 1.22808451055e-13
400.86 1.511700861e-13
400.87 1.85920457583e-13
400.88 2.28461072504e-13
400.89 2.80492307617e-13
400.9 3.44075232559e-13
400.91 4.21705806862e-13
400.92 5.16403839891e-13
400.93 6.31819546003e-13
400.94 7.72361049191e-13
400.95 9.4334680531e-13
400.96 1.15118763121e-12
400.97 1.40360387635e-12
400.98 1.70988426449e-12
400.99 2.08119409443e-12
401.0 2.53094184722e-12
401.01 3.07521483346e-12
401.02 3.73329636611e-12
401.03 4.52827910122e-12
401.04 5.48779170075e-12
401.05 6.64485889158e-12
401.06 8.0389183861e-12
401.07 9.71702206348e-12
401.08 1.17352533683e-11
401.09 1.41603981577e-11
401.1 1.70719123232e-11
401.11 2.05642365522e-11
401.12 2.47495167081e-11
401.13 2.97607976523e-11
401.14 3.57557690811e-11
401.15 4.29211543e-11
401.16 5.1477847024e-11
401.17 6.16869175317e-11
401.18 7.38566280844e-11
401.19 8.83506187633e-11
401.2 1.0559744913e-10
401.21 1.26101708767e-10
401.22 1.50456941241e-10
401.23 1.79360661843e-10
401.24 2.13631790121e-10
401.25 2.54230864361e-10
401.26 3.02283457418e-10
401.27 3.59107272406e-10
401.28 4.26243463552e-10
401.29 5.05492802838e-10
401.3 5.98957397943e-10
401.31 7.09088762488e-10
401.32 8.38743146893e-10
401.33 9.91245158476e-10
401.34 1.17046083433e-09
401.35 1.38088148135e-09
401.36 1.62771976618e-09
401.37 1.91701972612e-09
401.38 2.25578258089e-09
401.39 2.65211045847e-09
401.4 3.11537040622e-09
401.41 3.65638134551e-09
401.42 4.28762694481e-09
401.43 5.02349773711e-09
401.44 5.88056619399e-09
401.45 6.87789889478e-09
401.46 8.03741039763e-09
401.47 9.38426393335e-09
401.48 1.09473246067e-08
401.49 1.27596714057e-08
401.5 1.48591749935e-08
401.51 1.72891489886e-08
401.52 2.0099083241e-08
401.53 2.33454684742e-08
401.54 2.70927226035e-08
401.55 3.1414230057e-08
401.56 3.63935065187e-08
401.57 4.21255026949e-08
401.58 4.87180619697e-08
401.59 5.62935481753e-08
401.6 6.49906611551e-08
401.61 7.49664593438e-08
401.62 8.6398610241e-08
401.63 9.94878913992e-08
401.64 1.14460966401e-07
401.65 1.31573462247e-07
401.66 1.51113376638e-07
401.67 1.73404845776e-07
401.68 1.9881230556e-07
401.69 2.277450814e-07
401.7 2.60662444288e-07
401.71 2.98079173269e-07
401.72 3.40571667036e-07
401.73 3.88784649992e-07
401.74 4.43438520803e-07
401.75 5.05337394159e-07
401.76 5.75377889188e-07
401.77 6.54558720635e-07
401.78 7.43991151616e-07
401.79 8.44910369332e-07
401.8 9.58687847631e-07
401.81 1.08684476271e-06
401.82 1.23106653043e-06
401.83 1.39321853571e-06
401.84 1.57536312636e-06
401.85 1.77977794483e-06
401.86 2.00897567301e-06
401.87 2.2657252653e-06
401.88 2.55307474587e-06
401.89 2.87437564554e-06
401.9 3.23330915288e-06
401.91 3.63391405256e-06
401.92 4.08061652167e-06
401.93 4.5782618518e-06
401.94 5.13214816054e-06
401.95 5.74806215123e-06
401.96 6.43231697372e-06
401.97 7.1917922321e-06
401.98 8.0339761767e-06
401.99 8.9670101085e-06
402.0 9.99973501298e-06
402.01 1.11417404283e-05
402.02 1.24034155387e-05
402.03 1.37960024698e-05
402.04 1.53316517429e-05
402.05 1.70234798311e-05
402.06 1.88856287358e-05
402.07 2.09333274827e-05
402.08 2.31829554129e-05
402.09 2.56521071175e-05
402.1 2.83596588405e-05
402.11 3.13258361426e-05
402.12 3.45722825927e-05
402.13 3.81221292174e-05
402.14 4.20000644114e-05
402.15 4.62324039727e-05
402.16 5.08471608944e-05
402.17 5.58741145075e-05
402.18 6.1344878533e-05
402.19 6.72929675619e-05
402.2 7.37538614481e-05
402.21 8.07650670579e-05
402.22 8.83661767835e-05
402.23 9.65989231931e-05
402.24 0.000105507229153
402.25 0.00011513725272
402.26 0.000125537426084
402.27 0.000136758487782
402.28 0.000148853507415
402.29 0.000161877902045
402.3 0.00017588944344
402.31 0.000190948255325
402.32 0.000207116799777
402.33 0.000224459851891
402.34 0.000243044461865
402.35 0.000262939903632
402.36 0.000284217609195
402.37 0.000306951087839
402.38 0.000331215829415
402.39 0.000357089190933
402.4 0.000384650265743
402.41 0.000413979734627
402.42 0.000445159698203
402.43 0.000478273490095
402.44 0.00051340547041
402.45 0.000550640799162
402.46 0.000590065189358
402.47 0.000631764639587
402.48 0.000675825146078
402.49 0.000722332394274
402.5 0.000771371430173
402.51 0.000823026311757
402.52 0.000877379741036
402.53 0.000934512677343
402.54 0.000994503932729
402.55 0.00105742975042
402.56 0.00112336336751
402.57 0.0011923745632
402.58 0.00126452919414
402.59 0.00133988871848
402.6 0.00141850971057
402.61 0.00150044336822
402.62 0.00158573501491
402.63 0.00167442359908
402.64 0.00176654119316
402.65 0.00186211249495
402.66 0.00196115433419
402.67 0.00206367518713
402.68 0.00216967470225
402.69 0.00227914324016
402.7 0.00239206143091
402.71 0.00250839975197
402.72 0.00262811813012
402.73 0.00275116557065
402.74 0.002877479817
402.75 0.00300698704437
402.76 0.00313960159018
402.77 0.0032752257248
402.78 0.00341374946542
402.79 0.00355505043601
402.8 0.00369899377602
402.81 0.00384543210054
402.82 0.003994205514
402.83 0.0041451416798
402.84 0.00429805594749
402.85 0.00445275153909
402.86 0.00460901979596
402.87 0.00476664048689
402.88 0.00492538217825
402.89 0.00508500266617
402.9 0.00524524947082
402.91 0.00540586039203
402.92 0.00556656412554
402.93 0.00572708093831
402.94 0.00588712340129
402.95 0.00604639717745
402.96 0.00620460186252
402.97 0.00636143187546
402.98 0.00651657739537
402.99 0.00666972534108
403.0 0.00682056038939
403.01 0.00696876602753
403.02 0.00711402563511
403.03 0.00725602359057
403.04 0.00739444639688
403.05 0.00752898382095
403.06 0.00765933004103
403.07 0.00778518479635
403.08 0.00790625453292
403.09 0.0080222535395
403.1 0.00813290506759
403.11 0.0082379424294
403.12 0.00833711006773
403.13 0.00843016459177
403.14 0.008516875773
403.15 0.00859702749561
403.16 0.00867041865582
403.17 0.00873686400512
403.18 0.00879619493241
403.19 0.00884826018044
403.2 0.00889292649253
403.21 0.00893007918559
403.22 0.00895962264618
403.23 0.00898148074667
403.24 0.00899559717907
403.25 0.00900193570461
403.26 0.00900048031762
403.27 0.00899123532282
403.28 0.00897422532576
403.29 0.0089494951364
403.3 0.00891710958672
403.31 0.00887715326351
403.32 0.00882973015817
403.33 0.00877496323573
403.34 0.00871299392596
403.35 0.00864398153976
403.36 0.00856810261455
403.37 0.00848555019284
403.38 0.0083965330384
403.39 0.008301274795
403.4 0.00820001309297
403.41 0.00809299860897
403.42 0.00798049408475
403.43 0.00786277331103
403.44 0.00774012008231
403.45 0.00761282712922
403.46 0.00748119503448
403.47 0.00734553113894
403.48 0.00720614844417
403.49 0.00706336451772
403.5 0.00691750040751
403.51 0.00676887957129
403.52 0.00661782682726
403.53 0.00646466733145
403.54 0.00630972558761
403.55 0.00615332449456
403.56 0.00599578443625
403.57 0.00583742241892
403.58 0.00567855125988
403.59 0.00551947883158
403.6 0.00536050736477
403.61 0.00520193281372
403.62 0.00504404428621
403.63 0.00488712354079
403.64 0.004731444553
403.65 0.00457727315203
403.66 0.00442486672902
403.67 0.00427447401734
403.68 0.00412633494523
403.69 0.00398068056048
403.7 0.00383773302642
403.71 0.00369770568839
403.72 0.003560803209
403.73 0.00342722177059
403.74 0.00329714934256
403.75 0.00317076601128
403.76 0.00304824436949
403.77 0.00292974996236
403.78 0.00281544178655
403.79 0.00270547283872
403.8 0.00259999070962
403.81 0.00249913821938
403.82 0.00240305408993
403.83 0.00231187364973
403.84 0.00222572956621
403.85 0.002144752601
403.86 0.00206907238293
403.87 0.00199881819359
403.88 0.00193411976028
403.89 0.00187510805091
403.9 0.0018219160655
403.91 0.00177467961873
403.92 0.00173353810815
403.93 0.00169863526229
403.94 0.00167011986337
403.95 0.00164814643887
403.96 0.00163287591648
403.97 0.00162447623701
403.98 0.00162312291974
403.99 0.00162899957494
404.0 0.00164229835822
404.01 0.00166322036158
404.02 0.00169197593618
404.03 0.00172878494197
404.04 0.00177387691946
404.05 0.00182749117914
404.06 0.00188987680441
404.07 0.00196129256392
404.08 0.00204200672968
404.09 0.00213229679757
404.1 0.00223244910714
404.11 0.00234275835815
404.12 0.00246352702151
404.13 0.00259506464286
404.14 0.00273768703757
404.15 0.00289171537618
404.16 0.00305747516015
404.17 0.00323529508825
404.18 0.00342550581452
404.19 0.00362843859939
404.2 0.00384442385625
404.21 0.00407378959641
404.22 0.00431685977628
404.23 0.0045739525511
404.24 0.00484537844051
404.25 0.00513143841202
404.26 0.00543242188918
404.27 0.00574860469204
404.28 0.00608024691836
404.29 0.0064275907748
404.3 0.00679085836806
404.31 0.00717024946679
404.32 0.00756593924564
404.33 0.00797807602393
404.34 0.00840677901143
404.35 0.00885213607509
404.36 0.0093142015406
404.37 0.00979299404321
404.38 0.010288494443
404.39 0.0108006438199
404.4 0.0113293415634
404.41 0.0118744435739
404.42 0.0124357605902
404.43 0.0130130566596
404.44 0.013606047766
404.45 0.0142144006312
404.46 0.0148377317049
404.47 0.0154756063565
404.48 0.0161275382843
404.49 0.0167929891531
404.5 0.0174713684741
404.51 0.0181620337365
404.52 0.0188642908028
404.53 0.0195773945741
404.54 0.020300549934
404.55 0.0210329129774
404.56 0.0217735925271
404.57 0.022521651941
404.58 0.0232761112117
404.59 0.0240359493555
404.6 0.0248001070898
404.61 0.0255674897915
404.62 0.0263369707321
404.63 0.0271073945775
404.64 0.0278775811434
404.65 0.0286463293927
404.66 0.0294124216589
404.67 0.0301746280791
404.68 0.0309317112172
404.69 0.0316824308566
404.7 0.0324255489391
404.71 0.0331598346265
404.72 0.033884069458
404.73 0.0345970525772
404.74 0.0352976059991
404.75 0.035984579889
404.76 0.0366568578208
404.77 0.0373133619855
404.78 0.0379530583173
404.79 0.0385749615058
404.8 0.0391781398616
404.81 0.0397617200047
404.82 0.0403248913435
404.83 0.0408669103139
404.84 0.0413871043488
404.85 0.0418848755492
404.86 0.0423597040294
404.87 0.0428111509104
404.88 0.043238860938
404.89 0.043642564703
404.9 0.0440220804433
404.91 0.0443773154114
404.92 0.044708266791
404.93 0.0450150221522
404.94 0.0452977594328
404.95 0.0455567464427
404.96 0.045792339885
404.97 0.0460049838943
404.98 0.0461952080952
404.99 0.0463636251856
405.0 0.0465109280559
405.01 0.0466378864528
405.02 0.0467453432064
405.03 0.046834210036
405.04 0.0469054629576
405.05 0.0469601373154
405.06 0.0469993224652
405.07 0.0470241561372
405.08 0.0470358185114
405.09 0.0470355260373
405.1 0.047024525034
405.11 0.0470040851079
405.12 0.0469754924256
405.13 0.0469400428825
405.14 0.0468990352068
405.15 0.0468537640396
405.16 0.0468055130338
405.17 0.0467555480112
405.18 0.0467051102202
405.19 0.0466554097345
405.2 0.046607619031
405.21 0.0465628667876
405.22 0.0465222319362
405.23 0.0464867380066
405.24 0.0464573477959
405.25 0.0464349583935
405.26 0.0464203965907
405.27 0.0464144147027
405.28 0.0464176868251
405.29 0.0464308055458
405.3 0.0464542791315
405.31 0.046488529201
405.32 0.0465338888989
405.33 0.0465906015754
405.34 0.0466588199788
405.35 0.0467386059606
405.36 0.046829930691
405.37 0.0469326753806
405.38 0.0470466324975
405.39 0.0471715074699
405.4 0.0473069208577
405.41 0.0474524109755
405.42 0.0476074369469
405.43 0.0477713821657
405.44 0.047943558139
405.45 0.0481232086838
405.46 0.0483095144475
405.47 0.0485015977197
405.48 0.0486985275038
405.49 0.0488993248119
405.5 0.0491029681491
405.51 0.0493083991506
405.52 0.0495145283354
405.53 0.0497202409387
405.54 0.0499244027883
405.55 0.050125866188
405.56 0.0503234757717
405.57 0.0505160742946
405.58 0.0507025083284
405.59 0.0508816338269
405.6 0.0510523215322
405.61 0.051213462194
405.62 0.0513639715723
405.63 0.0515027952019
405.64 0.0516289128939
405.65 0.0517413429551
405.66 0.0518391461081
405.67 0.0519214290954
405.68 0.0519873479567
405.69 0.0520361109686
405.7 0.0520669812392
405.71 0.0520792789534
405.72 0.0520723832669
405.73 0.0520457338481
405.74 0.0519988320728
405.75 0.0519312418747
405.76 0.0518425902599
405.77 0.051732567496
405.78 0.0516009269851
405.79 0.0514474848353
405.8 0.0512721191455
405.81 0.051074769019
405.82 0.0508554333241
405.83 0.0506141692204
405.84 0.0503510904692
405.85 0.0500663655497
405.86 0.0497602156004
405.87 0.0494329122073
405.88 0.0490847750595
405.89 0.0487161694939
405.9 0.0483275039487
405.91 0.0479192273469
405.92 0.047491826429
405.93 0.0470458230537
405.94 0.0465817714864
405.95 0.0461002556894
405.96 0.0456018866338
405.97 0.0450872996452
405.98 0.0445571517979
405.99 0.0440121193704
406.0 0.0434528953725
406.01 0.0428801871546
406.02 0.0422947141064
406.03 0.0416972054531
406.04 0.0410883981542
406.05 0.0404690349086
406.06 0.0398398622703
406.07 0.0392016288753
406.08 0.0385550837804
406.09 0.0379009749137
406.1 0.0372400476356
406.11 0.0365730434063
406.12 0.0359006985585
406.13 0.0352237431692
406.14 0.0345429000272
406.15 0.0338588836909
406.16 0.0331723996295
406.17 0.0324841434434
406.18 0.0317948001557
406.19 0.0311050435695
406.2 0.0304155356839
406.21 0.0297269261628
406.22 0.0290398518492
406.23 0.0283549363204
406.24 0.027672789476
406.25 0.0269940071558
406.26 0.0263191707796
406.27 0.0256488470071
406.28 0.0249835874108
406.29 0.0243239281602
406.3 0.023670389713
406.31 0.0230234765111
406.32 0.0223836766782
406.33 0.0217514617192
406.34 0.0211272862181
406.35 0.0205115875356
406.36 0.0199047855049
406.37 0.0193072821275
406.38 0.0187194612675
406.39 0.0181416883489
406.4 0.0175743100539
406.41 0.0170176540268
406.42 0.0164720285839
406.43 0.0159377224331
406.44 0.0154150044046
406.45 0.0149041231961
406.46 0.0144053071356
406.47 0.0139187639633
406.48 0.0134446806375
406.49 0.0129832231656
406.5 0.0125345364635
406.51 0.0120987442472
406.52 0.0116759489566
406.53 0.0112662317174
406.54 0.0108696523395
406.55 0.010486249357
406.56 0.0101160401095
406.57 0.0097590208674
406.58 0.00941516700177
406.59 0.00908443319971
406.6 0.00876675372641
406.61 0.00846204273378
406.62 0.00817019461594
406.63 0.00789108441138
406.64 0.00762456825142
406.65 0.00737048385407
406.66 0.00712865106253
406.67 0.00689887242697
406.68 0.00668093382822
406.69 0.00647460514166
406.7 0.00627964093958
406.71 0.00609578122972
406.72 0.00592275222806
406.73 0.00576026716332
406.74 0.00560802711066
406.75 0.00546572185211
406.76 0.00533303076088
406.77 0.0052096237068
406.78 0.00509516198001
406.79 0.00498929923002
406.8 0.00489168241702
406.81 0.00480195277277
406.82 0.00471974676763
406.83 0.00464469708116
406.84 0.00457643357296
406.85 0.00451458425099
406.86 0.00445877623435
406.87 0.00440863670753
406.88 0.00436379386353
406.89 0.00432387783275
406.9 0.00428852159513
406.91 0.00425736187282
406.92 0.00423004000079
406.93 0.00420620277283
406.94 0.00418550326071
406.95 0.00416760160395
406.96 0.00415216576825
406.97 0.00413887227026
406.98 0.00412740686683
406.99 0.00411746520695
407.0 0.00410875344441
407.01 0.00410098880979
407.02 0.00409390014031
407.03 0.00408722836602
407.04 0.00408072695134
407.05 0.00407416229088
407.06 0.00406731405858
407.07 0.00405997550958
407.08 0.00405195373419
407.09 0.00404306986357
407.1 0.00403315922701
407.11 0.00402207146061
407.12 0.0040096705677
407.13 0.00399583493112
407.14 0.00398045727794
407.15 0.00396344459737
407.16 0.00394471801251
407.17 0.00392421260711
407.18 0.00390187720855
407.19 0.0038776741282
407.2 0.00385157886091
407.21 0.00382357974514
407.22 0.0037936775857
407.23 0.00376188524085
407.24 0.00372822717613
407.25 0.0036927389869
407.26 0.00365546689215
407.27 0.0036164672018
407.28 0.00357580576026
407.29 0.00353355736866
407.3 0.00348980518857
407.31 0.00344464012998
407.32 0.0033981602261
407.33 0.00335046999814
407.34 0.00330167981254
407.35 0.00325190523378
407.36 0.00320126637535
407.37 0.00314988725186
407.38 0.00309789513487
407.39 0.00304541991526
407.4 0.00299259347475
407.41 0.00293954906904
407.42 0.00288642072519
407.43 0.00283334265541
407.44 0.00278044868975
407.45 0.00272787172961
407.46 0.00267574322423
407.47 0.00262419267197
407.48 0.00257334714818
407.49 0.00252333086116
407.5 0.0024742647377
407.51 0.00242626603955
407.52 0.00237944801177
407.53 0.00233391956409
407.54 0.00228978498597
407.55 0.0022471436961
407.56 0.0022060900266
407.57 0.00216671304247
407.58 0.00212909639629
407.59 0.00209331821809
407.6 0.00205945104038
407.61 0.00202756175783
407.62 0.00199771162121
407.63 0.00196995626487
407.64 0.00194434576706
407.65 0.00192092474206
407.66 0.00189973246315
407.67 0.00188080301506
407.68 0.00186416547485
407.69 0.00184984411941
407.7 0.00183785865837
407.71 0.00182822449046
407.72 0.00182095298175
407.73 0.00181605176378
407.74 0.0018135250496
407.75 0.0018133739658
407.76 0.00181559689827
407.77 0.00182018984946
407.78 0.00182714680513
407.79 0.00183646010787
407.8 0.00184812083544
407.81 0.0018621191812
407.82 0.00187844483438
407.83 0.0018970873576
407.84 0.00191803655934
407.85 0.00194128285866
407.86 0.00196681763984
407.87 0.00199463359454
407.88 0.0020247250488
407.89 0.00205708827282
407.9 0.00209172177092
407.91 0.00212862654951
407.92 0.0021678063609
407.93 0.00220926792074
407.94 0.00225302109715
407.95 0.00229907906959
407.96 0.00234745845576
407.97 0.00239817940476
407.98 0.00245126565518
407.99 0.00250674455664
408.0 0.00256464705375
408.01 0.00262500763151
408.02 0.0026878642212
408.03 0.0027532580666
408.04 0.00282123354971
408.05 0.00289183797633
408.06 0.00296512132129
408.07 0.0030411359339
408.08 0.00311993620416
408.09 0.00320157819062
408.1 0.0032861192111
408.11 0.00337361739759
408.12 0.00346413121697
408.13 0.00355771895955
408.14 0.00365443819759
408.15 0.00375434521615
408.16 0.00385749441897
408.17 0.00396393771228
408.18 0.00407372386974
408.19 0.00418689788162
408.2 0.004303500292
408.21 0.00442356652748
408.22 0.00454712622143
408.23 0.00467420253765
408.24 0.00480481149762
408.25 0.00493896131559
408.26 0.00507665174572
408.27 0.00521787344567
408.28 0.00536260736097
408.29 0.00551082413456
408.3 0.0056624835457
408.31 0.00581753398267
408.32 0.00597591195331
408.33 0.0061375416374
408.34 0.00630233448491
408.35 0.00647018886372
408.36 0.00664098976032
408.37 0.00681460853686
408.38 0.0069909027474
408.39 0.00716971601629
408.4 0.00735087798092
408.41 0.00753420430111
408.42 0.00771949673672
408.43 0.00790654329503
408.44 0.00809511844882
408.45 0.00828498342573
408.46 0.00847588656924
408.47 0.00866756377095
408.48 0.00885973897359
408.49 0.00905212474379
408.5 0.00924442291308
408.51 0.00943632528526
408.52 0.00962751440803
408.53 0.00981766440593
408.54 0.0100064418718
408.55 0.0101935068133
408.56 0.0103785136502
408.57 0.0105611122597
408.58 0.0107409490632
408.59 0.010917668152
408.6 0.0110909124454
408.61 0.0112603248768
408.62 0.0114255496021
408.63 0.0115862332247
408.64 0.0117420260314
408.65 0.0118925832339
408.66 0.0120375662093
408.67 0.0121766437339
408.68 0.0123094932042
408.69 0.0124358018398
408.7 0.0125552678618
408.71 0.012667601641
408.72 0.0127725268106
408.73 0.0128697813381
408.74 0.01295911855
408.75 0.0130403081071
408.76 0.013113136922
408.77 0.0131774100178
408.78 0.0132329513217
408.79 0.0132796043912
408.8 0.0133172330681
408.81 0.0133457220592
408.82 0.0133649774393
408.83 0.0133749270756
408.84 0.0133755209711
408.85 0.0133667315261
408.86 0.0133485537165
408.87 0.0133210051895
408.88 0.0132841262751
408.89 0.0132379799152
408.9 0.0131826515108
408.91 0.0131182486884
408.92 0.0130449009874
408.93 0.0129627594706
408.94 0.0128719962607
408.95 0.0127728040046
408.96 0.01266539527
408.97 0.0125500018764
408.98 0.0124268741654
408.99 0.0122962802137
409.0 0.0121585049933
409.01 0.0120138494826
409.02 0.0118626297352
409.03 0.0117051759077
409.04 0.0115418312545
409.05 0.0113729510933
409.06 0.0111989017458
409.07 0.0110200594597
409.08 0.0108368093157
409.09 0.0106495441262
409.1 0.0104586633283
409.11 0.0102645718783
409.12 0.01006767915
409.13 0.00986839784315
409.14 0.00966714290516
409.15 0.00946433047038
409.16 0.00926037682114
409.17 0.00905569737373
409.18 0.0088507056928
409.19 0.0086458125372
409.2 0.0084414249399
409.21 0.00823794532456
409.22 0.00803577066077
409.23 0.00783529165977
409.24 0.00763689201211
409.25 0.00744094766848
409.26 0.00724782616439
409.27 0.0070578859894
409.28 0.00687147600089
409.29 0.00668893488248
409.3 0.00651059064653
409.31 0.00633676018021
409.32 0.00616774883405
409.33 0.00600385005196
409.34 0.00584534504117
409.35 0.00569250248056
409.36 0.00554557826561
409.37 0.00540481528791
409.38 0.00527044324725
409.39 0.00514267849402
409.4 0.00502172389957
409.41 0.00490776875228
409.42 0.00480098867688
409.43 0.00470154557458
409.44 0.00460958758161
409.45 0.00452524904389
409.46 0.00444865050541
409.47 0.00437989870824
409.48 0.00431908660188
409.49 0.00426629336023
409.5 0.00422158440408
409.51 0.00418501142773
409.52 0.00415661242806
409.53 0.00413641173497
409.54 0.00412442004197
409.55 0.00412063443625
409.56 0.0041250384276
409.57 0.00413760197578
409.58 0.00415828151631
409.59 0.00418701998486
409.6 0.00422374684058
409.61 0.00426837808904
409.62 0.00432081630569
409.63 0.00438095066097
409.64 0.00444865694835
409.65 0.00452379761698
409.66 0.00460622181058
409.67 0.00469576541449
409.68 0.00479225111315
409.69 0.00489548845998
409.7 0.00500527396221
409.71 0.00512139118294
409.72 0.0052436108631
409.73 0.00537169106562
409.74 0.00550537734456
409.75 0.00564440294166
409.76 0.00578848901271
409.77 0.00593734488634
409.78 0.00609066835733
409.79 0.00624814601669
409.8 0.00640945362061
409.81 0.00657425649993
409.82 0.00674221001183
409.83 0.0069129600351
409.84 0.00708614350998
409.85 0.00726138902352
409.86 0.00743831744083
409.87 0.0076165425824
409.88 0.00779567194734
409.89 0.00797530748202
409.9 0.00815504639315
409.91 0.00833448200405
409.92 0.00851320465245
409.93 0.00869080262783
409.94 0.00886686314581
409.95 0.00904097335693
409.96 0.00921272138651
409.97 0.00938169740229
409.98 0.00954749470591
409.99 0.00970971084411
410.0 0.00986794873527
410.01 0.0100218178065
410.02 0.0101709351365
410.03 0.0103149265988
410.04 0.0104534280002
410.05 0.0105860862094
410.06 0.0107125602688
410.07 0.0108325224858
410.08 0.0109456594965
410.09 0.0110516732964
410.1 0.0111502822329
410.11 0.011241221954
410.12 0.0113242463074
410.13 0.0113991281849
410.14 0.0114656603081
410.15 0.0115236559486
410.16 0.0115729495809
410.17 0.0116133974616
410.18 0.0116448781322
410.19 0.0116672928423
410.2 0.0116805658902
410.21 0.0116846448774
410.22 0.0116795008766
410.23 0.0116651285108
410.24 0.0116415459424
410.25 0.0116087947715
410.26 0.0115669398453
410.27 0.0115160689761
410.28 0.0114562925716
410.29 0.011387743178
410.3 0.0113105749378
410.31 0.0112249629649
410.32 0.0111311026412
410.33 0.0110292088364
410.34 0.0109195150569
410.35 0.0108022725255
410.36 0.0106777492007
410.37 0.0105462287359
410.38 0.0104080093879
410.39 0.010263402878
410.4 0.0101127332126
410.41 0.00995633546912
410.42 0.00979455455304
410.43 0.00962774393349
410.44 0.00945626436255
410.45 0.00928048258547
410.46 0.00910077004782
410.47 0.008917501606
410.48 0.00873105424734
410.49 0.00854180582568
410.5 0.00835013381845
410.51 0.0081564141108
410.52 0.00796101981209
410.53 0.00776432010996
410.54 0.00756667916655
410.55 0.00736845506148
410.56 0.00716999878539
410.57 0.00697165328792
410.58 0.00677375258323
410.59 0.00657662091589
410.6 0.00638057198963
410.61 0.0061859082608
410.62 0.00599292029821
410.63 0.00580188621032
410.64 0.0056130711405
410.65 0.00542672683067
410.66 0.0052430912531
410.67 0.00506238830979
410.68 0.00488482759863
410.69 0.00471060424482
410.7 0.00453989879622
410.71 0.00437287718035
410.72 0.00420969072106
410.73 0.00405047621221
410.74 0.0038953560457
410.75 0.00374443839073
410.76 0.00359781742145
410.77 0.00345557358931
410.78 0.00331777393706
410.79 0.00318447245063
410.8 0.00305571044547
410.81 0.00293151698359
410.82 0.00281190931789
410.83 0.00269689335987
410.84 0.00258646416753
410.85 0.0024806064496
410.86 0.00237929508291
410.87 0.00228249563961
410.88 0.00219016492093
410.89 0.00210225149453
410.9 0.00201869623263
410.91 0.00193943284814
410.92 0.00186438842631
410.93 0.00179348394961
410.94 0.00172663481369
410.95 0.00166375133252
410.96 0.00160473923101
410.97 0.00154950012362
410.98 0.00149793197764
410.99 0.00144992956009
411.0 0.00140538486734
411.01 0.00136418753676
411.02 0.0013262252399
411.03 0.00129138405683
411.04 0.00125954883158
411.05 0.00123060350858
411.06 0.00120443145029
411.07 0.0011809157363
411.08 0.0011599394443
411.09 0.0011413859134
411.1 0.0011251389904
411.11 0.00111108325974
411.12 0.00109910425784
411.13 0.00108908867256
411.14 0.00108092452871
411.15 0.00107450136048
411.16 0.0010697103715
411.17 0.0010664445836
411.18 0.001064598975
411.19 0.0010640706088
411.2 0.0010647587526
411.21 0.00106656498995
411.22 0.00106939332445
411.23 0.00107315027704
411.24 0.00107774497715
411.25 0.00108308924825
411.26 0.00108909768821
411.27 0.00109568774487
411.28 0.00110277978722
411.29 0.00111029717226
411.3 0.00111816630788
411.31 0.0011263167117
411.32 0.00113468106602
411.33 0.00114319526871
411.34 0.00115179847999
411.35 0.00116043316491
411.36 0.00116904513131
411.37 0.00117758356295
411.38 0.00118600104748
411.39 0.00119425359899
411.4 0.00120230067455
411.41 0.00121010518461
411.42 0.00121763349659
411.43 0.00122485543132
411.44 0.00123174425204
411.45 0.00123827664527
411.46 0.00124443269344
411.47 0.00125019583874
411.48 0.00125555283792
411.49 0.00126049370769
411.5 0.00126501166055
411.51 0.00126910303085
411.52 0.0012727671908
411.53 0.00127600645657
411.54 0.00127882598431
411.55 0.00128123365621
411.56 0.00128323995671
411.57 0.00128485783913
411.58 0.00128610258292
411.59 0.00128699164192
411.6 0.0012875444841
411.61 0.00128778242327
411.62 0.00128772844329
411.63 0.00128740701557
411.64 0.00128684391038
411.65 0.00128606600304
411.66 0.00128510107549
411.67 0.00128397761446
411.68 0.00128272460698
411.69 0.00128137133431
411.7 0.00127994716533
411.71 0.00127848135032
411.72 0.00127700281641
411.73 0.00127553996559
411.74 0.00127412047649
411.75 0.001272771111
411.76 0.00127151752676
411.77 0.00127038409667
411.78 0.00126939373641
411.79 0.00126856774088
411.8 0.00126792563075
411.81 0.00126748500972
411.82 0.0012672614337
411.83 0.00126726829228
411.84 0.00126751670366
411.85 0.00126801542328
411.86 0.00126877076696
411.87 0.001269786549
411.88 0.00127106403549
411.89 0.00127260191329
411.9 0.00127439627475
411.91 0.0012764406184
411.92 0.00127872586542
411.93 0.00128124039209
411.94 0.00128397007765
411.95 0.00128689836762
411.96 0.00129000635196
411.97 0.0012932728577
411.98 0.00129667455541
411.99 0.00130018607889
412.0 0.00130378015727
412.01 0.00130742775877
412.02 0.00131109824515
412.03 0.00131475953595
412.04 0.00131837828143
412.05 0.00132192004323
412.06 0.00132534948151
412.07 0.00132863054748
412.08 0.00133172668017
412.09 0.0013346010061
412.1 0.00133721654079
412.11 0.0013395363907
412.12 0.00134152395461
412.13 0.00134314312293
412.14 0.00134435847404
412.15 0.00134513546631
412.16 0.0013454406247
412.17 0.00134524172094
412.18 0.00134450794616
412.19 0.00134321007501
412.2 0.00134132062044
412.21 0.00133881397816
412.22 0.00133566656007
412.23 0.00133185691609
412.24 0.00132736584351
412.25 0.00132217648359
412.26 0.00131627440487
412.27 0.00130964767279
412.28 0.00130228690547
412.29 0.00129418531548
412.3 0.00128533873737
412.31 0.00127574564129
412.32 0.00126540713244
412.33 0.00125432693684
412.34 0.00124251137361
412.35 0.00122996931405
412.36 0.00121671212806
412.37 0.0012027536184
412.38 0.00118810994331
412.39 0.00117279952823
412.4 0.00115684296722
412.41 0.00114026291497
412.42 0.00112308397004
412.43 0.00110533255031
412.44 0.00108703676139
412.45 0.00106822625901
412.46 0.00104893210624
412.47 0.00102918662637
412.48 0.00100902325261
412.49 0.000988476375289
412.5 0.000967581187681
412.51 0.000946373531215
412.52 0.000924889741031
412.53 0.000903166492731
412.54 0.000881240651144
412.55 0.000859149121896
412.56 0.000836928706561
412.57 0.00081461596207
412.58 0.000792247065068
412.59 0.000769857681809
412.6 0.00074748284415
412.61 0.000725156832159
412.62 0.000702913063751
412.63 0.00068078399177
412.64 0.000658801008812
412.65 0.00063699436008
412.66 0.000615393064461
412.67 0.000594024843981
412.68 0.000572916061732
412.69 0.000552091668304
412.7 0.000531575156697
412.71 0.000511388525663
412.72 0.000491552251343
412.73 0.00047208526704
412.74 0.000453004950928
412.75 0.000434327121438
412.76 0.000416066040055
412.77 0.000398234421195
412.78 0.000380843448826
412.79 0.000363902799462
412.8 0.000347420671139
412.81 0.000331403817967
412.82 0.000315857589827
412.83 0.000300785976788
412.84 0.000286191657798
412.85 0.000272076053216
412.86 0.000258439380718
412.87 0.000245280714162
412.88 0.000232598044961
412.89 0.000220388345535
412.9 0.000208647634441
412.91 0.000197371042759
412.92 0.000186552881356
412.93 0.00017618670866
412.94 0.000166265398581
412.95 0.000156781208258
412.96 0.00014772584531
412.97 0.000139090534312
412.98 0.000130866082209
412.99 0.000123042942453
413.0 0.000115611277611
413.01 0.000108561020258
413.02 0.000101881931983
413.03 9.55636603411e-05
413.04 8.95957936285e-05
413.05 8.39679133591e-05
413.06 7.86696443579e-05
413.07 7.36907023924e-05
413.08 6.9020939287e-05
413.09 6.46503854813e-05
413.1 6.05692900086e-05
413.11 5.67681578825e-05
413.12 5.32377848966e-05
413.13 4.9969289849e-05
413.14 4.69541442167e-05
413.15 4.41841993108e-05
413.16 4.16517109527e-05
413.17 3.93493617168e-05
413.18 3.72702807873e-05
413.19 3.54080614847e-05
413.2 3.37567765148e-05
413.21 3.23109909971e-05
413.22 3.10657733286e-05
413.23 3.00167039381e-05
413.24 2.91598819834e-05
413.25 2.84919300433e-05
413.26 2.80099968506e-05
413.27 2.77117581116e-05
413.28 2.75954154503e-05
413.29 2.76596935136e-05
413.3 2.79038352685e-05
413.31 2.83275955164e-05
413.32 2.8931232648e-05
413.33 2.97154986536e-05
413.34 3.06816274043e-05
413.35 3.18313212106e-05
413.36 3.31667356665e-05
413.37 3.46904627805e-05
413.38 3.64055123943e-05
413.39 3.83152918891e-05
413.4 4.04235841772e-05
413.41 4.27345239775e-05
413.42 4.52525723751e-05
413.43 4.79824896655e-05
413.44 5.09293064888e-05
413.45 5.40982932619e-05
413.46 5.74949279217e-05
413.47 6.11248619997e-05
413.48 6.49938850532e-05
413.49 6.91078874881e-05
413.5 7.34728218169e-05
413.51 7.80946624041e-05
413.52 8.29793637639e-05
413.53 8.81328174856e-05
413.54 9.35608078732e-05
413.55 9.92689664022e-05
413.56 0.000105262725105
413.57 0.000111547269014
413.58 0.000118127487806
413.59 0.0001250079268
413.6 0.000132192737482
413.61 0.000139685627744
413.62 0.000147489812028
413.63 0.000155607961596
413.64 0.000164042155146
413.65 0.000172793830008
413.66 0.000181863734185
413.67 0.00019125187947
413.68 0.000200957495934
413.69 0.000210978988045
413.7 0.000221313892702
413.71 0.000231958839471
413.72 0.000242909513312
413.73 0.000254160620084
413.74 0.000265705855118
413.75 0.000277537875135
413.76 0.0002896482738
413.77 0.000302027561168
413.78 0.000314665147291
413.79 0.000327549330231
413.8 0.000340667288703
413.81 0.000354005079581
413.82 0.00036754764044
413.83 0.000381278797322
413.84 0.000395181277867
413.85 0.000409236729935
413.86 0.000423425745809
413.87 0.000437727892055
413.88 0.000452121745052
413.89 0.000466584932211
413.9 0.00048109417884
413.91 0.000495625360591
413.92 0.00051015356137
413.93 0.000524653136598
413.94 0.00053909778161
413.95 0.000553460605013
413.96 0.000567714206729
413.97 0.00058183076045
413.98 0.000595782100188
413.99 0.000609539810565
414.0 0.000623075320463
414.01 0.000636359999624
414.02 0.000649365257764
414.03 0.000662062645728
414.04 0.000674423958221
414.05 0.000686421337593
414.06 0.00069802737817
414.07 0.000709215230599
414.08 0.000719958705665
414.09 0.000730232377032
414.1 0.000740011682375
414.11 0.000749273022343
414.12 0.00075799385682
414.13 0.000766152797975
414.14 0.000773729699551
414.15 0.000780705741945
414.16 0.00078706351256
414.17 0.000792787081019
414.18 0.000797862068799
414.19 0.000802275712907
414.2 0.00080601692325
414.21 0.000809076333378
414.22 0.00081144634433
414.23 0.00081312116136
414.24 0.000814096823348
414.25 0.000814371224763
414.26 0.000813944130081
414.27 0.000812817180624
414.28 0.000810993893816
414.29 0.00080847965492
414.3 0.000805281701346
414.31 0.000801409099693
414.32 0.000796872715721
414.33 0.000791685177488
414.34 0.000785860831948
414.35 0.000779415695327
414.36 0.000772367397661
414.37 0.00076473512188
414.38 0.000756539537881
414.39 0.000747802732063
414.4 0.000738548132804
414.41 0.000728800432401
414.42 0.000718585505997
414.43 0.000707930328056
414.44 0.000696862886924
414.45 0.000685412098054
414.46 0.00067360771645
414.47 0.000661480248886
414.48 0.000649060866474
414.49 0.000636381318093
414.5 0.000623473845234
414.51 0.000610371098752
414.52 0.00059710605801
414.53 0.000583711952885
414.54 0.000570222189037
414.55 0.00055667027687
414.56 0.000543089764503
414.57 0.000529514175099
414.58 0.00051597694881
414.59 0.000502511389581
414.6 0.000489150616984
414.61 0.000475927523248
414.62 0.000462874735544
414.63 0.000450024583601
414.64 0.000437409072619
414.65 0.000425059861447
414.66 0.000413008245905
414.67 0.000401285147112
414.68 0.00038992110461
414.69 0.000378946274043
414.7 0.00036839042911
414.71 0.000358282967447
414.72 0.000348652920077
414.73 0.000339528964012
414.74 0.000330939437575
414.75 0.000322912357946
414.76 0.000315475440459
414.77 0.000308656119084
414.78 0.000302481567583
414.79 0.000296978720739
414.8 0.000292174295107
414.81 0.000288094808674
414.82 0.000284766598848
414.83 0.000282215838185
414.84 0.000280468547252
414.85 0.000279550604058
414.86 0.000279487749476
414.87 0.000280305588122
414.88 0.000282029584147
414.89 0.000284685051462
414.9 0.000288297137921
414.91 0.000292890803036
414.92 0.000298490788829
414.93 0.000305121583499
414.94 0.000312807377581
414.95 0.000321572012384
414.96 0.000331438920511
414.97 0.000342431058333
414.98 0.000354570830379
414.99 0.000367880005615
415.0 0.000382379625725
415.01 0.000398089905502
415.02 0.000415030125596
415.03 0.000433218517892
415.04 0.000452672143886
415.05 0.000473406766509
415.06 0.000495436715892
415.07 0.000518774749686
415.08 0.000543431908566
415.09 0.000569417367671
415.1 0.000596738284775
415.11 0.000625399646033
415.12 0.000655404110247
415.13 0.000686751852622
415.14 0.000719440409043
415.15 0.000753464521957
415.16 0.000788815988977
415.17 0.000825483515364
415.18 0.000863452571571
415.19 0.000902705257046
415.2 0.000943220171518
415.21 0.000984972294968
415.22 0.00102793287752
415.23 0.00107206934045
415.24 0.00111734518943
415.25 0.00116371994129
415.26 0.00121114906522
415.27 0.00125958393962
415.28 0.00130897182553
415.29 0.00135925585748
415.3 0.00141037505278
415.31 0.00146226433982
415.32 0.00151485460619
415.33 0.001568072767
415.34 0.00162184185409
415.35 0.00167608112612
415.36 0.00173070620007
415.37 0.00178562920398
415.38 0.001840758951
415.39 0.00189600113439
415.4 0.00195125854333
415.41 0.00200643129884
415.42 0.00206141710935
415.43 0.00211611154493
415.44 0.00217040832955
415.45 0.00222419964999
415.46 0.00227737648047
415.47 0.0023298289215
415.48 0.00238144655164
415.49 0.00243211879044
415.5 0.00248173527113
415.51 0.00253018622099
415.52 0.00257736284786
415.53 0.00262315773062
415.54 0.00266746521172
415.55 0.00271018178985
415.56 0.00275120651035
415.57 0.00279044135165
415.58 0.0028277916053
415.59 0.00286316624762
415.6 0.00289647830091
415.61 0.00292764518209
415.62 0.00295658903681
415.63 0.00298323705706
415.64 0.00300752178048
415.65 0.00302938136957
415.66 0.00304875986908
415.67 0.00306560744017
415.68 0.00307988056984
415.69 0.00309154225439
415.7 0.00310056215575
415.71 0.00310691672984
415.72 0.00311058932603
415.73 0.00311157025717
415.74 0.0031098568397
415.75 0.00310545340371
415.76 0.00309837127265
415.77 0.00308862871303
415.78 0.00307625085423
415.79 0.00306126957906
415.8 0.0030437233855
415.81 0.00302365722071
415.82 0.00300112228804
415.83 0.0029761758284
415.84 0.00294888087712
415.85 0.00291930599787
415.86 0.00288752499504
415.87 0.00285361660646
415.88 0.00281766417808
415.89 0.00277975532253
415.9 0.00273998156353
415.91 0.00269843796819
415.92 0.00265522276908
415.93 0.00261043697848
415.94 0.00256418399655
415.95 0.00251656921583
415.96 0.00246769962397
415.97 0.00241768340692
415.98 0.00236662955447
415.99 0.00231464747019
416.0 0.0022618465877
416.01 0.0022083359951
416.02 0.00215422406924
416.03 0.00209961812159
416.04 0.00204462405716
416.05 0.00198934604799
416.06 0.00193388622238
416.07 0.0018783443712
416.08 0.00182281767224
416.09 0.0017674004334
416.1 0.00171218385581
416.11 0.00165725581708
416.12 0.00160270067556
416.13 0.0015485990957
416.14 0.00149502789485
416.15 0.00144205991154
416.16 0.00138976389515
416.17 0.00133820441693
416.18 0.00128744180182
416.19 0.00123753208097
416.2 0.00118852696416
416.21 0.0011404738317
416.22 0.00109341574495
416.23 0.00104739147483
416.24 0.00100243554724
416.25 0.000958578304725
416.26 0.000915845983067
416.27 0.000874260802106
416.28 0.00083384106946
416.29 0.000794601296156
416.3 0.000756552323017
416.31 0.000719701456679
416.32 0.000684052614071
416.33 0.000649606474246
416.34 0.000616360636426
416.35 0.000584309783145
416.36 0.000553445847423
416.37 0.000523758182905
416.38 0.000495233735962
416.39 0.000467857218768
416.4 0.000441611282441
416.41 0.000416476689354
416.42 0.000392432483803
416.43 0.000369456160264
416.44 0.000347523828513
416.45 0.000326610374976
416.46 0.000306689619703
416.47 0.000287734468442
416.48 0.000269717059337
416.49 0.000252608903845
416.5 0.000236381021513
416.51 0.000221004068329
416.52 0.000206448458403
416.53 0.000192684478795
416.54 0.000179682397372
416.55 0.000167412563583
416.56 0.000155845502155
416.57 0.000144951999681
416.58 0.00013470318418
416.59 0.000125070597701
416.6 0.000116026262088
416.61 0.000107542738085
416.62 9.95931779248e-05
416.63 9.21513716445e-05
416.64 8.51917873296e-05
416.65 7.8689605548e-05
416.66 7.26207482293e-05
416.67 6.69619022676e-05
416.68 6.16905381308e-05
416.69 5.67849237688e-05
416.7 5.22241341185e-05
416.71 4.79880565029e-05
416.72 4.40573922254e-05
416.73 4.04136546557e-05
416.74 3.70391641019e-05
416.75 3.39170397567e-05
416.76 3.10311890015e-05
416.77 2.83662943391e-05
416.78 2.59077982231e-05
416.79 2.36418860356e-05
416.8 2.15554674583e-05
416.81 1.96361564681e-05
416.82 1.78722501768e-05
416.83 1.62527067217e-05
416.84 1.47671224018e-05
416.85 1.34057082398e-05
416.86 1.21592661386e-05
416.87 1.1019164788e-05
416.88 9.97731546165e-06
416.89 9.02614783783e-06
416.9 8.1585859577e-06
416.91 7.3680244295e-06
416.92 6.64830497168e-06
416.93 5.99369337855e-06
416.94 5.39885698131e-06
416.95 4.85884266724e-06
416.96 4.36905551069e-06
416.97 3.92523806039e-06
416.98 3.52345031977e-06
416.99 3.16005044887e-06
417.0 2.83167620989e-06
417.01 2.53522717137e-06
417.02 2.26784768054e-06
417.03 2.0269106078e-06
417.04 1.81000186231e-06
417.05 1.61490567376e-06
417.06 1.43959063094e-06
417.07 1.28219646501e-06
417.08 1.14102156195e-06
417.09 1.01451118632e-06
417.1 9.01246396464e-07
417.11 7.99933629266e-07
417.12 7.09394931417e-07
417.13 6.28558812778e-07
417.14 5.56451696795e-07
417.15 4.92189942228e-07
417.16 4.34972410154e-07
417.17 3.84073550068e-07
417.18 3.38836978944e-07
417.19 2.98669527348e-07
417.2 2.6303572705e-07
417.21 2.31452715065e-07
417.22 2.03485529643e-07
417.23 1.78742774402e-07
417.24 1.56872627575e-07
417.25 1.37559174108e-07
417.26 1.20519039263e-07
417.27 1.05498303226e-07
417.28 9.2269677151e-08
417.29 8.06299220275e-08
417.3 7.03974926464e-08
417.31 6.1410389921e-08
417.32 5.35242057174e-08
417.33 4.66103452714e-08
417.34 4.05544131594e-08
417.35 3.52547496616e-08
417.36 3.06211051976e-08
417.37 2.65734413304e-08
417.38 2.30408476158e-08
417.39 1.99605643256e-08
417.4 1.72771017862e-08
417.41 1.49414477595e-08
417.42 1.2910354932e-08
417.43 1.11457011965e-08
417.44 9.61391597951e-09
417.45 8.28546641377e-09
417.46 7.13439766004e-09
417.47 6.13792215948e-09
417.48 5.27605303998e-09
417.49 4.5312773134e-09
417.5 3.8882648842e-09
417.51 3.33360974536e-09
417.52 2.85560006694e-09
417.53 2.44401418597e-09
417.54 2.08993978664e-09
417.55 1.78561381667e-09
417.56 1.5242809226e-09
417.57 1.30006840252e-09
417.58 1.10787587308e-09
417.59 9.43278028182e-10
417.6 8.02439031305e-10
417.61 6.82037233191e-10
417.62 5.79199042721e-10
417.63 4.91440901946e-10
417.64 4.16618427968e-10
417.65 3.52881885146e-10
417.66 2.98637242156e-10
417.67 2.52512150371e-10
417.68 2.13326253799e-10
417.69 1.80065307012e-10
417.7 1.51858636921e-10
417.71 1.27959537403e-10
417.72 1.07728233358e-10
417.73 9.06170932145e-11
417.74 7.61578067547e-11
417.75 6.39502788437e-11
417.76 5.36530195848e-11
417.77 4.49748380403e-11
417.78 3.76676702294e-11
417.79 3.15203930003e-11
417.8 2.63534938326e-11
417.81 2.20144829299e-11
417.82 1.83739483366e-11
417.83 1.53221674754e-11
417.84 1.27661996357e-11
417.85 1.06273937248e-11
417.86 8.83925417371e-12
417.87 7.34561540762e-12
417.88 6.0990818686e-12
417.89 5.05969632662e-12
417.9 4.19380423297e-12
417.91 3.4730862436e-12
417.92 2.87373484824e-12
417.93 2.37575435259e-12
417.94 1.96236633698e-12
417.95 1.61950520964e-12
417.96 1.33539063442e-12
417.97 1.10016548323e-12
417.98 9.05589580252e-13
417.99 7.44780900778e-13
418.0 6.11997090837e-13
418.01 5.02451210531e-13
418.02 4.1215649545e-13
418.03 3.37795696796e-13
418.04 2.76611218296e-13
418.05 2.26312831682e-13
418.06 1.85000235124e-13
418.07 1.51098131761e-13
418.08 1.23301858111e-13
418.09 1.00531893043e-13
418.1 8.18958344273e-14
418.11 6.66566489538e-14
418.12 5.42061862803e-14
418.13 4.404310639e-14
418.14 3.57545028879e-14
418.15 2.90006183808e-14
418.16 2.35021441257e-14
418.17 1.90296773347e-14
418.18 1.53949781294e-14
418.19 1.24437260226e-14
418.2 1.0049524593e-14
418.21 8.1089441009e-15
418.22 6.53742633832e-15
418.23 5.26590503385e-15
418.24 4.23801948881e-15
418.25 3.40781954034e-15
418.26 2.7378770455e-15
418.27 2.19773338252e-15
418.28 1.76262441631e-15
418.29 1.41243435057e-15
418.3 1.13083820601e-15
418.31 9.04599591502e-16
418.32 7.22996199084e-16
418.33 5.77350243734e-16
418.34 4.60645046467e-16
418.35 3.67212257709e-16
418.36 2.92476950945e-16
418.37 2.32750078409e-16
418.38 1.85059650588e-16
418.39 1.4701354574e-16
418.4 1.16688129746e-16
418.41 9.25379168023e-17
418.42 7.332236598e-17
418.43 5.80466198085e-17
418.44 4.5913575199e-17
418.45 3.62851565494e-17
418.46 2.8651053992e-17
418.47 2.260351174e-17
418.48 1.78170149512e-17
418.49 1.40319388652e-17
418.5 1.10413998054e-17
418.51 8.68069106054e-18
418.52 6.81880352872e-18
418.53 5.35162614381e-18
418.54 4.19649846562e-18
418.55 3.28785066179e-18
418.56 2.57371711221e-18
418.57 2.01295121474e-18
418.58 1.57300245915e-18
418.59 1.2281439299e-18
418.6 9.58060297309e-19
418.61 7.46724038909e-19
418.62 5.8150189532e-19
418.63 4.52445058281e-19
418.64 3.51725840502e-19
418.65 2.73191017484e-19
418.66 2.12008009075e-19
418.67 1.64384866095e-19
418.68 1.27348873974e-19
418.69 9.85716664548e-20
418.7 7.62312078206e-20
418.71 5.8902973001e-20
418.72 4.54742287908e-20
418.73 3.50765751074e-20
418.74 2.70329059917e-20
418.75 2.08157469036e-20
418.76 1.60145587047e-20
418.77 1.23101023949e-20
418.78 9.45435852581e-21
418.79 7.25481232413e-21
418.8 5.56216680913e-21
418.81 4.26074505676e-21
418.82 3.26100001593e-21
418.83 2.49367450737e-21
418.84 1.90525207234e-21
418.85 1.4544166321e-21
418.86 1.10929979941e-21
418.87 8.45342588006e-22
418.88 6.43635924543e-22
418.89 4.89633941914e-22
418.9 3.7215723643e-22
418.91 2.82621458142e-22
418.92 2.14440845012e-22
418.93 1.62567452268e-22
418.94 1.23135535035e-22
418.95 9.31873402865e-23
418.96 7.04618665669e-23
418.97 5.32322818938e-23
418.98 4.01809069767e-23
418.99 3.03031726554e-23
419.0 2.28339043501e-23
419.01 1.71907952302e-23
419.02 1.29310999758e-23
419.03 9.71848758416e-24
419.04 7.29769336855e-24
419.05 5.47515289106e-24
419.06 4.10421972618e-24
419.07 3.07389244937e-24
419.08 2.30022566811e-24
419.09 1.71979204268e-24
419.1 1.2847100971e-24
419.11 9.58866293153e-25
419.12 7.1504714919e-25
419.13 5.32764181976e-25
419.14 3.96605809593e-25
419.15 2.94989689247e-25
419.16 2.19219061261e-25
419.17 1.62769677683e-25
419.18 1.20751464259e-25
419.19 8.95024699829e-26
419.2 6.62828765872e-26
419.21 4.90446215618e-26
419.22 3.62581081563e-26
419.23 2.67819752866e-26
419.24 1.97653169211e-26
419.25 1.45743324605e-26
419.26 1.07373540718e-26
419.27 7.90368438451e-27
419.28 5.81280316171e-27
419.29 4.27135193823e-27
419.3 3.13594768483e-27
419.31 2.30036088271e-27
419.32 1.68595838757e-27
419.33 1.23458626531e-27
419.34 9.03274486605e-28
419.35 6.603007012e-28
419.36 4.82266933743e-28
419.37 3.51930515614e-28
419.38 2.56596115931e-28
419.39 1.86924807962e-28
419.4 1.36052811429e-28
419.41 9.89399782409e-29
419.42 7.18885647369e-29
419.43 5.218810505e-29
419.44 3.78535796699e-29
419.45 2.74325446868e-29
419.46 1.98631877568e-29
419.47 1.43699584621e-29
419.48 1.03868961679e-29
419.49 7.50135606015e-30
419.5 5.41274394304e-30
419.51 3.90228421973e-30
419.52 2.81089113088e-30
419.53 2.02298594381e-30
419.54 1.45467313292e-30
419.55 1.04510922867e-30
419.56 7.50207946819e-31
419.57 5.38053363066e-31
419.58 3.85560693538e-31
419.59 2.76047531457e-31
419.6 1.97468894742e-31
419.61 1.41135814987e-31
419.62 1.00785832617e-31
419.63 7.19093648885e-32
419.64 5.12619509337e-32
419.65 3.65114029194e-32
419.66 2.5982780427e-32
419.67 1.8474233919e-32
419.68 1.3124143366e-32
419.69 9.3153506214e-33
419.7 6.60619149605e-33
419.71 4.68087262865e-33
419.72 3.31379929563e-33
419.73 2.34395511715e-33
419.74 1.65651775079e-33
419.75 1.16967877467e-33
419.76 8.25203073358e-34
419.77 5.81672828096e-34
419.78 4.096570465e-34
419.79 2.8826093747e-34
419.8 2.02663189068e-34
419.81 1.42359896143e-34
419.82 9.99134982639e-35
419.83 7.00622984063e-35
419.84 4.90872054176e-35
419.85 3.43618033581e-35
419.86 2.40329620602e-35
419.87 1.67943177587e-35
419.88 1.17257638563e-35
419.89 8.17981787112e-36
419.9 5.70124673633e-36
419.91 3.970267346e-36
419.92 2.76244334329e-36
419.93 1.92039567755e-36
419.94 1.33386467902e-36
419.95 9.25670743474e-37
419.96 6.41837393421e-37
419.97 4.44648883055e-37
419.98 3.07774835929e-37
419.99 2.12849543813e-37
420.0 1.47074049885e-37
420.01 1.01536711049e-37
420.02 7.00380175141e-38
420.03 4.8269000917e-38
420.04 3.3237357438e-38
420.05 2.28669571448e-38
420.06 1.57186042811e-38
420.07 1.07955132787e-38
420.08 7.40792068389e-39
420.09 5.0789397862e-39
420.1 3.47915291235e-39
420.11 2.38120991475e-39
420.12 1.62834175694e-39
420.13 1.11254388324e-39
420.14 7.59473199841e-40
420.15 5.18002038102e-40
420.16 3.52999586244e-40
420.17 2.40348068677e-40
420.18 1.63504906474e-40
420.19 1.1113341372e-40
420.2 7.54713698525e-41
420.21 5.12086731527e-41
420.22 3.47159077799e-41
420.23 2.35145808287e-41
420.24 1.59136451343e-41
420.25 1.07603354292e-41
420.26 7.26951877588e-42
420.27 4.90692283009e-42
420.28 3.30930279346e-42
420.29 2.22991082773e-42
420.3 1.50128172932e-42
420.31 1.00985870783e-42
420.32 6.7870764729e-43
420.33 4.55751999864e-43
420.34 3.05772297172e-43
420.35 2.04970519306e-43
420.36 1.37280350515e-43
420.37 9.18647864572e-44
420.38 6.14205177156e-44
420.39 4.10300067368e-44
420.4 2.73850423098e-44
420.41 1.82620259988e-44
420.42 1.21676920504e-44
420.43 8.10011482212e-45
420.44 5.38763112475e-45
420.45 3.58037275516e-45
420.46 2.37729100279e-45
420.47 1.57710337899e-45
420.48 1.04534991977e-45
420.49 6.92288202568e-46
420.5 4.58074254841e-46
420.51 3.0283673088e-46
420.52 2.00034510304e-46
420.53 1.32015528272e-46
420.54 8.70500091232e-47
420.55 5.73503848425e-47
420.56 3.77509221401e-47
420.57 2.48280439307e-47
420.58 1.63147776107e-47
420.59 1.07113330664e-47
420.6 7.02634712994e-48
420.61 4.60510346859e-48
420.62 3.01559417379e-48
420.63 1.9730137468e-48
420.64 1.28976634189e-48
420.65 8.42394804943e-49
420.66 5.4972315835e-49
420.67 3.58423188225e-49
420.68 2.33491930953e-49
420.69 1.51974725415e-49
420.7 9.88313142292e-50
420.71 6.42157391995e-50
420.72 4.16881011886e-50
420.73 2.70399855364e-50
420.74 1.75236474862e-50
420.75 1.13466138151e-50
420.76 7.34060325513e-51
420.77 4.7448331214e-51
420.78 3.06431809562e-51
420.79 1.97729041682e-51
420.8 1.27476693356e-51
420.81 8.21135503941e-52
420.82 5.28472731987e-52
420.83 3.39824001353e-52
420.84 2.1832789498e-52
420.85 1.40148391681e-52
420.86 8.98857241217e-53
420.87 5.75992776767e-53
420.88 3.68779749879e-53
420.89 2.35906988265e-53
420.9 1.50778097596e-53
420.91 9.62851752407e-54
420.92 6.14333648668e-54
420.93 3.91627242021e-54
420.94 2.49439482853e-54
420.95 1.58738112964e-54
420.96 1.00930155301e-54
420.97 6.4118651839e-55
420.98 4.06978564476e-55
420.99 2.58096670072e-55
421.0 1.63537358892e-55
421.01 1.03532158963e-55
421.02 6.54873284507e-56
421.03 4.13869087591e-56
421.04 2.61331895151e-56
421.05 1.64871488455e-56
421.06 1.03925569265e-56
421.07 6.54520084714e-57
421.08 4.1185776297e-57
421.09 2.58937676766e-57
421.1 1.626548249e-57
421.11 1.02085101831e-57
421.12 6.4014962394e-58
421.13 4.01073839516e-58
421.14 2.51067725937e-58
421.15 1.57029466366e-58
421.16 9.81284938943e-59
421.17 6.12678759136e-59
421.18 3.82203119593e-59
421.19 2.38220616045e-59
421.2 1.48350212182e-59
421.21 9.23040406193e-60
421.22 5.73821697856e-60
421.23 3.56415786788e-60
421.24 2.21187515545e-60
421.25 1.3714753347e-60
421.26 8.49648127998e-61
421.27 5.25913017671e-61
421.28 3.2524636332e-61
421.29 2.00971600071e-61
421.3 1.24073960033e-61
421.31 7.65332770583e-62
421.32 4.71675901465e-62
421.33 2.90442909826e-62
421.34 1.78690548781e-62
421.35 1.09841409856e-62
421.36 6.74612411543e-63
421.37 4.13967520471e-63
421.38 2.53806021595e-63
421.39 1.55475258517e-63
421.4 9.51577941529e-64
421.41 5.81903751602e-64
421.42 3.55534427087e-64
421.43 2.17038048952e-64
421.44 1.32377387293e-64
421.45 8.06706295729e-65
421.46 4.91180141453e-65
421.47 2.98806379839e-65
421.48 1.81619570564e-65
421.49 1.10295840749e-65
421.5 6.69236068285e-66
421.51 4.05717046392e-66
421.52 2.45748504578e-66
421.53 1.48724399767e-66
421.54 8.99284852896e-67
421.55 5.43295420755e-67
421.56 3.27943119227e-67
421.57 1.97781066422e-67
421.58 1.19177595201e-67
421.59 7.17510455548e-68
421.6 4.31604101014e-68
421.61 2.59397988328e-68
421.62 1.55765530084e-68
421.63 9.34544150548e-69
421.64 5.60211477304e-69
421.65 3.35527324132e-69
421.66 2.00783257983e-69
421.67 1.20046862267e-69
421.68 7.17129918928e-70
421.69 4.28024455024e-70
421.7 2.55248404835e-70
421.71 1.52083186291e-70
421.72 9.05363707919e-71
421.73 5.38503676564e-71
421.74 3.20020630438e-71
421.75 1.90016359238e-71
421.76 1.12726940836e-71
421.77 6.68171831012e-72
421.78 3.95705709226e-72
421.79 2.34142463018e-72
421.8 1.3842411681e-72
421.81 8.17649268404e-73
421.82 4.82554151449e-73
421.83 2.84543567672e-73
421.84 1.67639053936e-73
421.85 9.86791369552e-74
421.86 5.80362304158e-74
421.87 3.41033280407e-74
421.88 2.00224879665e-74
421.89 1.17452707525e-74
421.9 6.88385535704e-75
421.91 4.031105391e-75
421.92 2.35852389988e-75
421.93 1.37873284835e-75
421.94 8.0527399891e-76
421.95 4.69927589141e-76
421.96 2.73994548323e-76
421.97 1.59616069807e-76
421.98 9.29041291783e-77
421.99 5.4027781303e-77
422.0 3.13922874246e-77
422.01 1.8224369133e-77
422.02 1.0570748916e-77
422.03 6.12608084223e-78
422.04 3.54718143257e-78
422.05 2.05214381898e-78
422.06 1.18619447739e-78
422.07 6.8505858649e-79
422.08 3.95296749342e-79
422.09 2.27899034035e-79
422.1 1.31276031155e-79
422.11 7.55530680301e-80
422.12 4.34452683015e-80
422.13 2.49606893354e-80
422.14 1.43282905287e-80
422.15 8.21780620477e-81
422.16 4.70913482055e-81
422.17 2.6961873437e-81
422.18 1.54234922531e-81
422.19 8.81534038139e-82
422.2 5.03406901278e-82
422.21 2.87225475125e-82
422.22 1.63738369156e-82
422.23 9.32613455274e-83
422.24 5.30733627914e-83
422.25 3.01769433368e-83
422.26 1.71434253781e-83
422.27 9.73069069073e-84
422.28 5.51840342871e-84
422.29 3.12684921103e-84
422.3 1.77020736114e-84
422.31 1.00130194294e-84
422.32 5.65886961945e-85
422.33 3.19534701451e-85
422.34 1.8027274985e-85
422.35 1.01616878498e-85
422.36 5.72302086165e-86
422.37 3.22039037934e-86
422.38 1.81057043562e-86
422.39 1.01705875154e-86
422.4 5.70821562767e-87
422.41 3.20094647263e-87
422.42 1.79341239016e-87
422.43 1.00393508599e-87
422.44 5.61506530362e-88
422.45 3.13781766111e-88
422.46 1.75196048756e-88
422.47 9.77337637286e-89
422.48 5.44739230355e-89
422.49 3.03358658043e-89
422.5 1.68790441286e-89
422.51 9.38346017725e-90
422.52 5.21196984505e-90
422.53 2.89244084681e-90
422.54 1.60380214546e-90
422.55 8.88506903961e-91
422.56 4.91806807531e-91
422.57 2.71989399095e-91
422.58 1.50291054523e-91
422.59 8.29732303126e-92
422.6 4.57684892804e-92
422.61 2.52242852617e-92
422.62 1.38897642128e-92
422.63 7.64178104672e-93
422.64 4.20066471961e-93
422.65 2.3070933159e-93
422.66 1.2660067323e-93
422.67 6.94113644906e-94
422.68 3.80232172609e-94
422.69 2.08108995411e-94
422.7 1.13803745827e-94
422.71 6.21793207869e-95
422.72 3.39436939474e-95
422.73 1.85138160656e-95
422.74 1.00891946042e-95
422.75 5.4933942134e-96
422.76 2.98846892971e-96
422.77 1.62435308172e-96
422.78 8.82136599134e-97
422.79 4.7864657734e-97
422.8 2.59488303698e-97
422.81 1.4055436221e-97
422.82 7.60667012992e-98
422.83 4.11309319466e-98
422.84 2.22211345567e-98
422.85 1.19946511343e-98
422.86 6.46893407549e-99
422.87 3.48579258802e-99
422.88 1.87669661832e-99
422.89 1.00950927457e-99
422.9 5.42563117175e-100
422.91 2.91349270102e-100
422.92 1.56315237124e-100
422.93 8.37939002794e-101
422.94 4.48794173428e-101
422.95 2.4016279367e-101
422.96 1.28406780201e-101
422.97 6.85952270649e-102
422.98 3.66120083231e-102
422.99 1.95243650576e-102
423.0 1.04028898178e-102
423.01 5.53802345254e-103
423.02 2.94563746544e-103
423.03 1.56540786635e-103
423.04 8.31188338112e-104
423.05 4.40955824193e-104
423.06 2.33729988448e-104
423.07 1.23782002573e-104
423.08 6.54974337029e-105
423.09 3.46269927394e-105
423.1 1.82906433006e-105
423.11 9.65310204579e-106
423.12 5.09012592742e-106
423.13 2.681722703e-106
423.14 1.41163664289e-106
423.15 7.42430303657e-107
423.16 3.90132534888e-107
423.17 2.04829432406e-107
423.18 1.0744748785e-107
423.19 5.63149733616e-108
423.2 2.94900298746e-108
423.21 1.54294432171e-108
423.22 8.06582897259e-109
423.23 4.21280615253e-109
423.24 2.1984553798e-109
423.25 1.14627163981e-109
423.26 5.97146858766e-110
423.27 3.10812494658e-110
423.28 1.61636522622e-110
423.29 8.39854861921e-111
423.3 4.36006230384e-111
423.31 2.26154306583e-111
423.32 1.17203543399e-111
423.33 6.06876518478e-112
423.34 3.13966736286e-112
423.35 1.62289587189e-112
423.36 8.38149297094e-113
423.37 4.32489758033e-113
423.38 2.22973875211e-113
423.39 1.14856571652e-113
423.4 5.91127860366e-114
423.41 3.03969997988e-114
423.42 1.5617219891e-114
423.43 8.0167887992e-115
423.44 4.11169481219e-115
423.45 2.10700232139e-115
423.46 1.07877995642e-115
423.47 5.5185430633e-116
423.48 2.82058840014e-116
423.49 1.44038539013e-116
423.5 7.34922277645e-117
423.51 3.74651805164e-117
423.52 1.90826181125e-117
423.53 9.71117546797e-118
423.54 4.93775293699e-118
423.55 2.50847988683e-118
423.56 1.27325562318e-118
423.57 6.45720084692e-119
423.58 3.27187497284e-119
423.59 1.65642896809e-119
423.6 8.37862294383e-120
423.61 4.23444200252e-120
423.62 2.13817596609e-120
423.63 1.0787341083e-120
423.64 5.43762295829e-121
423.65 2.738592931e-121
423.66 1.37806463466e-121
423.67 6.92843911365e-122
423.68 3.48036613781e-122
423.69 1.74677986339e-122
423.7 8.75941558301e-123
423.71 4.38869903193e-123
423.72 2.19695002836e-123
423.73 1.09882433999e-123
423.74 5.49110913927e-124
423.75 2.74167260752e-124
423.76 1.36771252095e-124
423.77 6.81707018141e-125
423.78 3.39487993855e-125
423.79 1.68917555228e-125
423.8 8.39747785042e-126
423.81 4.17106213386e-126
423.82 2.06998960316e-126
423.83 1.02639229099e-126
423.84 5.08489876885e-127
423.85 2.51695211787e-127
423.86 1.24477629305e-127
423.87 6.1507967452e-128
423.88 3.03665291647e-128
423.89 1.49789940446e-128
423.9 7.38233676781e-129
423.91 3.6352038559e-129
423.92 1.78849364054e-129
423.93 8.79163688929e-130
423.94 4.31793198868e-130
423.95 2.11887611257e-130
423.96 1.03886483246e-130
423.97 5.08904436825e-131
423.98 2.49079016461e-131
423.99 1.21804058607e-131
424.0 5.95127596797e-132
424.01 2.90524078226e-132
424.02 1.41702622183e-132
424.03 6.90553537408e-133
424.04 3.36233153835e-133
424.05 1.63571421058e-133
424.06 7.95056571688e-134
424.07 3.86111155253e-134
424.08 1.87348568516e-134
424.09 9.08264043441e-135
424.1 4.39944179746e-135
424.11 2.12915237874e-135
424.12 1.02953146448e-135
424.13 4.97389045962e-136
424.14 2.40091354391e-136
424.15 1.15792528915e-136
424.16 5.57966685187e-137
424.17 2.68633216135e-137
424.18 1.2922152636e-137
424.19 6.21060250492e-138
424.2 2.98233423666e-138
424.21 1.43087800109e-138
424.22 6.85918650551e-139
424.23 3.28523415481e-139
424.24 1.57211300149e-139
424.25 7.51665992407e-140
424.26 3.59078793253e-140
424.27 1.71387176683e-140
424.28 8.17317136266e-141
424.29 3.89427482614e-141
424.3 1.8538999909e-141
424.31 8.81799239444e-142
424.32 4.19060618858e-142
424.33 1.98979205577e-142
424.34 9.43978814695e-143
424.35 4.47445881865e-143
424.36 2.11905630037e-143
424.37 1.00269347338e-143
424.38 4.74042842071e-144
424.39 2.23918878792e-144
424.4 1.05678719178e-144
424.41 4.98319731258e-145
424.42 2.34775264666e-145
424.43 1.10514765492e-145
424.44 5.19770930263e-146
424.45 2.44245954594e-146
424.46 1.14674402109e-146
424.47 5.3793438091e-147
424.48 2.5212495421e-147
424.49 1.18066333071e-147
424.5 5.52408090067e-148
424.51 2.58236542249e-148
424.52 1.20614377055e-148
424.53 5.62864904877e-149
424.54 2.62441780847e-149
424.55 1.22260310328e-149
424.56 5.69064801651e-150
424.57 2.64643765176e-150
424.58 1.2296607816e-150
424.59 5.70864044033e-151
424.6 2.64791335494e-151
424.61 1.22715257428e-151
424.62 5.6822072253e-152
424.63 2.62881053052e-152
424.64 1.21513691904e-152
424.65 5.61196377289e-153
424.66 2.58957333305e-153
424.67 1.19389265929e-153
424.68 5.49953616375e-154
424.69 2.53110729205e-154
424.7 1.16390828689e-154
424.71 5.34749858267e-155
424.72 2.45474457243e-155
424.73 1.1258632707e-155
424.74 5.15927534832e-156
424.75 2.36219352338e-156
424.76 1.0806024672e-156
424.77 4.93901275374e-157
424.78 2.25547518326e-157
424.79 1.02910495867e-157
424.8 4.69142741286e-158
424.81 2.1368500339e-158
424.82 9.72448922433e-159
424.83 4.42163884845e-159
424.84 2.00873870457e-159
424.85 9.11774287188e-160
424.86 4.13499459262e-160
424.87 1.87364049335e-160
424.88 8.48244972446e-161
424.89 3.83689608364e-161
424.9 1.73405350054e-161
424.91 7.83012437469e-162
424.92 3.53263315746e-162
424.93 1.59239987147e-162
424.94 7.17182096258e-163
424.95 3.22723400671e-163
424.96 1.45095915704e-163
424.97 6.51783903108e-164
424.98 2.92533620445e-164
424.99 1.31181216521e-164
425.0 5.87748100891e-165
425.01 2.63108287257e-165
425.02 1.17679694689e-165
425.03 5.25886776995e-166
425.04 2.34804643596e-166
425.05 1.04747779288e-166
425.06 4.66881515511e-167
425.07 2.0791807612e-167
425.08 9.25127367164e-168
425.09 4.1127709329e-168
425.1 1.82680094253e-168
425.11 8.10721415165e-169
425.12 3.59480862955e-169
425.13 1.59258865851e-169
425.14 7.04944901979e-170
425.15 3.11767214097e-170
425.16 1.377619948e-170
425.17 6.0820798253e-171
425.18 2.68286315647e-171
425.19 1.18241148499e-171
425.2 5.2066989791e-172
425.21 2.29076222602e-172
425.22 1.00698098252e-172
425.23 4.4226873258e-173
425.24 1.94077378529e-173
425.25 8.50917215968e-174
425.26 3.72754947194e-174
425.27 1.63148555981e-174
425.28 7.1345529396e-175
425.29 3.11726704256e-175
425.3 1.36083341139e-175
425.31 5.93553174053e-176
425.32 2.58665204969e-176
425.33 1.1262637485e-176
425.34 4.89965962675e-177
425.35 2.12968528098e-177
425.36 9.2488696775e-178
425.37 4.01315194474e-178
425.38 1.73982777143e-178
425.39 7.53616896523e-179
425.4 3.2615099495e-179
425.41 1.41029673641e-179
425.42 6.09292744572e-180
425.43 2.63005738725e-180
425.44 1.13430058354e-180
425.45 4.8878154376e-181
425.46 2.10438479135e-181
425.47 9.05230592575e-182
425.48 3.89060377091e-182
425.49 1.67070009238e-182
425.5 7.16809417294e-183
425.51 3.07278815902e-183
425.52 1.31608897604e-183
425.53 5.63198636374e-184
425.54 2.40802865363e-184
425.55 1.02869213322e-184
425.56 4.39069125492e-185
425.57 1.87242354119e-185
425.58 7.97809123526e-186
425.59 3.39639049462e-186
425.6 1.44464103743e-186
425.61 6.13940086217e-187
425.62 2.60684822558e-187
425.63 1.10593401294e-187
425.64 4.68777108381e-188
425.65 1.98530524113e-188
425.66 8.40063073517e-189
425.67 3.5515686458e-189
425.68 1.50021064968e-189
425.69 6.33152006391e-190
425.7 2.66985357284e-190
425.71 1.12483963718e-190
425.72 4.73497284316e-191
425.73 1.99144394242e-191
425.74 8.36839924731e-192
425.75 3.51350365869e-192
425.76 1.47388005197e-192
425.77 6.17742646559e-193
425.78 2.58688272278e-193
425.79 1.08235470326e-193
425.8 4.52466249342e-194
425.81 1.88984629245e-194
425.82 7.88661224798e-195
425.83 3.28835129672e-195
425.84 1.3699024369e-195
425.85 5.7019680786e-196
425.86 2.37128436389e-196
425.87 9.85294834664e-197
425.88 4.09046317283e-197
425.89 1.69668992282e-197
425.9 7.0316328501e-198
425.91 2.91161269877e-198
425.92 1.20457746946e-198
425.93 4.97920009539e-199
425.94 2.05640255728e-199
425.95 8.48555795084e-200
425.96 3.49845574684e-200
425.97 1.441106504e-200
425.98 5.93115787557e-201
425.99 2.43897081059e-201
426.0 1.0020685541e-201
426.01 4.113504505e-202
426.02 1.68713654706e-202
426.03 6.91372660381e-203
426.04 2.83072631916e-203
426.05 1.15799657901e-203
426.06 4.73304226276e-204
426.07 1.932845769e-204
426.08 7.886380592e-205
426.09 3.21500739048e-205
426.1 1.30951335423e-205
426.11 5.32919485857e-206
426.12 2.16689057852e-206
426.13 8.80310891013e-207
426.14 3.57321279933e-207
426.15 1.44912350078e-207
426.16 5.87185916591e-208
426.17 2.37722108852e-208
426.18 9.61584004365e-209
426.19 3.88623088563e-209
426.2 1.56925557459e-209
426.21 6.33114811385e-210
426.22 2.55208408865e-210
426.23 1.02785345133e-210
426.24 4.13610094596e-211
426.25 1.6629330825e-211
426.26 6.68008716556e-212
426.27 2.68110114478e-212
426.28 1.07514732632e-212
426.29 4.30771014397e-213
426.3 1.72444234638e-213
426.31 6.89722824105e-214
426.32 2.75628568117e-214
426.33 1.10051907039e-214
426.34 4.39030435876e-215
426.35 1.74990872905e-215
426.36 6.96883013518e-216
426.37 2.77286082739e-216
426.38 1.10235119866e-216
426.39 4.37860327336e-217
426.4 1.73770051018e-217
426.41 6.89029747876e-218
426.42 2.72976165289e-218
426.43 1.08052593991e-218
426.44 4.27335899662e-219
426.45 1.68860189511e-219
426.46 6.6666687798e-220
426.47 2.62974838681e-220
426.48 1.03643776385e-220
426.49 4.08127606663e-221
426.5 1.60572965721e-221
426.51 6.31208149631e-222
426.52 2.47911389085e-222
426.53 9.72845944004e-223
426.54 3.81430466329e-223
426.55 1.49420573059e-223
426.56 5.84829308502e-224
426.57 2.2870284799e-224
426.58 8.93588825376e-225
426.59 3.48841060397e-225
426.6 1.36063356216e-225
426.61 5.30247308999e-226
426.62 2.06461690735e-226
426.63 8.03200922039e-227
426.64 3.12199806613e-227
426.65 1.21245261231e-227
426.66 4.70457752971e-228
426.67 1.82389653728e-228
426.68 7.06485869977e-229
426.69 2.73420122838e-229
426.7 1.05725848796e-229
426.71 4.0846570553e-230
426.72 1.57671692956e-230
426.73 6.08100799878e-231
426.74 2.34326351792e-231
426.75 9.02174193421e-232
426.76 3.47043073912e-232
426.77 1.3338287536e-232
426.78 5.12201070472e-233
426.79 1.96519024974e-233
426.8 7.53342436192e-234
426.81 2.88538637118e-234
426.82 1.10417836283e-234
426.83 4.22180530746e-235
426.84 1.61280136748e-235
426.85 6.15583934321e-236
426.86 2.34756368908e-236
426.87 8.94481169789e-237
426.88 3.4052479011e-237
426.89 1.29523919458e-237
426.9 4.92237769798e-238
426.91 1.86906155027e-238
426.92 7.09081222734e-239
426.93 2.68776985617e-239
426.94 1.01791587022e-239
426.95 3.85172617127e-240
426.96 1.45620539603e-240
426.97 5.50064452685e-241
426.98 2.076004242e-241
426.99 7.8282845899e-242
427.0 2.94936612057e-242
427.01 1.11023389299e-242
427.02 4.17564902455e-243
427.03 1.56912378981e-243
427.04 5.89134069277e-244
427.05 2.21001276686e-244
427.06 8.28321891037e-245
427.07 3.10189582476e-245
427.08 1.16059044249e-245
427.09 4.33864867146e-246
427.1 1.62051737003e-246
427.11 6.04751020131e-247
427.12 2.25487899618e-247
427.13 8.4002765777e-248
427.14 3.12671028348e-248
427.15 1.16280103894e-248
427.16 4.32062816909e-249
427.17 1.60402852385e-249
427.18 5.94978117932e-250
427.19 2.2050254822e-250
427.2 8.16488259691e-251
427.21 3.02071664418e-251
427.22 1.1165900287e-251
427.23 4.12383437451e-252
427.24 1.52171175707e-252
427.25 5.61031557073e-253
427.26 2.06664507279e-253
427.27 7.60620832703e-254
427.28 2.79701147345e-254
427.29 1.02764707887e-254
427.3 3.77239750367e-255
427.31 1.38361294952e-255
427.32 5.07032151984e-256
427.33 1.85643648006e-256
427.34 6.79122940033e-257
427.35 2.48222085399e-257
427.36 9.06475669306e-258
427.37 3.30746758041e-258
427.38 1.20575411487e-258
427.39 4.39183102119e-259
427.4 1.59829228734e-259
427.41 5.81153018708e-260
427.42 2.11129298542e-260
427.43 7.66355403796e-261
427.44 2.77930146201e-261
427.45 1.00708192224e-261
427.46 3.64600833359e-262
427.47 1.31884642454e-262
427.48 4.76644414429e-263
427.49 1.72114913297e-263
427.5 6.20963694423e-264
427.51 2.23839964653e-264
427.52 8.06181374744e-265
427.53 2.90102589061e-265
427.54 1.04302366358e-265
427.55 3.74679930447e-266
427.56 1.3447774339e-266
427.57 4.82240973289e-267
427.58 1.72783200401e-267
427.59 6.18532655785e-268
427.6 2.2123175537e-268
427.61 7.90598543026e-269
427.62 2.82285302395e-269
427.63 1.00703423713e-269
427.64 3.58941702047e-270
427.65 1.27828388009e-270
427.66 4.54835568124e-271
427.67 1.61698219785e-271
427.68 5.74354159363e-272
427.69 2.0383465138e-272
427.7 7.22769756756e-273
427.71 2.56062299529e-273
427.72 9.06389828497e-274
427.73 3.20559105593e-274
427.74 1.1327261446e-274
427.75 3.99912928257e-275
427.76 1.41068379037e-275
427.77 4.97184545468e-276
427.78 1.75077073076e-276
427.79 6.15977213692e-277
427.8 2.16532818522e-277
427.81 7.60512792139e-278
427.82 2.66878157388e-278
427.83 9.35714264137e-279
427.84 3.27791118338e-279
427.85 1.14729427506e-279
427.86 4.01214096611e-280
427.87 1.40184905441e-280
427.88 4.89384302788e-281
427.89 1.70695679823e-281
427.9 5.94865437612e-282
427.91 2.07127925824e-282
427.92 7.20580139873e-283
427.93 2.50466491793e-283
427.94 8.69842633442e-284
427.95 3.01825173823e-284
427.96 1.04639086955e-284
427.97 3.62456703328e-285
427.98 1.25441732398e-285
427.99 4.33762159849e-286
428.0 1.4985974692e-286
428.01 5.17299477128e-287
428.02 1.78411480267e-287
428.03 6.14790667288e-288
428.04 2.11668117943e-288
428.05 7.28127347513e-289
428.06 2.50255107607e-289
428.07 8.59374117743e-290
428.08 2.94852830878e-290
428.09 1.01076930878e-290
428.1 3.46196365027e-291
428.11 1.18472260004e-291
428.12 4.05074174286e-292
428.13 1.38380899753e-292
428.14 4.72325569875e-293
428.15 1.61075866729e-293
428.16 5.48836781777e-294
428.17 1.86844214073e-294
428.18 6.35535494738e-295
428.19 2.15985044711e-295
428.2 7.33383716308e-296
428.21 2.48806978709e-296
428.22 8.43368866648e-297
428.23 2.85625044129e-297
428.24 9.66493008496e-298
428.25 3.26756970941e-298
428.26 1.10376017134e-298
428.27 3.72518879907e-299
428.28 1.25616176633e-299
428.29 4.23220372831e-300
428.3 1.42466013731e-300
428.31 4.79159046988e-301
428.32 1.61017034828e-301
428.33 5.40614474644e-302
428.34 1.81354036676e-302
428.35 6.0784170802e-303
428.36 2.03552986589e-303
428.37 6.81064390336e-304
428.38 2.27678793286e-304
428.39 7.60467574177e-305
428.4 2.53783003592e-305
428.41 8.46190368673e-306
428.42 2.81901466539e-306
428.43 9.38318556234e-307
428.44 3.12052012195e-307
428.45 1.03687733698e-307
428.46 3.44232197703e-308
428.47 1.14182437387e-308
428.48 3.78417177189e-309
428.49 1.25304332292e-309
428.5 4.14557755211e-310
428.51 1.37033804042e-310
428.52 4.52578685007e-311
428.53 1.49342766143e-311
428.54 4.92377272789e-312
428.55 1.62194274111e-312
428.56 5.33822347521e-313
428.57 1.75542264191e-313
428.58 5.7675365196e-314
428.59 1.89331433439e-314
428.6 6.20981705224e-315
428.61 2.03497275979e-315
428.62 6.66288180079e-316
428.63 2.17966288809e-316
428.64 7.12426801796e-317
428.65 2.32656352538e-317
428.66 7.59124947916e-318
428.67 2.47477482002e-318
428.68 8.06087863816e-319
428.69 2.62334035972e-319
428.7 8.53004337545e-320
428.71 2.77121420752e-320
428.72 8.99693541077e-321
428.73 2.91498731046e-321
428.74 9.43665383557e-322
428.75 3.06320700422e-322
428.76 9.88131291682e-323
428.77 2.96439387505e-323
428.78 9.88131291682e-324
428.79 4.94065645841e-324
428.8 0.0
428.81 0.0
428.82 0.0
428.83 0.0
428.84 0.0
428.85 0.0
428.86 0.0
428.87 0.0
428.88 0.0
428.89 0.0
428.9 0.0
428.91 0.0
428.92 0.0
428.93 0.0
428.94 0.0
428.95 0.0
428.96 0.0
428.97 0.0
428.98 0.0
428.99 0.0
429.0 0.0
429.01 0.0
429.02 0.0
429.03 0.0
429.04 0.0
429.05 0.0
429.06 0.0
429.07 0.0
429.08 0.0
429.09 0.0
429.1 0.0
429.11 0.0
429.12 0.0
429.13 0.0
429.14 0.0
429.15 0.0
429.16 0.0
429.17 0.0
429.18 0.0
429.19 0.0
429.2 0.0
429.21 0.0
429.22 0.0
429.23 0.0
429.24 0.0
429.25 0.0
429.26 0.0
429.27 0.0
429.28 0.0
429.29 0.0
429.3 0.0
429.31 0.0
429.32 0.0
429.33 0.0
429.34 0.0
429.35 0.0
429.36 0.0
429.37 0.0
429.38 0.0
429.39 0.0
429.4 0.0
429.41 0.0
429.42 0.0
429.43 0.0
429.44 0.0
429.45 0.0
429.46 0.0
429.47 0.0
429.48 0.0
429.49 0.0
429.5 0.0
429.51 0.0
429.52 0.0
429.53 0.0
429.54 0.0
429.55 0.0
429.56 0.0
429.57 0.0
429.58 0.0
429.59 0.0
429.6 0.0
429.61 0.0
429.62 0.0
429.63 0.0
429.64 0.0
429.65 0.0
429.66 0.0
429.67 0.0
429.68 0.0
429.69 0.0
429.7 0.0
429.71 0.0
429.72 0.0
429.73 0.0
429.74 0.0
429.75 0.0
429.76 0.0
429.77 0.0
429.78 0.0
429.79 0.0
429.8 0.0
429.81 0.0
429.82 0.0
429.83 0.0
429.84 0.0
429.85 0.0
429.86 0.0
429.87 0.0
429.88 0.0
429.89 0.0
429.9 0.0
429.91 0.0
429.92 0.0
429.93 0.0
429.94 0.0
429.95 0.0
429.96 0.0
429.97 0.0
429.98 0.0
429.99 0.0
