400.0 1.00093576253e-23
400.01 1.33364808548e-23
400.02 1.77541546167e-23
400.03 2.36147015998e-23
400.04 3.13825795959e-23
400.05 4.166952294e-23
400.06 5.5280521361e-23
400.07 7.3273923156e-23
400.08 9.70399293378e-23
400.09 1.2840301193e-22
400.1 1.69755425277e-22
400.11 2.2423108965e-22
400.12 2.95931846732e-22
400.13 3.90221589628e-22
400.14 5.14108276709e-22
400.15 6.76739630861e-22
400.16 8.90045762999e-22
400.17 1.16957149909e-21
400.18 1.53555341618e-21
400.19 2.01431224585e-21
400.2 2.64005132466e-21
400.21 3.45717735349e-21
400.22 4.52329238558e-21
400.23 5.91304761165e-21
400.24 7.72310257397e-21
400.25 1.00785009815e-20
400.26 1.31408601819e-20
400.27 1.7118880447e-20
400.28 2.22818186891e-20
400.29 2.89767467724e-20
400.3 3.7650636934e-20
400.31 4.88785981873e-20
400.32 6.33999432464e-20
400.33 8.21642146827e-20
400.34 1.06389865712e-19
400.35 1.3763900527e-19
400.36 1.77912516375e-19
400.37 2.29770988116e-19
400.38 2.96488323237e-19
400.39 3.82246668134e-19
400.4 4.92383550509e-19
400.41 6.33704914588e-19
400.42 8.14881254322e-19
400.43 1.04694843472e-18
400.44 1.3439402751e-18
400.45 1.72368681126e-18
400.46 2.20882068534e-18
400.47 2.82804473753e-18
400.48 3.61772709477e-18
400.49 4.62390648421e-18
400.5 5.90481090385e-18
400.51 7.53401809481e-18
400.52 9.60441762583e-18
400.53 1.22331732317e-17
400.54 1.55679320699e-17
400.55 1.9794586892e-17
400.56 2.51469703506e-17
400.57 3.19189509536e-17
400.58 4.04795113814e-17
400.59 5.12915267221e-17
400.6 6.49351283781e-17
400.61 8.21367459438e-17
400.62 1.03805172716e-16
400.63 1.31076310986e-16
400.64 1.65368633356e-16
400.65 2.08451861138e-16
400.66 2.62531928773e-16
400.67 3.30355996207e-16
400.68 4.15342116089e-16
400.69 5.21739191622e-16
400.7 6.54824112814e-16
400.71 8.21144480383e-16
400.72 1.02881717381e-15
400.73 1.28789526051e-15
400.74 1.61081845729e-15
400.75 2.01296564092e-15
400.76 2.51333187589e-15
400.77 3.13535722524e-15
400.78 3.90794039742e-15
400.79 4.86667725757e-15
400.8 6.05537262949e-15
400.81 7.52788391379e-15
400.82 9.35036718141e-15
400.83 1.16040109626e-14
400.84 1.4388360408e-14
400.85 1.78253554019e-14
400.86 2.20642312151e-14
400.87 2.72874601665e-14
400.88 3.37179484301e-14
400.89 4.16277446561e-14
400.9 5.13485677311e-14
400.91 6.32845212741e-14
400.92 7.79274340952e-14
400.93 9.58753508863e-14
400.94 1.17854798256e-13
400.95 1.44747570689e-13
400.96 1.77622922355e-13
400.97 2.17776217779e-13
400.98 2.66775291634e-13
400.99 3.2651600055e-13
401.0 3.9928872387e-13
401.01 4.87857892758e-13
401.02 5.95557006053e-13
401.03 7.26402036232e-13
401.04 8.85226650692e-13
401.05 1.07784328472e-12
401.06 1.3112348178e-12
401.07 1.59378244051e-12
401.08 1.93553627517e-12
401.09 2.34853645074e-12
401.1 2.84719365754e-12
401.11 3.44873974843e-12
401.12 4.17376074386e-12
401.13 5.04682667644e-12
401.14 6.09723511958e-12
401.15 7.35988803389e-12
401.16 8.87632479022e-12
401.17 1.06959379538e-11
401.18 1.28774027111e-11
401.19 1.54903557728e-11
401.2 1.86173652858e-11
401.21 2.23562398347e-11
401.22 2.68227321354e-11
401.23 3.21537016426e-11
401.24 3.85108101655e-11
401.25 4.60848358775e-11
401.26 5.51007040031e-11
401.27 6.58233471753e-11
401.28 7.85645252223e-11
401.29 9.36907532123e-11
401.3 1.11632508262e-10
401.31 1.32894910209e-10
401.32 1.58070099127e-10
401.33 1.87851564217e-10
401.34 2.23050714277e-10
401.35 2.64616020213e-10
401.36 3.13655105428e-10
401.37 3.71460211045e-10
401.38 4.39537520327e-10
401.39 5.1964089114e-10
401.4 6.13810617581e-10
401.41 7.24417922795e-10
401.42 8.54215975416e-10
401.43 1.006398323e-09
401.44 1.18466574827e-09
401.45 1.3933026792e-09
401.46 1.6372644229e-09
401.47 1.92227664765e-09
401.48 2.25494870817e-09
401.49 2.64290259819e-09
401.5 3.09491952302e-09
401.51 3.62110631459e-09
401.52 4.2330841646e-09
401.53 4.94420242917e-09
401.54 5.7697805633e-09
401.55 6.72738157701e-09
401.56 7.8371207696e-09
401.57 9.12201389612e-09
401.58 1.06083693531e-08
401.59 1.2326229441e-08
401.6 1.43098662705e-08
401.61 1.65983384331e-08
401.62 1.92361151506e-08
401.63 2.2273775263e-08
401.64 2.57687891036e-08
401.65 2.97863920519e-08
401.66 3.44005593492e-08
401.67 3.96950926079e-08
401.68 4.57648293476e-08
401.69 5.27169878529e-08
401.7 6.06726606582e-08
401.71 6.97684710416e-08
401.72 8.01584080373e-08
401.73 9.20158566631e-08
401.74 1.05535841298e-07
401.75 1.20937501438e-07
401.76 1.38466820409e-07
401.77 1.58399628983e-07
401.78 1.81044907301e-07
401.79 2.06748409948e-07
401.8 2.35896640534e-07
401.81 2.68921203622e-07
401.82 3.06303563405e-07
401.83 3.48580240009e-07
401.84 3.96348475846e-07
401.85 4.50272405872e-07
401.86 5.11089767086e-07
401.87 5.7961918393e-07
401.88 6.56768067553e-07
401.89 7.43541168089e-07
401.9 8.4104982011e-07
401.91 9.50521922362e-07
401.92 1.07331269354e-06
401.93 1.21091624638e-06
401.94 1.36497802265e-06
401.95 1.5373081314e-06
401.96 1.72989563274e-06
401.97 1.94492380848e-06
401.98 2.18478646e-06
401.99 2.45210527216e-06
402.0 2.74974827987e-06
402.01 3.08084947177e-06
402.02 3.44882956201e-06
402.03 3.85741795753e-06
402.04 4.31067594406e-06
402.05 4.81302110866e-06
402.06 5.36925301117e-06
402.07 5.98458011013e-06
402.08 6.66464794158e-06
402.09 7.41556854066e-06
402.1 8.24395108705e-06
402.11 9.15693374529e-06
402.12 1.01622166599e-05
402.13 1.12680960534e-05
402.14 1.2483499363e-05
402.15 1.38180213375e-05
402.16 1.52819609999e-05
402.17 1.68863593704e-05
402.18 1.86430378203e-05
402.19 2.05646369181e-05
402.2 2.26646556045e-05
402.21 2.49574905183e-05
402.22 2.74584752729e-05
402.23 3.01839194653e-05
402.24 3.31511471771e-05
402.25 3.6378534707e-05
402.26 3.9885547253e-05
402.27 4.36927742412e-05
402.28 4.78219629782e-05
402.29 5.22960502804e-05
402.3 5.7139191718e-05
402.31 6.23767880863e-05
402.32 6.80355087045e-05
402.33 7.41433111186e-05
402.34 8.07294567746e-05
402.35 8.78245222095e-05
402.36 9.54604052992e-05
402.37 0.000103670326089
402.38 0.000112488821725
402.39 0.000121951735009
402.4 0.000132096196074
402.41 0.000142960596719
402.42 0.000154584556896
402.43 0.000167008882906
402.44 0.000180275516829
402.45 0.00019442747675
402.46 0.000209508787382
402.47 0.000225564400672
402.48 0.000242640106053
402.49 0.000260782430017
402.5 0.000280038524721
402.51 0.00030045604542
402.52 0.000322083016529
402.53 0.000344967686207
402.54 0.000369158369408
402.55 0.000394703279412
402.56 0.000421650347929
402.57 0.000450047033923
402.58 0.000479940121434
402.59 0.000511375506701
402.6 0.000544397975031
402.61 0.000579050967915
402.62 0.000615376341018
402.63 0.000653414113723
402.64 0.000693202211071
402.65 0.000734776198971
402.66 0.00077816901369
402.67 0.000823410686734
402.68 0.000870528066302
402.69 0.000919544536597
402.7 0.000970479736388
402.71 0.00102334927826
402.72 0.00107816447011
402.73 0.00113493204047
402.74 0.0011936538694
402.75 0.00125432672656
402.76 0.00131694201837
402.77 0.00138148554599
402.78 0.00144793727599
402.79 0.00151627112555
402.8 0.00158645476406
402.81 0.00165844943292
402.82 0.00173220978545
402.83 0.00180768374858
402.84 0.00188481240815
402.85 0.00196352991932
402.86 0.00204376344389
402.87 0.00212543311579
402.88 0.00220845203622
402.89 0.00229272629968
402.9 0.00237815505187
402.91 0.00246463058058
402.92 0.00255203844017
402.93 0.00264025761037
402.94 0.00272916068968
402.95 0.00281861412373
402.96 0.00290847846847
402.97 0.00299860868798
402.98 0.00308885448657
402.99 0.00317906067439
403.0 0.00326906756576
403.01 0.003358711409
403.02 0.00344782484651
403.03 0.00353623740348
403.04 0.00362377600344
403.05 0.00371026550873
403.06 0.00379552928353
403.07 0.00387938977718
403.08 0.00396166912522
403.09 0.00404218976528
403.1 0.004120775065
403.11 0.00419724995893
403.12 0.0042714415913
403.13 0.00434317996124
403.14 0.00441229856733
403.15 0.00447863504796
403.16 0.00454203181406
403.17 0.0046023366709
403.18 0.00465940342538
403.19 0.00471309247559
403.2 0.00476327137917
403.21 0.00480981539741
403.22 0.0048526080118
403.23 0.00489154141016
403.24 0.00492651693952
403.25 0.00495744552306
403.26 0.00498424803859
403.27 0.00500685565654
403.28 0.00502521013521
403.29 0.0050392640717
403.3 0.00504898110691
403.31 0.00505433608351
403.32 0.00505531515583
403.33 0.00505191585107
403.34 0.00504414708151
403.35 0.00503202910762
403.36 0.0050155934524
403.37 0.00499488276737
403.38 0.00496995065118
403.39 0.00494086142197
403.4 0.00490768984476
403.41 0.00487052081575
403.42 0.0048294490053
403.43 0.00478457846187
403.44 0.00473602217934
403.45 0.00468390163025
403.46 0.0046283462679
403.47 0.00456949300013
403.48 0.00450748563809
403.49 0.00444247432308
403.5 0.00437461493503
403.51 0.0043040684858
403.52 0.00423100050107
403.53 0.00415558039414
403.54 0.0040779808353
403.55 0.00399837712026
403.56 0.00391694654109
403.57 0.00383386776325
403.58 0.00374932021181
403.59 0.00366348347042
403.6 0.0035765366959
403.61 0.00348865805165
403.62 0.0034000241626
403.63 0.00331080959448
403.64 0.0032211863599
403.65 0.00313132345356
403.66 0.00304138641869
403.67 0.00295153694677
403.68 0.00286193251203
403.69 0.00277272604253
403.7 0.00268406562885
403.71 0.00259609427158
403.72 0.00250894966856
403.73 0.00242276404229
403.74 0.00233766400827
403.75 0.00225377048421
403.76 0.00217119864036
403.77 0.00209005789082
403.78 0.00201045192539
403.79 0.00193247878158
403.8 0.00185623095619
403.81 0.00178179555552
403.82 0.00170925448346
403.83 0.00163868466629
403.84 0.00157015831311
403.85 0.00150374321056
403.86 0.00143950305057
403.87 0.00137749778962
403.88 0.00131778403808
403.89 0.00126041547792
403.9 0.00120544330737
403.91 0.00115291671064
403.92 0.00110288335117
403.93 0.0010553898865
403.94 0.00101048250313
403.95 0.000968207469444
403.96 0.000928611704954
403.97 0.000891743363957
403.98 0.000857652431775
403.99 0.000826391331661
404.0 0.000798015540462
404.01 0.000772584211093
404.02 0.00075016079986
404.03 0.000730813696615
404.04 0.000714616855711
404.05 0.00070165042566
404.06 0.000692001375384
404.07 0.000685764114837
404.08 0.000683041107788
404.09 0.000683943474418
404.1 0.000688591581367
404.11 0.000697115616761
404.12 0.000709656147671
404.13 0.000726364657377
404.14 0.000747404059712
404.15 0.000772949187677
404.16 0.000803187253419
404.17 0.00083831827657
404.18 0.000878555477858
404.19 0.000924125634816
404.2 0.000975269396316
404.21 0.0010322415526
404.22 0.0010953112574
404.23 0.00116476219869
404.24 0.00124089271451
404.25 0.00132401585046
404.26 0.00141445935514
404.27 0.0015125656101
404.28 0.00161869149085
404.29 0.00173320815527
404.3 0.00185650075621
404.31 0.00198896807498
404.32 0.00213102207247
404.33 0.00228308735504
404.34 0.00244560055233
404.35 0.00261900960442
404.36 0.00280377295607
404.37 0.00300035865601
404.38 0.00320924335961
404.39 0.00343091123361
404.4 0.00366585276204
404.41 0.00391456345278
404.42 0.00417754244481
404.43 0.00445529101662
404.44 0.00474831099681
404.45 0.00505710307841
404.46 0.00538216503916
404.47 0.00572398987044
404.48 0.00608306381826
404.49 0.00645986434043
404.5 0.00685485798444
404.51 0.00726849819161
404.52 0.00770122303333
404.53 0.0081534528863
404.54 0.00862558805393
404.55 0.00911800634207
404.56 0.00963106059769
404.57 0.0101650762197
404.58 0.0107203486519
404.59 0.0112971408685
404.6 0.0118956808629
404.61 0.0125161591516
404.62 0.0131587263048
404.63 0.013823490516
404.64 0.0145105152231
404.65 0.0152198167942
404.66 0.0159513622908
404.67 0.0167050673211
404.68 0.0174807939983
404.69 0.018278349015
404.7 0.0190974818478
404.71 0.0199378831053
404.72 0.0207991830317
404.73 0.0216809501783
404.74 0.0225826902545
404.75 0.0235038451705
404.76 0.0244437922813
404.77 0.0254018438433
404.78 0.0263772466911
404.79 0.0273691821452
404.8 0.0283767661557
404.81 0.0293990496907
404.82 0.0304350193737
404.83 0.0314835983747
404.84 0.0325436475583
404.85 0.0336139668914
404.86 0.0346932971105
404.87 0.0357803216493
404.88 0.0368736688232
404.89 0.0379719142706
404.9 0.0390735836432
404.91 0.0401771555426
404.92 0.0412810646949
404.93 0.0423837053559
404.94 0.0434834349357
404.95 0.0445785778353
404.96 0.0456674294797
404.97 0.0467482605371
404.98 0.0478193213091
404.99 0.0488788462769
405.0 0.0499250587871
405.01 0.0509561758613
405.02 0.05197041311
405.03 0.0529659897344
405.04 0.0539411335948
405.05 0.0548940863276
405.06 0.0558231084907
405.07 0.0567264847159
405.08 0.0576025288483
405.09 0.0584495890527
405.1 0.0592660528644
405.11 0.0600503521656
405.12 0.0608009680654
405.13 0.0615164356649
405.14 0.0621953486847
405.15 0.0628363639393
405.16 0.0634382056362
405.17 0.0639996694837
405.18 0.0645196265893
405.19 0.0649970271327
405.2 0.0654309037975
405.21 0.0658203749475
405.22 0.0661646475343
405.23 0.0664630197235
405.24 0.0667148832292
405.25 0.0669197253466
405.26 0.0670771306745
405.27 0.0671867825212
405.28 0.0672484639865
405.29 0.0672620587181
405.3 0.0672275513374
405.31 0.0671450275346
405.32 0.0670146738327
405.33 0.0668367770224
405.34 0.0666117232701
405.35 0.0663399969052
405.36 0.0660221788894
405.37 0.0656589449793
405.38 0.0652510635868
405.39 0.0647993933498
405.4 0.064304880423
405.41 0.0637685555017
405.42 0.0631915305909
405.43 0.062574995535
405.44 0.061920214323
405.45 0.061228521185
405.46 0.0605013164977
405.47 0.0597400625164
405.48 0.0589462789506
405.49 0.0581215384044
405.5 0.0572674616986
405.51 0.056385713095
405.52 0.0554779954436
405.53 0.0545460452708
405.54 0.05359162783
405.55 0.0526165321338
405.56 0.0516225659874
405.57 0.0506115510437
405.58 0.0495853178969
405.59 0.0485457012354
405.6 0.0474945350709
405.61 0.0464336480609
405.62 0.0453648589411
405.63 0.0442899720846
405.64 0.0432107732009
405.65 0.0421290251902
405.66 0.0410464641644
405.67 0.039964795648
405.68 0.0388856909685
405.69 0.037810783846
405.7 0.03674166719
405.71 0.0356798901117
405.72 0.0346269551552
405.73 0.0335843157541
405.74 0.0325533739165
405.75 0.0315354781387
405.76 0.0305319215511
405.77 0.0295439402931
405.78 0.0285727121174
405.79 0.0276193552198
405.8 0.0266849272915
405.81 0.0257704247875
405.82 0.0248767824078
405.83 0.0240048727818
405.84 0.0231555063504
405.85 0.0223294314365
405.86 0.0215273344952
405.87 0.0207498405337
405.88 0.0199975136916
405.89 0.0192708579699
405.9 0.0185703180994
405.91 0.0178962805355
405.92 0.0172490745705
405.93 0.0166289735495
405.94 0.0160361961812
405.95 0.0154709079304
405.96 0.0149332224834
405.97 0.0144232032731
405.98 0.0139408650559
405.99 0.0134861755292
406.0 0.0130590569805
406.01 0.0126593879595
406.02 0.0122870049641
406.03 0.0119417041336
406.04 0.0116232429423
406.05 0.0113313418857
406.06 0.0110656861554
406.07 0.0108259272971
406.08 0.0106116848477
406.09 0.0104225479481
406.1 0.0102580769285
406.11 0.0101178048654
406.12 0.0100012391082
406.13 0.00990786277363
406.14 0.00983713621057
406.15 0.00978849843299
406.16 0.00976136852354
406.17 0.0097551470086
406.18 0.00976921720666
406.19 0.00980294655221
406.2 0.00985568789736
406.21 0.0099267807939
406.22 0.0100155527584
406.23 0.0101213205231
406.24 0.0102433912755
406.25 0.0103810638896
406.26 0.01053363015
406.27 0.010700375974
406.28 0.0108805826303
406.29 0.0110735279598
406.3 0.0112784875971
406.31 0.0114947361955
406.32 0.011721548656
406.33 0.01195820136
406.34 0.012203973406
406.35 0.0124581478497
406.36 0.0127200129461
406.37 0.0129888633916
406.38 0.0132640015652
406.39 0.0135447387638
406.4 0.0138303964314
406.41 0.0141203073762
406.42 0.0144138169726
406.43 0.0147102843439
406.44 0.0150090835204
406.45 0.0153096045683
406.46 0.015611254684
406.47 0.0159134592485
406.48 0.0162156628361
406.49 0.0165173301719
406.5 0.0168179470326
406.51 0.0171170210853
406.52 0.0174140826577
406.53 0.0177086854365
406.54 0.018000407087
406.55 0.0182888497907
406.56 0.0185736406965
406.57 0.0188544322806
406.58 0.0191309026133
406.59 0.0194027555296
406.6 0.0196697207
406.61 0.0199315536025
406.62 0.0201880353928
406.63 0.0204389726733
406.64 0.0206841971616
406.65 0.020923565259
406.66 0.021156957522
406.67 0.0213842780379
406.68 0.0216054537093
406.69 0.0218204334498
406.7 0.0220291872976
406.71 0.0222317054494
406.72 0.0224279972233
406.73 0.0226180899545
406.74 0.0228020278318
406.75 0.0229798706822
406.76 0.0231516927094
406.77 0.0233175811969
406.78 0.0234776351801
406.79 0.0236319640986
406.8 0.0237806864354
406.81 0.0239239283511
406.82 0.0240618223222
406.83 0.0241945057905
406.84 0.0243221198325
406.85 0.0244448078553
406.86 0.0245627143269
406.87 0.0246759835487
406.88 0.0247847584739
406.89 0.0248891795814
406.9 0.0249893838081
406.91 0.0250855035449
406.92 0.0251776657029
406.93 0.0252659908498
406.94 0.0253505924238
406.95 0.025431576024
406.96 0.0255090387815
406.97 0.0255830688118
406.98 0.0256537447482
406.99 0.0257211353583
407.0 0.0257852992408
407.01 0.0258462846032
407.02 0.0259041291175
407.03 0.0259588598533
407.04 0.0260104932843
407.05 0.0260590353654
407.06 0.0261044816784
407.07 0.026146817641
407.08 0.0261860187757
407.09 0.0262220510353
407.1 0.026254871179
407.11 0.0262844271961
407.12 0.0263106587724
407.13 0.0263334977937
407.14 0.0263528688837
407.15 0.0263686899698
407.16 0.0263808728736
407.17 0.0263893239219
407.18 0.0263939445722
407.19 0.0263946320521
407.2 0.0263912800045
407.21 0.0263837791389
407.22 0.026372017883
407.23 0.0263558830321
407.24 0.0263352603945
407.25 0.0263100354282
407.26 0.0262800938681
407.27 0.0262453223415
407.28 0.026205608969
407.29 0.0261608439502
407.3 0.0261109201318
407.31 0.0260557335575
407.32 0.0259951839987
407.33 0.0259291754643
407.34 0.0258576166894
407.35 0.025780421602
407.36 0.0256975097681
407.37 0.0256088068122
407.38 0.0255142448168
407.39 0.0254137626959
407.4 0.0253073065467
407.41 0.0251948299757
407.42 0.0250762944011
407.43 0.0249516693304
407.44 0.0248209326131
407.45 0.0246840706683
407.46 0.024541078687
407.47 0.024391960809
407.48 0.0242367302729
407.49 0.0240754095417
407.5 0.0239080304002
407.51 0.0237346340271
407.52 0.0235552710391
407.53 0.0233700015088
407.54 0.0231788949548
407.55 0.0229820303042
407.56 0.022779495828
407.57 0.0225713890488
407.58 0.0223578166209
407.59 0.0221388941838
407.6 0.0219147461878
407.61 0.0216855056937
407.62 0.0214513141462
407.63 0.0212123211221
407.64 0.0209686840537
407.65 0.0207205679285
407.66 0.0204681449665
407.67 0.0202115942757
407.68 0.0199511014881
407.69 0.0196868583763
407.7 0.0194190624539
407.71 0.01914791656
407.72 0.0188736284302
407.73 0.0185964102569
407.74 0.0183164782387
407.75 0.0180340521231
407.76 0.0177493547438
407.77 0.0174626115547
407.78 0.0171740501619
407.79 0.0168838998584
407.8 0.0165923911602
407.81 0.0162997553489
407.82 0.0160062240209
407.83 0.0157120286462
407.84 0.0154174001373
407.85 0.0151225684324
407.86 0.0148277620912
407.87 0.0145332079079
407.88 0.0142391305403
407.89 0.0139457521576
407.9 0.0136532921073
407.91 0.0133619666019
407.92 0.013071988426
407.93 0.0127835666644
407.94 0.0124969064518
407.95 0.0122122087423
407.96 0.0119296701015
407.97 0.0116494825179
407.98 0.0113718332351
407.99 0.011096904603
408.0 0.0108248739479
408.01 0.01055591346
408.02 0.0102901900979
408.03 0.0100278655074
408.04 0.00976909595585
408.05 0.00951403227775
408.06 0.00926281983272
408.07 0.0090155984727
408.08 0.00877250251773
408.09 0.00853366073859
408.1 0.00829919634482
408.11 0.00806922697666
408.12 0.00784386469968
408.13 0.00762321600056
408.14 0.00740738178291
408.15 0.00719645736192
408.16 0.00699053245678
408.17 0.00678969117992
408.18 0.00659401202234
408.19 0.00640356783414
408.2 0.00621842579996
408.21 0.00603864740871
408.22 0.00586428841743
408.23 0.00569539880918
408.24 0.005532022745
408.25 0.00537419851004
408.26 0.00522195845435
408.27 0.00507532892867
408.28 0.00493433021599
408.29 0.00479897645941
408.3 0.00466927558743
408.31 0.00454522923746
408.32 0.00442683267877
408.33 0.00431407473593
408.34 0.00420693771421
408.35 0.00410539732806
408.36 0.00400942263427
408.37 0.00391897597108
408.38 0.00383401290488
408.39 0.00375448218584
408.4 0.00368032571414
408.41 0.00361147851808
408.42 0.0035478687458
408.43 0.00348941767174
408.44 0.00343603971952
408.45 0.00338764250228
408.46 0.00334412688197
408.47 0.00330538704852
408.48 0.0032713106201
408.49 0.00324177876534
408.5 0.0032166663483
408.51 0.00319584209695
408.52 0.00317916879565
408.53 0.00316650350205
408.54 0.00315769778863
408.55 0.00315259800895
408.56 0.00315104558864
408.57 0.00315287734065
408.58 0.00315792580459
408.59 0.00316601960932
408.6 0.00317698385825
408.61 0.00319064053615
408.62 0.00320680893654
408.63 0.0032253061083
408.64 0.00324594731999
408.65 0.0032685465404
408.66 0.00329291693339
408.67 0.00331887136527
408.68 0.00334622292253
408.69 0.00337478543788
408.7 0.00340437402224
408.71 0.00343480560027
408.72 0.00346589944703
408.73 0.00349747772322
408.74 0.00352936600636
408.75 0.00356139381522
408.76 0.003593395125
408.77 0.00362520887035
408.78 0.00365667943373
408.79 0.00368765711642
408.8 0.00371799858953
408.81 0.00374756732251
408.82 0.00377623398675
408.83 0.0038038768318
408.84 0.00383038203211
408.85 0.003855644002
408.86 0.00387956567714
408.87 0.00390205876048
408.88 0.00392304393129
408.89 0.00394245101559
408.9 0.00396021911708
408.91 0.00397629670728
408.92 0.00399064167432
408.93 0.00400322132973
408.94 0.004014012373
408.95 0.00402300081379
408.96 0.00403018185213
408.97 0.00403555971693
408.98 0.00403914746353
408.99 0.0040409667314
409.0 0.00404104746298
409.01 0.00403942758525
409.02 0.00403615265568
409.03 0.00403127547446
409.04 0.00402485566505
409.05 0.00401695922553
409.06 0.00400765805307
409.07 0.00399702944433
409.08 0.00398515557446
409.09 0.00397212295784
409.1 0.00395802189343
409.11 0.00394294589805
409.12 0.0039269911307
409.13 0.00391025581128
409.14 0.00389283963694
409.15 0.00387484319953
409.16 0.00385636740715
409.17 0.00383751291345
409.18 0.00381837955746
409.19 0.00379906581735
409.2 0.00377966828104
409.21 0.00376028113646
409.22 0.00374099568422
409.23 0.00372189987535
409.24 0.00370307787637
409.25 0.00368460966387
409.26 0.00366657065073
409.27 0.00364903134556
409.28 0.00363205704689
409.29 0.00361570757356
409.3 0.00360003703213
409.31 0.00358509362217
409.32 0.00357091947998
409.33 0.0035575505609
409.34 0.00354501656039
409.35 0.00353334087331
409.36 0.00352254059137
409.37 0.00351262653746
409.38 0.00350360333642
409.39 0.00349546952063
409.4 0.00348821766928
409.41 0.00348183457966
409.42 0.00347630146856
409.43 0.00347159420209
409.44 0.00346768355159
409.45 0.00346453547355
409.46 0.0034621114112
409.47 0.00346036861532
409.48 0.00345926048179
409.49 0.00345873690345
409.5 0.00345874463354
409.51 0.00345922765832
409.52 0.00346012757626
409.53 0.00346138398125
409.54 0.00346293484745
409.55 0.00346471691329
409.56 0.00346666606239
409.57 0.00346871769922
409.58 0.00347080711736
409.59 0.00347286985837
409.6 0.00347484205968
409.61 0.00347666078954
409.62 0.00347826436788
409.63 0.00347959267151
409.64 0.00348058742268
409.65 0.00348119246
409.66 0.00348135399091
409.67 0.0034810208253
409.68 0.00348014458957
409.69 0.00347867992124
409.7 0.00347658464388
409.71 0.00347381992245
409.72 0.00347035039947
409.73 0.00346614431242
409.74 0.00346117359279
409.75 0.00345541394769
409.76 0.00344884492475
409.77 0.00344144996117
409.78 0.00343321641804
409.79 0.00342413560089
409.8 0.00341420276772
409.81 0.0034034171256
409.82 0.00339178181704
409.83 0.00337930389746
409.84 0.00336599430474
409.85 0.00335186782226
409.86 0.00333694303647
409.87 0.00332124228999
409.88 0.00330479163148
409.89 0.00328762076305
409.9 0.00326976298617
409.91 0.0032512551468
409.92 0.0032321375804
409.93 0.00321245405745
409.94 0.00319225172974
409.95 0.00317158107789
409.96 0.00315049586017
409.97 0.00312905306273
409.98 0.003107312851
409.99 0.00308533852229
410.0 0.00306319645896
410.01 0.00304095608188
410.02 0.00301868980354
410.03 0.00299647298006
410.04 0.00297438386134
410.05 0.00295250353844
410.06 0.00293091588728
410.07 0.00290970750743
410.08 0.00288896765518
410.09 0.00286878816938
410.1 0.0028492633892
410.11 0.00283049006244
410.12 0.00281256724319
410.13 0.00279559617776
410.14 0.00277968017766
410.15 0.00276492447852
410.16 0.00275143608396
410.17 0.00273932359345
410.18 0.00272869701319
410.19 0.00271966754937
410.2 0.00271234738311
410.21 0.00270684942655
410.22 0.00270328705972
410.23 0.00270177384806
410.24 0.00270242324037
410.25 0.00270534824751
410.26 0.00271066110197
410.27 0.00271847289895
410.28 0.00272889321954
410.29 0.00274202973685
410.3 0.00275798780623
410.31 0.00277687004078
410.32 0.00279877587367
410.33 0.00282380110873
410.34 0.00285203746137
410.35 0.0028835720916
410.36 0.00291848713149
410.37 0.00295685920916
410.38 0.00299875897202
410.39 0.00304425061162
410.4 0.00309339139289
410.41 0.00314623119056
410.42 0.00320281203569
410.43 0.00326316767509
410.44 0.00332732314677
410.45 0.00339529437431
410.46 0.00346708778319
410.47 0.00354269994201
410.48 0.00362211723159
410.49 0.00370531554467
410.5 0.00379226001918
410.51 0.00388290480747
410.52 0.0039771928842
410.53 0.00407505589517
410.54 0.00417641404916
410.55 0.00428117605491
410.56 0.00438923910483
410.57 0.00450048890692
410.58 0.00461479976625
410.59 0.00473203471681
410.6 0.00485204570451
410.61 0.00497467382151
410.62 0.00509974959219
410.63 0.0052270933102
410.64 0.00535651542617
410.65 0.00548781698507
410.66 0.00562079011201
410.67 0.00575521854481
410.68 0.00589087821152
410.69 0.00602753785056
410.7 0.00616495967107
410.71 0.00630290005049
410.72 0.00644111026644
410.73 0.00657933725932
410.74 0.0067173244223
410.75 0.00685481241453
410.76 0.00699153999396
410.77 0.00712724486517
410.78 0.00726166453822
410.79 0.00739453719393
410.8 0.00752560255106
410.81 0.00765460273095
410.82 0.00778128311495
410.83 0.00790539319014
410.84 0.00802668737883
410.85 0.00814492584744
410.86 0.00825987529044
410.87 0.00837130968532
410.88 0.00847901101445
410.89 0.00858276995027
410.9 0.00868238650021
410.91 0.00877767060811
410.92 0.00886844270926
410.93 0.00895453423635
410.94 0.00903578807407
410.95 0.00911205896043
410.96 0.00918321383315
410.97 0.00924913211996
410.98 0.00930970597197
410.99 0.00936484043963
411.0 0.00941445359118
411.01 0.00945847657396
411.02 0.00949685361929
411.03 0.00952954199183
411.04 0.00955651188498
411.05 0.00957774626396
411.06 0.00959324065869
411.07 0.00960300290875
411.08 0.00960705286317
411.09 0.00960542203781
411.1 0.00959815323355
411.11 0.00958530011846
411.12 0.00956692677754
411.13 0.00954310723355
411.14 0.00951392494264
411.15 0.00947947226854
411.16 0.00943984993909
411.17 0.00939516648893
411.18 0.00934553769211
411.19 0.00929108598836
411.2 0.00923193990649
411.21 0.00916823348866
411.22 0.00910010571867
411.23 0.00902769995755
411.24 0.00895116338946
411.25 0.00887064648059
411.26 0.00878630245377
411.27 0.00869828678095
411.28 0.00860675669578
411.29 0.00851187072789
411.3 0.00841378826061
411.31 0.0083126691133
411.32 0.00820867314917
411.33 0.00810195990957
411.34 0.00799268827495
411.35 0.00788101615285
411.36 0.00776710019275
411.37 0.00765109552765
411.38 0.00753315554174
411.39 0.00741343166345
411.4 0.00729207318307
411.41 0.00716922709385
411.42 0.00704503795526
411.43 0.0069196477772
411.44 0.0067931959236
411.45 0.00666581903392
411.46 0.00653765096093
411.47 0.00640882272314
411.48 0.00627946247014
411.49 0.00614969545927
411.5 0.00601964404189
411.51 0.00588942765765
411.52 0.00575916283522
411.53 0.00562896319786
411.54 0.00549893947268
411.55 0.00536919950187
411.56 0.00523984825509
411.57 0.00511098784165
411.58 0.00498271752156
411.59 0.0048551337147
411.6 0.00472833000731
411.61 0.00460239715517
411.62 0.00447742308316
411.63 0.00435349288078
411.64 0.00423068879352
411.65 0.00410909020988
411.66 0.00398877364437
411.67 0.0038698127164
411.68 0.00375227812543
411.69 0.00363623762289
411.7 0.00352175598113
411.71 0.00340889496004
411.72 0.00329771327198
411.73 0.00318826654561
411.74 0.00308060728932
411.75 0.00297478485507
411.76 0.00287084540322
411.77 0.00276883186936
411.78 0.00266878393357
411.79 0.00257073799316
411.8 0.00247472713935
411.81 0.00238078113873
411.82 0.00228892642005
411.83 0.00219918606697
411.84 0.00211157981728
411.85 0.00202612406904
411.86 0.0019428318941
411.87 0.00186171305929
411.88 0.00178277405555
411.89 0.00170601813517
411.9 0.00163144535728
411.91 0.0015590526416
411.92 0.00148883383047
411.93 0.00142077975886
411.94 0.00135487833251
411.95 0.00129111461355
411.96 0.00122947091365
411.97 0.00116992689405
411.98 0.0011124596722
411.99 0.00105704393453
412.0 0.0010036520547
412.01 0.000952254216931
412.02 0.000902818543727
412.03 0.000855311227443
412.04 0.000809696664991
412.05 0.000765937595101
412.06 0.000723995237466
412.07 0.000683829433099
412.08 0.000645398785289
412.09 0.000608660800486
412.1 0.000573572028506
412.11 0.000540088201453
412.12 0.000508164370775
412.13 0.000477755041899
412.14 0.000448814305931
412.15 0.000421295967934
412.16 0.000395153671329
412.17 0.000370341018011
412.18 0.000346811683817
412.19 0.00032451952901
412.2 0.000303418703496
412.21 0.000283463746532
412.22 0.000264609680731
412.23 0.000246812100199
412.24 0.000230027252691
412.25 0.000214212115723
412.26 0.000199324466586
412.27 0.000185322946283
412.28 0.000172167117417
412.29 0.00015981751611
412.3 0.000148235698054
412.31 0.000137384278827
412.32 0.000127226968635
412.33 0.000117728601677
412.34 0.000108855160314
412.35 0.0001005737943
412.36 9.28528352942e-05
412.37 8.56618069186e-05
412.38 7.89714306353e-05
412.39 7.27536277121e-05
412.4 6.69815175665e-05
412.41 6.16294127733e-05
412.42 5.66728110286e-05
412.43 5.20883843601e-05
412.44 4.78539658729e-05
412.45 4.3948534316e-05
412.46 4.03521967511e-05
412.47 3.70461695946e-05
412.48 3.40127583e-05
412.49 3.12353359361e-05
412.5 2.86983209045e-05
412.51 2.63871540323e-05
412.52 2.42882752581e-05
412.53 2.23891001217e-05
412.54 2.06779962493e-05
412.55 1.91442600147e-05
412.56 1.77780935401e-05
412.57 1.65705821866e-05
412.58 1.55136726681e-05
412.59 1.46001519065e-05
412.6 1.38236267306e-05
412.61 1.3178504506e-05
412.62 1.2659974767e-05
412.63 1.22639919043e-05
412.64 1.19872589513e-05
412.65 1.18272124895e-05
412.66 1.17820086857e-05
412.67 1.18505104528e-05
412.68 1.20322757154e-05
412.69 1.23275467432e-05
412.7 1.27372405063e-05
412.71 1.32629399869e-05
412.72 1.39068863725e-05
412.73 1.46719720429e-05
412.74 1.55617342466e-05
412.75 1.65803493573e-05
412.76 1.77326275815e-05
412.77 1.90240079848e-05
412.78 2.04605536882e-05
412.79 2.20489470806e-05
412.8 2.37964848817e-05
412.81 2.57110728816e-05
412.82 2.78012201789e-05
412.83 3.00760327267e-05
412.84 3.25452059982e-05
412.85 3.521901657e-05
412.86 3.81083124262e-05
412.87 4.12245017774e-05
412.88 4.45795401911e-05
412.89 4.818591583e-05
412.9 5.20566325935e-05
412.91 5.62051909648e-05
412.92 6.06455663667e-05
412.93 6.53921848381e-05
412.94 7.04598958483e-05
412.95 7.58639420791e-05
412.96 8.16199260121e-05
412.97 8.77437731757e-05
412.98 9.42516919159e-05
412.99 0.000101160129579
413.0 0.000108485725005
413.01 0.000116245257257
413.02 0.000124455590532
413.03 0.000133133615219
413.04 0.000142296185109
413.05 0.000151960050765
413.06 0.000162141789117
413.07 0.000172857729359
413.08 0.000184123875259
413.09 0.000195955824035
413.1 0.000208368681972
413.11 0.000221376976998
413.12 0.000234994568471
413.13 0.000249234554454
413.14 0.000264109176819
413.15 0.000279629724508
413.16 0.00029580643537
413.17 0.000312648396983
413.18 0.000330163446921
413.19 0.000348358072964
413.2 0.000367237313757
413.21 0.000386804660479
413.22 0.000407061960081
413.23 0.000428009320692
413.24 0.000449645019811
413.25 0.000471965415906
413.26 0.000494964864063
413.27 0.000518635636336
413.28 0.000542967847454
413.29 0.000567949386524
413.3 0.000593565855398
413.31 0.000619800514315
413.32 0.000646634235465
413.33 0.000674045465056
413.34 0.000702010194469
413.35 0.000730501941045
413.36 0.000759491739009
413.37 0.000788948140999
413.38 0.000818837230625
413.39 0.000849122646422
413.4 0.000879765617512
413.41 0.00091072501124
413.42 0.000941957392952
413.43 0.000973417098058
413.44 0.00100505631642
413.45 0.00103682518905
413.46 0.00106867191698
413.47 0.00110054288222
413.48 0.00113238278042
413.49 0.00116413476499
413.5 0.00119574060224
413.51 0.00122714083698
413.52 0.00125827496815
413.53 0.00128908163363
413.54 0.00131949880365
413.55 0.00134946398197
413.56 0.00137891441389
413.57 0.00140778730026
413.58 0.00143602001644
413.59 0.0014635503352
413.6 0.00149031665243
413.61 0.00151625821464
413.62 0.00154131534688
413.63 0.0015654296802
413.64 0.00158854437717
413.65 0.00161060435442
413.66 0.0016315565009
413.67 0.00165134989076
413.68 0.00166993598952
413.69 0.00168726885253
413.7 0.00170330531446
413.71 0.00171800516886
413.72 0.00173133133657
413.73 0.00174325002228
413.74 0.00175373085805
413.75 0.00176274703308
413.76 0.00177027540905
413.77 0.00177629662015
413.78 0.0017807951574
413.79 0.00178375943667
413.8 0.00178518185003
413.81 0.00178505880013
413.82 0.00178339071746
413.83 0.00178018206034
413.84 0.00177544129772
413.85 0.00176918087493
413.86 0.0017614171625
413.87 0.00175217038864
413.88 0.00174146455547
413.89 0.00172932733986
413.9 0.00171578997941
413.91 0.00170088714412
413.92 0.00168465679492
413.93 0.00166714002957
413.94 0.00164838091718
413.95 0.0016284263222
413.96 0.00160732571905
413.97 0.00158513099851
413.98 0.00156189626704
413.99 0.0015376776402
414.0 0.00151253303154
414.01 0.00148652193801
414.02 0.00145970522335
414.03 0.00143214490063
414.04 0.00140390391512
414.05 0.00137504592892
414.06 0.00134563510838
414.07 0.00131573591556
414.08 0.00128541290491
414.09 0.00125473052618
414.1 0.00122375293471
414.11 0.00119254380991
414.12 0.0011611661831
414.13 0.00112968227531
414.14 0.00109815334596
414.15 0.00106663955314
414.16 0.00103519982596
414.17 0.00100389174972
414.18 0.000972771464142
414.19 0.000941893575248
414.2 0.000911311080951
414.21 0.000881075310743
414.22 0.000851235879481
414.23 0.000821840655342
414.24 0.000792935741886
414.25 0.00076456547408
414.26 0.000736772428078
414.27 0.000709597444457
414.28 0.000683079664543
414.29 0.000657256579382
414.3 0.000632164090856
414.31 0.000607836584366
414.32 0.000584307012454
414.33 0.000561606988663
414.34 0.000539766890912
414.35 0.000518815973567
414.36 0.000498782487395
414.37 0.000479693806502
414.38 0.000461576561353
414.39 0.000444456776908
414.4 0.00042836001491
414.41 0.000413311519306
414.42 0.000399336363774
414.43 0.000386459600318
414.44 0.000374706407853
414.45 0.000364102239715
414.46 0.000354672969017
414.47 0.000346445030754
414.48 0.000339445559574
414.49 0.00033370252213
414.5 0.00032924484293
414.51 0.000326102522617
414.52 0.000324306747614
414.53 0.000323889990105
414.54 0.000324886097307
414.55 0.00032733036907
414.56 0.000331259622795
414.57 0.00033671224477
414.58 0.000343728226995
414.59 0.000352349188657
414.6 0.000362618381426
414.61 0.000374580677821
414.62 0.00038828254194
414.63 0.000403771981898
414.64 0.000421098483409
414.65 0.000440312923999
414.66 0.00046146746743
414.67 0.000484615437983
414.68 0.00050981117436
414.69 0.000537109863042
414.7 0.000566567351046
414.71 0.000598239938142
414.72 0.000632184148697
414.73 0.000668456483418
414.74 0.000707113151424
414.75 0.00074820978316
414.76 0.000791801124842
414.77 0.000837940715228
414.78 0.000886680545656
414.79 0.000938070704444
414.8 0.000992159006864
414.81 0.00104899061208
414.82 0.00110860762852
414.83 0.00117104870944
414.84 0.00123634864028
414.85 0.00130453791999
414.86 0.00137564233812
414.87 0.00144968255011
414.88 0.00152667365287
414.89 0.00160662476315
414.9 0.00168953860126
414.91 0.00177541108254
414.92 0.00186423091951
414.93 0.00195597923714
414.94 0.00205062920432
414.95 0.00214814568397
414.96 0.00224848490492
414.97 0.00235159415821
414.98 0.00245741152056
414.99 0.00256586560786
415.0 0.00267687536118
415.01 0.00279034986807
415.02 0.00290618822148
415.03 0.00302427941862
415.04 0.00314450230209
415.05 0.0032667255452
415.06 0.00339080768322
415.07 0.00351659719236
415.08 0.00364393261767
415.09 0.00377264275116
415.1 0.00390254686075
415.11 0.00403345497094
415.12 0.00416516819516
415.13 0.00429747912002
415.14 0.00443017224092
415.15 0.00456302444844
415.16 0.00469580556448
415.17 0.00482827892679
415.18 0.00496020202016
415.19 0.00509132715236
415.2 0.00522140217232
415.21 0.00535017122799
415.22 0.00547737556092
415.23 0.00560275433405
415.24 0.00572604548946
415.25 0.00584698663194
415.26 0.00596531593448
415.27 0.00608077306128
415.28 0.00619310010378
415.29 0.00630204252507
415.3 0.00640735010781
415.31 0.00650877790072
415.32 0.00660608715867
415.33 0.0066990462713
415.34 0.00678743167508
415.35 0.00687102874372
415.36 0.00694963265215
415.37 0.00702304920886
415.38 0.00709109565218
415.39 0.00715360140562
415.4 0.00721040878812
415.41 0.00726137367484
415.42 0.0073063661048
415.43 0.00734527083155
415.44 0.00737798781377
415.45 0.0074044326428
415.46 0.00742453690444
415.47 0.00743824847296
415.48 0.00744553173553
415.49 0.00744636774557
415.5 0.00744075430429
415.51 0.00742870596969
415.52 0.00741025399322
415.53 0.00738544618421
415.54 0.00735434670312
415.55 0.00731703578468
415.56 0.00727360939268
415.57 0.00722417880846
415.58 0.0071688701556
415.59 0.00710782386354
415.6 0.00704119407346
415.61 0.00696914798982
415.62 0.00689186518144
415.63 0.0068095368362
415.64 0.00672236497362
415.65 0.00663056161994
415.66 0.00653434795033
415.67 0.00643395340318
415.68 0.00632961477125
415.69 0.00622157527489
415.7 0.00611008362223
415.71 0.00599539306149
415.72 0.00587776043038
415.73 0.00575744520751
415.74 0.00563470857074
415.75 0.0055098124671
415.76 0.00538301869877
415.77 0.00525458802969
415.78 0.00512477931667
415.79 0.00499384866905
415.8 0.00486204864055
415.81 0.00472962745654
415.82 0.00459682827991
415.83 0.00446388851828
415.84 0.0043310391748
415.85 0.00419850424494
415.86 0.00406650016072
415.87 0.00393523528405
415.88 0.00380490945007
415.89 0.00367571356148
415.9 0.00354782923405
415.91 0.00342142849361
415.92 0.00329667352417
415.93 0.00317371646687
415.94 0.00305269926874
415.95 0.00293375358042
415.96 0.00281700070141
415.97 0.00270255157144
415.98 0.00259050680607
415.99 0.00248095677465
416.0 0.00237398171855
416.01 0.00226965190735
416.02 0.0021680278306
416.03 0.00206916042259
416.04 0.0019730913177
416.05 0.00187985313344
416.06 0.00178946977867
416.07 0.00170195678418
416.08 0.00161732165289
416.09 0.00153556422701
416.1 0.0014566770694
416.11 0.00138064585655
416.12 0.00130744978061
416.13 0.00123706195788
416.14 0.00116944984147
416.15 0.00110457563575
416.16 0.00104239671047
416.17 0.000982866012366
416.18 0.000925932472414
416.19 0.00087154140689
416.2 0.00081963491055
416.21 0.000770152240423
416.22 0.000723030188821
416.23 0.000678203444347
416.24 0.000635604939783
416.25 0.000595166185933
416.26 0.000556817590594
416.27 0.000520488761995
416.28 0.000486108796165
416.29 0.000453606547816
416.3 0.000422910884459
416.31 0.00039395092359
416.32 0.000366656252872
416.33 0.000340957133378
416.34 0.000316784686022
416.35 0.000294071061408
416.36 0.000272749593417
416.37 0.00025275493691
416.38 0.00023402318999
416.39 0.000216492001345
416.4 0.000200100663215
416.41 0.000184790190586
416.42 0.000170503387256
416.43 0.000157184899423
416.44 0.000144781257491
416.45 0.000133240906792
416.46 0.000122514227939
416.47 0.000112553547523
416.48 0.00010331313987
416.49 9.47492205792e-05
416.5 8.68199325193e-05
416.51 7.94853249994e-05
416.52 7.27073267626e-05
416.53 6.64497134632e-05
416.54 6.06780702533e-05
416.55 5.53597500799e-05
416.56 5.04638282704e-05
416.57 4.59610539542e-05
416.58 4.18237988366e-05
416.59 3.80260038168e-05
416.6 3.45431239029e-05
416.61 3.13520718532e-05
416.62 2.84311609376e-05
416.63 2.57600471828e-05
416.64 2.33196714351e-05
416.65 2.10922015444e-05
416.66 1.90609749449e-05
416.67 1.72104418765e-05
416.68 1.55261094693e-05
416.69 1.39944868818e-05
416.7 1.26030316626e-05
416.71 1.13400974807e-05
416.72 1.01948833466e-05
416.73 9.15738442766e-06
416.74 8.21834453843e-06
416.75 7.36921037343e-06
416.76 6.60208752848e-06
416.77 5.90969834491e-06
416.78 5.28534159526e-06
416.79 4.72285401744e-06
416.8 4.21657369259e-06
416.81 3.7613052518e-06
416.82 3.35228688827e-06
416.83 2.98515914318e-06
416.84 2.65593542733e-06
416.85 2.36097423417e-06
416.86 2.09695299558e-06
416.87 1.86084352737e-06
416.88 1.6498890083e-06
416.89 1.461582434e-06
416.9 1.29364648524e-06
416.91 1.14401474881e-06
416.92 1.01081422857e-06
416.93 8.92349083982e-07
416.94 7.87085533605e-07
416.95 6.93637861895e-07
416.96 6.10755468213e-07
416.97 5.37310898464e-07
416.98 4.72288801108e-07
416.99 4.14775751017e-07
417.0 3.63950886442e-07
417.01 3.19077306384e-07
417.02 2.79494177692e-07
417.03 2.44609503391e-07
417.04 2.1389350594e-07
417.05 1.86872581354e-07
417.06 1.63123782363e-07
417.07 1.4226979102e-07
417.08 1.23974343377e-07
417.09 1.07938071017e-07
417.1 9.3894726364e-08
417.11 8.16077607464e-08
417.12 7.08672262089e-08
417.13 6.14869739824e-08
417.14 5.33021243869e-08
417.15 4.61667847119e-08
417.16 3.99519933173e-08
417.17 3.45438698003e-08
417.18 2.98419526072e-08
417.19 2.57577069032e-08
417.2 2.22131868774e-08
417.21 1.91398379325e-08
417.22 1.6477425408e-08
417.23 1.4173077603e-08
417.24 1.21804319088e-08
417.25 1.04588738335e-08
417.26 8.97285960098e-09
417.27 7.69131384481e-09
417.28 6.58709468889e-09
417.29 5.63651921971e-09
417.3 4.81894301287e-09
417.31 4.11638797947e-09
417.32 3.51321335202e-09
417.33 2.99582513673e-09
417.34 2.55241982246e-09
417.35 2.17275855997e-09
417.36 1.84796840994e-09
417.37 1.57036760893e-09
417.38 1.33331212047e-09
417.39 1.13106102643e-09
417.4 9.58658574963e-10
417.41 8.11830936773e-10
417.42 6.86895933789e-10
417.43 5.80684196001e-10
417.44 4.90470374023e-10
417.45 4.13913189531e-10
417.46 3.49003244186e-10
417.47 2.94017631594e-10
417.48 2.47480507691e-10
417.49 2.08128873772e-10
417.5 1.74882914584e-10
417.51 1.4682031229e-10
417.52 1.23154026873e-10
417.53 1.03213095382e-10
417.54 8.64260573061e-11
417.55 7.2306661862e-11
417.56 6.04415559148e-11
417.57 5.04796891119e-11
417.58 4.21232061998e-11
417.59 3.51196258906e-11
417.6 2.92551314897e-11
417.61 2.43488211909e-11
417.62 2.02477858493e-11
417.63 1.68228994758e-11
417.64 1.39652229455e-11
417.65 1.15829347355e-11
417.66 9.59871413294e-12
417.67 7.94751248417e-12
417.68 6.57465687422e-12
417.69 5.43423829118e-12
417.7 4.48774298589e-12
417.71 3.70289150889e-12
417.72 3.05265490631e-12
417.73 2.51442188124e-12
417.74 2.06929446418e-12
417.75 1.70149296171e-12
417.76 1.39785373274e-12
417.77 1.14740573579e-12
417.78 9.41013849173e-13
417.79 7.71078734937e-13
417.8 6.31284534253e-13
417.81 5.16386982651e-13
417.82 4.22035646461e-13
417.83 3.4462493363e-13
417.84 2.81169344924e-13
417.85 2.29199124916e-13
417.86 1.86673063069e-13
417.87 1.51905698091e-13
417.88 1.23506606324e-13
417.89 1.00329818037e-13
417.9 8.14317134671e-14
417.91 6.6036011477e-14
417.92 5.35046845573e-14
417.93 4.33138206695e-14
417.94 3.50336101395e-14
417.95 2.83117688521e-14
417.96 2.28598211133e-14
417.97 1.84417599097e-14
417.98 1.48646816439e-14
417.99 1.19710590633e-14
418.0 9.63237201406e-15
418.01 7.74386250657e-15
418.02 6.22021981059e-15
418.03 4.99203409983e-15
418.04 4.00288457293e-15
418.05 3.20695084438e-15
418.06 2.56705546234e-15
418.07 2.05306128318e-15
418.08 1.64056063619e-15
418.09 1.30980418297e-15
418.1 1.04482648237e-15
418.11 8.32732822744e-16
418.12 6.63118137392e-16
418.13 5.27593994001e-16
418.14 4.19403926209e-16
418.15 3.33110907037e-16
418.16 2.6434367704e-16
418.17 2.09591040186e-16
418.18 1.66035216125e-16
418.19 1.31416961946e-16
418.2 1.03926510855e-16
418.21 8.21154700362e-17
418.22 6.48257174496e-17
418.23 5.11320721737e-17
418.24 4.02961140531e-17
418.25 3.17290196296e-17
418.26 2.49616823456e-17
418.27 1.96207120194e-17
418.28 1.54091749974e-17
418.29 1.20911531939e-17
418.3 9.4793764931e-18
418.31 7.42532614149e-18
418.32 5.81132290652e-18
418.33 4.54420791774e-18
418.34 3.55030033089e-18
418.35 2.77137761202e-18
418.36 2.16147406128e-18
418.37 1.68433341485e-18
418.38 1.31138379714e-18
418.39 1.02012942524e-18
418.4 7.9287449665e-19
418.41 6.15711599041e-19
418.42 4.77720561399e-19
418.43 3.7033456227e-19
418.44 2.86839045942e-19
418.45 2.2197599212e-19
418.46 1.71631680439e-19
418.47 1.32590563428e-19
418.48 1.02341432128e-19
418.49 7.89249065736e-20
418.5 6.08135526974e-20
418.51 4.68177336828e-20
418.52 3.60117404059e-20
418.53 2.7675886909e-20
418.54 2.12511626988e-20
418.55 1.63037518939e-20
418.56 1.24972981712e-20
418.57 9.57124466881e-21
418.58 7.3239339192e-21
418.59 5.59943398274e-21
418.6 4.27727873583e-21
418.61 3.26448508862e-21
418.62 2.48934756939e-21
418.63 1.89661901218e-21
418.64 1.44377119795e-21
418.65 1.09809612823e-21
418.66 8.34461029457e-22
418.67 6.3357126327e-22
418.68 4.80627476472e-22
418.69 3.64288474799e-22
418.7 2.75870956389e-22
418.71 2.0873258043e-22
418.72 1.57796808837e-22
418.73 1.19187278336e-22
418.74 8.99467139513e-23
418.75 6.78210350308e-23
418.76 5.10936863246e-23
418.77 3.84586268645e-23
418.78 2.8923045656e-23
418.79 2.17329151654e-23
418.8 1.63160737179e-23
418.81 1.22387494894e-23
418.82 9.17238223623e-24
418.83 6.86832688184e-24
418.84 5.13858423709e-24
418.85 3.84113629028e-24
418.86 2.86879599628e-24
418.87 2.14073706106e-24
418.88 1.59606546977e-24
418.89 1.18894506497e-24
418.9 8.8490487514e-25
418.91 6.58044251209e-25
418.92 4.88919460176e-25
418.93 3.62947041149e-25
418.94 2.69198669725e-25
418.95 1.99492361405e-25
418.96 1.47707771309e-25
418.97 1.09270802355e-25
418.98 8.07660105263e-26
418.99 5.9645384551e-26
419.0 4.40097363839e-26
419.01 3.24447478932e-26
419.02 2.3898120858e-26
419.03 1.75876095201e-26
419.04 1.29322350368e-26
419.05 9.50088531665e-27
419.06 6.97394109945e-27
419.07 5.11465314365e-27
419.08 3.74781211809e-27
419.09 2.74386757705e-27
419.1 2.00711472517e-27
419.11 1.46691503184e-27
419.12 1.07117747885e-27
419.13 7.81522741383e-28
419.14 5.69699081529e-28
419.15 4.14928371067e-28
419.16 3.01942645185e-28
419.17 2.19532838224e-28
419.18 1.5947706763e-28
419.19 1.15749921014e-28
419.2 8.39395965864e-29
419.21 6.08186484138e-29
419.22 4.40281425407e-29
419.23 3.1845470935e-29
419.24 2.3013819366e-29
419.25 1.66170312604e-29
419.26 1.19878661784e-29
419.27 8.64080189069e-30
419.28 6.22285845245e-30
419.29 4.47764346166e-30
419.3 3.2190877005e-30
419.31 2.3122767939e-30
419.32 1.65947435368e-30
419.33 1.18993977603e-30
419.34 8.5251716352e-31
419.35 6.10246072774e-31
419.36 4.364460503e-31
419.37 3.11874491263e-31
419.38 2.22665459858e-31
419.39 1.58836228323e-31
419.4 1.13206142048e-31
419.41 8.06146786769e-32
419.42 5.73564121345e-32
419.43 4.07730818164e-32
419.44 2.89593502222e-32
419.45 2.05507558673e-32
419.46 1.45710382935e-32
419.47 1.03223103289e-32
419.48 7.30612395262e-33
419.49 5.16679074502e-33
419.5 3.65071913763e-33
419.51 2.57726861113e-33
419.52 1.8178776866e-33
419.53 1.28113042732e-33
419.54 9.02081435882e-34
419.55 6.34631840397e-34
419.56 4.4608917236e-34
419.57 3.13289052341e-34
419.58 2.19832788381e-34
419.59 1.54121572197e-34
419.6 1.07958814064e-34
419.61 7.55573107793e-35
419.62 5.28346204309e-35
419.63 3.69134301745e-35
419.64 2.57675975217e-35
419.65 1.79716174488e-35
419.66 1.25234537152e-35
419.67 8.71936337633e-36
419.68 6.06553553923e-36
419.69 4.21577320106e-36
419.7 2.92758179852e-36
419.71 2.03125548236e-36
419.72 1.40813331992e-36
419.73 9.75319061762e-37
419.74 6.74952735503e-37
419.75 4.66684872938e-37
419.76 3.22402052945e-37
419.77 2.22533595902e-37
419.78 1.53467735656e-37
419.79 1.05745597995e-37
419.8 7.27999736554e-38
419.81 5.00753345317e-38
419.82 3.44144005349e-38
419.83 2.36309004772e-38
419.84 1.62122781349e-38
419.85 1.11130055948e-38
419.86 7.6110177131e-39
419.87 5.20807997799e-39
419.88 3.56070725594e-39
419.89 2.43230821579e-39
419.9 1.66006333055e-39
419.91 1.13202083109e-39
419.92 7.71272582901e-40
419.93 5.25031161888e-40
419.94 3.57096818017e-40
419.95 2.42666928156e-40
419.96 1.64762706486e-40
419.97 1.11771467894e-40
419.98 7.5757686615e-41
419.99 5.13034022151e-41
420.0 3.47127756393e-41
420.01 2.34669273369e-41
420.02 1.5850640948e-41
420.03 1.06969789365e-41
420.04 7.21272153357e-42
420.05 4.85915667886e-42
420.06 3.2707424871e-42
420.07 2.1996597842e-42
420.08 1.47804749453e-42
420.09 9.92304536695e-43
420.1 6.65618335417e-43
420.11 4.46096986042e-43
420.12 2.98714988013e-43
420.13 1.99851978101e-43
420.14 1.33592968757e-43
420.15 8.92241590511e-44
420.16 5.95394801212e-44
420.17 3.96964185053e-44
420.18 2.64436454384e-44
420.19 1.76000960445e-44
420.2 1.17039501311e-44
420.21 7.7763106224e-45
420.22 5.1622430697e-45
420.23 3.42394683263e-45
420.24 2.26902503258e-45
420.25 1.50236436737e-45
420.26 9.93882341503e-46
420.27 6.56928928526e-46
420.28 4.33835924656e-46
420.29 2.86257154034e-46
420.3 1.88716945728e-46
420.31 1.24305161333e-46
420.32 8.18071261781e-47
420.33 5.37918925107e-47
420.34 3.53399738554e-47
420.35 2.31974013406e-47
420.36 1.52137460013e-47
420.37 9.9691171315e-48
420.38 6.52680967606e-48
420.39 4.26942030457e-48
420.4 2.79036223913e-48
420.41 1.82211579844e-48
420.42 1.18881718281e-48
420.43 7.74957500741e-49
420.44 5.04736150481e-49
420.45 3.28454070662e-49
420.46 2.13554436744e-49
420.47 1.38728682284e-49
420.48 9.00425189973e-50
420.49 5.83919157049e-50
420.5 3.78339359013e-50
420.51 2.44925518583e-50
420.52 1.5842009205e-50
420.53 1.02378838671e-50
420.54 6.6104929881e-51
420.55 4.26462856417e-51
420.56 2.74885787849e-51
420.57 1.77030083454e-51
420.58 1.13910976318e-51
420.59 7.32331621011e-52
420.6 4.70406930779e-52
420.61 3.01900164331e-52
420.62 1.9358722727e-52
420.63 1.2402629265e-52
420.64 7.93915968445e-53
420.65 5.07760630797e-53
420.66 3.24464528263e-53
420.67 2.07156773206e-53
420.68 1.3214622545e-53
420.69 8.42236581118e-54
420.7 5.36336249187e-54
420.71 3.41243127109e-54
420.72 2.1692738864e-54
420.73 1.37780759979e-54
420.74 8.74352338841e-55
420.75 5.54380682451e-55
420.76 3.51199115879e-55
420.77 2.22291292792e-55
420.78 1.40577301298e-55
420.79 8.88242735868e-56
420.8 5.60753302077e-56
420.81 3.53700543672e-56
420.82 2.22906805282e-56
420.83 1.40357182043e-56
420.84 8.83018221406e-57
420.85 5.55045266415e-57
420.86 3.4858673247e-57
420.87 2.18734363226e-57
420.88 1.37134551789e-57
420.89 8.59014469249e-58
420.9 5.37622925039e-58
420.91 3.36185356158e-58
420.92 2.10040729225e-58
420.93 1.31114871958e-58
420.94 8.1775668945e-59
420.95 5.09588910218e-59
420.96 3.17277696277e-59
420.97 1.97370768118e-59
420.98 1.22673238793e-59
420.99 7.61799256345e-60
421.0 4.72666659646e-60
421.01 2.93017195586e-60
421.02 1.81490943259e-60
421.03 1.12315713564e-60
421.04 6.94464093502e-61
421.05 4.29025181554e-61
421.06 2.64813111435e-61
421.07 1.63312676691e-61
421.08 1.00629200513e-61
421.09 6.19515048426e-62
421.1 3.81068815897e-62
421.11 2.34195568692e-62
421.12 1.43806212676e-62
421.13 8.82267612008e-63
421.14 5.40812519816e-63
421.15 3.31220226528e-63
421.16 2.02679897154e-63
421.17 1.23916236011e-63
421.18 7.56953956875e-64
421.19 4.61991969366e-64
421.2 2.81723517274e-64
421.21 1.71646712438e-64
421.22 1.04489244771e-64
421.23 6.35523191019e-65
421.24 3.86202364639e-65
421.25 2.34488833666e-65
421.26 1.42250275746e-65
421.27 8.62199526229e-66
421.28 5.22139026759e-66
421.29 3.15928091018e-66
421.3 1.90991501837e-66
421.31 1.15362207202e-66
421.32 6.96204429671e-67
421.33 4.19791576849e-67
421.34 2.52903226864e-67
421.35 1.52229469408e-67
421.36 9.15517835086e-68
421.37 5.50121472968e-68
421.38 3.30273780511e-68
421.39 1.98113153358e-68
421.4 1.18734310936e-68
421.41 7.10988987864e-69
421.42 4.25376236717e-69
421.43 2.54277122294e-69
421.44 1.51867576776e-69
421.45 9.06246936273e-70
421.46 5.40320881634e-70
421.47 3.21870122265e-70
421.48 1.91572554597e-70
421.49 1.13922531932e-70
421.5 6.76876878403e-71
421.51 4.018217514e-71
421.52 2.38331209973e-71
421.53 1.41238177834e-71
421.54 8.36270941925e-72
421.55 4.94727007696e-72
421.56 2.92420587447e-72
421.57 1.7269270148e-72
421.58 1.018975481e-72
421.59 6.00727062379e-73
421.6 3.5384606694e-73
421.61 2.08245325164e-73
421.62 1.22450302258e-73
421.63 7.19396258257e-74
421.64 4.22279696039e-74
421.65 2.47660039827e-74
421.66 1.45122713123e-74
421.67 8.49647046843e-75
421.68 4.97010344419e-75
421.69 2.90479852982e-75
421.7 1.69625178147e-75
421.71 9.89665269975e-76
421.72 5.76912641756e-76
421.73 3.36012546405e-76
421.74 1.95535062518e-76
421.75 1.13688754266e-76
421.76 6.60441086939e-77
421.77 3.83331379194e-77
421.78 2.22299441929e-77
421.79 1.28803031792e-77
421.8 7.45654273771e-78
421.81 4.31293238485e-78
421.82 2.49247895674e-78
421.83 1.43917651569e-78
421.84 8.30271899281e-79
421.85 4.78575352227e-79
421.86 2.75615747978e-79
421.87 1.58592060497e-79
421.88 9.11764266432e-80
421.89 5.23729944691e-80
421.9 3.00577146046e-80
421.91 1.72356719643e-80
421.92 9.87470648696e-81
421.93 5.65254311915e-81
421.94 3.23286288078e-81
421.95 1.84737217523e-81
421.96 1.05473953218e-81
421.97 6.01671945996e-82
421.98 3.42924104382e-82
421.99 1.95280993721e-82
422.0 1.11108082404e-82
422.01 6.31618788916e-83
422.02 3.58746887203e-83
422.03 2.03584614893e-83
422.04 1.15431803385e-83
422.05 6.53927677153e-84
422.06 3.70132882936e-84
422.07 2.09319328719e-84
422.08 1.18272753903e-84
422.09 6.67703722678e-85
422.1 3.76622791912e-85
422.11 2.12252645462e-85
422.12 1.19515253722e-85
422.13 6.72383854088e-86
422.14 3.77950502532e-86
422.15 2.12263973869e-86
422.16 1.19108119089e-86
422.17 6.67774998321e-87
422.18 3.7406119406e-87
422.19 2.09352846058e-87
422.2 1.17068160756e-87
422.21 6.54067294777e-88
422.22 3.65115091862e-88
422.23 2.03638949569e-88
422.24 1.1347903242e-88
422.25 6.3182108152e-89
422.26 3.51476516621e-89
422.27 1.95353963549e-89
422.28 1.08485539498e-89
422.29 6.01928894824e-90
422.3 3.3368927056e-90
422.31 1.84825975091e-90
422.32 1.02283947846e-90
422.33 5.65556073504e-91
422.34 3.12440678074e-91
422.35 1.72457936435e-91
422.36 9.51091961812e-92
422.37 5.24065475115e-92
422.38 2.88517593306e-92
422.39 1.58702133202e-92
422.4 8.72201723352e-93
422.41 4.78933073526e-93
422.42 2.62758291945e-93
422.43 1.44032912826e-93
422.44 7.88843351795e-94
422.45 4.31661691615e-94
422.46 2.36004323657e-94
422.47 1.28919948402e-94
422.48 7.03629435125e-95
422.49 3.83699813173e-95
422.5 2.0905612147e-95
422.51 1.13804098397e-95
422.52 6.18980017012e-96
422.53 3.36371403446e-96
422.54 1.82635508595e-96
422.55 9.90775096751e-97
422.56 5.37017771666e-97
422.57 2.90821122785e-97
422.58 1.57357319128e-97
422.59 8.50690654231e-98
422.6 4.59494257088e-98
422.61 2.47977470967e-98
422.62 1.33711289663e-98
422.63 7.20356768773e-99
422.64 3.87749206318e-99
422.65 2.08534495767e-99
422.66 1.12054320773e-99
422.67 6.01593341976e-100
422.68 3.22701621285e-100
422.69 1.72950963611e-100
422.7 9.2612271718e-101
422.71 4.95493316697e-101
422.72 2.64868783716e-101
422.73 1.41464499047e-101
422.74 7.54897291623e-102
422.75 4.02487114375e-102
422.76 2.14407418188e-102
422.77 1.14117262753e-102
422.78 6.06857323412e-103
422.79 3.22437511751e-103
422.8 1.7117023122e-103
422.81 9.0789291319e-104
422.82 4.81132536958e-104
422.83 2.54752550777e-104
422.84 1.34770881037e-104
422.85 7.12356360337e-105
422.86 3.7620300271e-105
422.87 1.9850475823e-105
422.88 1.04650979545e-105
422.89 5.51238302368e-106
422.9 2.90107654546e-106
422.91 1.52546659474e-106
422.92 8.0143799542e-107
422.93 4.20688719579e-107
422.94 2.20635564553e-107
422.95 1.15614919768e-107
422.96 6.05307365466e-108
422.97 3.1663706215e-108
422.98 1.65489806724e-108
422.99 8.64180500556e-109
423.0 4.50880433532e-109
423.01 2.35040135007e-109
423.02 1.22418309883e-109
423.03 6.37051354146e-110
423.04 3.31227372569e-110
423.05 1.72068633024e-110
423.06 8.93101687468e-111
423.07 4.63152298701e-111
423.08 2.3997745889e-111
423.09 1.24234091731e-111
423.1 6.42591298964e-112
423.11 3.32087558001e-112
423.12 1.71472342593e-112
423.13 8.84625125091e-113
423.14 4.55982495953e-113
423.15 2.34833897162e-113
423.16 1.20836214635e-113
423.17 6.21236766996e-114
423.18 3.19110358886e-114
423.19 1.6377528595e-114
423.2 8.3980710172e-115
423.21 4.30263426868e-115
423.22 2.20248537549e-115
423.23 1.12645889148e-115
423.24 5.75627288171e-116
423.25 2.93894266026e-116
423.26 1.4992172289e-116
423.27 7.64120284105e-117
423.28 3.89119150401e-117
423.29 1.97982677842e-117
423.3 1.00645762768e-117
423.31 5.11196073882e-118
423.32 2.59419869322e-118
423.33 1.31535407713e-118
423.34 6.66355254798e-119
423.35 3.37281632251e-119
423.36 1.70570242746e-119
423.37 8.61861650273e-120
423.38 4.35106486965e-120
423.39 2.19471065607e-120
423.4 1.10607021854e-120
423.41 5.56944395481e-121
423.42 2.80197779718e-121
423.43 1.40844941497e-121
423.44 7.07361682188e-122
423.45 3.54948642451e-122
423.46 1.77956240031e-122
423.47 8.91424641966e-123
423.48 4.46148833603e-123
423.49 2.23099502109e-123
423.5 1.11465675619e-123
423.51 5.56426002446e-124
423.52 2.77521985245e-124
423.53 1.38296466112e-124
423.54 6.88570613921e-125
423.55 3.4253866327e-125
423.56 1.70252863576e-125
423.57 8.45479271407e-126
423.58 4.19503140278e-126
423.59 2.07965445323e-126
423.6 1.03007976777e-126
423.61 5.09769967941e-127
423.62 2.52058500343e-127
423.63 1.24523741797e-127
423.64 6.14648305961e-128
423.65 3.03127214173e-128
423.66 1.49364324795e-128
423.67 7.35347371252e-129
423.68 3.61711170473e-129
423.69 1.77768582831e-129
423.7 8.72914709799e-130
423.71 4.28264746756e-130
423.72 2.0993098962e-130
423.73 1.02816896895e-130
423.74 5.03125285464e-131
423.75 2.45986633218e-131
423.76 1.20162950967e-131
423.77 5.86480226896e-132
423.78 2.85995945532e-132
423.79 1.39344583127e-132
423.8 6.78334674428e-133
423.81 3.29929885857e-133
423.82 1.60333033175e-133
423.83 7.78481099535e-134
423.84 3.77656400759e-134
423.85 1.83049833901e-134
423.86 8.86473058173e-135
423.87 4.28929044796e-135
423.88 2.07361956667e-135
423.89 1.00160485636e-135
423.9 4.83378660014e-136
423.91 2.33078512533e-136
423.92 1.1228990508e-136
423.93 5.40508968058e-137
423.94 2.59949392008e-137
423.95 1.24910348605e-137
423.96 5.99696821923e-138
423.97 2.87666167055e-138
423.98 1.37869924779e-138
423.99 6.60197694017e-139
424.0 3.15865490362e-139
424.01 1.50992045796e-139
424.02 7.21156747536e-140
424.03 3.44135111996e-140
424.04 1.64078626824e-140
424.05 7.81625558871e-141
424.06 3.72022497666e-141
424.07 1.76914475266e-141
424.08 8.40584244635e-142
424.09 3.99045883538e-142
424.1 1.89272769571e-142
424.11 8.96968417235e-143
424.12 4.24707449339e-143
424.13 2.00921456642e-143
424.14 9.49700070088e-144
424.15 4.48508145243e-144
424.16 2.11630331186e-144
424.17 9.97721201634e-145
424.18 4.69963579671e-145
424.19 2.21178504707e-145
424.2 1.04002874958e-145
424.21 4.88620275494e-146
424.22 2.29361931e-146
424.23 1.07570924432e-146
424.24 5.04071540155e-147
424.25 2.36000632795e-147
424.26 1.10397151953e-147
424.27 5.15972177592e-148
424.28 2.40945273384e-148
424.29 1.12417584844e-148
424.3 5.24051300232e-149
424.31 2.44082738612e-149
424.32 1.13585800885e-149
424.33 5.28122577467e-150
424.34 2.45340438e-150
424.35 1.13874701323e-150
424.36 5.28091379304e-151
424.37 2.44689096666e-151
424.38 1.13277555837e-151
424.39 5.23958432746e-152
424.4 2.42143888084e-152
424.41 1.11808263175e-152
424.42 5.15819793629e-153
424.43 2.37763846475e-153
424.44 1.09500813389e-153
424.45 5.0386313544e-154
424.46 2.31649590624e-154
424.47 1.06407980712e-154
424.48 4.88360555334e-155
424.49 2.23939481646e-155
424.5 1.02599317261e-155
424.51 4.69658282414e-156
424.52 2.14804419599e-156
424.53 9.81585540863e-157
424.54 4.48163831746e-157
424.55 2.04441552086e-157
424.56 9.31805450795e-158
424.57 4.24331269214e-158
424.58 1.93067217969e-158
424.59 8.776790932e-159
424.6 3.98645329778e-159
424.61 1.80909477937e-159
424.62 8.20275372303e-160
424.63 3.7160516132e-160
424.64 1.6820058993e-160
424.65 7.60671254006e-161
424.66 3.43708447963e-161
424.67 1.55169771831e-161
424.68 6.99918944867e-162
424.69 3.15436604116e-162
424.7 1.42036558496e-162
424.71 6.39016255092e-163
424.72 2.87241630347e-163
424.73 1.2900500885e-163
424.74 5.78881239665e-164
424.75 2.59535093496e-164
424.76 1.16258955651e-164
424.77 5.20331906255e-165
424.78 2.32679546989e-165
424.79 1.0395842099e-165
424.8 4.64071450709e-166
424.81 2.06982554086e-166
424.82 9.22372495332e-167
424.83 4.10679154207e-167
424.84 1.8269332766e-167
424.85 8.12019439407e-168
424.86 3.60606772258e-168
424.87 1.60001864491e-168
424.88 7.09316268801e-169
424.89 3.14179982234e-169
424.9 1.39040337477e-169
424.91 6.14790047235e-170
424.92 2.71604246353e-170
424.93 1.19886421059e-170
424.94 5.28721715444e-171
424.95 2.32974298587e-171
424.96 1.02568166065e-171
424.97 4.5117069212e-172
424.98 1.98286379344e-172
424.99 8.70700106756e-173
425.0 3.82004100893e-173
425.01 1.67452318543e-173
425.02 7.33395123022e-174
425.03 3.20928719005e-174
425.04 1.40314599215e-174
425.05 6.12944073307e-175
425.06 2.67523878812e-175
425.07 1.16661610527e-175
425.08 5.0829647175e-176
425.09 2.21273769924e-176
425.1 9.62424095723e-177
425.11 4.18241142937e-177
425.12 1.81597861621e-177
425.13 7.87804433028e-178
425.14 3.41467852149e-178
425.15 1.47878466361e-178
425.16 6.39858237551e-179
425.17 2.76621737908e-179
425.18 1.1948477169e-179
425.19 5.15658906291e-180
425.2 2.2234952229e-180
425.21 9.57929594815e-181
425.22 4.12339265891e-181
425.23 1.77337061753e-181
425.24 7.6202292336e-182
425.25 3.27160057761e-182
425.26 1.40338305637e-182
425.27 6.01472663735e-183
425.28 2.57560507135e-183
425.29 1.10196134812e-183
425.3 4.71061015848e-184
425.31 2.01192450093e-184
425.32 8.58558529369e-185
425.33 3.66059639127e-185
425.34 1.5593998923e-185
425.35 6.63722996234e-186
425.36 2.82253894332e-186
425.37 1.19926934565e-186
425.38 5.091165741e-187
425.39 2.15944153672e-187
425.4 9.15143877272e-188
425.41 3.87490463535e-188
425.42 1.63929219575e-188
425.43 6.92907778221e-189
425.44 2.92629573431e-189
425.45 1.23476611948e-189
425.46 5.20564930532e-190
425.47 2.19274849899e-190
425.48 9.22840084159e-191
425.49 3.88050091662e-191
425.5 1.63031995043e-191
425.51 6.8435525799e-192
425.52 2.87021272869e-192
425.53 1.20273590582e-192
425.54 5.0355878746e-193
425.55 2.10646280227e-193
425.56 8.80402206157e-194
425.57 3.67647961636e-194
425.58 1.53393485275e-194
425.59 6.39448216662e-195
425.6 2.66334580522e-195
425.61 1.10834112648e-195
425.62 4.60832448539e-196
425.63 1.91441622671e-196
425.64 7.94608844182e-197
425.65 3.2952937516e-197
425.66 1.36539587885e-197
425.67 5.65258046169e-198
425.68 2.33807603722e-198
425.69 9.66260488743e-199
425.7 3.98982203076e-199
425.71 1.64602542593e-199
425.72 6.78489712746e-200
425.73 2.7943043552e-200
425.74 1.14981471021e-200
425.75 4.72721903664e-201
425.76 1.94181255068e-201
425.77 7.96952787797e-202
425.78 3.26799660775e-202
425.79 1.33891902457e-202
425.8 5.48088563809e-203
425.81 2.24166587596e-203
425.82 9.16040623501e-204
425.83 3.74009211929e-204
425.84 1.5257155657e-204
425.85 6.21854193642e-205
425.86 2.53237064392e-205
425.87 1.03036164984e-205
425.88 4.18866679322e-206
425.89 1.70131861643e-206
425.9 6.90429290113e-207
425.91 2.79947422109e-207
425.92 1.1341159299e-207
425.93 4.59052271895e-208
425.94 1.85648115066e-208
425.95 7.50140579383e-209
425.96 3.02843660955e-209
425.97 1.22156907043e-209
425.98 4.92312974112e-210
425.99 1.98238611224e-210
426.0 7.97551845981e-211
426.01 3.20592468197e-211
426.02 1.28757168668e-211
426.03 5.1666998608e-212
426.04 2.07147054209e-212
426.05 8.29789628333e-213
426.06 3.32109237306e-213
426.07 1.32805976907e-213
426.08 5.30613137925e-214
426.09 2.11817622665e-214
426.1 8.44831099455e-215
426.11 3.36667665906e-215
426.12 1.3404685719e-215
426.13 5.33255786417e-216
426.14 2.11952346918e-216
426.15 8.41714086571e-217
426.16 3.33975549826e-217
426.17 1.32400146031e-217
426.18 5.24428115859e-218
426.19 2.07542566432e-218
426.2 8.20638921483e-219
426.21 3.24205778744e-219
426.22 1.27971454095e-219
426.23 5.04695195394e-220
426.24 1.98869851065e-220
426.25 7.82947134787e-221
426.26 3.07977963078e-221
426.27 1.21040457895e-221
426.28 4.7529712368e-222
426.29 1.86476249897e-222
426.3 7.30980143684e-223
426.31 2.86293406205e-223
426.32 1.1203167361e-223
426.33 4.38020074299e-224
426.34 1.71108237439e-224
426.35 6.67838625291e-225
426.36 2.60432908787e-225
426.37 1.01471458403e-225
426.38 3.95016881006e-226
426.39 1.5364241371e-226
426.4 5.97076941512e-227
426.41 2.3183189771e-227
426.42 8.99372892254e-228
426.43 3.48602188479e-228
426.44 1.35003223226e-228
426.45 5.22374391475e-229
426.46 2.01949755401e-229
426.47 7.80060877581e-230
426.48 3.01049129344e-230
426.49 1.16083358976e-230
426.5 4.47225202719e-231
426.51 1.72149706015e-231
426.52 6.62079305886e-232
426.53 2.54411919391e-232
426.54 9.76761667885e-233
426.55 3.74682555453e-233
426.56 1.4360251694e-233
426.57 5.49900788899e-234
426.58 2.10392544511e-234
426.59 8.04266652627e-235
426.6 3.07180391968e-235
426.61 1.17222406e-235
426.62 4.46942325564e-236
426.63 1.70261341252e-236
426.64 6.48043753238e-237
426.65 2.46442905001e-237
426.66 9.36379770963e-238
426.67 3.55476944667e-238
426.68 1.34832493805e-238
426.69 5.10977065669e-239
426.7 1.93478165727e-239
426.71 7.31958110375e-240
426.72 2.76671360507e-240
426.73 1.04487874931e-240
426.74 3.9426779137e-241
426.75 1.48641615215e-241
426.76 5.59903579999e-242
426.77 2.1072195424e-242
426.78 7.92373675312e-243
426.79 2.97696689167e-243
426.8 1.11748495061e-243
426.81 4.1911487424e-244
426.82 1.57053701881e-244
426.83 5.88013089044e-245
426.84 2.19962943126e-245
426.85 8.22121039937e-246
426.86 3.07005189298e-246
426.87 1.14545856088e-246
426.88 4.27008736693e-247
426.89 1.59044205832e-247
426.9 5.91864995491e-248
426.91 2.20065098926e-248
426.92 8.17529437975e-249
426.93 3.03444549393e-249
426.94 1.12532766176e-249
426.95 4.16967648519e-250
426.96 1.54365213878e-250
426.97 5.70979124076e-251
426.98 2.11015682834e-251
426.99 7.7917130405e-252
427.0 2.87458316744e-252
427.01 1.0595965101e-252
427.02 3.90238283597e-253
427.03 1.43596197218e-253
427.04 5.27934103464e-254
427.05 1.9392786156e-254
427.06 7.11744979015e-255
427.07 2.60995084593e-255
427.08 9.56233505313e-256
427.09 3.50041307922e-256
427.1 1.28026051517e-256
427.11 4.67844057647e-257
427.12 1.70815625748e-257
427.13 6.23128747296e-258
427.14 2.2711807105e-258
427.15 8.27083405224e-259
427.16 3.00933568991e-259
427.17 1.09399585602e-259
427.18 3.97360259471e-260
427.19 1.44203863701e-260
427.2 5.22869218364e-261
427.21 1.89423111686e-261
427.22 6.85640669379e-262
427.23 2.47961289627e-262
427.24 8.95972984806e-263
427.25 3.23466758392e-263
427.26 1.16677767286e-263
427.27 4.20504140254e-264
427.28 1.51417529101e-264
427.29 5.44760670951e-265
427.3 1.95820903405e-265
427.31 7.03292629515e-266
427.32 2.52369457864e-266
427.33 9.0481800909e-267
427.34 3.24122656522e-267
427.35 1.16006214715e-267
427.36 4.14836378977e-268
427.37 1.48216354074e-268
427.38 5.29101666903e-269
427.39 1.88714749975e-269
427.4 6.72506172481e-270
427.41 2.39447560099e-270
427.42 8.51820857382e-271
427.43 3.02767905265e-271
427.44 1.075214506e-271
427.45 3.815084014e-272
427.46 1.35249855577e-272
427.47 4.79063658022e-273
427.48 1.69540459218e-273
427.49 5.99483447909e-274
427.5 2.11789658608e-274
427.51 7.47577146743e-275
427.52 2.63651954672e-275
427.53 9.29029889749e-276
427.54 3.27078570243e-276
427.55 1.15053068787e-276
427.56 4.0435985847e-277
427.57 1.41991248291e-277
427.58 4.98171445894e-278
427.59 1.74630379369e-278
427.6 6.11623940358e-279
427.61 2.1402912093e-279
427.62 7.48315897487e-280
427.63 2.61409151851e-280
427.64 9.12389580371e-281
427.65 3.18173172507e-281
427.66 1.10858886538e-281
427.67 3.85923458976e-282
427.68 1.34231844391e-282
427.69 4.66480666591e-283
427.7 1.61970324748e-283
427.71 5.61902506514e-284
427.72 1.94764678506e-284
427.73 6.74501841616e-285
427.74 2.33388683227e-285
427.75 8.06863667986e-286
427.76 2.78704665707e-286
427.77 9.61860367947e-287
427.78 3.31667971499e-287
427.79 1.14266454223e-287
427.8 3.93330550625e-288
427.81 1.35275865602e-288
427.82 4.64843406947e-289
427.83 1.59594066966e-289
427.84 5.47457640226e-290
427.85 1.87632477314e-290
427.86 6.42523796202e-291
427.87 2.19833630963e-291
427.88 7.51489232288e-292
427.89 2.56669995929e-292
427.9 8.75893206151e-293
427.91 2.98642026761e-293
427.92 1.01735940283e-293
427.93 3.46275364359e-294
427.94 1.1775856344e-294
427.95 4.00117102874e-295
427.96 1.35833047548e-295
427.97 4.60731054884e-296
427.98 1.56139663938e-296
427.99 5.28691961086e-297
428.0 1.78861095319e-297
428.01 6.04578609738e-298
428.02 2.04180085664e-298
428.03 6.88965854049e-299
428.04 2.32276742851e-299
428.05 7.82415542535e-300
428.06 2.63325503443e-300
428.07 8.85466407646e-301
428.08 2.97491779118e-301
428.09 9.98622991284e-302
428.1 3.34928315143e-302
428.11 1.12234372144e-302
428.12 3.75771302862e-303
428.13 1.25702829125e-303
428.14 4.20136299965e-304
428.15 1.40300452936e-304
428.16 4.68114024128e-305
428.17 1.56051498705e-305
428.18 5.19766096951e-306
428.19 1.72970350256e-306
428.2 5.75120825601e-307
428.21 1.91060203401e-307
428.22 6.34169118747e-308
428.23 2.10311807887e-308
428.24 6.96860640763e-309
428.25 2.30702301797e-309
428.26 7.6310031335e-310
428.27 2.52194173432e-310
428.28 8.32745276337e-311
428.29 2.7473438608e-311
428.3 9.05602418958e-312
428.31 2.98253700426e-312
428.32 9.81426589295e-313
428.33 3.22666227657e-313
428.34 1.05991958239e-313
428.35 3.47869243496e-314
428.36 1.14072999696e-314
428.37 3.73743289731e-315
428.38 1.22345403746e-315
428.39 4.00152585639e-316
428.4 1.30763731962e-316
428.41 4.26945740909e-317
428.42 1.39277747848e-317
428.43 4.53956902646e-318
428.44 1.47832840352e-318
428.45 4.81007490822e-319
428.46 1.56371776909e-319
428.47 5.07899483925e-320
428.48 1.64820299453e-320
428.49 5.345790288e-321
428.5 1.72922976044e-321
428.51 5.58294179801e-322
428.52 1.82804288961e-322
428.53 5.92878775009e-323
428.54 1.97626258336e-323
428.55 4.94065645841e-324
428.56 0.0
428.57 0.0
428.58 0.0
428.59 0.0
428.6 0.0
428.61 0.0
428.62 0.0
428.63 0.0
428.64 0.0
428.65 0.0
428.66 0.0
428.67 0.0
428.68 0.0
428.69 0.0
428.7 0.0
428.71 0.0
428.72 0.0
428.73 0.0
428.74 0.0
428.75 0.0
428.76 0.0
428.77 0.0
428.78 0.0
428.79 0.0
428.8 0.0
428.81 0.0
428.82 0.0
428.83 0.0
428.84 0.0
428.85 0.0
428.86 0.0
428.87 0.0
428.88 0.0
428.89 0.0
428.9 0.0
428.91 0.0
428.92 0.0
428.93 0.0
428.94 0.0
428.95 0.0
428.96 0.0
428.97 0.0
428.98 0.0
428.99 0.0
429.0 0.0
429.01 0.0
429.02 0.0
429.03 0.0
429.04 0.0
429.05 0.0
429.06 0.0
429.07 0.0
429.08 0.0
429.09 0.0
429.1 0.0
429.11 0.0
429.12 0.0
429.13 0.0
429.14 0.0
429.15 0.0
429.16 0.0
429.17 0.0
429.18 0.0
429.19 0.0
429.2 0.0
429.21 0.0
429.22 0.0
429.23 0.0
429.24 0.0
429.25 0.0
429.26 0.0
429.27 0.0
429.28 0.0
429.29 0.0
429.3 0.0
429.31 0.0
429.32 0.0
429.33 0.0
429.34 0.0
429.35 0.0
429.36 0.0
429.37 0.0
429.38 0.0
429.39 0.0
429.4 0.0
429.41 0.0
429.42 0.0
429.43 0.0
429.44 0.0
429.45 0.0
429.46 0.0
429.47 0.0
429.48 0.0
429.49 0.0
429.5 0.0
429.51 0.0
429.52 0.0
429.53 0.0
429.54 0.0
429.55 0.0
429.56 0.0
429.57 0.0
429.58 0.0
429.59 0.0
429.6 0.0
429.61 0.0
429.62 0.0
429.63 0.0
429.64 0.0
429.65 0.0
429.66 0.0
429.67 0.0
429.68 0.0
429.69 0.0
429.7 0.0
429.71 0.0
429.72 0.0
429.73 0.0
429.74 0.0
429.75 0.0
429.76 0.0
429.77 0.0
429.78 0.0
429.79 0.0
429.8 0.0
429.81 0.0
429.82 0.0
429.83 0.0
429.84 0.0
429.85 0.0
429.86 0.0
429.87 0.0
429.88 0.0
429.89 0.0
429.9 0.0
429.91 0.0
429.92 0.0
429.93 0.0
429.94 0.0
429.95 0.0
429.96 0.0
429.97 0.0
429.98 0.0
429.99 0.0
