400.0 1.73962142856e-23
400.01 2.31439914793e-23
400.02 3.0764190033e-23
400.03 4.08579358749e-23
400.04 5.42164493494e-23
400.05 7.18802260537e-23
400.06 9.52163455169e-23
400.07 1.2601936764e-22
400.08 1.66642892653e-22
400.09 2.20170945681e-22
400.1 2.906410357e-22
400.11 3.83334201866e-22
400.12 5.05151816813e-22
400.13 6.65104645877e-22
400.14 8.74947019664e-22
400.15 1.14999841911e-21
400.16 1.51020687508e-21
400.17 1.9815240839e-21
400.18 2.59768196938e-21
400.19 3.4024857666e-21
400.2 4.45277106467e-21
400.21 5.82221352842e-21
400.22 7.60623262957e-21
400.23 9.92829769987e-21
400.24 1.2948029814e-20
400.25 1.68716012657e-20
400.26 2.19650718242e-20
400.27 2.85714752359e-20
400.28 3.71326902392e-20
400.29 4.82174098284e-20
400.3 6.25568758831e-20
400.31 8.10904926711e-20
400.32 1.05023996071e-19
400.33 1.35903565578e-19
400.34 1.75710160666e-19
400.35 2.26979488583e-19
400.36 2.92954425439e-19
400.37 3.77778489023e-19
400.38 4.86741190575e-19
400.39 6.26588885964e-19
400.4 8.05918243917e-19
400.41 1.03567382317e-18
400.42 1.32977671611e-18
400.43 1.70591803929e-18
400.44 2.18655955938e-18
400.45 2.80019434282e-18
400.46 3.58293350892e-18
400.47 4.58050156733e-18
400.48 5.85074319203e-18
400.49 7.46676956012e-18
400.5 9.52090371571e-18
400.51 1.21296232169e-17
400.52 1.54397463197e-17
400.53 1.96361672643e-17
400.54 2.49515194577e-17
400.55 3.16782356498e-17
400.56 4.01835854708e-17
400.57 5.09284076393e-17
400.58 6.44904225305e-17
400.59 8.15932176143e-17
400.6 1.03142252046e-16
400.61 1.30269537769e-16
400.62 1.6438903539e-16
400.63 2.07265269071e-16
400.64 2.61098234065e-16
400.65 3.28628365631e-16
400.66 4.13266185744e-16
400.67 5.19252276654e-16
400.68 6.51854487043e-16
400.69 8.17610804325e-16
400.7 1.02462818198e-15
400.71 1.28294986175e-15
400.72 1.6050064583e-15
400.73 2.00616937655e-15
400.74 2.50542912557e-15
400.75 3.12622591803e-15
400.76 3.89746576709e-15
400.77 4.85476231217e-15
400.78 6.04195305916e-15
400.79 7.51294889006e-15
400.8 9.33398791851e-15
400.81 1.15863794384e-14
400.82 1.43698413059e-14
400.83 1.78065551677e-14
400.84 2.20460891671e-14
400.85 2.72713678993e-14
400.86 3.3705905377e-14
400.87 4.16225596932e-14
400.88 5.135411921e-14
400.89 6.3306090969e-14
400.9 7.79721343767e-14
400.91 9.59526691521e-14
400.92 1.17977288452e-13
400.93 1.44931728873e-13
400.94 1.77890292e-13
400.95 2.18154781175e-13
400.96 2.67301216796e-13
400.97 3.27235828945e-13
400.98 4.00262103598e-13
400.99 4.89160985331e-13
401.0 5.97286723409e-13
401.01 7.28681299121e-13
401.02 8.88210901262e-13
401.03 1.0817285365e-12
401.04 1.31626758688e-12
401.05 1.60027197474e-12
401.06 1.94386958585e-12
401.07 2.35919675642e-12
401.08 2.86078297547e-12
401.09 3.4660065199e-12
401.1 4.19563355946e-12
401.11 5.07445538176e-12
401.12 6.13204083726e-12
401.13 7.40362394152e-12
401.14 8.93114985419e-12
401.15 1.07645062464e-11
401.16 1.29629714442e-11
401.17 1.55969157804e-11
401.18 1.87497983918e-11
401.19 2.25205083784e-11
401.2 2.70261069037e-11
401.21 3.24050356128e-11
401.22 3.88208668147e-11
401.23 4.64666824017e-11
401.24 5.55701816443e-11
401.25 6.63996330297e-11
401.26 7.92708024345e-11
401.27 9.45550094215e-11
401.28 1.12688485603e-10
401.29 1.34183234179e-10
401.3 1.59639618276e-10
401.31 1.89760938011e-10
401.32 2.25370292722e-10
401.33 2.67430066054e-10
401.34 3.17064418077e-10
401.35 3.75585220999e-10
401.36 4.44521933918e-10
401.37 5.25655978212e-10
401.38 6.210602493e-10
401.39 7.33144483596e-10
401.4 8.64707292316e-10
401.41 1.01899577749e-09
401.42 1.19977376114e-09
401.43 1.41139978725e-09
401.44 1.65891619918e-09
401.45 1.94815075399e-09
401.46 2.2858324109e-09
401.47 2.67972312581e-09
401.48 3.13876769872e-09
401.49 3.67326395776e-09
401.5 4.29505582483e-09
401.51 5.01775209405e-09
401.52 5.85697406939e-09
401.53 6.83063555206e-09
401.54 7.95925904511e-09
401.55 9.26633245377e-09
401.56 1.07787110077e-08
401.57 1.25270696184e-08
401.58 1.45464114125e-08
401.59 1.68766387555e-08
401.6 1.95631936946e-08
401.61 2.26577754217e-08
401.62 2.62191430679e-08
401.63 3.03140129168e-08
401.64 3.50180599447e-08
401.65 4.0417034477e-08
401.66 4.66080056918e-08
401.67 5.3700744696e-08
401.68 6.18192609612e-08
401.69 7.11035070211e-08
401.7 8.17112675159e-08
401.71 9.38202499027e-08
401.72 1.07630395452e-07
401.73 1.23366430501e-07
401.74 1.41280679345e-07
401.75 1.61656161595e-07
401.76 1.84809998345e-07
401.77 2.11097153024e-07
401.78 2.40914534373e-07
401.79 2.74705490598e-07
401.8 3.1296472535e-07
401.81 3.56243667775e-07
401.82 4.05156330521e-07
401.83 4.60385691103e-07
401.84 5.22690633602e-07
401.85 5.9291348911e-07
401.86 6.71988214739e-07
401.87 7.60949252272e-07
401.88 8.60941108692e-07
401.89 9.73228701817e-07
401.9 1.09920851506e-06
401.91 1.24042060592e-06
401.92 1.39856151321e-06
401.93 1.57549810788e-06
401.94 1.77328243232e-06
401.95 1.99416757209e-06
401.96 2.24062460309e-06
401.97 2.51536065581e-06
401.98 2.82133813603e-06
401.99 3.1617951391e-06
402.0 3.54026709155e-06
402.01 3.96060965027e-06
402.02 4.42702288498e-06
402.03 4.9440767644e-06
402.04 5.51673796094e-06
402.05 6.15039798184e-06
402.06 6.850902627e-06
402.07 7.62458276553e-06
402.08 8.47828641354e-06
402.09 9.41941208536e-06
402.1 1.04559433792e-05
402.11 1.15964847456e-05
402.12 1.28502983748e-05
402.13 1.42273421228e-05
402.14 1.57383083833e-05
402.15 1.73946637944e-05
402.16 1.92086896519e-05
402.17 2.11935228847e-05
402.18 2.33631974263e-05
402.19 2.57326857985e-05
402.2 2.83179407019e-05
402.21 3.11359363878e-05
402.22 3.42047095622e-05
402.23 3.75433995541e-05
402.24 4.11722874536e-05
402.25 4.5112833908e-05
402.26 4.93877152363e-05
402.27 5.40208575054e-05
402.28 5.90374681871e-05
402.29 6.44640649934e-05
402.3 7.0328501471e-05
402.31 7.66599889133e-05
402.32 8.34891141337e-05
402.33 9.08478526271e-05
402.34 9.87695766328e-05
402.35 0.000107289057602
402.36 0.000116442462563
402.37 0.000126267343872
402.38 0.000136802621831
402.39 0.000148088559673
402.4 0.000160166730382
402.41 0.000173079974865
402.42 0.000186872350992
402.43 0.00020158907301
402.44 0.000217276440914
402.45 0.000233981759331
402.46 0.000251753245546
402.47 0.00027063992631
402.48 0.000290691523134
402.49 0.000311958325803
402.5 0.000334491053912
402.51 0.000358340706296
402.52 0.000383558398244
402.53 0.000410195186537
402.54 0.000438301882339
402.55 0.000467928852126
402.56 0.00049912580687
402.57 0.000531941579818
402.58 0.000566423893281
402.59 0.000602619114956
402.6 0.000640572004399
402.61 0.000680325450369
402.62 0.000721920199865
402.63 0.000765394579794
402.64 0.000810784212284
402.65 0.0008581217248
402.66 0.000907436456282
402.67 0.00095875416065
402.68 0.0010120967091
402.69 0.00106748179274
402.7 0.00112492262709
402.71 0.00118442766025
402.72 0.00124600028641
402.73 0.00130963856652
402.74 0.00137533495799
402.75 0.00144307605541
402.76 0.00151284234407
402.77 0.00158460796842
402.78 0.00165834051729
402.79 0.00173400082789
402.8 0.00181154281054
402.81 0.00189091329595
402.82 0.00197205190698
402.83 0.00205489095658
402.84 0.00213935537366
402.85 0.00222536265841
402.86 0.00231282286864
402.87 0.00240163863839
402.88 0.00249170523004
402.89 0.00258291062101
402.9 0.00267513562586
402.91 0.00276825405449
402.92 0.00286213290693
402.93 0.00295663260495
402.94 0.00305160726068
402.95 0.00314690498186
402.96 0.00324236821358
402.97 0.00333783411562
402.98 0.00343313497472
402.99 0.0035280986505
403.0 0.00362254905383
403.01 0.00371630665592
403.02 0.00380918902638
403.03 0.00390101139814
403.04 0.00399158725704
403.05 0.0040807289535
403.06 0.00416824833364
403.07 0.00425395738704
403.08 0.00433766890798
403.09 0.00441919716714
403.1 0.00449835859028
403.11 0.00457497244065
403.12 0.00464886150148
403.13 0.00471985275512
403.14 0.00478777805506
403.15 0.00485247478733
403.16 0.00491378651761
403.17 0.00497156362048
403.18 0.00502566388724
403.19 0.00507595310892
403.2 0.00512230563114
403.21 0.00516460487755
403.22 0.00520274383896
403.23 0.00523662552514
403.24 0.00526616337677
403.25 0.00529128163506
403.26 0.00531191566682
403.27 0.00532801224314
403.28 0.00533952976995
403.29 0.00534643846917
403.3 0.00534872050931
403.31 0.00534637008479
403.32 0.00533939344361
403.33 0.0053278088631
403.34 0.0053116465741
403.35 0.0052909486339
403.36 0.00526576874903
403.37 0.00523617204867
403.38 0.00520223481051
403.39 0.00516404414041
403.4 0.00512169760824
403.41 0.00507530284178
403.42 0.00502497708149
403.43 0.0049708466988
403.44 0.00491304668076
403.45 0.00485172008436
403.46 0.00478701746374
403.47 0.00471909627369
403.48 0.00464812025314
403.49 0.00457425879214
403.5 0.00449768628619
403.51 0.00441858148161
403.52 0.0043371268158
403.53 0.0042535077561
403.54 0.00416791214113
403.55 0.00408052952816
403.56 0.00399155055034
403.57 0.00390116628707
403.58 0.00380956765121
403.59 0.00371694479619
403.6 0.00362348654631
403.61 0.00352937985309
403.62 0.00343480928051
403.63 0.0033399565218
403.64 0.00324499994997
403.65 0.00315011420456
403.66 0.00305546981623
403.67 0.0029612328713
403.68 0.00286756471737
403.69 0.00277462171166
403.7 0.00268255501289
403.71 0.00259151041763
403.72 0.00250162824173
403.73 0.00241304324722
403.74 0.00232588461488
403.75 0.00224027596238
403.76 0.00215633540795
403.77 0.00207417567897
403.78 0.00199390426508
403.79 0.00191562361491
403.8 0.00183943137568
403.81 0.00176542067446
403.82 0.00169368044001
403.83 0.00162429576383
403.84 0.00155734829902
403.85 0.00149291669532
403.86 0.00143107706881
403.87 0.00137190350443
403.88 0.00131546858955
403.89 0.00126184397664
403.9 0.00121110097316
403.91 0.00116331115655
403.92 0.00111854701224
403.93 0.00107688259254
403.94 0.00103839419412
403.95 0.00100316105193
403.96 0.000971266047069
403.97 0.000942796426268
403.98 0.000917844530558
403.99 0.000896508530516
404.0 0.00087889316553
404.01 0.000865110484405
404.02 0.000855280584534
404.03 0.000849532346817
404.04 0.000848004163383
404.05 0.000850844655099
404.06 0.000858213375746
404.07 0.000870281499627
404.08 0.000887232489292
404.09 0.00090926273992
404.1 0.000936582196813
404.11 0.000969414942335
404.12 0.00100799974851
404.13 0.00105259059137
404.14 0.00110345712313
404.15 0.00116088509796
404.16 0.00122517674727
404.17 0.00129665110017
404.18 0.00137564424479
404.19 0.00146250952601
404.2 0.00155761767513
404.21 0.00166135686706
404.22 0.0017741327005
404.23 0.00189636809671
404.24 0.00202850311226
404.25 0.0021709946618
404.26 0.00232431614619
404.27 0.00248895698219
404.28 0.00266542202977
404.29 0.00285423091315
404.3 0.00305591723241
404.31 0.00327102766225
404.32 0.00350012093526
404.33 0.00374376670716
404.34 0.00400254430205
404.35 0.00427704133607
404.36 0.00456785221835
404.37 0.00487557652889
404.38 0.00520081727327
404.39 0.00554417901504
404.4 0.00590626588699
404.41 0.00628767948353
404.42 0.0066890166368
404.43 0.00711086708025
404.44 0.00755381100383
404.45 0.00801841650605
404.46 0.00850523694887
404.47 0.00901480822216
404.48 0.00954764592545
404.49 0.0101042424754
404.5 0.0106850641481
404.51 0.0112905480673
404.52 0.0119210991478
404.53 0.012577087007
404.54 0.013258842858
404.55 0.0139666563942
404.56 0.0147007726832
404.57 0.0154613890818
404.58 0.016248652188
404.59 0.0170626548459
404.6 0.0179034332188
404.61 0.0187709639476
404.62 0.0196651614101
404.63 0.0205858750989
404.64 0.021532887134
404.65 0.022505909928
404.66 0.023504584019
404.67 0.0245284760891
404.68 0.0255770771842
404.69 0.0266498011506
404.7 0.0277459833043
404.71 0.0288648793461
404.72 0.0300056645388
404.73 0.0311674331565
404.74 0.0323491982202
404.75 0.0335498915294
404.76 0.0347683640004
404.77 0.0360033863184
404.78 0.0372536499124
404.79 0.038517768256
404.8 0.039794278502
404.81 0.0410816434489
404.82 0.0423782538452
404.83 0.043682431026
404.84 0.0449924298841
404.85 0.0463064421677
404.86 0.0476226001017
404.87 0.048938980323
404.88 0.0502536081222
404.89 0.0515644619785
404.9 0.0528694783774
404.91 0.054166556895
404.92 0.0554535655329
404.93 0.0567283462872
404.94 0.0579887209312
404.95 0.0592324969915
404.96 0.0604574738965
404.97 0.0616614492723
404.98 0.0628422253637
404.99 0.0639976155536
405.0 0.0651254509558
405.01 0.0662235870529
405.02 0.0672899103534
405.03 0.0683223450387
405.04 0.069318859573
405.05 0.070277473246
405.06 0.0711962626222
405.07 0.0720733678659
405.08 0.0729069989165
405.09 0.0736954414842
405.1 0.0744370628415
405.11 0.0751303173819
405.12 0.0757737519227
405.13 0.0763660107263
405.14 0.0769058402174
405.15 0.0773920933743
405.16 0.0778237337748
405.17 0.0781998392761
405.18 0.0785196053141
405.19 0.0787823478046
405.2 0.0789875056344
405.21 0.07913464273
405.22 0.0792234496949
405.23 0.0792537450075
405.24 0.0792254757747
405.25 0.0791387180374
405.26 0.0789936766272
405.27 0.0787906845754
405.28 0.0785302020766
405.29 0.0782128150127
405.3 0.0778392330458
405.31 0.077410287286
405.32 0.07692692755
405.33 0.0763902192193
405.34 0.0758013397167
405.35 0.075161574615
405.36 0.0744723133988
405.37 0.0737350448972
405.38 0.0729513524108
405.39 0.072122908554
405.4 0.0712514698376
405.41 0.0703388710155
405.42 0.0693870192222
405.43 0.0683978879272
405.44 0.0673735107324
405.45 0.0663159750415
405.46 0.0652274156278
405.47 0.0641100081282
405.48 0.0629659624918
405.49 0.0617975164101
405.5 0.0606069287557
405.51 0.0593964730568
405.52 0.0581684310322
405.53 0.0569250862135
405.54 0.0556687176779
405.55 0.0544015939138
405.56 0.0531259668441
405.57 0.0518440660242
405.58 0.0505580930379
405.59 0.0492702161061
405.6 0.0479825649268
405.61 0.0466972257602
405.62 0.0454162367735
405.63 0.0441415836546
405.64 0.042875195508
405.65 0.0416189410381
405.66 0.0403746250287
405.67 0.0391439851215
405.68 0.0379286888994
405.69 0.0367303312732
405.7 0.0355504321743
405.71 0.0343904345499
405.72 0.0332517026589
405.73 0.0321355206629
405.74 0.0310430915083
405.75 0.0299755360896
405.76 0.028933892689
405.77 0.0279191166806
405.78 0.0269320804897
405.79 0.0259735737973
405.8 0.0250443039761
405.81 0.0241448967477
405.82 0.023275897046
405.83 0.0224377700761
405.84 0.0216309025529
405.85 0.0208556041071
405.86 0.0201121088443
405.87 0.0194005770446
405.88 0.0187210969876
405.89 0.0180736868904
405.9 0.0174582969467
405.91 0.0168748114523
405.92 0.0163230510074
405.93 0.0158027747818
405.94 0.0153136828348
405.95 0.0148554184774
405.96 0.0144275706681
405.97 0.0140296764347
405.98 0.0136612233114
405.99 0.0133216517871
406.0 0.0130103577555
406.01 0.012726694964
406.02 0.0124699774535
406.03 0.0122394819878
406.04 0.0120344504663
406.05 0.0118540923193
406.06 0.0116975868824
406.07 0.0115640857476
406.08 0.0114527150922
406.09 0.0113625779826
406.1 0.0112927566529
406.11 0.0112423147594
406.12 0.0112102996106
406.13 0.0111957443725
406.14 0.0111976702512
406.15 0.0112150886522
406.16 0.0112470033178
406.17 0.0112924124431
406.18 0.0113503107711
406.19 0.0114196916677
406.2 0.011499549176
406.21 0.0115888800504
406.22 0.0116866857702
406.23 0.0117919745323
406.24 0.0119037632203
406.25 0.0120210793515
406.26 0.0121429629976
406.27 0.0122684686771
406.28 0.0123966672192
406.29 0.0125266475923
406.3 0.012657518698
406.31 0.012788411123
406.32 0.012918478848
406.33 0.0130469009068
406.34 0.0131728829927
406.35 0.0132956590059
406.36 0.0134144925381
406.37 0.0135286782879
406.38 0.0136375434027
406.39 0.0137404487405
406.4 0.013836790048
406.41 0.0139259990473
406.42 0.0140075444291
406.43 0.0140809327443
406.44 0.0141457091917
406.45 0.0142014582961
406.46 0.0142478044735
406.47 0.014284412479
406.48 0.0143109877351
406.49 0.0143272765371
406.5 0.0143330661338
406.51 0.0143281846819
406.52 0.0143125010733
406.53 0.0142859246347
406.54 0.0142484047001
406.55 0.0141999300575
406.56 0.0141405282709
406.57 0.0140702648808
406.58 0.0139892424851
406.59 0.0138975997058
406.6 0.0137955100436
406.61 0.0136831806285
406.62 0.0135608508679
406.63 0.0134287910025
406.64 0.0132873005737
406.65 0.0131367068107
406.66 0.012977362945
406.67 0.0128096464592
406.68 0.01263395728
406.69 0.012450715922
406.7 0.0122603615924
406.71 0.0120633502642
406.72 0.0118601527278
406.73 0.0116512526296
406.74 0.0114371445058
406.75 0.0112183318213
406.76 0.0109953250211
406.77 0.0107686396034
406.78 0.0105387942223
406.79 0.0103063088272
406.8 0.0100717028481
406.81 0.00983549343105
406.82 0.00959819373325
406.83 0.00936031128148
406.84 0.00912234640092
406.85 0.00888479071864
406.86 0.0086481257465
406.87 0.00841282154717
406.88 0.00817933548679
406.89 0.00794811107673
406.9 0.00771957690672
406.91 0.00749414567091
406.92 0.00727221328767
406.93 0.00705415811365
406.94 0.00684034025196
406.95 0.00663110095367
406.96 0.00642676211162
406.97 0.00622762584472
406.98 0.00603397417087
406.99 0.00584606876575
407.0 0.00566415080488
407.01 0.00548844088552
407.02 0.00531913902507
407.03 0.00515642473209
407.04 0.00500045714608
407.05 0.00485137524171
407.06 0.00470929809338
407.07 0.00457432519548
407.08 0.00444653683406
407.09 0.00432599450532
407.1 0.0042127413764
407.11 0.004106802784
407.12 0.00400818676653
407.13 0.00391688462526
407.14 0.00383287151058
407.15 0.003756107029
407.16 0.00368653586729
407.17 0.00362408842992
407.18 0.00356868148627
407.19 0.0035202188245
407.2 0.00347859190882
407.21 0.00344368053746
407.22 0.00341535349872
407.23 0.00339346922274
407.24 0.00337787642684
407.25 0.00336841475263
407.26 0.0033649153932
407.27 0.00336720170896
407.28 0.00337508983104
407.29 0.0033883892511
407.3 0.00340690339695
407.31 0.00343043019327
407.32 0.00345876260709
407.33 0.00349168917776
407.34 0.00352899453128
407.35 0.00357045987915
407.36 0.00361586350175
407.37 0.00366498121661
407.38 0.00371758683198
407.39 0.00377345258601
407.4 0.00383234957207
407.41 0.00389404815096
407.42 0.00395831835019
407.43 0.00402493025143
407.44 0.00409365436623
407.45 0.00416426200111
407.46 0.0042365256122
407.47 0.00431021915028
407.48 0.00438511839668
407.49 0.00446100129048
407.5 0.0045376482475
407.51 0.00461484247159
407.52 0.00469237025836
407.53 0.00477002129179
407.54 0.00484758893384
407.55 0.00492487050726
407.56 0.00500166757159
407.57 0.00507778619251
407.58 0.00515303720423
407.59 0.00522723646495
407.6 0.00530020510519
407.61 0.00537176976856
407.62 0.00544176284478
407.63 0.00551002269446
407.64 0.00557639386516
407.65 0.00564072729839
407.66 0.00570288052673
407.67 0.00576271786067
407.68 0.00582011056451
407.69 0.0058749370206
407.7 0.00592708288125
407.71 0.00597644120772
407.72 0.00602291259544
407.73 0.0060664052849
407.74 0.00610683525746
407.75 0.00614412631536
407.76 0.00617821014542
407.77 0.00620902636567
407.78 0.00623652255445
407.79 0.00626065426139
407.8 0.00628138499982
407.81 0.00629868622016
407.82 0.00631253726407
407.83 0.0063229252989
407.84 0.00632984523243
407.85 0.00633329960768
407.86 0.00633329847787
407.87 0.00632985926153
407.88 0.00632300657797
407.89 0.00631277206346
407.9 0.00629919416836
407.91 0.00628231793583
407.92 0.00626219476269
407.93 0.00623888214303
407.94 0.0062124433955
407.95 0.00618294737514
407.96 0.00615046817071
407.97 0.00611508478874
407.98 0.00607688082533
407.99 0.00603594412713
408.0 0.00599236644277
408.01 0.00594624306617
408.02 0.0058976724733
408.03 0.00584675595381
408.04 0.00579359723925
408.05 0.0057383021294
408.06 0.0056809781185
408.07 0.00562173402286
408.08 0.00556067961174
408.09 0.00549792524299
408.1 0.00543358150521
408.11 0.00536775886802
408.12 0.00530056734196
408.13 0.00523211614965
408.14 0.00516251340961
408.15 0.0050918658341
408.16 0.00502027844239
408.17 0.00494785429054
408.18 0.00487469421892
408.19 0.0048008966184
408.2 0.00472655721607
408.21 0.00465176888141
408.22 0.00457662145327
408.23 0.0045012015885
408.24 0.00442559263225
408.25 0.00434987451046
408.26 0.00427412364447
408.27 0.00419841288776
408.28 0.00412281148462
408.29 0.00404738505047
408.3 0.00397219557336
408.31 0.00389730143617
408.32 0.00382275745865
408.33 0.0037486149587
408.34 0.00367492183194
408.35 0.00360172264852
408.36 0.00352905876616
408.37 0.00345696845824
408.38 0.00338548705581
408.39 0.00331464710208
408.4 0.0032444785183
408.41 0.00317500877952
408.42 0.00310626309893
408.43 0.00303826461942
408.44 0.00297103461098
408.45 0.00290459267256
408.46 0.00283895693712
408.47 0.00277414427845
408.48 0.00271017051864
408.49 0.00264705063487
408.5 0.00258479896443
408.51 0.00252342940688
408.52 0.00246295562227
408.53 0.00240339122451
408.54 0.00234474996913
408.55 0.00228704593438
408.56 0.00223029369529
408.57 0.00217450848983
408.58 0.00211970637675
408.59 0.00206590438465
408.6 0.00201312065192
408.61 0.00196137455724
408.62 0.00191068684044
408.63 0.00186107971361
408.64 0.00181257696241
408.65 0.00176520403751
408.66 0.00171898813627
408.67 0.00167395827472
408.68 0.00163014535002
408.69 0.00158758219354
408.7 0.00154630361474
408.71 0.00150634643616
408.72 0.00146774951959
408.73 0.00143055378384
408.74 0.00139480221417
408.75 0.00136053986366
408.76 0.00132781384684
408.77 0.00129667332543
408.78 0.00126716948677
408.79 0.00123935551467
408.8 0.00121328655296
408.81 0.00118901966174
408.82 0.00116661376628
408.83 0.00114612959855
408.84 0.00112762963123
408.85 0.00111117800417
408.86 0.00109684044292
408.87 0.00108468416927
408.88 0.00107477780341
408.89 0.00106719125754
408.9 0.00106199562032
408.91 0.00105926303217
408.92 0.00105906655066
408.93 0.00106148000587
408.94 0.00106657784519
408.95 0.00107443496719
408.96 0.0010851265441
408.97 0.00109872783276
408.98 0.00111531397346
408.99 0.00113495977649
409.0 0.00115773949624
409.01 0.00118372659253
409.02 0.00121299347922
409.03 0.00124561125996
409.04 0.00128164945128
409.05 0.00132117569305
409.06 0.00136425544677
409.07 0.00141095168195
409.08 0.00146132455121
409.09 0.0015154310547
409.1 0.00157332469468
409.11 0.00163505512122
409.12 0.00170066776999
409.13 0.00177020349356
409.14 0.00184369818738
409.15 0.00192118241219
409.16 0.00200268101429
409.17 0.00208821274566
409.18 0.00217778988578
409.19 0.00227141786732
409.2 0.00236909490766
409.21 0.00247081164888
409.22 0.00257655080833
409.23 0.00268628684235
409.24 0.00279998562579
409.25 0.00291760414981
409.26 0.00303909024065
409.27 0.0031643823021
409.28 0.00329340908418
409.29 0.00342608948092
409.3 0.00356233235959
409.31 0.00370203642411
409.32 0.00384509011502
409.33 0.00399137154841
409.34 0.00414074849593
409.35 0.00429307840812
409.36 0.00444820848284
409.37 0.00460597578048
409.38 0.00476620738755
409.39 0.00492872062973
409.4 0.00509332333558
409.41 0.00525981415137
409.42 0.00542798290759
409.43 0.00559761103731
409.44 0.00576847204593
409.45 0.00594033203207
409.46 0.0061129502584
409.47 0.00628607977152
409.48 0.00645946806887
409.49 0.00663285781119
409.5 0.00680598757778
409.51 0.00697859266228
409.52 0.00715040590571
409.53 0.00732115856362
409.54 0.00749058120359
409.55 0.0076584046292
409.56 0.0078243608262
409.57 0.00798818392635
409.58 0.00814961118433
409.59 0.00830838396247
409.6 0.00846424871855
409.61 0.00861695799093
409.62 0.00876627137601
409.63 0.00891195649212
409.64 0.00905378992458
409.65 0.00919155814611
409.66 0.00932505840718
409.67 0.00945409959073
409.68 0.00957850302584
409.69 0.00969810325511
409.7 0.00981274875069
409.71 0.00992230257402
409.72 0.0100266429747
409.73 0.0101256639243
409.74 0.0102192755804
409.75 0.010307404679
409.76 0.0103899948493
409.77 0.0104670068506
409.78 0.0105384187275
409.79 0.0106042258823
409.8 0.0106644410614
409.81 0.0107190942579
409.82 0.0107682325265
409.83 0.0108119197135
409.84 0.010850236101
409.85 0.010883277967
409.86 0.0109111570627
409.87 0.0109340000107
409.88 0.010951947624
409.89 0.0109651541525
409.9 0.0109737864572
409.91 0.0109780231195
409.92 0.0109780534881
409.93 0.0109740766693
409.94 0.010966300466
409.95 0.0109549402715
409.96 0.0109402179234
409.97 0.0109223605252
409.98 0.010901599241
409.99 0.0108781680705
410.0 0.0108523026119
410.01 0.0108242388184
410.02 0.0107942117569
410.03 0.0107624543749
410.04 0.0107291962834
410.05 0.0106946625618
410.06 0.0106590725936
410.07 0.0106226389372
410.08 0.0105855662404
410.09 0.0105480502032
410.1 0.0105102765963
410.11 0.0104724203401
410.12 0.0104346446489
410.13 0.0103971002469
410.14 0.0103599246582
410.15 0.0103232415772
410.16 0.0102871603202
410.17 0.0102517753637
410.18 0.0102171659699
410.19 0.010183395902
410.2 0.0101505132318
410.21 0.0101185502378
410.22 0.0100875233965
410.23 0.0100574334654
410.24 0.0100282656569
410.25 0.00999998990198
410.26 0.00997256120125
410.27 0.00994592006142
410.28 0.00991999301379
410.29 0.0098946932114
410.3 0.00986992110103
410.31 0.00984556516552
410.32 0.00982150273179
410.33 0.00979760083936
410.34 0.00977371716389
410.35 0.00974970099013
410.36 0.00972539422803
410.37 0.00970063246603
410.38 0.00967524605494
410.39 0.00964906121596
410.4 0.00962190116618
410.41 0.00959358725486
410.42 0.00956394010384
410.43 0.00953278074533
410.44 0.00949993175065
410.45 0.00946521834332
410.46 0.00942846949024
410.47 0.0093895189649
410.48 0.00934820637671
410.49 0.00930437816079
410.5 0.00925788852309
410.51 0.00920860033564
410.52 0.00915638597755
410.53 0.00910112811737
410.54 0.00904272043306
410.55 0.00898106826628
410.56 0.00891608920781
410.57 0.00884771361196
410.58 0.0087758850376
410.59 0.00870056061454
410.6 0.00862171133407
410.61 0.00853932226304
410.62 0.00845339268151
410.63 0.00836393614405
410.64 0.00827098046585
410.65 0.00817456763453
410.66 0.00807475364953
410.67 0.00797160829117
410.68 0.00786521482163
410.69 0.00775566962096
410.7 0.00764308176104
410.71 0.00752757252113
410.72 0.00740927484861
410.73 0.00728833276901
410.74 0.00716490074956
410.75 0.00703914302048
410.76 0.00691123285883
410.77 0.00678135183926
410.78 0.00664968905671
410.79 0.00651644032556
410.8 0.00638180736033
410.81 0.00624599694238
410.82 0.00610922007767
410.83 0.00597169114995
410.84 0.00583362707421
410.85 0.00569524645447
410.86 0.00555676875051
410.87 0.00541841345728
410.88 0.00528039930111
410.89 0.00514294345621
410.9 0.00500626078482
410.91 0.00487056310435
410.92 0.00473605848411
410.93 0.00460295057447
410.94 0.00447143797055
410.95 0.00434171361266
410.96 0.00421396422511
410.97 0.0040883697948
410.98 0.00396510309092
410.99 0.00384432922643
411.0 0.00372620526213
411.01 0.00361087985351
411.02 0.00349849294052
411.03 0.00338917548013
411.04 0.00328304922128
411.05 0.0031802265216
411.06 0.00308081020512
411.07 0.00298489345997
411.08 0.00289255977498
411.09 0.00280388291379
411.1 0.0027189269251
411.11 0.00263774618754
411.12 0.00256038548745
411.13 0.00248688012791
411.14 0.0024172560672
411.15 0.00235153008487
411.16 0.00228970997363
411.17 0.00223179475499
411.18 0.002177774917
411.19 0.00212763267207
411.2 0.002081342233
411.21 0.00203887010551
411.22 0.00200017539534
411.23 0.00196521012827
411.24 0.00193391958137
411.25 0.00190624262374
411.26 0.00188211206524
411.27 0.00186145501182
411.28 0.00184419322567
411.29 0.00183024348922
411.3 0.00181951797136
411.31 0.0018119245948
411.32 0.00180736740336
411.33 0.00180574692803
411.34 0.00180696055082
411.35 0.00181090286533
411.36 0.00181746603317
411.37 0.00182654013524
411.38 0.00183801351711
411.39 0.00185177312773
411.4 0.00186770485053
411.41 0.00188569382645
411.42 0.00190562476797
411.43 0.00192738226365
411.44 0.00195085107246
411.45 0.0019759164074
411.46 0.00200246420771
411.47 0.00203038139929
411.48 0.00205955614266
411.49 0.00208987806812
411.5 0.00212123849756
411.51 0.00215353065251
411.52 0.00218664984809
411.53 0.00222049367247
411.54 0.00225496215151
411.55 0.00228995789838
411.56 0.00232538624777
411.57 0.00236115537478
411.58 0.00239717639806
411.59 0.00243336346741
411.6 0.00246963383563
411.61 0.00250590791478
411.62 0.00254210931696
411.63 0.00257816487984
411.64 0.00261400467708
411.65 0.00264956201422
411.66 0.00268477341024
411.67 0.00271957856538
411.68 0.00275392031586
411.69 0.00278774457608
411.7 0.00282100026903
411.71 0.00285363924578
411.72 0.00288561619488
411.73 0.00291688854261
411.74 0.00294741634512
411.75 0.00297716217347
411.76 0.00300609099275
411.77 0.0030341700363
411.78 0.0030613686764
411.79 0.00308765829244
411.8 0.00311301213796
411.81 0.00313740520761
411.82 0.00316081410545
411.83 0.0031832169156
411.84 0.00320459307664
411.85 0.0032249232606
411.86 0.003244189258
411.87 0.00326237386964
411.88 0.00327946080636
411.89 0.00329543459753
411.9 0.0033102805091
411.91 0.00332398447198
411.92 0.00333653302127
411.93 0.00334791324694
411.94 0.00335811275627
411.95 0.00336711964833
411.96 0.0033749225007
411.97 0.00338151036841
411.98 0.00338687279496
411.99 0.00339099983524
412.0 0.00339388208999
412.01 0.00339551075127
412.02 0.00339587765842
412.03 0.00339497536367
412.04 0.00339279720673
412.05 0.00338933739732
412.06 0.00338459110471
412.07 0.00337855455305
412.08 0.00337122512153
412.09 0.00336260144794
412.1 0.00335268353442
412.11 0.00334147285416
412.12 0.00332897245759
412.13 0.00331518707684
412.14 0.00330012322702
412.15 0.00328378930302
412.16 0.00326619567058
412.17 0.00324735475033
412.18 0.00322728109359
412.19 0.00320599144883
412.2 0.00318350481769
412.21 0.00315984249967
412.22 0.00313502812449
412.23 0.00310908767155
412.24 0.00308204947563
412.25 0.00305394421845
412.26 0.00302480490571
412.27 0.00299466682919
412.28 0.00296356751396
412.29 0.00293154665063
412.3 0.00289864601269
412.31 0.00286490935942
412.32 0.0028303823246
412.33 0.00279511229164
412.34 0.00275914825575
412.35 0.00272254067403
412.36 0.0026853413042
412.37 0.0026476030331
412.38 0.00260937969605
412.39 0.00257072588813
412.4 0.00253169676866
412.41 0.00249234786034
412.42 0.0024527348441
412.43 0.00241291335136
412.44 0.00237293875487
412.45 0.00233286595974
412.46 0.00229274919593
412.47 0.00225264181377
412.48 0.00221259608376
412.49 0.00217266300206
412.5 0.00213289210301
412.51 0.00209333127989
412.52 0.00205402661503
412.53 0.00201502222051
412.54 0.00197636009034
412.55 0.00193807996514
412.56 0.00190021920995
412.57 0.00186281270617
412.58 0.00182589275797
412.59 0.00178948901371
412.6 0.00175362840287
412.61 0.0017183350886
412.62 0.00168363043599
412.63 0.00164953299623
412.64 0.00161605850639
412.65 0.0015832199047
412.66 0.00155102736088
412.67 0.00151948832129
412.68 0.0014886075681
412.69 0.00145838729205
412.7 0.00142882717794
412.71 0.00139992450222
412.72 0.00137167424156
412.73 0.00134406919171
412.74 0.0013171000955
412.75 0.00129075577896
412.76 0.0012650232946
412.77 0.00123988807059
412.78 0.00121533406483
412.79 0.00119134392272
412.8 0.00116789913755
412.81 0.00114498021235
412.82 0.00112256682214
412.83 0.00110063797545
412.84 0.00107917217412
412.85 0.00105814757035
412.86 0.00103754212006
412.87 0.00101733373164
412.88 0.000997500409288
412.89 0.000978020390094
412.9 0.000958872274249
412.91 0.00094003514766
412.92 0.000921488696446
412.93 0.000903213312832
412.94 0.00088519019202
412.95 0.000867401419698
412.96 0.00084983004996
412.97 0.000832460173435
412.98 0.000815276975543
412.99 0.00079826678485
413.0 0.000781417111564
413.01 0.0007647166763
413.02 0.000748155429289
413.03 0.00073172456028
413.04 0.00071541649944
413.05 0.000699224909603
413.06 0.000683144670278
413.07 0.00066717185387
413.08 0.000651303694592
413.09 0.000635538550593
413.1 0.000619875859857
413.11 0.000604316090441
413.12 0.000588860685635
413.13 0.000573512004653
413.14 0.000558273259471
413.15 0.000543148448398
413.16 0.000528142287017
413.17 0.000513260137069
413.18 0.000498507933894
413.19 0.000483892112984
413.2 0.000469419536202
413.21 0.000455097418217
413.22 0.000440933253629
413.23 0.000426934745295
413.24 0.000413109734271
413.25 0.000399466131804
413.26 0.000386011853741
413.27 0.000372754757704
413.28 0.000359702583332
413.29 0.000346862895861
413.3 0.000334243033276
413.31 0.000321850057223
413.32 0.000309690707843
413.33 0.000297771362647
413.34 0.000286097999515
413.35 0.000274676163877
413.36 0.000263510940082
413.37 0.000252606926956
413.38 0.000241968217497
413.39 0.000231598382637
413.4 0.000221500458987
413.41 0.000211676940422
413.42 0.0002021297734
413.43 0.000192860355817
413.44 0.000183869539259
413.45 0.000175157634429
413.46 0.000166724419572
413.47 0.000158569151668
413.48 0.000150690580187
413.49 0.000143086963162
413.5 0.000135756085376
413.51 0.000128695278409
413.52 0.000121901442333
413.53 0.000115371068812
413.54 0.000109100265391
413.55 0.00010308478076
413.56 9.73200307641e-05
413.57 9.18011249706e-05
413.58 8.65228935852e-05
413.59 8.14799145391e-05
413.6 7.66665405658e-05
413.61 7.20769261032e-05
413.62 6.77050538694e-05
413.63 6.35447609684e-05
413.64 5.95897643989e-05
413.65 5.58336858471e-05
413.66 5.22700756612e-05
413.67 4.88924359153e-05
413.68 4.56942424823e-05
413.69 4.2668966049e-05
413.7 3.98100920173e-05
413.71 3.71111392468e-05
413.72 3.4565677605e-05
413.73 3.21673443006e-05
413.74 2.99098589876e-05
413.75 2.77870376338e-05
413.76 2.57928051582e-05
413.77 2.39212068485e-05
413.78 2.21664185773e-05
413.79 2.05227558424e-05
413.8 1.89846816616e-05
413.81 1.7546813359e-05
413.82 1.62039282816e-05
413.83 1.49509684936e-05
413.84 1.37830444929e-05
413.85 1.26954380022e-05
413.86 1.16836038865e-05
413.87 1.07431712515e-05
413.88 9.86994377645e-06
413.89 9.05989933886e-06
413.9 8.30918898604e-06
413.91 7.6141353086e-06
413.92 6.9712302714e-06
413.93 6.37713255559e-06
413.94 5.82866446459e-06
413.95 5.32280844521e-06
413.96 4.85670327354e-06
413.97 4.42763995328e-06
413.98 4.03305737238e-06
413.99 3.67053776137e-06
414.0 3.33780199514e-06
414.01 3.03270477704e-06
414.02 2.75322974246e-06
414.03 2.4974845164e-06
414.04 2.26369575755e-06
414.05 2.0502042191e-06
414.06 1.85545985426e-06
414.07 1.67801699282e-06
414.08 1.51652961257e-06
414.09 1.36974672814e-06
414.1 1.23650791776e-06
414.11 1.11573900701e-06
414.12 1.0064479273e-06
414.13 9.07720765441e-07
414.14 8.18718019707e-07
414.15 7.38671076857e-07
414.16 6.66878923861e-07
414.17 6.02705107539e-07
414.18 5.45574954989e-07
414.19 4.9497306751e-07
414.2 4.50441100746e-07
414.21 4.11575844029e-07
414.22 3.78027612267e-07
414.23 3.49498964368e-07
414.24 3.25743762951e-07
414.25 3.06566591081e-07
414.26 2.91822542934e-07
414.27 2.81417406634e-07
414.28 2.75308259012e-07
414.29 2.73504493754e-07
414.3 2.7606930623e-07
414.31 2.83121660337e-07
414.32 2.94838764845e-07
414.33 3.11459089036e-07
414.34 3.33285949896e-07
414.35 3.60691705642e-07
414.36 3.94122593074e-07
414.37 4.34104248974e-07
414.38 4.81247958634e-07
414.39 5.36257677468e-07
414.4 5.99937874589e-07
414.41 6.73202250203e-07
414.42 7.57083381533e-07
414.43 8.52743354916e-07
414.44 9.6148544449e-07
414.45 1.08476690056e-06
414.46 1.22421291329e-06
414.47 1.38163181966e-06
414.48 1.55903162384e-06
414.49 1.75863790267e-06
414.5 1.98291316983e-06
414.51 2.23457777286e-06
414.52 2.5166323982e-06
414.53 2.8323822592e-06
414.54 3.18546304183e-06
414.55 3.57986868138e-06
414.56 4.01998104165e-06
414.57 4.51060156557e-06
414.58 5.05698496232e-06
414.59 5.66487499169e-06
414.6 6.34054240072e-06
414.61 7.09082506106e-06
414.62 7.92317034728e-06
414.63 8.84567978767e-06
414.64 9.86715600795e-06
414.65 1.09971519768e-05
414.66 1.22460225483e-05
414.67 1.36249782818e-05
414.68 1.51461415024e-05
414.69 1.68226045478e-05
414.7 1.8668490126e-05
414.71 2.06990136892e-05
414.72 2.29305477018e-05
414.73 2.53806876592e-05
414.74 2.80683196851e-05
414.75 3.10136895057e-05
414.76 3.42384725728e-05
414.77 3.776584507e-05
414.78 4.16205555093e-05
414.79 4.58289965861e-05
414.8 5.04192769279e-05
414.81 5.54212923325e-05
414.82 6.08667960579e-05
414.83 6.67894676822e-05
414.84 7.32249800198e-05
414.85 8.02110635357e-05
414.86 8.77875676648e-05
414.87 9.59965184052e-05
414.88 0.000104882171515
414.89 0.00011449106061
414.9 0.000124872039422
414.91 0.000136076317452
414.92 0.000148157488215
414.93 0.000161171549252
414.94 0.000175176913069
414.95 0.000190234408129
414.96 0.000206407269027
414.97 0.000223761114949
414.98 0.000242363915545
414.99 0.000262285943309
415.0 0.000283599711607
415.01 0.000306379897482
415.02 0.000330703248417
415.03 0.000356648472239
415.04 0.000384296109425
415.05 0.000413728387079
415.06 0.000445029053956
415.07 0.000478283195934
415.08 0.000513577031441
415.09 0.00055099768642
415.1 0.000590632948522
415.11 0.000632571000311
415.12 0.000676900131382
415.13 0.000723708429449
415.14 0.00077308345054
415.15 0.000825111868626
415.16 0.000879879105145
415.17 0.000937468939031
415.18 0.00099796309803
415.19 0.00106144083226
415.2 0.00112797847115
415.21 0.00119764896501
415.22 0.00127052141279
415.23 0.00134666057761
415.24 0.00142612639199
415.25 0.00150897345469
415.26 0.00159525052144
415.27 0.00168499999189
415.28 0.0017782573953
415.29 0.00187505087761
415.3 0.00197540069281
415.31 0.00207931870143
415.32 0.0021868078793
415.33 0.00229786183972
415.34 0.00241246437235
415.35 0.00253058900195
415.36 0.00265219857061
415.37 0.00277724484665
415.38 0.00290566816362
415.39 0.00303739709285
415.4 0.00317234815276
415.41 0.00331042555825
415.42 0.00345152101326
415.43 0.00359551354961
415.44 0.00374226941485
415.45 0.00389164201197
415.46 0.00404347189325
415.47 0.0041975868107
415.48 0.00435380182496
415.49 0.00451191947437
415.5 0.00467173000562
415.51 0.00483301166708
415.52 0.00499553106552
415.53 0.00515904358652
415.54 0.00532329387864
415.55 0.0054880164009
415.56 0.00565293603266
415.57 0.00581776874492
415.58 0.00598222233102
415.59 0.00614599719506
415.6 0.00630878719532
415.61 0.00647028053984
415.62 0.00663016073094
415.63 0.00678810755498
415.64 0.0069437981132
415.65 0.00709690788945
415.66 0.00724711184989
415.67 0.00739408556965
415.68 0.00753750638125
415.69 0.00767705453904
415.7 0.00781241439403
415.71 0.007943275573
415.72 0.00806933415594
415.73 0.00819029384554
415.74 0.00830586712243
415.75 0.00841577638001
415.76 0.00851975503252
415.77 0.00861754859027
415.78 0.00870891569589
415.79 0.00879362911572
415.8 0.00887147668075
415.81 0.00894226217149
415.82 0.00900580614172
415.83 0.00906194667631
415.84 0.00911054007851
415.85 0.00915146148275
415.86 0.00918460538919
415.87 0.00920988611691
415.88 0.00922723817298
415.89 0.00923661653513
415.9 0.00923799684638
415.91 0.00923137552048
415.92 0.00921676975739
415.93 0.00919421746887
415.94 0.00916377711451
415.95 0.00912552744921
415.96 0.00907956718374
415.97 0.00902601456025
415.98 0.00896500684547
415.99 0.00889669974449
416.0 0.00882126673873
416.01 0.00873889835195
416.02 0.00864980134875
416.03 0.00855419787016
416.04 0.00845232451148
416.05 0.00834443134765
416.06 0.00823078091179
416.07 0.00811164713279
416.08 0.00798731423781
416.09 0.00785807562605
416.1 0.00772423271978
416.11 0.00758609379908
416.12 0.00744397282645
416.13 0.00729818826756
416.14 0.00714906191429
416.15 0.006996917716
416.16 0.006842080625
416.17 0.00668487546171
416.18 0.00652562580511
416.19 0.00636465291344
416.2 0.00620227468011
416.21 0.00603880462926
416.22 0.00587455095528
416.23 0.00570981560989
416.24 0.00554489344039
416.25 0.00538007138201
416.26 0.00521562770698
416.27 0.00505183133262
416.28 0.00488894119003
416.29 0.00472720565504
416.3 0.00456686204208
416.31 0.0044081361618
416.32 0.00425124194238
416.33 0.00409638111442
416.34 0.00394374295873
416.35 0.00379350411621
416.36 0.00364582845834
416.37 0.00350086701681
416.38 0.00335875797038
416.39 0.00321962668676
416.4 0.00308358581716
416.41 0.0029507354409
416.42 0.00282116325717
416.43 0.00269494482112
416.44 0.00257214382111
416.45 0.00245281239381
416.46 0.00233699147403
416.47 0.00222471117582
416.48 0.00211599120143
416.49 0.00201084127483
416.5 0.00190926159636
416.51 0.00181124331517
416.52 0.0017167690162
416.53 0.00162581321847
416.54 0.00153834288164
416.55 0.00145431791774
416.56 0.00137369170535
416.57 0.00129641160333
416.58 0.00122241946172
416.59 0.00115165212723
416.6 0.00108404194115
416.61 0.00101951722761
416.62 0.000958002770192
416.63 0.000899420275345
416.64 0.000843688820872
416.65 0.000790725288254
416.66 0.000740444777572
416.67 0.000692761004027
416.68 0.000647586675221
416.69 0.000604833848522
416.7 0.000564414268002
416.71 0.000526239680585
416.72 0.000490222131193
416.73 0.000456274236807
416.74 0.000424309439498
416.75 0.000394242238595
416.76 0.000365988402274
416.77 0.000339465158947
416.78 0.000314591368921
416.79 0.000291287676886
416.8 0.000269476645856
416.81 0.000249082873251
416.82 0.000230033089857
416.83 0.000212256242466
416.84 0.000195683560998
416.85 0.000180248610977
416.86 0.000165887332205
416.87 0.000152538064551
416.88 0.000140141561707
416.89 0.000128640993832
416.9 0.000117981939941
416.91 0.000108112370926
416.92 9.89826240535e-05
416.93 9.05453697702e-05
416.94 8.27555716353e-05
416.95 7.55704401467e-05
416.96 6.89493812179e-05
416.97 6.28539400199e-05
416.98 5.72477408686e-05
416.99 5.2096423803e-05
417.0 4.73675784608e-05
417.01 4.3030675821e-05
417.02 3.90569983427e-05
417.03 3.54195689919e-05
417.04 3.20930796109e-05
417.05 2.9053819043e-05
417.06 2.62796013939e-05
417.07 2.37496947692e-05
417.08 2.14447507969e-05
417.09 1.93467352076e-05
417.1 1.74388597132e-05
417.11 1.57055153957e-05
417.12 1.41322077859e-05
417.13 1.27054937858e-05
417.14 1.14129205638e-05
417.15 1.02429665246e-05
417.16 9.18498443703e-06
417.17 8.22914677893e-06
417.18 7.36639334187e-06
417.19 6.58838112e-06
417.2 5.8874364918e-06
417.21 5.25650968968e-06
417.22 4.68913153952e-06
417.23 4.17937244138e-06
417.24 3.72180355263e-06
417.25 3.31146012647e-06
417.26 2.94380695139e-06
417.27 2.61470583125e-06
417.28 2.32038504041e-06
417.29 2.05741068443e-06
417.3 1.8226598936e-06
417.31 1.61329577444e-06
417.32 1.42674404246e-06
417.33 1.26067125881e-06
417.34 1.11296459301e-06
417.35 9.81713034389e-07
417.36 8.65189975276e-07
417.37 7.61837090532e-07
417.38 6.70249439167e-07
417.39 5.89161715786e-07
417.4 5.17435581611e-07
417.41 4.54048007105e-07
417.42 3.98080560674e-07
417.43 3.48709580484e-07
417.44 3.05197169096e-07
417.45 2.66882953387e-07
417.46 2.33176554938e-07
417.47 2.03550718918e-07
417.48 1.77535052195e-07
417.49 1.5471032421e-07
417.5 1.34703286813e-07
417.51 1.17181971897e-07
417.52 1.01851428259e-07
417.53 8.84498615745e-08
417.54 7.67451437973e-08
417.55 6.65316605838e-08
417.56 5.76274675539e-08
417.57 4.98717283088e-08
417.58 4.31224091219e-08
417.59 3.72542071179e-08
417.6 3.215669055e-08
417.61 2.77326314703e-08
417.62 2.38965126807e-08
417.63 2.05731923369e-08
417.64 1.76967109727e-08
417.65 1.52092270084e-08
417.66 1.3060068017e-08
417.67 1.12048861445e-08
417.68 9.6049071207e-09
417.69 8.22626325855e-09
417.7 7.03940172834e-09
417.71 6.01856021082e-09
417.72 5.14130278461e-09
417.73 4.38810959306e-09
417.74 3.7420144675e-09
417.75 3.18828526082e-09
417.76 2.71414217248e-09
417.77 2.30850982583e-09
417.78 1.961799295e-09
417.79 1.66571667502e-09
417.8 1.41309514766e-09
417.81 1.19774782073e-09
417.82 1.01433891179e-09
417.83 8.58271112428e-10
417.84 7.25587207227e-10
417.85 6.12884236519e-10
417.86 5.17238684085e-10
417.87 4.36141343867e-10
417.88 3.67440674135e-10
417.89 3.0929358572e-10
417.9 2.60122734181e-10
417.91 2.18579495671e-10
417.92 1.83511904078e-10
417.93 1.53936913914e-10
417.94 1.29016430623e-10
417.95 1.08036618333e-10
417.96 9.03900556241e-11
417.97 7.5560363405e-11
417.98 6.31089762038e-11
417.99 5.26637698515e-11
418.0 4.39092951819e-11
418.01 3.65783996262e-11
418.02 3.04450468859e-11
418.03 2.53181697054e-11
418.04 2.10364125097e-11
418.05 1.74636397058e-11
418.06 1.44851020656e-11
418.07 1.20041681182e-11
418.08 9.93954011843e-12
418.09 8.22288516719e-12
418.1 6.79682162141e-12
418.11 5.61320924305e-12
418.12 4.63169873791e-12
418.13 3.81850257675e-12
418.14 3.14535439018e-12
418.15 2.58862889365e-12
418.16 2.12859832608e-12
418.17 1.74880485677e-12
418.18 1.43553140404e-12
418.19 1.17735588001e-12
418.2 9.64776083881e-13
418.21 7.89894361176e-13
418.22 6.46152770081e-13
418.23 5.28110886291e-13
418.24 4.3125956644e-13
418.25 3.51865005434e-13
418.26 2.86838289108e-13
418.27 2.33626381721e-13
418.28 1.90121115999e-13
418.29 1.54583287599e-13
418.3 1.25579409453e-13
418.31 1.01929066294e-13
418.32 8.26611357196e-14
418.33 6.69774181764e-14
418.34 5.42224515686e-14
418.35 4.38584833085e-14
418.36 3.54447388657e-14
418.37 2.86202659879e-14
418.38 2.30897517011e-14
418.39 1.8611808367e-14
418.4 1.4989308371e-14
418.41 1.20614168966e-14
418.42 9.69703082072e-15
418.43 7.78938079635e-15
418.44 6.25159460369e-15
418.45 5.01305410862e-15
418.46 4.0164067595e-15
418.47 3.21511638653e-15
418.48 2.57145791533e-15
418.49 2.05487711576e-15
418.5 1.64065022626e-15
418.51 1.30878968153e-15
418.52 1.04315161436e-15
418.53 8.30708624037e-16
418.54 6.60957775939e-16
418.55 5.2543914682e-16
418.56 4.17344647578e-16
418.57 3.31200499219e-16
418.58 2.62609740106e-16
418.59 2.08043614048e-16
418.6 1.64672721007e-16
418.61 1.30230481538e-16
418.62 1.02902835884e-16
418.63 8.12392215528e-17
418.64 6.40807926993e-17
418.65 5.05025968495e-17
418.66 3.97670391979e-17
418.67 3.12864665341e-17
418.68 2.45931120948e-17
418.69 1.93149760521e-17
418.7 1.51564876945e-17
418.71 1.18830159751e-17
418.72 9.30847428239e-18
418.73 7.28541067822e-18
418.74 5.69709268797e-18
418.75 4.45119115123e-18
418.76 3.47474482837e-18
418.77 2.71014983356e-18
418.78 2.11196831928e-18
418.79 1.64439144628e-18
418.8 1.27922439036e-18
418.81 9.94287469114e-19
418.82 7.72148644494e-19
418.83 5.99119662841e-19
418.84 4.64461740694e-19
418.85 3.59757643873e-19
418.86 2.78415767882e-19
418.87 2.15278836426e-19
418.88 1.66315436417e-19
418.89 1.28377080399e-19
418.9 9.90070548732e-20
418.91 7.62901557877e-20
418.92 5.87346755546e-20
418.93 4.51798057079e-20
418.94 3.47230492483e-20
418.95 2.66633716491e-20
418.96 2.04567194205e-20
418.97 1.56812480047e-20
418.98 1.20101649125e-20
418.99 9.190540023e-21
419.0 7.02678722481e-21
419.01 5.36779952971e-21
419.02 4.09693888324e-21
419.03 3.12425443682e-21
419.04 2.38043878474e-21
419.05 1.81213835502e-21
419.06 1.37831791171e-21
419.07 1.04744483583e-21
419.08 7.95310346424e-22
419.09 6.03345137901e-22
419.1 4.57318441445e-22
419.11 3.46334156191e-22
419.12 2.62056928905e-22
419.13 1.98116059844e-22
419.14 1.49646798312e-22
419.15 1.12937687137e-22
419.16 8.51596880712e-23
419.17 6.41583146314e-23
419.18 4.82942631799e-23
419.19 3.63213393252e-23
419.2 2.72930378173e-23
419.21 2.04911160047e-23
419.22 1.537103316e-23
419.23 1.15203114274e-23
419.24 8.62678733367e-24
419.25 6.45442675868e-24
419.26 4.82491841881e-24
419.27 3.60367805091e-24
419.28 2.68921612772e-24
419.29 2.00506816752e-24
419.3 1.49367561071e-24
419.31 1.11175002987e-24
419.32 8.26764313312e-25
419.33 6.14299281585e-25
419.34 4.56039021325e-25
419.35 3.3825771833e-25
419.36 2.50678529052e-25
419.37 1.85613804602e-25
419.38 1.37317889626e-25
419.39 1.01500382866e-25
419.4 7.49604099586e-26
419.41 5.53120733542e-26
419.42 4.07785365408e-26
419.43 3.00377256191e-26
419.44 2.21068145744e-26
419.45 1.62558245645e-26
419.46 1.19430582718e-26
419.47 8.76689512797e-27
419.48 6.42983434439e-27
419.49 4.71169824968e-27
419.5 3.44968044545e-27
419.51 2.52350388143e-27
419.52 1.84439017352e-27
419.53 1.34686893099e-27
419.54 9.82701417703e-28
419.55 7.16376849623e-28
419.56 5.2177734126e-28
419.57 3.79710494729e-28
419.58 2.76085563738e-28
419.59 2.00566552046e-28
419.6 1.45578429967e-28
419.61 1.05574556696e-28
419.62 7.64971427755e-29
419.63 5.53802452236e-29
419.64 4.00579063786e-29
419.65 2.8949784315e-29
419.66 2.0903842772e-29
419.67 1.50810173799e-29
419.68 1.08707338558e-29
419.69 7.82908121898e-30
419.7 5.63360568824e-30
419.71 4.05028707882e-30
419.72 2.90943647562e-30
419.73 2.08812101692e-30
419.74 1.49735977595e-30
419.75 1.07280397164e-30
419.76 7.67959461585e-31
419.77 5.4926247657e-31
419.78 3.92505076923e-31
419.79 2.80242719583e-31
419.8 1.99915796558e-31
419.81 1.42489740992e-31
419.82 1.01471433295e-31
419.83 7.21984219447e-32
419.84 5.13257528149e-32
419.85 3.64558025524e-32
419.86 2.58715060713e-32
419.87 1.83442715921e-32
419.88 1.29957977669e-32
419.89 9.1987566492e-33
419.9 6.50547523196e-33
419.91 4.59676855846e-33
419.92 3.2452634685e-33
419.93 2.28913284303e-33
419.94 1.61330226783e-33
419.95 1.13601536317e-33
419.96 7.99238466049e-34
419.97 5.61813619309e-34
419.98 3.94577085796e-34
419.99 2.76882285642e-34
420.0 1.94125324319e-34
420.01 1.3598560248e-34
420.02 9.51759844622e-35
420.03 6.65557433136e-35
420.04 4.65015480669e-35
420.05 3.24618298117e-35
420.06 2.26413487602e-35
420.07 1.57781218244e-35
420.08 1.09858085918e-35
420.09 7.64244748962e-36
420.1 5.31198220401e-36
420.11 3.68896446597e-36
420.12 2.55962324128e-36
420.13 1.77448090533e-36
420.14 1.22910880089e-36
420.15 8.50615003894e-37
420.16 5.88165385434e-37
420.17 4.06340019827e-37
420.18 2.80480998926e-37
420.19 1.93437649352e-37
420.2 1.33291445897e-37
420.21 9.17671543339e-38
420.22 6.3124210972e-38
420.23 4.33838783054e-38
420.24 2.97909598549e-38
420.25 2.04392206385e-38
420.26 1.4010959571e-38
420.27 9.59610829528e-39
420.28 6.56668393593e-39
420.29 4.4897359406e-39
420.3 3.06703828535e-39
420.31 2.09334740235e-39
420.32 1.42753620292e-39
420.33 9.72650168935e-40
420.34 6.62140137506e-40
420.35 4.50367326237e-40
420.36 3.06060686763e-40
420.37 2.07812627794e-40
420.38 1.40980819974e-40
420.39 9.55590542397e-41
420.4 6.47153591893e-41
420.41 4.37891587252e-41
420.42 2.96039423491e-41
420.43 1.99966023541e-41
420.44 1.34954255484e-41
420.45 9.09998485013e-42
420.46 6.13081861638e-42
420.47 4.1268623004e-42
420.48 2.77552536969e-42
420.49 1.86506570816e-42
420.5 1.25218006448e-42
420.51 8.39968782856e-43
420.52 5.62967364319e-43
420.53 3.76987547403e-43
420.54 2.52228700928e-43
420.55 1.68610926128e-43
420.56 1.1261613989e-43
420.57 7.51517802309e-44
420.58 5.01073714609e-44
420.59 3.33801037209e-44
420.6 2.22176159354e-44
420.61 1.47751174153e-44
420.62 9.81721131128e-45
420.63 6.51732006783e-45
420.64 4.32288490868e-45
420.65 2.8648507992e-45
420.66 1.89694202145e-45
420.67 1.25495981065e-45
420.68 8.29524641114e-46
420.69 5.47838408632e-46
420.7 3.61492570044e-46
420.71 2.38325211027e-46
420.72 1.56987223875e-46
420.73 1.03319511798e-46
420.74 6.7939773352e-47
420.75 4.46364404737e-47
420.76 2.93007493887e-47
420.77 1.92172665393e-47
420.78 1.25929712572e-47
420.79 8.24495942927e-48
420.8 5.39352313988e-48
420.81 3.52517175879e-48
420.82 2.30203398357e-48
420.83 1.50198948206e-48
420.84 9.79142191513e-49
420.85 6.37746891913e-49
420.86 4.15025373545e-49
420.87 2.69851390362e-49
420.88 1.75306647058e-49
420.89 1.13787831074e-49
420.9 7.3793306042e-50
420.91 4.78147433163e-50
420.92 3.09549710459e-50
420.93 2.00227021984e-50
420.94 1.29401314037e-50
420.95 8.35561454938e-51
420.96 5.39065851115e-51
420.97 3.47479315125e-51
420.98 2.23789551194e-51
420.99 1.44003937206e-51
421.0 9.25832964243e-52
421.01 5.94722851063e-52
421.02 3.81698386587e-52
421.03 2.44765236107e-52
421.04 1.56820508845e-52
421.05 1.00387512896e-52
421.06 6.42066843197e-53
421.07 4.10302822219e-53
421.08 2.61970553529e-53
421.09 1.67118359489e-53
421.1 1.06517155998e-53
421.11 6.7832632734e-54
421.12 4.31600060468e-54
421.13 2.74377208249e-54
421.14 1.74276280113e-54
421.15 1.10599265427e-54
421.16 7.01277517723e-55
421.17 4.44274413403e-55
421.18 2.81213652172e-55
421.19 1.7784645456e-55
421.2 1.12377077965e-55
421.21 7.09469894533e-56
421.22 4.47521515805e-56
421.23 2.82044464887e-56
421.24 1.77600815137e-56
421.25 1.11736751446e-56
421.26 7.02377901975e-57
421.27 4.41132800054e-57
421.28 2.7681624566e-57
421.29 1.73555152025e-57
421.3 1.08719428042e-57
421.31 6.80456739903e-58
421.32 4.25517664605e-58
421.33 2.65863293157e-58
421.34 1.65967433651e-58
421.35 1.03516859941e-58
421.36 6.45094016102e-59
421.37 4.0166006071e-59
421.38 2.49872233185e-59
421.39 1.55310586392e-59
421.4 9.64512439334e-60
421.41 5.98464397329e-60
421.42 3.71015896735e-60
421.43 2.29810797165e-60
421.44 1.4222372625e-60
421.45 8.79422128042e-61
421.46 5.43308422809e-61
421.47 3.35366129841e-61
421.48 2.06831019583e-61
421.49 1.27448831801e-61
421.5 7.84656827154e-62
421.51 4.82666735487e-62
421.52 2.96646133995e-62
421.53 1.8216029842e-62
421.54 1.11761565839e-62
421.55 6.85101532697e-63
421.56 4.196054428e-63
421.57 2.56773971992e-63
421.58 1.56994557823e-63
421.59 9.59051456556e-64
421.6 5.85359853123e-64
421.61 3.56966671195e-64
421.62 2.1749842589e-64
421.63 1.32406187134e-64
421.64 8.05349054784e-65
421.65 4.89422284221e-65
421.66 2.97171419286e-65
421.67 1.80282698399e-65
421.68 1.09275996015e-65
421.69 6.61788490693e-66
421.7 4.00439913448e-66
421.71 2.42091320985e-66
421.72 1.46232799429e-66
421.73 8.82539353933e-67
421.74 5.32165945103e-67
421.75 3.20614965803e-67
421.76 1.9299418093e-67
421.77 1.16072236064e-67
421.78 6.97487132262e-68
421.79 4.18762478191e-68
421.8 2.51201966651e-68
421.81 1.50557370644e-68
421.82 9.0158093712e-69
421.83 5.39425076593e-69
421.84 3.22464014073e-69
421.85 1.92599472031e-69
421.86 1.14935090257e-69
421.87 6.85289223924e-70
421.88 4.08243122038e-70
421.89 2.42989531151e-70
421.9 1.44504030977e-70
421.91 8.58610259386e-71
421.92 5.09724956473e-71
421.93 3.02342662972e-71
421.94 1.79178824431e-71
421.95 1.06095666253e-71
421.96 6.27671368246e-72
421.97 3.71014347798e-72
421.98 2.19115350516e-72
421.99 1.29294072603e-72
422.0 7.62268791498e-73
422.01 4.49015544304e-73
422.02 2.64264195095e-73
422.03 1.55395696193e-73
422.04 9.12984407678e-74
422.05 5.35934169358e-74
422.06 3.14328128036e-74
422.07 1.84195390469e-74
422.08 1.07844495151e-74
422.09 6.30871514481e-75
422.1 3.6872923076e-75
422.11 2.15326721964e-75
422.12 1.2563539312e-75
422.13 7.3240245202e-76
422.14 4.26590607112e-76
422.15 2.4825414033e-76
422.16 1.44346222965e-76
422.17 8.38567566382e-77
422.18 4.86737055045e-77
422.19 2.82276336107e-77
422.2 1.63560430836e-77
422.21 9.46903523267e-78
422.22 5.47717896547e-78
422.23 3.16542365336e-78
422.24 1.82780755213e-78
422.25 1.0545151027e-78
422.26 6.07853404157e-79
422.27 3.50081059654e-79
422.28 2.01447595998e-79
422.29 1.1581885729e-79
422.3 6.65304061792e-80
422.31 3.81842958776e-80
422.32 2.18964197977e-80
422.33 1.25454183275e-80
422.34 7.18159478254e-81
422.35 4.10752635213e-81
422.36 2.3472726181e-81
422.37 1.3402024863e-81
422.38 7.64541419421e-82
422.39 4.35767994933e-82
422.4 2.481608994e-82
422.41 1.41200128259e-82
422.42 8.02713450955e-83
422.43 4.55942107353e-83
422.44 2.58751321465e-83
422.45 1.46716569283e-83
422.46 8.31188378682e-84
422.47 4.70482500146e-84
422.48 2.66079366892e-84
422.49 1.50349724036e-84
422.5 8.4882426209e-85
422.51 4.7880276132e-85
422.52 2.69848010605e-85
422.53 1.51951680493e-85
422.54 8.54900373424e-86
422.55 4.80561770072e-86
422.56 2.69902335708e-86
422.57 1.514564523e-86
422.58 8.49166062699e-87
422.59 4.75686899351e-87
422.6 2.66240098474e-87
422.61 1.4888448811e-87
422.62 8.31857911604e-88
422.63 4.64378990711e-88
422.64 2.59011882087e-88
422.65 1.44341270787e-88
422.66 8.03683540247e-89
422.67 4.47098626574e-89
422.68 2.48510824451e-89
422.69 1.38010140196e-89
422.7 7.65773611374e-90
422.71 4.24535007512e-90
422.72 2.3515289661e-90
422.73 1.30140020155e-90
422.74 7.19606568807e-91
422.75 3.97560365313e-91
422.76 2.19449580722e-91
422.77 1.21029194352e-91
422.78 6.66913090108e-92
422.79 3.67174112441e-92
422.8 2.01975447106e-92
422.81 1.11006603631e-92
422.82 6.09568848434e-93
422.83 3.34441703262e-93
422.84 1.83333487947e-93
422.85 1.00412293771e-93
422.86 5.49484805238e-94
422.87 3.00433390841e-94
422.88 1.64121101838e-94
422.89 8.9578618621e-95
422.9 4.88503872089e-95
422.91 2.66167712671e-95
422.92 1.44899353239e-95
422.93 7.88136124513e-96
422.94 4.28311498365e-96
422.95 2.32563709258e-96
422.96 1.26167608207e-96
422.97 6.83876227239e-97
422.98 3.70365783007e-97
422.99 2.00404707436e-97
423.0 1.0834495494e-97
423.01 5.85238893273e-98
423.02 3.15850362688e-98
423.03 1.7031515417e-98
423.04 9.17590516906e-99
423.05 4.93933240001e-99
423.06 2.6565090713e-99
423.07 1.42750640439e-99
423.08 7.66423018893e-100
423.09 4.11133369008e-100
423.1 2.20353841783e-100
423.11 1.18000062893e-100
423.12 6.31346189186e-101
423.13 3.37502194108e-101
423.14 1.80264143812e-101
423.15 9.61979489103e-102
423.16 5.12915693174e-102
423.17 2.73243521695e-102
423.18 1.45437859369e-102
423.19 7.73443841762e-103
423.2 4.10964029107e-103
423.21 2.18173775791e-103
423.22 1.15724415898e-103
423.23 6.13297450913e-104
423.24 3.24743924132e-104
423.25 1.71804534241e-104
423.26 9.08138151746e-105
423.27 4.79615194533e-105
423.28 2.5307990228e-105
423.29 1.33427729341e-105
423.3 7.028428725e-106
423.31 3.69908326517e-106
423.32 1.94515261776e-106
423.33 1.02196722792e-106
423.34 5.36468181951e-107
423.35 2.81367985514e-107
423.36 1.47444679563e-107
423.37 7.71982122719e-108
423.38 4.03839776601e-108
423.39 2.11073958614e-108
423.4 1.10225970171e-108
423.41 5.75117943027e-109
423.42 2.99815179428e-109
423.43 1.56161520656e-109
423.44 8.12677347014e-110
423.45 4.2255767226e-110
423.46 2.19521742468e-110
423.47 1.13944352177e-110
423.48 5.90924203391e-111
423.49 3.06192441497e-111
423.5 1.58518832679e-111
423.51 8.19956811362e-112
423.52 4.23764725363e-112
423.53 2.18817645202e-112
423.54 1.12892109914e-112
423.55 5.8192705951e-113
423.56 2.99707235072e-113
423.57 1.54223166047e-113
423.58 7.9291332153e-114
423.59 4.07310425825e-114
423.6 2.09049460764e-114
423.61 1.07200371163e-114
423.62 5.49246425135e-115
423.63 2.81165416594e-115
423.64 1.43807082713e-115
423.65 7.34890043769e-116
423.66 3.75221887302e-116
423.67 1.91415752909e-116
423.68 9.75642928007e-117
423.69 4.96852910638e-117
423.7 2.5280664681e-117
423.71 1.2852063146e-117
423.72 6.52801172298e-118
423.73 3.31293345926e-118
423.74 1.67984113983e-118
423.75 8.51035008049e-119
423.76 4.30774860529e-119
423.77 2.17859743497e-119
423.78 1.10084794984e-119
423.79 5.5577806249e-120
423.8 2.80349105936e-120
423.81 1.41293005384e-120
423.82 7.11485187565e-121
423.83 3.57960227505e-121
423.84 1.79939869196e-121
423.85 9.03740485181e-122
423.86 4.53506783932e-122
423.87 2.27377533181e-122
423.88 1.13902964011e-122
423.89 5.70093662407e-123
423.9 2.85089428333e-123
423.91 1.42442545372e-123
423.92 7.11085873084e-124
423.93 3.54672967226e-124
423.94 1.76749355299e-124
423.95 8.80058011701e-125
423.96 4.37812821632e-125
423.97 2.17615268589e-125
423.98 1.08072192857e-125
423.99 5.36243790527e-126
424.0 2.65848553345e-126
424.01 1.31683099123e-126
424.02 6.51702653201e-127
424.03 3.22249796454e-127
424.04 1.59206035138e-127
424.05 7.85868921938e-128
424.06 3.87582727473e-128
424.07 1.90986393255e-128
424.08 9.40295055433e-129
424.09 4.62540313077e-129
424.1 2.27331040735e-129
424.11 1.11632744703e-129
424.12 5.47706856861e-130
424.13 2.68490216851e-130
424.14 1.31502032647e-130
424.15 6.4351722852e-131
424.16 3.1463831217e-131
424.17 1.53704556232e-131
424.18 7.50214737925e-132
424.19 3.65854291991e-132
424.2 1.78260216439e-132
424.21 8.6780953422e-133
424.22 4.22102687638e-133
424.23 2.05132999373e-133
424.24 9.96039715068e-134
424.25 4.8321620821e-134
424.26 2.34223271873e-134
424.27 1.13433754301e-134
424.28 5.48881105908e-135
424.29 2.65361534015e-135
424.3 1.28180325287e-135
424.31 6.1862644626e-136
424.32 2.9830415832e-136
424.33 1.43718886981e-136
424.34 6.91818379124e-137
424.35 3.32731607555e-137
424.36 1.59889422372e-137
424.37 7.67660370634e-138
424.38 3.68249547331e-138
424.39 1.76497693557e-138
424.4 8.45200138968e-139
424.41 4.04393156634e-139
424.42 1.93317757183e-139
424.43 9.23343743449e-140
424.44 4.40634792568e-140
424.45 2.10096043519e-140
424.46 1.00087691923e-140
424.47 4.76394991718e-141
424.48 2.26556962054e-141
424.49 1.07649334763e-141
424.5 5.11056599321e-142
424.51 2.42409906259e-142
424.52 1.14882912969e-142
424.53 5.43981621056e-143
424.54 2.57357439646e-143
424.55 1.21650231626e-143
424.56 5.745302045e-144
424.57 2.71104360854e-144
424.58 1.27815597305e-144
424.59 6.02080992405e-145
424.6 2.83367273983e-145
424.61 1.33250295307e-145
424.62 6.26051961536e-146
424.63 2.9388423768e-146
424.64 1.37837033897e-146
424.65 6.45920780649e-147
424.66 3.02424037692e-147
424.67 1.41474142529e-147
424.68 6.61243697736e-148
424.69 3.08794626122e-148
424.7 1.4407931475e-148
424.71 6.71672004693e-149
424.72 3.12850297832e-149
424.73 1.45592703588e-149
424.74 6.76965226953e-150
424.75 3.14497229712e-150
424.76 1.45979206886e-150
424.77 6.77000341549e-151
424.78 3.1369708878e-151
424.79 1.45229820752e-151
424.8 6.71776530214e-152
424.81 3.10468515364e-152
424.82 1.43361988242e-152
424.83 6.61415211081e-153
424.84 3.04886401219e-153
424.85 1.40418924423e-153
424.86 6.4615534726e-154
424.87 2.97079001633e-154
424.88 1.36467954284e-154
424.89 6.26344285429e-155
424.9 2.87223037015e-155
424.91 1.31597952754e-155
424.92 6.02424614874e-156
424.93 2.75537045184e-156
424.94 1.25916022756e-156
424.95 5.74917741077e-157
424.96 2.62273333473e-157
424.97 1.19543584582e-157
424.98 5.44405024607e-158
424.99 2.47708944074e-158
425.0 1.12612075718e-158
425.01 5.11507436229e-159
425.02 2.32136083246e-159
425.03 1.05258473065e-159
425.04 4.76864717998e-160
425.05 2.15852473379e-160
425.06 9.76208489477e-161
425.07 4.41115017475e-161
425.08 1.9915206731e-161
425.09 8.98341591557e-162
425.1 4.04875882716e-162
425.11 1.8231651937e-162
425.12 8.20264368798e-163
425.13 3.68727377859e-163
425.14 1.65607741979e-163
425.15 7.43155333389e-164
425.16 3.33197914642e-164
425.17 1.49261795968e-164
425.18 6.68065067714e-165
425.19 2.98753207628e-165
425.2 1.33484273648e-165
425.21 5.95897194668e-166
425.22 2.65788564541e-166
425.23 1.18447242577e-166
425.24 5.27396606079e-167
425.25 2.34624531785e-167
425.26 1.04287731281e-167
425.27 4.63144736751e-168
425.28 2.05505741002e-168
425.29 9.11076609884e-169
425.3 4.03561333039e-169
425.31 1.78602655275e-169
425.32 7.89750640951e-170
425.33 3.48911894861e-170
425.34 1.54015800054e-170
425.35 6.79263829977e-171
425.36 2.9931977863e-171
425.37 1.3178198766e-171
425.38 5.79696134642e-172
425.39 2.54781838941e-172
425.4 1.11882005809e-172
425.41 4.90880445548e-173
425.42 2.15186455981e-173
425.43 9.4249237722e-174
425.44 4.12443508182e-174
425.45 1.80332835155e-174
425.46 7.87787093746e-175
425.47 3.43848096841e-175
425.48 1.49950563044e-175
425.49 6.53361123263e-176
425.5 2.84434446211e-176
425.51 1.23718544926e-176
425.52 5.37664211433e-177
425.53 2.33459294031e-177
425.54 1.01282618041e-177
425.55 4.3901805594e-178
425.56 1.90131273985e-178
425.57 8.22713164546e-179
425.58 3.55686226191e-179
425.59 1.53641791001e-179
425.6 6.63094441003e-180
425.61 2.85933556095e-180
425.62 1.23190885372e-180
425.63 5.30292811504e-181
425.64 2.28074439359e-181
425.65 9.80079272464e-182
425.66 4.20793967811e-182
425.67 1.80510105058e-182
425.68 7.73672650963e-183
425.69 3.31311631794e-183
425.7 1.41755472696e-183
425.71 6.05991730944e-184
425.72 2.58831586345e-184
425.73 1.1045657245e-184
425.74 4.70966008678e-185
425.75 2.00637116299e-185
425.76 8.53997704354e-186
425.77 3.63183276051e-186
425.78 1.54318748602e-186
425.79 6.55141719822e-187
425.8 2.77891672454e-187
425.81 1.17771314137e-187
425.82 4.98686052919e-188
425.83 2.10978711561e-188
425.84 8.91812924198e-189
425.85 3.76645341677e-189
425.86 1.5893339173e-189
425.87 6.70071914452e-190
425.88 2.82261335033e-190
425.89 1.18796892353e-190
425.9 4.99554046345e-191
425.91 2.09886059853e-191
425.92 8.81065956456e-192
425.93 3.6953617525e-192
425.94 1.54856418466e-192
425.95 6.48373377618e-193
425.96 2.71234450747e-193
425.97 1.13367413732e-193
425.98 4.73429526614e-194
425.99 1.97535953919e-194
426.0 8.23494456829e-195
426.01 3.43003790053e-195
426.02 1.42744988531e-195
426.03 5.93535273203e-196
426.04 2.46578899491e-196
426.05 1.02350271411e-196
426.06 4.24468825746e-197
426.07 1.75883991776e-197
426.08 7.28166239945e-198
426.09 3.0120243504e-198
426.1 1.2448302398e-198
426.11 5.1402648159e-199
426.12 2.12072604364e-199
426.13 8.74193068298e-200
426.14 3.60042575587e-200
426.15 1.48157647516e-200
426.16 6.09141235488e-201
426.17 2.50227846661e-201
426.18 1.02701548048e-201
426.19 4.21155089817e-202
426.2 1.72556303985e-202
426.21 7.06388009512e-203
426.22 2.88921273232e-203
426.23 1.18069964829e-203
426.24 4.82084380037e-204
426.25 1.96666504585e-204
426.26 8.01606906471e-205
426.27 3.26449655141e-205
426.28 1.3282954668e-205
426.29 5.40003878798e-206
426.3 2.19342495736e-206
426.31 8.90168853566e-207
426.32 3.60948898551e-207
426.33 1.46232114452e-207
426.34 5.91920677114e-208
426.35 2.39391086037e-208
426.36 9.67333328843e-209
426.37 3.90542264614e-209
426.38 1.57537388411e-209
426.39 6.34925771767e-210
426.4 2.55673656155e-210
426.41 1.028662057e-210
426.42 4.13507291736e-211
426.43 1.66079999999e-211
426.44 6.66461724573e-212
426.45 2.67212519238e-212
426.46 1.07043944194e-212
426.47 4.28441091337e-213
426.48 1.71334114091e-213
426.49 6.84573813354e-214
426.5 2.73287919058e-214
426.51 1.09004467505e-214
426.52 4.34402058082e-215
426.53 1.72966964236e-215
426.54 6.88110467886e-216
426.55 2.73512310715e-216
426.56 1.08622377695e-216
426.57 4.31008111975e-217
426.58 1.70873728356e-217
426.59 6.76844430421e-218
426.6 2.67871269605e-218
426.61 1.05922232345e-218
426.62 4.18477224485e-219
426.63 1.6518866396e-219
426.64 6.51496920403e-220
426.65 2.56725025814e-220
426.66 1.01075932739e-220
426.67 3.97604253528e-221
426.68 1.56270858611e-221
426.69 6.13661231667e-222
426.7 2.40770397056e-222
426.71 9.43846137776e-223
426.72 3.69677509415e-223
426.73 1.44666697941e-223
426.74 5.65637013089e-224
426.75 2.20968712058e-224
426.76 8.62476877951e-225
426.77 3.36347225867e-225
426.78 1.31054504166e-225
426.79 5.10199191156e-226
426.8 1.98450086427e-226
426.81 7.71234646816e-227
426.82 2.99464594307e-227
426.83 1.16179137303e-227
426.84 4.50333778802e-228
426.85 1.74407281616e-228
426.86 6.74867345591e-229
426.87 2.60913126448e-229
426.88 1.00785291329e-229
426.89 3.88975362923e-230
426.9 1.4999291533e-230
426.91 5.77887247138e-231
426.92 2.22453471339e-231
426.93 8.55576754211e-232
426.94 3.28777794711e-232
426.95 1.26232066597e-232
426.96 4.84239953266e-233
426.97 1.85598840285e-233
426.98 7.10744667367e-234
426.99 2.71941616087e-234
427.0 1.03958846218e-234
427.01 3.97073533028e-235
427.02 1.51531925509e-235
427.03 5.77778072954e-236
427.04 2.20110967536e-236
427.05 8.37810930467e-237
427.06 3.1862076339e-237
427.07 1.2106701595e-237
427.08 4.59622536204e-238
427.09 1.74341389959e-238
427.1 6.60729056447e-239
427.11 2.50190042099e-239
427.12 9.46542997613e-240
427.13 3.57795098079e-240
427.14 1.35130112424e-240
427.15 5.09910086013e-241
427.16 1.92246649325e-241
427.17 7.24181904232e-242
427.18 2.7255883882e-242
427.19 1.02493561544e-242
427.2 3.85085008319e-243
427.21 1.4455740746e-243
427.22 5.42185380017e-244
427.23 2.03179069493e-244
427.24 7.60735781414e-245
427.25 2.84585280356e-245
427.26 1.06368916424e-245
427.27 3.97228819373e-246
427.28 1.48214425979e-246
427.29 5.52540244784e-247
427.3 2.05807438605e-247
427.31 7.65917393226e-248
427.32 2.84791162875e-248
427.33 1.0580222437e-248
427.34 3.92723419204e-249
427.35 1.45647325671e-249
427.36 5.39686980977e-250
427.37 1.99804415265e-250
427.38 7.39080821629e-251
427.39 2.73150812937e-251
427.4 1.00864136372e-251
427.41 3.72130069251e-252
427.42 1.37175472792e-252
427.43 5.05221565427e-253
427.44 1.85913534326e-253
427.45 6.83539862335e-254
427.46 2.5109634933e-254
427.47 9.215961739e-255
427.48 3.3795948532e-255
427.49 1.23826138448e-255
427.5 4.53297925507e-256
427.51 1.65797831502e-256
427.52 6.05895424738e-257
427.53 2.21228060833e-257
427.54 8.07061192122e-258
427.55 2.94168678223e-258
427.56 1.07129753625e-258
427.57 3.89805080945e-259
427.58 1.41712642941e-259
427.59 5.14746511756e-260
427.6 1.86810782376e-260
427.61 6.77382821752e-261
427.62 2.45408799482e-261
427.63 8.88320726909e-262
427.64 3.21272218722e-262
427.65 1.16091457084e-262
427.66 4.19132235953e-263
427.67 1.5119087442e-263
427.68 5.44908780306e-264
427.69 1.96221117844e-264
427.7 7.05978373913e-265
427.71 2.53781968781e-265
427.72 9.11494052713e-266
427.73 3.27092532218e-266
427.74 1.17276536367e-266
427.75 4.20121923987e-267
427.76 1.50370717798e-267
427.77 5.37743181725e-268
427.78 1.92136672276e-268
427.79 6.85913466295e-269
427.8 2.44653879303e-269
427.81 8.71883775439e-270
427.82 3.10447951355e-270
427.83 1.1044414894e-270
427.84 3.92572921654e-271
427.85 1.39418908972e-271
427.86 4.94705492322e-272
427.87 1.7538623156e-272
427.88 6.21252248971e-273
427.89 2.19869082243e-273
427.9 7.77470762274e-274
427.91 2.74680405944e-274
427.92 9.69605360362e-275
427.93 3.41968455987e-275
427.94 1.20503815942e-275
427.95 4.24267011093e-276
427.96 1.49245567504e-276
427.97 5.24550531583e-277
427.98 1.84203099561e-277
427.99 6.46294185154e-278
428.0 2.26562107445e-278
428.01 7.93538524361e-279
428.02 2.77697818325e-279
428.03 9.70958420847e-280
428.04 3.39197396273e-280
428.05 1.18393565463e-280
428.06 4.128833806e-281
428.07 1.43863432064e-281
428.08 5.00837851806e-282
428.09 1.7420779505e-282
428.1 6.0542693186e-283
428.11 2.10222695842e-283
428.12 7.29325130514e-284
428.13 2.52805470939e-284
428.14 8.75538948636e-285
428.15 3.02962018359e-285
428.16 1.04742904537e-285
428.17 3.6181348784e-286
428.18 1.24873017107e-286
428.19 4.30602126155e-287
428.2 1.48356796606e-287
428.21 5.10695977488e-288
428.22 1.75647162972e-288
428.23 6.0359211036e-289
428.24 2.07238138116e-289
428.25 7.10918018469e-290
428.26 2.43664956488e-290
428.27 8.34430824805e-291
428.28 2.85503420985e-291
428.29 9.76013908139e-292
428.3 3.33368383231e-292
428.31 1.13767057033e-292
428.32 3.87911228762e-293
428.33 1.32151437356e-293
428.34 4.49816253045e-294
428.35 1.52975580022e-294
428.36 5.19795823898e-295
428.37 1.7646849261e-295
428.38 5.98584240332e-296
428.39 2.02864985107e-296
428.4 6.86930217267e-297
428.41 2.32403070105e-297
428.42 7.85587950241e-298
428.43 2.65320910134e-298
428.44 8.95306744047e-299
428.45 3.01853312364e-299
428.46 1.01681922406e-299
428.47 3.42227782673e-300
428.48 1.15082818844e-300
428.49 3.86660164179e-301
428.5 1.29799220262e-301
428.51 4.35349899555e-302
428.52 1.45891008399e-302
428.53 4.88474971467e-303
428.54 1.63410447292e-303
428.55 5.46186590891e-304
428.56 1.824004735e-304
428.57 6.0860371843e-305
428.58 2.02892948765e-305
428.59 6.75807518589e-306
428.6 2.24906908915e-306
428.61 7.47835860611e-307
428.62 2.48446846932e-307
428.63 8.24677991519e-308
428.64 2.73501071526e-308
428.65 9.06269516651e-309
428.66 3.0004018523e-309
428.67 9.92487829849e-310
428.68 3.28015727627e-310
428.69 1.08314813885e-310
428.7 3.57359029854e-311
428.71 1.17800023099e-311
428.72 3.87980325685e-312
428.73 1.27672611974e-312
428.74 4.19768162363e-313
428.75 1.3789387032e-313
428.76 4.5258915063e-314
428.77 1.48418155229e-314
428.78 4.86288088654e-315
428.79 1.59192992536e-315
428.8 5.20688486803e-316
428.81 1.7015931116e-316
428.82 5.55593518167e-317
428.83 1.81251786482e-317
428.84 5.90787395131e-318
428.85 1.92399537869e-318
428.86 6.26035520502e-319
428.87 2.03525402148e-319
428.88 6.611092407e-320
428.89 2.14572709989e-320
428.9 6.95644429344e-321
428.91 2.25293934504e-321
428.92 7.31217155845e-322
428.93 2.37151510004e-322
428.94 7.41098468762e-323
428.95 2.47032822921e-323
428.96 9.88131291682e-324
428.97 4.94065645841e-324
428.98 0.0
428.99 0.0
429.0 0.0
429.01 0.0
429.02 0.0
429.03 0.0
429.04 0.0
429.05 0.0
429.06 0.0
429.07 0.0
429.08 0.0
429.09 0.0
429.1 0.0
429.11 0.0
429.12 0.0
429.13 0.0
429.14 0.0
429.15 0.0
429.16 0.0
429.17 0.0
429.18 0.0
429.19 0.0
429.2 0.0
429.21 0.0
429.22 0.0
429.23 0.0
429.24 0.0
429.25 0.0
429.26 0.0
429.27 0.0
429.28 0.0
429.29 0.0
429.3 0.0
429.31 0.0
429.32 0.0
429.33 0.0
429.34 0.0
429.35 0.0
429.36 0.0
429.37 0.0
429.38 0.0
429.39 0.0
429.4 0.0
429.41 0.0
429.42 0.0
429.43 0.0
429.44 0.0
429.45 0.0
429.46 0.0
429.47 0.0
429.48 0.0
429.49 0.0
429.5 0.0
429.51 0.0
429.52 0.0
429.53 0.0
429.54 0.0
429.55 0.0
429.56 0.0
429.57 0.0
429.58 0.0
429.59 0.0
429.6 0.0
429.61 0.0
429.62 0.0
429.63 0.0
429.64 0.0
429.65 0.0
429.66 0.0
429.67 0.0
429.68 0.0
429.69 0.0
429.7 0.0
429.71 0.0
429.72 0.0
429.73 0.0
429.74 0.0
429.75 0.0
429.76 0.0
429.77 0.0
429.78 0.0
429.79 0.0
429.8 0.0
429.81 0.0
429.82 0.0
429.83 0.0
429.84 0.0
429.85 0.0
429.86 0.0
429.87 0.0
429.88 0.0
429.89 0.0
429.9 0.0
429.91 0.0
429.92 0.0
429.93 0.0
429.94 0.0
429.95 0.0
429.96 0.0
429.97 0.0
429.98 0.0
429.99 0.0
