400.0 6.24692521133e-26
400.01 8.43955606334e-26
400.02 1.13919117242e-25
400.03 1.53637535459e-25
400.04 2.07024509989e-25
400.05 2.78721141088e-25
400.06 3.74922729246e-25
400.07 5.03891857769e-25
400.08 6.76638374147e-25
400.09 9.07819736375e-25
400.1 1.21693204887e-24
400.11 1.62988419996e-24
400.12 2.1810764235e-24
400.13 2.91614241193e-24
400.14 3.89556349787e-24
400.15 5.19942788228e-24
400.16 6.93369194023e-24
400.17 9.23841012844e-24
400.18 1.22985425173e-23
400.19 1.63581342432e-23
400.2 2.17389018362e-23
400.21 2.88645736806e-23
400.22 3.82927367449e-23
400.23 5.07564661283e-23
400.24 6.721869252e-23
400.25 8.89431398542e-23
400.26 1.17586798289e-22
400.27 1.55320359267e-22
400.28 2.04984923428e-22
400.29 2.70295718257e-22
400.3 3.56106683511e-22
400.31 4.68753793973e-22
400.32 6.16500139821e-22
400.33 8.1011239214e-22
400.34 1.06360674834e-21
400.35 1.39521329272e-21
400.36 1.82862157264e-21
400.37 2.39458790776e-21
400.38 3.13300756624e-21
400.39 4.09558378463e-21
400.4 5.34926235606e-21
400.41 6.98064728413e-21
400.42 9.10167247571e-21
400.43 1.18568799996e-20
400.44 1.54327513224e-20
400.45 2.00696595006e-20
400.46 2.60771642854e-20
400.47 3.38535669322e-20
400.48 4.39108878087e-20
400.49 5.69067409336e-20
400.5 7.36849720044e-20
400.51 9.5327421075e-20
400.52 1.23219793825e-19
400.53 1.5913540876e-19
400.54 2.05341572134e-19
400.55 2.64734568307e-19
400.56 3.41010803267e-19
400.57 4.38883581133e-19
400.58 5.6435742432e-19
400.59 7.25074887654e-19
400.6 9.30754613838e-19
400.61 1.19374411615e-18
400.62 1.52971668185e-18
400.63 1.95854914715e-18
400.64 2.5054264491e-18
400.65 3.20223023777e-18
400.66 4.08928296098e-18
400.67 5.21753635955e-18
400.68 6.6513150296e-18
400.69 8.47175259471e-18
400.7 1.07810912818e-17
400.71 1.37080567747e-17
400.72 1.7414570921e-17
400.73 2.21041273803e-17
400.74 2.80322323018e-17
400.75 3.55194068566e-17
400.76 4.49673649142e-17
400.77 5.68791221481e-17
400.78 7.18839682822e-17
400.79 9.07684491514e-17
400.8 1.1451476841e-16
400.81 1.4434834054e-16
400.82 1.81796619964e-16
400.83 2.28761810883e-16
400.84 2.87610647395e-16
400.85 3.61285145882e-16
400.86 4.53439098328e-16
400.87 5.68606128658e-16
400.88 7.12406413019e-16
400.89 8.91800716027e-16
400.9 1.11540227418e-15
400.91 1.39385933201e-15
400.92 1.74032388627e-15
400.93 2.17102551454e-15
400.94 2.70597317113e-15
400.95 3.36981266226e-15
400.96 4.1928733259e-15
400.97 5.21244443337e-15
400.98 6.47433022932e-15
400.99 8.03474260715e-15
401.0 9.96260250067e-15
401.01 1.23423355445e-14
401.02 1.52772648656e-14
401.03 1.88937245557e-14
401.04 2.33460420626e-14
401.05 2.88225671832e-14
401.06 3.55529604052e-14
401.07 4.38169950671e-14
401.08 5.39551773896e-14
401.09 6.63815473003e-14
401.1 8.15990927781e-14
401.11 1.0021829314e-13
401.12 1.22979404534e-13
401.13 1.50779216559e-13
401.14 1.84703145464e-13
401.15 2.2606369041e-13
401.16 2.76446468966e-13
401.17 3.37765271203e-13
401.18 4.12327834098e-13
401.19 5.02914345953e-13
401.2 6.12871051708e-13
401.21 7.46221753108e-13
401.22 9.07800492677e-13
401.23 1.10340928896e-12
401.24 1.34000546577e-12
401.25 1.62592390557e-12
401.26 1.97114047412e-12
401.27 2.3875839302e-12
401.28 2.88950487362e-12
401.29 3.4939117232e-12
401.3 4.22108538351e-12
401.31 5.09518618966e-12
401.32 6.14496895163e-12
401.33 7.40462449796e-12
401.34 8.91476909275e-12
401.35 1.07236065272e-11
401.36 1.28882916309e-11
401.37 1.54765284799e-11
401.38 1.85684417854e-11
401.39 2.22587659091e-11
401.4 2.66594027875e-11
401.41 3.19024078592e-11
401.42 3.81434720142e-11
401.43 4.55659777684e-11
401.44 5.43857194637e-11
401.45 6.48563904955e-11
401.46 7.72759555672e-11
401.47 9.19940429931e-11
401.48 1.09420511365e-10
401.49 1.3003536673e-10
401.5 1.54400231113e-10
401.51 1.83171591076e-10
401.52 2.17116086412e-10
401.53 2.57128134433e-10
401.54 3.04250225037e-10
401.55 3.59696266385e-10
401.56 4.24878410988e-10
401.57 5.01437848031e-10
401.58 5.91280110278e-10
401.59 6.96615513789e-10
401.6 8.20005426455e-10
401.61 9.64415147982e-10
401.62 1.13327428017e-09
401.63 1.330545573e-09
401.64 1.56080335043e-09
401.65 1.82932275022e-09
401.66 2.14218115677e-09
401.67 2.50637336481e-09
401.68 2.92994218683e-09
401.69 3.42212640957e-09
401.7 3.99352821565e-09
401.71 4.65630241718e-09
401.72 5.42437010066e-09
401.73 6.31365955728e-09
401.74 7.3423776726e-09
401.75 8.53131527455e-09
401.76 9.90419029217e-09
401.77 1.1488032959e-08
401.78 1.33136177073e-08
401.79 1.54159468455e-08
401.8 1.78347915854e-08
401.81 2.06152965043e-08
401.82 2.38086540703e-08
401.83 2.74728564486e-08
401.84 3.16735324307e-08
401.85 3.64848779898e-08
401.86 4.19906896696e-08
401.87 4.82855107549e-08
401.88 5.54759009545e-08
401.89 6.36818411452e-08
401.9 7.30382855865e-08
401.91 8.36968749068e-08
401.92 9.5827824093e-08
401.93 1.09622000674e-07
401.94 1.25293209278e-07
401.95 1.43080699754e-07
401.96 1.63251917088e-07
401.97 1.86105512375e-07
401.98 2.11974635169e-07
401.99 2.41230528597e-07
402.0 2.7428644963e-07
402.01 3.11601937958e-07
402.02 3.53687457885e-07
402.03 4.01109438616e-07
402.04 4.54495739187e-07
402.05 5.14541565109e-07
402.06 5.82015864508e-07
402.07 6.57768232188e-07
402.08 7.42736350487e-07
402.09 8.37953996185e-07
402.1 9.44559642853e-07
402.11 1.06380568802e-06
402.12 1.1970683343e-06
402.13 1.34585815312e-06
402.14 1.5118313589e-06
402.15 1.69680182057e-06
402.16 1.90275383568e-06
402.17 2.13185569099e-06
402.18 2.38647403087e-06
402.19 2.66918905246e-06
402.2 2.98281054372e-06
402.21 3.33039477646e-06
402.22 3.71526226316e-06
402.23 4.14101638114e-06
402.24 4.61156286307e-06
402.25 5.13113014679e-06
402.26 5.70429057134e-06
402.27 6.33598239902e-06
402.28 7.03153263575e-06
402.29 7.796680614e-06
402.3 8.63760229341e-06
402.31 9.56093522483e-06
402.32 1.05738041135e-05
402.33 1.16838469061e-05
402.34 1.28992413147e-05
402.35 1.42287316797e-05
402.36 1.56816560598e-05
402.37 1.72679734252e-05
402.38 1.89982908162e-05
402.39 2.08838903155e-05
402.4 2.29367556681e-05
402.41 2.51695983687e-05
402.42 2.75958830219e-05
402.43 3.02298517647e-05
402.44 3.30865475285e-05
402.45 3.61818359012e-05
402.46 3.9532425337e-05
402.47 4.3155885449e-05
402.48 4.70706631044e-05
402.49 5.12960960331e-05
402.5 5.58524236463e-05
402.51 6.07607947556e-05
402.52 6.60432718701e-05
402.53 7.17228317465e-05
402.54 7.78233618588e-05
402.55 8.43696524532e-05
402.56 9.13873838504e-05
402.57 9.89031086608e-05
402.58 0.000106944228581
402.59 0.000115538965449
402.6 0.000124716326231
402.61 0.000134506061661
402.62 0.000144938618213
402.63 0.000156045083165
402.64 0.000167857122493
402.65 0.000180406911376
402.66 0.000193727057132
402.67 0.000207850514407
402.68 0.000222810492511
402.69 0.000238640354822
402.7 0.000255373510203
402.71 0.000273043296463
402.72 0.000291682855909
402.73 0.000311325003109
402.74 0.000332002085038
402.75 0.000353745833835
402.76 0.000376587212467
402.77 0.000400556253657
402.78 0.000425681892495
402.79 0.000451991793225
402.8 0.000479512170764
402.81 0.000508267607582
402.82 0.000538280866627
402.83 0.000569572701069
402.84 0.000602161661675
402.85 0.00063606390272
402.86 0.000671292987371
402.87 0.000707859693568
402.88 0.00074577182145
402.89 0.00078503400346
402.9 0.000825647518262
402.91 0.000867610109693
402.92 0.00091091581196
402.93 0.000955554782345
402.94 0.00100151314269
402.95 0.00104877283092
402.96 0.00109731146399
402.97 0.00114710221331
402.98 0.00119811369418
402.99 0.00125030987026
403.0 0.00130364997433
403.01 0.00135808844656
403.02 0.00141357489122
403.03 0.00147005405301
403.04 0.00152746581382
403.05 0.00158574521094
403.06 0.00164482247725
403.07 0.00170462310424
403.08 0.0017650679283
403.09 0.00182607324074
403.1 0.00188755092171
403.11 0.00194940859838
403.12 0.0020115498271
403.13 0.00207387429965
403.14 0.00213627807312
403.15 0.00219865382301
403.16 0.00226089111895
403.17 0.00232287672228
403.18 0.00238449490446
403.19 0.00244562778544
403.2 0.00250615569053
403.21 0.00256595752452
403.22 0.00262491116151
403.23 0.0026828938488
403.24 0.00273978262299
403.25 0.00279545473655
403.26 0.00284978809266
403.27 0.00290266168647
403.28 0.00295395605029
403.29 0.00300355370088
403.3 0.00305133958609
403.31 0.00309720152898
403.32 0.00314103066667
403.33 0.00318272188189
403.34 0.00322217422469
403.35 0.00325929132202
403.36 0.00329398177309
403.37 0.0033261595281
403.38 0.00335574424826
403.39 0.00338266164529
403.4 0.00340684379811
403.41 0.00342822944536
403.42 0.00344676425171
403.43 0.00346240104683
403.44 0.00347510003542
403.45 0.00348482897727
403.46 0.00349156333651
403.47 0.00349528639903
403.48 0.00349598935778
403.49 0.00349367136546
403.5 0.00348833955448
403.51 0.00348000902435
403.52 0.00346870279673
403.53 0.00345445173873
403.54 0.00343729445512
403.55 0.00341727715049
403.56 0.00339445346242
403.57 0.00336888426709
403.58 0.00334063745886
403.59 0.00330978770555
403.6 0.00327641618124
403.61 0.0032406102788
403.62 0.00320246330425
403.63 0.00316207415528
403.64 0.00311954698646
403.65 0.00307499086369
403.66 0.00302851941039
403.67 0.00298025044841
403.68 0.00293030563616
403.69 0.00287881010702
403.7 0.00282589211059
403.71 0.00277168265986
403.72 0.00271631518695
403.73 0.00265992521032
403.74 0.00260265001607
403.75 0.0025446283561
403.76 0.00248600016574
403.77 0.00242690630328
403.78 0.00236748831385
403.79 0.00230788821999
403.8 0.00224824834091
403.81 0.00218871114264
403.82 0.00212941912083
403.83 0.0020705147178
403.84 0.00201214027558
403.85 0.00195443802613
403.86 0.00189755011983
403.87 0.00184161869342
403.88 0.00178678597787
403.89 0.00173319444695
403.9 0.00168098700665
403.91 0.00163030722564
403.92 0.00158129960673
403.93 0.00153410989874
403.94 0.00148888544853
403.95 0.0014457755921
403.96 0.00140493208386
403.97 0.00136650956278
403.98 0.00133066605384
403.99 0.00129756350301
404.0 0.00126736834384
404.01 0.00124025209322
404.02 0.00121639197399
404.03 0.00119597156142
404.04 0.00117918145081
404.05 0.00116621994264
404.06 0.00115729374196
404.07 0.00115261866817
404.08 0.00115242037118
404.09 0.0011569350496
404.1 0.00116641016655
404.11 0.00118110515828
404.12 0.0012012921305
404.13 0.00122725653734
404.14 0.00125929783739
404.15 0.00129773012115
404.16 0.00134288270396
404.17 0.00139510067856
404.18 0.00145474542067
404.19 0.00152219504161
404.2 0.00159784478106
404.21 0.00168210733356
404.22 0.00177541310196
404.23 0.00187821037093
404.24 0.00199096539386
404.25 0.00211416238628
404.26 0.00224830341908
404.27 0.00239390820481
404.28 0.00255151377055
404.29 0.00272167401111
404.3 0.00290495911623
404.31 0.00310195486617
404.32 0.00331326178999
404.33 0.00353949418158
404.34 0.00378127896869
404.35 0.00403925443086
404.36 0.00431406876266
404.37 0.00460637847937
404.38 0.00491684666285
404.39 0.00524614104611
404.4 0.00559493193598
404.41 0.00596388997414
404.42 0.00635368373768
404.43 0.00676497718133
404.44 0.0071984269247
404.45 0.00765467938882
404.46 0.00813436778735
404.47 0.00863810897927
404.48 0.00916650019081
404.49 0.00972011561567
404.5 0.010299502904
404.51 0.0109051795516
404.52 0.0115376292021
404.53 0.0121972978764
404.54 0.0128845901449
404.55 0.013599865258
404.56 0.014343433254
404.57 0.0151155510621
404.58 0.0159164186202
404.59 0.0167461750293
404.6 0.0176048947651
404.61 0.0184925839696
404.62 0.019409176846
404.63 0.0203545321795
404.64 0.0213284300102
404.65 0.0223305684793
404.66 0.0233605608766
404.67 0.0244179329105
404.68 0.025502120227
404.69 0.0266124662007
404.7 0.0277482200208
404.71 0.0289085350961
404.72 0.0300924677986
404.73 0.0312989765692
404.74 0.032526921402
404.75 0.0337750637272
404.76 0.0350420667086
404.77 0.0363264959694
404.78 0.0376268207598
404.79 0.038941415577
404.8 0.040268562245
404.81 0.0416064524608
404.82 0.0429531908102
404.83 0.0443067982537
404.84 0.0456652160807
404.85 0.0470263103275
404.86 0.0483878766503
404.87 0.0497476456442
404.88 0.0511032885941
404.89 0.0524524236408
404.9 0.0537926223435
404.91 0.0551214166171
404.92 0.0564363060187
404.93 0.0577347653565
404.94 0.059014252591
404.95 0.0602722169959
404.96 0.0615061075448
404.97 0.0627133814861
404.98 0.0638915130681
404.99 0.0650380023745
405.0 0.0661503842279
405.01 0.067226237119
405.02 0.0682631921179
405.03 0.0692589417227
405.04 0.0702112486016
405.05 0.0711179541828
405.06 0.0719769870481
405.07 0.0727863710869
405.08 0.0735442333655
405.09 0.0742488116722
405.1 0.0748984616951
405.11 0.0754916637954
405.12 0.0760270293379
405.13 0.0765033065445
405.14 0.0769193858379
405.15 0.0772743046463
405.16 0.0775672516415
405.17 0.077797570387
405.18 0.0779647623752
405.19 0.0780684894377
405.2 0.0781085755128
405.21 0.078085007762
405.22 0.0779979370288
405.23 0.0778476776359
405.24 0.0776347065226
405.25 0.0773596617275
405.26 0.0770233402237
405.27 0.0766266951193
405.28 0.0761708322373
405.29 0.0756570060959
405.3 0.0750866153082
405.31 0.074461197429
405.32 0.0737824232746
405.33 0.0730520907471
405.34 0.072272118196
405.35 0.071444537352
405.36 0.07057148587
405.37 0.069655199521
405.38 0.0686980040709
405.39 0.0677023068907
405.4 0.0666705883365
405.41 0.0656053929448
405.42 0.0645093204854
405.43 0.0633850169135
405.44 0.0622351652652
405.45 0.0610624765383
405.46 0.0598696805987
405.47 0.0586595171539
405.48 0.057434726832
405.49 0.0561980424039
405.5 0.0549521801845
405.51 0.0536998316473
405.52 0.0524436552835
405.53 0.051186268737
405.54 0.0499302412411
405.55 0.0486780863838
405.56 0.0474322552234
405.57 0.0461951297753
405.58 0.0449690168872
405.59 0.0437561425193
405.6 0.04255864644
405.61 0.0413785773501
405.62 0.0402178884404
405.63 0.0390784333906
405.64 0.0379619628104
405.65 0.0368701211256
405.66 0.0358044439059
405.67 0.0347663556327
405.68 0.0337571679006
405.69 0.032778078046
405.7 0.031830168194
405.71 0.030914404714
405.72 0.0300316380716
405.73 0.0291826030646
405.74 0.0283679194301
405.75 0.0275880928067
405.76 0.0268435160373
405.77 0.0261344707971
405.78 0.0254611295283
405.79 0.024823557667
405.8 0.0242217161438
405.81 0.0236554641406
405.82 0.023124562088
405.83 0.022628674884
405.84 0.022167375318
405.85 0.0217401476835
405.86 0.021346391562
405.87 0.0209854257621
405.88 0.0206564923981
405.89 0.0203587610924
405.9 0.020091333286
405.91 0.0198532466431
405.92 0.0196434795353
405.93 0.0194609555908
405.94 0.0193045482965
405.95 0.0191730856385
405.96 0.0190653547693
405.97 0.0189801066892
405.98 0.01891606093
405.99 0.0188719102288
406.0 0.0188463251821
406.01 0.0188379588677
406.02 0.0188454514237
406.03 0.0188674345763
406.04 0.0189025361025
406.05 0.0189493842206
406.06 0.0190066118976
406.07 0.019072861063
406.08 0.0191467867209
406.09 0.0192270609489
406.1 0.0193123767773
406.11 0.0194014519372
406.12 0.0194930324691
406.13 0.0195858961846
406.14 0.0196788559712
406.15 0.0197707629331
406.16 0.0198605093591
406.17 0.0199470315112
406.18 0.0200293122263
406.19 0.0201063833235
406.2 0.0201773278123
406.21 0.020241281894
406.22 0.0202974367529
406.23 0.0203450401316
406.24 0.0203833976862
406.25 0.0204118741193
406.26 0.0204298940872
406.27 0.0204369428796
406.28 0.0204325668716
406.29 0.020416373747
406.3 0.0203880324939
406.31 0.0203472731746
406.32 0.0202938864723
406.33 0.020227723017
406.34 0.0201486924966
406.35 0.0200567625574
406.36 0.0199519575008
406.37 0.0198343567829
406.38 0.0197040933248
406.39 0.019561351644
406.4 0.0194063658136
406.41 0.0192394172633
406.42 0.0190608324303
406.43 0.0188709802731
406.44 0.0186702696614
406.45 0.0184591466531
406.46 0.0182380916737
406.47 0.0180076166105
406.48 0.0177682618361
406.49 0.0175205931765
406.5 0.0172651988356
406.51 0.0170026862947
406.52 0.0167336791968
406.53 0.0164588142344
406.54 0.0161787380522
406.55 0.0158941041797
406.56 0.0156055700078
406.57 0.0153137938215
406.58 0.0150194319024
406.59 0.0147231357128
406.6 0.0144255491734
406.61 0.0141273060441
406.62 0.0138290274208
406.63 0.0135313193541
406.64 0.0132347706019
406.65 0.012939950521
406.66 0.0126474071065
406.67 0.0123576651831
406.68 0.0120712247553
406.69 0.0117885595189
406.7 0.0115101155379
406.71 0.0112363100889
406.72 0.0109675306742
406.73 0.0107041342035
406.74 0.0104464463449
406.75 0.0101947610427
406.76 0.00994934019971
406.77 0.0097104135227
406.78 0.00947817852476
406.79 0.00925280068205
406.8 0.00903441373868
406.81 0.0088231201543
406.82 0.00861899168778
406.83 0.00842207011022
406.84 0.00823236803961
406.85 0.0080498698896
406.86 0.00787453292382
406.87 0.00770628840758
406.88 0.0075450428478
406.89 0.00739067931252
406.9 0.00724305882066
406.91 0.00710202179288
406.92 0.00696738955432
406.93 0.00683896587997
406.94 0.00671653857347
406.95 0.00659988107045
406.96 0.00648875405722
406.97 0.00638290709648
406.98 0.00628208025134
406.99 0.00618600569962
407.0 0.00609440933053
407.01 0.0060070123162
407.02 0.0059235326511
407.03 0.00584368665235
407.04 0.00576719041485
407.05 0.00569376121536
407.06 0.00562311885991
407.07 0.00555498696998
407.08 0.00548909420266
407.09 0.00542517540116
407.1 0.00536297267196
407.11 0.0053022363859
407.12 0.00524272610062
407.13 0.00518421140243
407.14 0.00512647266622
407.15 0.00506930173241
407.16 0.00501250250048
407.17 0.00495589143892
407.18 0.00489929801225
407.19 0.00484256502571
407.2 0.00478554888906
407.21 0.00472811980099
407.22 0.0046701618563
407.23 0.00461157307811
407.24 0.00455226537775
407.25 0.00449216444543
407.26 0.00443120957489
407.27 0.00436935342543
407.28 0.00430656172518
407.29 0.00424281291938
407.3 0.00417809776779
407.31 0.00411241889541
407.32 0.0040457903008
407.33 0.00397823682628
407.34 0.00390979359462
407.35 0.00384050541638
407.36 0.0037704261726
407.37 0.00369961817699
407.38 0.00362815152215
407.39 0.00355610341389
407.4 0.00348355749802
407.41 0.00341060318335
407.42 0.00333733496507
407.43 0.00326385175199
407.44 0.00319025620138
407.45 0.00311665406448
407.46 0.00304315354614
407.47 0.00296986468121
407.48 0.00289689873051
407.49 0.00282436759878
407.5 0.00275238327676
407.51 0.00268105730947
407.52 0.00261050029214
407.53 0.00254082139546
407.54 0.00247212792124
407.55 0.00240452488927
407.56 0.00233811465631
407.57 0.00227299656743
407.58 0.00220926663998
407.59 0.00214701728018
407.6 0.00208633703203
407.61 0.00202731035813
407.62 0.0019700174517
407.63 0.00191453407906
407.64 0.00186093145148
407.65 0.00180927612529
407.66 0.00175962992899
407.67 0.0017120499158
407.68 0.00166658834041
407.69 0.00162329265794
407.7 0.00158220554382
407.71 0.00154336493251
407.72 0.00150680407353
407.73 0.0014725516028
407.74 0.00144063162767
407.75 0.00141106382362
407.76 0.00138386354102
407.77 0.00135904192011
407.78 0.00133660601251
407.79 0.00131655890767
407.8 0.00129889986267
407.81 0.00128362443382
407.82 0.00127072460884
407.83 0.00126018893825
407.84 0.00125200266477
407.85 0.0012461478498
407.86 0.00124260349597
407.87 0.00124134566506
407.88 0.00124234759054
407.89 0.00124557978434
407.9 0.00125101013734
407.91 0.00125860401341
407.92 0.00126832433693
407.93 0.00128013167371
407.94 0.0012939843055
407.95 0.00130983829847
407.96 0.0013276475658
407.97 0.00134736392518
407.98 0.00136893715156
407.99 0.00139231502598
408.0 0.00141744338126
408.01 0.00144426614528
408.02 0.00147272538289
408.03 0.00150276133727
408.04 0.00153431247193
408.05 0.00156731551408
408.06 0.00160170550066
408.07 0.00163741582791
408.08 0.00167437830558
408.09 0.0017125232166
408.1 0.00175177938338
408.11 0.00179207424146
408.12 0.0018333339214
408.13 0.00187548333963
408.14 0.00191844629899
408.15 0.00196214559939
408.16 0.00200650315919
408.17 0.00205144014755
408.18 0.00209687712801
408.19 0.00214273421334
408.2 0.00218893123162
408.21 0.00223538790345
408.22 0.00228202402983
408.23 0.00232875969024
408.24 0.00237551545049
408.25 0.00242221257929
408.26 0.00246877327288
408.27 0.00251512088656
408.28 0.00256118017197
408.29 0.00260687751883
408.3 0.00265214119983
408.31 0.00269690161695
408.32 0.00274109154783
408.33 0.00278464639036
408.34 0.00282750440382
408.35 0.00286960694469
408.36 0.00291089869533
408.37 0.00295132788367
408.38 0.00299084649196
408.39 0.0030294104528
408.4 0.00306697983058
408.41 0.00310351898647
408.42 0.00313899672533
408.43 0.00317338642279
408.44 0.00320666613108
408.45 0.00323881866193
408.46 0.00326983164552
408.47 0.00329969756403
408.48 0.00332841375903
408.49 0.00335598241166
408.5 0.0033824104951
408.51 0.00340770969875
408.52 0.003431896324
408.53 0.0034549911514
408.54 0.00347701927956
408.55 0.00349800993598
408.56 0.00351799626069
408.57 0.00353701506327
408.58 0.00355510655449
408.59 0.00357231405389
408.6 0.0035886836746
408.61 0.00360426398731
408.62 0.00361910566521
408.63 0.00363326111199
408.64 0.00364678407512
408.65 0.00365972924698
408.66 0.00367215185622
408.67 0.00368410725216
408.68 0.00369565048495
408.69 0.0037068358845
408.7 0.00371771664088
408.71 0.00372834438949
408.72 0.00373876880371
408.73 0.00374903719826
408.74 0.0037591941461
408.75 0.00376928111192
408.76 0.00377933610494
408.77 0.00378939335388
408.78 0.00379948300675
408.79 0.00380963085791
408.8 0.00381985810474
408.81 0.00383018113614
408.82 0.00384061135479
408.83 0.00385115503496
408.84 0.00386181321729
408.85 0.00387258164202
408.86 0.00388345072145
408.87 0.00389440555263
408.88 0.00390542597059
408.89 0.00391648664245
408.9 0.00392755720227
408.91 0.00393860242637
408.92 0.00394958244838
408.93 0.00396045301327
408.94 0.0039711657691
408.95 0.00398166859503
408.96 0.00399190596399
408.97 0.00400181933803
408.98 0.00401134759419
408.99 0.00402042747856
409.0 0.0040289940859
409.01 0.00403698136213
409.02 0.0040443226268
409.03 0.00405095111241
409.04 0.00405680051749
409.05 0.00406180557025
409.06 0.00406590259925
409.07 0.00406903010798
409.08 0.00407112934975
409.09 0.00407214489961
409.1 0.00407202521974
409.11 0.00407072321522
409.12 0.0040681967766
409.13 0.00406440930629
409.14 0.00405933022552
409.15 0.00405293545903
409.16 0.00404520789443
409.17 0.00403613781378
409.18 0.00402572329471
409.19 0.00401397057875
409.2 0.00400089440479
409.21 0.00398651830568
409.22 0.00397087486616
409.23 0.00395400594074
409.24 0.00393596283008
409.25 0.00391680641492
409.26 0.00389660724652
409.27 0.00387544559317
409.28 0.00385341144222
409.29 0.00383060445748
409.3 0.00380713389192
409.31 0.003783118456
409.32 0.00375868614199
409.33 0.00373397400479
409.34 0.00370912790021
409.35 0.00368430218145
409.36 0.00365965935509
409.37 0.00363536969766
409.38 0.00361161083434
409.39 0.00358856728125
409.4 0.00356642995289
409.41 0.00354539563663
409.42 0.00352566643596
409.43 0.00350744918446
409.44 0.00349095483248
409.45 0.00347639780864
409.46 0.00346399535809
409.47 0.00345396685998
409.48 0.00344653312601
409.49 0.00344191568255
409.5 0.00344033603848
409.51 0.00344201494098
409.52 0.00344717162172
409.53 0.00345602303563
409.54 0.00346878309463
409.55 0.00348566189868
409.56 0.00350686496638
409.57 0.00353259246765
409.58 0.00356303846063
409.59 0.0035983901353
409.6 0.00363882706609
409.61 0.00368452047589
409.62 0.00373563251373
409.63 0.00379231554854
409.64 0.00385471148127
409.65 0.00392295107776
409.66 0.00399715332465
409.67 0.00407742481056
409.68 0.00416385913501
409.69 0.00425653634708
409.7 0.00435552241633
409.71 0.00446086873792
409.72 0.0045726116742
409.73 0.00469077213492
409.74 0.00481535519792
409.75 0.00494634977245
409.76 0.00508372830693
409.77 0.00522744654281
409.78 0.00537744331645
409.79 0.00553364041043
409.8 0.00569594245566
409.81 0.00586423688576
409.82 0.0060383939447
409.83 0.00621826674867
409.84 0.00640369140303
409.85 0.00659448717483
409.86 0.0067904567213
409.87 0.00699138637453
409.88 0.00719704648213
409.89 0.00740719180373
409.9 0.00762156196258
409.91 0.00783988195164
409.92 0.00806186269291
409.93 0.00828720164887
409.94 0.00851558348432
409.95 0.00874668077686
409.96 0.00898015477391
409.97 0.00921565619395
409.98 0.00945282606942
409.99 0.00969129662845
410.0 0.00993069221245
410.01 0.0101706302263
410.02 0.0104107221176
410.03 0.0106505743818
410.04 0.0108897895891
410.05 0.0111279674289
410.06 0.0113647057689
410.07 0.0115996017238
410.08 0.0118322527296
410.09 0.0120622576195
410.1 0.0122892176978
410.11 0.012512737806
410.12 0.0127324273785
410.13 0.0129479014831
410.14 0.0131587818427
410.15 0.0133646978331
410.16 0.0135652874554
410.17 0.0137601982771
410.18 0.0139490883393
410.19 0.014131627028
410.2 0.0143074959038
410.21 0.0144763894905
410.22 0.0146380160167
410.23 0.0147920981113
410.24 0.0149383734482
410.25 0.01507659534
410.26 0.0152065332792
410.27 0.015327973425
410.28 0.0154407190351
410.29 0.0155445908421
410.3 0.0156394273738
410.31 0.0157250852178
410.32 0.0158014392297
410.33 0.0158683826862
410.34 0.0159258273835
410.35 0.0159737036809
410.36 0.0160119604929
410.37 0.0160405652279
410.38 0.0160595036783
410.39 0.0160687798608
410.4 0.0160684158101
410.41 0.0160584513276
410.42 0.0160389436866
410.43 0.0160099672966
410.44 0.0159716133279
410.45 0.0159239892998
410.46 0.0158672186338
410.47 0.0158014401733
410.48 0.0157268076738
410.49 0.0156434892637
410.5 0.0155516668798
410.51 0.0154515356776
410.52 0.0153433034202
410.53 0.0152271898467
410.54 0.0151034260225
410.55 0.0149722536737
410.56 0.0148339245063
410.57 0.0146886995141
410.58 0.0145368482743
410.59 0.0143786482355
410.6 0.0142143839968
410.61 0.0140443465821
410.62 0.0138688327095
410.63 0.0136881440584
410.64 0.0135025865345
410.65 0.0133124695362
410.66 0.0131181052214
410.67 0.0129198077781
410.68 0.0127178926996
410.69 0.0125126760652
410.7 0.0123044738284
410.71 0.0120936011144
410.72 0.0118803715271
410.73 0.0116650964684
410.74 0.0114480844705
410.75 0.0112296405431
410.76 0.0110100655363
410.77 0.0107896555217
410.78 0.0105687011926
410.79 0.0103474872844
410.8 0.010126292018
410.81 0.00990538656639
410.82 0.00968503454632
410.83 0.00946549153693
410.84 0.00924700462606
410.85 0.00902981198612
410.86 0.00881414248039
410.87 0.00860021530134
410.88 0.00838823964177
410.89 0.00817841440011
410.9 0.00797092792057
410.91 0.00776595776911
410.92 0.00756367054585
410.93 0.00736422173458
410.94 0.00716775558957
410.95 0.00697440506024
410.96 0.0067842917535
410.97 0.00659752593391
410.98 0.00641420656128
410.99 0.00623442136538
411.0 0.00605824695721
411.01 0.0058857489759
411.02 0.00571698227048
411.03 0.00555199111541
411.04 0.00539080945838
411.05 0.00523346119922
411.06 0.00507996049818
411.07 0.00493031211177
411.08 0.00478451175447
411.09 0.00464254648417
411.1 0.00450439510925
411.11 0.00437002861509
411.12 0.00423941060773
411.13 0.00411249777228
411.14 0.00398924034367
411.15 0.00386958258722
411.16 0.00375346328667
411.17 0.003640816237
411.18 0.00353157073966
411.19 0.00342565209783
411.2 0.00332298210904
411.21 0.0032234795531
411.22 0.00312706067284
411.23 0.00303363964552
411.24 0.0029431290429
411.25 0.00285544027786
411.26 0.00277048403582
411.27 0.00268817068914
411.28 0.0026084106931
411.29 0.00253111496176
411.3 0.00245619522274
411.31 0.0023835643496
411.32 0.00231313667093
411.33 0.00224482825554
411.34 0.00217855717285
411.35 0.00211424372838
411.36 0.00205181067388
411.37 0.001991183392
411.38 0.00193229005573
411.39 0.00187506176263
411.4 0.00181943264437
411.41 0.00176533995199
411.42 0.00171272411758
411.43 0.00166152879313
411.44 0.0016117008674
411.45 0.00156319046185
411.46 0.00151595090665
411.47 0.00146993869794
411.48 0.00142511343754
411.49 0.00138143775653
411.5 0.00133887722381
411.51 0.00129740024117
411.52 0.00125697792624
411.53 0.00121758398469
411.54 0.00117919457307
411.55 0.00114178815379
411.56 0.00110534534352
411.57 0.00106984875644
411.58 0.00103528284365
411.59 0.00100163373003
411.6 0.000968889049729
411.61 0.000937037781645
411.62 0.000906070085765
411.63 0.000875977141646
411.64 0.000846750989905
411.65 0.00081838437767
411.66 0.000790870608842
411.67 0.000764203399908
411.68 0.000738376742023
411.69 0.000713384769936
411.7 0.000689221638311
411.71 0.000665881405891
411.72 0.000643357927862
411.73 0.000621644756747
411.74 0.000600735052018
411.75 0.000580621498623
411.76 0.000561296234482
411.77 0.000542750786999
411.78 0.000524976018554
411.79 0.000507962080866
411.8 0.000491698378116
411.81 0.000476173538604
411.82 0.000461375394733
411.83 0.000447290971028
411.84 0.000433906479886
411.85 0.000421207324716
411.86 0.000409178110097
411.87 0.000397802658557
411.88 0.000387064033582
411.89 0.000376944568394
411.9 0.000367425900092
411.91 0.000358489008687
411.92 0.000350114260583
411.93 0.000342281456052
411.94 0.000334969880244
411.95 0.000328158357277
411.96 0.000321825306965
411.97 0.000315948803745
411.98 0.00031050663736
411.99 0.000305476374895
412.0 0.000300835423748
412.01 0.00029656109515
412.02 0.000292630667849
412.03 0.000289021451602
412.04 0.000285710850126
412.05 0.000282676423192
412.06 0.000279895947534
412.07 0.0002773474763
412.08 0.000275009396767
412.09 0.000272860486069
412.1 0.000270879964707
412.11 0.000269047547626
412.12 0.000267343492663
412.13 0.00026574864621
412.14 0.000264244485901
412.15 0.000262813160234
412.16 0.000261437524967
412.17 0.000260101176222
412.18 0.000258788480204
412.19 0.000257484599469
412.2 0.000256175515708
412.21 0.000254848049015
412.22 0.000253489873622
412.23 0.000252089530126
412.24 0.000250636434202
412.25 0.000249120881874
412.26 0.000247534051364
412.27 0.000245868001603
412.28 0.000244115667488
412.29 0.000242270851963
412.3 0.000240328215039
412.31 0.000238283259877
412.32 0.000236132316043
412.33 0.000233872520092
412.34 0.000231501793617
412.35 0.000229018818929
412.36 0.000226423012515
412.37 0.000223714496469
412.38 0.000220894068039
412.39 0.000217963167513
412.4 0.000214923844581
412.41 0.000211778723405
412.42 0.000208530966558
412.43 0.000205184238026
412.44 0.000201742665484
412.45 0.000198210802003
412.46 0.000194593587405
412.47 0.000190896309436
412.48 0.000187124564935
412.49 0.000183284221189
412.5 0.000179381377628
412.51 0.000175422328038
412.52 0.000171413523445
412.53 0.000167361535808
412.54 0.000163273022686
412.55 0.00015915469299
412.56 0.000155013273943
412.57 0.000150855479386
412.58 0.000146687979489
412.59 0.000142517372007
412.6 0.000138350155119
412.61 0.000134192701948
412.62 0.000130051236812
412.63 0.000125931813249
412.64 0.000121840293854
412.65 0.00011778233197
412.66 0.000113763355218
412.67 0.000109788550901
412.68 0.00010586285326
412.69 0.000101990932569
412.7 9.81771860576e-05
412.71 9.44257306078e-05
412.72 9.07403972098e-05
412.73 8.71247271097e-05
412.74 8.35819696062e-05
412.75 8.01150814309e-05
412.76 7.67267276502e-05
412.77 7.34192840154e-05
412.78 7.01948406889e-05
412.79 6.70552072686e-05
412.8 6.40019190292e-05
412.81 6.10362442999e-05
412.82 5.81591928937e-05
412.83 5.53715255062e-05
412.84 5.26737639982e-05
412.85 5.00662024807e-05
412.86 4.75489191193e-05
412.87 4.51217885786e-05
412.88 4.27844950294e-05
412.89 4.05365456422e-05
412.9 3.83772844971e-05
412.91 3.63059068412e-05
412.92 3.43214736292e-05
412.93 3.2422926287e-05
412.94 3.06091016438e-05
412.95 2.88787469799e-05
412.96 2.72305351459e-05
412.97 2.56630797093e-05
412.98 2.41749500946e-05
412.99 2.27646866822e-05
413.0 2.14308158411e-05
413.01 2.01718648706e-05
413.02 1.89863768351e-05
413.03 1.78729252763e-05
413.04 1.68301287927e-05
413.05 1.58566654824e-05
413.06 1.49512872426e-05
413.07 1.41128339297e-05
413.08 1.33402473799e-05
413.09 1.26325852972e-05
413.1 1.19890350147e-05
413.11 1.14089271372e-05
413.12 1.08917490754e-05
413.13 1.04371584795e-05
413.14 1.00449965829e-05
413.15 9.71530146378e-06
413.16 9.44832123218e-06
413.17 9.24452714908e-06
413.18 9.10462668001e-06
413.19 9.0295764847e-06
413.2 9.02059534011e-06
413.21 9.07917699066e-06
413.22 9.20710291523e-06
413.23 9.40645499564e-06
413.24 9.67962806634e-06
413.25 1.00293423193e-05
413.26 1.04586555324e-05
413.27 1.09709750821e-05
413.28 1.15700696974e-05
413.29 1.22600809006e-05
413.3 1.30455340784e-05
413.31 1.39313491153e-05
413.32 1.49228505167e-05
413.33 1.60257769394e-05
413.34 1.72462900426e-05
413.35 1.85909825613e-05
413.36 2.00668855016e-05
413.37 2.16814743449e-05
413.38 2.34426741476e-05
413.39 2.53588634112e-05
413.4 2.74388765953e-05
413.41 2.96920051401e-05
413.42 3.21279968608e-05
413.43 3.47570535719e-05
413.44 3.75898267984e-05
413.45 4.06374114267e-05
413.46 4.39113371509e-05
413.47 4.74235575667e-05
413.48 5.11864367701e-05
413.49 5.52127333201e-05
413.5 5.95155814282e-05
413.51 6.41084692455e-05
413.52 6.90052141246e-05
413.53 7.42199347417e-05
413.54 7.97670199788e-05
413.55 8.56610944736e-05
413.56 9.19169807636e-05
413.57 9.85496579636e-05
413.58 0.000105574216936
413.59 0.000113005811931
413.6 0.000120859608696
413.61 0.000129150729077
413.62 0.000137894192161
413.63 0.000147104852022
413.64 0.000156797332181
413.65 0.000166985956912
413.66 0.000177684679531
413.67 0.000188907007883
413.68 0.000200665927227
413.69 0.000212973820788
413.7 0.000225842388242
413.71 0.00023928256247
413.72 0.000253304424918
413.73 0.000267917119949
413.74 0.000283128768603
413.75 0.0002989463822
413.76 0.000315375776273
413.77 0.00033242148531
413.78 0.000350086678859
413.79 0.000368373079518
413.8 0.000387280883403
413.81 0.000406808683669
413.82 0.000426953397702
413.83 0.000447710198588
413.84 0.000469072451492
413.85 0.000491031655575
413.86 0.000513577392087
413.87 0.000536697279249
413.88 0.00056037693457
413.89 0.000584599945174
413.9 0.000609347846762
413.91 0.000634600111748
413.92 0.00066033414713
413.93 0.000686525302601
413.94 0.00071314688937
413.95 0.000740170210127
413.96 0.00076756460054
413.97 0.000795297482625
413.98 0.000823334430257
413.99 0.000851639247057
414.0 0.000880174056805
414.01 0.000908899406488
414.02 0.000937774381983
414.03 0.000966756736356
414.04 0.000995803030628
414.05 0.00102486878683
414.06 0.00105390865304
414.07 0.00108287658015
414.08 0.00111172600968
414.09 0.00114041007251
414.1 0.00116888179753
414.11 0.00119709432984
414.12 0.00122500115759
414.13 0.00125255634673
414.14 0.00127971478273
414.15 0.00130643241825
414.16 0.00133266652595
414.17 0.00135837595511
414.18 0.00138352139102
414.19 0.00140806561606
414.2 0.00143197377101
414.21 0.00145521361553
414.22 0.00147775578635
414.23 0.00149957405196
414.24 0.00152064556232
414.25 0.00154095109232
414.26 0.00156047527754
414.27 0.00157920684102
414.28 0.00159713880957
414.29 0.0016142687183
414.3 0.00163059880207
414.31 0.00164613617251
414.32 0.00166089297932
414.33 0.00167488655463
414.34 0.00168813953922
414.35 0.00170067998952
414.36 0.00171254146416
414.37 0.00172376308924
414.38 0.0017343896012
414.39 0.00174447136653
414.4 0.00175406437747
414.41 0.00176323022303
414.42 0.0017720360346
414.43 0.00178055440578
414.44 0.00178886328583
414.45 0.0017970458465
414.46 0.00180519032197
414.47 0.00181338982175
414.48 0.00182174211651
414.49 0.00183034939699
414.5 0.001839318006
414.51 0.00184875814411
414.52 0.00185878354907
414.53 0.00186951114984
414.54 0.00188106069565
414.55 0.00189355436098
414.56 0.00190711632719
414.57 0.00192187234207
414.58 0.00193794925806
414.59 0.00195547455076
414.6 0.00197457581874
414.61 0.00199538026638
414.62 0.00201801417119
414.63 0.00204260233728
414.64 0.00206926753693
414.65 0.00209812994204
414.66 0.00212930654753
414.67 0.00216291058887
414.68 0.00219905095583
414.69 0.00223783160492
414.7 0.00227935097285
414.71 0.00232370139343
414.72 0.00237096852064
414.73 0.00242123076029
414.74 0.00247455871312
414.75 0.00253101463199
414.76 0.00259065189594
414.77 0.00265351450388
414.78 0.00271963659083
414.79 0.00278904196935
414.8 0.00286174369909
414.81 0.00293774368718
414.82 0.00301703232216
414.83 0.00309958814409
414.84 0.00318537755355
414.85 0.00327435456187
414.86 0.00336646058501
414.87 0.00346162428341
414.88 0.00355976144983
414.89 0.00366077494714
414.9 0.00376455469778
414.91 0.00387097772657
414.92 0.00397990825792
414.93 0.00409119786891
414.94 0.00420468569869
414.95 0.00432019871506
414.96 0.00443755203843
414.97 0.00455654932309
414.98 0.0046769831956
414.99 0.00479863574959
415.0 0.00492127909607
415.01 0.00504467596808
415.02 0.00516858037786
415.03 0.00529273832484
415.04 0.00541688855215
415.05 0.00554076334898
415.06 0.00566408939596
415.07 0.00578658865047
415.08 0.00590797926818
415.09 0.00602797655718
415.1 0.00614629396062
415.11 0.0062626440636
415.12 0.0063767396197
415.13 0.00648829459252
415.14 0.00659702520731
415.15 0.00670265100768
415.16 0.00680489591208
415.17 0.00690348926504
415.18 0.00699816687769
415.19 0.00708867205226
415.2 0.00717475658535
415.21 0.0072561817446
415.22 0.00733271921366
415.23 0.00740415200037
415.24 0.00747027530327
415.25 0.00753089733177
415.26 0.00758584007539
415.27 0.00763494001799
415.28 0.00767804879295
415.29 0.00771503377573
415.3 0.00774577861045
415.31 0.00777018366775
415.32 0.00778816643121
415.33 0.00779966181036
415.34 0.00780462237851
415.35 0.00780301853418
415.36 0.00779483858541
415.37 0.00778008875639
415.38 0.00775879311676
415.39 0.00773099343398
415.4 0.00769674894988
415.41 0.00765613608278
415.42 0.00760924805714
415.43 0.00755619446303
415.44 0.0074971007481
415.45 0.00743210764523
415.46 0.00736137053928
415.47 0.00728505877669
415.48 0.0072033549221
415.49 0.00711645396633
415.5 0.00702456249033
415.51 0.00692789778991
415.52 0.00682668696633
415.53 0.00672116598772
415.54 0.0066115787268
415.55 0.00649817597993
415.56 0.0063812144731
415.57 0.00626095585991
415.58 0.00613766571708
415.59 0.0060116125424
415.6 0.0058830667605
415.61 0.00575229974113
415.62 0.00561958283487
415.63 0.0054851864307
415.64 0.00534937903987
415.65 0.00521242641009
415.66 0.00507459067374
415.67 0.00493612953377
415.68 0.00479729549034
415.69 0.00465833511106
415.7 0.00451948834739
415.71 0.00438098789939
415.72 0.00424305863059
415.73 0.00410591703441
415.74 0.00396977075338
415.75 0.00383481815184
415.76 0.00370124794253
415.77 0.00356923886723
415.78 0.00343895943115
415.79 0.00331056769059
415.8 0.00318421109302
415.81 0.00306002636837
415.82 0.00293813947032
415.83 0.00281866556577
415.84 0.00270170907085
415.85 0.0025873637312
415.86 0.00247571274445
415.87 0.00236682892251
415.88 0.002260774891
415.89 0.00215760332336
415.9 0.00205735720682
415.91 0.00196007013745
415.92 0.00186576664152
415.93 0.00177446252015
415.94 0.00168616521463
415.95 0.00160087418927
415.96 0.0015185813293
415.97 0.00143927135067
415.98 0.00136292221948
415.99 0.00128950557804
416.0 0.00121898717531
416.01 0.0011513272992
416.02 0.00108648120844
416.03 0.00102439956186
416.04 0.000965028843154
416.05 0.000908311779017
416.06 0.000854187749154
416.07 0.000802593186415
416.08 0.000753461965665
416.09 0.000706725780095
416.1 0.000662314503839
416.11 0.00062015653989
416.12 0.000580179152498
416.13 0.000542308783331
416.14 0.000506471350853
416.15 0.000472592532491
416.16 0.000440598029294
416.17 0.000410413812914
416.18 0.000381966354852
416.19 0.000355182838006
416.2 0.000329991350688
416.21 0.000306321063345
416.22 0.000284102388305
416.23 0.000263267122958
416.24 0.000243748576838
416.25 0.000225481683141
416.26 0.000208403095259
416.27 0.000192451268961
416.28 0.000177566530873
416.29 0.000163691133974
416.3 0.000150769300804
416.31 0.000138747255127
416.32 0.000127573242792
416.33 0.000117197542538
416.34 0.000107572467495
416.35 9.86523581169e-05
416.36 9.03935672827e-05
416.37 8.27544382762e-05
416.38 7.56952763539e-05
416.39 6.91783145701e-05
416.4 6.31676745188e-05
416.41 5.76293226193e-05
416.42 5.25310225465e-05
416.43 4.78422843768e-05
416.44 4.35343109895e-05
416.45 3.95799422326e-05
416.46 3.59535973292e-05
416.47 3.26312159681e-05
416.48 2.95901984903e-05
416.49 2.68093455497e-05
416.5 2.42687975961e-05
416.51 2.19499744955e-05
416.52 1.98355155744e-05
416.53 1.79092203437e-05
416.54 1.61559901301e-05
416.55 1.45617708165e-05
416.56 1.31134968661e-05
416.57 1.17990367806e-05
416.58 1.06071401205e-05
416.59 9.5273861933e-06
416.6 8.5501344956e-06
416.61 7.66647697546e-06
416.62 6.86819216586e-06
416.63 6.14770122245e-06
416.64 5.49802588563e-06
416.65 4.9127483731e-06
416.66 4.38597319795e-06
416.67 3.91229089621e-06
416.68 3.48674363916e-06
416.69 3.10479269695e-06
416.7 2.76228771356e-06
416.71 2.45543774685e-06
416.72 2.18078402235e-06
416.73 1.9351743455e-06
416.74 1.71573911344e-06
416.75 1.51986886512e-06
416.76 1.34519330626e-06
416.77 1.18956174491e-06
416.78 1.05102487203e-06
416.79 9.27817821883e-07
416.8 8.18344446911e-07
416.81 7.2116274258e-07
416.82 6.34971358576e-07
416.83 5.58597134094e-07
416.84 4.90983596461e-07
416.85 4.31180364091e-07
416.86 3.7833339671e-07
416.87 3.31676037839e-07
416.88 2.90520796709e-07
416.89 2.54251819025e-07
416.9 2.22317998308e-07
416.91 1.94226681869e-07
416.92 1.69537927812e-07
416.93 1.47859271811e-07
416.94 1.28840964685e-07
416.95 1.1217164408e-07
416.96 9.75744057969e-08
416.97 8.48032424194e-08
416.98 7.36398190399e-08
416.99 6.38905578446e-08
417.0 5.53840052881e-08
417.01 4.79684574218e-08
417.02 4.15098207115e-08
417.03 3.58896873569e-08
417.04 3.10036057146e-08
417.05 2.6759527931e-08
417.06 2.30764183039e-08
417.07 1.98830072259e-08
417.08 1.71166768042e-08
417.09 1.47224654233e-08
417.1 1.26521795986e-08
417.11 1.08636024845e-08
417.12 9.31978933963e-09
417.13 7.9884411198e-09
417.14 6.84134817833e-09
417.15 5.85389679219e-09
417.16 5.00463191868e-09
417.17 4.27487021516e-09
417.18 3.64835793116e-09
417.19 3.11096880988e-09
417.2 2.6504376194e-09
417.21 2.25612537346e-09
417.22 1.91881270345e-09
417.23 1.63051820728e-09
417.24 1.38433893249e-09
417.25 1.17431045017e-09
417.26 9.95284248466e-10
417.27 8.42820418864e-10
417.28 7.13093830201e-10
417.29 6.0281218395e-10
417.3 5.09144523667e-10
417.31 4.29658932049e-10
417.32 3.62268293159e-10
417.33 3.05183126333e-10
417.34 2.56870613488e-10
417.35 2.16019044484e-10
417.36 1.81506996791e-10
417.37 1.52376647346e-10
417.38 1.27810686962e-10
417.39 1.07112372017e-10
417.4 8.96883051609e-11
417.41 7.50335872669e-11
417.42 6.27190274522e-11
417.43 5.2380137388e-11
417.44 4.37076708166e-11
417.45 3.64394997611e-11
417.46 3.03536457812e-11
417.47 2.52623082203e-11
417.48 2.10067520786e-11
417.49 1.74529362679e-11
417.5 1.44877788544e-11
417.51 1.20159697418e-11
417.52 9.95725332846e-12
417.53 8.24411420325e-12
417.54 6.81980810487e-12
417.55 5.63668833769e-12
417.56 4.65478475185e-12
417.57 3.8405983933e-12
417.58 3.16608012363e-12
417.59 2.60776600312e-12
417.6 2.14604611324e-12
417.61 1.76454684551e-12
417.62 1.44960957185e-12
417.63 1.18985109866e-12
417.64 9.75793445069e-13
417.65 7.99552322894e-13
417.66 6.54575271904e-13
417.67 5.35421754395e-13
417.68 4.37578669295e-13
417.69 3.57305734361e-13
417.7 2.91506029206e-13
417.71 2.37617711936e-13
417.72 1.93523535749e-13
417.73 1.57475314057e-13
417.74 1.28030926606e-13
417.75 1.04001836109e-13
417.76 8.4409404653e-14
417.77 6.84485701135e-14
417.78 5.54576721115e-14
417.79 4.4893410937e-14
417.8 3.63100865622e-14
417.81 2.93424029817e-14
417.82 2.3691239484e-14
417.83 1.9111888405e-14
417.84 1.54043412687e-14
417.85 1.24052743816e-14
417.86 9.98144297787e-15
417.87 8.02424163433e-15
417.88 6.4452293888e-15
417.89 5.17245203169e-15
417.9 4.14742248059e-15
417.91 3.32264387431e-15
417.92 2.65957980199e-15
417.93 2.12699255209e-15
417.94 1.69958396409e-15
417.95 1.3568848482e-15
417.96 1.08234838514e-15
417.97 8.62610751081e-16
417.98 6.86888700646e-16
417.99 5.46489208537e-16
418.0 4.34410707197e-16
418.01 3.45019120841e-16
418.02 2.73784917611e-16
418.03 2.17069890913e-16
418.04 1.71954429916e-16
418.05 1.3609772381e-16
418.06 1.07624728157e-16
418.07 8.50348569946e-17
418.08 6.71282949601e-17
418.09 5.29465857016e-17
418.1 4.17247761354e-17
418.11 3.28529054242e-17
418.12 2.58450433029e-17
418.13 2.03144214096e-17
418.14 1.59534774605e-17
418.15 1.25178568646e-17
418.16 9.81359909092e-18
418.17 7.68688449437e-18
418.18 6.01583770004e-18
418.19 4.70398122043e-18
418.2 3.67501198712e-18
418.21 2.8686373802e-18
418.22 2.2372589752e-18
418.23 1.74333390789e-18
418.24 1.35727736977e-18
418.25 1.05579682421e-18
418.26 8.20570324932e-19
418.27 6.37198838365e-19
418.28 4.94376542849e-19
418.29 3.83234368286e-19
418.3 2.96821089797e-19
418.31 2.29693536042e-19
418.32 1.77593270205e-19
418.33 1.37191734772e-19
418.34 1.05889550213e-19
418.35 8.16586079012e-20
418.36 6.2917948374e-20
418.37 4.84362872461e-20
418.38 3.72555390784e-20
418.39 2.86308716634e-20
418.4 2.19837613655e-20
418.41 1.68652640268e-20
418.42 1.29273051462e-20
418.43 9.90025928344e-21
418.44 7.57545721321e-21
418.45 5.79155043895e-21
418.46 4.42389233453e-21
418.47 3.37627619947e-21
418.48 2.5745130536e-21
418.49 1.96144412746e-21
418.5 1.49307112816e-21
418.51 1.13555654798e-21
418.52 8.62900552057e-22
418.53 6.55143505636e-22
418.54 4.96976491992e-22
418.55 3.76668206898e-22
418.56 2.85236957641e-22
418.57 2.15812372458e-22
418.58 1.63143807951e-22
418.59 1.23222087944e-22
418.6 9.29887145985e-23
418.61 7.01125298451e-23
418.62 5.28183395125e-23
418.63 3.97555313479e-23
418.64 2.98974462193e-23
418.65 2.24643748239e-23
418.66 1.68646872916e-23
418.67 1.26498670565e-23
418.68 9.48019656774e-24
418.69 7.09859560495e-24
418.7 5.31069355491e-24
418.71 3.96966410604e-24
418.72 2.96469479863e-24
418.73 2.21222825525e-24
418.74 1.64931493256e-24
418.75 1.22857297973e-24
418.76 9.14370151509e-25
418.77 6.79934118388e-25
418.78 5.0516742768e-25
418.79 3.74996797468e-25
418.8 2.78127216807e-25
418.81 2.06102440062e-25
418.82 1.52597173542e-25
418.83 1.12884303608e-25
418.84 8.34342447841e-26
418.85 6.16139189328e-26
418.86 4.54607963308e-26
418.87 3.35134360721e-26
418.88 2.46845144327e-26
418.89 1.81657750645e-26
418.9 1.33569404094e-26
418.91 9.81259234931e-27
418.92 7.20251610739e-27
418.93 5.2821220492e-27
418.94 3.87040433983e-27
418.95 2.83353092351e-27
418.96 2.07263719586e-27
418.97 1.5147547794e-27
418.98 1.10607630225e-27
418.99 8.06959161069e-28
419.0 5.88222642064e-28
419.01 4.28406085344e-28
419.02 3.11740506998e-28
419.03 2.26649390803e-28
419.04 1.64641603541e-28
419.05 1.19494614082e-28
419.06 8.6652438189e-29
419.07 6.27822615618e-29
419.08 4.54482156684e-29
419.09 3.28715687662e-29
419.1 2.37546008385e-29
419.11 1.71513676291e-29
419.12 1.237295653e-29
419.13 8.91809164285e-30
419.14 6.42235173654e-30
419.15 4.62104242687e-30
419.16 3.32207579705e-30
419.17 2.38617796509e-30
419.18 1.7124576392e-30
419.19 1.22789309181e-30
419.2 8.79680545143e-31
419.21 6.29670186784e-31
419.22 4.50323890202e-31
419.23 3.21781117954e-31
419.24 2.29731124036e-31
419.25 1.63871274466e-31
419.26 1.16791043201e-31
419.27 8.31648783308e-32
419.28 5.9168980706e-32
419.29 4.2060257934e-32
419.3 2.98726319423e-32
419.31 2.11981888495e-32
419.32 1.50296109307e-32
419.33 1.0646832756e-32
419.34 7.53558266596e-33
419.35 5.32889247585e-33
419.36 3.76513704711e-33
419.37 2.65795933707e-33
419.38 1.87473371158e-33
419.39 1.32115738846e-33
419.4 9.30236206972e-34
419.41 6.54418598095e-34
419.42 4.59982955735e-34
419.43 3.23036471969e-34
419.44 2.26665326345e-34
419.45 1.58906745754e-34
419.46 1.11307208285e-34
419.47 7.78982962668e-35
419.48 5.44698702366e-35
419.49 3.80547115686e-35
419.5 2.65634354139e-35
419.51 1.85260895943e-35
419.52 1.29094277567e-35
419.53 8.98781108613e-36
419.54 6.25208094186e-36
419.55 4.34529194914e-36
419.56 3.017428878e-36
419.57 2.0935283019e-36
419.58 1.45125705131e-36
419.59 1.00515621406e-36
419.6 6.95579050469e-37
419.61 4.80931404798e-37
419.62 3.32233555478e-37
419.63 2.29312412272e-37
419.64 1.58137673229e-37
419.65 1.08959935759e-37
419.66 7.50104973565e-38
419.67 5.15942096546e-38
419.68 3.54571313053e-38
419.69 2.43461301705e-38
419.7 1.67024429213e-38
419.71 1.1448636469e-38
419.72 7.84063518088e-39
419.73 5.36503353571e-39
419.74 3.66789882463e-39
419.75 2.50545130667e-39
419.76 1.7099298676e-39
419.77 1.1659887022e-39
419.78 7.94390604472e-40
419.79 5.40751294891e-40
419.8 3.67777155656e-40
419.81 2.49916910721e-40
419.82 1.69679841741e-40
419.83 1.15103510595e-40
419.84 7.80136506542e-41
419.85 5.28294811445e-41
419.86 3.57442181525e-41
419.87 2.41634516276e-41
419.88 1.63205899283e-41
419.89 1.10137812624e-41
419.9 7.42609932481e-42
419.91 5.00274967975e-42
419.92 3.36728987532e-42
419.93 2.26451889472e-42
419.94 1.52158110094e-42
419.95 1.0214990677e-42
419.96 6.85179808501e-43
419.97 4.59192568092e-43
419.98 3.07474325317e-43
419.99 2.05705818651e-43
420.0 1.37501681185e-43
420.01 9.18318117074e-44
420.02 6.1277636934e-44
420.03 4.08539994179e-44
420.04 2.72139047323e-44
420.05 1.81121853714e-44
420.06 1.20441057796e-44
420.07 8.0020632607e-45
420.08 5.31193940389e-45
420.09 3.52312422341e-45
420.1 2.33467543199e-45
420.11 1.54578391024e-45
420.12 1.02257404272e-45
420.13 6.75872005764e-46
420.14 4.46331836042e-46
420.15 2.9449300575e-46
420.16 1.94140353692e-46
420.17 1.27873443613e-46
420.18 8.41528090864e-47
420.19 5.53325374934e-47
420.2 3.63509921484e-47
420.21 2.38602869961e-47
420.22 1.56479975695e-47
420.23 1.02533454431e-47
420.24 6.71268273201e-48
420.25 4.39086784008e-48
420.26 2.8696459803e-48
420.27 1.87382915463e-48
420.28 1.22251831358e-48
420.29 7.969011766e-49
420.3 5.19011851468e-49
420.31 3.37733230628e-49
420.32 2.19580629719e-49
420.33 1.42638896596e-49
420.34 9.25775381139e-50
420.35 6.0033960751e-50
420.36 3.88966392383e-50
420.37 2.51797186597e-50
420.38 1.62859606167e-50
420.39 1.05244546159e-50
420.4 6.79531403227e-51
420.41 4.3837237272e-51
420.42 2.82553397024e-51
420.43 1.81962377429e-51
420.44 1.17080989568e-51
420.45 7.52687803649e-52
420.46 4.83467278391e-52
420.47 3.10272300211e-52
420.48 1.98949401658e-52
420.49 1.27457671986e-52
420.5 8.15855111505e-53
420.51 5.21775650669e-53
420.52 3.33409745743e-53
420.53 2.1286118956e-53
420.54 1.35780808979e-53
420.55 8.65374336002e-54
420.56 5.51052964892e-54
420.57 3.50595540734e-54
420.58 2.22865654418e-54
420.59 1.41547959959e-54
420.6 8.98230497634e-55
420.61 5.6950257377e-55
420.62 3.60767409703e-55
420.63 2.2834032653e-55
420.64 1.4439815687e-55
420.65 9.12356130112e-56
420.66 5.75958048455e-56
420.67 3.63279608689e-56
420.68 2.28936428401e-56
420.69 1.44149286729e-56
420.7 9.06846549523e-57
420.71 5.70005208997e-57
420.72 3.57970762341e-57
420.73 2.24615644294e-57
420.74 1.40817347133e-57
420.75 8.8205573491e-58
420.76 5.52026097845e-58
420.77 3.45181017638e-58
420.78 2.15654195628e-58
420.79 1.34614744601e-58
420.8 8.39558694832e-59
420.81 5.23158406634e-59
420.82 3.25715979615e-59
420.83 2.02613619666e-59
420.84 1.25927887352e-59
420.85 7.81985881528e-60
420.86 4.85176345908e-60
420.87 3.00762744377e-60
420.88 1.86282548663e-60
420.89 1.15277358376e-60
420.9 7.12753852043e-61
420.91 4.40310297949e-61
420.92 2.71770194413e-61
420.93 1.67597879608e-61
420.94 1.03266373796e-61
420.95 6.3573049851e-62
420.96 3.91030721256e-62
420.97 2.40310321107e-62
420.98 1.47556274289e-62
420.99 9.05246075642e-63
421.0 5.54880334207e-63
421.01 3.39825314743e-63
421.02 2.07938944466e-63
421.03 1.27127543418e-63
421.04 7.76546000311e-64
421.05 4.73934617524e-64
421.06 2.88997036445e-64
421.07 1.76072714211e-64
421.08 1.07180169956e-64
421.09 6.51869311865e-65
421.1 3.96123259064e-65
421.11 2.40504863617e-65
421.12 1.45895230895e-65
421.13 8.84264195562e-66
421.14 5.35484245355e-66
421.15 3.23992582597e-66
421.16 1.95860631324e-66
421.17 1.18299509764e-66
421.18 7.13908334707e-67
421.19 4.30452933795e-67
421.2 2.59317964822e-67
421.21 1.56085747794e-67
421.22 9.38680091041e-68
421.23 5.6402152267e-68
421.24 3.38608190612e-68
421.25 2.03106093903e-68
421.26 1.21722863754e-68
421.27 7.28861618841e-69
421.28 4.36055444844e-69
421.29 2.6065259837e-69
421.3 1.55670426783e-69
421.31 9.28910529992e-70
421.32 5.53815834078e-70
421.33 3.29898669026e-70
421.34 1.96344830267e-70
421.35 1.16756775052e-70
421.36 6.9369477486e-71
421.37 4.11792533855e-71
421.38 2.44237432402e-71
421.39 1.44733710346e-71
421.4 8.56940913555e-72
421.41 5.06939080958e-72
421.42 2.99629369663e-72
421.43 1.76944350361e-72
421.44 1.04402941088e-72
421.45 6.15477921051e-73
421.46 3.62523309198e-73
421.47 2.13345312731e-73
421.48 1.25445182665e-73
421.49 7.369679195e-74
421.5 4.32580452707e-74
421.51 2.53693249249e-74
421.52 1.48653330364e-74
421.53 8.7029019062e-75
421.54 5.09069697134e-75
421.55 2.97518596114e-75
421.56 1.73729951593e-75
421.57 1.01358224348e-75
421.58 5.90836070778e-76
421.59 3.44111131292e-76
421.6 2.00241529549e-76
421.61 1.16421529098e-76
421.62 6.76294968979e-77
421.63 3.92520846525e-77
421.64 2.27621357668e-77
421.65 1.318824494e-77
421.66 7.63457229808e-78
421.67 4.41576682412e-78
421.68 2.55182721547e-78
421.69 1.47339811552e-78
421.7 8.49987751921e-79
421.71 4.89924251575e-79
421.72 2.82142766556e-79
421.73 1.6234264431e-79
421.74 9.33297329895e-80
421.75 5.36081899188e-80
421.76 3.07656415795e-80
421.77 1.76410536757e-80
421.78 1.0106639598e-80
421.79 5.78512502681e-81
421.8 3.30858603223e-81
421.81 1.89058334278e-81
421.82 1.07937644143e-81
421.83 6.15706523598e-82
421.84 3.50912054907e-82
421.85 1.99823486878e-82
421.86 1.13689011598e-82
421.87 6.46270245056e-83
421.88 3.67057027907e-83
421.89 2.08293941933e-83
421.9 1.18098245801e-83
421.91 6.69012091342e-84
421.92 3.78658926903e-84
421.93 2.14134254133e-84
421.94 1.20989533674e-84
421.95 6.83019610546e-85
421.96 3.85249652731e-85
421.97 2.17107612352e-85
421.98 1.22245127827e-85
421.99 6.87720197627e-86
422.0 3.86558931461e-86
422.01 2.17091768935e-86
422.02 1.21813301846e-86
422.03 6.8291992754e-87
422.04 3.82532702276e-87
422.05 2.14087378244e-87
422.06 1.19711885625e-87
422.07 6.68816828223e-88
422.08 3.73336820733e-88
422.09 2.08217951824e-88
422.1 1.16027044017e-88
422.11 6.45987327444e-89
422.12 3.59345723893e-89
422.13 1.99721434459e-89
422.14 1.10907415388e-89
422.15 6.15347166172e-90
422.16 3.41117136852e-90
422.17 1.88934201815e-90
422.18 1.04554165755e-90
422.19 5.78090472081e-91
422.2 3.19355201728e-91
422.21 1.76268979365e-91
422.22 9.72078858314e-92
422.23 5.35612640965e-92
422.24 2.94865424756e-92
422.25 1.62188701424e-92
422.26 8.913351935e-93
422.27 4.89423958159e-93
422.28 2.68505451692e-93
422.29 1.47178612182e-93
422.3 8.06046342012e-94
422.31 4.41061379923e-94
422.32 2.41135840301e-94
422.33 1.31718934923e-94
422.34 7.18883256117e-95
422.35 3.92005570815e-95
422.36 2.13574708289e-95
422.37 1.16260213823e-95
422.38 6.32318845136e-96
422.39 3.43609249467e-96
422.4 1.86559461254e-96
422.41 1.01203008809e-96
422.42 5.48521029555e-97
422.43 2.97041311029e-97
422.44 1.60717858168e-97
422.45 8.68830646768e-98
422.46 4.6927761636e-98
422.47 2.53249303876e-98
422.48 1.36549587752e-98
422.49 7.35624591303e-99
422.5 3.95954968552e-99
422.51 2.1294089131e-99
422.52 1.14418447491e-99
422.53 6.14266380102e-100
422.54 3.29489177621e-100
422.55 1.76583156179e-100
422.56 9.45542617354e-101
422.57 5.05867354523e-101
422.58 2.70405743441e-101
422.59 1.4441718734e-101
422.6 7.70629385769e-102
422.61 4.10861986129e-102
422.62 2.1886185174e-102
422.63 1.16484432992e-102
422.64 6.19425989367e-103
422.65 3.2910514275e-103
422.66 1.7470431311e-103
422.67 9.26608538197e-104
422.68 4.91035262286e-104
422.69 2.59987684747e-104
422.7 1.37536061833e-104
422.71 7.26949271087e-105
422.72 3.83897548338e-105
422.73 2.02558412334e-105
422.74 1.06784678028e-105
422.75 5.62459573554e-106
422.76 2.96003875003e-106
422.77 1.55642139533e-106
422.78 8.17674963864e-107
422.79 4.29198228897e-107
422.8 2.25091375148e-107
422.81 1.17946076931e-107
422.82 6.17492743619e-108
422.83 3.23001046316e-108
422.84 1.68810599593e-108
422.85 8.81493690748e-109
422.86 4.59898948354e-109
422.87 2.39733837456e-109
422.88 1.24859033987e-109
422.89 6.49732089127e-110
422.9 3.3780990124e-110
422.91 1.75482634356e-110
422.92 9.10792883829e-111
422.93 4.72311831158e-111
422.94 2.44715643651e-111
422.95 1.26683004166e-111
422.96 6.55237413082e-112
422.97 3.38612302476e-112
422.98 1.74835850772e-112
422.99 9.01948959825e-113
423.0 4.64897430038e-113
423.01 2.39417582513e-113
423.02 1.23190906112e-113
423.03 6.33322577346e-114
423.04 3.25308194935e-114
423.05 1.66950894289e-114
423.06 8.56063948836e-115
423.07 4.38578541543e-115
423.08 2.24497889418e-115
423.09 1.14815589062e-115
423.1 5.86696053274e-116
423.11 2.9953611152e-116
423.12 1.52794921979e-116
423.13 7.78739792257e-117
423.14 3.96551434626e-117
423.15 2.0175782912e-117
423.16 1.0256164543e-117
423.17 5.20910696829e-118
423.18 2.6434145988e-118
423.19 1.34026601419e-118
423.2 6.78954136467e-119
423.21 3.43647813124e-119
423.22 1.73784261623e-119
423.23 8.78073790141e-120
423.24 4.43277101561e-120
423.25 2.23585324056e-120
423.26 1.12676929031e-120
423.27 5.673491688e-121
423.28 2.85423387664e-121
423.29 1.43467127334e-121
423.3 7.20508254975e-122
423.31 3.61534071392e-122
423.32 1.81252170307e-122
423.33 9.07906052973e-123
423.34 4.54383256836e-123
423.35 2.27209999694e-123
423.36 1.1351578967e-123
423.37 5.66642077035e-124
423.38 2.82608408444e-124
423.39 1.4082671549e-124
423.4 7.01146440974e-125
423.41 3.48783659427e-125
423.42 1.73351354154e-125
423.43 8.60839248379e-126
423.44 4.27110839345e-126
423.45 2.11730215389e-126
423.46 1.04869403544e-126
423.47 5.18965477796e-127
423.48 2.56597164319e-127
423.49 1.26761960904e-127
423.5 6.25676375965e-128
423.51 3.08556200802e-128
423.52 1.5203462671e-128
423.53 7.48470104324e-129
423.54 3.68154503079e-129
423.55 1.80929543764e-129
423.56 8.88408227186e-130
423.57 4.35852325865e-130
423.58 2.13643594643e-130
423.59 1.04631896631e-130
423.6 5.11990651712e-131
423.61 2.50313156948e-131
423.62 1.22272568787e-131
423.63 5.96757804446e-132
423.64 2.90998594345e-132
423.65 1.4177752393e-132
423.66 6.9015652141e-133
423.67 3.35669218367e-133
423.68 1.63116972046e-133
423.69 7.91973221348e-134
423.7 3.8418955719e-134
423.71 1.86210569008e-134
423.72 9.01751370275e-135
423.73 4.36307830255e-135
423.74 2.10922502759e-135
423.75 1.01877091369e-135
423.76 4.91647540541e-136
423.77 2.37058164396e-136
423.78 1.14203568906e-136
423.79 5.49703050811e-137
423.8 2.64362792698e-137
423.81 1.27027054369e-137
423.82 6.09839900839e-138
423.83 2.92522419877e-138
423.84 1.40192955424e-138
423.85 6.71300448847e-139
423.86 3.21167355976e-139
423.87 1.53521628189e-139
423.88 7.33215186424e-140
423.89 3.49878332364e-140
423.9 1.66811641759e-140
423.91 7.94619792004e-141
423.92 3.78195286525e-141
423.93 1.79844250493e-141
423.94 8.54477668614e-142
423.95 4.05628618594e-142
423.96 1.92388971244e-142
423.97 9.11707376709e-143
423.98 4.31672594537e-143
423.99 2.04210091069e-143
424.0 9.65214045257e-144
424.01 4.55820422455e-144
424.02 2.15073864258e-144
424.03 1.01392354825e-144
424.04 4.77580398429e-145
424.05 2.24756101239e-145
424.06 1.05681799314e-145
424.07 4.96492417524e-146
424.08 2.33049810556e-146
424.09 1.09297090384e-146
424.1 5.12144083137e-147
424.11 2.39772532896e-147
424.12 1.12158040979e-147
424.13 5.24185630548e-148
424.14 2.44773005503e-148
424.15 1.14199878524e-148
424.16 5.32342911992e-149
424.17 2.47936817545e-149
424.18 1.1537568205e-149
424.19 5.36427770506e-150
424.2 2.49190761298e-150
424.21 1.15658174528e-150
424.22 5.36345254515e-151
424.23 2.48505648098e-151
424.24 1.15040774783e-151
424.25 5.32097286866e-152
424.26 2.4589743781e-152
424.27 1.13537852372e-152
424.28 5.23782590342e-153
424.29 2.41426620781e-153
424.3 1.11184171624e-153
424.31 5.11592873684e-154
424.32 2.35195885709e-154
424.33 1.08033554876e-154
424.34 4.95805483877e-155
424.35 2.27346198968e-155
424.36 1.04156836699e-155
424.37 4.76772917925e-156
424.38 2.18051504406e-156
424.39 9.96392176699e-157
424.4 4.54909747887e-157
424.41 2.07512321826e-157
424.42 9.45771556653e-158
424.43 4.30677635898e-158
424.44 1.95948572773e-158
424.45 8.90749528628e-159
424.46 4.04569194082e-159
424.47 1.83591991142e-159
424.48 8.3241206478e-160
424.49 3.77091473689e-160
424.5 1.70678482134e-160
424.51 7.71852906065e-161
424.52 3.48749848655e-161
424.53 1.57440777027e-161
424.54 7.10140258143e-162
424.55 3.20032994651e-162
424.56 1.44101695107e-162
424.57 6.48286736413e-163
424.58 2.91399562555e-163
424.59 1.30868271764e-163
424.6 5.87223667927e-164
424.61 2.6326701429e-164
424.62 1.17926947567e-164
424.63 5.2778054724e-165
424.64 2.36002940066e-165
424.65 1.0543994242e-165
424.66 4.70670110119e-166
424.67 2.09919020425e-166
424.68 9.3542866755e-167
424.69 4.16479157397e-167
424.7 1.85267645131e-167
424.71 8.23435531808e-168
424.72 3.65664952906e-168
424.73 1.62241063408e-168
424.74 7.19220311051e-169
424.75 3.18556752507e-169
424.76 1.40972823976e-169
424.77 6.23315169632e-170
424.78 2.75361808786e-170
424.79 1.21541174164e-170
424.8 5.36002557516e-171
424.81 2.36175046073e-171
424.82 1.03974027767e-171
424.83 4.57340265901e-172
424.84 2.00991515242e-172
424.85 8.8255081662e-173
424.86 3.87191157471e-173
424.87 1.69720714868e-173
424.88 7.43306596066e-174
424.89 3.25255638164e-174
424.9 1.42201897976e-174
424.91 6.21168844287e-175
424.92 2.71105076094e-175
424.93 1.18219562053e-175
424.94 5.1506822127e-176
424.95 2.24214594161e-176
424.96 9.7518432504e-177
424.97 4.23772976491e-177
424.98 1.83993939512e-177
424.99 7.98173840733e-178
425.0 3.45951465434e-178
425.01 1.49815439108e-178
425.02 6.48218887246e-179
425.03 2.80227339073e-179
425.04 1.21038361888e-179
425.05 5.22347216002e-180
425.06 2.25226373375e-180
425.07 9.70293039184e-181
425.08 4.17647898294e-181
425.09 1.79614501484e-181
425.1 7.71784774562e-182
425.11 3.31340656762e-182
425.12 1.42127122442e-182
425.13 6.09120071216e-183
425.14 2.60827014147e-183
425.15 1.11590170661e-183
425.16 4.77005104262e-184
425.17 2.03724763974e-184
425.18 8.69337337804e-185
425.19 3.70643642202e-185
425.2 1.57887769496e-185
425.21 6.71992052047e-186
425.22 2.85761354689e-186
425.23 1.21413385199e-186
425.24 5.15410607839e-187
425.25 2.18606891973e-187
425.26 9.26398961028e-188
425.27 3.92243704044e-188
425.28 1.65934853402e-188
425.29 7.01363180682e-189
425.3 2.96191112308e-189
425.31 1.24975474628e-189
425.32 5.26867341791e-190
425.33 2.21922571709e-190
425.34 9.33953784202e-191
425.35 3.92710947584e-191
425.36 1.64984955087e-191
425.37 6.92531273267e-192
425.38 2.90441151323e-192
425.39 1.21702814488e-192
425.4 5.09526535513e-193
425.41 2.13135947318e-193
425.42 8.90779703989e-194
425.43 3.71969760799e-194
425.44 1.55191764184e-194
425.45 6.46924229577e-195
425.46 2.6943988036e-195
425.47 1.12122829554e-195
425.48 4.66176024428e-196
425.49 1.93655364084e-196
425.5 8.03771940083e-197
425.51 3.3331884095e-197
425.52 1.38105380166e-197
425.53 5.71722185132e-198
425.54 2.36473894938e-198
425.55 9.77248644885e-199
425.56 4.0350661758e-199
425.57 1.6646385921e-199
425.58 6.8614036405e-200
425.59 2.8257236786e-200
425.6 1.16270656768e-200
425.61 4.7800701802e-201
425.62 1.96346033685e-201
425.63 8.05811952529e-202
425.64 3.30422025967e-202
425.65 1.35371732477e-202
425.66 5.5412876717e-203
425.67 2.26629854055e-203
425.68 9.26077331993e-204
425.69 3.78095145402e-204
425.7 1.54233481161e-204
425.71 6.28608042811e-205
425.72 2.5597934189e-205
425.73 1.04148642955e-205
425.74 4.23375795189e-206
425.75 1.71957905918e-206
425.76 6.97817702408e-207
425.77 2.82934254341e-207
425.78 1.14617990415e-207
425.79 4.63920711831e-208
425.8 1.87611064219e-208
425.81 7.58048241046e-209
425.82 3.06026442863e-209
425.83 1.2343683472e-209
425.84 4.9745558546e-210
425.85 2.00303048429e-210
425.86 8.05832017368e-211
425.87 3.23910622862e-211
425.88 1.30085705351e-211
425.89 5.21984579872e-212
425.9 2.09271209073e-212
425.91 8.38272088446e-213
425.92 3.35493600781e-213
425.93 1.34155100291e-213
425.94 5.35986496359e-214
425.95 2.13955877178e-214
425.96 8.53332537622e-215
425.97 3.40044772695e-215
425.98 1.35387202041e-215
425.99 5.38570839932e-216
426.0 2.14058151375e-216
426.01 8.50049894865e-217
426.02 3.37272380533e-217
426.03 1.33702907175e-217
426.04 5.29571537644e-218
426.05 2.0957145711e-218
426.06 8.28635133252e-219
426.07 3.27354462416e-219
426.08 1.29210230288e-219
426.09 5.09564598322e-220
426.1 2.00782246011e-220
426.11 7.90451231861e-221
426.12 3.10919933146e-221
426.13 1.22192841245e-221
426.14 4.79807103372e-222
426.15 1.88239731981e-222
426.16 7.37869622021e-223
426.17 2.8898258956e-223
426.18 1.1308042668e-223
426.19 4.42106511201e-224
426.2 1.72699108703e-224
426.21 6.74026534457e-225
426.22 2.62837667136e-225
426.23 1.02405180283e-225
426.24 3.98639162343e-226
426.25 1.55046407971e-226
426.26 6.02514037036e-227
426.27 2.33935613337e-227
426.28 9.07505419091e-228
426.29 3.51743292671e-228
426.3 1.36215376411e-228
426.31 5.27047985247e-229
426.32 2.03750129123e-229
426.33 7.86990228917e-230
426.34 3.03713782397e-230
426.35 1.17107139567e-230
426.36 4.51155190547e-231
426.37 1.73656984745e-231
426.38 6.67855129827e-232
426.39 2.56623242944e-232
426.4 9.85220464127e-233
426.41 3.77915384357e-233
426.42 1.44836970393e-233
426.43 5.54610394241e-234
426.44 2.12187741315e-234
426.45 8.11103522712e-235
426.46 3.09781870543e-235
426.47 1.18211416265e-235
426.48 4.50698959859e-236
426.49 1.7168699666e-236
426.5 6.53449400381e-237
426.51 2.48490755526e-237
426.52 9.44130921993e-238
426.53 3.58408185358e-238
426.54 1.35940020109e-238
426.55 5.15158004908e-239
426.56 1.95055090042e-239
426.57 7.37900552757e-240
426.58 2.7890872218e-240
426.59 1.05329511198e-240
426.6 3.97431013344e-241
426.61 1.49829438469e-241
426.62 5.6436004859e-242
426.63 2.12392455067e-242
426.64 7.98630000337e-243
426.65 3.00037727999e-243
426.66 1.12623709719e-243
426.67 4.22384041499e-244
426.68 1.58273747961e-244
426.69 5.92562255238e-245
426.7 2.21657685894e-245
426.71 8.28429046435e-246
426.72 3.09351020565e-246
426.73 1.15417456934e-246
426.74 4.30244335655e-247
426.75 1.60244279316e-247
426.76 5.96312096939e-248
426.77 2.21711600738e-248
426.78 8.23620083203e-249
426.79 3.0569557399e-249
426.8 1.13363980384e-249
426.81 4.20034278567e-250
426.82 1.55495596464e-250
426.83 5.75142111531e-251
426.84 2.12547476423e-251
426.85 7.84802632036e-252
426.86 2.89526727344e-252
426.87 1.06718714268e-252
426.88 3.93021419368e-253
426.89 1.44615741161e-253
426.9 5.3166568178e-254
426.91 1.95292426317e-254
426.92 7.16730501038e-255
426.93 2.62814961218e-255
426.94 9.62870752508e-256
426.95 3.52459822415e-256
426.96 1.28906540586e-256
426.97 4.71046739e-257
426.98 1.7197953172e-257
426.99 6.27354814288e-258
427.0 2.28651166116e-258
427.01 8.32640092207e-259
427.02 3.02945795324e-259
427.03 1.10127619631e-259
427.04 3.99991983786e-260
427.05 1.45154343466e-260
427.06 5.26298941241e-261
427.07 1.90659596425e-261
427.08 6.90094482265e-262
427.09 2.49564123645e-262
427.1 9.01736114718e-263
427.11 3.2553709728e-263
427.12 1.17420850648e-263
427.13 4.23168829664e-264
427.14 1.52372232585e-264
427.15 5.48178128775e-265
427.16 1.97043126405e-265
427.17 7.07659901705e-266
427.18 2.53928588387e-266
427.19 9.10379189406e-267
427.2 3.26104473984e-267
427.21 1.16711837143e-267
427.22 4.17346490575e-268
427.23 1.49108478624e-268
427.24 5.32269553531e-269
427.25 1.89838643899e-269
427.26 6.76489925797e-270
427.27 2.40858377617e-270
427.28 8.56812694501e-271
427.29 3.04532565053e-271
427.3 1.08144715191e-271
427.31 3.83707752991e-272
427.32 1.36025258561e-272
427.33 4.8179496634e-273
427.34 1.70501682524e-273
427.35 6.0286322465e-274
427.36 2.12976962076e-274
427.37 7.51744355979e-275
427.38 2.65113251921e-275
427.39 9.34149552523e-276
427.4 3.28870634216e-276
427.41 1.15679790673e-276
427.42 4.06549662461e-277
427.43 1.42755690189e-277
427.44 5.0083764392e-278
427.45 1.75559450203e-278
427.46 6.14858488151e-279
427.47 2.15154208833e-279
427.48 7.52225812224e-280
427.49 2.6276670198e-280
427.5 9.17098833399e-281
427.51 3.19805305481e-281
427.52 1.11424039766e-281
427.53 3.87878625896e-282
427.54 1.3490762887e-282
427.55 4.68814334825e-283
427.56 1.62775473878e-283
427.57 5.64677868473e-284
427.58 1.95720482403e-284
427.59 6.77790536584e-285
427.6 2.3451921764e-285
427.61 8.10746504772e-286
427.62 2.80037018985e-286
427.63 9.66428033688e-287
427.64 3.33232464559e-287
427.65 1.14801828021e-287
427.66 3.95160944125e-288
427.67 1.35901089294e-288
427.68 4.66977089086e-289
427.69 1.60321557033e-289
427.7 5.49935787872e-290
427.71 1.88475869857e-290
427.72 6.45391501404e-291
427.73 2.20807815235e-291
427.74 7.54795585697e-292
427.75 2.57791132863e-292
427.76 8.79691328485e-293
427.77 2.99927549624e-293
427.78 1.02170641532e-293
427.79 3.47743958684e-294
427.8 1.18254255912e-294
427.81 4.01788662818e-295
427.82 1.3639620569e-295
427.83 4.62626613324e-296
427.84 1.56777107877e-296
427.85 5.30833590984e-297
427.86 1.79579954864e-297
427.87 6.06989294624e-298
427.88 2.04987754256e-298
427.89 6.91669325917e-299
427.9 2.33180821001e-299
427.91 7.85436086e-300
427.92 2.64333731389e-300
427.93 8.88828629856e-301
427.94 2.98611958664e-301
427.95 1.00235155783e-301
427.96 3.36168220884e-302
427.97 1.12646305936e-302
427.98 3.77138583286e-303
427.99 1.26156226117e-303
428.0 4.21638369222e-304
428.01 1.40797606972e-304
428.02 4.69757945576e-305
428.03 1.56594573448e-305
428.04 5.21558459898e-306
428.05 1.73561339334e-306
428.06 5.77067617001e-307
428.07 1.91700889275e-307
428.08 6.36275591887e-308
428.09 2.1100372012e-308
428.1 6.99131183269e-309
428.11 2.31446675507e-309
428.12 7.65538317096e-310
428.13 2.52991908776e-310
428.14 8.35353011998e-311
428.15 2.75586009669e-311
428.16 9.0838091814e-312
428.17 2.99159329592e-312
428.18 9.84375537186e-313
428.19 3.23625538534e-313
428.2 1.06303722396e-313
428.21 3.48881443838e-314
428.22 1.14401305922e-314
428.23 3.74807097057e-315
428.24 1.22689767007e-315
428.25 4.01266209604e-316
428.26 1.31123505625e-316
428.27 4.2810689399e-317
428.28 1.39652150794e-317
428.29 4.55162916888e-318
428.3 1.48220681884e-318
428.31 4.82252536249e-319
428.32 1.56771970082e-319
428.33 5.09184054604e-320
428.34 1.65264958534e-320
428.35 5.35567160092e-321
428.36 1.7341704169e-321
428.37 5.63234836259e-322
428.38 1.82804288961e-322
428.39 5.92878775009e-323
428.4 1.97626258336e-323
428.41 4.94065645841e-324
428.42 0.0
428.43 0.0
428.44 0.0
428.45 0.0
428.46 0.0
428.47 0.0
428.48 0.0
428.49 0.0
428.5 0.0
428.51 0.0
428.52 0.0
428.53 0.0
428.54 0.0
428.55 0.0
428.56 0.0
428.57 0.0
428.58 0.0
428.59 0.0
428.6 0.0
428.61 0.0
428.62 0.0
428.63 0.0
428.64 0.0
428.65 0.0
428.66 0.0
428.67 0.0
428.68 0.0
428.69 0.0
428.7 0.0
428.71 0.0
428.72 0.0
428.73 0.0
428.74 0.0
428.75 0.0
428.76 0.0
428.77 0.0
428.78 0.0
428.79 0.0
428.8 0.0
428.81 0.0
428.82 0.0
428.83 0.0
428.84 0.0
428.85 0.0
428.86 0.0
428.87 0.0
428.88 0.0
428.89 0.0
428.9 0.0
428.91 0.0
428.92 0.0
428.93 0.0
428.94 0.0
428.95 0.0
428.96 0.0
428.97 0.0
428.98 0.0
428.99 0.0
429.0 0.0
429.01 0.0
429.02 0.0
429.03 0.0
429.04 0.0
429.05 0.0
429.06 0.0
429.07 0.0
429.08 0.0
429.09 0.0
429.1 0.0
429.11 0.0
429.12 0.0
429.13 0.0
429.14 0.0
429.15 0.0
429.16 0.0
429.17 0.0
429.18 0.0
429.19 0.0
429.2 0.0
429.21 0.0
429.22 0.0
429.23 0.0
429.24 0.0
429.25 0.0
429.26 0.0
429.27 0.0
429.28 0.0
429.29 0.0
429.3 0.0
429.31 0.0
429.32 0.0
429.33 0.0
429.34 0.0
429.35 0.0
429.36 0.0
429.37 0.0
429.38 0.0
429.39 0.0
429.4 0.0
429.41 0.0
429.42 0.0
429.43 0.0
429.44 0.0
429.45 0.0
429.46 0.0
429.47 0.0
429.48 0.0
429.49 0.0
429.5 0.0
429.51 0.0
429.52 0.0
429.53 0.0
429.54 0.0
429.55 0.0
429.56 0.0
429.57 0.0
429.58 0.0
429.59 0.0
429.6 0.0
429.61 0.0
429.62 0.0
429.63 0.0
429.64 0.0
429.65 0.0
429.66 0.0
429.67 0.0
429.68 0.0
429.69 0.0
429.7 0.0
429.71 0.0
429.72 0.0
429.73 0.0
429.74 0.0
429.75 0.0
429.76 0.0
429.77 0.0
429.78 0.0
429.79 0.0
429.8 0.0
429.81 0.0
429.82 0.0
429.83 0.0
429.84 0.0
429.85 0.0
429.86 0.0
429.87 0.0
429.88 0.0
429.89 0.0
429.9 0.0
429.91 0.0
429.92 0.0
429.93 0.0
429.94 0.0
429.95 0.0
429.96 0.0
429.97 0.0
429.98 0.0
429.99 0.0
