400.0 1.60448529925e-21
400.01 2.11016656444e-21
400.02 2.77281851252e-21
400.03 3.64040636449e-21
400.04 4.7753147005e-21
400.05 6.25860932114e-21
400.06 8.19553671405e-21
400.07 1.07226139507e-20
400.08 1.40167605024e-20
400.09 1.83070491667e-20
400.1 2.38898132876e-20
400.11 3.11480508917e-20
400.12 4.05763247948e-20
400.13 5.28126856944e-20
400.14 6.86795610704e-20
400.15 8.92360793611e-20
400.16 1.15844965265e-19
400.17 1.50257984402e-19
400.18 1.94724979344e-19
400.19 2.52132881155e-19
400.2 3.26182772045e-19
400.21 4.21615204647e-19
400.22 5.44496662446e-19
400.23 7.02583412526e-19
400.24 9.05783228205e-19
400.25 1.16674075966e-18
400.26 1.50157897166e-18
400.27 1.93083737988e-18
400.28 2.48065821094e-18
400.29 3.18428459493e-18
400.3 4.08395110157e-18
400.31 5.2332671302e-18
400.32 6.70021882035e-18
400.33 8.5709464487e-18
400.34 1.09544931811e-17
400.35 1.39887693533e-17
400.36 1.78480363724e-17
400.37 2.27522885841e-17
400.38 2.89790033655e-17
400.39 3.68778433815e-17
400.4 4.68890353759e-17
400.41 5.95663231966e-17
400.42 7.56056064532e-17
400.43 9.58806394126e-17
400.44 1.21487488602e-16
400.45 1.53799845669e-16
400.46 1.94537780858e-16
400.47 2.45853122081e-16
400.48 3.10435379321e-16
400.49 3.91643033579e-16
400.5 4.93666109525e-16
400.51 6.21727294782e-16
400.52 7.82330508621e-16
400.53 9.83567822063e-16
400.54 1.23549806614e-15
400.55 1.55061342708e-15
400.56 1.94441392727e-15
400.57 2.436114061e-15
400.58 3.04951115506e-15
400.59 3.81405144554e-15
400.6 4.76613763447e-15
400.61 5.95073108632e-15
400.62 7.42331317218e-15
400.63 9.25228396079e-15
400.64 1.15218929552e-14
400.65 1.43358164381e-14
400.66 1.78215198785e-14
400.67 2.21355725505e-14
400.68 2.74701159568e-14
400.69 3.40607289351e-14
400.7 4.21959817671e-14
400.71 5.22290307513e-14
400.72 6.45916753687e-14
400.73 7.98113845258e-14
400.74 9.85318989366e-14
400.75 1.21538136496e-13
400.76 1.49786270027e-13
400.77 1.84440016151e-13
400.78 2.26914375144e-13
400.79 2.78928300056e-13
400.8 3.42568055861e-13
400.81 4.20363363604e-13
400.82 5.15378819545e-13
400.83 6.31323545626e-13
400.84 7.7268257762e-13
400.85 9.44874145123e-13
400.86 1.15443775989e-12
400.87 1.40925892499e-12
400.88 1.71883732903e-12
400.89 2.09460662331e-12
400.9 2.55031532437e-12
400.91 3.10248007509e-12
400.92 3.77092447267e-12
400.93 4.57941897804e-12
400.94 5.55644010983e-12
400.95 6.73607025731e-12
400.96 8.15906308897e-12
400.97 9.87410376533e-12
400.98 1.19392980759e-11
400.99 1.44239303127e-11
401.0 1.74105362834e-11
401.01 2.09973454891e-11
401.02 2.5301155293e-11
401.03 3.04607100612e-11
401.04 3.66406699575e-11
401.05 4.40362675355e-11
401.06 5.28787657485e-11
401.07 6.34418487604e-11
401.08 7.60490973077e-11
401.09 9.10827236861e-11
401.1 1.08993768107e-10
401.11 1.30313988631e-10
401.12 1.55669711647e-10
401.13 1.85797949446e-10
401.14 2.21565136505e-10
401.15 2.63988887264e-10
401.16 3.14263236308e-10
401.17 3.73787887667e-10
401.18 4.44202074496e-10
401.19 5.2742371461e-10
401.2 6.25694642445e-10
401.21 7.41632805159e-10
401.22 8.78292431264e-10
401.23 1.03923331578e-09
401.24 1.2286005181e-09
401.25 1.45121593952e-09
401.26 1.71268343814e-09
401.27 2.01950935264e-09
401.28 2.37924054448e-09
401.29 2.80062233351e-09
401.3 3.2937789977e-09
401.31 3.87041983565e-09
401.32 4.54407415471e-09
401.33 5.33035895087e-09
401.34 6.24728349247e-09
401.35 7.31559551192e-09
401.36 8.55917425252e-09
401.37 1.00054762141e-08
401.38 1.16860400977e-08
401.39 1.36370581674e-08
401.4 1.59000220369e-08
401.41 1.85224517457e-08
401.42 2.15587179308e-08
401.43 2.50709679191e-08
401.44 2.91301676765e-08
401.45 3.38172727524e-08
401.46 3.92245426619e-08
401.47 4.54570145516e-08
401.48 5.26341535145e-08
401.49 6.08916985447e-08
401.5 7.03837248753e-08
401.51 8.12849453103e-08
401.52 9.37932751626e-08
401.53 1.08132687535e-07
401.54 1.24556387942e-07
401.55 1.43350339671e-07
401.56 1.6483717379e-07
401.57 1.89380520403e-07
401.58 2.17389800516e-07
401.59 2.49325520822e-07
401.6 2.85705116756e-07
401.61 3.2710939232e-07
401.62 3.74189608481e-07
401.63 4.27675275265e-07
401.64 4.88382706175e-07
401.65 5.57224397027e-07
401.66 6.35219294878e-07
401.67 7.23504026317e-07
401.68 8.23345157929e-07
401.69 9.36152565317e-07
401.7 1.06349399053e-06
401.71 1.20711087111e-06
401.72 1.36893552716e-06
401.73 1.55110979589e-06
401.74 1.75600520585e-06
401.75 1.98624478553e-06
401.76 2.24472660299e-06
401.77 2.53464913502e-06
401.78 2.85953856535e-06
401.79 3.22327811196e-06
401.8 3.63013948362e-06
401.81 4.08481656466e-06
401.82 4.59246142556e-06
401.83 5.15872275416e-06
401.84 5.7897867987e-06
401.85 6.49242090904e-06
401.86 7.2740197566e-06
401.87 8.14265430598e-06
401.88 9.10712360262e-06
401.89 1.01770094306e-05
401.9 1.13627338824e-05
401.91 1.26756198692e-05
401.92 1.41279545852e-05
401.93 1.57330559196e-05
401.94 1.75053417947e-05
401.95 1.94604023836e-05
401.96 2.16150751377e-05
401.97 2.39875225306e-05
401.98 2.65973123955e-05
401.99 2.94655007025e-05
402.0 3.26147165898e-05
402.01 3.60692494318e-05
402.02 3.98551376828e-05
402.03 4.40002592046e-05
402.04 4.85344227389e-05
402.05 5.34894601462e-05
402.06 5.8899318987e-05
402.07 6.4800154975e-05
402.08 7.12304237858e-05
402.09 7.82309716547e-05
402.1 8.58451241487e-05
402.11 9.41187724486e-05
402.12 0.000103100456426
402.13 0.000112841443751
402.14 0.00012339580422
402.15 0.000134820478443
402.16 0.000147175339978
402.17 0.000160523249973
402.18 0.00017493010332
402.19 0.000190464865288
402.2 0.000207199597587
402.21 0.000225209472754
402.22 0.000244572775769
402.23 0.000265370891746
402.24 0.000287688278583
402.25 0.0003116124234
402.26 0.000337233781641
402.27 0.000364645697708
402.28 0.00039394430601
402.29 0.000425228411374
402.3 0.000458599347764
402.31 0.000494160814343
402.32 0.000532018687963
402.33 0.00057228081124
402.34 0.000615056755467
402.35 0.000660457557718
402.36 0.00070859543161
402.37 0.000759583451298
402.38 0.000813535208451
402.39 0.000870564442067
402.4 0.000930784641177
402.41 0.000994308620639
402.42 0.00106124807043
402.43 0.001131713079
402.44 0.00120581163152
402.45 0.00128364908397
402.46 0.00136532761435
402.47 0.00145094565236
402.48 0.00154059728938
402.49 0.00163437167048
402.5 0.00173235237069
402.51 0.00183461675788
402.52 0.00194123534484
402.53 0.00205227113337
402.54 0.00216777895344
402.55 0.0022878048006
402.56 0.00241238517518
402.57 0.00254154642682
402.58 0.00267530410816
402.59 0.00281366234165
402.6 0.00295661320351
402.61 0.00310413612907
402.62 0.00325619734377
402.63 0.00341274932405
402.64 0.00357373029273
402.65 0.00373906375286
402.66 0.00390865806488
402.67 0.00408240607081
402.68 0.00426018477021
402.69 0.00444185505145
402.7 0.00462726148264
402.71 0.00481623216554
402.72 0.00500857865622
402.73 0.0052040959554
402.74 0.00540256257163
402.75 0.00560374065968
402.76 0.00580737623641
402.77 0.006013199476
402.78 0.00622092508583
402.79 0.00643025276396
402.8 0.00664086773881
402.81 0.00685244139086
402.82 0.00706463195592
402.83 0.00727708530898
402.84 0.00748943582699
402.85 0.00770130732849
402.86 0.00791231408748
402.87 0.00812206191828
402.88 0.00833014932779
402.89 0.00853616873084
402.9 0.00873970772386
402.91 0.00894035041186
402.92 0.00913767878288
402.93 0.00933127412385
402.94 0.00952071847151
402.95 0.00970559609131
402.96 0.00988549497742
402.97 0.0100600083661
402.98 0.0102287362551
402.99 0.0103912869209
403.0 0.0105472784259
403.01 0.010696340108
403.02 0.0108381140433
403.03 0.0109722564759
403.04 0.011098439204
403.05 0.0112163509175
403.06 0.0113256984776
403.07 0.0114262081313
403.08 0.0115176266546
403.09 0.011599722417
403.1 0.0116722863616
403.11 0.0117351328942
403.12 0.0117881006771
403.13 0.0118310533227
403.14 0.0118638799825
403.15 0.0118864958274
403.16 0.0118988424184
403.17 0.0119008879637
403.18 0.0118926274605
403.19 0.0118740827235
403.2 0.0118453022959
403.21 0.0118063612467
403.22 0.0117573608552
403.23 0.0116984281823
403.24 0.011629715535
403.25 0.0115513998243
403.26 0.0114636818223
403.27 0.0113667853222
403.28 0.0112609562073
403.29 0.0111464614333
403.3 0.0110235879313
403.31 0.0108926414381
403.32 0.0107539452599
403.33 0.0106078389772
403.34 0.0104546770995
403.35 0.010294827676
403.36 0.0101286708723
403.37 0.0099565975187
403.38 0.00977900764207
403.39 0.0095963089857
403.4 0.00940891552813
403.41 0.00921724600789
403.42 0.00902172246242
403.43 0.00882276878899
403.44 0.00862080933516
403.45 0.00841626752602
403.46 0.00820956453521
403.47 0.00800111800617
403.48 0.00779134082982
403.49 0.0075806399844
403.5 0.00736941544265
403.51 0.00715805915112
403.52 0.00694695408584
403.53 0.00673647338796
403.54 0.00652697958281
403.55 0.00631882388462
403.56 0.00611234558933
403.57 0.00590787155687
403.58 0.00570571578389
403.59 0.00550617906751
403.6 0.00530954875992
403.61 0.00511609861338
403.62 0.00492608871449
403.63 0.00473976550621
403.64 0.00455736189567
403.65 0.00437909744542
403.66 0.00420517864513
403.67 0.00403579926083
403.68 0.00387114075787
403.69 0.00371137279392
403.7 0.00355665377782
403.71 0.0034071314898
403.72 0.00326294375839
403.73 0.00312421918928
403.74 0.00299107794082
403.75 0.0028636325412
403.76 0.00274198874167
403.77 0.00262624640051
403.78 0.00251650039209
403.79 0.00241284153536
403.8 0.0023153575361
403.81 0.00222413393722
403.82 0.00213925507127
403.83 0.0020608050096
403.84 0.00198886850216
403.85 0.00192353190263
403.86 0.0018648840728
403.87 0.00181301726108
403.88 0.00176802794912
403.89 0.00173001766159
403.9 0.00169909373346
403.91 0.00167537002959
403.92 0.00165896761166
403.93 0.00165001534734
403.94 0.00164865045676
403.95 0.00165501899185
403.96 0.00166927624376
403.97 0.00169158707413
403.98 0.00172212616612
403.99 0.00176107819116
404.0 0.00180863788781
404.01 0.00186501004927
404.02 0.00193040941635
404.03 0.00200506047313
404.04 0.00208919714262
404.05 0.00218306238045
404.06 0.00228690766453
404.07 0.00240099237947
404.08 0.00252558309469
404.09 0.00266095273572
404.1 0.00280737964862
404.11 0.00296514655814
404.12 0.00313453942048
404.13 0.00331584617236
404.14 0.00350935537871
404.15 0.00371535478155
404.16 0.0039341297539
404.17 0.00416596166261
404.18 0.00441112614509
404.19 0.0046698913056
404.2 0.00494251583714
404.21 0.00522924707626
404.22 0.00553031899825
404.23 0.00584595016142
404.24 0.00617634160949
404.25 0.00652167474205
404.26 0.00688210916368
404.27 0.00725778052297
404.28 0.00764879835318
404.29 0.0080552439272
404.3 0.00847716813961
404.31 0.00891458942932
404.32 0.00936749175681
404.33 0.00983582264999
404.34 0.0103194913334
404.35 0.0108183669554
404.36 0.0113322769277
404.37 0.0118610053934
404.38 0.012404291836
404.39 0.0129618298466
404.4 0.0135332660612
404.41 0.0141181992837
404.42 0.014716179806
404.43 0.0153267089403
404.44 0.0159492387731
404.45 0.0165831721534
404.46 0.0172278629249
404.47 0.0178826164098
404.48 0.0185466901545
404.49 0.0192192949409
404.5 0.0198995960697
404.51 0.0205867149186
404.52 0.0212797307777
404.53 0.0219776829618
404.54 0.0226795731978
404.55 0.0233843682841
404.56 0.0240910030174
404.57 0.0247983833779
404.58 0.0255053899654
404.59 0.0262108816754
404.6 0.0269136996006
404.61 0.0276126711455
404.62 0.0283066143352
404.63 0.0289943423017
404.64 0.0296746679268
404.65 0.0303464086197
404.66 0.0310083912073
404.67 0.0316594569106
404.68 0.0322984663834
404.69 0.0329243047846
404.7 0.0335358868566
404.71 0.0341321619813
404.72 0.0347121191837
404.73 0.0352747920531
404.74 0.0358192635523
404.75 0.0363446706836
404.76 0.0368502089821
404.77 0.0373351368065
404.78 0.0377987793977
404.79 0.0382405326775
404.8 0.0386598667588
404.81 0.0390563291427
404.82 0.0394295475765
404.83 0.0397792325491
404.84 0.0401051794035
404.85 0.0404072700462
404.86 0.0406854742365
404.87 0.0409398504397
404.88 0.0411705462338
404.89 0.0413777982567
404.9 0.0415619316894
404.91 0.0417233592687
404.92 0.0418625798285
404.93 0.0419801763703
404.94 0.0420768136679
404.95 0.0421532354124
404.96 0.0422102609077
404.97 0.0422487813297
404.98 0.0422697555645
404.99 0.0422742056446
405.0 0.0422632118034
405.01 0.0422379071734
405.02 0.0421994721526
405.03 0.0421491284693
405.04 0.0420881329745
405.05 0.0420177711966
405.06 0.0419393506912
405.07 0.0418541942227
405.08 0.0417636328162
405.09 0.0416689987164
405.1 0.0415716182954
405.11 0.0414728049471
405.12 0.0413738520108
405.13 0.0412760257638
405.14 0.0411805585237
405.15 0.0410886419008
405.16 0.0410014202399
405.17 0.0409199842906
405.18 0.0408453651436
405.19 0.0407785284688
405.2 0.0407203690902
405.21 0.0406717059301
405.22 0.0406332773534
405.23 0.0406057369406
405.24 0.0405896497147
405.25 0.040585488846
405.26 0.0405936328559
405.27 0.0406143633357
405.28 0.0406478631965
405.29 0.0406942154614
405.3 0.040753402608
405.31 0.0408253064658
405.32 0.040909708672
405.33 0.0410062916812
405.34 0.0411146403271
405.35 0.0412342439262
405.36 0.041364498912
405.37 0.0415047119861
405.38 0.0416541037679
405.39 0.0418118129213
405.4 0.0419769007375
405.41 0.0421483561442
405.42 0.0423251011148
405.43 0.0425059964468
405.44 0.0426898478734
405.45 0.0428754124761
405.46 0.0430614053597
405.47 0.0432465065521
405.48 0.0434293680875
405.49 0.0436086212352
405.5 0.0437828838302
405.51 0.0439507676644
405.52 0.0441108858964
405.53 0.044261860439
405.54 0.0444023292797
405.55 0.0445309536968
405.56 0.0446464253277
405.57 0.0447474730523
405.58 0.0448328696521
405.59 0.0449014382101
405.6 0.0449520582158
405.61 0.0449836713432
405.62 0.044995286872
405.63 0.0449859867228
405.64 0.0449549300817
405.65 0.0449013575917
405.66 0.0448245950897
405.67 0.0447240568731
405.68 0.0445992484812
405.69 0.0444497689802
405.7 0.0442753127442
405.71 0.0440756707266
405.72 0.0438507312199
405.73 0.0436004801059
405.74 0.0433250005991
405.75 0.0430244724917
405.76 0.0426991709091
405.77 0.0423494645893
405.78 0.0419758137008
405.79 0.041578767218
405.8 0.0411589598729
405.81 0.040717108707
405.82 0.0402540092461
405.83 0.0397705313261
405.84 0.0392676145964
405.85 0.0387462637298
405.86 0.0382075433716
405.87 0.0376525728567
405.88 0.0370825207287
405.89 0.0364985990929
405.9 0.0359020578378
405.91 0.0352941787561
405.92 0.0346762696005
405.93 0.0340496581067
405.94 0.0334156860145
405.95 0.0327757031218
405.96 0.0321310613989
405.97 0.0314831091961
405.98 0.0308331855711
405.99 0.0301826147642
406.0 0.0295327008482
406.01 0.0288847225753
406.02 0.0282399284453
406.03 0.0275995320154
406.04 0.0269647074701
406.05 0.0263365854686
406.06 0.0257162492852
406.07 0.0251047312547
406.08 0.0245030095352
406.09 0.0239120051958
406.1 0.0233325796378
406.11 0.022765532353
406.12 0.0222115990234
406.13 0.0216714499625
406.14 0.0211456888977
406.15 0.0206348520921
406.16 0.0201394078002
406.17 0.0196597560527
406.18 0.0191962287622
406.19 0.0187490901417
406.2 0.0183185374251
406.21 0.017904701878
406.22 0.0175076500872
406.23 0.0171273855142
406.24 0.016763850298
406.25 0.0164169272933
406.26 0.0160864423255
406.27 0.0157721666477
406.28 0.0154738195823
406.29 0.0151910713279
406.3 0.0149235459157
406.31 0.0146708242954
406.32 0.0144324475346
406.33 0.0142079201106
406.34 0.013996713279
406.35 0.0137982685003
406.36 0.0136120009062
406.37 0.0134373027894
406.38 0.0132735470991
406.39 0.013120090926
406.4 0.0129762789612
406.41 0.0128414469133
406.42 0.0127149248693
406.43 0.0125960405848
406.44 0.0124841226912
406.45 0.0123785038061
406.46 0.0122785235371
406.47 0.0121835313653
406.48 0.0120928894021
406.49 0.0120059750068
406.5 0.0119221832591
406.51 0.011840929278
406.52 0.0117616503808
406.53 0.011683808077
406.54 0.0116068898922
406.55 0.0115304110187
406.56 0.0114539157883
406.57 0.0113769789684
406.58 0.0112992068771
406.59 0.0112202383186
406.6 0.01113974534
406.61 0.0110574338087
406.62 0.0109730438154
406.63 0.0108863499024
406.64 0.0107971611236
406.65 0.0107053209384
406.66 0.0106107069454
406.67 0.0105132304604
406.68 0.0104128359463
406.69 0.010309500299
406.7 0.010203231999
406.71 0.0100940701336
406.72 0.00998208329883
406.73 0.00986736838951
406.74 0.00975004928421
406.75 0.00963027543546
406.76 0.00950822037291
406.77 0.00938408012896
406.78 0.00925807159555
406.79 0.0091304308215
406.8 0.00900141125935
406.81 0.00887128197091
406.82 0.00874032580053
406.83 0.00860883752499
406.84 0.00847712198883
406.85 0.00834549223382
406.86 0.00821426763078
406.87 0.00808377202216
406.88 0.00795433188316
406.89 0.00782627450893
406.9 0.00769992623538
406.91 0.00757561070038
406.92 0.007453647152
406.93 0.00733434881015
406.94 0.00721802128733
406.95 0.00710496107412
406.96 0.00699545409441
406.97 0.00688977433505
406.98 0.00678818255428
406.99 0.00669092507272
407.0 0.00659823265032
407.01 0.00651031945256
407.02 0.00642738210823
407.03 0.0063495988613
407.04 0.00627712881855
407.05 0.00621011129456
407.06 0.00614866525502
407.07 0.0060928888592
407.08 0.00604285910183
407.09 0.00599863155446
407.1 0.00596024020587
407.11 0.00592769740103
407.12 0.00590099387732
407.13 0.00588009889704
407.14 0.00586496047423
407.15 0.00585550569425
407.16 0.00585164112356
407.17 0.0058532533075
407.18 0.00586020935312
407.19 0.00587235759427
407.2 0.0058895283354
407.21 0.00591153467082
407.22 0.00593817337556
407.23 0.0059692258639
407.24 0.00600445921138
407.25 0.00604362723587
407.26 0.00608647163317
407.27 0.00613272316237
407.28 0.00618210287589
407.29 0.00623432338929
407.3 0.00628909018535
407.31 0.00634610294715
407.32 0.00640505691459
407.33 0.00646564425855
407.34 0.00652755546717
407.35 0.00659048073813
407.36 0.00665411137127
407.37 0.00671814115541
407.38 0.00678226774354
407.39 0.00684619401028
407.4 0.0069096293857
407.41 0.00697229115967
407.42 0.00703390575068
407.43 0.00709420993361
407.44 0.00715295202059
407.45 0.00720989298967
407.46 0.00726480755572
407.47 0.0073174851787
407.48 0.00736773100417
407.49 0.00741536673149
407.5 0.00746023140533
407.51 0.00750218212633
407.52 0.00754109467732
407.53 0.00757686406145
407.54 0.00760940494949
407.55 0.00763865203339
407.56 0.00766456028408
407.57 0.00768710511164
407.58 0.00770628242647
407.59 0.00772210860066
407.6 0.00773462032907
407.61 0.00774387439025
407.62 0.00774994730776
407.63 0.00775293491292
407.64 0.00775295181054
407.65 0.00775013074974
407.66 0.0077446219023
407.67 0.00773659205158
407.68 0.00772622369561
407.69 0.00771371406809
407.7 0.00769927408185
407.71 0.00768312719955
407.72 0.00766550823678
407.73 0.0076466621033
407.74 0.00762684248819
407.75 0.00760631049539
407.76 0.00758533323609
407.77 0.00756418238497
407.78 0.00754313270716
407.79 0.00752246056355
407.8 0.00750244240155
407.81 0.00748335323919
407.82 0.00746546515012
407.83 0.00744904575714
407.84 0.00743435674228
407.85 0.0074216523808
407.86 0.00741117810707
407.87 0.00740316911962
407.88 0.00739784903292
407.89 0.00739542858295
407.9 0.00739610439364
407.91 0.00740005781081
407.92 0.00740745381005
407.93 0.00741843998455
407.94 0.00743314561863
407.95 0.00745168085227
407.96 0.00747413594134
407.97 0.00750058061817
407.98 0.00753106355612
407.99 0.00756561194164
408.0 0.00760423115669
408.01 0.00764690457371
408.02 0.00769359346498
408.03 0.0077442370274
408.04 0.00779875252324
408.05 0.00785703553684
408.06 0.0079189603465
408.07 0.0079843804103
408.08 0.00805312896399
408.09 0.0081250197283
408.1 0.00819984772268
408.11 0.00827739018175
408.12 0.00835740757011
408.13 0.00843964469079
408.14 0.00852383188186
408.15 0.00860968629544
408.16 0.00869691325272
408.17 0.00878520766808
408.18 0.0088742555353
408.19 0.00896373546807
408.2 0.00905332028688
408.21 0.00914267864419
408.22 0.00923147667911
408.23 0.00931937969312
408.24 0.00940605383781
408.25 0.00949116780558
408.26 0.0095743945144
408.27 0.00965541277735
408.28 0.009733908948
408.29 0.00980957853257
408.3 0.00988212776016
408.31 0.00995127510223
408.32 0.010016752733
408.33 0.0100783079229
408.34 0.0101357043564
408.35 0.0101887233686
408.36 0.0102371650912
408.37 0.0102808495035
408.38 0.0103196173813
408.39 0.0103533311387
408.4 0.0103818755575
408.41 0.0104051584006
408.42 0.0104231109053
408.43 0.010435688154
408.44 0.0104428693193
408.45 0.010444657783
408.46 0.0104410811273
408.47 0.0104321909989
408.48 0.0104180628449
408.49 0.0103987955247
408.5 0.010374510797
408.51 0.0103453526861
408.52 0.0103114867313
408.53 0.0102730991216
408.54 0.0102303957231
408.55 0.0101836010017
408.56 0.0101329568486
408.57 0.0100787213152
408.58 0.0100211672631
408.59 0.00996058093733
408.6 0.00989726047114
408.61 0.00983151432943
408.62 0.00976365970021
408.63 0.0096940208425
408.64 0.00962292739982
408.65 0.00955071268835
408.66 0.00947771196926
408.67 0.00940426071432
408.68 0.00933069287446
408.69 0.00925733916036
408.7 0.00918452534452
408.71 0.00911257059374
408.72 0.00904178584101
408.73 0.00897247220543
408.74 0.00890491946847
408.75 0.00883940461459
408.76 0.00877619044391
408.77 0.00871552426395
408.78 0.0086576366674
408.79 0.00860274040193
408.8 0.0085510293379
408.81 0.00850267753894
408.82 0.00845783844022
408.83 0.00841664413798
408.84 0.00837920479402
408.85 0.00834560815752
408.86 0.00831591920645
408.87 0.00829017990979
408.88 0.00826840911131
408.89 0.00825060253499
408.9 0.00823673291141
408.91 0.0082267502239
408.92 0.00822058207255
408.93 0.00821813415339
408.94 0.00821929084992
408.95 0.00822391593291
408.96 0.00823185336441
408.97 0.00824292820113
408.98 0.00825694759164
408.99 0.00827370186194
409.0 0.00829296568277
409.01 0.00831449931225
409.02 0.00833804990683
409.03 0.00836335289298
409.04 0.00839013339227
409.05 0.00841810769182
409.06 0.00844698475209
409.07 0.00847646774377
409.08 0.0085062556056
409.09 0.00853604461456
409.1 0.00856552996026
409.11 0.00859440731499
409.12 0.00862237439143
409.13 0.0086491324797
409.14 0.00867438795593
409.15 0.00869785375456
409.16 0.00871925079703
409.17 0.00873830936955
409.18 0.00875477044328
409.19 0.00876838693042
409.2 0.00877892487015
409.21 0.00878616453892
409.22 0.00878990147995
409.23 0.00878994744726
409.24 0.00878613126023
409.25 0.00877829956507
409.26 0.0087663175002
409.27 0.0087500692631
409.28 0.00872945857684
409.29 0.00870440905484
409.3 0.00867486446329
409.31 0.00864078888114
409.32 0.00860216675794
409.33 0.00855900287071
409.34 0.00851132218132
409.35 0.00845916959655
409.36 0.00840260963339
409.37 0.00834172599275
409.38 0.00827662104515
409.39 0.00820741523247
409.4 0.00813424639013
409.41 0.00805726899461
409.42 0.00797665334145
409.43 0.00789258465928
409.44 0.00780526216556
409.45 0.00771489807005
409.46 0.00762171653228
409.47 0.0075259525793
409.48 0.00742785099015
409.49 0.00732766515365
409.5 0.00722565590606
409.51 0.00712209035509
409.52 0.00701724069688
409.53 0.00691138303227
409.54 0.00680479618873
409.55 0.00669776055395
409.56 0.00659055692724
409.57 0.00648346539421
409.58 0.0063767642303
409.59 0.00627072883827
409.6 0.00616563072454
409.61 0.00606173651883
409.62 0.00595930704115
409.63 0.00585859642014
409.64 0.00575985126588
409.65 0.00566330990023
409.66 0.00556920164725
409.67 0.00547774618576
409.68 0.00538915296581
409.69 0.00530362069019
409.7 0.00522133686186
409.71 0.00514247739776
409.72 0.00506720630879
409.73 0.00499567544577
409.74 0.00492802431023
409.75 0.00486437992913
409.76 0.00480485679158
409.77 0.00474955684589
409.78 0.00469856955446
409.79 0.00465197200395
409.8 0.00460982906795
409.81 0.00457219361878
409.82 0.00453910678521
409.83 0.0045105982524
409.84 0.00448668660025
409.85 0.00446737967627
409.86 0.00445267499887
409.87 0.00444256018684
409.88 0.00443701341092
409.89 0.00443600386306
409.9 0.00443949223922
409.91 0.0044474312313
409.92 0.00445976602429
409.93 0.00447643479426
409.94 0.00449736920341
409.95 0.0045224948882
409.96 0.00455173193711
409.97 0.00458499535429
409.98 0.00462219550609
409.99 0.00466323854735
410.0 0.00470802682473
410.01 0.00475645925469
410.02 0.00480843167382
410.03 0.00486383715988
410.04 0.00492256632186
410.05 0.004984507558
410.06 0.00504954728088
410.07 0.00511757010909
410.08 0.0051884590254
410.09 0.00526209550167
410.1 0.00533835959088
410.11 0.00541712998753
410.12 0.00549828405725
410.13 0.00558169783758
410.14 0.00566724601149
410.15 0.00575480185596
410.16 0.00584423716805
410.17 0.00593542217107
410.18 0.00602822540388
410.19 0.00612251359634
410.2 0.00621815153426
410.21 0.00631500191722
410.22 0.00641292521293
410.23 0.00651177951158
410.24 0.00661142038402
410.25 0.00671170074736
410.26 0.00681247074164
410.27 0.00691357762123
410.28 0.00701486566446
410.29 0.0071161761048
410.3 0.00721734708688
410.31 0.00731821365037
410.32 0.00741860774445
410.33 0.00751835827552
410.34 0.00761729119033
410.35 0.00771522959653
410.36 0.00781199392225
410.37 0.00790740211594
410.38 0.00800126988749
410.39 0.00809341099095
410.4 0.00818363754919
410.41 0.00827176042007
410.42 0.00835758960345
410.43 0.00844093468802
410.44 0.00852160533638
410.45 0.00859941180644
410.46 0.00867416550706
410.47 0.00874567958495
410.48 0.00881376954009
410.49 0.0088782538663
410.5 0.0089389547131
410.51 0.00899569856519
410.52 0.00904831693525
410.53 0.0090966470656
410.54 0.00914053263427
410.55 0.00917982446061
410.56 0.00921438120575
410.57 0.00924407006284
410.58 0.00926876743226
410.59 0.00928835957676
410.6 0.00930274325182
410.61 0.00931182630625
410.62 0.0093155282485
410.63 0.00931378077425
410.64 0.00930652825085
410.65 0.0092937281548
410.66 0.00927535145835
410.67 0.00925138296191
410.68 0.00922182156919
410.69 0.0091866805022
410.7 0.00914598745403
410.71 0.00909978467729
410.72 0.00904812900682
410.73 0.00899109181556
410.74 0.008928758903
410.75 0.00886123031615
410.76 0.00878862010309
410.77 0.00871105600013
410.78 0.00862867905361
410.79 0.00854164317797
410.8 0.00845011465225
410.81 0.00835427155741
410.82 0.00825430315726
410.83 0.00815040922641
410.84 0.0080427993285
410.85 0.00793169204887
410.86 0.0078173141856
410.87 0.00769989990341
410.88 0.00757968985503
410.89 0.00745693027473
410.9 0.00733187204914
410.91 0.00720476977023
410.92 0.00707588077567
410.93 0.00694546418164
410.94 0.00681377991346
410.95 0.00668108773889
410.96 0.00654764630938
410.97 0.00641371221417
410.98 0.00627953905204
410.99 0.00614537652543
411.0 0.00601146956133
411.01 0.00587805746337
411.02 0.00574537309888
411.03 0.00561364212496
411.04 0.00548308225675
411.05 0.00535390258132
411.06 0.00522630291988
411.07 0.00510047324096
411.08 0.0049765931266
411.09 0.00485483129365
411.1 0.00473534517139
411.11 0.00461828053696
411.12 0.00450377120913
411.13 0.00439193880105
411.14 0.00428289253212
411.15 0.00417672909866
411.16 0.00407353260303
411.17 0.00397337454023
411.18 0.00387631384093
411.19 0.00378239696956
411.2 0.0036916580757
411.21 0.00360411919689
411.22 0.00351979051072
411.23 0.00343867063386
411.24 0.00336074696537
411.25 0.00328599607165
411.26 0.00321438411015
411.27 0.00314586728872
411.28 0.00308039235759
411.29 0.0030178971307
411.3 0.00295831103307
411.31 0.00290155567098
411.32 0.00284754542137
411.33 0.00279618803739
411.34 0.0027473852664
411.35 0.00270103347736
411.36 0.0026570242941
411.37 0.00261524523134
411.38 0.00257558033026
411.39 0.00253791079052
411.4 0.00250211559583
411.41 0.00246807213013
411.42 0.00243565678172
411.43 0.00240474553266
411.44 0.00237521453117
411.45 0.00234694064454
411.46 0.00231980199061
411.47 0.0022936784457
411.48 0.00226845212747
411.49 0.00224400785081
411.5 0.00222023355557
411.51 0.00219702070491
411.52 0.00217426465304
411.53 0.00215186498175
411.54 0.00212972580491
411.55 0.00210775604046
411.56 0.00208586964968
411.57 0.0020639858436
411.58 0.00204202925651
411.59 0.00201993008688
411.6 0.00199762420608
411.61 0.00197505323542
411.62 0.00195216459209
411.63 0.00192891150508
411.64 0.00190525300178
411.65 0.00188115386647
411.66 0.00185658457187
411.67 0.00183152118512
411.68 0.00180594524944
411.69 0.00177984364308
411.7 0.00175320841702
411.71 0.00172603661311
411.72 0.00169833006423
411.73 0.00167009517828
411.74 0.00164134270761
411.75 0.00161208750572
411.76 0.00158234827301
411.77 0.00155214729324
411.78 0.00152151016257
411.79 0.0014904655128
411.8 0.00145904473058
411.81 0.00142728167421
411.82 0.00139521238962
411.83 0.0013628748271
411.84 0.00133030856033
411.85 0.00129755450901
411.86 0.00126465466649
411.87 0.0012316518337
411.88 0.00119858936047
411.89 0.00116551089547
411.9 0.00113246014552
411.91 0.00109948064546
411.92 0.00106661553915
411.93 0.00103390737245
411.94 0.00100139789862
411.95 0.000969127896909
411.96 0.000937137004413
411.97 0.000905463561794
411.98 0.000874144472903
411.99 0.000843215078514
412.0 0.000812709044167
412.01 0.000782658262098
412.02 0.000753092767103
412.03 0.000724040666156
412.04 0.000695528081476
412.05 0.000667579106728
412.06 0.000640215775936
412.07 0.000613458044649
412.08 0.00058732378287
412.09 0.000561828779167
412.1 0.000536986755398
412.11 0.000512809391414
412.12 0.000489306359104
412.13 0.000466485365085
412.14 0.000444352201389
412.15 0.00042291080342
412.16 0.000402163314493
412.17 0.000382110156262
412.18 0.000362750104331
412.19 0.00034408036837
412.2 0.000326096676065
412.21 0.000308793360243
412.22 0.000292163448549
412.23 0.000276198755054
412.24 0.000260889973221
412.25 0.000246226769677
412.26 0.000232197878261
412.27 0.000218791193866
412.28 0.000205993865618
412.29 0.000193792388973
412.3 0.000182172696351
412.31 0.000171120245946
412.32 0.000160620108427
412.33 0.000150657051215
412.34 0.000141215620141
412.35 0.000132280218232
412.36 0.00012383518149
412.37 0.000115864851495
412.38 0.000108353644743
412.39 0.000101286118614
412.4 9.46470339401e-05
412.41 8.84214141185e-05
412.42 8.2594600786e-05
412.43 7.71523060536e-05
412.44 7.20806613409e-05
412.45 6.73662628615e-05
412.46 6.29962138223e-05
412.47 5.89581634143e-05
412.48 5.52403426839e-05
412.49 5.18315973794e-05
412.5 4.87214178744e-05
412.51 4.58999662739e-05
412.52 4.33581008115e-05
412.53 4.10873976439e-05
412.54 3.90801701505e-05
412.55 3.732948584e-05
412.56 3.58291809623e-05
412.57 3.45738729183e-05
412.58 3.35589705507e-05
412.59 3.27806823931e-05
412.6 3.22360229431e-05
412.61 3.19228170152e-05
412.62 3.18397022194e-05
412.63 3.19861295984e-05
412.64 3.23623624447e-05
412.65 3.29694733086e-05
412.66 3.3809339194e-05
412.67 3.48846349269e-05
412.68 3.61988246731e-05
412.69 3.77561515656e-05
412.7 3.95616253962e-05
412.71 4.16210083133e-05
412.72 4.39407984593e-05
412.73 4.65282114758e-05
412.74 4.9391159793e-05
412.75 5.25382296209e-05
412.76 5.59786555499e-05
412.77 5.97222926702e-05
412.78 6.37795861166e-05
412.79 6.81615379475e-05
412.8 7.28796712677e-05
412.81 7.79459915115e-05
412.82 8.33729448083e-05
412.83 8.91733733601e-05
412.84 9.53604677722e-05
412.85 0.000101947716291
412.86 0.000108948850913
412.87 0.000116377790356
412.88 0.000124248579886
412.89 0.000132575328025
412.9 0.00014137214018
412.91 0.000150653049275
412.92 0.000160431943444
412.93 0.00017072249094
412.94 0.00018153806238
412.95 0.0001928916505
412.96 0.000204795787637
412.97 0.000217262461146
412.98 0.000230303027035
412.99 0.000243928122089
413.0 0.000258147574819
413.01 0.000272970315573
413.02 0.000288404286198
413.03 0.000304456349644
413.04 0.000321132199958
413.05 0.000338436273112
413.06 0.000356371659146
413.07 0.000374940016128
413.08 0.000394141486438
413.09 0.000413974615921
413.1 0.000434436276439
413.11 0.000455521592375
413.12 0.000477223871652
413.13 0.000499534541813
413.14 0.000522443091722
413.15 0.000545937019426
413.16 0.000570001786722
413.17 0.000594620780927
413.18 0.000619775284373
413.19 0.00064544445207
413.2 0.000671605298003
413.21 0.000698232690456
413.22 0.000725299356728
413.23 0.00075277589758
413.24 0.000780630811671
413.25 0.000808830530226
413.26 0.000837339462093
413.27 0.000866120049318
413.28 0.000895132833269
413.29 0.000924336531316
413.3 0.000953688123982
413.31 0.000983142952415
413.32 0.00101265482598
413.33 0.00104217613968
413.34 0.00107165800104
413.35 0.00110105036607
413.36 0.0011303021838
413.37 0.00115936154878
413.38 0.00118817586104
413.39 0.00121669199273
413.4 0.00124485646071
413.41 0.0012726156044
413.42 0.00129991576785
413.43 0.00132670348542
413.44 0.00135292566982
413.45 0.00137852980186
413.46 0.00140346412071
413.47 0.0014276778137
413.48 0.00145112120479
413.49 0.00147374594043
413.5 0.00149550517203
413.51 0.00151635373381
413.52 0.00153624831522
413.53 0.00155514762679
413.54 0.00157301255853
413.55 0.00158980633
413.56 0.00160549463109
413.57 0.00162004575278
413.58 0.00163343070711
413.59 0.00164562333553
413.6 0.00165660040526
413.61 0.00166634169286
413.62 0.00167483005464
413.63 0.00168205148353
413.64 0.00168799515212
413.65 0.00169265344148
413.66 0.00169602195593
413.67 0.00169809952337
413.68 0.00169888818157
413.69 0.00169839315024
413.7 0.00169662278929
413.71 0.00169358854366
413.72 0.00168930487483
413.73 0.00168378917985
413.74 0.00167706169813
413.75 0.00166914540692
413.76 0.00166006590583
413.77 0.0016498512915
413.78 0.00163853202298
413.79 0.0016261407788
413.8 0.00161271230659
413.81 0.00159828326621
413.82 0.00158289206739
413.83 0.00156657870276
413.84 0.00154938457739
413.85 0.00153135233574
413.86 0.00151252568716
413.87 0.00149294923069
413.88 0.00147266828049
413.89 0.00145172869243
413.9 0.00143017669314
413.91 0.00140805871213
413.92 0.00138542121799
413.93 0.00136231055936
413.94 0.00133877281146
413.95 0.00131485362881
413.96 0.00129059810488
413.97 0.00126605063905
413.98 0.00124125481151
413.99 0.0012162532665
414.0 0.00119108760419
414.01 0.00116579828154
414.02 0.00114042452232
414.03 0.00111500423648
414.04 0.00108957394889
414.05 0.00106416873751
414.06 0.00103882218094
414.07 0.0010135663152
414.08 0.000988431599588
414.09 0.000963446891432
414.1 0.000938639429387
414.11 0.00091403482502
414.12 0.000889657062292
414.13 0.000865528504535
414.14 0.000841669908504
414.15 0.000818100445037
414.16 0.000794837725841
414.17 0.000771897835901
414.18 0.000749295371002
414.19 0.000727043479844
414.2 0.000705153910214
414.21 0.000683637058704
414.22 0.000662502023442
414.23 0.000641756659333
414.24 0.000621407635314
414.25 0.000601460493125
414.26 0.000581919707161
414.27 0.00056278874493
414.28 0.000544070127736
414.29 0.000525765491161
414.3 0.000507875645022
414.31 0.000490400632438
414.32 0.000473339787727
414.33 0.000456691792859
414.34 0.000440454732221
414.35 0.0004246261455
414.36 0.000409203078497
414.37 0.000394182131744
414.38 0.000379559506803
414.39 0.000365331050162
414.4 0.000351492294692
414.41 0.000338038498613
414.42 0.00032496468199
414.43 0.000312265660767
414.44 0.000299936078394
414.45 0.000287970435103
414.46 0.000276363114918
414.47 0.000265108410504
414.48 0.00025420054596
414.49 0.000243633697682
414.5 0.000233402013441
414.51 0.000223499629801
414.52 0.000213920688048
414.53 0.000204659348767
414.54 0.00019570980523
414.55 0.000187066295762
414.56 0.000178723115225
414.57 0.000170674625788
414.58 0.00016291526714
414.59 0.000155439566276
414.6 0.000148242147019
414.61 0.000141317739406
414.62 0.000134661189065
414.63 0.000128267466709
414.64 0.000122131677864
414.65 0.00011624907292
414.66 0.000110615057625
414.67 0.000105225204081
414.68 0.000100075262334
414.69 9.51611726212e-05
414.7 9.04790783228e-05
414.71 8.60253396706e-05
414.72 8.17965482458e-05
414.73 7.77895422888e-05
414.74 7.40014228365e-05
414.75 7.04295706906e-05
414.76 6.7071664211e-05
414.77 6.39256979182e-05
414.78 6.09900018788e-05
414.79 5.82632618388e-05
414.8 5.57445400601e-05
414.81 5.34332968041e-05
414.82 5.13294123995e-05
414.83 4.94332098204e-05
414.84 4.77454776908e-05
414.85 4.62674936244e-05
414.86 4.50010477959e-05
414.87 4.39484666343e-05
414.88 4.31126365166e-05
414.89 4.24970273309e-05
414.9 4.21057157716e-05
414.91 4.19434082148e-05
414.92 4.20154630185e-05
414.93 4.23279120772e-05
414.94 4.28874814571e-05
414.95 4.37016109242e-05
414.96 4.47784721721e-05
414.97 4.61269855461e-05
414.98 4.77568350542e-05
414.99 4.96784814456e-05
415.0 5.19031731326e-05
415.01 5.44429547246e-05
415.02 5.73106729369e-05
415.03 6.05199796352e-05
415.04 6.4085331769e-05
415.05 6.80219879495e-05
415.06 7.23460014241e-05
415.07 7.70742091999e-05
415.08 8.22242170744e-05
415.09 8.78143803301e-05
415.1 9.38637798617e-05
415.11 0.000100392193508
415.12 0.000107420062374
415.13 0.000114968451936
415.14 0.00012305900775
415.15 0.00013171390558
415.16 0.000140955795803
415.17 0.000150807741966
415.18 0.000161293153373
415.19 0.000172435711653
415.2 0.000184259291238
415.21 0.000196787873754
415.22 0.000210045456346
415.23 0.000224055953993
415.24 0.000238843095919
415.25 0.000254430316244
415.26 0.000270840639064
415.27 0.000288096558193
415.28 0.00030621991185
415.29 0.000325231752631
415.3 0.000345152213135
415.31 0.000366000367688
415.32 0.000387794090647
415.33 0.000410549911811
415.34 0.00043428286954
415.35 0.000459006362191
415.36 0.000484731998585
415.37 0.000511469448199
415.38 0.000539226291884
415.39 0.000568007873892
415.4 0.000597817156086
415.41 0.000628654575194
415.42 0.000660517904026
415.43 0.000693402117585
415.44 0.000727299265028
415.45 0.000762198348427
415.46 0.000798085209323
415.47 0.00083494242402
415.48 0.000872749208604
415.49 0.000911481334617
415.5 0.000951111056332
415.51 0.000991607050511
415.52 0.00103293436953
415.53 0.00107505440866
415.54 0.00111792488832
415.55 0.0011614998519
415.56 0.00120572967999
415.57 0.00125056112133
415.58 0.00129593734122
415.59 0.0013417979875
415.6 0.00138807927476
415.61 0.00143471408661
415.62 0.00148163209636
415.63 0.00152875990604
415.64 0.00157602120354
415.65 0.00162333693777
415.66 0.00167062551138
415.67 0.00171780299062
415.68 0.00176478333165
415.69 0.00181147862281
415.7 0.00185779934164
415.71 0.00190365462613
415.72 0.0019489525588
415.73 0.00199360046263
415.74 0.0020375052075
415.75 0.0020805735258
415.76 0.00212271233577
415.77 0.002163829071
415.78 0.00220383201451
415.79 0.0022426306358
415.8 0.00228013592906
415.81 0.00231626075085
415.82 0.00235092015544
415.83 0.00238403172611
415.84 0.0024155159004
415.85 0.00244529628778
415.86 0.00247329997774
415.87 0.00249945783669
415.88 0.00252370479199
415.89 0.00254598010139
415.9 0.00256622760638
415.91 0.00258439596795
415.92 0.0026004388834
415.93 0.00261431528289
415.94 0.0026259895046
415.95 0.00263543144735
415.96 0.00264261669992
415.97 0.00264752664617
415.98 0.00265014854543
415.99 0.0026504755875
416.0 0.00264850692216
416.01 0.0026442476628
416.02 0.00263770886433
416.03 0.0026289074753
416.04 0.00261786626474
416.05 0.00260461372401
416.06 0.00258918394427
416.07 0.00257161647036
416.08 0.00255195613197
416.09 0.00253025285303
416.1 0.00250656144052
416.11 0.00248094135395
416.12 0.00245345645683
416.13 0.00242417475159
416.14 0.00239316809955
416.15 0.00236051192745
416.16 0.00232628492232
416.17 0.0022905687163
416.18 0.00225344756329
416.19 0.00221500800914
416.2 0.00217533855721
416.21 0.00213452933105
416.22 0.00209267173609
416.23 0.00204985812196
416.24 0.0020061814473
416.25 0.00196173494862
416.26 0.00191661181495
416.27 0.00187090486967
416.28 0.00182470626119
416.29 0.00177810716365
416.3 0.00173119748914
416.31 0.00168406561252
416.32 0.00163679810988
416.33 0.00158947951179
416.34 0.00154219207202
416.35 0.00149501555262
416.36 0.00144802702589
416.37 0.0014013006938
416.38 0.00135490772524
416.39 0.00130891611139
416.4 0.00126339053928
416.41 0.00121839228376
416.42 0.00117397911759
416.43 0.00113020523964
416.44 0.00108712122085
416.45 0.0010447739676
416.46 0.00100320670204
416.47 0.000962458958758
416.48 0.000922566597307
416.49 0.000883561829746
416.5 0.000845473262557
416.51 0.00080832595206
416.52 0.000772141472523
416.53 0.000736937996029
416.54 0.000702730383221
416.55 0.000669530283938
416.56 0.000637346246816
416.57 0.000606183836854
416.58 0.000576045759989
416.59 0.000546931993707
416.6 0.000518839922733
416.61 0.000491764478863
416.62 0.000465698284012
416.63 0.000440631795611
416.64 0.00041655345346
416.65 0.000393449827259
416.66 0.000371305763997
416.67 0.000350104534491
416.68 0.000329827978364
416.69 0.000310456646829
416.7 0.000291969942678
416.71 0.000274346256932
416.72 0.000257563101668
416.73 0.000241597238567
416.74 0.000226424802808
416.75 0.000212021421958
416.76 0.000198362329576
416.77 0.000185422473291
416.78 0.000173176617165
416.79 0.000161599438178
416.8 0.000150665616763
416.81 0.0001403499213
416.82 0.00013062728657
416.83 0.000121472886168
416.84 0.000112862198942
416.85 0.000104771069519
416.86 9.71757630471e-05
416.87 9.00530142801e-05
416.88 8.33800711648e-05
416.89 7.71347331132e-05
416.9 7.12953841572e-05
416.91 6.58410211985e-05
416.92 6.07512775808e-05
416.93 5.6006442219e-05
416.94 5.15874745311e-05
416.95 4.74760154219e-05
416.96 4.36543945725e-05
416.97 4.01056342895e-05
416.98 3.68134501698e-05
416.99 3.37622488342e-05
417.0 3.09371229776e-05
417.01 2.83238439829e-05
417.02 2.59088523348e-05
417.03 2.36792460676e-05
417.04 2.16227674682e-05
417.05 1.97277882506e-05
417.06 1.79832934069e-05
417.07 1.63788639286e-05
417.08 1.49046585845e-05
417.09 1.35513949282e-05
417.1 1.2310329698e-05
417.11 1.11732387613e-05
417.12 1.0132396744e-05
417.13 9.18055647498e-06
417.14 8.3109283639e-06
417.15 7.517159821e-06
417.16 6.79331481665e-06
417.17 6.13385366847e-06
417.18 5.53361313407e-06
417.19 4.98778687846e-06
417.2 4.49190637619e-06
417.21 4.04182229989e-06
417.22 3.63368643909e-06
417.23 3.26393418585e-06
417.24 2.92926761669e-06
417.25 2.62663919396e-06
417.26 2.353236104e-06
417.27 2.10646524388e-06
417.28 1.88393886357e-06
417.29 1.68346086608e-06
417.3 1.5030137638e-06
417.31 1.34074628604e-06
417.32 1.19496162915e-06
417.33 1.06410633831e-06
417.34 9.46759807197e-07
417.35 8.4162437997e-07
417.36 7.47516038193e-07
417.37 6.63355653838e-07
417.38 5.88160788406e-07
417.39 5.21038017277e-07
417.4 4.61175757782e-07
417.41 4.0783757899e-07
417.42 3.60355970999e-07
417.43 3.1812655142e-07
417.44 2.80602686823e-07
417.45 2.47290507137e-07
417.46 2.17744291309e-07
417.47 1.91562202974e-07
417.48 1.6838235542e-07
417.49 1.4787918569e-07
417.5 1.29760118357e-07
417.51 1.13762500182e-07
417.52 9.96507876254e-08
417.53 8.7213969922e-08
417.54 7.62632112443e-08
417.55 6.66296962504e-08
417.56 5.8162664122e-08
417.57 5.07276169906e-08
417.58 4.42046894363e-08
417.59 3.84871665173e-08
417.6 3.34801385447e-08
417.61 2.9099281554e-08
417.62 2.52697531358e-08
417.63 2.19251939788e-08
417.64 1.90068261354e-08
417.65 1.64626396555e-08
417.66 1.42466598346e-08
417.67 1.23182878973e-08
417.68 1.06417084805e-08
417.69 9.18535779292e-09
417.7 7.92144681206e-09
417.71 6.82553433559e-09
417.72 5.87614512813e-09
417.73 5.05442880484e-09
417.74 4.34385546431e-09
417.75 3.72994442913e-09
417.76 3.2000227745e-09
417.77 2.7430106223e-09
417.78 2.34923045397e-09
417.79 2.01023794936e-09
417.8 1.71867209275e-09
417.81 1.46812250252e-09
417.82 1.25301213806e-09
417.83 1.0684937184e-09
417.84 9.10358352236e-10
417.85 7.74955029721e-10
417.86 6.59119763615e-10
417.87 5.60113292476e-10
417.88 4.75566371684e-10
417.89 4.03431780941e-10
417.9 3.41942269807e-10
417.91 2.89573746795e-10
417.92 2.45013093281e-10
417.93 2.0713005171e-10
417.94 1.74952698864e-10
417.95 1.47646070063e-10
417.96 1.24493549507e-10
417.97 1.04880686133e-10
417.98 8.82811339003e-11
417.99 7.42444506264e-11
418.0 6.23855209291e-11
418.01 5.2375396797e-11
418.02 4.39333741538e-11
418.03 3.68201458451e-11
418.04 3.08318910232e-11
418.05 2.57951782121e-11
418.06 2.15625746284e-11
418.07 1.8008867837e-11
418.08 1.50278177247e-11
418.09 1.25293672523e-11
418.1 1.04372496626e-11
418.11 8.68693791131e-12
418.12 7.22388918704e-12
418.13 6.00204359836e-12
418.14 4.98254154628e-12
418.15 4.13262904912e-12
418.16 3.42472443204e-12
418.17 2.83562340599e-12
418.18 2.34582270473e-12
418.19 1.93894518205e-12
418.2 1.60125164461e-12
418.21 1.32122675389e-12
418.22 1.08922811365e-12
418.23 8.97189201246e-13
418.24 7.38368134382e-13
418.25 6.07135414379e-13
418.26 4.98794779163e-13
418.27 4.09432152506e-13
418.28 3.3578841042e-13
418.29 2.75152316254e-13
418.3 2.2527051717e-13
418.31 1.84271958463e-13
418.32 1.50604469142e-13
418.33 1.22981611662e-13
418.34 1.00338178593e-13
418.35 8.17929663198e-14
418.36 6.66176666033e-14
418.37 5.42108962352e-14
418.38 4.4076537479e-14
418.39 3.58056915307e-14
418.4 2.90616570808e-14
418.41 2.35674391528e-14
418.42 1.90953721844e-14
418.43 1.54585079312e-14
418.44 1.25034750318e-14
418.45 1.0104564531e-14
418.46 8.15883564997e-15
418.47 6.58206975422e-15
418.48 5.30542877537e-15
418.49 4.27269811595e-15
418.5 3.43801401133e-15
418.51 2.76399203948e-15
418.52 2.22018746342e-15
418.53 1.7818297946e-15
418.54 1.42878374203e-15
418.55 1.1446968703e-15
418.56 9.16301090799e-16
418.57 7.32840773131e-16
418.58 5.85604974676e-16
418.59 4.67545200333e-16
418.6 3.72963353536e-16
418.61 2.97257233679e-16
418.62 2.36713166521e-16
418.63 1.88337200532e-16
418.64 1.49717828296e-16
418.65 1.18914452212e-16
418.66 9.43668531331e-17
418.67 7.48217770216e-17
418.68 5.92734596506e-17
418.69 4.69154890099e-17
418.7 3.71018812143e-17
418.71 2.93156363895e-17
418.72 2.31433612605e-17
418.73 1.82548074049e-17
418.74 1.4386388648e-17
418.75 1.13279163755e-17
418.76 8.91193463685e-18
418.77 7.00515361547e-18
418.78 5.50157511099e-18
418.79 4.31698105104e-18
418.8 3.38451895449e-18
418.81 2.65116935712e-18
418.82 2.07492166198e-18
418.83 1.62251847444e-18
418.84 1.26765568606e-18
418.85 9.89547576693e-19
418.86 7.71783985802e-19
418.87 6.01420958854e-19
418.88 4.68257850312e-19
418.89 3.64263191077e-19
418.9 2.83119133973e-19
418.91 2.19860325708e-19
418.92 1.7058790096e-19
418.93 1.32243183714e-19
418.94 1.02428798763e-19
418.95 7.92673930627e-20
418.96 6.12901640455e-20
418.97 4.73489883768e-20
418.98 3.6547219199e-20
418.99 2.81852365372e-20
419.0 2.17176456227e-20
419.01 1.67196627518e-20
419.02 1.28607411301e-20
419.03 9.88389657807e-21
419.04 7.58951634895e-21
419.05 5.82269070874e-21
419.06 4.46331003365e-21
419.07 3.41833090197e-21
419.08 2.61574172153e-21
419.09 1.99985878641e-21
419.1 1.52766283726e-21
419.11 1.16594861217e-21
419.12 8.8910902427e-22
419.13 6.77414267237e-22
419.14 5.15676538166e-22
419.15 3.92214927471e-22
419.16 2.98053740927e-22
419.17 2.26302185466e-22
419.18 1.71674832196e-22
419.19 1.3012125027e-22
419.2 9.85402219281e-23
419.21 7.45594261919e-23
419.22 5.63657500596e-23
419.23 4.2574713737e-23
419.24 3.21300865225e-23
419.25 2.42267839336e-23
419.26 1.82517011709e-23
419.27 1.37383521923e-23
419.28 1.03321250583e-23
419.29 7.76369338374e-24
419.3 5.8286879982e-24
419.31 4.37216914249e-24
419.32 3.27677644719e-24
419.33 2.45369390665e-24
419.34 1.83576746211e-24
419.35 1.37226714032e-24
419.36 1.02490443547e-24
419.37 7.6480689343e-25
419.38 5.70221945228e-25
419.39 4.24775806753e-25
419.4 3.16154473973e-25
419.41 2.35105399349e-25
419.42 1.74682575589e-25
419.43 1.29676202166e-25
419.44 9.61821966473e-26
419.45 7.12775580658e-26
419.46 5.27757782396e-26
419.47 3.90427313429e-26
419.48 2.88582140897e-26
419.49 2.13119123876e-26
419.5 1.5725306022e-26
419.51 1.15930978621e-26
419.52 8.5393263336e-27
419.53 6.28451014683e-27
419.54 4.62107444964e-27
419.55 3.39498775044e-27
419.56 2.49205240222e-27
419.57 1.82767866196e-27
419.58 1.33926409323e-27
419.59 9.80519694883e-28
419.6 7.17249295116e-28
419.61 5.24212836416e-28
419.62 3.82797316882e-28
419.63 2.79289000149e-28
419.64 2.03592835045e-28
419.65 1.48284194109e-28
419.66 1.07907329564e-28
419.67 7.84568271942e-29
419.68 5.69946708577e-29
419.69 4.13677091409e-29
419.7 2.99993886881e-29
419.71 2.1736371659e-29
419.72 1.57356761888e-29
419.73 1.13817090954e-29
419.74 8.22532875437e-30
419.75 5.93912904052e-30
419.76 4.28465610348e-30
419.77 3.08839536119e-30
419.78 2.22419840652e-30
419.79 1.60043437781e-30
419.8 1.15060413488e-30
419.81 8.26490187387e-31
419.82 5.93161815205e-31
419.83 4.25336234435e-31
419.84 3.04730055467e-31
419.85 2.1813327111e-31
419.86 1.56009931408e-31
419.87 1.11482395534e-31
419.88 7.95946818446e-32
419.89 5.67787101648e-32
419.9 4.04679035609e-32
419.91 2.88177190312e-32
419.92 2.05036987145e-32
419.93 1.45756701976e-32
419.94 1.03525793248e-32
419.95 7.34670012432e-33
419.96 5.2090649459e-33
419.97 3.69020882908e-33
419.98 2.61195582441e-33
419.99 1.84715961086e-33
420.0 1.30516894847e-33
420.01 9.21409645634e-34
420.02 6.49923870691e-34
420.03 4.58032120228e-34
420.04 3.2251735809e-34
420.05 2.26899722666e-34
420.06 1.59491869615e-34
420.07 1.12012591598e-34
420.08 7.85993318863e-35
420.09 5.5105452875e-35
420.1 3.86005959635e-35
420.11 2.70157579397e-35
420.12 1.88913944168e-35
420.13 1.31988042174e-35
420.14 9.21358975387e-36
420.15 6.42609094168e-36
420.16 4.47804626701e-36
420.17 3.11784124496e-36
420.18 2.16891799456e-36
420.19 1.50749534046e-36
420.2 1.04686947694e-36
420.21 7.26361486955e-37
420.22 5.03543266741e-37
420.23 3.48774311134e-37
420.24 2.41365891875e-37
420.25 1.66890271133e-37
420.26 1.15294835575e-37
420.27 7.95815513318e-38
420.28 5.48831032845e-38
420.29 3.78171356629e-38
420.3 2.60352837701e-38
420.31 1.79085206569e-38
420.32 1.23078110776e-38
420.33 8.45134134354e-39
420.34 5.79821315606e-39
420.35 3.97453589559e-39
420.36 2.72208938971e-39
420.37 1.86269631058e-39
420.38 1.27351902868e-39
420.39 8.69946479866e-40
420.4 5.93749619437e-40
420.41 4.04890760055e-40
420.42 2.75864680254e-40
420.43 1.87792414891e-40
420.44 1.27727292376e-40
420.45 8.67986713883e-41
420.46 5.89340329712e-41
420.47 3.99800155237e-41
420.48 2.70983886739e-41
420.49 1.83513361002e-41
420.5 1.24169697609e-41
420.51 8.39435381059e-42
420.52 5.66999439255e-42
420.53 3.82649985405e-42
420.54 2.58014721016e-42
420.55 1.73824497284e-42
420.56 1.17004129884e-42
420.57 7.86891969122e-43
420.58 5.28752881637e-43
420.59 3.54988344574e-43
420.6 2.38121798049e-43
420.61 1.59590826904e-43
420.62 1.06866210442e-43
420.63 7.14984465578e-44
420.64 4.77943451225e-44
420.65 3.19212681968e-44
420.66 2.1301366827e-44
420.67 1.4202294636e-44
420.68 9.46091797948e-45
420.69 6.29697181213e-45
420.7 4.18749145214e-45
420.71 2.78227357074e-45
420.72 1.84701082024e-45
420.73 1.22507523731e-45
420.74 8.11857478907e-46
420.75 5.37552075016e-46
420.76 3.55619037319e-46
420.77 2.3505699177e-46
420.78 1.5523336012e-46
420.79 1.02428462784e-46
420.8 6.75273900353e-47
420.81 4.447981643e-47
420.82 2.92731676908e-47
420.83 1.92486452004e-47
420.84 1.2646033468e-47
420.85 8.30103411572e-48
420.86 5.44419638857e-48
420.87 3.56745973481e-48
420.88 2.33565175143e-48
420.89 1.52785032648e-48
420.9 9.98567082934e-49
420.91 6.52074763689e-49
420.92 4.25442872324e-49
420.93 2.77337645364e-49
420.94 1.80634253422e-49
420.95 1.17547962401e-49
420.96 7.6428232278e-50
420.97 4.96496551959e-50
420.98 3.22257008497e-50
420.99 2.08983605789e-50
421.0 1.35408453382e-50
421.01 8.76603195841e-51
421.02 5.67001273211e-51
421.03 3.66428066589e-51
421.04 2.36601307661e-51
421.05 1.52640318153e-51
421.06 9.83886716257e-52
421.07 6.33643003788e-52
421.08 4.07725527795e-52
421.09 2.62128882237e-52
421.1 1.68378082765e-52
421.11 1.08063730818e-52
421.12 6.92943885104e-53
421.13 4.43955958013e-53
421.14 2.84187795584e-53
421.15 1.81758475043e-53
421.16 1.16146901882e-53
421.17 7.41556595488e-54
421.18 4.73047429039e-54
421.19 3.01501018489e-54
421.2 1.91997950639e-54
421.21 1.22159744358e-54
421.22 7.76574900659e-55
421.23 4.93244551791e-55
421.24 3.13014860607e-55
421.25 1.9846838174e-55
421.26 1.25730723078e-55
421.27 7.95820661448e-56
421.28 5.03283531875e-56
421.29 3.18004995302e-56
421.3 2.00760781077e-56
421.31 1.2663318316e-56
421.32 7.980679745e-57
421.33 5.02523013653e-57
421.34 3.1615185929e-57
421.35 1.98728080343e-57
421.36 1.24809156202e-57
421.37 7.83172391448e-58
421.38 4.91011884436e-58
421.39 3.07574517278e-58
421.4 1.92500743291e-58
421.41 1.20375521869e-58
421.42 7.52086282682e-59
421.43 4.694840743e-59
421.44 2.92818003069e-59
421.45 1.82472909458e-59
421.46 1.1361161449e-59
421.47 7.06758074208e-60
421.48 4.39281120438e-60
421.49 2.72796007959e-60
421.5 1.692611142e-60
421.51 1.04930101421e-60
421.52 6.49930177238e-61
421.53 4.02213853186e-61
421.54 2.48697293729e-61
421.55 1.53641594859e-61
421.56 9.4835353293e-62
421.57 5.8486473873e-62
421.58 3.60383022613e-62
421.59 2.21869150622e-62
421.6 1.36475040093e-62
421.61 8.38751389922e-63
421.62 5.15035289915e-63
421.63 3.15983521619e-63
421.64 1.93693744384e-63
421.65 1.18628890092e-63
421.66 7.25920484742e-64
421.67 4.4382457846e-64
421.68 2.71117380087e-64
421.69 1.65472977432e-64
421.7 1.0090681915e-64
421.71 6.14805386212e-65
421.72 3.74264403847e-65
421.73 2.27637127048e-65
421.74 1.38334779034e-65
421.75 8.39930550694e-66
421.76 5.09540944737e-66
421.77 3.08843531898e-66
421.78 1.87034466514e-66
421.79 1.13169264309e-66
421.8 6.84162163479e-67
421.81 4.13250440276e-67
421.82 2.49397048704e-67
421.83 1.50381013437e-67
421.84 9.05979596742e-68
421.85 5.45340233319e-68
421.86 3.27974723459e-68
421.87 1.97077444426e-68
421.88 1.18319733264e-68
421.89 7.09743059629e-69
421.9 4.25371941375e-69
421.91 2.54718352331e-69
421.92 1.52396624159e-69
421.93 9.10991173646e-70
421.94 5.44097467144e-70
421.95 3.2468554307e-70
421.96 1.93585538842e-70
421.97 1.15320517912e-70
421.98 6.86378970772e-71
421.99 4.0817374552e-71
422.0 2.42521293931e-71
422.01 1.43972119824e-71
422.02 8.53946443652e-72
422.03 5.06065325874e-72
422.04 2.99644452509e-72
422.05 1.77267701802e-72
422.06 1.04779591111e-72
422.07 6.1879599886e-73
422.08 3.65125367362e-73
422.09 2.15258460282e-73
422.1 1.26795010664e-73
422.11 7.46221593515e-74
422.12 4.38790455396e-74
422.13 2.57792480161e-74
422.14 1.51323727255e-74
422.15 8.87498295122e-75
422.16 5.200579474e-75
422.17 3.04480623414e-75
422.18 1.78111226903e-75
422.19 1.04099020439e-75
422.2 6.07890985167e-76
422.21 3.54673283526e-76
422.22 2.06754495244e-76
422.23 1.20421812158e-76
422.24 7.00775755857e-77
422.25 4.07452222581e-77
422.26 2.36699873755e-77
422.27 1.37386188142e-77
422.28 7.9673121768e-78
422.29 4.61640929482e-78
422.3 2.67251709533e-78
422.31 1.54582522402e-78
422.32 8.93354850585e-79
422.33 5.1583561325e-79
422.34 2.9759275756e-79
422.35 1.71536721511e-79
422.36 9.87905869162e-80
422.37 5.68457156451e-80
422.38 3.26816235753e-80
422.39 1.87729801626e-80
422.4 1.07742371737e-80
422.41 6.17822263422e-81
422.42 3.53968234268e-81
422.43 2.02622998139e-81
422.44 1.1588758094e-81
422.45 6.6222987667e-82
422.46 3.78097978507e-82
422.47 2.15686842724e-82
422.48 1.22932485783e-82
422.49 7.00056973685e-83
422.5 3.98312395155e-83
422.51 2.26432086932e-83
422.52 1.28610323189e-83
422.53 7.29856369315e-84
422.54 4.13830682897e-84
422.55 2.34439985305e-84
422.56 1.3269800565e-84
422.57 7.50448369963e-85
422.58 4.24034266786e-85
422.59 2.39389336906e-85
422.6 1.35030651202e-85
422.61 7.60998209482e-86
422.62 4.28507690104e-86
422.63 2.41077854708e-86
422.64 1.35512615782e-86
422.65 7.61072187338e-87
422.66 4.27066677921e-87
422.67 2.3943588201e-87
422.68 1.34123999378e-87
422.69 7.50667248106e-88
422.7 4.19770730632e-88
422.71 2.34531159745e-88
422.72 1.30922009177e-88
422.73 7.30211190831e-89
422.74 4.06919048057e-89
422.75 2.2656418999e-89
422.76 1.26037049586e-89
422.77 7.00533488257e-90
422.78 3.890301732e-90
422.79 2.15854637916e-90
422.8 1.19663911562e-90
422.81 6.62809489863e-91
422.82 3.66807285757e-91
422.83 2.02820057392e-91
422.84 1.12048890809e-91
422.85 6.18483239049e-92
422.86 3.41092382197e-92
422.87 1.8794891293e-92
422.88 1.03474021607e-92
422.89 5.69175963821e-93
422.9 3.12813499727e-93
422.91 1.71770324118e-93
422.92 9.42398303526e-94
422.93 5.16588303409e-94
422.94 2.82929579541e-94
422.95 1.54823133216e-94
422.96 8.46480704295e-95
422.97 4.62404429606e-95
422.98 2.52377492616e-95
422.99 1.37626786454e-95
423.0 7.49858001224e-96
423.01 4.0820545396e-96
423.02 2.22025209491e-96
423.03 1.2065615645e-96
423.04 6.55119304663e-97
423.05 3.5539803334e-97
423.06 1.92634183214e-97
423.07 1.04321879749e-97
423.08 5.64470388823e-98
423.09 3.0516213002e-98
423.1 1.64832871045e-98
423.11 8.89571214728e-99
423.12 4.79668646667e-99
423.13 2.58419722058e-99
423.14 1.39102101333e-99
423.15 7.48109963477e-100
423.16 4.01995229612e-100
423.17 2.15824166607e-100
423.18 1.15771845998e-100
423.19 6.20482527368e-101
423.2 3.32261381932e-101
423.21 1.77768124371e-101
423.22 9.50280080661e-102
423.23 5.07543270733e-102
423.24 2.70843386099e-102
423.25 1.44406621651e-102
423.26 7.69271589687e-103
423.27 4.0944539576e-103
423.28 2.17738888941e-103
423.29 1.15691040147e-103
423.3 6.14167967166e-104
423.31 3.25760415046e-104
423.32 1.72636717736e-104
423.33 9.14095863375e-105
423.34 4.83586345138e-105
423.35 2.55611287337e-105
423.36 1.34992530452e-105
423.37 7.12300356285e-106
423.38 3.75526247335e-106
423.39 1.97806767363e-106
423.4 1.04103589999e-106
423.41 5.47411579183e-107
423.42 2.87598068764e-107
423.43 1.50966874446e-107
423.44 7.91773704735e-108
423.45 4.14900728878e-108
423.46 2.17225614062e-108
423.47 1.13632243662e-108
423.48 5.93903442591e-109
423.49 3.10137167412e-109
423.5 1.61813779489e-109
423.51 8.43530713504e-110
423.52 4.3934937304e-110
423.53 2.28635063347e-110
423.54 1.1887741977e-110
423.55 6.17560654092e-111
423.56 3.20540994022e-111
423.57 1.66230707284e-111
423.58 8.61316245439e-112
423.59 4.45900271691e-112
423.6 2.30641018838e-112
423.61 1.19195283584e-112
423.62 6.1546775839e-113
423.63 3.17523048484e-113
423.64 1.63669937436e-113
423.65 8.42919866703e-114
423.66 4.33737903269e-114
423.67 2.22993484633e-114
423.68 1.14546199666e-114
423.69 5.87885716421e-115
423.7 3.01459409699e-115
423.71 1.54450206339e-115
423.72 7.90627386512e-116
423.73 4.04369999247e-116
423.74 2.06637773244e-116
423.75 1.05502854866e-116
423.76 5.38198425121e-117
423.77 2.74311709123e-117
423.78 1.39691500395e-117
423.79 7.10754029477e-118
423.8 3.61320324417e-118
423.81 1.83522435894e-118
423.82 9.31342991935e-119
423.83 4.72230299942e-119
423.84 2.3923337133e-119
423.85 1.21091423331e-119
423.86 6.1239088797e-120
423.87 3.09433812706e-120
423.88 1.56217804382e-120
423.89 7.87983281248e-121
423.9 3.97124964616e-121
423.91 1.99968269219e-121
423.92 1.00604799236e-121
423.93 5.0570823093e-122
423.94 2.53983239572e-122
423.95 1.27448229573e-122
423.96 6.38978533079e-123
423.97 3.20082876707e-123
423.98 1.60199932088e-123
423.99 8.0109851416e-124
424.0 4.00251748048e-124
424.01 1.9980403797e-124
424.02 9.96549778659e-125
424.03 4.9661226999e-125
424.04 2.47263269063e-125
424.05 1.23005768981e-125
424.06 6.1138540424e-126
424.07 3.03618594224e-126
424.08 1.50648695806e-126
424.09 7.4683747145e-127
424.1 3.69922319929e-127
424.11 1.83070633634e-127
424.12 9.05212507079e-128
424.13 4.47204453173e-128
424.14 2.20742219878e-128
424.15 1.08865031948e-128
424.16 5.36432541552e-129
424.17 2.64098259598e-129
424.18 1.29909130329e-129
424.19 6.38465631327e-130
424.2 3.13515549363e-130
424.21 1.53817007885e-130
424.22 7.54003471195e-131
424.23 3.69288721452e-131
424.24 1.80710112042e-131
424.25 8.83532600914e-132
424.26 4.31604948257e-132
424.27 2.10656063279e-132
424.28 1.02727146603e-132
424.29 5.00518574338e-133
424.3 2.43656995745e-133
424.31 1.18511715266e-133
424.32 5.75926941657e-134
424.33 2.79638664218e-134
424.34 1.3565966966e-134
424.35 6.57548821869e-135
424.36 3.18440989882e-135
424.37 1.54082614511e-135
424.38 7.44906948431e-136
424.39 3.598107414e-136
424.4 1.73648059897e-136
424.41 8.37316133426e-137
424.42 4.03397029255e-137
424.43 1.94177830462e-137
424.44 9.33878346655e-138
424.45 4.48750225268e-138
424.46 2.15448148353e-138
424.47 1.03348592124e-138
424.48 4.95324803751e-139
424.49 2.37191597442e-139
424.5 1.134833732e-139
424.51 5.4248643776e-140
424.52 2.5910109394e-140
424.53 1.23644078017e-140
424.54 5.89523479561e-141
424.55 2.8083588819e-141
424.56 1.33668113007e-141
424.57 6.35662718752e-142
424.58 3.0202950958e-142
424.59 1.43382360662e-142
424.6 6.80089058451e-143
424.61 3.22299448015e-143
424.62 1.52607911236e-143
424.63 7.21968496139e-144
424.64 3.4125824935e-144
424.65 1.61165389631e-144
424.66 7.60473559534e-145
424.67 3.58525597189e-145
424.68 1.68880664578e-145
424.69 7.94810147689e-146
424.7 3.73740867897e-146
424.71 1.75590691339e-146
424.72 8.24244580393e-147
424.73 3.86575587182e-147
424.74 1.81149216807e-147
424.75 8.48129578951e-148
424.76 3.96745190909e-148
424.77 1.85432069492e-148
424.78 8.65927898019e-149
424.79 4.04019503653e-149
424.8 1.88341767733e-149
424.81 8.77232405336e-150
424.82 4.08231396708e-150
424.83 1.89811207463e-150
424.84 8.81781561873e-151
424.85 4.09283170918e-151
424.86 1.89806234769e-151
424.87 8.79469480568e-152
424.88 4.07150323969e-152
424.89 1.8832696553e-152
424.9 8.70350023443e-153
424.91 4.01882499275e-153
424.92 1.85407780924e-153
424.93 8.54634715744e-154
424.94 3.93601565151e-154
424.95 1.81115999059e-154
424.96 8.32684589898e-155
424.97 3.82496928064e-155
424.98 1.75549294393e-155
424.99 8.04996398412e-156
425.0 3.68818331631e-156
425.01 1.68832003072e-156
425.02 7.721839309e-157
425.03 3.5286652363e-157
425.04 1.61110509304e-157
425.05 7.34955416132e-158
425.06 3.34982277826e-158
425.07 1.5254795167e-158
425.08 6.94088169765e-159
425.09 3.15534329424e-159
425.1 1.43318516168e-159
425.11 6.50401751759e-160
425.12 2.94906818543e-160
425.13 1.33601593527e-160
425.14 6.04730920253e-161
425.15 2.73486834274e-161
425.16 1.23576071793e-161
425.17 5.578996129e-162
425.18 2.51652614514e-162
425.19 1.13415012777e-162
425.2 5.10697060102e-163
425.21 2.29762888308e-163
425.22 1.03280924977e-163
425.23 4.63856950003e-164
425.24 2.08147754375e-164
425.25 9.33217993912e-165
425.26 4.18040338625e-165
425.27 1.87101379746e-165
425.28 8.36680219996e-166
425.29 3.7382274845e-166
425.3 1.66876684652e-166
425.31 7.44302216525e-167
425.32 3.31685643473e-167
425.33 1.4768206231e-167
425.34 6.56980584577e-168
425.35 2.92012225775e-168
425.36 1.29680073029e-168
425.37 5.75399090047e-169
425.38 2.55087282736e-169
425.39 1.12987957247e-169
425.4 5.00033635511e-170
425.41 2.21100636666e-170
425.42 9.76797366387e-171
425.43 4.31164185712e-171
425.44 1.90153617221e-171
425.45 8.37896189965e-172
425.46 3.68892268018e-172
425.47 1.62267894825e-172
425.48 7.13163920533e-173
425.49 3.13162562577e-173
425.5 1.37395979682e-173
425.51 6.02284829944e-174
425.52 2.63787089694e-174
425.53 1.15432701811e-174
425.54 5.04693716535e-175
425.55 2.20470581317e-175
425.56 9.62270360783e-176
425.57 4.19630729095e-176
425.58 1.82835772288e-176
425.59 7.959371396e-177
425.6 3.4619443464e-177
425.61 1.50447545379e-177
425.62 6.53241614329e-178
425.63 2.83391156064e-178
425.64 1.22835091832e-178
425.65 5.31964105811e-179
425.66 2.30179115205e-179
425.67 9.95114869718e-180
425.68 4.29837426942e-180
425.69 1.8550642345e-180
425.7 7.99903117434e-181
425.71 3.4461925471e-181
425.72 1.48342434091e-181
425.73 6.37991621635e-182
425.74 2.74150007729e-182
425.75 1.17702384722e-182
425.76 5.04900701446e-183
425.77 2.16396582911e-183
425.78 9.26655986267e-184
425.79 3.96470049681e-184
425.8 1.69482923705e-184
425.81 7.23877740071e-185
425.82 3.0890732661e-185
425.83 1.31708835064e-185
425.84 5.61080687699e-186
425.85 2.38813814331e-186
425.86 1.01558734903e-186
425.87 4.31517916216e-187
425.88 1.83190983403e-187
425.89 7.77021558789e-188
425.9 3.29295469586e-188
425.91 1.39431903205e-188
425.92 5.89878092964e-189
425.93 2.49336633937e-189
425.94 1.05301274906e-189
425.95 4.443292248e-190
425.96 1.87326768405e-190
425.97 7.89075421141e-191
425.98 3.32093903462e-191
425.99 1.39645518412e-191
426.0 5.86700981557e-192
426.01 2.46280677412e-192
426.02 1.032922117e-192
426.03 4.32841134183e-193
426.04 1.8122294702e-193
426.05 7.58091388394e-194
426.06 3.16849955503e-194
426.07 1.32315112438e-194
426.08 5.52063408411e-195
426.09 2.30140041531e-195
426.1 9.5855960738e-196
426.11 3.989052702e-196
426.12 1.65860945334e-196
426.13 6.89036472865e-197
426.14 2.85998660014e-197
426.15 1.18606775218e-197
426.16 4.91449288173e-198
426.17 2.03456530891e-198
426.18 8.41566176563e-199
426.19 3.47799234813e-199
426.2 1.43612646168e-199
426.21 5.92489228518e-200
426.22 2.44226028134e-200
426.23 1.00583593262e-200
426.24 4.13891072269e-201
426.25 1.70164390884e-201
426.26 6.98996531599e-202
426.27 2.86883169675e-202
426.28 1.17641033969e-202
426.29 4.8198809099e-203
426.3 1.9730472926e-203
426.31 8.06979300521e-204
426.32 3.2976989602e-204
426.33 1.34642861268e-204
426.34 5.49261766769e-205
426.35 2.2387165992e-205
426.36 9.1168032372e-206
426.37 3.70945200792e-206
426.38 1.50799757806e-206
426.39 6.12512905928e-207
426.4 2.48572772493e-207
426.41 1.0078956741e-207
426.42 4.08320626083e-208
426.43 1.65276371045e-208
426.44 6.68411527134e-209
426.45 2.70085211992e-209
426.46 1.09038882842e-209
426.47 4.39830855518e-210
426.48 1.77261208427e-210
426.49 7.13781735034e-211
426.5 2.87171190134e-211
426.51 1.15435667348e-211
426.52 4.63620766299e-212
426.53 1.86041338491e-212
426.54 7.45898515633e-213
426.55 2.9879528696e-213
426.56 1.19589060856e-213
426.57 4.78225665646e-214
426.58 1.91072426022e-214
426.59 7.62758169465e-215
426.6 3.04228173681e-215
426.61 1.21237146302e-215
426.62 4.82720444613e-216
426.63 1.92034559197e-216
426.64 7.63285136435e-217
426.65 3.03122329899e-217
426.66 1.20274280606e-217
426.67 4.76816546604e-218
426.68 1.88865912178e-218
426.69 7.4744554134e-219
426.7 2.95548829121e-219
426.71 1.1676230054e-219
426.72 4.6089262179e-220
426.73 1.81769319296e-220
426.74 7.16250797306e-221
426.75 2.81989779865e-221
426.76 1.10923951198e-221
426.77 4.35954340689e-222
426.78 1.71190789091e-222
426.79 6.71650734297e-223
426.8 2.63287539852e-223
426.81 1.03119507847e-223
426.82 4.03529295533e-224
426.83 1.57773121987e-224
426.84 6.16331950441e-225
426.85 2.4055814e-225
426.86 9.38100019035e-226
426.87 3.65512256881e-226
426.88 1.42291336168e-226
426.89 5.53450370782e-227
426.9 2.15081283961e-227
426.91 8.35122665179e-228
426.92 3.23982560379e-228
426.93 1.25578909791e-228
426.94 4.86334967091e-229
426.95 1.88181963775e-229
426.96 7.27518780709e-230
426.97 2.81017997163e-230
426.98 1.08454548801e-230
426.99 4.18201053116e-231
427.0 1.61118787466e-231
427.01 6.20198854934e-232
427.02 2.38528044521e-232
427.03 9.16582683369e-233
427.04 3.51906720475e-233
427.05 1.34991737117e-233
427.06 5.17381057036e-234
427.07 1.98124221938e-234
427.08 7.58033391484e-235
427.09 2.89776266112e-235
427.1 1.10677922828e-235
427.11 4.22360115635e-236
427.12 1.61038053644e-236
427.13 6.13476368637e-237
427.14 2.33502145826e-237
427.15 8.87989082413e-238
427.16 3.37402339098e-238
427.17 1.28089126615e-238
427.18 4.85847701216e-239
427.19 1.84124572934e-239
427.2 6.97183443969e-240
427.21 2.63758273098e-240
427.22 9.9698546897e-241
427.23 3.7652626725e-241
427.24 1.42077544191e-241
427.25 5.35647789576e-242
427.26 2.0177014446e-242
427.27 7.59378339732e-243
427.28 2.85550692793e-243
427.29 1.07283255471e-243
427.3 4.02721097203e-244
427.31 1.5104297526e-244
427.32 5.66005165534e-245
427.33 2.11916108435e-245
427.34 7.92740886525e-246
427.35 2.96293591597e-246
427.36 1.10646319257e-246
427.37 4.1283394223e-247
427.38 1.53899615456e-247
427.39 5.73222706191e-248
427.4 2.13320674417e-248
427.41 7.93169897582e-249
427.42 2.94661375223e-249
427.43 1.09371435403e-249
427.44 4.05609692906e-250
427.45 1.50292202954e-250
427.46 5.56401495049e-251
427.47 2.05808751805e-251
427.48 7.60611875353e-252
427.49 2.80857533285e-252
427.5 1.03617417789e-252
427.51 3.81947054947e-253
427.52 1.40668636768e-253
427.53 5.17624833958e-254
427.54 1.90307823428e-254
427.55 6.99071975999e-255
427.56 2.56572942994e-255
427.57 9.40856806882e-256
427.58 3.44714791653e-256
427.59 1.26188570291e-256
427.6 4.6153414136e-257
427.61 1.6865971357e-257
427.62 6.15804128933e-258
427.63 2.24645408774e-258
427.64 8.18796938437e-259
427.65 2.98180051691e-259
427.66 1.08493738326e-259
427.67 3.94415954595e-260
427.68 1.43261003007e-260
427.69 5.19906459188e-261
427.7 1.88515103623e-261
427.71 6.82952975856e-262
427.72 2.4720608961e-262
427.73 8.94028246642e-263
427.74 3.23047979116e-263
427.75 1.16628993901e-263
427.76 4.20697317025e-264
427.77 1.51620061329e-264
427.78 5.45968147476e-265
427.79 1.96427213923e-265
427.8 7.06089445705e-266
427.81 2.53595472415e-266
427.82 9.10011716055e-267
427.83 3.2626927988e-267
427.84 1.16877011298e-267
427.85 4.18317201318e-268
427.86 1.49591205304e-268
427.87 5.34478342744e-269
427.88 1.90799782512e-269
427.89 6.80533252958e-270
427.9 2.42518313386e-270
427.91 8.63502183224e-271
427.92 3.07189277975e-271
427.93 1.09187363372e-271
427.94 3.87759473577e-272
427.95 1.37586609258e-272
427.96 4.87768366195e-273
427.97 1.72772575325e-273
427.98 6.11448234125e-274
427.99 2.16206275707e-274
428.0 7.63836854862e-275
428.01 2.69622812657e-275
428.02 9.50903340656e-276
428.03 3.35073300808e-276
428.04 1.17968752595e-276
428.05 4.14971110479e-277
428.06 1.45845304412e-277
428.07 5.12142423283e-278
428.08 1.79685389501e-278
428.09 6.29880975183e-279
428.1 2.20611389252e-279
428.11 7.72006719327e-280
428.12 2.69921788976e-280
428.13 9.42927972416e-281
428.14 3.29111310472e-281
428.15 1.14770641386e-281
428.16 3.99891821392e-282
428.17 1.39212408706e-282
428.18 4.84213714854e-283
428.19 1.68275130909e-283
428.2 5.84287372404e-284
428.21 2.02701413106e-284
428.22 7.02604237434e-285
428.23 2.43325971269e-285
428.24 8.41956936002e-286
428.25 2.91081768514e-286
428.26 1.00545779008e-286
428.27 3.47005528626e-287
428.28 1.1965549772e-287
428.29 4.12242376915e-288
428.3 1.4190455037e-288
428.31 4.88049332216e-289
428.32 1.67708407986e-289
428.33 5.75797350614e-290
428.34 1.97518691877e-290
428.35 6.76971602962e-291
428.36 2.31822943102e-291
428.37 7.93169655738e-292
428.38 2.71143675923e-292
428.39 9.26097219965e-293
428.4 3.16036609517e-293
428.41 1.07756113725e-293
428.42 3.67087975214e-294
428.43 1.24945928706e-294
428.44 4.2491080314e-295
428.45 1.44376712624e-295
428.46 4.90140102721e-296
428.47 1.66252061225e-296
428.48 5.63426866389e-297
428.49 1.90779531533e-297
428.5 6.45430845227e-298
428.51 2.1816815936e-298
428.52 7.36812069228e-299
428.53 2.48625578808e-299
428.54 8.38221113292e-300
428.55 2.82354749096e-300
428.56 9.50288142718e-301
428.57 3.1955030502e-301
428.58 1.07361080833e-301
428.59 3.60394559351e-302
428.6 1.20874110082e-302
428.61 4.0505319835e-303
428.62 1.35617131558e-303
428.63 4.53670724959e-304
428.64 1.51631932193e-304
428.65 5.06365717778e-305
428.66 1.68951337342e-305
428.67 5.63225987226e-306
428.68 1.87597673673e-306
428.69 6.24303722802e-307
428.7 2.0758124546e-307
428.71 6.89610736673e-308
428.72 2.28898859154e-308
428.73 7.5911391835e-309
428.74 2.51532433759e-309
428.75 8.32731022463e-310
428.76 2.75447736431e-310
428.77 9.10326916182e-311
428.78 3.00593283659e-311
428.79 9.91710414077e-312
428.8 3.26899448225e-312
428.81 1.07663182603e-312
428.82 3.54277810861e-313
428.83 1.1647813376e-313
428.84 3.82620792924e-314
428.85 1.25578833213e-314
428.86 4.1180160269e-315
428.87 1.34922174797e-315
428.88 4.41674519622e-316
428.89 1.44459157555e-316
428.9 4.7207557445e-317
428.91 1.5413514173e-317
428.92 5.02823453479e-318
428.93 1.63890467907e-318
428.94 5.33719354576e-319
428.95 1.73659133857e-319
428.96 5.64568813503e-320
428.97 1.83397167736e-320
428.98 5.95349103239e-321
428.99 1.93179667524e-321
429.0 6.27463370218e-322
429.01 2.02566914795e-322
429.02 6.42285339594e-323
429.03 1.97626258336e-323
429.04 4.94065645841e-324
429.05 0.0
429.06 0.0
429.07 0.0
429.08 0.0
429.09 0.0
429.1 0.0
429.11 0.0
429.12 0.0
429.13 0.0
429.14 0.0
429.15 0.0
429.16 0.0
429.17 0.0
429.18 0.0
429.19 0.0
429.2 0.0
429.21 0.0
429.22 0.0
429.23 0.0
429.24 0.0
429.25 0.0
429.26 0.0
429.27 0.0
429.28 0.0
429.29 0.0
429.3 0.0
429.31 0.0
429.32 0.0
429.33 0.0
429.34 0.0
429.35 0.0
429.36 0.0
429.37 0.0
429.38 0.0
429.39 0.0
429.4 0.0
429.41 0.0
429.42 0.0
429.43 0.0
429.44 0.0
429.45 0.0
429.46 0.0
429.47 0.0
429.48 0.0
429.49 0.0
429.5 0.0
429.51 0.0
429.52 0.0
429.53 0.0
429.54 0.0
429.55 0.0
429.56 0.0
429.57 0.0
429.58 0.0
429.59 0.0
429.6 0.0
429.61 0.0
429.62 0.0
429.63 0.0
429.64 0.0
429.65 0.0
429.66 0.0
429.67 0.0
429.68 0.0
429.69 0.0
429.7 0.0
429.71 0.0
429.72 0.0
429.73 0.0
429.74 0.0
429.75 0.0
429.76 0.0
429.77 0.0
429.78 0.0
429.79 0.0
429.8 0.0
429.81 0.0
429.82 0.0
429.83 0.0
429.84 0.0
429.85 0.0
429.86 0.0
429.87 0.0
429.88 0.0
429.89 0.0
429.9 0.0
429.91 0.0
429.92 0.0
429.93 0.0
429.94 0.0
429.95 0.0
429.96 0.0
429.97 0.0
429.98 0.0
429.99 0.0
