400.0 2.73497678923e-20
400.01 3.56577788334e-20
400.02 4.64492430946e-20
400.03 6.04542320079e-20
400.04 7.86137453977e-20
400.05 1.02139559343e-19
400.06 1.32590736918e-19
400.07 1.71971350319e-19
400.08 2.22855178803e-19
400.09 2.88544680924e-19
400.1 3.73273472888e-19
400.11 4.82463979171e-19
400.12 6.23054983296e-19
400.13 8.03917654188e-19
400.14 1.03638345327e-18
400.15 1.33491338451e-18
400.16 1.71794563806e-18
400.17 2.2089681759e-18
400.18 2.83787468332e-18
400.19 3.64267714389e-18
400.2 4.67166680595e-18
400.21 5.98613838422e-18
400.22 7.6638210774e-18
400.23 9.80319573546e-18
400.24 1.25289219466e-17
400.25 1.59986539872e-17
400.26 2.04115930133e-17
400.27 2.6019207673e-17
400.28 3.31386602922e-17
400.29 4.21696055982e-17
400.3 5.36151893137e-17
400.31 6.81082718682e-17
400.32 8.64441464777e-17
400.33 1.09621321364e-16
400.34 1.38892305643e-16
400.35 1.75826792864e-16
400.36 2.22390194238e-16
400.37 2.81041158045e-16
400.38 3.54852550437e-16
400.39 4.47661399573e-16
400.4 5.6425456044e-16
400.41 7.10598391379e-16
400.42 8.94122604906e-16
400.43 1.12407073688e-15
400.44 1.41193245651e-15
400.45 1.77197631981e-15
400.46 2.2219056766e-15
400.47 2.78366542808e-15
400.48 3.48443337941e-15
400.49 4.35783725844e-15
400.5 5.44544733792e-15
400.51 6.79860531794e-15
400.52 8.4806630701e-15
400.53 1.05697204616e-14
400.54 1.31619702971e-14
400.55 1.63757810733e-14
400.56 2.03566754848e-14
400.57 2.52833953503e-14
400.58 3.13752829043e-14
400.59 3.89012554773e-14
400.6 4.8190706965e-14
400.61 5.96467369193e-14
400.62 7.37621886681e-14
400.63 9.11390740409e-14
400.64 1.1251207694e-13
400.65 1.3877696456e-13
400.66 1.71024897511e-13
400.67 2.1058382321e-13
400.68 2.59068366038e-13
400.69 3.18439899606e-13
400.7 3.91078808335e-13
400.71 4.79871326472e-13
400.72 5.88313792775e-13
400.73 7.20637690573e-13
400.74 8.81959469537e-13
400.75 1.07845988368e-12
400.76 1.31759844864e-12
400.77 1.60836964201e-12
400.78 1.96160866875e-12
400.79 2.39035601898e-12
400.8 2.91029169088e-12
400.81 3.54025187737e-12
400.82 4.30284316462e-12
400.83 5.22517191741e-12
400.84 6.33970958789e-12
400.85 7.68531825026e-12
400.86 9.30846481149e-12
400.87 1.1264657167e-11
400.88 1.36201411616e-11
400.89 1.6453903699e-11
400.9 1.9860034843e-11
400.91 2.39505104343e-11
400.92 2.88584667633e-11
400.93 3.47420503996e-11
400.94 4.17889395945e-11
400.95 5.02216489989e-11
400.96 6.03037470475e-11
400.97 7.23471355786e-11
400.98 8.67205644345e-11
400.99 1.03859580326e-10
401.0 1.24278139595e-10
401.01 1.48582149158e-10
401.02 1.77485239483e-10
401.03 2.11827118452e-10
401.04 2.52594906238e-10
401.05 3.00947909552e-10
401.06 3.58246359676e-10
401.07 4.26084713602e-10
401.08 5.06330202323e-10
401.09 6.01167406136e-10
401.1 7.13149744909e-10
401.11 8.45258893135e-10
401.12 1.00097326677e-09
401.13 1.18434688301e-09
401.14 1.40010006729e-09
401.15 1.65372367569e-09
401.16 1.95159871799e-09
401.17 2.30113350954e-09
401.18 2.71092075046e-09
401.19 3.19091723282e-09
401.2 3.75264921184e-09
401.21 4.40944685048e-09
401.22 5.17671155996e-09
401.23 6.07222051755e-09
401.24 7.11647314883e-09
401.25 8.33308492155e-09
401.26 9.74923441388e-09
401.27 1.13961702985e-08
401.28 1.33097856282e-08
401.29 1.55312676267e-08
401.3 1.81078320793e-08
401.31 2.10935523993e-08
401.32 2.45502945067e-08
401.33 2.85487698175e-08
401.34 3.31697199017e-08
401.35 3.85052477325e-08
401.36 4.46603119292e-08
401.37 5.17544019891e-08
401.38 5.9923414227e-08
401.39 6.93217499875e-08
401.4 8.01246596793e-08
401.41 9.25308583025e-08
401.42 1.06765440408e-07
401.43 1.2308312484e-07
401.44 1.41771862169e-07
401.45 1.63156840459e-07
401.46 1.87604927834e-07
401.47 2.15529593392e-07
401.48 2.47396351111e-07
401.49 2.83728774762e-07
401.5 3.25115135253e-07
401.51 3.7221571545e-07
401.52 4.25770861183e-07
401.53 4.86609831e-07
401.54 5.55660511096e-07
401.55 6.33960065857e-07
401.56 7.22666598457e-07
401.57 8.2307190002e-07
401.58 9.36615369872e-07
401.59 1.06489919346e-06
401.6 1.20970486836e-06
401.61 1.3730111727e-06
401.62 1.55701367386e-06
401.63 1.76414587867e-06
401.64 1.99710212968e-06
401.65 2.25886235445e-06
401.66 2.55271877753e-06
401.67 2.88230470637e-06
401.68 3.25162550387e-06
401.69 3.66509186063e-06
401.7 4.12755548019e-06
401.71 4.64434728902e-06
401.72 5.22131828167e-06
401.73 5.86488310796e-06
401.74 6.58206650514e-06
401.75 7.38055267253e-06
401.76 8.26873767916e-06
401.77 9.25578498664e-06
401.78 1.03516841595e-05
401.79 1.15673128234e-05
401.8 1.29145019182e-05
401.81 1.44061042776e-05
401.82 1.60560665479e-05
401.83 1.78795044411e-05
401.84 1.9892781294e-05
401.85 2.21135898803e-05
401.86 2.45610373959e-05
401.87 2.72557335109e-05
401.88 3.02198813457e-05
401.89 3.34773711976e-05
401.9 3.70538768071e-05
401.91 4.09769539115e-05
401.92 4.52761407956e-05
401.93 4.99830605009e-05
401.94 5.5131524312e-05
401.95 6.07576360878e-05
401.96 6.68998969567e-05
401.97 7.35993098412e-05
401.98 8.08994832248e-05
401.99 8.88467335187e-05
402.0 9.74901853304e-05
402.01 0.00010688186888
402.02 0.000117076813755
402.03 0.000128133138133
402.04 0.000140112132555
402.05 0.000153078337276
402.06 0.000167099612158
402.07 0.000182247198038
402.08 0.000198595768439
402.09 0.000216223470473
402.1 0.000235211953721
402.11 0.000255646385867
402.12 0.000277615453811
402.13 0.000301211349001
402.14 0.00032652973567
402.15 0.000353669700706
402.16 0.000382733683844
402.17 0.000413827386912
402.18 0.000447059660893
402.19 0.000482542369573
402.2 0.000520390228618
402.21 0.00056072061898
402.22 0.000603653373602
402.23 0.000649310536471
402.24 0.000697816093182
402.25 0.000749295672291
402.26 0.000803876216847
402.27 0.000861685625649
402.28 0.000922852363933
402.29 0.000987505043343
402.3 0.00105577197125
402.31 0.00112778066969
402.32 0.00120365736427
402.33 0.00128352644393
402.34 0.00136750989218
402.35 0.00145572669125
402.36 0.0015482922003
402.37 0.00164531750948
402.38 0.00174690877172
402.39 0.00185316651434
402.4 0.00196418493301
402.41 0.00208005117065
402.42 0.00220084458428
402.43 0.002326636003
402.44 0.00245748698053
402.45 0.002593449046
402.46 0.00273456295692
402.47 0.00288085795834
402.48 0.00303235105264
402.49 0.00318904628432
402.5 0.00335093404439
402.51 0.00351799039926
402.52 0.00369017644872
402.53 0.00386743771809
402.54 0.00404970358948
402.55 0.00423688677695
402.56 0.00442888285065
402.57 0.00462556981458
402.58 0.00482680774297
402.59 0.00503243847952
402.6 0.00524228540419
402.61 0.00545615327155
402.62 0.00567382812462
402.63 0.00589507728787
402.64 0.00611964944258
402.65 0.00634727478743
402.66 0.00657766528689
402.67 0.00681051500935
402.68 0.00704550055661
402.69 0.00728228158566
402.7 0.00752050142342
402.71 0.00775978777433
402.72 0.00799975352008
402.73 0.0082399976105
402.74 0.00848010604357
402.75 0.00871965293232
402.76 0.00895820165558
402.77 0.00919530608882
402.78 0.00943051191116
402.79 0.00966335798345
402.8 0.00989337779228
402.81 0.0101201009539
402.82 0.0103430547719
402.83 0.0105617658412
402.84 0.0107757616913
402.85 0.0109845724622
402.86 0.0111877326019
402.87 0.0113847825811
402.88 0.0115752706123
402.89 0.0117587543683
402.9 0.011934802688
402.91 0.0121029972623
402.92 0.01226293429
402.93 0.0124142260955
402.94 0.0125565026989
402.95 0.012689413329
402.96 0.0128126278726
402.97 0.0129258382497
402.98 0.0130287597085
402.99 0.0131211320314
403.0 0.0132027206464
403.01 0.0132733176361
403.02 0.0133327426396
403.03 0.0133808436412
403.04 0.0134174976425
403.05 0.0134426112129
403.06 0.0134561209158
403.07 0.0134579936085
403.08 0.0134482266144
403.09 0.0134268477657
403.1 0.0133939153179
403.11 0.0133495177365
403.12 0.0132937733569
403.13 0.0132268299216
403.14 0.0131488639958
403.15 0.0130600802674
403.16 0.0129607107349
403.17 0.0128510137889
403.18 0.012731273193
403.19 0.0126017969714
403.2 0.0124629162098
403.21 0.0123149837774
403.22 0.0121583729784
403.23 0.0119934761408
403.24 0.0118207031526
403.25 0.0116404799534
403.26 0.0114532469906
403.27 0.0112594576513
403.28 0.0110595766764
403.29 0.0108540785702
403.3 0.010643446011
403.31 0.0104281682749
403.32 0.0102087396806
403.33 0.00998565806377
403.34 0.00975942329059
403.35 0.00953053581726
403.36 0.00929949530427
403.37 0.00906679929197
403.38 0.00883294194454
403.39 0.00859841286823
403.4 0.00836369600964
403.41 0.00812926863887
403.42 0.00789560042192
403.43 0.00766315258578
403.44 0.00743237717939
403.45 0.0072037164325
403.46 0.00697760221405
403.47 0.00675445559084
403.48 0.00653468648669
403.49 0.00631869344133
403.5 0.00610686346794
403.51 0.00589957200717
403.52 0.00569718297518
403.53 0.00550004890236
403.54 0.00530851115883
403.55 0.00512290026235
403.56 0.00494353626353
403.57 0.00477072920286
403.58 0.00460477963351
403.59 0.00444597920341
403.6 0.00429461128978
403.61 0.00415095167881
403.62 0.00401526928287
403.63 0.00388782688757
403.64 0.00376888192025
403.65 0.00365868723197
403.66 0.00355749188428
403.67 0.00346554193236
403.68 0.00338308119591
403.69 0.00331035200914
403.7 0.00324759594142
403.71 0.00319505448001
403.72 0.00315296966653
403.73 0.00312158467913
403.74 0.00310114435233
403.75 0.00309189562694
403.76 0.00309408792281
403.77 0.00310797342727
403.78 0.00313380729302
403.79 0.00317184773913
403.8 0.00322235604986
403.81 0.00328559646602
403.82 0.00336183596475
403.83 0.00345134392371
403.84 0.00355439166676
403.85 0.00367125188854
403.86 0.00380219795659
403.87 0.0039475030899
403.88 0.00410743941394
403.89 0.00428227689308
403.9 0.00447228214188
403.91 0.00467771711794
403.92 0.00489883769975
403.93 0.00513589215393
403.94 0.00538911949718
403.95 0.00565874775925
403.96 0.005944992154
403.97 0.00624805316693
403.98 0.00656811456791
403.99 0.00690534135941
404.0 0.00725987767076
404.01 0.00763184461031
404.02 0.0080213380879
404.03 0.00842842662089
404.04 0.00885314913771
404.05 0.00929551279354
404.06 0.00975549081323
404.07 0.0102330203773
404.08 0.0107280005668
404.09 0.0112402903843
404.1 0.0117697068658
404.11 0.0123160233035
404.12 0.0128789675924
404.13 0.0134582207213
404.14 0.0140534154216
404.15 0.0146641349923
404.16 0.0152899123155
404.17 0.015930229079
404.18 0.016584515219
404.19 0.0172521485976
404.2 0.0179324549272
404.21 0.0186247079545
404.22 0.0193281299121
404.23 0.0200418922498
404.24 0.0207651166506
404.25 0.0214968763393
404.26 0.0222361976861
404.27 0.0229820621103
404.28 0.0237334082828
404.29 0.0244891346266
404.3 0.0252481021138
404.31 0.0260091373511
404.32 0.02677103595
404.33 0.0275325661689
404.34 0.0282924728191
404.35 0.0290494814188
404.36 0.0298023025803
404.37 0.0305496366143
404.38 0.0312901783292
404.39 0.0320226220071
404.4 0.0327456665307
404.41 0.0334580206387
404.42 0.0341584082813
404.43 0.03484557405
404.44 0.0355182886515
404.45 0.0361753543956
404.46 0.0368156106671
404.47 0.0374379393494
404.48 0.0380412701673
404.49 0.0386245859164
404.5 0.0391869275484
404.51 0.0397273990759
404.52 0.040245172269
404.53 0.0407394911083
404.54 0.0412096759663
404.55 0.0416551274853
404.56 0.0420753301248
404.57 0.0424698553507
404.58 0.0428383644406
404.59 0.0431806108821
404.6 0.0434964423434
404.61 0.0437858021949
404.62 0.0440487305675
404.63 0.0442853649317
404.64 0.0444959401873
404.65 0.0446807882534
404.66 0.0448403371546
404.67 0.0449751096005
404.68 0.0450857210577
404.69 0.0451728773188
404.7 0.0452373715752
404.71 0.0452800810023
404.72 0.0453019628714
404.73 0.0453040502029
404.74 0.0452874469804
404.75 0.0452533229479
404.76 0.0452029080126
404.77 0.045137486284
404.78 0.0450583897753
404.79 0.0449669918014
404.8 0.0448647001079
404.81 0.0447529497654
404.82 0.0446331958685
404.83 0.044506906079
404.84 0.0443755530526
404.85 0.0442406067924
404.86 0.0441035269702
404.87 0.0439657552598
404.88 0.0438287077246
404.89 0.0436937673027
404.9 0.0435622764333
404.91 0.0434355298648
404.92 0.0433147676882
404.93 0.0432011686341
404.94 0.0430958436737
404.95 0.0429998299598
404.96 0.0429140851449
404.97 0.0428394821082
404.98 0.042776804123
404.99 0.0427267404943
405.0 0.0426898826904
405.01 0.0426667209936
405.02 0.0426576416888
405.03 0.0426629248076
405.04 0.0426827424411
405.05 0.0427171576328
405.06 0.0427661238573
405.07 0.0428294850895
405.08 0.0429069764638
405.09 0.0429982255201
405.1 0.0431027540304
405.11 0.0432199803943
405.12 0.0433492225917
405.13 0.0434897016746
405.14 0.0436405457784
405.15 0.0438007946297
405.16 0.0439694045252
405.17 0.0441452537518
405.18 0.0443271484182
405.19 0.0445138286638
405.2 0.0447039752085
405.21 0.0448962162077
405.22 0.0450891343713
405.23 0.0452812743071
405.24 0.045471150047
405.25 0.0456572527117
405.26 0.0458380582726
405.27 0.0460120353656
405.28 0.0461776531136
405.29 0.0463333889139
405.3 0.0464777361475
405.31 0.0466092117672
405.32 0.0467263637241
405.33 0.0468277781912
405.34 0.0469120865462
405.35 0.0469779720762
405.36 0.0470241763689
405.37 0.0470495053584
405.38 0.0470528349937
405.39 0.0470331165039
405.4 0.0469893812325
405.41 0.0469207450205
405.42 0.0468264121173
405.43 0.0467056786038
405.44 0.0465579353141
405.45 0.0463826702457
405.46 0.0461794704511
405.47 0.0459480234074
405.48 0.0456881178634
405.49 0.045399644166
405.5 0.0450825940731
405.51 0.0447370600603
405.52 0.0443632341343
405.53 0.0439614061661
405.54 0.0435319617633
405.55 0.0430753796984
405.56 0.0425922289178
405.57 0.0420831651533
405.58 0.0415489271644
405.59 0.0409903326375
405.6 0.0404082737722
405.61 0.0398037125855
405.62 0.0391776759658
405.63 0.038531250508
405.64 0.037865577165
405.65 0.0371818457477
405.66 0.0364812893081
405.67 0.0357651784381
405.68 0.0350348155188
405.69 0.0342915289521
405.7 0.033536667407
405.71 0.032771594112
405.72 0.0319976812231
405.73 0.0312163042966
405.74 0.0304288368949
405.75 0.0296366453482
405.76 0.0288410837003
405.77 0.0280434888569
405.78 0.0272451759587
405.79 0.0264474339981
405.8 0.0256515216931
405.81 0.0248586636363
405.82 0.0240700467277
405.83 0.0232868169028
405.84 0.0225100761641
405.85 0.0217408799206
405.86 0.0209802346394
405.87 0.0202290958114
405.88 0.0194883662301
405.89 0.0187588945814
405.9 0.0180414743406
405.91 0.0173368429713
405.92 0.0166456814173
405.93 0.015968613881
405.94 0.0153062078761
405.95 0.0146589745451
405.96 0.0140273692271
405.97 0.0134117922648
405.98 0.0128125900343
405.99 0.0122300561849
406.0 0.0116644330708
406.01 0.0111159133614
406.02 0.010584641812
406.03 0.0100707171793
406.04 0.00957419426518
406.05 0.00909508607134
406.06 0.00863336604976
406.07 0.00818897043165
406.08 0.00776180061965
406.09 0.00735172562767
406.1 0.00695858455344
406.11 0.00658218906935
406.12 0.00622232591783
406.13 0.00587875939806
406.14 0.00555123383163
406.15 0.00523947599546
406.16 0.00494319751098
406.17 0.00466209717949
406.18 0.00439586325425
406.19 0.00414417564082
406.2 0.0039067080179
406.21 0.00368312987153
406.22 0.00347310843672
406.23 0.00327631054081
406.24 0.00309240434413
406.25 0.00292106097372
406.26 0.00276195604708
406.27 0.00261477108314
406.28 0.00247919479851
406.29 0.00235492428764
406.3 0.00224166608604
406.31 0.00213913711604
406.32 0.00204706551563
406.33 0.00196519135054
406.34 0.00189326721096
406.35 0.00183105869407
406.36 0.00177834477426
406.37 0.00173491806311
406.38 0.00170058496149
406.39 0.00167516570647
406.4 0.0016584943159
406.41 0.00165041843388
406.42 0.00165079908038
406.43 0.00165951030859
406.44 0.00167643877371
406.45 0.00170148321708
406.46 0.00173455386973
406.47 0.00177557177946
406.48 0.00182446806588
406.49 0.00188118310795
406.5 0.00194566566853
406.51 0.0020178719608
406.52 0.0020977646615
406.53 0.00218531187595
406.54 0.00228048606019
406.55 0.00238326290538
406.56 0.00249362019017
406.57 0.00261153660645
406.58 0.00273699056436
406.59 0.00286995898238
406.6 0.00301041606853
406.61 0.00315833209879
406.62 0.00331367219898
406.63 0.00347639513644
406.64 0.00364645212789
406.65 0.00382378567002
406.66 0.00400832839924
406.67 0.0042000019873
406.68 0.00439871607912
406.69 0.00460436727959
406.7 0.0048168381957
406.71 0.00503599654036
406.72 0.00526169430429
406.73 0.00549376700204
406.74 0.00573203299801
406.75 0.0059762929183
406.76 0.00622632915359
406.77 0.00648190545835
406.78 0.00674276665096
406.79 0.00700863841916
406.8 0.00727922723462
406.81 0.00755422038009
406.82 0.007833286092
406.83 0.00811607382073
406.84 0.0084022146103
406.85 0.00869132159855
406.86 0.0089829906381
406.87 0.00927680103789
406.88 0.00957231642418
406.89 0.00986908571929
406.9 0.0101666442355
406.91 0.0104645148807
406.92 0.0107622094725
406.93 0.0110592301542
406.94 0.0113550709094
406.95 0.0116492191666
406.96 0.011941157489
406.97 0.0122303653393
406.98 0.0125163209134
406.99 0.0127985030323
407.0 0.0130763930833
407.01 0.0133494770004
407.02 0.0136172472728
407.03 0.0138792049705
407.04 0.0141348617768
407.05 0.0143837420132
407.06 0.0146253846488
407.07 0.0148593452779
407.08 0.0150851980573
407.09 0.015302537589
407.1 0.0155109807375
407.11 0.0157101683697
407.12 0.015899767006
407.13 0.0160794703711
407.14 0.0162490008354
407.15 0.0164081107349
407.16 0.0165565835622
407.17 0.0166942350188
407.18 0.0168209139206
407.19 0.0169365029504
407.2 0.017040919251
407.21 0.0171341148529
407.22 0.0172160769332
407.23 0.0172868279029
407.24 0.0173464253184
407.25 0.0173949616199
407.26 0.0174325636925
407.27 0.0174593922551
407.28 0.017475641077
407.29 0.0174815360269
407.3 0.0174773339586
407.31 0.0174633214391
407.32 0.0174398133262
407.33 0.0174071512025
407.34 0.0173657016762
407.35 0.017315854556
407.36 0.0172580209128
407.37 0.0171926310385
407.38 0.0171201323129
407.39 0.0170409869929
407.4 0.0169556699365
407.41 0.0168646662736
407.42 0.0167684690397
407.43 0.0166675767854
407.44 0.0165624911746
407.45 0.0164537145886
407.46 0.0163417477473
407.47 0.0162270873626
407.48 0.0161102238387
407.49 0.0159916390304
407.5 0.0158718040742
407.51 0.0157511773042
407.52 0.0156302022633
407.53 0.0155093058225
407.54 0.0153888964173
407.55 0.0152693624109
407.56 0.0151510705932
407.57 0.0150343648228
407.58 0.014919564818
407.59 0.0148069651039
407.6 0.0146968341186
407.61 0.0145894134822
407.62 0.0144849174319
407.63 0.0143835324233
407.64 0.0142854168981
407.65 0.0141907012183
407.66 0.0140994877639
407.67 0.0140118511909
407.68 0.0139278388469
407.69 0.0138474713376
407.7 0.0137707432394
407.71 0.0136976239518
407.72 0.0136280586798
407.73 0.0135619695415
407.74 0.0134992567885
407.75 0.0134398001322
407.76 0.0133834601642
407.77 0.0133300798622
407.78 0.0132794861682
407.79 0.0132314916306
407.8 0.0131858960965
407.81 0.0131424884448
407.82 0.0131010483471
407.83 0.0130613480468
407.84 0.0130231541432
407.85 0.0129862293708
407.86 0.0129503343633
407.87 0.0129152293908
407.88 0.0128806760606
407.89 0.0128464389726
407.9 0.0128122873192
407.91 0.0127779964223
407.92 0.0127433491976
407.93 0.0127081375417
407.94 0.0126721636323
407.95 0.0126352411374
407.96 0.0125971963282
407.97 0.0125578690902
407.98 0.0125171138288
407.99 0.0124748002675
408.0 0.0124308141345
408.01 0.012385057738
408.02 0.0123374504267
408.03 0.0122879289385
408.04 0.0122364476343
408.05 0.0121829786207
408.06 0.0121275117616
408.07 0.0120700545818
408.08 0.0120106320648
408.09 0.0119492863481
408.1 0.0118860763208
408.11 0.0118210771255
408.12 0.011754379572
408.13 0.0116860894645
408.14 0.0116163268511
408.15 0.0115452251975
408.16 0.0114729304935
408.17 0.011399600297
408.18 0.0113254027216
408.19 0.0112505153743
408.2 0.0111751242499
408.21 0.0110994225874
408.22 0.0110236096966
408.23 0.0109478897589
408.24 0.0108724706112
408.25 0.010797562517
408.26 0.0107233769323
408.27 0.0106501252717
408.28 0.0105780176808
408.29 0.0105072618206
408.3 0.0104380616699
408.31 0.010370616351
408.32 0.0103051189829
408.33 0.0102417555693
408.34 0.0101807039241
408.35 0.0101221326399
408.36 0.0100662001038
408.37 0.0100130535655
408.38 0.00996282825932
408.39 0.00991564658625
408.4 0.00987161735821
408.41 0.00983083510759
408.42 0.00979337946535
408.43 0.00975931460997
408.44 0.00972868878967
408.45 0.00970153391986
408.46 0.00967786525761
408.47 0.00965768115444
408.48 0.00964096288863
408.49 0.00962767457786
408.5 0.00961776317267
408.51 0.00961115853083
408.52 0.0096077735726
408.53 0.00960750451632
408.54 0.00961023119351
408.55 0.00961581744234
408.56 0.00962411157805
408.57 0.0096349469383
408.58 0.00964814250154
408.59 0.00966350357564
408.6 0.0096808225541
408.61 0.00969987973657
408.62 0.00972044421026
408.63 0.00974227478831
408.64 0.0097651210011
408.65 0.00978872413606
408.66 0.00981281832122
408.67 0.00983713164769
408.68 0.00986138732573
408.69 0.00988530486906
408.7 0.00990860130195
408.71 0.00993099238304
408.72 0.00995219384028
408.73 0.0099719226108
408.74 0.00998989807971
408.75 0.0100058433116
408.76 0.010019486269
408.77 0.0100305610108
408.78 0.0100388088659
408.79 0.010043979575
408.8 0.0100458323952
408.81 0.0100441371622
408.82 0.0100386753036
408.83 0.0100292407999
408.84 0.010015641086
408.85 0.00999769789101
408.86 0.00997524801077
408.87 0.00994814400929
408.88 0.00991625484643
408.89 0.00987946642817
408.9 0.00983768207724
408.91 0.00979082292192
408.92 0.00973882820141
408.93 0.00968165548671
408.94 0.00961928081641
408.95 0.00955169874714
408.96 0.00947892231927
408.97 0.00940098293859
408.98 0.0093179301753
408.99 0.00922983148241
409.0 0.00913677183548
409.01 0.00903885329674
409.02 0.00893619450664
409.03 0.00882893010628
409.04 0.00871721009486
409.05 0.00860119912614
409.06 0.00848107574866
409.07 0.00835703159442
409.08 0.0082292705211
409.09 0.00809800771298
409.1 0.00796346874606
409.11 0.00782588862272
409.12 0.00768551078163
409.13 0.00754258608836
409.14 0.00739737181232
409.15 0.00725013059561
409.16 0.00710112941917
409.17 0.00695063857157
409.18 0.00679893062555
409.19 0.0066462794275
409.2 0.00649295910432
409.21 0.00633924309254
409.22 0.00618540319363
409.23 0.0060317086597
409.24 0.00587842531317
409.25 0.00572581470362
409.26 0.00557413330506
409.27 0.00542363175602
409.28 0.00527455414488
409.29 0.00512713734237
409.3 0.0049816103828
409.31 0.0048381938952
409.32 0.00469709958537
409.33 0.00455852976918
409.34 0.00442267695761
409.35 0.00428972349311
409.36 0.00415984123709
409.37 0.00403319130784
409.38 0.00390992386777
409.39 0.00379017795894
409.4 0.00367408138539
409.41 0.00356175064066
409.42 0.00345329087867
409.43 0.00334879592604
409.44 0.00324834833382
409.45 0.0031520194663
409.46 0.00305986962479
409.47 0.00297194820388
409.48 0.00288829387793
409.49 0.00280893481531
409.5 0.00273388891803
409.51 0.00266316408439
409.52 0.00259675849227
409.53 0.00253466090083
409.54 0.00247685096829
409.55 0.00242329958382
409.56 0.00237396921124
409.57 0.00232881424283
409.58 0.00228778136121
409.59 0.00225080990756
409.6 0.0022178322547
409.61 0.00218877418335
409.62 0.00216355526021
409.63 0.00214208921673
409.64 0.0021242843272
409.65 0.00211004378526
409.66 0.00209926607787
409.67 0.00209184535589
409.68 0.00208767180053
409.69 0.00208663198509
409.7 0.0020886092314
409.71 0.00209348396042
409.72 0.0021011340368
409.73 0.00211143510674
409.74 0.00212426092921
409.75 0.00213948370005
409.76 0.00215697436872
409.77 0.00217660294781
409.78 0.00219823881474
409.79 0.00222175100589
409.8 0.0022470085028
409.81 0.00227388051039
409.82 0.00230223672705
409.83 0.00233194760654
409.84 0.00236288461151
409.85 0.00239492045839
409.86 0.00242792935377
409.87 0.00246178722176
409.88 0.0024963719224
409.89 0.00253156346081
409.9 0.00256724418688
409.91 0.0026032989853
409.92 0.0026396154557
409.93 0.00267608408266
409.94 0.00271259839538
409.95 0.0027490551168
409.96 0.0027853543019
409.97 0.00282139946503
409.98 0.00285709769611
409.99 0.00289235976542
410.0 0.00292710021702
410.01 0.00296123745056
410.02 0.00299469379147
410.03 0.00302739554954
410.04 0.00305927306583
410.05 0.00309026074812
410.06 0.00312029709482
410.07 0.00314932470775
410.08 0.00317729029388
410.09 0.00320414465632
410.1 0.00322984267501
410.11 0.00325434327739
410.12 0.00327760939971
410.13 0.00329960793923
410.14 0.00332030969815
410.15 0.00333968931978
410.16 0.00335772521757
410.17 0.00337439949783
410.18 0.0033896978769
410.19 0.00340360959342
410.2 0.00341612731667
410.21 0.00342724705171
410.22 0.00343696804231
410.23 0.0034452926723
410.24 0.00345222636643
410.25 0.0034577774914
410.26 0.00346195725806
410.27 0.00346477962532
410.28 0.00346626120688
410.29 0.00346642118118
410.3 0.0034652812054
410.31 0.00346286533418
410.32 0.00345919994343
410.33 0.00345431365988
410.34 0.00344823729664
410.35 0.00344100379522
410.36 0.00343264817412
410.37 0.00342320748418
410.38 0.00341272077072
410.39 0.00340122904248
410.4 0.00338877524707
410.41 0.00337540425276
410.42 0.00336116283631
410.43 0.0033460996762
410.44 0.00333026535093
410.45 0.0033137123415
410.46 0.00329649503756
410.47 0.00327866974624
410.48 0.00326029470282
410.49 0.00324143008218
410.5 0.00322213801015
410.51 0.00320248257341
410.52 0.00318252982703
410.53 0.00316234779823
410.54 0.0031420064853
410.55 0.00312157785032
410.56 0.00310113580451
410.57 0.00308075618484
410.58 0.00306051672087
410.59 0.00304049699033
410.6 0.00302077836253
410.61 0.00300144392834
410.62 0.00298257841572
410.63 0.00296426808981
410.64 0.00294660063678
410.65 0.0029296650305
410.66 0.00291355138145
410.67 0.00289835076736
410.68 0.00288415504501
410.69 0.00287105664299
410.7 0.0028591483353
410.71 0.00284852299574
410.72 0.00283927333327
410.73 0.00283149160873
410.74 0.00282526933335
410.75 0.00282069694979
410.76 0.00281786349655
410.77 0.00281685625666
410.78 0.00281776039209
410.79 0.00282065856499
410.8 0.00282563054742
410.81 0.00283275282127
410.82 0.00284209817018
410.83 0.00285373526543
410.84 0.00286772824799
410.85 0.00288413630896
410.86 0.00290301327077
410.87 0.00292440717159
410.88 0.00294835985556
410.89 0.00297490657144
410.9 0.00300407558237
410.91 0.0030358877895
410.92 0.00307035637219
410.93 0.00310748644754
410.94 0.00314727475208
410.95 0.00318970934814
410.96 0.00323476935771
410.97 0.00328242472626
410.98 0.00333263601902
410.99 0.00338535425202
411.0 0.00344052076023
411.01 0.00349806710469
411.02 0.00355791502062
411.03 0.00361997640819
411.04 0.00368415336733
411.05 0.00375033827802
411.06 0.00381841392682
411.07 0.00388825368064
411.08 0.00395972170806
411.09 0.00403267324846
411.1 0.00410695492894
411.11 0.00418240512857
411.12 0.00425885438939
411.13 0.00433612587307
411.14 0.00441403586216
411.15 0.0044923943041
411.16 0.00457100539643
411.17 0.00464966821072
411.18 0.00472817735314
411.19 0.00480632365862
411.2 0.00488389491592
411.21 0.00496067662029
411.22 0.00503645275023
411.23 0.00511100656486
411.24 0.00518412141801
411.25 0.00525558158499
411.26 0.00532517309809
411.27 0.0053926845863
411.28 0.00545790811529
411.29 0.00552064002291
411.3 0.00558068174607
411.31 0.0056378406344
411.32 0.00569193074647
411.33 0.00574277362404
411.34 0.00579019904036
411.35 0.00583404571807
411.36 0.00587416201305
411.37 0.00591040656014
411.38 0.00594264887727
411.39 0.00597076992456
411.4 0.00599466261522
411.41 0.00601423227542
411.42 0.00602939705053
411.43 0.00604008825545
411.44 0.00604625066701
411.45 0.00604784275695
411.46 0.00604483686406
411.47 0.00603721930469
411.48 0.00602499042096
411.49 0.00600816456656
411.5 0.00598677003026
411.51 0.0059608488977
411.52 0.00593045685229
411.53 0.00589566291655
411.54 0.00585654913541
411.55 0.00581321020334
411.56 0.00576575303762
411.57 0.0057142963002
411.58 0.00565896987098
411.59 0.00559991427552
411.6 0.00553728007043
411.61 0.00547122719002
411.62 0.00540192425782
411.63 0.00532954786678
411.64 0.00525428183215
411.65 0.00517631642109
411.66 0.00509584756311
411.67 0.00501307604559
411.68 0.00492820669853
411.69 0.00484144757281
411.7 0.00475300911594
411.71 0.00466310334968
411.72 0.00457194305326
411.73 0.00447974095642
411.74 0.00438670894571
411.75 0.004293057288
411.76 0.00419899387449
411.77 0.00410472348851
411.78 0.00401044710022
411.79 0.00391636119111
411.8 0.0038226571108
411.81 0.00372952046865
411.82 0.00363713056231
411.83 0.00354565984501
411.84 0.00345527343337
411.85 0.00336612865701
411.86 0.00327837465111
411.87 0.00319215199282
411.88 0.00310759238205
411.89 0.00302481836717
411.9 0.00294394311549
411.91 0.00286507022873
411.92 0.00278829360285
411.93 0.00271369733189
411.94 0.00264135565495
411.95 0.00257133294546
411.96 0.00250368374159
411.97 0.00243845281636
411.98 0.00237567528632
411.99 0.00231537675689
412.0 0.00225757350286
412.01 0.00220227268215
412.02 0.00214947258095
412.03 0.00209916288817
412.04 0.00205132499723
412.05 0.00200593233298
412.06 0.00196295070165
412.07 0.00192233866153
412.08 0.00188404791231
412.09 0.00184802370068
412.1 0.00181420524012
412.11 0.00178252614254
412.12 0.00175291485971
412.13 0.00172529513217
412.14 0.00169958644366
412.15 0.00167570447892
412.16 0.00165356158281
412.17 0.00163306721887
412.18 0.0016141284254
412.19 0.00159665026726
412.2 0.0015805362816
412.21 0.00156568891593
412.22 0.00155200995692
412.23 0.00153940094842
412.24 0.00152776359732
412.25 0.00151700016601
412.26 0.00150701385011
412.27 0.00149770914041
412.28 0.00148899216801
412.29 0.00148077103174
412.3 0.00147295610698
412.31 0.00146546033524
412.32 0.00145819949376
412.33 0.00145109244471
412.34 0.00144406136351
412.35 0.00143703194588
412.36 0.00142993359344
412.37 0.00142269957777
412.38 0.0014152671827
412.39 0.00140757782505
412.4 0.00139957715382
412.41 0.00139121512812
412.42 0.00138244607412
412.43 0.00137322872131
412.44 0.00136352621872
412.45 0.00135330613142
412.46 0.00134254041804
412.47 0.00133120538998
412.48 0.00131928165292
412.49 0.00130675403165
412.5 0.00129361147879
412.51 0.00127984696861
412.52 0.00126545737663
412.53 0.00125044334615
412.54 0.0012348091427
412.55 0.00121856249741
412.56 0.00120171444049
412.57 0.00118427912581
412.58 0.00116627364769
412.59 0.00114771785119
412.6 0.00112863413676
412.61 0.00110904726061
412.62 0.00108898413169
412.63 0.00106847360661
412.64 0.00104754628334
412.65 0.00102623429489
412.66 0.00100457110395
412.67 0.000982591299443
412.68 0.000960330395964
412.69 0.000937824637005
412.7 0.000915110802792
412.71 0.000892226023575
412.72 0.000869207599086
412.73 0.000846092824879
412.74 0.000822918826171
412.75 0.000799722399768
412.76 0.000776539864585
412.77 0.000753406921204
412.78 0.000730358520858
412.79 0.000707428744165
412.8 0.00068465068987
412.81 0.00066205637379
412.82 0.000639676638089
412.83 0.000617541070974
412.84 0.000595677936811
412.85 0.000574114116629
412.86 0.000552875058917
412.87 0.000531984740564
412.88 0.000511465637749
412.89 0.000491338706545
412.9 0.000471623372953
412.91 0.000452337532033
412.92 0.000433497555804
412.93 0.000415118309491
412.94 0.000397213175729
412.95 0.000379794086274
412.96 0.000362871560753
412.97 0.000346454751985
412.98 0.000330551497378
412.99 0.00031516837589
413.0 0.000300310770054
413.01 0.000285982932545
413.02 0.000272188056776
413.03 0.000258928351007
413.04 0.000246205115453
413.05 0.00023401882189
413.06 0.000222369195258
413.07 0.000211255296782
413.08 0.000200675608121
413.09 0.000190628116095
413.1 0.000181110397543
413.11 0.00017211970387
413.12 0.000163653044867
413.13 0.000155707271421
413.14 0.000148279156701
413.15 0.000141365475489
413.16 0.000134963081268
413.17 0.000129068980776
413.18 0.000123680405675
413.19 0.000118794881058
413.2 0.000114410290499
413.21 0.000110524937385
413.22 0.000107137602279
413.23 0.000104247596066
413.24 0.000101854808669
413.25 9.9959753122e-05
413.26 9.85636047939e-05
413.27 9.76682355954e-05
413.28 9.72762429812e-05
413.29 9.7390973596e-05
413.3 9.80165414134e-05
413.31 9.91578402331e-05
413.32 0.000100820550412
413.33 0.000103011139717
413.34 0.000105736858204
413.35 0.000109005727034
413.36 0.000112826521161
413.37 0.000117208745826
413.38 0.00012216260683
413.39 0.000127698974548
413.4 0.000133829341694
413.41 0.000140565774837
413.42 0.000147920859709
413.43 0.000155907640369
413.44 0.000164539552286
413.45 0.000173830349466
413.46 0.000183794025742
413.47 0.000194444730398
413.48 0.000205796678307
413.49 0.00021786405481
413.5 0.000230660915598
413.51 0.000244201081866
413.52 0.00025849803108
413.53 0.0002735647837
413.54 0.00028941378626
413.55 0.000306056791232
413.56 0.000323504734144
413.57 0.000341767608438
413.58 0.000360854338633
413.59 0.000380772652334
413.6 0.00040152895172
413.61 0.000423128185121
413.62 0.000445573719379
413.63 0.00046886721367
413.64 0.000493008495506
413.65 0.000517995439666
413.66 0.00054382385082
413.67 0.000570487350596
413.68 0.000597977269909
413.69 0.000626282547306
413.7 0.000655389634146
413.71 0.000685282407382
413.72 0.000715942090727
413.73 0.000747347184973
413.74 0.000779473408181
413.75 0.000812293646477
413.76 0.000845777916114
413.77 0.000879893337455
413.78 0.000914604121456
413.79 0.000949871569199
413.8 0.000985654084963
413.81 0.00102190720325
413.82 0.00105858363011
413.83 0.0010956332991
413.84 0.00113300344197
413.85 0.00117063867432
413.86 0.00120848109622
413.87 0.00124647040763
413.88 0.00128454403871
413.89 0.00132263729456
413.9 0.0013606835141
413.91 0.00139861424278
413.92 0.00143635941848
413.93 0.00147384756996
413.94 0.00151100602726
413.95 0.00154776114309
413.96 0.0015840385245
413.97 0.00161976327363
413.98 0.00165486023672
413.99 0.00168925426001
414.0 0.00172287045154
414.01 0.00175563444747
414.02 0.00178747268158
414.03 0.00181831265672
414.04 0.00184808321666
414.05 0.00187671481708
414.06 0.00190413979402
414.07 0.00193029262866
414.08 0.00195511020663
414.09 0.00197853207071
414.1 0.0020005006653
414.11 0.00202096157134
414.12 0.00203986373042
414.13 0.00205715965655
414.14 0.0020728056347
414.15 0.00208676190456
414.16 0.00209899282883
414.17 0.00210946704464
414.18 0.00211815759761
414.19 0.00212504205736
414.2 0.00213010261406
414.21 0.00213332615536
414.22 0.00213470432309
414.23 0.00213423354969
414.24 0.00213191507382
414.25 0.0021277549353
414.26 0.00212176394934
414.27 0.00211395766016
414.28 0.00210435627438
414.29 0.00209298457454
414.3 0.00207987181327
414.31 0.00206505158878
414.32 0.00204856170244
414.33 0.00203044399922
414.34 0.00201074419211
414.35 0.00198951167135
414.36 0.00196679929985
414.37 0.0019426631958
414.38 0.00191716250385
414.39 0.00189035915616
414.4 0.00186231762475
414.41 0.00183310466644
414.42 0.00180278906199
414.43 0.00177144135071
414.44 0.00173913356219
414.45 0.00170593894649
414.46 0.00167193170424
414.47 0.00163718671818
414.48 0.00160177928738
414.49 0.00156578486565
414.5 0.00152927880531
414.51 0.00149233610763
414.52 0.00145503118116
414.53 0.00141743760897
414.54 0.00137962792588
414.55 0.0013416734067
414.56 0.00130364386621
414.57 0.00126560747177
414.58 0.0012276305692
414.59 0.00118977752258
414.6 0.00115211056831
414.61 0.00111468968406
414.62 0.00107757247273
414.63 0.00104081406166
414.64 0.00100446701733
414.65 0.00096858127537
414.66 0.000933204086017
414.67 0.0008983799747
414.68 0.000864150717638
414.69 0.000830555332071
414.7 0.000797630080774
414.71 0.000765408490389
414.72 0.000733921383056
414.73 0.000703196920782
414.74 0.000673260661912
414.75 0.000644135629039
414.76 0.000615842387632
414.77 0.000588399134643
414.78 0.000561821796308
414.79 0.000536124134346
414.8 0.000511317859737
414.81 0.000487412753238
414.82 0.000464416791802
414.83 0.000442336280048
414.84 0.000421175985943
414.85 0.000400939279839
414.86 0.000381628276055
414.87 0.00036324397615
414.88 0.000345786413115
414.89 0.000329254795658
414.9 0.000313647651839
414.91 0.000298962971291
414.92 0.000285198345309
414.93 0.000272351104101
414.94 0.000260418450534
414.95 0.000249397589728
414.96 0.000239285853876
414.97 0.000230080821707
414.98 0.000221780432031
414.99 0.000214383090833
415.0 0.000207887771421
415.01 0.000202294107155
415.02 0.000197602476311
415.03 0.000193814078683
415.04 0.000190931003519
415.05 0.000188956288464
415.06 0.000187893969168
415.07 0.000187749119276
415.08 0.000188527880536
415.09 0.000190237482794
415.1 0.000192886253665
415.11 0.000196483617733
415.12 0.000201040085116
415.13 0.00020656722931
415.14 0.000213077654244
415.15 0.00022058495049
415.16 0.000229103640666
415.17 0.000238649114041
415.18 0.000249237550441
415.19 0.00026088583358
415.2 0.000273611453971
415.21 0.000287432401642
415.22 0.000302367048906
415.23 0.0003184340235
415.24 0.000335652072438
415.25 0.000354039917006
415.26 0.000373616099341
415.27 0.000394398821126
415.28 0.000416405774962
415.29 0.000439653969045
415.3 0.000464159545842
415.31 0.000489937595487
415.32 0.000517001964706
415.33 0.000545365062116
415.34 0.000575037660794
415.35 0.000606028699079
415.36 0.000638345080607
415.37 0.000671991474622
415.38 0.000706970117668
415.39 0.000743280617774
415.4 0.000780919762317
415.41 0.000819881330742
415.42 0.00086015591336
415.43 0.000901730737462
415.44 0.000944589501987
415.45 0.000988712221994
415.46 0.00103407508418
415.47 0.00108065031469
415.48 0.00112840606036
415.49 0.00117730628469
415.5 0.00122731067959
415.51 0.00127837459398
415.52 0.00133044898039
415.53 0.00138348036039
415.54 0.00143741080983
415.55 0.00149217796466
415.56 0.0015477150481
415.57 0.00160395091961
415.58 0.00166081014642
415.59 0.00171821309771
415.6 0.00177607606197
415.61 0.00183431138744
415.62 0.00189282764582
415.63 0.00195152981891
415.64 0.00201031950804
415.65 0.00206909516579
415.66 0.0021277523494
415.67 0.00218618399515
415.68 0.00224428071286
415.69 0.00230193109936
415.7 0.00235902206995
415.71 0.00241543920636
415.72 0.00247106711983
415.73 0.00252578982779
415.74 0.00257949114233
415.75 0.00263205506882
415.76 0.00268336621256
415.77 0.00273331019173
415.78 0.00278177405432
415.79 0.00282864669712
415.8 0.00287381928442
415.81 0.00291718566431
415.82 0.00295864278028
415.83 0.00299809107593
415.84 0.00303543489044
415.85 0.00307058284276
415.86 0.00310344820216
415.87 0.00313394924312
415.88 0.00316200958256
415.89 0.00318755849731
415.9 0.00321053122007
415.91 0.00323086921207
415.92 0.00324852041088
415.93 0.00326343945172
415.94 0.00327558786119
415.95 0.00328493422198
415.96 0.00329145430785
415.97 0.0032951311878
415.98 0.00329595529898
415.99 0.00329392448779
416.0 0.00328904401897
416.01 0.00328132655261
416.02 0.00327079208924
416.03 0.00325746788318
416.04 0.00324138832499
416.05 0.00322259479335
416.06 0.00320113547753
416.07 0.00317706517141
416.08 0.00315044504029
416.09 0.00312134236186
416.1 0.00308983024293
416.11 0.0030559873135
416.12 0.00301989740001
416.13 0.00298164917965
416.14 0.00294133581777
416.15 0.00289905459036
416.16 0.00285490649386
416.17 0.00280899584437
416.18 0.00276142986856
416.19 0.00271231828849
416.2 0.00266177290251
416.21 0.00260990716465
416.22 0.0025568357644
416.23 0.00250267420937
416.24 0.0024475384126
416.25 0.00239154428685
416.26 0.0023348073475
416.27 0.00227744232618
416.28 0.00221956279672
416.29 0.00216128081504
416.3 0.00210270657459
416.31 0.00204394807861
416.32 0.0019851108305
416.33 0.00192629754335
416.34 0.00186760786964
416.35 0.00180913815191
416.36 0.00175098119497
416.37 0.00169322606029
416.38 0.00163595788276
416.39 0.00157925771026
416.4 0.00152320236588
416.41 0.00146786433287
416.42 0.00141331166206
416.43 0.0013596079015
416.44 0.00130681204771
416.45 0.00125497851823
416.46 0.00120415714452
416.47 0.00115439318469
416.48 0.00110572735512
416.49 0.00105819587997
416.5 0.00101183055773
416.51 0.000966658843673
416.52 0.000922703947071
416.53 0.000879984942156
416.54 0.000838516891527
416.55 0.000798310980872
416.56 0.000759374663794
416.57 0.000721711815516
416.58 0.000685322894269
416.59 0.000650205109172
416.6 0.000616352593426
416.61 0.000583756581683
416.62 0.000552405590475
416.63 0.000522285600637
416.64 0.000493380240687
416.65 0.000465670970193
416.66 0.0004391372622
416.67 0.000413756783847
416.68 0.000389505574359
416.69 0.000366358219678
416.7 0.000344288023031
416.71 0.000323267170834
416.72 0.000303266893346
416.73 0.000284257619606
416.74 0.000266209126207
416.75 0.000249090679543
416.76 0.000232871171226
416.77 0.000217519246421
416.78 0.000203003424909
416.79 0.000189292214753
416.8 0.000176354218467
416.81 0.000164158231669
416.82 0.000152673334231
416.83 0.000141868973966
416.84 0.000131715042968
416.85 0.000122181946724
416.86 0.000113240666166
416.87 0.00010486281286
416.88 9.70206775504e-05
416.89 8.96872723009e-05
416.9 8.28363665003e-05
416.91 7.64425170059e-05
416.92 7.04810927216e-05
416.93 6.49282939099e-05
416.94 5.97611665488e-05
416.95 5.4957612049e-05
416.96 5.04963926465e-05
416.97 4.63571327898e-05
416.98 4.25203168348e-05
416.99 3.89672833598e-05
417.0 3.56802164052e-05
417.01 3.26421339357e-05
417.02 2.98368738153e-05
417.03 2.72490775735e-05
417.04 2.4864172232e-05
417.05 2.26683504487e-05
417.06 2.06485492231e-05
417.07 1.87924273954e-05
417.08 1.70883421564e-05
417.09 1.55253247736e-05
417.1 1.40930557243e-05
417.11 1.27818394117e-05
417.12 1.15825786281e-05
417.13 1.04867489157e-05
417.14 9.48637295913e-06
417.15 8.57399513574e-06
417.16 7.74265633331e-06
417.17 6.98586913441e-06
417.18 6.29759345469e-06
417.19 5.67221271158e-06
417.2 5.10451058895e-06
417.21 4.5896484539e-06
417.22 4.12314347213e-06
417.23 3.70084746004e-06
417.24 3.31892650331e-06
417.25 2.97384136465e-06
417.26 2.66232869621e-06
417.27 2.38138306626e-06
417.28 2.12823980375e-06
417.29 1.9003586596e-06
417.3 1.69540827885e-06
417.31 1.51125147364e-06
417.32 1.34593128391e-06
417.33 1.19765780898e-06
417.34 1.06479579126e-06
417.35 9.45852930444e-07
417.36 8.39468905229e-07
417.37 7.44405077819e-07
417.38 6.59534855413e-07
417.39 5.83834681998e-07
417.4 5.16375633202e-07
417.41 4.56315586575e-07
417.42 4.02891939579e-07
417.43 3.55414847613e-07
417.44 3.13260954649e-07
417.45 2.75867589444e-07
417.46 2.42727400823e-07
417.47 2.13383406151e-07
417.48 1.87424427841e-07
417.49 1.64480893553e-07
417.5 1.442209766e-07
417.51 1.26347053991e-07
417.52 1.10592460488e-07
417.53 9.67185180254e-08
417.54 8.45118208409e-08
417.55 7.37817576347e-08
417.56 6.43582530855e-08
417.57 5.60897120215e-08
417.58 4.88411505109e-08
417.59 4.24924990808e-08
417.6 3.6937064193e-08
417.61 3.20801349958e-08
417.62 2.78377232302e-08
417.63 2.41354249975e-08
417.64 2.09073938826e-08
417.65 1.80954156879e-08
417.66 1.56480757458e-08
417.67 1.35200104632e-08
417.68 1.16712353918e-08
417.69 1.00665427281e-08
417.7 8.67496171499e-09
417.71 7.46927595418e-09
417.72 6.42559213774e-09
417.73 5.52295517502e-09
417.74 4.74300512594e-09
417.75 4.06967175555e-09
417.76 3.48890289936e-09
417.77 2.98842317533e-09
417.78 2.55751989805e-09
417.79 2.18685334539e-09
417.8 1.8682887986e-09
417.81 1.59474802537e-09
417.82 1.36007810321e-09
417.83 1.15893568841e-09
417.84 9.86685026071e-10
417.85 8.39308169755e-10
417.86 7.13326036541e-10
417.87 6.05729066592e-10
417.88 5.1391638566e-10
417.89 4.35642486365e-10
417.9 3.68970550078e-10
417.91 3.12231626807e-10
417.92 2.63988976667e-10
417.93 2.23006953924e-10
417.94 1.88223884214e-10
417.95 1.58728447868e-10
417.96 1.33739138156e-10
417.97 1.12586413162e-10
417.98 9.46972045907e-11
417.99 7.95814865357e-11
418.0 6.68206426174e-11
418.01 5.60574013287e-11
418.02 4.69871373555e-11
418.03 3.93503613768e-11
418.04 3.29262427571e-11
418.05 2.75270289138e-11
418.06 2.29932422409e-11
418.07 1.91895505511e-11
418.08 1.60012202728e-11
418.09 1.33310733194e-11
418.1 1.10968788014e-11
418.11 9.22911974824e-12
418.12 7.66908288973e-12
418.13 6.36722643909e-12
418.14 5.28178684808e-12
418.15 4.3775907609e-12
418.16 3.62504297819e-12
418.17 2.9992652324e-12
418.18 2.47936404546e-12
418.19 2.04780895248e-12
418.2 1.689904989e-12
418.21 1.39334560295e-12
418.22 1.14783411203e-12
418.23 9.4476351993e-13
418.24 7.76945966476e-13
418.25 6.38384347034e-13
418.26 5.2407972141e-13
418.27 4.29869066125e-13
418.28 3.52288725771e-13
418.29 2.88459607416e-13
418.3 2.35990751891e-13
418.31 1.92898420856e-13
418.32 1.57538270453e-13
418.33 1.28548551286e-13
418.34 1.04802589259e-13
418.35 8.53690701138e-14
418.36 6.94788788433e-14
418.37 5.64974394232e-14
418.38 4.59016652122e-14
418.39 3.72607703492e-14
418.4 3.02203110708e-14
418.41 2.4488926279e-14
418.42 1.98273315907e-14
418.43 1.60391928115e-14
418.44 1.29635652845e-14
418.45 1.04686365582e-14
418.46 8.44655274773e-15
418.47 6.80914506974e-15
418.48 5.48440335624e-15
418.49 4.41356880528e-15
418.5 3.5487395558e-15
418.51 2.85090053742e-15
418.52 2.28830398464e-15
418.53 1.83513948792e-15
418.54 1.47044287155e-15
418.55 1.17720187407e-15
418.56 9.41623840845e-16
418.57 7.52536656166e-16
418.58 6.00899143991e-16
418.59 4.7940131819e-16
418.6 3.8213830672e-16
418.61 3.04344626606e-16
418.62 2.42177847293e-16
418.63 1.92542631468e-16
418.64 1.52947754064e-16
418.65 1.21390029677e-16
418.66 9.62601742837e-17
418.67 7.62665291313e-17
418.68 6.03733164426e-17
418.69 4.77507059775e-17
418.7 3.77344716037e-17
418.71 2.97934270379e-17
418.72 2.35031657106e-17
418.73 1.85249044334e-17
418.74 1.45884550749e-17
418.75 1.14785317787e-17
418.76 9.02375077314e-18
418.77 7.08780165327e-18
418.78 5.56236817751e-18
418.79 4.36145725424e-18
418.8 3.41686028988e-18
418.81 2.67452422021e-18
418.82 2.09165263163e-18
418.83 1.6343922714e-18
418.84 1.27598847312e-18
418.85 9.95315837847e-19
418.86 7.75708929747e-19
418.87 6.0403260172e-19
418.88 4.69943536513e-19
418.89 3.65304224429e-19
418.9 2.83718346852e-19
418.91 2.20162759179e-19
418.92 1.70696261907e-19
418.93 1.32229353406e-19
418.94 1.0234236541e-19
418.95 7.91419486207e-20
418.96 6.11479272788e-20
418.97 4.72041796069e-20
418.98 3.64085078502e-20
418.99 2.80575030699e-20
419.0 2.16032390008e-20
419.01 1.66192887731e-20
419.02 1.2774082314e-20
419.03 9.81003821346e-21
419.04 7.52723370823e-21
419.05 5.77063777232e-21
419.06 4.42013913848e-21
419.07 3.38276461609e-21
419.08 2.58661225271e-21
419.09 1.97612582727e-21
419.1 1.50841752887e-21
419.11 1.15040897007e-21
419.12 8.76610484603e-22
419.13 6.67397805799e-22
419.14 5.07675962435e-22
419.15 3.85844345085e-22
419.16 2.92995797326e-22
419.17 2.22297385461e-22
419.18 1.68512076845e-22
419.19 1.27629603483e-22
419.2 9.65818503098e-23
419.21 7.30236160927e-23
419.22 5.51638871752e-23
419.23 4.16361055108e-23
419.24 3.13985109e-23
419.25 2.36576561706e-23
419.26 1.78097610251e-23
419.27 1.33957853815e-23
419.28 1.00670443604e-23
419.29 7.55891560059e-24
419.3 5.6707528881e-24
419.31 4.25055520995e-24
419.32 3.18327613208e-24
419.33 2.38191728986e-24
419.34 1.78074918115e-24
419.35 1.33015589115e-24
419.36 9.92718336215e-25
419.37 7.40241207556e-25
419.38 5.51498307636e-25
419.39 4.10524256321e-25
419.4 3.05321350358e-25
419.41 2.2688158027e-25
419.42 1.6844767264e-25
419.43 1.24955248892e-25
419.44 9.26120943147e-26
419.45 6.85811272723e-26
419.46 5.07417271705e-26
419.47 3.75102177135e-26
419.48 2.77049669461e-26
419.49 2.0445107592e-26
419.5 1.50745680588e-26
419.51 1.1105140714e-26
419.52 8.17385571776e-27
419.53 6.01109485865e-27
419.54 4.41676108801e-27
419.55 3.24248478605e-27
419.56 2.37834963002e-27
419.57 1.74299909903e-27
419.58 1.27626934862e-27
419.59 9.33708319022e-28
419.6 6.82501845108e-28
419.61 4.98448328396e-28
419.62 3.6371412756e-28
419.63 2.65169707487e-28
419.64 1.93157404534e-28
419.65 1.40579671851e-28
419.66 1.02225066519e-28
419.67 7.42704389943e-29
419.68 5.39135950817e-29
419.69 3.91024803685e-29
419.7 2.83357057049e-29
419.71 2.05157535047e-29
419.72 1.48410498565e-29
419.73 1.07266840334e-29
419.74 7.74622423828e-30
419.75 5.58905462149e-30
419.76 4.02912142291e-30
419.77 2.90205787882e-30
419.78 2.08845680093e-30
419.79 1.50164970675e-30
419.8 1.07878646092e-30
419.81 7.74329939276e-31
419.82 5.55316180847e-31
419.83 3.9790401133e-31
419.84 2.84865607534e-31
419.85 2.03763050269e-31
419.86 1.45624537802e-31
419.87 1.03984210594e-31
419.88 7.41863409064e-32
419.89 5.28815547421e-32
419.9 3.76624173698e-32
419.91 2.68000670818e-32
419.92 1.90540492238e-32
419.93 1.35351289313e-32
419.94 9.60641233389e-33
419.95 6.81214311014e-33
419.96 4.82647448722e-33
419.97 3.41664596384e-33
419.98 2.41653815074e-33
419.99 1.70769790319e-33
420.0 1.2057357751e-33
420.01 8.50583514536e-34
420.02 5.99522501771e-34
420.03 4.22199512337e-34
420.04 2.97066499789e-34
420.05 2.08839835983e-34
420.06 1.46688720445e-34
420.07 1.02944656684e-34
420.08 7.21829474115e-35
420.09 5.05695542774e-35
420.1 3.5397073089e-35
420.11 2.47553625983e-35
420.12 1.72979622019e-35
420.13 1.20765896074e-35
420.14 8.42398112338e-36
420.15 5.87102830764e-36
420.16 4.08822393229e-36
420.17 2.8443228525e-36
420.18 1.97718277144e-36
420.19 1.37321474132e-36
420.2 9.52914222106e-37
420.21 6.6068260604e-37
420.22 4.57673376959e-37
420.23 3.16768610436e-37
420.24 2.19054581792e-37
420.25 1.51351334932e-37
420.26 1.04482578702e-37
420.27 7.20651379278e-38
420.28 4.96626939476e-38
420.29 3.41947189489e-38
420.3 2.35240186751e-38
420.31 1.61691691733e-38
420.32 1.11042084776e-38
420.33 7.61923241503e-39
420.34 5.22346330773e-39
420.35 3.57791144871e-39
420.36 2.44863661778e-39
420.37 1.67433672925e-39
420.38 1.14389189091e-39
420.39 7.80819895557e-40
420.4 5.32525578425e-40
420.41 3.62872274811e-40
420.42 2.47053388153e-40
420.43 1.68055044736e-40
420.44 1.14218382554e-40
420.45 7.75611376086e-41
420.46 5.26230538132e-41
420.47 3.56723431398e-41
420.48 2.41607793412e-41
420.49 1.63498568104e-41
420.5 1.10545401297e-41
420.51 7.46777320698e-42
420.52 5.04040312566e-42
420.53 3.39909370154e-42
420.54 2.29025960856e-42
420.55 1.54180696574e-42
420.56 1.03704835163e-42
420.57 6.96934109094e-43
420.58 4.67959369565e-43
420.59 3.13941180374e-43
420.6 2.10432172535e-43
420.61 1.40928783644e-43
420.62 9.42998453862e-44
420.63 6.30443208037e-44
420.64 4.21118841087e-44
420.65 2.81052263344e-44
420.66 1.87410195715e-44
420.67 1.24859920436e-44
420.68 8.31144635253e-45
420.69 5.52781971757e-45
420.7 3.67328688167e-45
420.71 2.43881881859e-45
420.72 1.61781157993e-45
420.73 1.07225987445e-45
420.74 7.10061362633e-46
420.75 4.69802605723e-46
420.76 3.10569407435e-46
420.77 2.05128327064e-46
420.78 1.35368094405e-46
420.79 8.92546199421e-47
420.8 5.87988466323e-47
420.81 3.8701751673e-47
420.82 2.54516621218e-47
420.83 1.67234312429e-47
420.84 1.09788876587e-47
420.85 7.20136802307e-48
420.86 4.7194934011e-48
420.87 3.09029168215e-48
420.88 2.02174917798e-48
420.89 1.32153536619e-48
420.9 8.63085891109e-49
420.91 5.63187435143e-49
420.92 3.67177118505e-49
420.93 2.39178409789e-49
420.94 1.55665385458e-49
420.95 1.01224546836e-49
420.96 6.57662900466e-50
420.97 4.26918090534e-50
420.98 2.7689141177e-50
420.99 1.79431267683e-50
421.0 1.16174410589e-50
421.01 7.51530382282e-51
421.02 4.85742741853e-51
421.03 3.13682152735e-51
421.04 2.02393710358e-51
421.05 1.30475186702e-51
421.06 8.40393247719e-52
421.07 5.4083014963e-52
421.08 3.47746643306e-52
421.09 2.23402851151e-52
421.1 1.43396380328e-52
421.11 9.19626290967e-53
421.12 5.89261790568e-53
421.13 3.77249693846e-53
421.14 2.41308835251e-53
421.15 1.54220200464e-53
421.16 9.84765931927e-54
421.17 6.28273121964e-54
421.18 4.00486294389e-54
421.19 2.55064811564e-54
421.2 1.62306962584e-54
421.21 1.03192341117e-54
421.22 6.55513277521e-55
421.23 4.16043970855e-55
421.24 2.63827878504e-55
421.25 1.67157493439e-55
421.26 1.05816825275e-55
421.27 6.69279183831e-56
421.28 4.22944732138e-56
421.29 2.67044498365e-56
421.3 1.68464098618e-56
421.31 1.06182953845e-56
421.32 6.68691734535e-57
421.33 4.20746798501e-57
421.34 2.64508356816e-57
421.35 1.66142862074e-57
421.36 1.0426719496e-57
421.37 6.53788692673e-58
421.38 4.09591403112e-58
421.39 2.56382260717e-58
421.4 1.60342564461e-58
421.41 1.00192079448e-58
421.42 6.25520673701e-59
421.43 3.9018777461e-59
421.44 2.43180843481e-59
421.45 1.51428902781e-59
421.46 9.42132321187e-60
421.47 5.8565080317e-60
421.48 3.63738520354e-60
421.49 2.2571663175e-60
421.5 1.39946337937e-60
421.51 8.66928396437e-61
421.52 5.36572772338e-61
421.53 3.31816322932e-61
421.54 2.05017330313e-61
421.55 1.26563103001e-61
421.56 7.80633827311e-62
421.57 4.81073386393e-62
421.58 2.96209518016e-62
421.59 1.822260241e-62
421.6 1.12007086925e-62
421.61 6.87866750523e-63
421.62 4.22072294288e-63
421.63 2.58757582656e-63
421.64 1.58497726819e-63
421.65 9.7001109801e-64
421.66 5.931357224e-64
421.67 3.62372448933e-64
421.68 2.21197377489e-64
421.69 1.34905137485e-64
421.7 8.2205469976e-65
421.71 5.00491443154e-65
421.72 3.04450232123e-65
421.73 1.85037467017e-65
421.74 1.12363886518e-65
421.75 6.81738063568e-66
421.76 4.13268254038e-66
421.77 2.50305424006e-66
421.78 1.51471940238e-66
421.79 9.1583624832e-67
421.8 5.53257336266e-67
421.81 3.33933697852e-67
421.82 2.01380319002e-67
421.83 1.21338190688e-67
421.84 7.30468878351e-68
421.85 4.39369223704e-68
421.86 2.64047014013e-68
421.87 1.58546478728e-68
421.88 9.51164545628e-69
421.89 5.70135940364e-69
421.9 3.41448254432e-69
421.91 2.04312570207e-69
421.92 1.22148739586e-69
421.93 7.29636590569e-70
421.94 4.35459664015e-70
421.95 2.59664735764e-70
421.96 1.54704065349e-70
421.97 9.20903644471e-71
421.98 5.47709620735e-71
421.99 3.25469472402e-71
422.0 1.93238591273e-71
422.01 1.14630761682e-71
422.02 6.79410424301e-72
422.03 4.02334195857e-72
422.04 2.38048472639e-72
422.05 1.40723803478e-72
422.06 8.31176857445e-73
422.07 4.90504541745e-73
422.08 2.89212018085e-73
422.09 1.70377935431e-73
422.1 1.00284561361e-73
422.11 5.89764353884e-74
422.12 3.46534655107e-74
422.13 2.03441026302e-74
422.14 1.19331229696e-74
422.15 6.99348111495e-75
422.16 4.09502360406e-75
422.17 2.39575898104e-75
422.18 1.400404678e-75
422.19 8.17876431264e-76
422.2 4.77249570572e-76
422.21 2.7824483526e-76
422.22 1.62081105335e-76
422.23 9.43325078169e-77
422.24 5.48547301881e-77
422.25 3.18706190155e-77
422.26 1.85008050466e-77
422.27 1.07303643148e-77
422.28 6.21816182667e-78
422.29 3.60025519582e-78
422.3 2.08270741796e-78
422.31 1.20377953117e-78
422.32 6.95167335707e-79
422.33 4.01102596155e-79
422.34 2.31230597305e-79
422.35 1.3318608149e-79
422.36 7.66471647723e-80
422.37 4.40714216578e-80
422.38 2.53187195549e-80
422.39 1.45328278424e-80
422.4 8.33455145174e-81
422.41 4.77571110749e-81
422.42 2.73412002456e-81
422.43 1.56394262436e-81
422.44 8.93815268883e-82
422.45 5.10385626155e-82
422.46 2.91187557192e-82
422.47 1.65985787676e-82
422.48 9.45350170451e-83
422.49 5.37945430083e-83
422.5 3.05849271658e-83
422.51 1.73740229663e-83
422.52 9.8609111211e-84
422.53 5.59187442549e-84
422.54 3.16826491637e-84
422.55 1.79353261608e-84
422.56 1.0144269584e-84
422.57 5.73265753035e-85
422.58 3.23679299792e-85
422.59 1.82598651791e-85
422.6 1.02920981649e-85
422.61 5.79607485311e-86
422.62 3.26127757133e-86
422.63 1.8334338885e-86
422.64 1.02983217807e-86
422.65 5.77951470901e-87
422.66 3.24070874889e-87
422.67 1.81556725908e-87
422.68 1.01626833865e-87
422.69 5.68366092952e-88
422.7 3.17593524974e-88
422.71 1.77312286536e-88
422.72 9.8907615886e-89
422.73 5.51244601498e-89
422.74 3.06960630045e-89
422.75 1.70783031537e-89
422.76 9.49358999455e-90
422.77 5.27278347361e-90
422.78 2.92599187431e-90
422.79 1.62229566063e-90
422.8 8.98691449831e-91
422.81 4.97410473585e-91
422.82 2.75069826769e-91
422.83 1.51982888695e-91
422.84 8.39015816857e-92
422.85 4.62774386685e-92
422.86 2.55030541045e-92
422.87 1.40423173313e-92
422.88 7.72518851993e-93
422.89 4.24622597133e-93
422.9 2.3319585713e-93
422.91 1.27956476196e-93
422.92 7.01499595389e-94
422.93 3.84252136344e-94
422.94 2.10294962305e-94
422.95 1.14991346658e-94
422.96 6.28239390921e-95
422.97 3.42932684594e-95
422.98 1.87032167844e-95
422.99 1.01917191771e-95
423.0 5.54884127548e-96
423.01 3.01842832694e-96
423.02 1.6405261081e-96
423.03 8.90859339296e-97
423.04 4.83346792222e-97
423.05 2.6201868134e-97
423.06 1.41915354071e-97
423.07 7.67980558616e-98
423.08 4.1523579031e-98
423.09 2.24317442826e-98
423.1 1.2107515227e-98
423.11 6.52936151155e-99
423.12 3.51811570315e-99
423.13 1.89397060499e-99
423.14 1.01873226874e-99
423.15 5.4748295645e-100
423.16 2.93971248815e-100
423.17 1.57711304253e-100
423.18 8.45365464672e-101
423.19 4.52741069916e-101
423.2 2.42258484658e-101
423.21 1.29518501886e-101
423.22 6.91844258112e-102
423.23 3.69239863669e-102
423.24 1.96894024259e-102
423.25 1.04901138471e-102
423.26 5.58407933818e-103
423.27 2.96993313094e-103
423.28 1.57821248501e-103
423.29 8.37930484737e-104
423.3 4.44502511711e-104
423.31 2.3559396451e-104
423.32 1.24760703217e-104
423.33 6.60108279667e-105
423.34 3.48960490507e-105
423.35 1.84315156688e-105
423.36 9.7267903085e-106
423.37 5.12863473618e-106
423.38 2.70182800004e-106
423.39 1.42212358588e-106
423.4 7.47895108638e-107
423.41 3.92977566534e-107
423.42 2.06309172747e-107
423.43 1.08216386665e-107
423.44 5.67141245263e-108
423.45 2.96970389505e-108
423.46 1.55366999026e-108
423.47 8.12134796252e-109
423.48 4.24151661025e-109
423.49 2.21328804533e-109
423.5 1.15392721707e-109
423.51 6.01094297827e-110
423.52 3.1284593178e-110
423.53 1.62682983327e-110
423.54 8.45234969727e-111
423.55 4.38769567602e-111
423.56 2.27572222888e-111
423.57 1.1793038541e-111
423.58 6.10598729901e-112
423.59 3.15871023641e-112
423.6 1.6326285679e-112
423.61 8.43118672689e-113
423.62 4.35024520051e-113
423.63 2.24265504645e-113
423.64 1.15514082125e-113
423.65 5.94471581034e-114
423.66 3.05668704691e-114
423.67 1.57034316242e-114
423.68 8.06049794589e-115
423.69 4.1338326198e-115
423.7 2.11820318497e-115
423.71 1.08444132263e-115
423.72 5.54712831255e-116
423.73 2.83500662503e-116
423.74 1.44765027417e-116
423.75 7.38578988166e-117
423.76 3.76490439286e-117
423.77 1.91749689071e-117
423.78 9.75751207127e-118
423.79 4.96097728555e-118
423.8 2.52010764841e-118
423.81 1.27907101869e-118
423.82 6.48625379226e-119
423.83 3.28637356829e-119
423.84 1.66365639151e-119
423.85 8.41461110634e-120
423.86 4.25234192316e-120
423.87 2.14706908881e-120
423.88 1.08314742942e-120
423.89 5.45949961569e-121
423.9 2.74942462868e-121
423.91 1.38342146564e-121
423.92 6.95490038487e-122
423.93 3.49342183486e-122
423.94 1.75321371467e-122
423.95 8.79108341116e-123
423.96 4.4042671553e-123
423.97 2.20459399993e-123
423.98 1.10257286504e-123
423.99 5.50946833665e-124
424.0 2.75065292811e-124
424.01 1.37209951839e-124
424.02 6.83847306771e-125
424.03 3.40530787184e-125
424.04 1.69424938357e-125
424.05 8.42213120392e-126
424.06 4.18302424488e-126
424.07 2.07578549671e-126
424.08 1.0291964446e-126
424.09 5.09844564669e-127
424.1 2.52348671527e-127
424.11 1.24792350333e-127
424.12 6.16593040166e-128
424.13 3.04391825233e-128
424.14 1.50138151262e-128
424.15 7.3989970706e-129
424.16 3.64316096005e-129
424.17 1.79228708761e-129
424.18 8.80968753561e-130
424.19 4.32650436855e-130
424.2 2.12293892761e-130
424.21 1.04078630066e-130
424.22 5.09811169536e-131
424.23 2.49505910408e-131
424.24 1.22004554075e-131
424.25 5.96066835057e-132
424.26 2.90962880549e-132
424.27 1.41907036043e-132
424.28 6.91502864228e-133
424.29 3.36672582187e-133
424.3 1.63774102842e-133
424.31 7.9598781694e-134
424.32 3.86537225276e-134
424.33 1.87542603823e-134
424.34 9.0914314936e-135
424.35 4.40340176534e-135
424.36 2.13092451807e-135
424.37 1.03031858321e-135
424.38 4.97735609003e-136
424.39 2.40242370152e-136
424.4 1.1585751468e-136
424.41 5.58242021362e-137
424.42 2.68747574806e-137
424.43 1.29267781512e-137
424.44 6.21240484481e-138
424.45 2.98299768565e-138
424.46 1.43109938675e-138
424.47 6.85978315356e-139
424.48 3.28529741179e-139
424.49 1.57203679993e-139
424.5 7.51578654888e-140
424.51 3.59012755619e-140
424.52 1.71344052166e-140
424.53 8.17056144164e-141
424.54 3.89276762254e-141
424.55 1.85305696913e-141
424.56 8.81338567723e-142
424.57 4.1881332637e-142
424.58 1.98848317861e-142
424.59 9.43293980889e-143
424.6 4.47090989667e-143
424.61 2.11723217048e-143
424.62 1.00176248459e-143
424.63 4.73570624542e-144
424.64 2.23680672448e-144
424.65 1.0555914806e-144
424.66 4.97722192778e-145
424.67 2.34477863143e-145
424.68 1.10367295866e-145
424.69 5.19042199725e-146
424.7 2.43886998047e-146
424.71 1.14498115804e-146
424.72 5.37071051547e-147
424.73 2.51703271973e-147
424.74 1.17860883005e-147
424.75 5.51409485048e-148
424.76 2.57752262839e-148
424.77 1.2038003176e-148
424.78 5.61733252116e-149
424.79 2.61896397662e-149
424.8 1.21997977015e-149
424.81 5.67805305371e-150
424.82 2.64040152857e-150
424.83 1.22677302361e-150
424.84 5.69484845769e-151
424.85 2.64133714411e-151
424.86 1.22402198438e-151
424.87 5.66732749948e-152
424.88 2.62174902095e-152
424.89 1.21179074546e-152
424.9 5.59613085208e-153
424.91 2.58209253919e-153
424.92 1.19036310419e-153
424.93 5.48290630182e-154
424.94 2.52328266264e-154
424.95 1.16023161588e-154
424.96 5.33024535201e-155
424.97 2.44665884666e-155
424.98 1.12207877284e-155
424.99 5.14158462922e-156
425.0 2.35393433181e-156
425.01 1.07675131314e-156
425.02 4.92107732969e-157
425.03 2.24713250343e-157
425.04 1.025229009e-157
425.05 4.67344141789e-158
425.06 2.12851361587e-158
425.07 9.68589539978e-159
425.08 4.40379231485e-159
425.09 2.0004955805e-159
425.1 9.0797120522e-160
425.11 4.11746833425e-160
425.12 1.86557267676e-160
425.13 8.44535265996e-161
425.14 3.81985712387e-161
425.15 1.72623596713e-161
425.16 7.79429637649e-162
425.17 3.5162308733e-162
425.18 1.58489889424e-162
425.19 7.13755478118e-163
425.2 3.21159711495e-163
425.21 1.44383104671e-163
425.22 6.48537967005e-164
425.23 2.91057066551e-164
425.24 1.30510244286e-164
425.25 5.8470225626e-165
425.26 2.61727073624e-165
425.27 1.17053995248e-165
425.28 5.23055226613e-166
425.29 2.33524560436e-166
425.3 1.04169671098e-166
425.31 4.64273328497e-167
425.32 2.06742560059e-167
425.33 9.19834632215e-168
425.34 4.08896446755e-168
425.35 1.81610363971e-168
425.36 8.05919443255e-169
425.37 3.57327425791e-169
425.38 1.58294119107e-169
425.39 7.00627085381e-170
425.4 3.09836642125e-170
425.41 1.36899652117e-170
425.42 6.04359877152e-171
425.43 2.66570825252e-171
425.44 1.17477128152e-171
425.45 5.17270532396e-172
425.46 2.27565210006e-172
425.47 1.00027107504e-172
425.48 4.39291970513e-173
425.49 1.92758053667e-173
425.5 8.45075502294e-174
425.51 3.70170840028e-174
425.52 1.62006563297e-174
425.53 7.08413333211e-175
425.54 3.09502781474e-175
425.55 1.35103344022e-175
425.56 5.89238823119e-176
425.57 2.56767658507e-176
425.58 1.11792585516e-176
425.59 4.86305736822e-177
425.6 2.11363259482e-177
425.61 9.17853387303e-178
425.62 3.98236300519e-178
425.63 1.72636287152e-178
425.64 7.47733850615e-179
425.65 3.2358300912e-179
425.66 1.39909785001e-179
425.67 6.04413535518e-180
425.68 2.60881922623e-180
425.69 1.12506471376e-180
425.7 4.84768881552e-181
425.71 2.08696745258e-181
425.72 8.97677481547e-182
425.73 3.85787985444e-182
425.74 1.65653561771e-182
425.75 7.10684053303e-183
425.76 3.04632388438e-183
425.77 1.30466584457e-183
425.78 5.58272483856e-184
425.79 2.38680459513e-184
425.8 1.01955631797e-184
425.81 4.3514028079e-185
425.82 1.85554319025e-185
425.83 7.90563137324e-186
425.84 3.36531533875e-186
425.85 1.43132640254e-186
425.86 6.08240469064e-187
425.87 2.58247219867e-187
425.88 1.09551848475e-187
425.89 4.64330784029e-188
425.9 1.96634155487e-188
425.91 8.31982420287e-189
425.92 3.51716752692e-189
425.93 1.48557872856e-189
425.94 6.26934258493e-190
425.95 2.64345574903e-190
425.96 1.11364250825e-190
425.97 4.68752144205e-191
425.98 1.97135322351e-191
425.99 8.28341346992e-192
426.0 3.47758652936e-192
426.01 1.458714374e-192
426.02 6.11344898524e-193
426.03 2.55991788783e-193
426.04 1.07100004757e-193
426.05 4.47689241278e-194
426.06 1.86976720329e-194
426.07 7.8022907536e-195
426.08 3.25297282623e-195
426.09 1.35507225428e-195
426.1 5.63985817668e-196
426.11 2.34529579928e-196
426.12 9.74430301927e-197
426.13 4.04508496694e-197
426.14 1.67775378983e-197
426.15 6.95268448035e-198
426.16 2.87872729906e-198
426.17 1.19089163268e-198
426.18 4.9222954079e-199
426.19 2.03276332525e-199
426.2 8.38744473849e-200
426.21 3.45777109436e-200
426.22 1.42425095587e-200
426.23 5.86138855881e-201
426.24 2.410117507e-201
426.25 9.90146906846e-202
426.26 4.06429071692e-202
426.27 1.66683882582e-202
426.28 6.83008585974e-203
426.29 2.79629142461e-203
426.3 1.14383244453e-203
426.31 4.67483302856e-204
426.32 1.90894540948e-204
426.33 7.78833505555e-205
426.34 3.17482255411e-205
426.35 1.29305798233e-205
426.36 5.26187170437e-206
426.37 2.13937158184e-206
426.38 8.69072289971e-207
426.39 3.52735601898e-207
426.4 1.43042931147e-207
426.41 5.79571763408e-208
426.42 2.3462362953e-208
426.43 9.48986406702e-209
426.44 3.83505809238e-209
426.45 1.54848718187e-209
426.46 6.24693511337e-210
426.47 2.51796731155e-210
426.48 1.01404421796e-210
426.49 4.08025598852e-211
426.5 1.64036933184e-211
426.51 6.58900115968e-212
426.52 2.64436401947e-212
426.53 1.06034356999e-212
426.54 4.24810935122e-213
426.55 1.7004680652e-213
426.56 6.80087802292e-214
426.57 2.71759793262e-214
426.58 1.08499849014e-214
426.59 4.32809491915e-215
426.6 1.72499615768e-215
426.61 6.86915316097e-216
426.62 2.73301477967e-216
426.63 1.08643681369e-216
426.64 4.31509815046e-217
426.65 1.71238177294e-217
426.66 6.7894442543e-218
426.67 2.68962398967e-218
426.68 1.0645660822e-218
426.69 4.20995441199e-219
426.7 1.66343514677e-219
426.71 6.56686466927e-220
426.72 2.59020401253e-220
426.73 1.02078337842e-220
426.74 4.01936012971e-221
426.75 1.58126246892e-221
426.76 6.21548064753e-222
426.77 2.44100790885e-222
426.78 9.5782764371e-223
426.79 3.75516703646e-223
426.8 1.47093968608e-223
426.81 5.75684031995e-224
426.82 2.25111257437e-224
426.83 8.79496178755e-225
426.84 3.43316291286e-225
426.85 1.33899384401e-225
426.86 5.21778837522e-226
426.87 2.03150574052e-226
426.88 7.9026611265e-227
426.89 3.07151313875e-227
426.9 1.19276560711e-227
426.91 4.62787426385e-228
426.92 1.79403828413e-228
426.93 6.94873219974e-229
426.94 2.68907648568e-229
426.95 1.03973927227e-229
426.96 4.01670053098e-230
426.97 1.55038005154e-230
426.98 5.9790282076e-231
426.99 2.30381045798e-231
427.0 8.86924396166e-232
427.01 3.41153765398e-232
427.02 1.31110492766e-232
427.03 5.03440839275e-233
427.04 1.93144856984e-233
427.05 7.40357646943e-234
427.06 2.83546112305e-234
427.07 1.08499950532e-234
427.08 4.14819435159e-235
427.09 1.5845734099e-235
427.1 6.04768753664e-236
427.11 2.3061631999e-236
427.12 8.78647025897e-237
427.13 3.34474152121e-237
427.14 1.27213848782e-237
427.15 4.83425923235e-238
427.16 1.83547803189e-238
427.17 6.96293208445e-239
427.18 2.63911818857e-239
427.19 9.99422754318e-240
427.2 3.78149332989e-240
427.21 1.42955594811e-240
427.22 5.3996136628e-241
427.23 2.03773605971e-241
427.24 7.6834609166e-242
427.25 2.89460664464e-242
427.26 1.08954691519e-242
427.27 4.09756667099e-243
427.28 1.53967775208e-243
427.29 5.78039281608e-244
427.3 2.16824614721e-244
427.31 8.12612552458e-245
427.32 3.04286147938e-245
427.33 1.13842533096e-245
427.34 4.25550035792e-246
427.35 1.5893532146e-246
427.36 5.93080889748e-247
427.37 2.21121590077e-247
427.38 8.23705715547e-248
427.39 3.06574990006e-248
427.4 1.14005309666e-248
427.41 4.23581658896e-249
427.42 1.57243581716e-249
427.43 5.83220016701e-250
427.44 2.1613028533e-250
427.45 8.00244218387e-251
427.46 2.96041895302e-251
427.47 1.09422723312e-251
427.48 4.04096952419e-252
427.49 1.49103330205e-252
427.5 5.49683656316e-253
427.51 2.02470622301e-253
427.52 7.45134931828e-254
427.53 2.73987999812e-254
427.54 1.00658828767e-254
427.55 3.69484237832e-255
427.56 1.35507605791e-255
427.57 4.96541029598e-256
427.58 1.81790138836e-256
427.59 6.64980966327e-257
427.6 2.43036678176e-257
427.61 8.87479109719e-258
427.62 3.2379353258e-258
427.63 1.1803258358e-258
427.64 4.29892005969e-259
427.65 1.56437381409e-259
427.66 5.68781442939e-260
427.67 2.06620787335e-260
427.68 7.49939653964e-261
427.69 2.71958311742e-261
427.7 9.85376197741e-262
427.71 3.56718399618e-262
427.72 1.2902464324e-262
427.73 4.66276508046e-263
427.74 1.68359689589e-263
427.75 6.07374297608e-264
427.76 2.18926541245e-264
427.77 7.88431803384e-265
427.78 2.83696230503e-265
427.79 1.01992141076e-265
427.8 3.66356216162e-266
427.81 1.3148134357e-266
427.82 4.71463867407e-267
427.83 1.68910406818e-267
427.84 6.04627803275e-268
427.85 2.16243734264e-268
427.86 7.72720908263e-269
427.87 2.75883360277e-269
427.88 9.84129075896e-270
427.89 3.50753757123e-270
427.9 1.24903990241e-270
427.91 4.44399955049e-271
427.92 1.57977563876e-271
427.93 5.61100338883e-272
427.94 1.99117468454e-272
427.95 7.05995455792e-273
427.96 2.50102574211e-273
427.97 8.85234090627e-274
427.98 3.13055841164e-274
427.99 1.10613772717e-274
428.0 3.90499346329e-275
428.01 1.3773843046e-275
428.02 4.85415523628e-276
428.03 1.70921188739e-276
428.04 6.01314755168e-277
428.05 2.11364248296e-277
428.06 7.42309315281e-278
428.07 2.60472575475e-278
428.08 9.13193497522e-279
428.09 3.19880178039e-279
428.1 1.11952954733e-279
428.11 3.91478128912e-280
428.12 1.36773877779e-280
428.13 4.77444097657e-281
428.14 1.66519696242e-281
428.15 5.80273053857e-282
428.16 2.02033277795e-282
428.17 7.0280869947e-283
428.18 2.4427277146e-283
428.19 8.48275069754e-284
428.2 2.94321548519e-284
428.21 1.02030761625e-284
428.22 3.53397855488e-285
428.23 1.22298295302e-285
428.24 4.22863898894e-286
428.25 1.46084631211e-286
428.26 5.04234038784e-287
428.27 1.73893561991e-287
428.28 5.9918172621e-288
428.29 2.0628009778e-288
428.3 7.09544780838e-289
428.31 2.43851821321e-289
428.32 8.37328570375e-290
428.33 2.87269506795e-290
428.34 9.84706625576e-291
428.35 3.37246851534e-291
428.36 1.15401820551e-291
428.37 3.94549165376e-292
428.38 1.34776231971e-292
428.39 4.59990861932e-293
428.4 1.56858771923e-293
428.41 5.34431600077e-294
428.42 1.8192783894e-294
428.43 6.18770933289e-295
428.44 2.10273411556e-295
428.45 7.13941339584e-296
428.46 2.42194575084e-296
428.47 8.20899526252e-297
428.48 2.77996489288e-297
428.49 9.40615931603e-298
428.5 3.17986777594e-298
428.51 1.07406238072e-298
428.52 3.62471330537e-299
428.53 1.2221978936e-299
428.54 4.11749530194e-300
428.55 1.38595269161e-300
428.56 4.66108918371e-301
428.57 1.56621050144e-301
428.58 5.25819348844e-302
428.59 1.76378931351e-302
428.6 5.91126682865e-303
428.61 1.9794208127e-303
428.62 6.62246106743e-304
428.63 2.21372876242e-304
428.64 7.39355170319e-305
428.65 2.46720668562e-305
428.66 8.225866647e-306
428.67 2.74019524698e-306
428.68 9.12021476192e-307
428.69 3.03285979667e-307
428.7 1.00768157015e-307
428.71 3.34516858553e-308
428.72 1.10952327275e-308
428.73 3.67687220163e-309
428.74 1.21743102951e-309
428.75 4.02748480662e-310
428.76 1.33121182663e-310
428.77 4.39626776542e-311
428.78 1.45059046309e-311
428.79 4.78221626168e-312
428.8 1.5752058589e-312
428.81 5.18404947349e-313
428.82 1.70460857605e-313
428.83 5.60020484742e-314
428.84 1.8382597146e-314
428.85 6.02883695246e-315
428.86 1.97553132668e-315
428.87 6.46782132416e-316
428.88 2.11570846175e-316
428.89 6.91476343336e-317
428.9 2.25799314253e-317
428.91 7.36701284514e-318
428.92 2.4015098254e-318
428.93 7.82170145901e-319
428.94 2.54532739424e-319
428.95 8.27559956784e-320
428.96 2.68821117902e-320
428.97 8.72519930556e-321
428.98 2.83099615067e-321
428.99 9.18962101265e-322
429.0 2.96439387505e-322
429.01 9.38724727098e-323
429.02 2.96439387505e-323
429.03 9.88131291682e-324
429.04 4.94065645841e-324
429.05 0.0
429.06 0.0
429.07 0.0
429.08 0.0
429.09 0.0
429.1 0.0
429.11 0.0
429.12 0.0
429.13 0.0
429.14 0.0
429.15 0.0
429.16 0.0
429.17 0.0
429.18 0.0
429.19 0.0
429.2 0.0
429.21 0.0
429.22 0.0
429.23 0.0
429.24 0.0
429.25 0.0
429.26 0.0
429.27 0.0
429.28 0.0
429.29 0.0
429.3 0.0
429.31 0.0
429.32 0.0
429.33 0.0
429.34 0.0
429.35 0.0
429.36 0.0
429.37 0.0
429.38 0.0
429.39 0.0
429.4 0.0
429.41 0.0
429.42 0.0
429.43 0.0
429.44 0.0
429.45 0.0
429.46 0.0
429.47 0.0
429.48 0.0
429.49 0.0
429.5 0.0
429.51 0.0
429.52 0.0
429.53 0.0
429.54 0.0
429.55 0.0
429.56 0.0
429.57 0.0
429.58 0.0
429.59 0.0
429.6 0.0
429.61 0.0
429.62 0.0
429.63 0.0
429.64 0.0
429.65 0.0
429.66 0.0
429.67 0.0
429.68 0.0
429.69 0.0
429.7 0.0
429.71 0.0
429.72 0.0
429.73 0.0
429.74 0.0
429.75 0.0
429.76 0.0
429.77 0.0
429.78 0.0
429.79 0.0
429.8 0.0
429.81 0.0
429.82 0.0
429.83 0.0
429.84 0.0
429.85 0.0
429.86 0.0
429.87 0.0
429.88 0.0
429.89 0.0
429.9 0.0
429.91 0.0
429.92 0.0
429.93 0.0
429.94 0.0
429.95 0.0
429.96 0.0
429.97 0.0
429.98 0.0
429.99 0.0
