400.0 2.25646125004e-24
400.01 3.02722790525e-24
400.02 4.05775731079e-24
400.03 5.43438912088e-24
400.04 7.27175281911e-24
400.05 9.72190104473e-24
400.06 1.29863468162e-23
400.07 1.7331913399e-23
400.08 2.31115852989e-23
400.09 3.07919132458e-23
400.1 4.09890002133e-23
400.11 5.45157120126e-23
400.12 7.24435567204e-23
400.13 9.61837162321e-23
400.14 1.27593060187e-22
400.15 1.6911271698e-22
400.16 2.23949033692e-22
400.17 2.96309674375e-22
400.18 3.917113739e-22
400.19 5.17380725486e-22
400.2 6.82775645246e-22
400.21 9.00263224551e-22
400.22 1.18600005894e-21
400.23 1.56107447979e-21
400.24 2.0529872391e-21
400.25 2.69756916257e-21
400.26 3.54146243261e-21
400.27 4.6453281958e-21
400.28 6.0879892732e-21
400.29 7.97177563432e-21
400.3 1.04294154555e-20
400.31 1.36329104299e-20
400.32 1.78049561031e-20
400.33 2.32336234136e-20
400.34 3.02912152217e-20
400.35 3.94584626088e-20
400.36 5.13555442518e-20
400.37 6.67818159875e-20
400.38 8.67666491186e-20
400.39 1.12634423113e-19
400.4 1.4608753632e-19
400.41 1.89312331232e-19
400.42 2.4511413391e-19
400.43 3.17089249445e-19
400.44 4.09843823053e-19
400.45 5.29272077203e-19
400.46 6.829097033e-19
400.47 8.80382288953e-19
400.48 1.13397380685e-18
400.49 1.45934663699e-18
400.5 1.87645266158e-18
400.51 2.41068505904e-18
400.52 3.09433302366e-18
400.53 3.9684173602e-18
400.54 5.08500450348e-18
400.55 6.51012092237e-18
400.56 8.32742023644e-18
400.57 1.06427931177e-17
400.58 1.35901569139e-17
400.59 1.73387200585e-17
400.6 2.21020883632e-17
400.61 2.81496694496e-17
400.62 3.58209418405e-17
400.63 4.5543291446e-17
400.64 5.78542862831e-17
400.65 7.34294675241e-17
400.66 9.31169902256e-17
400.67 1.17980761149e-16
400.68 1.49354107105e-16
400.69 1.88906481224e-16
400.7 2.38726295937e-16
400.71 3.01423683847e-16
400.72 3.80257859698e-16
400.73 4.79294823006e-16
400.74 6.03602443553e-16
400.75 7.5949156155e-16
400.76 9.54813672125e-16
400.77 1.19932812366e-15
400.78 1.5051546304e-15
400.79 1.88733038855e-15
400.8 2.36449532068e-15
400.81 2.95973410975e-15
400.82 3.70160990671e-15
400.83 4.62543212666e-15
400.84 5.77480985236e-15
400.85 7.20355335903e-15
400.86 8.97799953793e-15
400.87 1.11798529808e-14
400.88 1.39096537299e-14
400.89 1.7291005839e-14
400.9 2.14757286884e-14
400.91 2.66501263551e-14
400.92 3.30426103258e-14
400.93 4.09329587214e-14
400.94 5.06635524742e-14
400.95 6.26529973333e-14
400.96 7.74126222508e-14
400.97 9.55664420897e-14
400.98 1.17875288574e-13
400.99 1.45265951387e-13
401.0 1.7886633531e-13
401.01 2.20047833931e-13
401.02 2.70476351301e-13
401.03 3.32173676303e-13
401.04 4.07591237975e-13
401.05 4.99698652375e-13
401.06 6.12089922855e-13
401.07 7.49110687913e-13
401.08 9.16010537641e-13
401.09 1.11912515747e-12
401.1 1.3660939248e-12
401.11 1.66611960173e-12
401.12 2.03027796059e-12
401.13 2.47188657653e-12
401.14 3.00694365675e-12
401.15 3.65464968684e-12
401.16 4.43802690519e-12
401.17 5.38465421666e-12
401.18 6.52753818559e-12
401.19 7.90614426986e-12
401.2 9.56761655094e-12
401.21 1.15682189631e-11
401.22 1.39750365299e-11
401.23 1.68679814877e-11
401.24 2.03421565455e-11
401.25 2.45106360375e-11
401.26 2.95077355446e-11
401.27 3.54928518669e-11
401.28 4.26549682446e-11
401.29 5.12179346816e-11
401.3 6.14466503928e-11
401.31 7.36542950811e-11
401.32 8.8210778284e-11
401.33 1.05552601806e-10
401.34 1.26194359688e-10
401.35 1.50742133735e-10
401.36 1.79909080892e-10
401.37 2.14533552252e-10
401.38 2.55600132957e-10
401.39 3.04264048345e-10
401.4 3.618794453e-10
401.41 4.30032129726e-10
401.42 5.10577422415e-10
401.43 6.05683887382e-10
401.44 7.17883790243e-10
401.45 8.50131260668e-10
401.46 1.00586926391e-09
401.47 1.18910663332e-09
401.48 1.4045065806e-09
401.49 1.65748828466e-09
401.5 1.9543433664e-09
401.51 2.3023692862e-09
401.52 2.71002195758e-09
401.53 3.18709015514e-09
401.54 3.74489461212e-09
401.55 4.39651505356e-09
401.56 5.15704880079e-09
401.57 6.04390501254e-09
401.58 7.07713910317e-09
401.59 8.27983240184e-09
401.6 9.67852269212e-09
401.61 1.13036919042e-08
401.62 1.31903179248e-08
401.63 1.53784982506e-08
401.64 1.79141540373e-08
401.65 2.08498240044e-08
401.66 2.42455586376e-08
401.67 2.81699262017e-08
401.68 3.27011432366e-08
401.69 3.79283434623e-08
401.7 4.39530003771e-08
401.71 5.08905202897e-08
401.72 5.88720240993e-08
401.73 6.80463378189e-08
401.74 7.85822136416e-08
401.75 9.06708052722e-08
401.76 1.04528423296e-07
401.77 1.20399598533e-07
401.78 1.38560483627e-07
401.79 1.59322625562e-07
401.8 1.83037144342e-07
401.81 2.10099355788e-07
401.82 2.40953879183e-07
401.83 2.76100273462e-07
401.84 3.16099248654e-07
401.85 3.61579502458e-07
401.86 4.13245235046e-07
401.87 4.71884398513e-07
401.88 5.38377740779e-07
401.89 6.13708707141e-07
401.9 6.98974266138e-07
401.91 7.95396729816e-07
401.92 9.04336641862e-07
401.93 1.02730681044e-06
401.94 1.16598756574e-06
401.95 1.3222433254e-06
401.96 1.4981405537e-06
401.97 1.69596720332e-06
401.98 1.91825373047e-06
401.99 2.16779577649e-06
402.0 2.44767861043e-06
402.01 2.7613034281e-06
402.02 3.11241560388e-06
402.03 3.50513499117e-06
402.04 3.94398836659e-06
402.05 4.43394411149e-06
402.06 4.98044922156e-06
402.07 5.58946873203e-06
402.08 6.26752764099e-06
402.09 7.02175540787e-06
402.1 7.85993309679e-06
402.11 8.79054322609e-06
402.12 9.82282237532e-06
402.13 1.09668165896e-05
402.14 1.22334396077e-05
402.15 1.36345339257e-05
402.16 1.51829346912e-05
402.17 1.68925364033e-05
402.18 1.87783623749e-05
402.19 2.08566368888e-05
402.2 2.31448599569e-05
402.21 2.56618845612e-05
402.22 2.84279962302e-05
402.23 3.14649947702e-05
402.24 3.47962779384e-05
402.25 3.84469268111e-05
402.26 4.24437925581e-05
402.27 4.6815584302e-05
402.28 5.15929576927e-05
402.29 5.68086037906e-05
402.3 6.24973378035e-05
402.31 6.86961871789e-05
402.32 7.54444785069e-05
402.33 8.27839226401e-05
402.34 9.07586973904e-05
402.35 9.94155271145e-05
402.36 0.000108803758453
402.37 0.000118975431441
402.38 0.000129985345158
402.39 0.000141891117053
402.4 0.000154753235026
402.41 0.000168635101308
402.42 0.000183603067166
402.43 0.0001997264574
402.44 0.000217077583578
402.45 0.000235731744969
402.46 0.000255767216046
402.47 0.000277265219497
402.48 0.000300309883626
402.49 0.000324988183052
402.5 0.000351389861627
402.51 0.000379607336513
402.52 0.00040973558238
402.53 0.000441871994751
402.54 0.000476116231545
402.55 0.000512570031949
402.56 0.00055133701182
402.57 0.000592522434909
402.58 0.000636232959268
402.59 0.000682576358355
402.6 0.000731661216441
402.61 0.000783596598058
402.62 0.000838491691387
402.63 0.000896455425622
402.64 0.00095759606253
402.65 0.00102202076259
402.66 0.0010898351263
402.67 0.00116114271137
402.68 0.00123604452688
402.69 0.00131463850543
402.7 0.0013970189549
402.71 0.00148327599113
402.72 0.00157349495372
402.73 0.0016677558067
402.74 0.00176613252656
402.75 0.00186869247999
402.76 0.00197549579423
402.77 0.00208659472276
402.78 0.00220203300964
402.79 0.00232184525565
402.8 0.00244605628989
402.81 0.00257468055038
402.82 0.00270772147746
402.83 0.00284517092409
402.84 0.00298700858681
402.85 0.00313320146172
402.86 0.00328370332952
402.87 0.00343845427388
402.88 0.00359738023732
402.89 0.00376039261876
402.9 0.00392738791694
402.91 0.00409824742365
402.92 0.00427283697078
402.93 0.00445100673488
402.94 0.00463259110282
402.95 0.00481740860194
402.96 0.00500526189775
402.97 0.00519593786198
402.98 0.00538920771356
402.99 0.00558482723462
403.0 0.00578253706325
403.01 0.00598206306452
403.02 0.00618311678063
403.03 0.00638539596067
403.04 0.00658858517021
403.05 0.00679235648005
403.06 0.00699637023337
403.07 0.00720027588986
403.08 0.0074037129448
403.09 0.00760631192072
403.1 0.00780769542879
403.11 0.00800747929626
403.12 0.00820527375637
403.13 0.00840068469607
403.14 0.00859331495683
403.15 0.0087827656833
403.16 0.00896863771415
403.17 0.00915053300901
403.18 0.00932805610525
403.19 0.00950081559788
403.2 0.00966842563575
403.21 0.00983050742691
403.22 0.0099866907458
403.23 0.0101366154351
403.24 0.0102799328946
403.25 0.01041630755
403.26 0.0105454182934
403.27 0.0106669598896
403.28 0.0107806443401
403.29 0.0108862021975
403.3 0.0109833838249
403.31 0.0110719605933
403.32 0.0111517260101
403.33 0.0112224967756
403.34 0.0112841137586
403.35 0.0113364428909
403.36 0.0113793759721
403.37 0.0114128313849
403.38 0.0114367547149
403.39 0.0114511192748
403.4 0.0114559265292
403.41 0.0114512064207
403.42 0.0114370175947
403.43 0.011413447525
403.44 0.0113806125391
403.45 0.0113386577459
403.46 0.0112877568664
403.47 0.0112281119714
403.48 0.0111599531272
403.49 0.0110835379548
403.5 0.010999151105
403.51 0.010907103655
403.52 0.0108077324308
403.53 0.0107013992594
403.54 0.010588490159
403.55 0.0104694144696
403.56 0.0103446039326
403.57 0.0102145117227
403.58 0.010079611441
403.59 0.00994039607225
403.6 0.00979737691466
403.61 0.0096510824863
403.62 0.0095020574147
403.63 0.00935086131452
403.64 0.00919806765842
403.65 0.00904426264594
403.66 0.00889004407454
403.67 0.00873602021677
403.68 0.00858280870695
403.69 0.00843103544027
403.7 0.00828133348656
403.71 0.00813434202076
403.72 0.00799070527108
403.73 0.00785107148565
403.74 0.00771609191773
403.75 0.00758641982893
403.76 0.0074627095094
403.77 0.00734561531341
403.78 0.00723579070804
403.79 0.00713388733263
403.8 0.00704055406553
403.81 0.00695643609498
403.82 0.00688217399007
403.83 0.00681840276766
403.84 0.00676575095085
403.85 0.00672483961442
403.86 0.0066962814124
403.87 0.0066806795832
403.88 0.00667862692739
403.89 0.00669070475365
403.9 0.0067174817883
403.91 0.00675951304443
403.92 0.00681733864659
403.93 0.0068914826078
403.94 0.00698245155593
403.95 0.00709073340704
403.96 0.00721679598412
403.97 0.00736108558012
403.98 0.00752402546521
403.99 0.00770601433869
404.0 0.00790742472734
404.01 0.0081286013323
404.02 0.0083698593282
404.03 0.00863148261869
404.04 0.00891372205375
404.05 0.00921679361538
404.06 0.00954087657883
404.07 0.00988611165794
404.08 0.0102525991439
404.09 0.0106403970479
404.1 0.0110495192588
404.11 0.0114799337278
404.12 0.0119315606937
404.13 0.0124042709614
404.14 0.0128978842484
404.15 0.013412167615
404.16 0.0139468339912
404.17 0.0145015408188
404.18 0.0150758888219
404.19 0.0156694209235
404.2 0.0162816213233
404.21 0.0169119147528
404.22 0.0175596659225
404.23 0.0182241791766
404.24 0.0189046983699
404.25 0.01960040698
404.26 0.0203104284669
404.27 0.0210338268936
404.28 0.021769607816
404.29 0.0225167194532
404.3 0.0232740541446
404.31 0.0240404501012
404.32 0.0248146934544
404.33 0.0255955206069
404.34 0.0263816208845
404.35 0.0271716394906
404.36 0.0279641807573
404.37 0.0287578116908
404.38 0.0295510658033
404.39 0.0303424472211
404.4 0.0311304350594
404.41 0.0319134880493
404.42 0.0326900494029
404.43 0.033458551897
404.44 0.0342174231588
404.45 0.0349650911305
404.46 0.0356999896901
404.47 0.0364205644057
404.48 0.0371252783942
404.49 0.0378126182597
404.5 0.0384811000813
404.51 0.0391292754217
404.52 0.0397557373252
404.53 0.0403591262741
404.54 0.0409381360728
404.55 0.0414915196253
404.56 0.0420180945773
404.57 0.042516748788
404.58 0.042986445602
404.59 0.04342622889
404.6 0.0438352278272
404.61 0.0442126613822
404.62 0.0445578424866
404.63 0.0448701818597
404.64 0.0451491914637
404.65 0.0453944875653
404.66 0.0456057933835
404.67 0.045782941304
404.68 0.0459258746429
404.69 0.0460346489458
404.7 0.0461094328103
404.71 0.0461505082214
404.72 0.0461582703937
404.73 0.0461332271155
404.74 0.0460759975939
404.75 0.045987310801
404.76 0.0458680033256
404.77 0.045719016737
404.78 0.0455413944695
404.79 0.0453362782393
404.8 0.0451049040086
404.81 0.0448485975127
404.82 0.0445687693694
404.83 0.0442669097922
404.84 0.0439445829291
404.85 0.0436034208545
404.86 0.0432451172378
404.87 0.0428714207206
404.88 0.0424841280297
404.89 0.0420850768588
404.9 0.0416761385499
404.91 0.041259210609
404.92 0.0408362090887
404.93 0.0404090608725
404.94 0.0399796958964
404.95 0.0395500393419
404.96 0.0391220038351
404.97 0.0386974816883
404.98 0.0382783372166
404.99 0.0378663991651
405.0 0.0374634532789
405.01 0.0370712350488
405.02 0.036691422665
405.03 0.0363256302074
405.04 0.035975401104
405.05 0.0356422018837
405.06 0.0353274162506
405.07 0.035032339505
405.08 0.034758173334
405.09 0.0345060209936
405.1 0.0342768829026
405.11 0.0340716526651
405.12 0.0338911135395
405.13 0.0337359353667
405.14 0.0336066719702
405.15 0.0335037590393
405.16 0.0334275125018
405.17 0.0333781273938
405.18 0.0333556772296
405.19 0.0333601138749
405.2 0.0333912679213
405.21 0.0334488495618
405.22 0.0335324499622
405.23 0.0336415431213
405.24 0.0337754882135
405.25 0.0339335324011
405.26 0.0341148141062
405.27 0.0343183667264
405.28 0.034543122779
405.29 0.0347879184553
405.3 0.0350514985665
405.31 0.0353325218582
405.32 0.0356295666715
405.33 0.0359411369269
405.34 0.0362656684032
405.35 0.0366015352864
405.36 0.0369470569585
405.37 0.037300504997
405.38 0.0376601103552
405.39 0.0380240706912
405.4 0.0383905578126
405.41 0.0387577252067
405.42 0.0391237156191
405.43 0.0394866686508
405.44 0.0398447283375
405.45 0.0401960506789
405.46 0.040538811083
405.47 0.0408712116934
405.48 0.0411914885667
405.49 0.0414979186668
405.5 0.0417888266465
405.51 0.0420625913848
405.52 0.0423176522522
405.53 0.0425525150744
405.54 0.0427657577706
405.55 0.04295603564
405.56 0.0431220862744
405.57 0.043262734076
405.58 0.0433768943621
405.59 0.043463577039
405.6 0.0435218898318
405.61 0.0435510410572
405.62 0.0435503419314
405.63 0.0435192084027
405.64 0.0434571625088
405.65 0.0433638332522
405.66 0.0432389569976
405.67 0.043082377393
405.68 0.0428940448204
405.69 0.0426740153835
405.7 0.0424224494449
405.71 0.0421396097239
405.72 0.0418258589707
405.73 0.0414816572348
405.74 0.0411075587468
405.75 0.0407042084346
405.76 0.0402723380977
405.77 0.0398127622643
405.78 0.0393263737561
405.79 0.0388141389909
405.8 0.0382770930483
405.81 0.0377163345304
405.82 0.0371330202463
405.83 0.0365283597508
405.84 0.0359036097696
405.85 0.0352600685394
405.86 0.0345990700964
405.87 0.0339219785414
405.88 0.0332301823132
405.89 0.0325250884978
405.9 0.031808117204
405.91 0.0310806960303
405.92 0.0303442546512
405.93 0.0296002195471
405.94 0.0288500089009
405.95 0.0280950276832
405.96 0.0273366629466
405.97 0.026576279347
405.98 0.0258152149089
405.99 0.0250547770482
406.0 0.0242962388663
406.01 0.0235408357259
406.02 0.0227897621158
406.03 0.0220441688136
406.04 0.0213051603486
406.05 0.0205737927694
406.06 0.0198510717158
406.07 0.0191379507943
406.08 0.0184353302547
406.09 0.0177440559623
406.1 0.0170649186605
406.11 0.016398653515
406.12 0.0157459399317
406.13 0.0151074016364
406.14 0.0144836070055
406.15 0.0138750696353
406.16 0.0132822491348
406.17 0.0127055521289
406.18 0.0121453334561
406.19 0.0116018975447
406.2 0.011075499952
406.21 0.0105663490491
406.22 0.0100746078351
406.23 0.00960039586393
406.24 0.00914379126608
406.25 0.00870483285012
406.26 0.00828352226605
406.27 0.00787982621539
406.28 0.00749367869194
406.29 0.00712498323822
406.3 0.00677361520303
406.31 0.00643942398618
406.32 0.0061222352573
406.33 0.00582185313637
406.34 0.0055380623243
406.35 0.0052706301729
406.36 0.00501930868454
406.37 0.00478383643237
406.38 0.00456394039332
406.39 0.0043593376868
406.4 0.00416973721296
406.41 0.0039948411855
406.42 0.00383434655467
406.43 0.00368794631735
406.44 0.00355533071178
406.45 0.00343618829542
406.46 0.00333020690537
406.47 0.00323707450166
406.48 0.00315647989416
406.49 0.00308811335523
406.5 0.00303166712028
406.51 0.00298683577966
406.52 0.00295331656554
406.53 0.00293080953829
406.54 0.00291901767721
406.55 0.00291764688122
406.56 0.00292640588523
406.57 0.00294500609862
406.58 0.00297316137254
406.59 0.00301058770279
406.6 0.00305700287577
406.61 0.00311212606468
406.62 0.00317567738377
406.63 0.00324737740818
406.64 0.00332694666715
406.65 0.00341410511846
406.66 0.00350857161165
406.67 0.00361006334793
406.68 0.00371829534395
406.69 0.00383297990714
406.7 0.00395382612954
406.71 0.00408053940706
406.72 0.0042128209908
406.73 0.00435036757673
406.74 0.00449287093946
406.75 0.00464001761589
406.76 0.00479148864356
406.77 0.00494695935848
406.78 0.00510609925641
406.79 0.00526857192147
406.8 0.00543403502483
406.81 0.00560214039628
406.82 0.00577253417057
406.83 0.00594485700977
406.84 0.00611874440265
406.85 0.00629382704117
406.86 0.00646973127365
406.87 0.00664607963366
406.88 0.00682249144305
406.89 0.00699858348692
406.9 0.00717397075776
406.91 0.0073482672655
406.92 0.00752108690953
406.93 0.00769204440844
406.94 0.00786075628258
406.95 0.00802684188405
406.96 0.00818992446862
406.97 0.00834963230312
406.98 0.00850559980219
406.99 0.00865746868733
407.0 0.00880488916143
407.01 0.00894752109141
407.02 0.00908503519158
407.03 0.00921711420027
407.04 0.00934345404203
407.05 0.00946376496798
407.06 0.00957777266652
407.07 0.00968521933723
407.08 0.0097858647204
407.09 0.00987948707529
407.1 0.00996588410014
407.11 0.0100448737875
407.12 0.0101162952085
407.13 0.0101800092206
407.14 0.010235899093
407.15 0.0102838710453
407.16 0.0103238546945
407.17 0.0103558034071
407.18 0.0103796945529
407.19 0.0103955296568
407.2 0.0104033344489
407.21 0.0104031588084
407.22 0.0103950766038
407.23 0.0103791854264
407.24 0.0103556062196
407.25 0.0103244828041
407.26 0.0102859813018
407.27 0.0102402894596
407.28 0.0101876158772
407.29 0.0101281891422
407.3 0.0100622568771
407.31 0.00999008470165
407.32 0.00991195511799
407.33 0.00982816632224
407.34 0.00973903095003
407.35 0.009644874762
407.36 0.00954603527622
407.37 0.00944286035488
407.38 0.00933570675257
407.39 0.00922493863379
407.4 0.00911092606767
407.41 0.00899404350759
407.42 0.00887466826377
407.43 0.00875317897684
407.44 0.00862995410015
407.45 0.00850537039877
407.46 0.00837980147279
407.47 0.00825361631241
407.48 0.00812717789205
407.49 0.00800084181047
407.5 0.00787495498352
407.51 0.00774985439592
407.52 0.00762586591783
407.53 0.00750330319184
407.54 0.00738246659542
407.55 0.00726364228336
407.56 0.00714710131432
407.57 0.00703309886518
407.58 0.00692187353606
407.59 0.00681364674873
407.6 0.00670862224033
407.61 0.0066069856538
407.62 0.00650890422599
407.63 0.00641452657373
407.64 0.00632398257777
407.65 0.00623738336365
407.66 0.00615482137853
407.67 0.00607637056198
407.68 0.00600208660851
407.69 0.00593200731923
407.7 0.00586615303927
407.71 0.00580452717737
407.72 0.00574711680365
407.73 0.00569389332112
407.74 0.00564481320596
407.75 0.00559981881171
407.76 0.00555883923175
407.77 0.00552179121447
407.78 0.00548858012512
407.79 0.00545910094834
407.8 0.00543323932494
407.81 0.00541087261655
407.82 0.00539187099166
407.83 0.00537609852632
407.84 0.00536341431308
407.85 0.00535367357131
407.86 0.0053467287525
407.87 0.00534243063403
407.88 0.00534062939487
407.89 0.00534117566718
407.9 0.00534392155752
407.91 0.005348721632
407.92 0.00535543385959
407.93 0.00536392050834
407.94 0.00537404898945
407.95 0.00538569264435
407.96 0.00539873147056
407.97 0.00541305278219
407.98 0.00542855180164
407.99 0.00544513217911
408.0 0.0054627064373
408.01 0.00548119633898
408.02 0.00550053317563
408.03 0.00552065797562
408.04 0.00554152163137
408.05 0.0055630849448
408.06 0.00558531859146
408.07 0.00560820300375
408.08 0.00563172817454
408.09 0.00565589338269
408.1 0.00568070684261
408.11 0.0057061852805
408.12 0.00573235344021
408.13 0.00575924352233
408.14 0.00578689456038
408.15 0.00581535173845
408.16 0.00584466565501
408.17 0.00587489153803
408.18 0.00590608841668
408.19 0.00593831825554
408.2 0.0059716450571
408.21 0.00600613393885
408.22 0.00604185019136
408.23 0.0060788583239
408.24 0.00611722110424
408.25 0.00615699859938
408.26 0.00619824722396
408.27 0.00624101880318
408.28 0.00628535965677
408.29 0.00633130971075
408.3 0.0063789016433
408.31 0.00642816007106
408.32 0.00647910078185
408.33 0.00653173001959
408.34 0.00658604382676
408.35 0.0066420274496
408.36 0.00669965481063
408.37 0.00675888805284
408.38 0.00681967715929
408.39 0.00688195965155
408.4 0.00694566036971
408.41 0.00701069133631
408.42 0.0070769517059
408.43 0.00714432780147
408.44 0.00721269323833
408.45 0.00728190913543
408.46 0.00735182441366
408.47 0.00742227617983
408.48 0.00749309019485
408.49 0.00756408142354
408.5 0.00763505466343
408.51 0.00770580524909
408.52 0.00777611982808
408.53 0.00784577720411
408.54 0.0079145492426
408.55 0.00798220183324
408.56 0.00804849590405
408.57 0.00811318848061
408.58 0.00817603378439
408.59 0.00823678436329
408.6 0.00829519224773
408.61 0.00835101012503
408.62 0.00840399252512
408.63 0.00845389701015
408.64 0.00850048536079
408.65 0.00854352475194
408.66 0.00858278891067
408.67 0.00861805924922
408.68 0.0086491259663
408.69 0.00867578910992
408.7 0.00869785959523
408.71 0.00871516017152
408.72 0.00872752633232
408.73 0.00873480716338
408.74 0.00873686612364
408.75 0.00873358175444
408.76 0.0087248483133
408.77 0.0087105763285
408.78 0.00869069307157
408.79 0.00866514294539
408.8 0.00863388778582
408.81 0.00859690707578
408.82 0.00855419807096
408.83 0.00850577583702
408.84 0.00845167319871
408.85 0.00839194060196
408.86 0.00832664589035
408.87 0.00825587399814
408.88 0.00817972656235
408.89 0.00809832145702
408.9 0.00801179225298
408.91 0.00792028760737
408.92 0.0078239705869
408.93 0.00772301792979
408.94 0.00761761925118
408.95 0.00750797619755
408.96 0.00739430155529
408.97 0.00727681831953
408.98 0.00715575872872
408.99 0.00703136327125
409.0 0.00690387966982
409.01 0.00677356184986
409.02 0.00664066889791
409.03 0.00650546401587
409.04 0.00636821347711
409.05 0.00622918559004
409.06 0.00608864967477
409.07 0.00594687505806
409.08 0.00580413009184
409.09 0.00566068119988
409.1 0.00551679195732
409.11 0.00537272220717
409.12 0.00522872721758
409.13 0.00508505688349
409.14 0.00494195497569
409.15 0.00479965844008
409.16 0.00465839674937
409.17 0.00451839130937
409.18 0.00437985492117
409.19 0.00424299130058
409.2 0.00410799465551
409.21 0.00397504932158
409.22 0.00384432945612
409.23 0.00371599879016
409.24 0.00359021043759
409.25 0.00346710676062
409.26 0.00334681929005
409.27 0.0032294686988
409.28 0.00311516482674
409.29 0.00300400675462
409.3 0.00289608292479
409.31 0.00279147130605
409.32 0.00269023959982
409.33 0.00259244548481
409.34 0.00249813689705
409.35 0.00240735234213
409.36 0.0023201212364
409.37 0.00223646427396
409.38 0.00215639381588
409.39 0.0020799142986
409.4 0.00200702265795
409.41 0.00193770876575
409.42 0.0018719558755
409.43 0.00180974107436
409.44 0.00175103573799
409.45 0.00169580598572
409.46 0.00164401313284
409.47 0.0015956141377
409.48 0.00155056204089
409.49 0.00150880639414
409.5 0.001470293677
409.51 0.00143496769895
409.52 0.00140276998548
409.53 0.0013736401463
409.54 0.00134751622431
409.55 0.00132433502427
409.56 0.0013040324199
409.57 0.00128654363884
409.58 0.00127180352475
409.59 0.00125974677613
409.6 0.00125030816173
409.61 0.00124342271246
409.62 0.00123902588997
409.63 0.00123705373234
409.64 0.00123744297727
409.65 0.00124013116354
409.66 0.00124505671155
409.67 0.00125215898394
409.68 0.00126137832741
409.69 0.00127265609697
409.7 0.00128593466398
409.71 0.0013011574095
409.72 0.0013182687044
409.73 0.00133721387793
409.74 0.00135793917644
409.75 0.00138039171391
409.76 0.00140451941615
409.77 0.00143027096041
409.78 0.00145759571227
409.79 0.00148644366146
409.8 0.00151676535859
409.81 0.00154851185431
409.82 0.00158163464278
409.83 0.00161608561098
409.84 0.0016518169954
409.85 0.00168878134772
409.86 0.00172693151063
409.87 0.00176622060528
409.88 0.00180660203133
409.89 0.00184802948072
409.9 0.00189045696599
409.91 0.00193383886388
409.92 0.00197812997471
409.93 0.00202328559813
409.94 0.00206926162523
409.95 0.00211601464732
409.96 0.00216350208109
409.97 0.00221168230994
409.98 0.00226051484104
409.99 0.00230996047746
410.0 0.00235998150452
410.01 0.00241054188948
410.02 0.00246160749327
410.03 0.00251314629315
410.04 0.00256512861463
410.05 0.00261752737118
410.06 0.00267031831
410.07 0.00272348026181
410.08 0.00277699539294
410.09 0.00283084945742
410.1 0.00288503204697
410.11 0.00293953683674
410.12 0.00299436182435
410.13 0.00304950956004
410.14 0.00310498736539
410.15 0.0031608075385
410.16 0.00321698754298
410.17 0.00327355017858
410.18 0.00333052373122
410.19 0.00338794209997
410.2 0.00344584489911
410.21 0.00350427753294
410.22 0.00356329124162
410.23 0.00362294311609
410.24 0.00368329608037
410.25 0.00374441883993
410.26 0.00380638579447
410.27 0.00386927691422
410.28 0.00393317757862
410.29 0.0039981783767
410.3 0.0040643748686
410.31 0.00413186730785
410.32 0.00420076032438
410.33 0.00427116256835
410.34 0.00434318631525
410.35 0.00441694703272
410.36 0.00449256291024
410.37 0.00457015435248
410.38 0.00464984343787
410.39 0.00473175334392
410.4 0.00481600774112
410.41 0.0049027301574
410.42 0.00499204331555
410.43 0.00508406844601
410.44 0.00517892457773
410.45 0.00527672781006
410.46 0.00537759056858
410.47 0.00548162084838
410.48 0.00558892144789
410.49 0.00569958919703
410.5 0.00581371418332
410.51 0.00593137897954
410.52 0.00605265787712
410.53 0.00617761612896
410.54 0.00630630920579
410.55 0.00643878207013
410.56 0.00657506847186
410.57 0.0067151902695
410.58 0.00685915678122
410.59 0.0070069641696
410.6 0.007158594864
410.61 0.0073140170245
410.62 0.00747318405101
410.63 0.00763603414136
410.64 0.00780248990154
410.65 0.00797245801172
410.66 0.00814582895087
410.67 0.00832247678302
410.68 0.00850225900784
410.69 0.00868501647783
410.7 0.00887057338435
410.71 0.00905873731441
410.72 0.00924929937959
410.73 0.0094420344185
410.74 0.00963670127364
410.75 0.00983304314317
410.76 0.0100307880078
410.77 0.0102296491328
410.78 0.0104293256442
410.79 0.0106295031787
410.8 0.0108298546057
410.81 0.0110300408199
410.82 0.0112297116021
410.83 0.0114285065459
410.84 0.0116260560479
410.85 0.0118219823567
410.86 0.0120159006794
410.87 0.0122074203385
410.88 0.0123961459785
410.89 0.0125816788139
410.9 0.0127636179168
410.91 0.0129415615364
410.92 0.013115108446
410.93 0.0132838593123
410.94 0.0134474180792
410.95 0.0136053933617
410.96 0.0137573998425
410.97 0.0139030596656
410.98 0.0140420038195
410.99 0.0141738735041
411.0 0.0142983214745
411.01 0.0144150133553
411.02 0.0145236289182
411.03 0.0146238633182
411.04 0.0147154282797
411.05 0.0147980532285
411.06 0.0148714863638
411.07 0.014935495663
411.08 0.0149898698155
411.09 0.0150344190807
411.1 0.0150689760649
411.11 0.0150933964129
411.12 0.0151075594115
411.13 0.0151113685013
411.14 0.0151047516931
411.15 0.0150876618882
411.16 0.0150600770999
411.17 0.0150220005753
411.18 0.0149734608158
411.19 0.0149145114987
411.2 0.014845231297
411.21 0.0147657236009
411.22 0.0146761161414
411.23 0.0145765605188
411.24 0.014467231637
411.25 0.0143483270495
411.26 0.0142200662173
411.27 0.0140826896858
411.28 0.0139364581831
411.29 0.0137816516449
411.3 0.0136185681725
411.31 0.0134475229274
411.32 0.0132688469699
411.33 0.0130828860474
411.34 0.0128899993378
411.35 0.0126905581563
411.36 0.0124849446303
411.37 0.0122735503499
411.38 0.0120567750016
411.39 0.0118350249898
411.4 0.0116087120553
411.41 0.011378251895
411.42 0.0111440627911
411.43 0.0109065642555
411.44 0.0106661756946
411.45 0.0104233151022
411.46 0.0101783977841
411.47 0.00993183512178
411.48 0.0096840333777
411.49 0.00943539254938
411.5 0.00918630527461
411.51 0.00893715579256
411.52 0.00868831896405
411.53 0.00844015935401
411.54 0.00819303037879
411.55 0.00794727352043
411.56 0.0077032176099
411.57 0.00746117818026
411.58 0.0072214568911
411.59 0.00698434102445
411.6 0.00675010305237
411.61 0.00651900027596
411.62 0.00629127453512
411.63 0.0060671519879
411.64 0.00584684295837
411.65 0.00563054185093
411.66 0.00541842712946
411.67 0.00521066135883
411.68 0.00500739130629
411.69 0.00480874810013
411.7 0.00461484744259
411.71 0.00442578987395
411.72 0.0042416610846
411.73 0.00406253227176
411.74 0.00388846053733
411.75 0.00371948932341
411.76 0.00355564888202
411.77 0.00339695677534
411.78 0.00324341840295
411.79 0.00309502755259
411.8 0.00295176697092
411.81 0.00281360895084
411.82 0.00268051593204
411.83 0.00255244111164
411.84 0.00242932906165
411.85 0.00231111635032
411.86 0.00219773216451
411.87 0.00208909893044
411.88 0.00198513293004
411.89 0.00188574491076
411.9 0.00179084068633
411.91 0.00170032172664
411.92 0.00161408573461
411.93 0.0015320272084
411.94 0.0014540379874
411.95 0.00138000778056
411.96 0.00130982467567
411.97 0.0012433756288
411.98 0.00118054693255
411.99 0.00112122466263
412.0 0.00106529510196
412.01 0.0010126451417
412.02 0.000963162658935
412.03 0.000916736870622
412.04 0.000873258663623
412.05 0.00083262090077
412.06 0.000794718702938
412.07 0.000759449707228
412.08 0.000726714301421
412.09 0.00069641583495
412.1 0.000668460806677
412.11 0.000642759029831
412.12 0.000619223774514
412.13 0.000597771888214
412.14 0.000578323894803
412.15 0.000560804072544
412.16 0.000545140511627
412.17 0.000531265151812
412.18 0.000519113800755
412.19 0.000508626133608
412.2 0.000499745674512
412.21 0.000492419760595
412.22 0.00048659948912
412.23 0.000482239648414
412.24 0.000479298633232
412.25 0.00047773834522
412.26 0.000477524079131
412.27 0.000478624395491
412.28 0.00048101098038
412.29 0.000484658493051
412.3 0.000489544402073
412.31 0.000495648810745
412.32 0.000502954272513
412.33 0.000511445597144
412.34 0.000521109648441
412.35 0.000531935134294
412.36 0.000543912389886
412.37 0.000557033154883
412.38 0.000571290345495
412.39 0.00058667782227
412.4 0.000603190154552
412.41 0.000620822382529
412.42 0.000639569777832
412.43 0.000659427603669
412.44 0.000680390875504
412.45 0.00070245412329
412.46 0.000725611156311
412.47 0.000749854831692
412.48 0.000775176827632
412.49 0.000801567422446
412.5 0.000829015280504
412.51 0.000857507246132
412.52 0.000887028146571
412.53 0.000917560605033
412.54 0.000949084864936
412.55 0.000981578626318
412.56 0.00101501689544
412.57 0.00104937184852
412.58 0.00108461271062
412.59 0.00112070565031
412.6 0.00115761369129
412.61 0.0011952966414
412.62 0.00123371103985
412.63 0.00127281012326
412.64 0.00131254381111
412.65 0.00135285871082
412.66 0.00139369814306
412.67 0.0014350021874
412.68 0.00147670774842
412.69 0.00151874864236
412.7 0.00156105570426
412.71 0.00160355691531
412.72 0.0016461775501
412.73 0.00168884034347
412.74 0.00173146567619
412.75 0.00177397177898
412.76 0.00181627495397
412.77 0.00185828981278
412.78 0.00189992953005
412.79 0.00194110611149
412.8 0.00198173067504
412.81 0.00202171374387
412.82 0.00206096554988
412.83 0.002099396346
412.84 0.00213691672584
412.85 0.00217343794908
412.86 0.00220887227072
412.87 0.00224313327257
412.88 0.00227613619514
412.89 0.00230779826811
412.9 0.00233803903756
412.91 0.00236678068813
412.92 0.00239394835826
412.93 0.00241947044679
412.94 0.00244327890903
412.95 0.00246530954079
412.96 0.00248550224846
412.97 0.00250380130388
412.98 0.00252015558216
412.99 0.00253451878139
413.0 0.00254684962269
413.01 0.00255711202951
413.02 0.00256527528526
413.03 0.00257131416807
413.04 0.00257520906212
413.05 0.0025769460448
413.06 0.00257651694926
413.07 0.00257391940185
413.08 0.00256915683447
413.09 0.00256223847164
413.1 0.00255317929243
413.11 0.00254199996756
413.12 0.00252872677203
413.13 0.00251339147389
413.14 0.00249603119977
413.15 0.0024766882782
413.16 0.00245541006137
413.17 0.00243224872683
413.18 0.00240726105991
413.19 0.00238050821853
413.2 0.00235205548156
413.21 0.00232197198232
413.22 0.00229033042877
413.23 0.00225720681199
413.24 0.00222268010454
413.25 0.00218683195063
413.26 0.00214974634947
413.27 0.00211150933389
413.28 0.00207220864568
413.29 0.00203193340955
413.3 0.0019907738073
413.31 0.0019488207539
413.32 0.00190616557709
413.33 0.00186289970202
413.34 0.00181911434244
413.35 0.00177490019985
413.36 0.0017303471719
413.37 0.00168554407133
413.38 0.00164057835657
413.39 0.00159553587495
413.4 0.00155050061962
413.41 0.00150555450079
413.42 0.00146077713222
413.43 0.00141624563333
413.44 0.00137203444756
413.45 0.00132821517731
413.46 0.00128485643564
413.47 0.00124202371496
413.48 0.00119977927269
413.49 0.00115818203384
413.5 0.00111728751029
413.51 0.0010771477366
413.52 0.00103781122184
413.53 0.000999322917201
413.54 0.000961724198662
413.55 0.000925052864304
413.56 0.00088934314551
413.57 0.000854625731404
413.58 0.000820927805768
413.59 0.000788273095647
413.6 0.000756681930833
413.61 0.000726171313377
413.62 0.000696754996273
413.63 0.000668443570456
413.64 0.000641244559228
413.65 0.000615162519262
413.66 0.000590199147313
413.67 0.000566353391824
413.68 0.00054362156858
413.69 0.00052199747965
413.7 0.000501472534837
413.71 0.000482035874938
413.72 0.00046367449611
413.73 0.000446373374717
413.74 0.000430115592059
413.75 0.000414882458432
413.76 0.000400653636014
413.77 0.000387407260136
413.78 0.000375120058521
413.79 0.000363767468138
413.8 0.000353323749369
413.81 0.000343762097219
413.82 0.000335054749357
413.83 0.000327173090819
413.84 0.000320087755235
413.85 0.000313768722489
413.86 0.000308185412765
413.87 0.000303306776943
413.88 0.000299101383368
413.89 0.000295537501012
413.9 0.000292583179106
413.91 0.000290206323305
413.92 0.0002883747685
413.93 0.000287056348383
413.94 0.000286218961877
413.95 0.000285830636593
413.96 0.000285859589414
413.97 0.000286274284372
413.98 0.000287043487946
413.99 0.000288136321916
414.0 0.000289522313906
414.01 0.000291171445734
414.02 0.000293054199695
414.03 0.00029514160286
414.04 0.000297405269508
414.05 0.000299817441748
414.06 0.000302351028403
414.07 0.000304979642215
414.08 0.000307677635398
414.09 0.000310420133558
414.1 0.000313183068005
414.11 0.00031594320643
414.12 0.000318678181945
414.13 0.00032136652044
414.14 0.000323987666233
414.15 0.000326522005943
414.16 0.000328950890531
414.17 0.000331256655453
414.18 0.000333422638825
414.19 0.00033543319755
414.2 0.000337273721306
414.21 0.000338930644322
414.22 0.000340391454863
414.23 0.000341644702339
414.24 0.000342680001973
414.25 0.000343488036949
414.26 0.000344060557989
414.27 0.000344390380302
414.28 0.000344471377859
414.29 0.00034429847497
414.3 0.000343867635137
414.31 0.000343175847179
414.32 0.000342221108644
414.33 0.000341002406508
414.34 0.000339519695226
414.35 0.000337773872166
414.36 0.000335766750502
414.37 0.000333501029643
414.38 0.000330980263302
414.39 0.00032820882531
414.4 0.000325191873302
414.41 0.000321935310415
414.42 0.000318445745149
414.43 0.000314730449556
414.44 0.00031079731592
414.45 0.000306654812131
414.46 0.000302311935915
414.47 0.000297778168151
414.48 0.000293063425444
414.49 0.00028817801219
414.5 0.000283132572324
414.51 0.000277938040966
414.52 0.000272605596179
414.53 0.000267146611043
414.54 0.000261572606255
414.55 0.000255895203443
414.56 0.000250126079407
414.57 0.000244276921459
414.58 0.000238359384046
414.59 0.000232385046826
414.6 0.000226365374356
414.61 0.000220311677539
414.62 0.000214235076962
414.63 0.000208146468255
414.64 0.000202056489576
414.65 0.000195975491311
414.66 0.00018991350809
414.67 0.000183880233164
414.68 0.00017788499521
414.69 0.000171936737602
414.7 0.000166044000172
414.71 0.000160214903465
414.72 0.000154457135507
414.73 0.000148777941047
414.74 0.000143184113266
414.75 0.000137681987911
414.76 0.000132277439797
414.77 0.000126975881636
414.78 0.000121782265113
414.79 0.000116701084145
414.8 0.00011173638023
414.81 0.000106891749822
414.82 0.000102170353616
414.83 9.75749276637e-05
414.84 9.3107796225e-05
414.85 8.87708862487e-05
414.86 8.45657433911e-05
414.87 8.04935494733e-05
414.88 7.65551412836e-05
414.89 7.27510306318e-05
414.9 6.90814255692e-05
414.91 6.55462526902e-05
414.92 6.21451804388e-05
414.93 5.88776433496e-05
414.94 5.57428671615e-05
414.95 5.27398947466e-05
414.96 4.98676128111e-05
414.97 4.71247793294e-05
414.98 4.45100516852e-05
414.99 4.20220155028e-05
415.0 3.96592141614e-05
415.01 3.7420178998e-05
415.02 3.53034602133e-05
415.03 3.33076585067e-05
415.04 3.14314574778e-05
415.05 2.96736568422e-05
415.06 2.80332065197e-05
415.07 2.65092416631e-05
415.08 2.51011187075e-05
415.09 2.38084525251e-05
415.1 2.26311547849e-05
415.11 2.15694736192e-05
415.12 2.06240347095e-05
415.13 1.97958839089e-05
415.14 1.90865315247e-05
415.15 1.84979983868e-05
415.16 1.80328638328e-05
415.17 1.76943157396e-05
415.18 1.74862027338e-05
415.19 1.74130887089e-05
415.2 1.74803097766e-05
415.21 1.76940337713e-05
415.22 1.80613224232e-05
415.23 1.85901963027e-05
415.24 1.92897026305e-05
415.25 2.01699860321e-05
415.26 2.12423623006e-05
415.27 2.25193952123e-05
415.28 2.40149764202e-05
415.29 2.57444084247e-05
415.3 2.77244905976e-05
415.31 2.99736082024e-05
415.32 3.25118243268e-05
415.33 3.53609746046e-05
415.34 3.85447645704e-05
415.35 4.20888694474e-05
415.36 4.60210361277e-05
415.37 5.03711870593e-05
415.38 5.51715257039e-05
415.39 6.04566431818e-05
415.4 6.62636256656e-05
415.41 7.26321620314e-05
415.42 7.96046512176e-05
415.43 8.72263086857e-05
415.44 9.55452713174e-05
415.45 0.00010461270002
415.46 0.000114482879259
415.47 0.00012521331266
415.48 0.000136864813787
415.49 0.000149501591124
415.5 0.000163191326226
415.51 0.000178005243984
415.52 0.000194018173851
415.53 0.000211308600858
415.54 0.000229958705193
415.55 0.000250054389079
415.56 0.000271685289649
415.57 0.000294944776492
415.58 0.000319929932528
415.59 0.000346741516839
415.6 0.000375483908107
415.61 0.000406265027295
415.62 0.000439196238226
415.63 0.000474392224764
415.64 0.0005119708433
415.65 0.000552052949344
415.66 0.000594762197052
415.67 0.000640224810615
415.68 0.000688569326537
415.69 0.000739926305897
415.7 0.000794428015875
415.71 0.000852208079889
415.72 0.000913401095897
415.73 0.000978142222556
415.74 0.00104656673311
415.75 0.00111880953709
415.76 0.00119500467008
415.77 0.00127528475211
415.78 0.00135978041534
415.79 0.00144861970201
415.8 0.00154192743398
415.81 0.0016398245552
415.82 0.00174242744903
415.83 0.00184984723228
415.84 0.00196218902838
415.85 0.00207955122222
415.86 0.00220202469952
415.87 0.00232969207383
415.88 0.00246262690463
415.89 0.00260089291003
415.9 0.00274454317817
415.91 0.00289361938123
415.92 0.00304815099658
415.93 0.00320815453946
415.94 0.00337363281205
415.95 0.00354457417368
415.96 0.00372095183726
415.97 0.00390272319699
415.98 0.00408982919251
415.99 0.00428219371474
416.0 0.00447972305848
416.01 0.00468230542706
416.02 0.00488981049406
416.03 0.00510208902701
416.04 0.00531897257797
416.05 0.00554027324549
416.06 0.00576578351239
416.07 0.00599527616341
416.08 0.00622850428647
416.09 0.00646520136097
416.1 0.00670508143609
416.11 0.00694783940166
416.12 0.00719315135373
416.13 0.00744067505631
416.14 0.00769005050038
416.15 0.00794090056075
416.16 0.00819283175043
416.17 0.00844543507201
416.18 0.00869828696462
416.19 0.00895095034451
416.2 0.00920297573668
416.21 0.00945390249429
416.22 0.00970326010196
416.23 0.00995056955853
416.24 0.0101953448341
416.25 0.0104370943956
416.26 0.0106753227947
416.27 0.0109095323113
416.28 0.0111392246453
416.29 0.0113639026481
416.3 0.0115830720872
416.31 0.0117962434338
416.32 0.0120029336654
416.33 0.0122026680735
416.34 0.0123949820679
416.35 0.0125794229676
416.36 0.0127555517685
416.37 0.0129229448785
416.38 0.0130811958106
416.39 0.0132299168247
416.4 0.0133687405079
416.41 0.0134973212852
416.42 0.0136153368523
416.43 0.0137224895203
416.44 0.0138185074669
416.45 0.0139031458848
416.46 0.0139761880217
416.47 0.014037446105
416.48 0.0140867621461
416.49 0.0141240086193
416.5 0.0141490890111
416.51 0.0141619382371
416.52 0.0141625229234
416.53 0.0141508415508
416.54 0.0141269244617
416.55 0.0140908337284
416.56 0.0140426628852
416.57 0.0139825365239
416.58 0.0139106097573
416.59 0.0138270675525
416.6 0.013732123938
416.61 0.0136260210905
416.62 0.0135090283057
416.63 0.0133814408597
416.64 0.0132435787678
416.65 0.0130957854476
416.66 0.0129384262948
416.67 0.0127718871796
416.68 0.0125965728722
416.69 0.0124129054067
416.7 0.0122213223929
416.71 0.012022275284
416.72 0.0118162276123
416.73 0.0116036531994
416.74 0.0113850343535
416.75 0.0111608600613
416.76 0.0109316241843
416.77 0.0106978236695
416.78 0.0104599567825
416.79 0.0102185213724
416.8 0.00997401317525
416.81 0.00972692416668
416.82 0.00947774096768
416.83 0.009226943313
416.84 0.00897500258735
416.85 0.00872238043527
416.86 0.00846952745009
416.87 0.00821688194635
416.88 0.0079648688196
416.89 0.00771389849706
416.9 0.00746436598162
416.91 0.00721664999128
416.92 0.00697111219546
416.93 0.00672809654887
416.94 0.00648792872313
416.95 0.0062509156358
416.96 0.0060173450757
416.97 0.00578748542305
416.98 0.00556158546247
416.99 0.00533987428617
417.0 0.00512256128451
417.01 0.00490983622053
417.02 0.00470186938468
417.03 0.0044988118258
417.04 0.00430079565388
417.05 0.00410793441011
417.06 0.00392032349948
417.07 0.0037380406808
417.08 0.00356114660932
417.09 0.00338968542657
417.1 0.00322368539239
417.11 0.00306315955387
417.12 0.0029081064461
417.13 0.00275851081949
417.14 0.00261434438887
417.15 0.00247556659923
417.16 0.0023421254036
417.17 0.00221395804832
417.18 0.00209099186143
417.19 0.00197314504005
417.2 0.00186032743273
417.21 0.00175244131324
417.22 0.00164938214221
417.23 0.00155103931362
417.24 0.00145729688319
417.25 0.00136803427605
417.26 0.00128312697138
417.27 0.00120244716199
417.28 0.00112586438702
417.29 0.00105324613621
417.3 0.000984458424583
417.31 0.00091936633647
417.32 0.000857834538119
417.33 0.000799727758396
417.34 0.000744911237244
417.35 0.000693251141829
417.36 0.000644614950461
417.37 0.000598871804574
417.38 0.000555892829218
417.39 0.000515551422672
417.4 0.000477723515901
417.41 0.000442287802736
417.42 0.000409125941749
417.43 0.000378122730882
417.44 0.000349166255979
417.45 0.000322148014438
417.46 0.000296963015254
417.47 0.000273509856743
417.48 0.000251690783315
417.49 0.000231411722611
417.5 0.000212582304416
417.51 0.000195115862656
417.52 0.00017892942188
417.53 0.000163943669518
417.54 0.000150082915242
417.55 0.000137275038697
417.56 0.000125451426836
417.57 0.000114546902042
417.58 0.000104499642194
417.59 9.52510937543e-05
417.6 8.674587892e-05
417.61 7.8931697825e-05
417.62 7.17592267062e-05
417.63 6.51820129049e-05
417.64 5.91563675078e-05
417.65 5.3641256373e-05
417.66 4.8598190229e-05
417.67 4.39911144772e-05
417.68 3.97862992687e-05
417.69 3.59522303757e-05
417.7 3.24595013201e-05
417.71 2.92807071722e-05
417.72 2.63903403847e-05
417.73 2.37646889765e-05
417.74 2.13817373407e-05
417.75 1.9221069906e-05
417.76 1.72637778427e-05
417.77 1.54923689693e-05
417.78 1.38906809786e-05
417.79 1.24437980735e-05
417.8 1.11379710739e-05
417.81 9.96054102738e-06
417.82 8.89986633603e-06
417.83 7.94525338836e-06
417.84 7.08689066665e-06
417.85 6.31578628369e-06
417.86 5.62370888783e-06
417.87 5.00313186265e-06
417.88 4.44718073667e-06
417.89 3.94958370933e-06
417.9 3.50462519213e-06
417.91 3.10710225753e-06
417.92 2.75228388368e-06
417.93 2.43587287978e-06
417.94 2.15397037432e-06
417.95 1.90304274739e-06
417.96 1.67989088789e-06
417.97 1.48162165691e-06
417.98 1.30562143979e-06
417.99 1.14953167117e-06
418.0 1.01122621981e-06
418.01 8.88790522467e-07
418.02 7.805023599e-07
418.03 6.84814170898e-07
418.04 6.00336804582e-07
418.05 5.25824614861e-07
418.06 4.6016180515e-07
418.07 4.02349935639e-07
418.08 3.51496509648e-07
418.09 3.06804559864e-07
418.1 2.6756315951e-07
418.11 2.33138787689e-07
418.12 2.02967482268e-07
418.13 1.76547717714e-07
418.14 1.53433949192e-07
418.15 1.33230768058e-07
418.16 1.15587617535e-07
418.17 1.00194020845e-07
418.18 8.67752774938e-08
418.19 7.50885865527e-08
418.2 6.49195588634e-08
418.21 5.60790829776e-08
418.22 4.84005123586e-08
418.23 4.17371439546e-08
418.24 3.59599606643e-08
418.25 3.09556124775e-08
418.26 2.66246131931e-08
418.27 2.28797315874e-08
418.28 1.96445577428e-08
418.29 1.6852226954e-08
418.3 1.44442852042e-08
418.31 1.23696816693e-08
418.32 1.05838750508e-08
418.33 9.04804178151e-09
418.34 7.72837528837e-09
418.35 6.59546654067e-09
418.36 5.62375707154e-09
418.37 4.79105653467e-09
418.38 4.07811765723e-09
418.39 3.46826217672e-09
418.4 2.94705201088e-09
418.41 2.50200050992e-09
418.42 2.12231918379e-09
418.43 1.79869578954e-09
418.44 1.5231001079e-09
418.45 1.28861413905e-09
418.46 1.08928380832e-09
418.47 9.19989596951e-10
418.48 7.76333804386e-10
418.49 6.54542409258e-10
418.5 5.51379730245e-10
418.51 4.64074296477e-10
418.52 3.90254523606e-10
418.53 3.2789295771e-10
418.54 2.75257996923e-10
418.55 2.30872132043e-10
418.56 1.93475863873e-10
418.57 1.6199655832e-10
418.58 1.35521591702e-10
418.59 1.13275219454e-10
418.6 9.45986727533e-11
418.61 7.89330503979e-11
418.62 6.58046286351e-11
418.63 5.48122602371e-11
418.64 4.56165768531e-11
418.65 3.79307461025e-11
418.66 3.15125676766e-11
418.67 2.61577213974e-11
418.68 2.16940052453e-11
418.69 1.79764232265e-11
418.7 1.48830020061e-11
418.71 1.23112318102e-11
418.72 1.01750415133e-11
418.73 8.40223034213e-12
418.74 6.93228947229e-12
418.75 5.71455619547e-12
418.76 4.7066514599e-12
418.77 3.87315861162e-12
418.78 3.18450722382e-12
418.79 2.61603112557e-12
418.8 2.14717423875e-12
418.81 1.7608216991e-12
418.82 1.44273705927e-12
418.83 1.18108922128e-12
418.84 9.660551881e-13
418.85 7.89486813872e-13
418.86 6.44631519707e-13
418.87 5.25898467683e-13
418.88 4.28662987606e-13
418.89 3.49103160094e-13
418.9 2.84063403463e-13
418.91 2.30940714312e-13
418.92 1.87589893087e-13
418.93 1.52244663805e-13
418.94 1.23452086825e-13
418.95 1.00018077902e-13
418.96 8.09621971193e-14
418.97 6.54801670958e-14
418.98 5.29128294021e-14
418.99 4.27204583664e-14
419.0 3.4461528403e-14
419.01 2.77751797744e-14
419.02 2.23667526375e-14
419.03 1.79958640413e-14
419.04 1.44665903783e-14
419.05 1.16193913216e-14
419.06 9.32447275733e-15
419.07 7.47633758392e-15
419.08 5.9893160964e-15
419.09 4.79390339479e-15
419.1 3.83376099237e-15
419.11 3.06326453533e-15
419.12 2.44550009569e-15
419.13 1.95062855663e-15
419.14 1.55455175036e-15
419.15 1.23782572127e-15
419.16 9.8477617735e-16
419.17 7.82779201323e-16
419.18 6.21676905311e-16
419.19 4.93303166057e-16
419.2 3.91099070743e-16
419.21 3.09801401293e-16
419.22 2.4519052531e-16
419.23 1.9388655891e-16
419.24 1.53184715439e-16
419.25 1.20922433332e-16
419.26 9.5372251251e-17
419.27 7.51555232876e-17
419.28 5.91729858681e-17
419.29 4.6548938107e-17
419.3 3.65864089486e-17
419.31 2.87311826642e-17
419.32 2.25429596968e-17
419.33 1.76722594312e-17
419.34 1.38419391189e-17
419.35 1.08324203302e-17
419.36 8.46989028914e-18
419.37 6.61688792553e-18
419.38 5.16479971972e-18
419.39 4.02788352967e-18
419.4 3.13851374788e-18
419.41 2.4434017424e-18
419.42 1.90059435759e-18
419.43 1.47709253911e-18
419.44 1.14696373343e-18
419.45 8.89847080249e-19
419.46 6.89770769354e-19
419.47 5.34217247172e-19
419.48 4.13385021544e-19
419.49 3.19606262451e-19
419.5 2.46887747187e-19
419.51 1.90549364964e-19
419.52 1.46939712978e-19
419.53 1.13212552234e-19
419.54 8.71512634536e-20
419.55 6.70311247203e-20
419.56 5.1511362576e-20
419.57 3.95506187242e-20
419.58 3.03408147191e-20
419.59 2.32554585517e-20
419.6 1.78092769996e-20
419.61 1.36267215886e-20
419.62 1.0417420367e-20
419.63 7.95706138208e-21
419.64 6.07251980355e-21
419.65 4.63029737355e-21
419.66 3.52754481849e-21
419.67 2.68509656699e-21
419.68 2.04207171939e-21
419.69 1.55169294251e-21
419.7 1.17805154012e-21
419.71 8.93606893593e-22
419.72 6.77255346128e-22
419.73 5.12840229665e-22
419.74 3.88003320758e-22
419.75 2.93300302982e-22
419.76 2.21520178746e-22
419.77 1.67162088007e-22
419.78 1.26033499088e-22
419.79 9.49418987356e-23
419.8 7.14584422264e-23
419.81 5.37369345874e-23
419.82 4.03753170014e-23
419.83 3.03097751254e-23
419.84 2.27338607681e-23
419.85 1.70367750839e-23
419.86 1.27563168084e-23
419.87 9.54304376887e-24
419.88 7.13300038295e-24
419.89 5.3269827626e-24
419.9 3.97478871483e-24
419.91 2.96326517589e-24
419.92 2.20724579894e-24
419.93 1.6426861408e-24
419.94 1.22146829783e-24
419.95 9.07472595713e-25
419.96 6.73610038369e-25
419.97 4.99582589453e-25
419.98 3.70194320377e-25
419.99 2.74079100674e-25
420.0 2.02742969093e-25
420.01 1.49844013357e-25
420.02 1.10651346505e-25
420.03 8.16390086482e-26
420.04 6.01814232231e-26
420.05 4.43252198472e-26
420.06 3.26184301074e-26
420.07 2.39827469051e-26
420.08 1.7618077092e-26
420.09 1.29312884769e-26
420.1 9.48306673883e-27
420.11 6.94831543843e-27
420.12 5.08667462069e-27
420.13 3.72059246565e-27
420.14 2.71902974769e-27
420.15 1.9853611914e-27
420.16 1.44840098032e-27
420.17 1.05575173637e-27
420.18 7.68879906023e-28
420.19 5.59472739786e-28
420.2 4.06745786034e-28
420.21 2.9545470243e-28
420.22 2.14428478183e-28
420.23 1.55488306221e-28
420.24 1.12651431419e-28
420.25 8.15453890065e-29
420.26 5.8977426178e-29
420.27 4.2618281634e-29
420.28 3.07701608741e-29
420.29 2.21966437199e-29
420.3 1.59981059283e-29
420.31 1.15205586022e-29
420.32 8.28900152012e-30
420.33 5.95874243611e-30
420.34 4.27987140828e-30
420.35 3.0713586987e-30
420.36 2.20218637744e-30
420.37 1.57761605088e-30
420.38 1.12920364951e-30
420.39 8.07545390468e-31
420.4 5.77012636696e-31
420.41 4.11933791137e-31
420.42 2.93828031606e-31
420.43 2.09402925686e-31
420.44 1.49106294353e-31
420.45 1.06079856001e-31
420.46 7.54038600089e-32
420.47 5.35522778011e-32
420.48 3.80002129054e-32
420.49 2.69412551114e-32
420.5 1.90841724048e-32
420.51 1.35068025376e-32
420.52 9.55114597649e-33
420.53 6.74810959378e-33
420.54 4.76356926173e-33
420.55 3.35974683647e-33
420.56 2.36757821755e-33
420.57 1.6669625005e-33
420.58 1.17265709943e-33
420.59 8.24213942246e-34
420.6 5.78805419282e-34
420.61 4.06114908946e-34
420.62 2.84700998473e-34
420.63 1.99412675213e-34
420.64 1.39553342152e-34
420.65 9.75778930501e-35
420.66 6.81689089968e-35
420.67 4.75822487413e-35
420.68 3.31838899967e-35
420.69 2.31224228793e-35
420.7 1.60976728359e-35
420.71 1.11973838509e-35
420.72 7.78204518882e-36
420.73 5.40374246457e-36
420.74 3.74903288608e-36
420.75 2.59876835417e-36
420.76 1.79986363206e-36
420.77 1.24547595159e-36
420.78 8.61102407493e-37
420.79 5.94836997845e-37
420.8 4.10548864404e-37
420.81 2.83110156487e-37
420.82 1.95060690368e-37
420.83 1.34278900528e-37
420.84 9.23569343535e-38
420.85 6.34680205083e-38
420.86 4.35776805133e-38
420.87 2.98948914093e-38
420.88 2.04905474831e-38
420.89 1.40324614263e-38
420.9 9.60147298356e-39
420.91 6.56395483218e-39
420.92 4.48349836912e-39
420.93 3.05979380368e-39
420.94 2.0863685043e-39
420.95 1.42139108668e-39
420.96 9.67519818821e-40
420.97 6.58006016553e-40
420.98 4.47119459772e-40
420.99 3.03557516875e-40
421.0 2.05912221402e-40
421.01 1.39555503697e-40
421.02 9.45008088696e-41
421.03 6.39363435141e-41
421.04 4.32199020031e-41
421.05 2.91906302985e-41
421.06 1.9698215296e-41
421.07 1.32810985596e-41
421.08 8.94674031625e-42
421.09 6.02170362505e-42
421.1 4.04946485375e-42
421.11 2.72081869974e-42
421.12 1.82652359195e-42
421.13 1.22510886049e-42
421.14 8.21008754712e-43
421.15 5.4972388617e-43
421.16 3.67760550061e-43
421.17 2.45815568549e-43
421.18 1.64163779606e-43
421.19 1.09539060647e-43
421.2 7.3027157182e-44
421.21 4.86433514505e-44
421.22 3.23732496853e-44
421.23 2.1526469924e-44
421.24 1.43015480336e-44
421.25 9.49329537933e-45
421.26 6.29614398619e-45
421.27 4.17211260227e-45
421.28 2.76223805117e-45
421.29 1.82721603787e-45
421.3 1.20765367105e-45
421.31 7.97477843462e-46
421.32 5.2616088361e-46
421.33 3.46850402731e-46
421.34 2.28449157374e-46
421.35 1.5033518295e-46
421.36 9.88451609408e-47
421.37 6.49342618223e-47
421.38 4.26202620112e-47
421.39 2.79500143495e-47
421.4 1.83135132767e-47
421.41 1.1989056658e-47
421.42 7.84191390699e-48
421.43 5.1248698429e-48
421.44 3.34631887055e-48
421.45 2.18310948973e-48
421.46 1.42300827297e-48
421.47 9.26750960788e-49
421.48 6.03034803142e-49
421.49 3.92053578656e-49
421.5 2.54666711285e-49
421.51 1.65280892739e-49
421.52 1.07175824318e-49
421.53 6.94376041189e-50
421.54 4.49486171366e-50
421.55 2.90711127197e-50
421.56 1.87858429622e-50
421.57 1.21289563367e-50
421.58 7.82419904417e-51
421.59 5.04289656279e-51
421.6 3.24746098972e-51
421.61 2.08944785812e-51
421.62 1.34320668764e-51
421.63 8.62735890684e-52
421.64 5.53651649414e-52
421.65 3.54992390016e-52
421.66 2.27418191079e-52
421.67 1.45564365226e-52
421.68 9.30912053183e-53
421.69 5.94820528568e-53
421.7 3.79740533483e-53
421.71 2.42220935044e-53
421.72 1.54369006438e-53
421.73 9.8295187187e-54
421.74 6.25357138463e-54
421.75 3.97509655232e-54
421.76 2.52459062114e-54
421.77 1.60198320849e-54
421.78 1.01566074469e-54
421.79 6.43373379601e-55
421.8 4.0719385942e-55
421.81 2.57491599654e-55
421.82 1.62685416295e-55
421.83 1.0269703217e-55
421.84 6.47725322389e-56
421.85 4.08176099269e-56
421.86 2.56996955628e-56
421.87 1.61670990444e-56
421.88 1.01615493729e-56
421.89 6.38133400895e-57
421.9 4.00393238236e-57
421.91 2.5100692585e-57
421.92 1.57220215618e-57
421.93 9.83908659318e-58
421.94 6.15212131082e-58
421.95 3.84342765534e-58
421.96 2.39903311914e-58
421.97 1.49615810227e-58
421.98 9.32271583139e-59
421.99 5.80404962233e-59
422.0 3.61030173113e-59
422.01 2.24377649856e-59
422.02 1.39328320702e-59
422.03 8.64416250906e-60
422.04 5.35833862493e-60
422.05 3.31864731725e-60
422.06 2.05359954232e-60
422.07 1.26967956308e-60
422.08 7.84325277828e-61
422.09 4.84085425414e-61
422.1 2.98518681778e-61
422.11 1.83926681646e-61
422.12 1.13224827666e-61
422.13 6.96405694507e-62
422.14 4.2796344176e-62
422.15 2.62769371252e-62
422.16 1.61200552047e-62
422.17 9.88057047342e-63
422.18 6.05091744879e-63
422.19 3.70240691475e-63
422.2 2.26344935355e-63
422.21 1.3825508917e-63
422.22 8.43752717422e-64
422.23 5.14485281566e-64
422.24 3.13440013859e-64
422.25 1.90791768345e-64
422.26 1.16034875652e-64
422.27 7.05084490252e-65
422.28 4.28072663139e-65
422.29 2.59667466073e-65
422.3 1.57377012897e-65
422.31 9.52990932294e-66
422.32 5.76580501157e-66
422.33 3.48541781563e-66
422.34 2.10510350675e-66
422.35 1.27032772054e-66
422.36 7.65917174744e-67
422.37 4.61393586726e-67
422.38 2.77705839225e-67
422.39 1.67002196055e-67
422.4 1.00342072092e-67
422.41 6.02376000425e-68
422.42 3.61306661295e-68
422.43 2.16524970996e-68
422.44 1.29647373262e-68
422.45 7.75609585308e-69
422.46 4.63603093954e-69
422.47 2.7686827583e-69
422.48 1.65205225171e-69
422.49 9.84913464836e-70
422.5 5.8667297479e-70
422.51 3.49154628348e-70
422.52 2.07617155411e-70
422.53 1.23348076651e-70
422.54 7.32192439401e-71
422.55 4.34251983312e-71
422.56 2.57325066516e-71
422.57 1.52351273663e-71
422.58 9.01226176253e-72
422.59 5.32654030967e-72
422.6 3.14543236445e-72
422.61 1.85583429781e-72
422.62 1.09401116641e-72
422.63 6.44359187791e-73
422.64 3.7919098919e-73
422.65 2.22952170237e-73
422.66 1.3097521267e-73
422.67 7.68759034987e-74
422.68 4.50832344071e-74
422.69 2.64157905082e-74
422.7 1.54644995366e-74
422.71 9.04548464114e-75
422.72 5.28629656513e-75
422.73 3.08670353556e-75
422.74 1.8007856763e-75
422.75 1.04967015272e-75
422.76 6.11318278486e-76
422.77 3.55717824123e-76
422.78 2.06808119369e-76
422.79 1.20130492079e-76
422.8 6.97208445552e-77
422.81 4.04292546654e-77
422.82 2.34235406769e-77
422.83 1.35591686922e-77
422.84 7.84218886223e-78
422.85 4.53174268998e-78
422.86 2.61647687749e-78
422.87 1.50935803786e-78
422.88 8.69944116151e-79
422.89 5.00972804742e-79
422.9 2.88244254346e-79
422.91 1.65703194075e-79
422.92 9.51754224528e-80
422.93 5.46188383208e-80
422.94 3.13172642804e-80
422.95 1.79410926122e-80
422.96 1.02692250456e-80
422.97 5.8728670195e-81
422.98 3.35572509309e-81
422.99 1.91578291662e-81
423.0 1.09277293347e-81
423.01 6.22783754581e-82
423.02 3.54624171136e-82
423.03 2.01754441656e-82
423.04 1.14683671457e-82
423.05 6.5133405184e-83
423.06 3.69598067771e-83
423.07 2.09545970038e-83
423.08 1.18700526781e-83
423.09 6.71814993542e-84
423.1 3.79901012089e-84
423.11 2.14642106291e-84
423.12 1.21166651138e-84
423.13 6.83400041292e-85
423.14 3.85115154858e-85
423.15 2.16835272444e-85
423.16 1.219812174e-85
423.17 6.85614050776e-86
423.18 3.85026097726e-86
423.19 2.16035110137e-86
423.2 1.21110618511e-86
423.21 6.78365602069e-87
423.22 3.79637518915e-87
423.23 2.12274656795e-87
423.24 1.18590767795e-87
423.25 6.61953262223e-88
423.26 3.69170921191e-88
423.27 2.05708082627e-88
423.28 1.14524641162e-88
423.29 6.37045182273e-89
423.3 3.54050526162e-89
423.31 1.96600204447e-89
423.32 1.09075295598e-89
423.33 6.04633971707e-90
423.34 3.34874750555e-90
423.35 1.85308770305e-90
423.36 1.02455023586e-90
423.37 5.65971097574e-91
423.38 3.12376937031e-91
423.39 1.72261166265e-91
423.4 9.49116485246e-92
423.41 5.22486847868e-92
423.42 2.87378928605e-92
423.43 1.57927657041e-92
423.44 8.67131925193e-93
423.45 4.75702979967e-93
423.46 2.60741572615e-93
423.47 1.4279348782e-93
423.48 7.81322327661e-94
423.49 4.27145446783e-94
423.5 2.33316278107e-94
423.51 1.27332132055e-94
423.52 6.94312037125e-95
423.53 3.78264069628e-95
423.54 2.05901352467e-95
423.55 1.11981690759e-95
423.56 6.08497157789e-96
423.57 3.30364824831e-96
423.58 1.79206087728e-96
423.59 9.71259835956e-97
423.6 5.25946795746e-97
423.61 2.84558727263e-97
423.62 1.53824573061e-97
423.63 8.30812915976e-98
423.64 4.4833688825e-98
423.65 2.41729369552e-98
423.66 1.30220116051e-98
423.67 7.0089094497e-99
423.68 3.76917700508e-99
423.69 2.02519258738e-99
423.7 1.08720098654e-99
423.71 5.83145675078e-100
423.72 3.12512931471e-100
423.73 1.67333401342e-100
423.74 8.95201904894e-101
423.75 4.78501241457e-101
423.76 2.55545861822e-101
423.77 1.3635728607e-101
423.78 7.26961745096e-102
423.79 3.87229538714e-102
423.8 2.06086295463e-102
423.81 1.09585592185e-102
423.82 5.82212489507e-103
423.83 3.09053231414e-103
423.84 1.63911253916e-103
423.85 8.68576287814e-104
423.86 4.5986555138e-104
423.87 2.43263806982e-104
423.88 1.28572424289e-104
423.89 6.7895638852e-105
423.9 3.5822809033e-105
423.91 1.88843094836e-105
423.92 9.94640852851e-106
423.93 5.23425876963e-106
423.94 2.75212273609e-106
423.95 1.44578634784e-106
423.96 7.58864354137e-107
423.97 3.97967768318e-107
423.98 2.08523669361e-107
423.99 1.09165781936e-107
424.0 5.71006975599e-108
424.01 2.98414560728e-108
424.02 1.558196839e-108
424.03 8.12920995584e-109
424.04 4.23738645731e-109
424.05 2.2068434223e-109
424.06 1.1483352054e-109
424.07 5.9702092216e-110
424.08 3.10123113061e-110
424.09 1.60954243519e-110
424.1 8.34630863249e-111
424.11 4.32424370208e-111
424.12 2.23846132621e-111
424.13 1.15774454112e-111
424.14 5.98273271723e-112
424.15 3.08894497679e-112
424.16 1.59347207216e-112
424.17 8.21301191173e-113
424.18 4.22945259545e-113
424.19 2.17615378591e-113
424.2 1.11871308312e-113
424.21 5.74607861594e-114
424.22 2.94881904341e-114
424.23 1.5119881729e-114
424.24 7.74590877696e-115
424.25 3.96478895196e-115
424.26 2.02764295722e-115
424.27 1.03606405116e-115
424.28 5.28938816357e-116
424.29 2.69803752437e-116
424.3 1.37503655706e-116
424.31 7.00171156563e-117
424.32 3.56219672591e-117
424.33 1.81073666965e-117
424.34 9.19636935817e-118
424.35 4.6666069905e-118
424.36 2.36597287518e-118
424.37 1.19851095453e-118
424.38 6.0659379984e-119
424.39 3.06745103227e-119
424.4 1.54981914911e-119
424.41 7.82362668257e-120
424.42 3.94601678513e-120
424.43 1.98853596386e-120
424.44 1.00122499727e-120
424.45 5.03678752357e-121
424.46 2.53162449847e-121
424.47 1.2713603452e-121
424.48 6.37913429942e-122
424.49 3.19800060846e-122
424.5 1.6018396932e-122
424.51 8.01647186725e-123
424.52 4.00840141668e-123
424.53 2.0025476261e-123
424.54 9.99581506982e-124
424.55 4.9851391402e-124
424.56 2.48404848609e-124
424.57 1.23670627743e-124
424.58 6.15172303697e-125
424.59 3.05738898152e-125
424.6 1.51819770394e-125
424.61 7.53233586694e-126
424.62 3.73383167981e-126
424.63 1.84928355589e-126
424.64 9.15115670028e-127
424.65 4.52451662974e-127
424.66 2.2350749853e-127
424.67 1.10315292215e-127
424.68 5.44005203679e-128
424.69 2.68036600215e-128
424.7 1.31949837568e-128
424.71 6.49003937515e-129
424.72 3.18940386315e-129
424.73 1.5660131793e-129
424.74 7.68254339304e-130
424.75 3.76563605618e-130
424.76 1.8441463272e-130
424.77 9.0235228986e-131
424.78 4.41144210551e-131
424.79 2.15480887614e-131
424.8 1.05162436607e-131
424.81 5.1278609126e-132
424.82 2.4982479875e-132
424.83 1.21606998129e-132
424.84 5.91432658588e-133
424.85 2.87392711024e-133
424.86 1.39530743531e-133
424.87 6.76842748451e-134
424.88 3.2804193477e-134
424.89 1.5885272218e-134
424.9 7.68570429064e-135
424.91 3.71532143109e-135
424.92 1.79445605438e-135
424.93 8.65950313814e-136
424.94 4.17519566864e-136
424.95 2.0113349731e-136
424.96 9.68089900836e-137
424.97 4.65554668946e-137
424.98 2.23691455747e-137
424.99 1.07387026653e-137
425.0 5.15083872496e-138
425.01 2.46846969058e-138
425.02 1.18195613294e-138
425.03 5.65455757426e-139
425.04 2.70283550209e-139
425.05 1.29081591611e-139
425.06 6.15931933695e-140
425.07 2.93646509665e-140
425.08 1.39875186164e-140
425.09 6.65702556081e-141
425.1 3.16550849954e-141
425.11 1.50393981158e-141
425.12 7.13906178194e-142
425.13 3.38591099252e-142
425.14 1.60447755759e-142
425.15 7.59653370022e-143
425.16 3.59352775324e-143
425.17 1.69844016015e-143
425.18 8.02053262637e-144
425.19 3.7842505421e-144
425.2 1.78394009384e-144
425.21 8.40241955742e-145
425.22 3.95414119282e-145
425.23 1.85918965797e-145
425.24 8.73411547352e-146
425.25 4.09956594176e-146
425.26 1.92256280523e-146
425.27 9.00838436288e-147
425.28 4.21732424483e-147
425.29 1.97265341955e-147
425.3 9.21909519007e-148
425.31 4.30476572642e-148
425.32 2.00832713368e-148
425.33 9.36144958831e-149
425.34 4.35988930109e-149
425.35 2.02876402256e-149
425.36 9.43216347577e-150
425.37 4.38141929359e-150
425.38 2.03348992932e-150
425.39 9.4295929984e-151
425.4 4.36885451442e-151
425.41 2.02239475276e-151
425.42 9.3537980552e-152
425.43 4.32248765458e-152
425.44 1.99573671139e-152
425.45 9.20653997784e-153
425.46 4.24339395145e-153
425.47 1.95413235345e-153
425.48 8.99121349037e-154
425.49 4.13338973874e-154
425.5 1.8985328526e-154
425.51 8.71271661898e-155
425.52 3.99496311171e-155
425.53 1.8301878619e-155
425.54 8.37726551327e-156
425.55 3.83118040338e-156
425.56 1.75059884387e-156
425.57 7.99216395308e-157
425.58 3.64557337897e-157
425.59 1.66146430943e-157
425.6 7.56553946707e-158
425.61 3.44201293787e-158
425.62 1.56461975062e-158
425.63 7.10605934998e-159
425.64 3.22457561301e-159
425.65 1.46197522295e-159
425.66 6.6226403704e-160
425.67 2.99740925848e-160
425.68 1.35545351835e-160
425.69 6.12416561118e-161
425.7 2.76460402683e-161
425.71 1.24693167894e-161
425.72 5.61922074662e-162
425.73 2.53007409885e-162
425.74 1.1381882567e-162
425.75 5.11586025485e-163
425.76 2.29745470325e-163
425.77 1.03085825934e-163
425.78 4.62141175535e-164
425.79 2.07001783379e-164
425.8 9.26397174684e-165
425.81 4.14232403948e-165
425.82 1.85060882589e-165
425.83 8.26054880451e-166
425.84 3.68406162539e-166
425.85 1.6416046879e-166
425.86 7.30859663308e-167
425.87 3.25104601035e-167
425.88 1.44489387729e-167
425.89 6.41612029888e-168
425.9 2.84664137921e-168
425.91 1.26187614521e-168
425.92 5.58887524421e-169
425.93 2.47318049504e-169
425.94 1.09348019777e-169
425.95 4.83047395776e-170
425.96 2.13202493664e-170
425.97 9.40196277619e-171
425.98 4.14255694747e-171
425.99 1.82365280841e-171
426.0 8.02120368638e-172
426.01 3.52501234422e-172
426.02 1.54776653429e-172
426.03 6.79006567042e-173
426.04 2.97622807816e-173
426.05 1.30341332648e-173
426.06 5.70324222392e-174
426.07 2.49336115693e-174
426.08 1.08911132614e-174
426.09 4.75316698585e-175
426.1 2.07260996541e-175
426.11 9.02975162151e-176
426.12 3.93058995095e-176
426.13 1.70947749205e-176
426.14 7.4283566521e-177
426.15 3.22511956248e-177
426.16 1.39901575261e-177
426.17 6.06349609365e-178
426.18 2.62571334933e-178
426.19 1.13604421552e-178
426.2 4.91096534819e-179
426.21 2.12110524227e-179
426.22 9.15337546919e-180
426.23 3.94660852759e-180
426.24 1.70016290003e-180
426.25 7.31780331649e-181
426.26 3.14698478131e-181
426.27 1.35217301719e-181
426.28 5.80488473239e-182
426.29 2.48988132573e-182
426.3 1.06705648137e-182
426.31 4.56898656153e-183
426.32 1.95468178441e-183
426.33 8.35518294105e-184
426.34 3.56828532243e-184
426.35 1.52260375393e-184
426.36 6.49139342572e-185
426.37 2.76511169453e-185
426.38 1.17682297674e-185
426.39 5.00418448163e-186
426.4 2.1260780166e-186
426.41 9.02503291769e-187
426.42 3.82773712868e-187
426.43 1.62203091538e-187
426.44 6.86751888953e-188
426.45 2.90512156599e-188
426.46 1.22787023172e-188
426.47 5.18518604135e-189
426.48 2.18776126343e-189
426.49 9.22272429822e-190
426.5 3.88456360028e-190
426.51 1.63474101516e-190
426.52 6.87352306448e-191
426.53 2.88757678793e-191
426.54 1.2120245097e-191
426.55 5.08291649603e-192
426.56 2.12979724179e-192
426.57 8.91635308362e-193
426.58 3.7295803522e-193
426.59 1.55867794778e-193
426.6 6.50843431691e-194
426.61 2.71531597113e-194
426.62 1.13184754806e-194
426.63 4.71388743009e-195
426.64 1.96152655721e-195
426.65 8.15516758904e-196
426.66 3.38762477634e-196
426.67 1.40598738269e-196
426.68 5.83030478675e-197
426.69 2.41559880716e-197
426.7 9.99958708139e-198
426.71 4.13583343315e-198
426.72 1.70910098695e-198
426.73 7.05661011383e-199
426.74 2.91104040299e-199
426.75 1.19984198847e-199
426.76 4.94109940782e-200
426.77 2.03304428694e-200
426.78 8.35783512542e-201
426.79 3.43292624161e-201
426.8 1.40883086548e-201
426.81 5.77666198099e-202
426.82 2.36656679183e-202
426.83 9.68688823554e-203
426.84 3.96162646643e-203
426.85 1.61877493919e-203
426.86 6.60880796726e-204
426.87 2.69577415698e-204
426.88 1.09867082246e-204
426.89 4.47378788366e-205
426.9 1.82014882401e-205
426.91 7.39881421626e-206
426.92 3.00497634628e-206
426.93 1.21939302287e-206
426.94 4.94390442235e-207
426.95 2.00271955854e-207
426.96 8.10576343171e-208
426.97 3.27786771378e-208
426.98 1.32438005914e-208
426.99 5.34635208676e-209
427.0 2.15638445063e-209
427.01 8.68997524988e-210
427.02 3.49892473099e-210
427.03 1.40758416678e-210
427.04 5.65767320677e-211
427.05 2.27208752166e-211
427.06 9.11666438099e-212
427.07 3.65485868883e-212
427.08 1.46395903939e-212
427.09 5.85883103833e-213
427.1 2.34270030557e-213
427.11 9.35936118245e-214
427.12 3.7359356992e-214
427.13 1.48996576886e-214
427.14 5.93713468942e-215
427.15 2.36374827262e-215
427.16 9.402628125e-216
427.17 3.73698201852e-216
427.18 1.48394043464e-216
427.19 5.88756400949e-217
427.2 2.33388002703e-217
427.21 9.24368474526e-218
427.22 3.65793038546e-218
427.23 1.4462702714e-218
427.24 5.71330218088e-219
427.25 2.25501088699e-219
427.26 8.89270332074e-220
427.27 3.50382717586e-220
427.28 1.3793524873e-220
427.29 5.42539746957e-221
427.3 2.13211964228e-221
427.31 8.37173156162e-222
427.32 3.28429931674e-222
427.33 1.28734182104e-222
427.34 5.04160409747e-223
427.35 1.97272846865e-223
427.36 7.71240091801e-224
427.37 3.01255924039e-224
427.38 1.17572379157e-224
427.39 4.58457128303e-225
427.4 1.78614151749e-225
427.41 6.95275159932e-226
427.42 2.70409082349e-226
427.43 1.05077455495e-226
427.44 4.07963710675e-227
427.45 1.58254923941e-227
427.46 6.13361683504e-228
427.47 2.375197708e-228
427.48 9.18981145677e-229
427.49 3.55252505445e-229
427.5 1.37211783773e-229
427.51 5.29504168625e-230
427.52 2.04160193798e-230
427.53 7.86495908289e-231
427.54 3.02723111334e-231
427.55 1.16417535601e-231
427.56 4.47316519869e-232
427.57 1.71725656648e-232
427.58 6.58687082397e-233
427.59 2.52433401756e-233
427.6 9.66580892361e-234
427.61 3.69788417391e-234
427.62 1.41348796399e-234
427.63 5.39827044318e-235
427.64 2.05987503408e-235
427.65 7.85327530309e-236
427.66 2.9914688376e-236
427.67 1.13852312578e-236
427.68 4.32935244416e-237
427.69 1.64485545964e-237
427.7 6.24390449431e-238
427.71 2.36814600595e-238
427.72 8.97396581451e-239
427.73 3.39769240334e-239
427.74 1.28530861968e-239
427.75 4.85796625196e-240
427.76 1.83453194821e-240
427.77 6.92181165422e-241
427.78 2.60938396144e-241
427.79 9.82833411838e-242
427.8 3.69866968711e-242
427.81 1.39070461687e-242
427.82 5.22453878255e-243
427.83 1.96103222704e-243
427.84 7.35436561751e-244
427.85 2.75568400345e-244
427.86 1.03166174346e-244
427.87 3.85894820596e-245
427.88 1.44219599624e-245
427.89 5.3852185615e-246
427.9 2.00912100894e-246
427.91 7.4891506783e-247
427.92 2.78921989615e-247
427.93 1.03790272684e-247
427.94 3.85881771805e-248
427.95 1.43342702271e-248
427.96 5.3201101407e-249
427.97 1.972828676e-249
427.98 7.30940175208e-250
427.99 2.70581441746e-250
428.0 1.00077832907e-250
428.01 3.69829449524e-251
428.02 1.36549087449e-251
428.03 5.0373233057e-252
428.04 1.85666932262e-252
428.05 6.83743184368e-253
428.06 2.51579454627e-253
428.07 9.24870750519e-254
428.08 3.39711798805e-254
428.09 1.24670565534e-254
428.1 4.57131281016e-255
428.11 1.67471790759e-255
428.12 6.13007940763e-256
428.13 2.24188973727e-256
428.14 8.19192768754e-257
428.15 2.99076082698e-257
428.16 1.09094026127e-257
428.17 3.97597796039e-258
428.18 1.44780702471e-258
428.19 5.26745826269e-259
428.2 1.91476393673e-259
428.21 6.954294655e-260
428.22 2.52356589258e-260
428.23 9.1495539585e-261
428.24 3.31443043958e-261
428.25 1.19961422649e-261
428.26 4.33808461442e-262
428.27 1.56739386432e-262
428.28 5.65824799935e-263
428.29 2.04084267604e-263
428.3 7.35462931383e-264
428.31 2.64810841943e-264
428.32 9.52652361407e-265
428.33 3.42418205559e-265
428.34 1.22971071779e-265
428.35 4.41237872551e-266
428.36 1.58185371275e-266
428.37 5.66609128306e-267
428.38 2.02779724247e-267
428.39 7.25085469161e-268
428.4 2.59046416046e-268
428.41 9.24676215528e-269
428.42 3.29780899416e-269
428.43 1.17512758731e-269
428.44 4.18377439957e-270
428.45 1.48824765505e-270
428.46 5.28939339054e-271
428.47 1.87827960145e-271
428.48 6.66405124876e-272
428.49 2.36232761663e-272
428.5 8.36692042111e-273
428.51 2.96083947417e-273
428.52 1.04685805364e-273
428.53 3.6981493595e-274
428.54 1.30528338118e-274
428.55 4.60308381138e-275
428.56 1.62187234572e-275
428.57 5.70963265516e-276
428.58 2.00827591089e-276
428.59 7.05768551797e-277
428.6 2.47813487252e-277
428.61 8.69383288911e-278
428.62 3.04734306666e-278
428.63 1.06722286974e-278
428.64 3.73432927807e-279
428.65 1.30555090008e-279
428.66 4.56035571768e-280
428.67 1.59157586135e-280
428.68 5.54982999981e-281
428.69 1.93355143379e-281
428.7 6.73062649081e-282
428.71 2.3408789936e-282
428.72 8.13441173059e-283
428.73 2.82421041169e-283
428.74 9.7969673611e-284
428.75 3.39554886801e-284
428.76 1.17585026549e-284
428.77 4.06834496308e-285
428.78 1.40639473518e-285
428.79 4.85758496773e-286
428.8 1.67632141198e-286
428.81 5.77986761646e-287
428.82 1.99114186063e-287
428.83 6.85346543522e-288
428.84 2.35690437889e-288
428.85 8.09836621922e-289
428.86 2.78020342336e-289
428.87 9.53628996061e-290
428.88 3.26818049906e-290
428.89 1.11906762923e-290
428.9 3.8285149278e-291
428.91 1.30866373855e-291
428.92 4.46940288859e-292
428.93 1.52508712381e-292
428.94 5.19952314695e-293
428.95 1.77115304436e-293
428.96 6.02798796418e-294
428.97 2.0498041854e-294
428.98 6.96427781022e-295
428.99 2.36408730675e-295
429.0 8.01815869909e-296
429.01 2.71712423954e-296
429.02 9.19958122877e-297
429.03 3.11207698995e-297
429.04 1.05185607386e-297
429.05 3.55210682536e-298
429.06 1.19850383984e-298
429.07 4.04032735501e-299
429.08 1.36087235087e-299
429.09 4.57975177485e-300
429.1 1.53989178196e-300
429.11 5.17323462142e-301
429.12 1.73643232525e-301
429.13 5.82340856884e-302
429.14 1.95128350282e-302
429.15 6.53261700339e-303
429.16 2.18513228454e-303
429.17 7.30284331464e-304
429.18 2.43854034039e-304
429.19 8.13563804625e-305
429.2 2.71192082017e-305
429.21 9.03204524536e-306
429.22 3.00551511336e-306
429.23 9.9925295302e-307
429.24 3.31937009548e-307
429.25 1.1016905553e-307
429.26 3.65331641294e-308
429.27 1.21042716621e-308
429.28 4.00694839211e-309
429.29 1.32529496542e-309
429.3 4.37960617967e-310
429.31 1.44604325524e-310
429.32 4.77036072636e-311
429.33 1.57233423336e-311
429.34 5.178002215e-312
429.35 1.70373994646e-312
429.36 5.60103250303e-313
429.37 1.83974059817e-313
429.38 6.03766210026e-314
429.39 1.97972436548e-314
429.4 6.48581213672e-315
429.41 2.12298885501e-315
429.42 6.94312166508e-316
429.43 2.26874430742e-316
429.44 7.40696052293e-317
429.45 2.41611835841e-317
429.46 7.87444790736e-318
429.47 2.56416611732e-318
429.48 8.34249605629e-319
429.49 2.71187692346e-319
429.5 8.80770826841e-320
429.51 2.85816976119e-320
429.52 9.26867151598e-321
429.53 3.00391912671e-321
429.54 9.73309322307e-322
429.55 3.16202013338e-322
429.56 1.03753785627e-322
429.57 3.45845952089e-323
429.58 9.88131291682e-324
429.59 4.94065645841e-324
429.6 0.0
429.61 0.0
429.62 0.0
429.63 0.0
429.64 0.0
429.65 0.0
429.66 0.0
429.67 0.0
429.68 0.0
429.69 0.0
429.7 0.0
429.71 0.0
429.72 0.0
429.73 0.0
429.74 0.0
429.75 0.0
429.76 0.0
429.77 0.0
429.78 0.0
429.79 0.0
429.8 0.0
429.81 0.0
429.82 0.0
429.83 0.0
429.84 0.0
429.85 0.0
429.86 0.0
429.87 0.0
429.88 0.0
429.89 0.0
429.9 0.0
429.91 0.0
429.92 0.0
429.93 0.0
429.94 0.0
429.95 0.0
429.96 0.0
429.97 0.0
429.98 0.0
429.99 0.0
