400.0 1.25483899286e-20
400.01 1.63793753892e-20
400.02 2.13614328227e-20
400.03 2.78347378606e-20
400.04 3.62382823095e-20
400.05 4.71380686839e-20
400.06 6.12632000583e-20
400.07 7.95520332515e-20
400.08 1.03211146549e-19
400.09 1.33790609881e-19
400.1 1.732799751e-19
400.11 2.24230576132e-19
400.12 2.89911205103e-19
400.13 3.74506088107e-19
400.14 4.83366419303e-19
400.15 6.23329644245e-19
400.16 8.03124361906e-19
400.17 1.03388332512e-18
400.18 1.32979279135e-18
400.19 1.70891369561e-18
400.2 2.19421913866e-18
400.21 2.81490394542e-18
400.22 3.60803609201e-18
400.23 4.62063729573e-18
400.24 5.91230183693e-18
400.25 7.55848975405e-18
400.26 9.6546641793e-18
400.27 1.23214843059e-17
400.28 1.5711317197e-17
400.29 2.00163956915e-17
400.3 2.54790288905e-17
400.31 3.24043696179e-17
400.32 4.11763641302e-17
400.33 5.22776584292e-17
400.34 6.63144192117e-17
400.35 8.40472535617e-17
400.36 1.06429689463e-16
400.37 1.34656020643e-16
400.38 1.70220738203e-16
400.39 2.1499228507e-16
400.4 2.7130449812e-16
400.41 3.42069872154e-16
400.42 4.30919719934e-16
400.43 5.42377450113e-16
400.44 6.82072584385e-16
400.45 8.57004840122e-16
400.46 1.07586967962e-15
400.47 1.34945924952e-15
400.48 1.69115569734e-15
400.49 2.11753756857e-15
400.5 2.64912449162e-15
400.51 3.31129081096e-15
400.52 4.13538542312e-15
400.53 5.160103037e-15
400.54 6.43316169503e-15
400.55 8.01335298235e-15
400.56 9.97304531062e-15
400.57 1.24012374559e-14
400.58 1.54072797107e-14
400.59 1.91254042356e-14
400.6 2.37202352481e-14
400.61 2.93934844846e-14
400.62 3.63920790142e-14
400.63 4.50180182567e-14
400.64 5.5640316491e-14
400.65 6.87094580251e-14
400.66 8.47748766597e-14
400.67 1.04506071591e-13
400.68 1.28718091402e-13
400.69 1.58402259703e-13
400.7 1.94763184314e-13
400.71 2.3926329139e-13
400.72 2.93676361941e-13
400.73 3.60151827427e-13
400.74 4.41291910718e-13
400.75 5.40244087704e-13
400.76 6.60811803103e-13
400.77 8.07586913481e-13
400.78 9.86107964759e-13
400.79 1.20304915633e-12
400.8 1.46644571772e-12
400.81 1.78596244752e-12
400.82 2.17321336272e-12
400.83 2.64214180735e-12
400.84 3.20947200531e-12
400.85 3.89524495011e-12
400.86 4.72345374722e-12
400.87 5.72279611118e-12
400.88 6.92756472603e-12
400.89 8.37869966793e-12
400.9 1.01250311354e-11
400.91 1.22247454205e-11
400.92 1.47471124751e-11
400.93 1.77745196928e-11
400.94 2.14048637544e-11
400.95 2.57543607194e-11
400.96 3.09608441375e-11
400.97 3.71876319848e-11
400.98 4.46280558949e-11
400.99 5.35107606831e-11
401.0 6.41058988037e-11
401.01 7.67323634215e-11
401.02 9.17662255314e-11
401.03 1.09650565391e-10
401.04 1.30906916824e-10
401.05 1.5614857517e-10
401.06 1.86096056248e-10
401.07 2.21595035311e-10
401.08 2.63637142046e-10
401.09 3.13384041084e-10
401.1 3.72195287812e-10
401.11 4.41660517407e-10
401.12 5.23636601877e-10
401.13 6.2029049644e-10
401.14 7.34148593851e-10
401.15 8.68153514635e-10
401.16 1.0257293837e-09
401.17 1.21085678107e-09
401.18 1.42815870796e-09
401.19 1.68299908074e-09
401.2 1.98159545634e-09
401.21 2.33114790546e-09
401.22 2.73998618619e-09
401.23 3.21773763303e-09
401.24 3.77551846705e-09
401.25 4.42615155453e-09
401.26 5.18441399661e-09
401.27 6.06731832434e-09
401.28 7.09443150458e-09
401.29 8.28823643645e-09
401.3 9.67454113781e-09
401.31 1.12829413911e-08
401.32 1.31473432402e-08
401.33 1.53065524102e-08
401.34 1.78049384605e-08
401.35 2.06931822898e-08
401.36 2.40291164798e-08
401.37 2.78786689142e-08
401.38 3.23169211302e-08
401.39 3.74292939592e-08
401.4 4.33128742028e-08
401.41 5.00778973599e-08
401.42 5.7849402785e-08
401.43 6.67690791161e-08
401.44 7.69973193594e-08
401.45 8.87155066726e-08
401.46 1.02128553635e-07
401.47 1.17467719644e-07
401.48 1.34993733027e-07
401.49 1.5500024651e-07
401.5 1.77817656809e-07
401.51 2.03817321395e-07
401.52 2.33416207738e-07
401.53 2.67082012831e-07
401.54 3.05338793192e-07
401.55 3.4877314816e-07
401.56 3.98041001857e-07
401.57 4.53875031835e-07
401.58 5.17092795117e-07
401.59 5.88605604948e-07
401.6 6.69428214275e-07
401.61 7.60689364532e-07
401.62 8.63643260866e-07
401.63 9.79682037342e-07
401.64 1.11034927798e-06
401.65 1.25735466156e-06
401.66 1.42258980011e-06
401.67 1.6081453425e-06
401.68 1.81632941603e-06
401.69 2.04968747984e-06
401.7 2.31102366442e-06
401.71 2.60342367176e-06
401.72 2.93027931009e-06
401.73 3.29531473614e-06
401.74 3.7026144761e-06
401.75 4.15665329407e-06
401.76 4.66232797335e-06
401.77 5.22499107197e-06
401.78 5.85048670842e-06
401.79 6.54518842759e-06
401.8 7.3160391896e-06
401.81 8.17059351553e-06
401.82 9.11706181453e-06
401.83 1.01643569055e-05
401.84 1.13221427341e-05
401.85 1.26008852719e-05
401.86 1.40119055691e-05
401.87 1.55674349148e-05
401.88 1.72806720401e-05
401.89 1.91658422806e-05
401.9 2.12382585901e-05
401.91 2.35143842753e-05
401.92 2.60118972976e-05
401.93 2.87497559573e-05
401.94 3.17482657509e-05
401.95 3.50291471597e-05
401.96 3.8615604098e-05
401.97 4.25323927158e-05
401.98 4.68058902165e-05
401.99 5.14641633167e-05
402.0 5.65370359383e-05
402.01 6.20561556857e-05
402.02 6.8055058627e-05
402.03 7.45692318576e-05
402.04 8.16361732904e-05
402.05 8.92954480787e-05
402.06 9.75887410432e-05
402.07 0.000106559904439
402.08 0.000116255000366
402.09 0.0001267223371
402.1 0.000138012498572
402.11 0.000150178366242
402.12 0.000163275132534
402.13 0.000177360305025
402.14 0.000192493700544
402.15 0.000208737428345
402.16 0.000226155861479
402.17 0.000244815595542
402.18 0.000264785393935
402.19 0.000286136118821
402.2 0.000308940646965
402.21 0.000333273769676
402.22 0.000359212076132
402.23 0.000386833819354
402.24 0.00041621876423
402.25 0.000447448016984
402.26 0.000480603835585
402.27 0.000515769420689
402.28 0.000553028686757
402.29 0.000592466013129
402.3 0.000634165974919
402.31 0.000678213053731
402.32 0.000724691328294
402.33 0.000773684145296
402.34 0.000825273770773
402.35 0.000879541022633
402.36 0.00093656488498
402.37 0.000996422105108
402.38 0.00105918677419
402.39 0.00112492989286
402.4 0.001193718923
402.41 0.00126561732735
402.42 0.00134068409859
402.43 0.00141897327976
402.44 0.00150053347812
402.45 0.00158540737461
402.46 0.00167363123128
402.47 0.00176523439924
402.48 0.00186023882975
402.49 0.00195865859123
402.5 0.00206049939516
402.51 0.00216575813375
402.52 0.00227442243259
402.53 0.00238647022141
402.54 0.00250186932607
402.55 0.00262057708519
402.56 0.00274253999448
402.57 0.0028676933822
402.58 0.00299596111873
402.59 0.0031272553636
402.6 0.0032614763529
402.61 0.00339851223004
402.62 0.00353823892265
402.63 0.00368052006831
402.64 0.00382520699143
402.65 0.00397213873367
402.66 0.0041211421398
402.67 0.00427203200068
402.68 0.00442461125497
402.69 0.00457867125049
402.7 0.00473399206624
402.71 0.0048903428954
402.72 0.00504748248954
402.73 0.00520515966365
402.74 0.00536311386144
402.75 0.00552107577987
402.76 0.0056787680514
402.77 0.00583590598222
402.78 0.00599219834416
402.79 0.00614734821774
402.8 0.00630105388325
402.81 0.00645300975661
402.82 0.00660290736618
402.83 0.00675043636641
402.84 0.00689528558408
402.85 0.00703714409221
402.86 0.00717570230687
402.87 0.00731065310153
402.88 0.00744169293358
402.89 0.00756852297734
402.9 0.007690850258
402.91 0.00780838878031
402.92 0.00792086064649
402.93 0.00802799715705
402.94 0.0081295398889
402.95 0.00822524174468
402.96 0.00831486796772
402.97 0.00839819711689
402.98 0.00847502199599
402.99 0.00854515053253
403.0 0.0086084066009
403.01 0.00866463078537
403.02 0.00871368107869
403.03 0.0087554335123
403.04 0.00878978271488
403.05 0.00881664239593
403.06 0.008835945752
403.07 0.00884764579355
403.08 0.00885171559056
403.09 0.00884814843613
403.1 0.00883695792745
403.11 0.00881817796394
403.12 0.00879186266346
403.13 0.00875808619729
403.14 0.00871694254575
403.15 0.00866854517639
403.16 0.00861302664751
403.17 0.00855053814
403.18 0.00848124892113
403.19 0.00840534574428
403.2 0.00832303218899
403.21 0.00823452794619
403.22 0.00814006805368
403.23 0.00803990208724
403.24 0.00793429331323
403.25 0.00782351780845
403.26 0.00770786355337
403.27 0.00758762950507
403.28 0.00746312465604
403.29 0.00733466708538
403.3 0.00720258300855
403.31 0.00706720583224
403.32 0.00692887522023
403.33 0.00678793617664
403.34 0.00664473815224
403.35 0.00649963417956
403.36 0.00635298004213
403.37 0.00620513348307
403.38 0.00605645345754
403.39 0.00590729943373
403.4 0.00575803074602
403.41 0.00560900600416
403.42 0.00546058256127
403.43 0.00531311604345
403.44 0.00516695994301
403.45 0.00502246527691
403.46 0.00487998031146
403.47 0.00473985035388
403.48 0.00460241761058
403.49 0.00446802111171
403.5 0.00433699670087
403.51 0.00420967708826
403.52 0.00408639196528
403.53 0.00396746817782
403.54 0.003853229955
403.55 0.0037439991899
403.56 0.00364009576803
403.57 0.00354183793899
403.58 0.00344954272653
403.59 0.00336352637139
403.6 0.00328410480145
403.61 0.00321159412316
403.62 0.00314631112771
403.63 0.00308857380577
403.64 0.00303870186362
403.65 0.00299701723413
403.66 0.00296384457518
403.67 0.00293951174869
403.68 0.00292435027285
403.69 0.00291869574046
403.7 0.00292288819631
403.71 0.0029372724665
403.72 0.00296219843291
403.73 0.00299802124609
403.74 0.00304510147023
403.75 0.00310380515401
403.76 0.00317450382166
403.77 0.00325757437872
403.78 0.00335339892778
403.79 0.0034623644895
403.8 0.00358486262524
403.81 0.00372128895786
403.82 0.00387204258792
403.83 0.00403752540345
403.84 0.00421814128171
403.85 0.00441429518243
403.86 0.00462639213275
403.87 0.00485483610458
403.88 0.00510002878634
403.89 0.00536236825156
403.9 0.00564224752764
403.91 0.00594005306931
403.92 0.00625616314152
403.93 0.00659094611811
403.94 0.0069447587027
403.95 0.00731794407971
403.96 0.00771083000366
403.97 0.00812372683617
403.98 0.00855692554036
403.99 0.00901069564336
404.0 0.00948528317819
404.01 0.00998090861664
404.02 0.0104977648057
404.03 0.0110360149202
404.04 0.0115957904446
404.05 0.0121771891975
404.06 0.0127802734127
404.07 0.0134050678903
404.08 0.0140515582304
404.09 0.0147196891657
404.1 0.015409363003
404.11 0.0161204381892
404.12 0.0168527280135
404.13 0.0176059994566
404.14 0.0183799722011
404.15 0.0191743178104
404.16 0.0199886590888
404.17 0.0208225696293
404.18 0.0216755735578
404.19 0.0225471454808
404.2 0.0234367106405
404.21 0.0243436452823
404.22 0.0252672772367
404.23 0.0262068867174
404.24 0.0271617073345
404.25 0.028130927321
404.26 0.0291136909703
404.27 0.0301091002776
404.28 0.0311162167809
404.29 0.0321340635922
404.3 0.03316162761
404.31 0.0341978619011
404.32 0.0352416882417
404.33 0.036291999801
404.34 0.0373476639552
404.35 0.038407525215
404.36 0.0394704082488
404.37 0.0405351209857
404.38 0.0416004577785
404.39 0.0426652026083
404.4 0.0437281323111
404.41 0.0447880198071
404.42 0.045843637313
404.43 0.0468937595177
404.44 0.0479371667018
404.45 0.0489726477837
404.46 0.0499990032719
404.47 0.0510150481086
404.48 0.0520196143862
404.49 0.0530115539238
404.5 0.0539897406877
404.51 0.0549530730453
404.52 0.0559004758399
404.53 0.0568309022793
404.54 0.0577433356285
404.55 0.0586367907025
404.56 0.0595103151552
404.57 0.0603629905617
404.58 0.0611939332957
404.59 0.0620022952026
404.6 0.0627872640737
404.61 0.0635480639263
404.62 0.0642839550982
404.63 0.0649942341653
404.64 0.0656782336946
404.65 0.0663353218438
404.66 0.066964901823
404.67 0.0675664112317
404.68 0.0681393212898
404.69 0.068683135978
404.7 0.0691973911052
404.71 0.0696816533234
404.72 0.0701355191055
404.73 0.0705586137079
404.74 0.0709505901331
404.75 0.0713111281139
404.76 0.0716399331337
404.77 0.0719367355011
404.78 0.0722012894957
404.79 0.0724333725973
404.8 0.0726327848142
404.81 0.072799348121
404.82 0.0729329060174
404.83 0.0730333232157
404.84 0.0731004854643
404.85 0.0731342995114
404.86 0.0731346932128
404.87 0.0731016157835
404.88 0.0730350381929
404.89 0.0729349536995
404.9 0.0728013785206
404.91 0.0726343526294
404.92 0.0724339406707
404.93 0.072200232984
404.94 0.0719333467224
404.95 0.0716334270526
404.96 0.07130064842
404.97 0.0709352158648
404.98 0.070537366368
404.99 0.0701073702127
405.0 0.0696455323381
405.01 0.0691521936695
405.02 0.0686277324034
405.03 0.0680725652283
405.04 0.0674871484613
405.05 0.0668719790832
405.06 0.0662275956513
405.07 0.0655545790755
405.08 0.0648535532378
405.09 0.0641251854438
405.1 0.0633701866891
405.11 0.0625893117306
405.12 0.0617833589511
405.13 0.0609531700088
405.14 0.0600996292647
405.15 0.059223662983
405.16 0.0583262383015
405.17 0.0574083619718
405.18 0.0564710788694
405.19 0.0555154702777
405.2 0.0545426519517
405.21 0.0535537719674
405.22 0.0525500083669
405.23 0.0515325666109
405.24 0.0505026768495
405.25 0.0494615910271
405.26 0.0484105798375
405.27 0.0473509295442
405.28 0.0462839386868
405.29 0.0452109146907
405.3 0.0441331704014
405.31 0.043052020563
405.32 0.0419687782631
405.33 0.0408847513647
405.34 0.0398012389461
405.35 0.0387195277717
405.36 0.037640888813
405.37 0.0365665738407
405.38 0.0354978121087
405.39 0.0344358071475
405.4 0.0333817336865
405.41 0.0323367347217
405.42 0.0313019187437
405.43 0.0302783571424
405.44 0.0292670817996
405.45 0.028269082882
405.46 0.0272853068448
405.47 0.026316654653
405.48 0.0253639802294
405.49 0.0244280891312
405.5 0.0235097374623
405.51 0.0226096310192
405.52 0.0217284246739
405.53 0.0208667219896
405.54 0.0200250750684
405.55 0.0192039846235
405.56 0.0184039002737
405.57 0.0176252210485
405.58 0.0168682960992
405.59 0.0161334256024
405.6 0.0154208618484
405.61 0.0147308105
405.62 0.0140634320108
405.63 0.0134188431882
405.64 0.0127971188886
405.65 0.0121982938282
405.66 0.0116223644969
405.67 0.0110692911585
405.68 0.0105389999218
405.69 0.0100313848687
405.7 0.0095463102227
405.71 0.009083612543
405.72 0.00864310293002
405.73 0.008224569227
405.74 0.0078277782044
405.75 0.00745247771324
405.76 0.00709839879473
405.77 0.00676525773394
405.78 0.00645275804613
405.79 0.00616059238505
405.8 0.00588844436338
405.81 0.00563599027653
405.82 0.00540290072151
405.83 0.005188842104
405.84 0.00499347802738
405.85 0.00481647055854
405.86 0.0046574813662
405.87 0.00451617272862
405.88 0.00439220840834
405.89 0.00428525439262
405.9 0.00419497949925
405.91 0.00412105584822
405.92 0.00406315920081
405.93 0.0040209691682
405.94 0.00399416929308
405.95 0.0039824470079
405.96 0.00398549347475
405.97 0.00400300331222
405.98 0.00403467421543
405.99 0.00408020647604
406.0 0.00413930240964
406.01 0.00421166569843
406.02 0.00429700065772
406.03 0.00439501143498
406.04 0.00450540115085
406.05 0.0046278709916
406.06 0.00476211926302
406.07 0.00490784041567
406.08 0.00506472405189
406.09 0.00523245392477
406.1 0.00541070693955
406.11 0.00559915216771
406.12 0.00579744988413
406.13 0.00600525063729
406.14 0.00622219436249
406.15 0.00644790954777
406.16 0.00668201246173
406.17 0.00692410645234
406.18 0.007173781325
406.19 0.00743061280814
406.2 0.00769416211349
406.21 0.00796397559814
406.22 0.00823958453437
406.23 0.0085205049929
406.24 0.00880623784429
406.25 0.0090962688824
406.26 0.00939006907325
406.27 0.0096870949315
406.28 0.00998678902613
406.29 0.0102885806159
406.3 0.0105918864143
406.31 0.0108961114825
406.32 0.0112006502494
406.33 0.0115048876534
406.34 0.011808200405
406.35 0.0121099583625
406.36 0.0124095260176
406.37 0.012706264083
406.38 0.0129995311741
406.39 0.0132886855797
406.4 0.0135730871084
406.41 0.0138520990063
406.42 0.014125089931
406.43 0.0143914359756
406.44 0.0146505227287
406.45 0.01490174736
406.46 0.01514452072
406.47 0.0153782694409
406.48 0.0156024380267
406.49 0.015816490921
406.5 0.0160199145385
406.51 0.0162122192492
406.52 0.016392941303
406.53 0.0165616446817
406.54 0.0167179228688
406.55 0.0168614005241
406.56 0.0169917350532
406.57 0.0171086180622
406.58 0.0172117766876
406.59 0.0173009747923
406.6 0.0173760140214
406.61 0.0174367347079
406.62 0.0174830166254
406.63 0.0175147795792
406.64 0.0175319838337
406.65 0.017534630372
406.66 0.0175227609848
406.67 0.017496458188
406.68 0.0174558449686
406.69 0.0174010843587
406.7 0.0173323788414
406.71 0.0172499695885
406.72 0.0171541355363
406.73 0.0170451923031
406.74 0.0169234909538
406.75 0.0167894166187
406.76 0.0166433869731
406.77 0.0164858505864
406.78 0.0163172851499
406.79 0.0161381955906
406.8 0.015949112084
406.81 0.0157505879736
406.82 0.01554319761
406.83 0.0153275341196
406.84 0.0151042071152
406.85 0.0148738403591
406.86 0.0146370693919
406.87 0.0143945391379
406.88 0.0141469014982
406.89 0.0138948129456
406.9 0.013638932129
406.91 0.0133799175021
406.92 0.0131184249849
406.93 0.0128551056694
406.94 0.0125906035787
406.95 0.0123255534904
406.96 0.0120605788314
406.97 0.011796289654
406.98 0.0115332807002
406.99 0.0112721295616
407.0 0.0110133949409
407.01 0.0107576150211
407.02 0.0105053059476
407.03 0.0102569604269
407.04 0.0100130464456
407.05 0.00977400611358
407.06 0.00954025463138
407.07 0.00931217938594
407.08 0.00909013917342
407.09 0.00887446355031
407.1 0.00866545231207
407.11 0.0084633750984
407.12 0.0082684711234
407.13 0.00808094902864
407.14 0.00790098685641
407.15 0.00772873214008
407.16 0.00756430210816
407.17 0.00740778399806
407.18 0.00725923547532
407.19 0.00711868515392
407.2 0.00698613321264
407.21 0.00686155210258
407.22 0.00674488734052
407.23 0.00663605838275
407.24 0.00653495957375
407.25 0.00644146116427
407.26 0.00635541039277
407.27 0.00627663262486
407.28 0.0062049325446
407.29 0.00614009539219
407.3 0.00608188824208
407.31 0.00603006131604
407.32 0.00598434932533
407.33 0.00594447283663
407.34 0.00591013965618
407.35 0.00588104622684
407.36 0.00585687903285
407.37 0.00583731600719
407.38 0.00582202793665
407.39 0.00581067985972
407.4 0.00580293245281
407.41 0.0057984434001
407.42 0.00579686874295
407.43 0.00579786420445
407.44 0.00580108648536
407.45 0.00580619452747
407.46 0.0058128507408
407.47 0.00582072219119
407.48 0.00582948174503
407.49 0.00583880916798
407.5 0.00584839217488
407.51 0.00585792742808
407.52 0.00586712148171
407.53 0.00587569166966
407.54 0.00588336693502
407.55 0.00588988859933
407.56 0.00589501106972
407.57 0.00589850248271
407.58 0.00590014528328
407.59 0.00589973673832
407.6 0.00589708938362
407.61 0.0058920314039
407.62 0.00588440694549
407.63 0.00587407636173
407.64 0.00586091639113
407.65 0.00584482026875
407.66 0.0058256977714
407.67 0.00580347519766
407.68 0.0057780952836
407.69 0.00574951705588
407.7 0.0057177156234
407.71 0.0056826819097
407.72 0.00564442232777
407.73 0.00560295839975
407.74 0.00555832632376
407.75 0.00551057649055
407.76 0.00545977295271
407.77 0.0054059928494
407.78 0.00534932578975
407.79 0.00528987319794
407.8 0.00522774762367
407.81 0.00516307202112
407.82 0.00509597900016
407.83 0.00502661005338
407.84 0.00495511476251
407.85 0.00488164998814
407.86 0.0048063790462
407.87 0.00472947087513
407.88 0.00465109919735
407.89 0.00457144167868
407.9 0.00449067908938
407.91 0.00440899447026
407.92 0.00432657230738
407.93 0.0042435977187
407.94 0.00416025565579
407.95 0.00407673012382
407.96 0.00399320342275
407.97 0.00390985541242
407.98 0.00382686280434
407.99 0.00374439848241
408.0 0.00366263085507
408.01 0.00358172324072
408.02 0.00350183328847
408.03 0.00342311243579
408.04 0.00334570540457
408.05 0.0032697497368
408.06 0.00319537537103
408.07 0.00312270426034
408.08 0.00305185003255
408.09 0.0029829176931
408.1 0.00291600337078
408.11 0.00285119410648
408.12 0.00278856768475
408.13 0.00272819250792
408.14 0.00267012751215
408.15 0.00261442212503
408.16 0.0025611162636
408.17 0.00251024037216
408.18 0.00246181549849
408.19 0.00241585340749
408.2 0.00237235673073
408.21 0.00233131915053
408.22 0.00229272561708
408.23 0.0022565525968
408.24 0.00222276835032
408.25 0.00219133323832
408.26 0.00216220005323
408.27 0.00213531437499
408.28 0.00211061494888
408.29 0.00208803408336
408.3 0.00206749806607
408.31 0.00204892759565
408.32 0.00203223822768
408.33 0.00201734083238
408.34 0.00200414206217
408.35 0.00199254482701
408.36 0.0019824487755
408.37 0.00197375077968
408.38 0.00196634542163
408.39 0.00196012547987
408.4 0.00195498241369
408.41 0.00195080684353
408.42 0.00194748902565
408.43 0.00194491931931
408.44 0.00194298864478
408.45 0.00194158893056
408.46 0.00194061354832
408.47 0.001939957734
408.48 0.00193951899372
408.49 0.00193919749327
408.5 0.00193889642977
408.51 0.00193852238458
408.52 0.00193798565625
408.53 0.00193720057271
408.54 0.00193608578168
408.55 0.00193456451874
408.56 0.00193256485229
408.57 0.00193001990489
408.58 0.00192686805052
408.59 0.00192305308749
408.6 0.00191852438671
408.61 0.00191323701514
408.62 0.00190715183458
408.63 0.00190023557562
408.64 0.00189246088718
408.65 0.0018838063617
408.66 0.00187425653648
408.67 0.00186380187162
408.68 0.00185243870502
408.69 0.00184016918515
408.7 0.00182700118232
408.71 0.00181294817912
408.72 0.00179802914102
408.73 0.00178226836793
408.74 0.00176569532782
408.75 0.00174834447323
408.76 0.001730255042
408.77 0.0017114708431
408.78 0.00169204002879
408.79 0.0016720148543
408.8 0.00165145142613
408.81 0.00163040944033
408.82 0.00160895191166
408.83 0.00158714489517
408.84 0.00156505720114
408.85 0.00154276010469
408.86 0.0015203270511
408.87 0.00149783335811
408.88 0.00147535591623
408.89 0.00145297288809
408.9 0.00143076340797
408.91 0.00140880728239
408.92 0.00138718469288
408.93 0.00136597590158
408.94 0.00134526096082
408.95 0.00132511942732
408.96 0.00130563008177
408.97 0.00128687065465
408.98 0.00126891755878
408.99 0.00125184562943
409.0 0.00123572787234
409.01 0.00122063522041
409.02 0.00120663629942
409.03 0.00119379720326
409.04 0.00118218127918
409.05 0.00117184892325
409.06 0.00116285738668
409.07 0.00115526059304
409.08 0.00114910896685
409.09 0.00114444927387
409.1 0.00114132447315
409.11 0.0011397735813
409.12 0.00113983154913
409.13 0.00114152915088
409.14 0.00114489288627
409.15 0.00114994489555
409.16 0.00115670288783
409.17 0.00116518008284
409.18 0.00117538516619
409.19 0.0011873222586
409.2 0.00120099089892
409.21 0.00121638604145
409.22 0.00123349806744
409.23 0.00125231281105
409.24 0.00127281159995
409.25 0.0012949713105
409.26 0.00131876443777
409.27 0.00134415918037
409.28 0.00137111954016
409.29 0.00139960543682
409.3 0.00142957283729
409.31 0.00146097389998
409.32 0.00149375713359
409.33 0.00152786757044
409.34 0.00156324695403
409.35 0.00159983394057
409.36 0.0016375643141
409.37 0.00167637121484
409.38 0.00171618538025
409.39 0.00175693539818
409.4 0.00179854797167
409.41 0.00184094819441
409.42 0.00188405983642
409.43 0.00192780563873
409.44 0.00197210761645
409.45 0.00201688736899
409.46 0.00206206639647
409.47 0.00210756642114
409.48 0.00215330971258
409.49 0.00219921941541
409.5 0.00224521987819
409.51 0.00229123698212
409.52 0.00233719846811
409.53 0.00238303426069
409.54 0.00242867678746
409.55 0.00247406129231
409.56 0.00251912614108
409.57 0.00256381311802
409.58 0.00260806771165
409.59 0.00265183938831
409.6 0.00269508185219
409.61 0.0027377532901
409.62 0.00277981659992
409.63 0.00282123960101
409.64 0.00286199522565
409.65 0.00290206169008
409.66 0.00294142264412
409.67 0.00298006729828
409.68 0.00301799052752
409.69 0.00305519295068
409.7 0.00309168098507
409.71 0.00312746687537
409.72 0.00316256869661
409.73 0.00319701033068
409.74 0.00323082141626
409.75 0.00326403727195
409.76 0.00329669879284
409.77 0.00332885232041
409.78 0.00336054948625
409.79 0.00339184702998
409.8 0.00342280659183
409.81 0.00345349448066
409.82 0.00348398141807
409.83 0.00351434225964
409.84 0.00354465569422
409.85 0.00357500392234
409.86 0.00360547231507
409.87 0.00363614905439
409.88 0.00366712475675
409.89 0.00369849208096
409.9 0.00373034532206
409.91 0.00376277999273
409.92 0.00379589239384
409.93 0.00382977917571
409.94 0.0038645368919
409.95 0.00390026154706
409.96 0.0039370481408
409.97 0.00397499020904
409.98 0.00401417936478
409.99 0.00405470483993
410.0 0.00409665302997
410.01 0.00414010704308
410.02 0.00418514625548
410.03 0.00423184587463
410.04 0.00428027651193
410.05 0.00433050376641
410.06 0.00438258782119
410.07 0.00443658305396
410.08 0.00449253766315
410.09 0.00455049331113
410.1 0.00461048478581
410.11 0.00467253968199
410.12 0.00473667810374
410.13 0.00480291238897
410.14 0.00487124685745
410.15 0.00494167758323
410.16 0.0050141921927
410.17 0.00508876968907
410.18 0.00516538030436
410.19 0.00524398537959
410.2 0.00532453727414
410.21 0.00540697930482
410.22 0.0054912457154
410.23 0.00557726167713
410.24 0.00566494332079
410.25 0.00575419780057
410.26 0.00584492339025
410.27 0.00593700961176
410.28 0.00603033739645
410.29 0.0061247792789
410.3 0.00622019962341
410.31 0.00631645488285
410.32 0.00641339388977
410.33 0.00651085817919
410.34 0.00660868234276
410.35 0.0067066944135
410.36 0.00680471628053
410.37 0.00690256413273
410.38 0.00700004893057
410.39 0.00709697690465
410.4 0.00719315008
410.41 0.0072883668245
410.42 0.00738242241997
410.43 0.00747510965424
410.44 0.00756621943235
410.45 0.00765554140504
410.46 0.00774286461231
410.47 0.00782797813996
410.48 0.00791067178685
410.49 0.00799073674028
410.5 0.00806796625724
410.51 0.00814215634873
410.52 0.00821310646445
410.53 0.00828062017537
410.54 0.00834450585104
410.55 0.00840457732898
410.56 0.00846065457332
410.57 0.00851256431962
410.58 0.00856014070316
410.59 0.0086032258677
410.6 0.008641670552
410.61 0.00867533465119
410.62 0.00870408775043
410.63 0.00872780962807
410.64 0.00874639072599
410.65 0.0087597325845
410.66 0.00876774823977
410.67 0.00877036258152
410.68 0.00876751266912
410.69 0.00875914800434
410.7 0.0087452307592
410.71 0.00872573595755
410.72 0.00870065160928
410.73 0.00866997879637
410.74 0.00863373170991
410.75 0.00859193763794
410.76 0.00854463690378
410.77 0.00849188275508
410.78 0.00843374120381
410.79 0.00837029081802
410.8 0.008301622466
410.81 0.0082278390142
410.82 0.00814905498008
410.83 0.00806539614168
410.84 0.0079769991056
410.85 0.00788401083556
410.86 0.00778658814371
410.87 0.00768489714728
410.88 0.00757911269304
410.89 0.00746941775251
410.9 0.0073560027908
410.91 0.00723906511211
410.92 0.00711880818518
410.93 0.0069954409518
410.94 0.00686917712184
410.95 0.00674023445803
410.96 0.00660883405407
410.97 0.00647519960924
410.98 0.00633955670307
410.99 0.00620213207326
411.0 0.00606315290031
411.01 0.00592284610178
411.02 0.00578143763962
411.03 0.00563915184318
411.04 0.00549621075113
411.05 0.0053528334746
411.06 0.00520923558446
411.07 0.00506562852476
411.08 0.00492221905475
411.09 0.00477920872133
411.1 0.00463679336374
411.11 0.004495162652
411.12 0.00435449966057
411.13 0.00421498047816
411.14 0.00407677385472
411.15 0.00394004088627
411.16 0.00380493473794
411.17 0.00367160040552
411.18 0.00354017451559
411.19 0.0034107851638
411.2 0.00328355179127
411.21 0.00315858509813
411.22 0.00303598699377
411.23 0.00291585058259
411.24 0.00279826018432
411.25 0.00268329138751
411.26 0.00257101113494
411.27 0.00246147783932
411.28 0.00235474152765
411.29 0.00225084401258
411.3 0.00214981908895
411.31 0.00205169275356
411.32 0.00195648344635
411.33 0.00186420231097
411.34 0.00177485347269
411.35 0.00168843433182
411.36 0.00160493587043
411.37 0.00152434297061
411.38 0.00144663474209
411.39 0.00137178485745
411.4 0.00129976189308
411.41 0.0012305296739
411.42 0.00116404762027
411.43 0.00110027109535
411.44 0.00103915175137
411.45 0.000980637873181
411.46 0.000924674717866
411.47 0.000871204848991
411.48 0.0008201684643
411.49 0.000771503715794
411.5 0.000725147021156
411.51 0.000681033365672
411.52 0.00063909659384
411.53 0.000599269689997
411.54 0.0005614850474
411.55 0.000525674725287
411.56 0.000491770693544
411.57 0.000459705064714
411.58 0.000429410313157
411.59 0.000400819481272
411.6 0.000373866372771
411.61 0.000348485733074
411.62 0.000324613416961
411.63 0.000302186543696
411.64 0.000281143639884
411.65 0.000261424770392
411.66 0.000242971657709
411.67 0.000225727790157
411.68 0.000209638519413
411.69 0.000194651147828
411.7 0.000180715006045
411.71 0.00016778152147
411.72 0.000155804278108
411.73 0.000144739068354
411.74 0.000134543937256
411.75 0.000125179219843
411.76 0.000116607572034
411.77 0.000108793995677
411.78 0.000101705858239
411.79 9.53129076382e-05
411.8 8.95872826997e-05
411.81 8.45035196801e-05
411.82 8.00385552793e-05
411.83 7.6171726523e-05
411.84 7.2884767865e-05
411.85 7.01618058186e-05
411.86 6.79893513877e-05
411.87 6.63562905271e-05
411.88 6.52538728155e-05
411.89 6.46756984862e-05
411.9 6.46177039098e-05
411.91 6.50781455849e-05
411.92 6.6057582642e-05
411.93 6.75588578271e-05
411.94 6.95870768822e-05
411.95 7.21495862015e-05
411.96 7.52559485991e-05
411.97 7.89179169822e-05
411.98 8.31494056887e-05
411.99 8.79664592102e-05
412.0 9.33872179887e-05
412.01 9.94318809445e-05
412.02 0.000106122664366
412.03 0.000113483756765
412.04 0.000121541269288
412.05 0.000130323181246
412.06 0.000139859280326
412.07 0.000150181097026
412.08 0.000161321832869
412.09 0.000173316281933
412.1 0.000186200745257
412.11 0.000200012937693
412.12 0.000214791886782
412.13 0.000230577823265
412.14 0.000247412062865
412.15 0.000265336879018
412.16 0.000284395366248
412.17 0.000304631293969
412.18 0.000326088950501
412.19 0.000348812977186
412.2 0.000372848192521
412.21 0.000398239406315
412.22 0.000425031223948
412.23 0.00045326784086
412.24 0.000482992827536
412.25 0.00051424890527
412.26 0.000547077713146
412.27 0.000581519566712
412.28 0.000617613208959
412.29 0.00065539555429
412.3 0.000694901426255
412.31 0.000736163289964
412.32 0.000779210980126
412.33 0.000824071425816
412.34 0.000870768373134
412.35 0.000919322106998
412.36 0.000969749173446
412.37 0.00102206210384
412.38 0.0010762691425
412.39 0.0011323739793
412.4 0.00119037548891
412.41 0.00125026747831
412.42 0.00131203844429
412.43 0.00137567134274
412.44 0.00144114337151
412.45 0.00150842576847
412.46 0.00157748362679
412.47 0.00164827572899
412.48 0.00172075440158
412.49 0.00179486539199
412.5 0.00187054776934
412.51 0.00194773385066
412.52 0.00202634915407
412.53 0.00210631238009
412.54 0.00218753542261
412.55 0.00226992341036
412.56 0.00235337478006
412.57 0.00243778138192
412.58 0.00252302861827
412.59 0.00260899561563
412.6 0.00269555543072
412.61 0.00278257529027
412.62 0.00286991686464
412.63 0.00295743657492
412.64 0.00304498593289
412.65 0.00313241191317
412.66 0.00321955735645
412.67 0.00330626140273
412.68 0.003392359953
412.69 0.00347768615789
412.7 0.00356207093124
412.71 0.0036453434867
412.72 0.00372733189503
412.73 0.00380786365972
412.74 0.00388676630824
412.75 0.00396386799628
412.76 0.00403899812203
412.77 0.0041119879475
412.78 0.00418267122369
412.79 0.0042508848165
412.8 0.00431646933011
412.81 0.00437926972444
412.82 0.0044391359234
412.83 0.00449592341062
412.84 0.00454949380939
412.85 0.00459971544344
412.86 0.00464646387555
412.87 0.00468962242077
412.88 0.00472908263133
412.89 0.00476474475053
412.9 0.00479651813276
412.91 0.00482432162731
412.92 0.00484808392368
412.93 0.00486774385628
412.94 0.00488325066677
412.95 0.00489456422237
412.96 0.00490165518896
412.97 0.00490450515778
412.98 0.00490310672505
412.99 0.00489746352403
413.0 0.00488759020931
413.01 0.00487351239337
413.02 0.00485526653589
413.03 0.00483289978642
413.04 0.00480646978139
413.05 0.00477604439662
413.06 0.00474170145695
413.07 0.00470352840454
413.08 0.00466162192803
413.09 0.00461608755453
413.1 0.00456703920712
413.11 0.00451459873017
413.12 0.00445889538548
413.13 0.00440006532199
413.14 0.00433825102225
413.15 0.00427360072865
413.16 0.00420626785271
413.17 0.00413641037075
413.18 0.00406419020918
413.19 0.00398977262274
413.2 0.00391332556919
413.21 0.00383501908338
413.22 0.00375502465434
413.23 0.0036735146082
413.24 0.00359066150022
413.25 0.00350663751876
413.26 0.00342161390398
413.27 0.00333576038401
413.28 0.003249244631
413.29 0.00316223173942
413.3 0.00307488372865
413.31 0.00298735907187
413.32 0.00289981225293
413.33 0.00281239335261
413.34 0.00272524766577
413.35 0.00263851535023
413.36 0.00255233110828
413.37 0.00246682390161
413.38 0.00238211669972
413.39 0.00229832626241
413.4 0.002215562956
413.41 0.00213393060322
413.42 0.00205352636632
413.43 0.00197444066287
413.44 0.0018967571134
413.45 0.00182055251993
413.46 0.00174589687454
413.47 0.00167285339642
413.48 0.00160147859643
413.49 0.0015318223675
413.5 0.0014639280994
413.51 0.00139783281633
413.52 0.00133356733561
413.53 0.00127115644579
413.54 0.0012106191023
413.55 0.00115196863907
413.56 0.00109521299417
413.57 0.00104035494771
413.58 0.000987392370335
413.59 0.000936318480389
413.6 0.00088712210825
413.61 0.000839787966019
413.62 0.00079429692105
413.63 0.000750626271737
413.64 0.000708750024134
413.65 0.000668639167975
413.66 0.000630261950832
413.67 0.000593584149154
413.68 0.000558569335093
413.69 0.000525179138052
413.7 0.000493373500042
413.71 0.000463110923984
413.72 0.000434348714216
413.73 0.000407043208549
413.74 0.000381150001317
413.75 0.000356624156941
413.76 0.000333420413641
413.77 0.000311493376989
413.78 0.000290797703105
413.79 0.000271288271345
413.8 0.000252920346435
413.81 0.000235649730051
413.82 0.00021943290192
413.83 0.00020422715057
413.84 0.000189990693904
413.85 0.000176682789852
413.86 0.000164263837341
413.87 0.000152695467914
413.88 0.000141940628334
413.89 0.000131963654525
413.9 0.000122730337255
413.91 0.000114207979938
413.92 0.000106365448987
413.93 9.91732171175e-05
413.94 9.26034000257e-05
413.95 8.66297868483e-05
413.96 8.12278648158e-05
413.97 7.6374838488e-05
413.98 7.20496439533e-05
413.99 6.82329583541e-05
414.0 6.49072050784e-05
414.01 6.20565549388e-05
414.02 5.96669236301e-05
414.03 5.77259657343e-05
414.04 5.62230655121e-05
414.05 5.51493246892e-05
414.06 5.44975474183e-05
414.07 5.42622225649e-05
414.08 5.44395034347e-05
414.09 5.50271850313e-05
414.1 5.60246788984e-05
414.11 5.74329855775e-05
414.12 5.92546646763e-05
414.13 6.14938025217e-05
414.14 6.41559773407e-05
414.15 6.72482218932e-05
414.16 7.07789834526e-05
414.17 7.4758081016e-05
414.18 7.91966596056e-05
414.19 8.41071415064e-05
414.2 8.95031742775e-05
414.21 9.53995753614e-05
414.22 0.000101812273112
414.23 0.000108758244061
414.24 0.00011625544623
414.25 0.000124322748332
414.26 0.000132979854671
414.27 0.000142247225588
414.28 0.000152145993317
414.29 0.000162697873121
414.3 0.000173925069597
414.31 0.000185850178087
414.32 0.000198496081139
414.33 0.000211885840004
414.34 0.000226042581184
414.35 0.0002409893781
414.36 0.000256749127974
414.37 0.000273344424066
414.38 0.000290797423462
414.39 0.000309129710655
414.4 0.000328362157197
414.41 0.00034851477777
414.42 0.000369606583072
414.43 0.000391655429955
414.44 0.00041467786932
414.45 0.000438688992314
414.46 0.000463702275443
414.47 0.000489729425234
414.48 0.000516780223179
414.49 0.000544862371667
414.5 0.00057398134174
414.51 0.00060414022346
414.52 0.000635339579797
414.53 0.000667577304893
414.54 0.000700848487662
414.55 0.000735145281651
414.56 0.000770456782131
414.57 0.00080676891138
414.58 0.000844064313144
414.59 0.000882322257229
414.6 0.000921518555185
414.61 0.000961625488025
414.62 0.00100261174687
414.63 0.00104444238741
414.64 0.001087078799
414.65 0.0011304786892
414.66 0.00117459608442
414.67 0.00121938134737
414.68 0.00126478121191
414.69 0.00131073883574
414.7 0.0013571938714
414.71 0.00140408255585
414.72 0.00145133781888
414.73 0.00149888941046
414.74 0.001546664047
414.75 0.00159458557641
414.76 0.0016425751618
414.77 0.00169055148331
414.78 0.00173843095784
414.79 0.0017861279758
414.8 0.00183355515441
414.81 0.00188062360653
414.82 0.00192724322424
414.83 0.0019733229759
414.84 0.00201877121569
414.85 0.00206349600422
414.86 0.00210740543889
414.87 0.00215040799252
414.88 0.00219241285861
414.89 0.00223333030171
414.9 0.00227307201108
414.91 0.00231155145596
414.92 0.00234868424059
414.93 0.00238438845717
414.94 0.00241858503488
414.95 0.00245119808303
414.96 0.00248215522665
414.97 0.00251138793236
414.98 0.00253883182298
414.99 0.00256442697893
415.0 0.00258811822468
415.01 0.0026098553986
415.02 0.00262959360468
415.03 0.00264729344446
415.04 0.00266292122781
415.05 0.00267644916135
415.06 0.00268785551313
415.07 0.00269712475265
415.08 0.00270424766526
415.09 0.00270922144001
415.1 0.00271204973053
415.11 0.00271274268823
415.12 0.00271131696752
415.13 0.00270779570302
415.14 0.00270220845841
415.15 0.00269459114734
415.16 0.00268498592647
415.17 0.00267344106122
415.18 0.00266001076458
415.19 0.00264475501002
415.2 0.00262773931905
415.21 0.00260903452462
415.22 0.00258871651139
415.23 0.00256686593417
415.24 0.00254356791582
415.25 0.00251891172609
415.26 0.002492990443
415.27 0.00246590059822
415.28 0.00243774180835
415.29 0.00240861639372
415.3 0.00237862898651
415.31 0.00234788613018
415.32 0.00231649587183
415.33 0.00228456734961
415.34 0.00225221037696
415.35 0.0022195350255
415.36 0.00218665120865
415.37 0.00215366826757
415.38 0.00212069456137
415.39 0.00208783706336
415.4 0.00205520096503
415.41 0.00202288928933
415.42 0.00199100251505
415.43 0.00195963821352
415.44 0.00192889069935
415.45 0.00189885069642
415.46 0.00186960502033
415.47 0.00184123627869
415.48 0.00181382259008
415.49 0.00178743732286
415.5 0.00176214885461
415.51 0.00173802035302
415.52 0.00171510957893
415.53 0.001693468712
415.54 0.00167314419969
415.55 0.00165417662968
415.56 0.00163660062622
415.57 0.00162044477051
415.58 0.00160573154514
415.59 0.00159247730273
415.6 0.00158069225845
415.61 0.00157038050649
415.62 0.00156154005996
415.63 0.00155416291404
415.64 0.00154823513179
415.65 0.00154373695218
415.66 0.00154064291977
415.67 0.00153892203516
415.68 0.0015385379258
415.69 0.00153944903595
415.7 0.0015416088353
415.71 0.00154496604497
415.72 0.00154946488012
415.73 0.001555045308
415.74 0.00156164332037
415.75 0.00156919121917
415.76 0.00157761791413
415.77 0.00158684923124
415.78 0.00159680823066
415.79 0.00160741553285
415.8 0.00161858965158
415.81 0.00163024733238
415.82 0.00164230389517
415.83 0.00165467357962
415.84 0.00166726989178
415.85 0.00168000595069
415.86 0.0016927948335
415.87 0.00170554991768
415.88 0.00171818521899
415.89 0.00173061572382
415.9 0.00174275771449
415.91 0.00175452908638
415.92 0.00176584965535
415.93 0.00177664145445
415.94 0.00178682901856
415.95 0.00179633965599
415.96 0.00180510370578
415.97 0.00181305477982
415.98 0.00182012998883
415.99 0.00182627015127
416.0 0.00183141998452
416.01 0.00183552827747
416.02 0.00183854804407
416.03 0.00184043665722
416.04 0.0018411559626
416.05 0.00184067237221
416.06 0.00183895693722
416.07 0.0018359854002
416.08 0.00183173822662
416.09 0.0018262006157
416.1 0.00181936249089
416.11 0.00181121847014
416.12 0.00180176781654
416.13 0.0017910143696
416.14 0.00177896645803
416.15 0.00176563679443
416.16 0.00175104235284
416.17 0.00173520422996
416.18 0.00171814749092
416.19 0.00169990100067
416.2 0.00168049724198
416.21 0.00165997212123
416.22 0.0016383647631
416.23 0.00161571729548
416.24 0.0015920746257
416.25 0.00156748420943
416.26 0.00154199581359
416.27 0.00151566127446
416.28 0.00148853425238
416.29 0.00146066998429
416.3 0.00143212503541
416.31 0.00140295705132
416.32 0.00137322451165
416.33 0.00134298648662
416.34 0.00131230239749
416.35 0.00128123178214
416.36 0.00124983406673
416.37 0.00121816834442
416.38 0.00118629316214
416.39 0.00115426631619
416.4 0.00112214465746
416.41 0.00108998390697
416.42 0.00105783848228
416.43 0.00102576133549
416.44 0.000993803802971
416.45 0.000962015467526
416.46 0.000930444033002
416.47 0.00089913521171
416.48 0.000868132624707
416.49 0.000837477714999
416.5 0.000807209673627
416.51 0.000777365378527
416.52 0.000747979345987
416.53 0.000719083694445
416.54 0.000690708120338
416.55 0.000662879885615
416.56 0.000635623816505
416.57 0.000608962313067
416.58 0.000582915369014
416.59 0.00055750060125
416.6 0.000532733288551
416.61 0.000508626418759
416.62 0.000485190743875
416.63 0.000462434842384
416.64 0.000440365188152
416.65 0.000418986225231
416.66 0.000398300447887
416.67 0.000378308485188
416.68 0.000359009189486
416.69 0.000340399728133
416.7 0.000322475677802
416.71 0.00030523112078
416.72 0.000288658742639
416.73 0.000272749930709
416.74 0.000257494872803
416.75 0.000242882655667
416.76 0.000228901362676
416.77 0.00021553817031
416.78 0.000202779442987
416.79 0.00019061082587
416.8 0.000179017335283
416.81 0.000167983446422
416.82 0.000157493178085
416.83 0.000147530174155
416.84 0.000138077781636
416.85 0.000129119125061
416.86 0.000120637177107
416.87 0.000112614825336
416.88 0.000105034934936
416.89 9.7880407441e-05
416.9 9.11342353779e-05
416.91 8.47795528536e-05
416.92 7.8799682093e-05
416.93 7.31781759784e-05
416.94 6.78988566521e-05
416.95 6.29458502659e-05
416.96 5.83036179784e-05
416.97 5.3956983312e-05
416.98 4.98911560008e-05
416.99 4.60917524658e-05
417.0 4.25448130663e-05
417.01 3.92368162844e-05
417.02 3.61546900046e-05
417.03 3.32858200535e-05
417.04 3.06180561726e-05
417.05 2.81397155932e-05
417.06 2.58395843863e-05
417.07 2.37069167588e-05
417.08 2.17314324661e-05
417.09 1.99033125063e-05
417.1 1.82131932602e-05
417.11 1.66521592349e-05
417.12 1.52117345651e-05
417.13 1.38838734186e-05
417.14 1.26609494486e-05
417.15 1.15357444266e-05
417.16 1.05014361844e-05
417.17 9.55158598557e-06
417.18 8.68012543907e-06
417.19 7.88134306211e-06
417.2 7.1498705894e-06
417.21 6.48066912022e-06
417.22 5.86901518668e-06
417.23 5.31048681935e-06
417.24 4.80094967954e-06
417.25 4.33654332034e-06
417.26 3.91366763219e-06
417.27 3.52896952211e-06
417.28 3.17932986993e-06
417.29 2.86185079873e-06
417.3 2.57384329151e-06
417.31 2.31281518087e-06
417.32 2.07645953363e-06
417.33 1.86264344793e-06
417.34 1.66939727614e-06
417.35 1.4949042832e-06
417.36 1.33749074636e-06
417.37 1.19561649943e-06
417.38 1.06786592129e-06
417.39 9.52939366604e-07
417.4 8.4964503352e-07
417.41 7.56891261952e-07
417.42 6.73679253748e-07
417.43 5.99096204822e-07
417.44 5.32308837963e-07
417.45 4.72557323999e-07
417.46 4.19149578127e-07
417.47 3.71455917546e-07
417.48 3.28904066003e-07
417.49 2.90974490526e-07
417.5 2.5719605536e-07
417.51 2.27141978043e-07
417.52 2.00426072565e-07
417.53 1.76699264644e-07
417.54 1.55646364365e-07
417.55 1.36983081671e-07
417.56 1.20453270535e-07
417.57 1.05826388024e-07
417.58 9.28951548813e-08
417.59 8.14734047299e-08
417.6 7.13941094675e-08
417.61 6.25075689601e-08
417.62 5.46797536465e-08
417.63 4.77907892099e-08
417.64 4.17335730101e-08
417.65 3.64125125093e-08
417.66 3.17423764574e-08
417.67 2.76472501327e-08
417.68 2.40595864464e-08
417.69 2.09193452282e-08
417.7 1.81732134956e-08
417.71 1.57738999829e-08
417.72 1.36794976613e-08
417.73 1.18529084178e-08
417.74 1.0261324474e-08
417.75 8.8757615265e-09
417.76 7.67063896284e-09
417.77 6.62340286607e-09
417.78 5.71418785443e-09
417.79 4.92551411991e-09
417.8 4.24201632555e-09
417.81 3.65020129895e-09
417.82 3.1382317186e-09
417.83 2.69573323126e-09
417.84 2.31362266276e-09
417.85 1.98395519319e-09
417.86 1.69978855982e-09
417.87 1.45506252912e-09
417.88 1.24449204341e-09
417.89 1.06347259839e-09
417.9 9.07996546604e-10
417.91 7.74579148637e-10
417.92 6.60193310243e-10
417.93 5.62212049551e-10
417.94 4.78357835284e-10
417.95 4.06658024889e-10
417.96 3.4540571146e-10
417.97 2.9312536084e-10
417.98 2.48542685917e-10
417.99 2.1055826455e-10
418.0 1.78224461049e-10
418.01 1.50725259495e-10
418.02 1.27358660558e-10
418.03 1.07521332544e-10
418.04 9.06952423797e-11
418.05 7.6436023623e-11
418.06 6.43628666262e-11
418.07 5.4149741023e-11
418.08 4.55177830611e-11
418.09 3.82287001902e-11
418.1 3.2079063012e-11
418.11 2.68953704097e-11
418.12 2.25297876108e-11
418.13 1.88564692794e-11
418.14 1.57683906484e-11
418.15 1.31746193447e-11
418.16 1.09979690647e-11
418.17 9.17298374789e-12
418.18 7.64420749131e-12
418.19 6.36470123339e-12
418.2 5.29477232245e-12
418.21 4.40088753539e-12
418.22 3.65474401142e-12
418.23 3.03247597264e-12
418.24 2.51397807819e-12
418.25 2.08232885244e-12
418.26 1.72329988702e-12
418.27 1.42493848097e-12
418.28 1.17721309051e-12
418.29 9.71712441085e-13
418.3 8.01390437635e-13
418.31 6.60350120489e-13
418.32 5.4366087443e-13
418.33 4.47203928213e-13
418.34 3.67541897072e-13
418.35 3.01808737072e-13
418.36 2.47617010457e-13
418.37 2.02979816879e-13
418.38 1.66245136659e-13
418.39 1.36040667671e-13
418.4 1.11227524776e-13
418.41 9.08614165153e-14
418.42 7.41601237887e-14
418.43 6.04762845128e-14
418.44 4.92746410746e-14
418.45 4.0113037539e-14
418.46 3.26265642678e-14
418.47 2.65143416701e-14
418.48 2.15285146242e-14
418.49 1.7465096793e-14
418.5 1.41563613541e-14
418.51 1.1464523144e-14
418.52 9.27649817302e-15
418.53 7.49956103363e-15
418.54 6.05774986938e-15
418.55 4.88889311463e-15
418.56 3.9421528608e-15
418.57 3.1759970546e-15
418.58 2.55652729594e-15
418.59 2.05610121434e-15
418.6 1.65219862968e-15
418.61 1.32648926043e-15
418.62 1.0640668938e-15
418.63 8.52820903504e-16
418.64 6.82920980013e-16
418.65 5.46395086746e-16
418.66 4.36784107976e-16
418.67 3.48859524198e-16
418.68 2.78392834093e-16
418.69 2.21967419336e-16
418.7 1.76825186955e-16
418.71 1.40741680242e-16
418.72 1.11924470805e-16
418.73 8.89305708893e-17
418.74 7.05993696423e-17
418.75 5.5998227299e-17
418.76 4.43783802642e-17
418.77 3.51392370532e-17
418.78 2.77994959139e-17
418.79 2.19738029982e-17
418.8 1.73539061627e-17
418.81 1.36934529978e-17
418.82 1.07957400488e-17
418.83 8.50384967206e-18
418.84 6.69271670898e-18
418.85 5.26275343217e-18
418.86 4.13473153454e-18
418.87 3.24567717994e-18
418.88 2.54558170023e-18
418.89 1.99476835957e-18
418.9 1.56178631901e-18
418.91 1.22172783845e-18
418.92 9.5488492725e-19
418.93 7.45677980595e-19
418.94 5.81802136949e-19
418.95 4.53547751057e-19
418.96 3.53259976783e-19
418.97 2.74909385341e-19
418.98 2.13751125448e-19
418.99 1.66054621036e-19
419.0 1.28889409529e-19
419.01 9.99556194336e-20
419.02 7.74499083446e-20
419.03 5.9959542979e-20
419.04 4.63787919542e-20
419.05 3.58429926356e-20
419.06 2.76766044115e-20
419.07 2.13523196394e-20
419.08 1.64589084834e-20
419.09 1.26759556562e-20
419.1 9.75403039462e-21
419.11 7.49913566516e-21
419.12 5.76052450889e-21
419.13 4.42116333329e-21
419.14 3.3902740301e-21
419.15 2.59750719228e-21
419.16 1.98839392276e-21
419.17 1.52079896387e-21
419.18 1.16215726466e-21
419.19 8.87322935315e-22
419.2 6.76896433084e-22
419.21 5.15924861747e-22
419.22 3.92893098248e-22
419.23 2.98941394265e-22
419.24 2.27259174151e-22
419.25 1.72615783971e-22
419.26 1.30997587756e-22
419.27 9.93275685279e-23
419.28 7.52488769651e-23
419.29 5.69578980241e-23
419.3 4.30756259557e-23
419.31 3.25486479583e-23
419.32 2.45729909958e-23
419.33 1.85356065597e-23
419.34 1.39694496251e-23
419.35 1.05190253535e-23
419.36 7.91398859998e-24
419.37 5.94893263839e-24
419.38 4.46793035453e-24
419.39 3.35272127844e-24
419.4 2.51369290448e-24
419.41 1.88300164851e-24
419.42 1.40933063927e-24
419.43 1.05389853237e-24
419.44 7.87423584172e-25
419.45 5.87816468456e-25
419.46 4.38428515239e-25
419.47 3.267228801e-25
419.48 2.43267458148e-25
419.49 1.80972338508e-25
419.5 1.34512948322e-25
419.51 9.9894067678e-26
419.52 7.41206154003e-26
419.53 5.4949285224e-26
419.54 4.07013478217e-26
419.55 3.01216839329e-26
419.56 2.22727281199e-26
419.57 1.64547503196e-26
419.58 1.21459891934e-26
419.59 8.95773471261e-27
419.6 6.60065775432e-27
419.61 4.85959354103e-27
419.62 3.57467357389e-27
419.63 2.627220631e-27
419.64 1.92921404274e-27
419.65 1.41542869433e-27
419.66 1.03757449877e-27
419.67 7.59931234895e-28
419.68 5.56100152277e-28
419.69 4.06588831702e-28
419.7 2.97017192572e-28
419.71 2.16786106236e-28
419.72 1.58090223557e-28
419.73 1.15186688985e-28
419.74 8.38539042893e-29
419.75 6.09913146577e-29
419.76 4.43237414914e-29
419.77 3.21831496333e-29
419.78 2.3347715259e-29
419.79 1.69232567886e-29
419.8 1.22559565622e-29
419.81 8.86817376649e-30
419.82 6.41128212171e-30
419.83 4.63104812571e-30
419.84 3.34223830973e-30
419.85 2.41001221704e-30
419.86 1.73630009048e-30
419.87 1.24983891896e-30
419.88 8.98890960083e-31
419.89 6.4592738002e-31
419.9 4.6375017645e-31
419.91 3.32665829865e-31
419.92 2.38427317636e-31
419.93 1.7073695988e-31
419.94 1.22158245897e-31
419.95 8.73256333658e-32
419.96 6.23712449812e-32
419.97 4.4509303089e-32
419.98 3.17351743117e-32
419.99 2.26076121748e-32
420.0 1.60913400708e-32
420.01 1.14433569377e-32
420.02 8.13089566658e-33
420.03 5.77227541617e-33
420.04 4.09429766324e-33
420.05 2.90158631881e-33
420.06 2.05454325332e-33
420.07 1.45351258047e-33
420.08 1.02741526464e-33
420.09 7.25599450648e-34
420.1 5.12001919451e-34
420.11 3.6096903255e-34
420.12 2.54268179938e-34
420.13 1.78952510627e-34
420.14 1.25836691017e-34
420.15 8.84098178936e-35
420.16 6.20608064754e-35
420.17 4.35269309338e-35
420.18 3.05015837627e-35
420.19 2.13555345457e-35
420.2 1.49390236758e-35
420.21 1.04413750799e-35
420.22 7.29150018081e-36
420.23 5.08744582236e-36
420.24 3.54655268891e-36
420.25 2.47022633678e-36
420.26 1.71905903666e-36
420.27 1.19527695984e-36
420.28 8.3036687713e-37
420.29 5.76361812669e-37
420.3 3.99709152242e-37
420.31 2.76959775822e-37
420.32 1.9174013022e-37
420.33 1.32627336964e-37
420.34 9.16593542922e-38
420.35 6.32913340748e-38
420.36 4.36651965083e-38
420.37 3.00988775732e-38
420.38 2.07295032245e-38
420.39 1.42643242027e-38
420.4 9.80702359189e-39
420.41 6.73669602708e-39
420.42 4.62360149637e-39
420.43 3.17057150502e-39
420.44 2.1722930924e-39
420.45 1.48704120512e-39
420.46 1.01707105966e-39
420.47 6.95029604185e-40
420.48 4.74546770799e-40
420.49 3.23726650692e-40
420.5 2.20648814343e-40
420.51 1.50261754227e-40
420.52 1.02239572243e-40
420.53 6.95045611218e-41
420.54 4.72097063943e-41
420.55 3.20385613258e-41
420.56 2.17239315251e-41
420.57 1.47172801459e-41
420.58 9.96185924096e-42
420.59 6.7371614907e-42
420.6 4.55236658302e-42
420.61 3.07341501279e-42
420.62 2.0731412952e-42
420.63 1.39720557274e-42
420.64 9.40839252743e-43
420.65 6.32986226358e-43
420.66 4.25497295618e-43
420.67 2.85774228395e-43
420.68 1.91766627226e-43
420.69 1.28572092382e-43
420.7 8.61279491091e-44
420.71 5.76454737286e-44
420.72 3.85487261919e-44
420.73 2.57560087201e-44
420.74 1.71937579154e-44
420.75 1.14679757094e-44
420.76 7.64234138137e-45
420.77 5.08850042742e-45
420.78 3.38514214318e-45
420.79 2.25002693104e-45
420.8 1.49424645973e-45
420.81 9.91472030638e-46
420.82 6.57298152438e-46
420.83 4.35379592263e-46
420.84 2.88135943418e-46
420.85 1.90524363467e-46
420.86 1.25871472739e-46
420.87 8.30859940921e-47
420.88 5.47964015689e-47
420.89 3.61077121388e-47
420.9 2.37723226328e-47
420.91 1.56374873933e-47
420.92 1.02774658384e-47
420.93 6.74883520746e-48
420.94 4.42787465213e-48
420.95 2.9025888648e-48
420.96 1.90107584686e-48
420.97 1.24404782422e-48
420.98 8.1338923504e-49
420.99 5.31353416309e-49
421.0 3.46810507099e-49
421.01 2.26164651892e-49
421.02 1.47360444467e-49
421.03 9.59314104105e-50
421.04 6.23971062288e-50
421.05 4.05500861189e-50
421.06 2.63295129368e-50
421.07 1.70811687079e-50
421.08 1.10717444092e-50
421.09 7.17031497236e-51
421.1 4.63963833211e-51
421.11 2.999533625e-51
421.12 1.93752383671e-51
421.13 1.25044353672e-51
421.14 8.06315169732e-52
421.15 5.19480544981e-52
421.16 3.34393215078e-52
421.17 2.15064802142e-52
421.18 1.38199010433e-52
421.19 8.87287248677e-53
421.2 5.69176891819e-53
421.21 3.64799296119e-53
421.22 2.33606238308e-53
421.23 1.49464685672e-53
421.24 9.55468695496e-54
421.25 6.10264412135e-54
421.26 3.89442495167e-54
421.27 2.4830893435e-54
421.28 1.58184915043e-54
421.29 1.00684240324e-54
421.3 6.40297258158e-55
421.31 4.0684173633e-55
421.32 2.58281362446e-55
421.33 1.63826574553e-55
421.34 1.03824379733e-55
421.35 6.57412643502e-56
421.36 4.1591106234e-56
421.37 2.62897589366e-56
421.38 1.6603377735e-56
421.39 1.04768326176e-56
421.4 6.60521981484e-57
421.41 4.16071776449e-57
421.42 2.61862284106e-57
421.43 1.64665022866e-57
421.44 1.03455474843e-57
421.45 6.49425459744e-58
421.46 4.07313547364e-58
421.47 2.55241984264e-58
421.48 1.59808208076e-58
421.49 9.99700165302e-59
421.5 6.24833288019e-59
421.51 3.90195508232e-59
421.52 2.43458019802e-59
421.53 1.51771287189e-59
421.54 9.4532003437e-60
421.55 5.88290478314e-60
421.56 3.65787187166e-60
421.57 2.27242140293e-60
421.58 1.41049959476e-60
421.59 8.74743598406e-61
421.6 5.42016231781e-61
421.61 3.35557943989e-61
421.62 2.07561341737e-61
421.63 1.28277098078e-61
421.64 7.92091761658e-62
421.65 4.88681140225e-62
421.66 3.01230798652e-62
421.67 1.85522624939e-62
421.68 1.14161088277e-62
421.69 7.0188026665e-63
421.7 4.31153262912e-63
421.71 2.6462083431e-63
421.72 1.62270697943e-63
421.73 9.94214027486e-64
421.74 6.0861602201e-64
421.75 3.72246470279e-64
421.76 2.2747910356e-64
421.77 1.38891651006e-64
421.78 8.47294690952e-65
421.79 5.16436040161e-65
421.8 3.14501203896e-65
421.81 1.91360278573e-65
421.82 1.16333552205e-65
421.83 7.0661344495e-66
421.84 4.28827389679e-66
421.85 2.60020056757e-66
421.86 1.57526960587e-66
421.87 9.53513071109e-67
421.88 5.76663044787e-67
421.89 3.48450669308e-67
421.9 2.10370189372e-67
421.91 1.26896839375e-67
421.92 7.64788105868e-68
421.93 4.60527063771e-68
421.94 2.77072167599e-68
421.95 1.66553728633e-68
421.96 1.00032133027e-68
421.97 6.00272450571e-69
421.98 3.59899304019e-69
421.99 2.15594319679e-69
422.0 1.29037914108e-69
422.01 7.7165125435e-70
422.02 4.61050514914e-70
422.03 2.75232470756e-70
422.04 1.64162719785e-70
422.05 9.78302404925e-71
422.06 5.82499311085e-71
422.07 3.46530466717e-71
422.08 2.05973402602e-71
422.09 1.22322000724e-71
422.1 7.25807949949e-72
422.11 4.30291312924e-72
422.12 2.54874946858e-72
422.13 1.50839620365e-72
422.14 8.91923128269e-73
422.15 5.26942385447e-73
422.16 3.11044519142e-73
422.17 1.83444918284e-73
422.18 1.08096723567e-73
422.19 6.36418928583e-74
422.2 3.74366826634e-74
422.21 2.20026677417e-74
422.22 1.29204320268e-74
422.23 7.58058013618e-75
422.24 4.44376990241e-75
422.25 2.60270169969e-75
422.26 1.52307377649e-75
422.27 8.90514916071e-76
422.28 5.20217752311e-76
422.29 3.03635712876e-76
422.3 1.7706969773e-76
422.31 1.03171407049e-76
422.32 6.00617764979e-77
422.33 3.49349966641e-77
422.34 2.03023799526e-77
422.35 1.17884555098e-77
422.36 6.8389681138e-78
422.37 3.96413066751e-78
422.38 2.2957735953e-78
422.39 1.32841528543e-78
422.4 7.68002058844e-79
422.41 4.43623574563e-79
422.42 2.56029826562e-79
422.43 1.47635302976e-79
422.44 8.50576911408e-80
422.45 4.89621716853e-80
422.46 2.81599232991e-80
422.47 1.6181768181e-80
422.48 9.29060926533e-81
422.49 5.32949584574e-81
422.5 3.05458189422e-81
422.51 1.74920669475e-81
422.52 1.00081591069e-81
422.53 5.7212507677e-82
422.54 3.26776998129e-82
422.55 1.86481471115e-82
422.56 1.06327011333e-82
422.57 6.057246386e-83
422.58 3.44770885817e-83
422.59 1.96069319898e-83
422.6 1.11406982826e-83
422.61 6.32468492631e-84
422.62 3.58747671235e-84
422.63 2.03311993325e-84
422.64 1.15122607726e-84
422.65 6.51301309414e-85
422.66 3.68151857939e-85
422.67 2.07919754793e-85
422.68 1.17324368306e-85
422.69 6.61461250147e-86
422.7 3.72601245785e-86
422.71 2.09704577454e-86
422.72 1.17922107065e-86
422.73 6.6253109097e-87
422.74 3.71912699958e-87
422.75 2.08592873372e-87
422.76 1.1689115149e-87
422.77 6.54466648195e-88
422.78 3.66114656379e-88
422.79 2.04630527046e-88
422.8 1.14274003588e-88
422.81 6.37599805608e-89
422.82 3.55445173409e-89
422.83 1.97979753489e-89
422.84 1.10177432972e-89
422.85 6.12615854792e-90
422.86 3.40335715907e-90
422.87 1.88908080684e-90
422.88 1.0476525055e-90
422.89 5.80507304524e-91
422.9 3.21382210996e-91
422.91 1.77770499256e-91
422.92 9.82474444263e-92
422.93 5.42508497895e-92
422.94 2.99306081214e-92
422.95 1.64986438887e-92
422.96 9.08666818029e-93
422.97 5.00017036778e-93
422.98 2.74908803397e-93
422.99 1.51013650281e-93
423.0 8.28833842862e-94
423.01 4.54508970079e-94
423.02 2.49023971005e-94
423.03 1.36321250772e-94
423.04 7.45606495198e-95
423.05 4.07454872466e-95
423.06 2.22470822814e-95
423.07 1.21364122186e-95
423.08 6.61502194863e-96
423.09 3.6024334992e-96
423.1 1.96012770875e-96
423.11 1.06560555543e-96
423.12 5.78805029819e-97
423.13 3.14117280963e-97
423.14 1.70323696918e-97
423.15 9.22745706293e-98
423.16 4.99473790096e-98
423.17 2.70126434725e-98
423.18 1.45963807026e-98
423.19 7.88037691572e-99
423.2 4.2508179977e-99
423.21 2.29098235206e-99
423.22 1.23365774406e-99
423.23 6.63729846476e-100
423.24 3.56789214868e-100
423.25 1.91626603061e-100
423.26 1.02830890457e-100
423.27 5.51334417672e-101
423.28 2.95345477607e-101
423.29 1.58077208596e-101
423.3 8.45340942898e-102
423.31 4.51666897068e-102
423.32 2.41117278245e-102
423.33 1.28606262091e-102
423.34 6.85361353193e-103
423.35 3.64922649606e-103
423.36 1.94135849357e-103
423.37 1.0318923036e-103
423.38 5.48007773381e-104
423.39 2.90778824844e-104
423.4 1.54156750693e-104
423.41 8.16556106313e-105
423.42 4.3214871557e-105
423.43 2.28509434052e-105
423.44 1.20725428451e-105
423.45 6.37260629976e-106
423.46 3.36092742276e-106
423.47 1.77102581821e-106
423.48 9.32425974518e-107
423.49 4.90487050953e-107
423.5 2.57789035738e-107
423.51 1.35370817074e-107
423.52 7.10246939446e-108
423.53 3.72320890085e-108
423.54 1.95006527979e-108
423.55 1.02048025985e-108
423.56 5.33560632722e-109
423.57 2.78731891605e-109
423.58 1.45483338282e-109
423.59 7.58688613456e-110
423.6 3.9530980543e-110
423.61 2.05795237518e-110
423.62 1.07042628748e-110
423.63 5.56290859723e-111
423.64 2.88848951216e-111
423.65 1.49852287995e-111
423.66 7.76747160087e-112
423.67 4.02271886688e-112
423.68 2.08153349238e-112
423.69 1.07614510975e-112
423.7 5.55881194799e-113
423.71 2.86890944731e-113
423.72 1.47936524476e-113
423.73 7.62180256778e-114
423.74 3.92340996336e-114
423.75 2.0178710004e-114
423.76 1.03692374526e-114
423.77 5.32382722943e-115
423.78 2.73101948697e-115
423.79 1.39974639413e-115
423.8 7.16799391965e-116
423.81 3.66749568574e-116
423.82 1.87484473498e-116
423.83 9.57601275569e-117
423.84 4.8868368129e-117
423.85 2.49169379213e-117
423.86 1.26936119063e-117
423.87 6.46099603462e-118
423.88 3.28577215885e-118
423.89 1.66954884252e-118
423.9 8.47587463946e-119
423.91 4.29925923856e-119
423.92 2.17884559137e-119
423.93 1.10327299384e-119
423.94 5.58165813718e-120
423.95 2.82141643586e-120
423.96 1.42493437312e-120
423.97 7.19028734426e-121
423.98 3.62511127741e-121
423.99 1.82608147537e-121
424.0 9.19057475257e-122
424.01 4.62156329435e-122
424.02 2.32198201332e-122
424.03 1.16560797384e-122
424.04 5.84614901055e-123
424.05 2.92961779035e-123
424.06 1.46681641096e-123
424.07 7.33777293932e-124
424.08 3.66755377042e-124
424.09 1.83152319605e-124
424.1 9.13844009709e-125
424.11 4.55570325736e-125
424.12 2.26914630853e-125
424.13 1.12925827712e-125
424.14 5.61497437406e-126
424.15 2.78949756795e-126
424.16 1.3846114165e-126
424.17 6.86678645388e-127
424.18 3.40253724515e-127
424.19 1.6845191263e-127
424.2 8.3324500227e-128
424.21 4.11806503587e-128
424.22 2.03346825621e-128
424.23 1.00324107709e-128
424.24 4.94534878493e-129
424.25 2.43563530435e-129
424.26 1.19853661624e-129
424.27 5.89269638679e-130
424.28 2.89467983918e-130
424.29 1.42072728125e-130
424.3 6.96698083944e-131
424.31 3.41351821609e-131
424.32 1.67102730311e-131
424.33 8.17313325253e-132
424.34 3.99408520876e-132
424.35 1.95015793488e-132
424.36 9.5136233971e-133
424.37 4.63709335477e-133
424.38 2.25823656661e-133
424.39 1.09879517616e-133
424.4 5.34180174148e-134
424.41 2.59467220201e-134
424.42 1.25921806417e-134
424.43 6.10580744294e-135
424.44 2.95807359779e-135
424.45 1.43185341252e-135
424.46 6.92487367194e-136
424.47 3.34617664637e-136
424.48 1.61550975618e-136
424.49 7.79280876549e-137
424.5 3.75579747029e-137
424.51 1.80856459139e-137
424.52 8.70140924926e-138
424.53 4.18281713905e-138
424.54 2.0089627082e-138
424.55 9.64047835576e-139
424.56 4.62220289456e-139
424.57 2.21423208208e-139
424.58 1.05979285024e-139
424.59 5.06806929236e-140
424.6 2.42151863406e-140
424.61 1.15599724532e-140
424.62 5.51378078393e-141
424.63 2.62764024141e-141
424.64 1.25114033582e-141
424.65 5.95209507136e-142
424.66 2.82915932651e-142
424.67 1.3435958837e-142
424.68 6.37534418572e-143
424.69 3.02247223366e-143
424.7 1.43167590608e-143
424.71 6.77564782968e-144
424.72 3.20391249705e-144
424.73 1.51368037504e-144
424.74 7.1451512538e-145
424.75 3.36986408907e-145
424.76 1.58795085321e-145
424.77 7.47627798148e-146
424.78 3.5168798973e-146
424.79 1.6529257531e-146
424.8 7.76198622326e-147
424.81 3.64180008318e-147
424.82 1.70719467682e-147
424.83 7.99601696429e-148
424.84 3.74186468484e-148
424.85 1.74954920886e-148
424.86 8.17312156694e-149
424.87 3.81481487685e-149
424.88 1.77902761328e-149
424.89 8.28925734965e-150
424.9 3.85897770517e-150
424.91 1.79495112854e-150
424.92 8.34174097092e-151
424.93 3.87332986026e-151
424.94 1.79694994762e-151
424.95 8.32935149289e-152
424.96 3.85753709378e-152
424.97 1.78497749502e-152
424.98 8.25237759724e-153
424.99 3.81196715893e-153
425.0 1.75931223083e-153
425.01 8.11260640341e-154
425.02 3.73767557478e-154
425.03 1.72054688448e-154
425.04 7.9132544942e-155
425.05 3.63636498405e-155
425.06 1.66956569919e-155
425.07 7.65884486582e-156
425.08 3.51032028968e-156
425.09 1.60751090723e-156
425.1 7.35503637551e-157
425.11 3.36232302025e-157
425.12 1.53574021048e-157
425.13 7.00841466485e-158
425.14 3.1955494044e-158
425.15 1.45577747521e-158
425.16 6.62625533656e-159
425.17 3.01345736327e-159
425.18 1.36925913729e-159
425.19 6.21627124996e-160
425.2 2.81966801868e-160
425.21 1.27787893935e-160
425.22 5.78635612749e-161
425.23 2.61784734824e-161
425.24 1.18333358323e-161
425.25 5.34433624187e-162
425.26 2.41159331248e-162
425.27 1.08727168965e-162
425.28 4.89774084731e-163
425.29 2.20433317038e-163
425.3 9.91248133509e-164
425.31 4.45360034304e-164
425.32 1.999234849e-164
425.33 8.96685398123e-165
425.34 4.01827906149e-165
425.35 1.79913521228e-165
425.36 8.04843100215e-166
425.37 3.59734722877e-166
425.38 1.60648696564e-166
425.39 7.16796317422e-167
425.4 3.19549422627e-167
425.41 1.42332481594e-167
425.42 6.33422838601e-168
425.43 2.81648295594e-168
425.44 1.25125045723e-168
425.45 5.55398987195e-169
425.46 2.46314302433e-169
425.47 1.09143503248e-169
425.48 4.83203266256e-170
425.49 2.13739872289e-170
425.5 9.44636978513e-171
425.51 4.17126759563e-171
425.52 1.84032647292e-171
425.53 8.11232624214e-172
425.54 3.57289007372e-172
425.55 1.57223555708e-172
425.56 6.91256591738e-173
425.57 3.03657959976e-173
425.58 1.33276557618e-173
425.59 5.84448941229e-174
425.6 2.5607259234e-174
425.61 1.12099411441e-174
425.62 4.90306080625e-175
425.63 2.14266827137e-175
425.64 9.35548507987e-176
425.65 4.08132702435e-176
425.66 1.7789354585e-176
425.67 7.74716313426e-177
425.68 3.37092370411e-177
425.69 1.465476496e-177
425.7 6.36549973372e-178
425.71 2.76254819703e-178
425.72 1.19787344015e-178
425.73 5.18962192878e-179
425.74 2.24638513685e-179
425.75 9.7153047114e-180
425.76 4.19809583303e-180
425.77 1.81247482398e-180
425.78 7.81835398454e-181
425.79 3.36963134289e-181
425.8 1.45101920671e-181
425.81 6.24291821561e-182
425.82 2.68364980076e-182
425.83 1.15262424882e-182
425.84 4.94621937117e-183
425.85 2.1207169545e-183
425.86 9.08480804508e-184
425.87 3.88841415056e-184
425.88 1.66284966366e-184
425.89 7.10488694054e-185
425.9 3.03308840235e-185
425.91 1.29370923388e-185
425.92 5.51330476311e-186
425.93 2.34752937027e-186
425.94 9.98697083304e-187
425.95 4.24502489053e-187
425.96 1.80281188753e-187
425.97 7.64969813252e-188
425.98 3.24311160809e-188
425.99 1.37373576204e-188
426.0 5.81390895251e-189
426.01 2.45842498425e-189
426.02 1.03865043648e-189
426.03 4.38435354553e-190
426.04 1.84912146331e-190
426.05 7.7920014413e-191
426.06 3.28062296939e-191
426.07 1.38002619769e-191
426.08 5.80018776676e-192
426.09 2.43568144459e-192
426.1 1.02193349703e-192
426.11 4.28399045328e-193
426.12 1.79431243324e-193
426.13 7.50881407797e-194
426.14 3.13955682636e-194
426.15 1.31156270234e-194
426.16 5.47436159253e-195
426.17 2.28297741271e-195
426.18 9.51247354245e-196
426.19 3.96012615823e-196
426.2 1.64720743424e-196
426.21 6.84559620727e-197
426.22 2.84248365161e-197
426.23 1.17925678918e-197
426.24 4.88812729826e-198
426.25 2.02441870836e-198
426.26 8.37687219143e-199
426.27 3.46327636469e-199
426.28 1.43059308423e-199
426.29 5.9043053008e-200
426.3 2.43469858415e-200
426.31 1.0031025003e-200
426.32 4.12923058195e-201
426.33 1.69830883886e-201
426.34 6.97891513329e-202
426.35 2.86538429947e-202
426.36 1.17544293273e-202
426.37 4.81774638177e-203
426.38 1.97292252488e-203
426.39 8.07234734631e-204
426.4 3.29999561837e-204
426.41 1.34787804092e-204
426.42 5.5006187555e-205
426.43 2.24282921779e-205
426.44 9.13702003927e-206
426.45 3.7190897776e-206
426.46 1.51248981743e-206
426.47 6.14570867203e-207
426.48 2.49502666649e-207
426.49 1.01205036651e-207
426.5 4.10159498877e-208
426.51 1.66083746734e-208
426.52 6.71931816875e-209
426.53 2.71610772574e-209
426.54 1.09696428545e-209
426.55 4.4265125317e-210
426.56 1.78465642745e-210
426.57 7.18904588078e-211
426.58 2.89342082346e-211
426.59 1.16352484837e-211
426.6 4.67480430116e-212
426.61 1.87661386129e-212
426.62 7.52679551131e-213
426.63 3.01626175284e-213
426.64 1.20767937545e-213
426.65 4.83123301541e-214
426.66 1.9310256024e-214
426.67 7.71155200668e-215
426.68 3.07694167636e-215
426.69 1.22664939558e-215
426.7 4.88590869217e-216
426.71 1.94443735841e-216
426.72 7.73154484088e-217
426.73 3.07158341518e-217
426.74 1.21921995298e-217
426.75 4.83532334639e-218
426.76 1.91598759922e-218
426.77 7.58548892945e-219
426.78 3.00053140284e-219
426.79 1.18586837222e-219
426.8 4.6827234354e-220
426.81 1.84749913545e-220
426.82 7.28272131572e-221
426.83 2.86831504801e-221
426.84 1.12871351145e-221
426.85 4.43776508453e-222
426.86 1.74328585544e-222
426.87 6.84221342045e-223
426.88 2.68317092344e-223
426.89 1.05129300327e-223
426.9 4.11550299037e-224
426.91 1.60970310451e-224
426.92 6.29060410782e-225
426.93 2.45619384807e-225
426.94 9.58201037684e-226
426.95 3.73486017069e-226
426.96 1.45450684532e-226
426.97 5.65953701386e-227
426.98 2.20023846171e-227
426.99 8.54638222798e-228
427.0 3.31679465499e-228
427.01 1.28611134726e-228
427.02 4.98267163622e-229
427.03 1.92872219289e-229
427.04 7.45934682597e-230
427.05 2.88240920133e-230
427.06 1.11284372971e-230
427.07 4.29275836591e-231
427.08 1.65448340694e-231
427.09 6.37106595538e-232
427.1 2.4512381023e-232
427.11 9.42285718471e-233
427.12 3.61912373506e-233
427.13 1.38882641081e-233
427.14 5.32495834006e-234
427.15 2.03989669628e-234
427.16 7.80771311432e-235
427.17 2.98581731682e-235
427.18 1.14084417735e-235
427.19 4.35525051111e-236
427.2 1.66120665816e-236
427.21 6.33078986353e-237
427.22 2.41054834557e-237
427.23 9.1705948333e-238
427.24 3.48580331844e-238
427.25 1.32382922457e-238
427.26 5.02324964234e-239
427.27 1.90441359123e-239
427.28 7.21375677173e-240
427.29 2.73014322038e-240
427.3 1.03236453808e-240
427.31 3.9003577045e-241
427.32 1.47231084492e-241
427.33 5.55288010314e-242
427.34 2.09247748719e-242
427.35 7.87820004731e-243
427.36 2.96358185609e-243
427.37 1.11385988289e-243
427.38 4.18280781104e-244
427.39 1.56938309675e-244
427.4 5.88320177416e-245
427.41 2.2035465469e-245
427.42 8.24621068725e-246
427.43 3.08326133653e-246
427.44 1.15183417473e-246
427.45 4.29925589255e-247
427.46 1.60332049097e-247
427.47 5.97408095419e-248
427.48 2.22405527286e-248
427.49 8.27263306739e-249
427.5 3.07443743464e-249
427.51 1.14159292841e-249
427.52 4.23526503411e-250
427.53 1.56990592362e-250
427.54 5.81420547913e-251
427.55 2.15144791434e-251
427.56 7.95417257663e-252
427.57 2.93821042136e-252
427.58 1.08441244421e-252
427.59 3.99880110199e-253
427.6 1.47329198445e-253
427.61 5.42339905975e-254
427.62 1.9947019371e-254
427.63 7.33007080718e-255
427.64 2.69129957504e-255
427.65 9.87278383622e-256
427.66 3.61860289445e-256
427.67 1.32515273334e-256
427.68 4.84858104893e-257
427.69 1.77250347445e-257
427.7 6.47415724136e-258
427.71 2.36267019994e-258
427.72 8.61482930309e-259
427.73 3.13844095247e-259
427.74 1.14236518805e-259
427.75 4.15450867965e-260
427.76 1.50958681391e-260
427.77 5.48050059425e-261
427.78 1.98795283882e-261
427.79 7.20469562052e-262
427.8 2.60884880705e-262
427.81 9.43856337694e-263
427.82 3.41182379973e-263
427.83 1.23222780663e-263
427.84 4.4465085115e-264
427.85 1.60313820303e-264
427.86 5.77492717109e-265
427.87 2.07847962808e-265
427.88 7.47426936408e-266
427.89 2.68543985995e-266
427.9 9.6401952249e-267
427.91 3.45764132006e-267
427.92 1.23907547948e-267
427.93 4.4364878682e-268
427.94 1.58710093088e-268
427.95 5.67274820406e-269
427.96 2.02584484255e-269
427.97 7.22840646643e-270
427.98 2.57693025152e-270
427.99 9.17881199515e-271
428.0 3.26658525717e-271
428.01 1.16151609813e-271
428.02 4.12648415161e-272
428.03 1.46473426793e-272
428.04 5.1947088956e-273
428.05 1.84071817702e-273
428.06 6.51684061119e-274
428.07 2.30521061019e-274
428.08 8.14718978337e-275
428.09 2.87692651385e-275
428.1 1.01501723568e-275
428.11 3.57801187521e-276
428.12 1.26018367958e-276
428.13 4.43455082283e-277
428.14 1.55915443638e-277
428.15 5.47712112717e-278
428.16 1.92238012935e-278
428.17 6.74139701617e-279
428.18 2.36202370986e-279
428.19 8.26879668386e-280
428.2 2.89217179664e-280
428.21 1.01071700466e-280
428.22 3.52905779451e-281
428.23 1.23115201868e-281
428.24 4.29129434962e-282
428.25 1.49447495232e-282
428.26 5.20011189581e-283
428.27 1.80784190803e-283
428.28 6.27959916383e-284
428.29 2.17935063198e-284
428.3 7.5569405745e-285
428.31 2.61811439102e-285
428.32 9.06264443593e-286
428.33 3.13433185846e-286
428.34 1.08307548376e-286
428.35 3.73935059877e-287
428.36 1.28990391098e-287
428.37 4.44572142147e-288
428.38 1.53091417309e-288
428.39 5.26724057372e-289
428.4 1.81066946589e-289
428.41 6.21897647281e-290
428.42 2.1341373286e-290
428.43 7.31727745912e-291
428.44 2.50668866078e-291
428.45 8.57975689384e-292
428.46 2.93408898341e-292
428.47 1.00252518515e-292
428.48 3.4224807576e-293
428.49 1.16737516815e-293
428.5 3.97835560026e-294
428.51 1.35462928549e-294
428.52 4.60851530078e-295
428.53 1.56648167817e-295
428.54 5.32002065082e-296
428.55 1.80519877048e-296
428.56 6.12012725547e-297
428.57 2.07309683432e-297
428.58 7.01620769996e-298
428.59 2.37251516929e-298
428.6 8.01565970276e-299
428.61 2.70578482847e-299
428.62 9.12580019375e-300
428.63 3.07519292485e-300
428.64 1.03537456116e-300
428.65 3.48294267286e-301
428.66 1.17062791131e-301
428.67 3.93110945167e-302
428.68 1.31897058219e-302
428.69 4.42159331882e-303
428.7 1.48096977069e-303
428.71 4.95606855222e-304
428.72 1.65711301557e-304
428.73 5.53593094966e-305
428.74 1.84779127891e-305
428.75 6.16224376509e-306
428.76 2.05328175267e-306
428.77 6.8356833035e-307
428.78 2.27373073445e-307
428.79 7.55648532625e-308
428.8 2.50913695543e-308
428.81 8.32439353011e-309
428.82 2.75933577471e-309
428.83 9.13861145094e-310
428.84 3.02398467767e-310
428.85 9.99775920028e-311
428.86 3.30255052879e-311
428.87 1.08998364662e-311
428.88 3.59429903058e-312
428.89 1.18421931935e-312
428.9 3.89828682852e-313
428.91 1.28215092984e-313
428.92 4.21335667595e-314
428.93 1.38337846701e-314
428.94 4.53813603352e-315
428.95 1.48743405807e-315
428.96 4.87103944689e-316
428.97 1.59378334346e-316
428.98 5.21027499827e-317
428.99 1.70182789159e-317
429.0 5.55385615344e-318
429.01 1.81090869301e-318
429.02 5.89958847043e-319
429.03 1.92033435226e-319
429.04 6.24498976343e-320
429.05 2.02912760747e-320
429.06 6.58589505906e-321
429.07 2.13930424649e-321
429.08 6.91691904178e-322
429.09 2.22329540629e-322
429.1 7.41098468762e-323
429.11 2.47032822921e-323
429.12 9.88131291682e-324
429.13 0.0
429.14 0.0
429.15 0.0
429.16 0.0
429.17 0.0
429.18 0.0
429.19 0.0
429.2 0.0
429.21 0.0
429.22 0.0
429.23 0.0
429.24 0.0
429.25 0.0
429.26 0.0
429.27 0.0
429.28 0.0
429.29 0.0
429.3 0.0
429.31 0.0
429.32 0.0
429.33 0.0
429.34 0.0
429.35 0.0
429.36 0.0
429.37 0.0
429.38 0.0
429.39 0.0
429.4 0.0
429.41 0.0
429.42 0.0
429.43 0.0
429.44 0.0
429.45 0.0
429.46 0.0
429.47 0.0
429.48 0.0
429.49 0.0
429.5 0.0
429.51 0.0
429.52 0.0
429.53 0.0
429.54 0.0
429.55 0.0
429.56 0.0
429.57 0.0
429.58 0.0
429.59 0.0
429.6 0.0
429.61 0.0
429.62 0.0
429.63 0.0
429.64 0.0
429.65 0.0
429.66 0.0
429.67 0.0
429.68 0.0
429.69 0.0
429.7 0.0
429.71 0.0
429.72 0.0
429.73 0.0
429.74 0.0
429.75 0.0
429.76 0.0
429.77 0.0
429.78 0.0
429.79 0.0
429.8 0.0
429.81 0.0
429.82 0.0
429.83 0.0
429.84 0.0
429.85 0.0
429.86 0.0
429.87 0.0
429.88 0.0
429.89 0.0
429.9 0.0
429.91 0.0
429.92 0.0
429.93 0.0
429.94 0.0
429.95 0.0
429.96 0.0
429.97 0.0
429.98 0.0
429.99 0.0
