400.0 3.67650647169e-24
400.01 4.91869350329e-24
400.02 6.57488105459e-24
400.03 8.78111676353e-24
400.04 1.17175095501e-23
400.05 1.56222863062e-23
400.06 2.08102636236e-23
400.07 2.76970990088e-23
400.08 3.68311006695e-23
400.09 4.8934913417e-23
400.1 6.4960096796e-23
400.11 8.61585169859e-23
400.12 1.14175646433e-22
400.13 1.51172381846e-22
400.14 1.99983951298e-22
400.15 2.64327011979e-22
400.16 3.49069304566e-22
400.17 4.60580436937e-22
400.18 6.07187785693e-22
400.19 7.9976846955e-22
400.2 1.05251729884e-21
400.21 1.38394209447e-21
400.22 1.81815250389e-21
400.23 2.38652731849e-21
400.24 3.12986945884e-21
400.25 4.10118868973e-21
400.26 5.36929159494e-21
400.27 7.02340871158e-21
400.28 9.17915294403e-21
400.29 1.1986185177e-20
400.3 1.56380670957e-20
400.31 2.03849135453e-20
400.32 2.65496248094e-20
400.33 3.45486924064e-20
400.34 4.4918842256e-20
400.35 5.83511212853e-20
400.36 7.57344664605e-20
400.37 9.82113423463e-20
400.38 1.27248724053e-19
400.39 1.64728573682e-19
400.4 2.13063056231e-19
400.41 2.75341122858e-19
400.42 3.55514827378e-19
400.43 4.58635925232e-19
400.44 5.91156044557e-19
400.45 7.61307154949e-19
400.46 9.79583363404e-19
400.47 1.25935045257e-18
400.48 1.61761630914e-18
400.49 2.07600379825e-18
400.5 2.66197812992e-18
400.51 3.41039383816e-18
400.52 4.36544277238e-18
400.53 5.58310475059e-18
400.54 7.13422768606e-18
400.55 9.10839523523e-18
400.56 1.16187787517e-17
400.57 1.48082183213e-17
400.58 1.88568370473e-17
400.59 2.39915661893e-17
400.6 3.04980494599e-17
400.61 3.87355066958e-17
400.62 4.9155275069e-17
400.63 6.23239158688e-17
400.64 7.89519838389e-17
400.65 9.9929812836e-17
400.66 1.26371986795e-16
400.67 1.59672551568e-16
400.68 2.01573496807e-16
400.69 2.54249616647e-16
400.7 3.20413566607e-16
400.71 4.03445799548e-16
400.72 5.07555119476e-16
400.73 6.37976878929e-16
400.74 8.01217412619e-16
400.75 1.00535520586e-15
400.76 1.26041161193e-15
400.77 1.57880674304e-15
400.78 1.97591956762e-15
400.79 2.4707753739e-15
400.8 3.08688875432e-15
400.81 3.85329630146e-15
400.82 4.80582049457e-15
400.83 5.98861504689e-15
400.84 7.45605257504e-15
400.85 9.27502820041e-15
400.86 1.15277680189e-14
400.87 1.43152497839e-14
400.88 1.77613652325e-14
400.89 2.20179799523e-14
400.9 2.72710783762e-14
400.91 3.37482193817e-14
400.92 4.17275732485e-14
400.93 5.15488647389e-14
400.94 6.36266114683e-14
400.95 7.84661234017e-14
400.96 9.66828205144e-14
400.97 1.19025534015e-13
400.98 1.46404585124e-13
400.99 1.79925587883e-13
401.0 2.20930102975e-13
401.01 2.71044483179e-13
401.02 3.32238503364e-13
401.03 4.06895665842e-13
401.04 4.97897423047e-13
401.05 6.08723973032e-13
401.06 7.43574769786e-13
401.07 9.07512461948e-13
401.08 1.10663464437e-12
401.09 1.34827859346e-12
401.1 1.64126507831e-12
401.11 1.99618841664e-12
401.12 2.42576120338e-12
401.13 2.94522360833e-12
401.14 3.57282885112e-12
401.15 4.3304184551e-12
401.16 5.24410319942e-12
401.17 6.34506838091e-12
401.18 7.67052512072e-12
401.19 9.26483307025e-12
401.2 1.118082406e-11
401.21 1.34813610774e-11
401.22 1.62411725528e-11
401.23 1.95490083783e-11
401.24 2.35101715164e-11
401.25 2.82494875949e-11
401.26 3.39147847091e-11
401.27 4.06809669139e-11
401.28 4.87547778076e-11
401.29 5.83803653915e-11
401.3 6.98457762896e-11
401.31 8.3490526717e-11
401.32 9.97144195904e-11
401.33 1.18987802243e-10
401.34 1.41863487721e-10
401.35 1.68990595014e-10
401.36 2.0113060035e-10
401.37 2.39175933257e-10
401.38 2.84171498271e-10
401.39 3.37339556322e-10
401.4 4.00108459928e-10
401.41 4.74145803998e-10
401.42 5.61396630181e-10
401.43 6.6412740829e-10
401.44 7.84976614341e-10
401.45 9.27012832378e-10
401.46 1.09380142761e-09
401.47 1.28948097294e-09
401.48 1.51885076103e-09
401.49 1.7874709012e-09
401.5 2.10177668647e-09
401.51 2.46920912251e-09
401.52 2.89836373925e-09
401.53 3.39916005956e-09
401.54 3.98303437943e-09
401.55 4.6631588236e-09
401.56 5.45468998103e-09
401.57 6.3750507996e-09
401.58 7.44424983081e-09
401.59 8.6852423663e-09
401.6 1.01243385014e-08
401.61 1.17916637005e-08
401.62 1.3721678025e-08
401.63 1.59537608272e-08
401.64 1.85328684035e-08
401.65 2.15102728567e-08
401.66 2.49443912295e-08
401.67 2.89017148501e-08
401.68 3.34578497763e-08
401.69 3.86986802449e-08
401.7 4.47216681186e-08
401.71 5.16373024947e-08
401.72 5.95707148788e-08
401.73 6.8663476657e-08
401.74 7.90755970022e-08
401.75 9.09877408407e-08
401.76 1.04603688075e-07
401.77 1.20153056911e-07
401.78 1.3789431588e-07
401.79 1.58118110935e-07
401.8 1.81150935918e-07
401.81 2.07359176631e-07
401.82 2.37153560762e-07
401.83 2.70994048026e-07
401.84 3.09395196953e-07
401.85 3.52932046982e-07
401.86 4.02246556654e-07
401.87 4.58054640927e-07
401.88 5.21153852815e-07
401.89 5.9243175671e-07
401.9 6.72875042882e-07
401.91 7.63579434671e-07
401.92 8.65760441847e-07
401.93 9.80765015415e-07
401.94 1.11008416082e-06
401.95 1.2553665679e-06
401.96 1.41843331728e-06
401.97 1.60129372364e-06
401.98 1.80616237714e-06
401.99 2.03547744437e-06
402.0 2.2919202901e-06
402.01 2.57843648033e-06
402.02 2.89825822629e-06
402.03 3.25492832689e-06
402.04 3.6523256649e-06
402.05 4.09469230915e-06
402.06 4.58666227098e-06
402.07 5.13329195843e-06
402.08 5.74009236631e-06
402.09 6.41306303351e-06
402.1 7.15872779133e-06
402.11 7.9841723181e-06
402.12 8.8970835055e-06
402.13 9.90579063098e-06
402.14 1.10193083184e-05
402.15 1.22473812561e-05
402.16 1.36005306252e-05
402.17 1.50901021778e-05
402.18 1.67283158832e-05
402.19 1.85283170454e-05
402.2 2.05042287724e-05
402.21 2.2671205656e-05
402.22 2.50454885011e-05
402.23 2.76444599146e-05
402.24 3.04867005432e-05
402.25 3.3592045719e-05
402.26 3.69816422477e-05
402.27 4.0678005043e-05
402.28 4.47050732832e-05
402.29 4.90882657355e-05
402.3 5.38545348639e-05
402.31 5.90324193041e-05
402.32 6.46520942621e-05
402.33 7.07454193582e-05
402.34 7.73459834129e-05
402.35 8.44891456378e-05
402.36 9.2212072672e-05
402.37 0.000100553770872
402.38 0.000109555113244
402.39 0.000119258860384
402.4 0.000129709674764
402.41 0.0001409541277
402.42 0.000153040698312
402.43 0.000166019763775
402.44 0.000179943580175
402.45 0.000194866253244
402.46 0.000210843698301
402.47 0.000227933588689
402.48 0.000246195292046
402.49 0.000265689793757
402.5 0.000286479606948
402.51 0.000308628668452
402.52 0.00033220222018
402.53 0.000357266675402
402.54 0.000383889469498
402.55 0.00041213889479
402.56 0.00044208391914
402.57 0.000473793988103
402.58 0.000507338810464
402.59 0.00054278812712
402.6 0.000580211463361
402.61 0.000619677864687
402.62 0.00066125561646
402.63 0.000705011947746
402.64 0.000751012719898
402.65 0.000799322100504
402.66 0.000850002223492
402.67 0.000903112836302
402.68 0.000958710935194
402.69 0.00101685038989
402.7 0.0010775815589
402.71 0.001140950897
402.72 0.00120700055648
402.73 0.00127576798399
402.74 0.0013472855148
402.75 0.0014215799665
402.76 0.00149867223432
402.77 0.00157857689033
402.78 0.0016613017888
402.79 0.0017468476802
402.8 0.0018352078364
402.81 0.00192636768959
402.82 0.00202030448756
402.83 0.00211698696803
402.84 0.00221637505473
402.85 0.0023184195778
402.86 0.00242306202129
402.87 0.0025302343003
402.88 0.00263985857033
402.89 0.0027518470713
402.9 0.00286610200856
402.91 0.00298251547328
402.92 0.00310096940406
402.93 0.00322133559192
402.94 0.00334347573025
402.95 0.0034672415113
402.96 0.00359247477055
402.97 0.00371900767985
402.98 0.00384666299032
402.99 0.00397525432544
403.0 0.00410458652446
403.01 0.00423445603619
403.02 0.00436465136273
403.03 0.00449495355234
403.04 0.00462513674053
403.05 0.00475496873797
403.06 0.00488421166348
403.07 0.00501262262011
403.08 0.00513995441194
403.09 0.00526595629903
403.1 0.00539037478743
403.11 0.00551295445109
403.12 0.00563343878208
403.13 0.00575157106546
403.14 0.00586709527457
403.15 0.0059797569827
403.16 0.00608930428666
403.17 0.00619548873756
403.18 0.00629806627428
403.19 0.00639679815466
403.2 0.00649145187957
403.21 0.00658180210494
403.22 0.00666763153689
403.23 0.00674873180496
403.24 0.00682490430864
403.25 0.00689596103265
403.26 0.00696172532609
403.27 0.00702203264134
403.28 0.00707673122838
403.29 0.00712568278049
403.3 0.00716876302781
403.31 0.00720586227523
403.32 0.00723688588161
403.33 0.00726175467752
403.34 0.00728040531925
403.35 0.007292790577
403.36 0.00729887955584
403.37 0.00729865784813
403.38 0.00729212761686
403.39 0.00727930760944
403.4 0.00726023310231
403.41 0.00723495577678
403.42 0.00720354352732
403.43 0.0071660802036
403.44 0.0071226652883
403.45 0.00707341351289
403.46 0.00701845441417
403.47 0.00695793183449
403.48 0.00689200336924
403.49 0.00682083976514
403.5 0.00674462427351
403.51 0.00666355196277
403.52 0.00657782899473
403.53 0.0064876718693
403.54 0.00639330664276
403.55 0.00629496812439
403.56 0.00619289905682
403.57 0.00608734928513
403.58 0.00597857492015
403.59 0.00586683750098
403.6 0.00575240316207
403.61 0.00563554180996
403.62 0.00551652631458
403.63 0.00539563172002
403.64 0.0052731344795
403.65 0.00514931171886
403.66 0.00502444053289
403.67 0.00489879731842
403.68 0.00477265714787
403.69 0.00464629318648
403.7 0.00451997615644
403.71 0.00439397385034
403.72 0.00426855069653
403.73 0.00414396737797
403.74 0.00402048050639
403.75 0.00389834235271
403.76 0.00377780063453
403.77 0.00365909836098
403.78 0.00354247373483
403.79 0.00342816011138
403.8 0.00331638601326
403.81 0.0032073751998
403.82 0.0031013467893
403.83 0.00299851543223
403.84 0.00289909153271
403.85 0.00280328151587
403.86 0.0027112881375
403.87 0.00262331083302
403.88 0.00253954610169
403.89 0.00246018792222
403.9 0.00238542819541
403.91 0.00231545720939
403.92 0.00225046412255
403.93 0.0021906374594
403.94 0.00213616561415
403.95 0.00208723735674
403.96 0.00204404233599
403.97 0.00200677157446
403.98 0.00197561794927
403.99 0.00195077665362
404.0 0.00193244563315
404.01 0.00192082599185
404.02 0.00191612236175
404.03 0.00191854323128
404.04 0.00192830122672
404.05 0.00194561334185
404.06 0.00197070111062
404.07 0.00200379071824
404.08 0.00204511304618
404.09 0.00209490364673
404.1 0.00215340264339
404.11 0.00222085455343
404.12 0.00229750802943
404.13 0.00238361551717
404.14 0.00247943282741
404.15 0.00258521861977
404.16 0.00270123379749
404.17 0.00282774081216
404.18 0.00296500287828
404.19 0.003113283098
404.2 0.00327284349715
404.21 0.003443943974
404.22 0.00362684116334
404.23 0.00382178721861
404.24 0.00402902851598
404.25 0.00424880428462
404.26 0.0044813451683
404.27 0.00472687172424
404.28 0.00498559286552
404.29 0.00525770425438
404.3 0.0055433866544
404.31 0.00584280424986
404.32 0.00615610294169
404.33 0.00648340862984
404.34 0.00682482549216
404.35 0.0071804342711
404.36 0.00755029057924
404.37 0.00793442323567
404.38 0.00833283264531
404.39 0.00874548923359
404.4 0.00917233194923
404.41 0.00961326684775
404.42 0.0100681657688
404.43 0.0105368651198
404.44 0.0110191647791
404.45 0.0115148271303
404.46 0.0120235762402
404.47 0.0125450971931
404.48 0.0130790355903
404.49 0.0136249972272
404.5 0.0141825479573
404.51 0.0147512137513
404.52 0.0153304809598
404.53 0.0159197967868
404.54 0.0165185699779
404.55 0.0171261717308
404.56 0.0177419368271
404.57 0.0183651649915
404.58 0.0189951224746
404.59 0.0196310438609
404.6 0.0202721340973
404.61 0.0209175707386
404.62 0.0215665064031
404.63 0.0222180714308
404.64 0.0228713767343
404.65 0.0235255168315
404.66 0.0241795730472
404.67 0.0248326168686
404.68 0.0254837134393
404.69 0.026131925174
404.7 0.0267763154752
404.71 0.0274159525311
404.72 0.0280499131739
404.73 0.0286772867761
404.74 0.029297179161
404.75 0.0299087165032
404.76 0.0305110491949
404.77 0.0311033556525
404.78 0.0316848460374
404.79 0.0322547658668
404.8 0.0328123994873
404.81 0.0333570733883
404.82 0.0338881593284
404.83 0.0344050772525
404.84 0.034907297976
404.85 0.0353943456142
404.86 0.0358657997362
404.87 0.0363212972252
404.88 0.0367605338262
404.89 0.0371832653675
404.9 0.0375893086404
404.91 0.0379785419277
404.92 0.0383509051708
404.93 0.0387063997685
404.94 0.0390450880049
404.95 0.0393670921026
404.96 0.0396725929041
404.97 0.0399618281849
404.98 0.0402350906035
404.99 0.0404927252987
405.0 0.0407351271466
405.01 0.0409627376895
405.02 0.0411760417565
405.03 0.0413755637928
405.04 0.0415618639223
405.05 0.0417355337646
405.06 0.0418971920352
405.07 0.042047479955
405.08 0.0421870565009
405.09 0.0423165935263
405.1 0.0424367707863
405.11 0.0425482708999
405.12 0.042651774284
405.13 0.0427479540942
405.14 0.0428374712073
405.15 0.0429209692809
405.16 0.0429990699248
405.17 0.0430723680198
405.18 0.0431414272149
405.19 0.0432067756386
405.2 0.0432689018529
405.21 0.0433282510816
405.22 0.0433852217392
405.23 0.0434401622873
405.24 0.0434933684416
405.25 0.0435450807504
405.26 0.0435954825643
405.27 0.0436446984108
405.28 0.0436927927893
405.29 0.0437397693941
405.3 0.0437855707732
405.31 0.0438300784274
405.32 0.0438731133486
405.33 0.0439144369957
405.34 0.0439537527021
405.35 0.0439907075059
405.36 0.0440248943904
405.37 0.0440558549207
405.38 0.0440830822579
405.39 0.0441060245312
405.4 0.0441240885438
405.41 0.0441366437884
405.42 0.0441430267445
405.43 0.0441425454269
405.44 0.0441344841557
405.45 0.0441181085149
405.46 0.0440926704644
405.47 0.0440574135728
405.48 0.044011578333
405.49 0.0439544075269
405.5 0.0438851516016
405.51 0.0438030740224
405.52 0.0437074565657
405.53 0.0435976045176
405.54 0.0434728517456
405.55 0.0433325656075
405.56 0.0431761516692
405.57 0.0430030581999
405.58 0.0428127804174
405.59 0.0426048644569
405.6 0.0423789110406
405.61 0.0421345788258
405.62 0.0418715874124
405.63 0.0415897199945
405.64 0.0412888256404
405.65 0.0409688211923
405.66 0.040629692775
405.67 0.0402714969097
405.68 0.039894361229
405.69 0.0394984847939
405.7 0.0390841380145
405.71 0.0386516621797
405.72 0.0382014686046
405.73 0.0377340374037
405.74 0.0372499159047
405.75 0.0367497167145
405.76 0.0362341154573
405.77 0.0357038481994
405.78 0.0351597085841
405.79 0.0346025446952
405.8 0.0340332556738
405.81 0.0334527881109
405.82 0.0328621322414
405.83 0.0322623179633
405.84 0.0316544107092
405.85 0.0310395071955
405.86 0.0304187310755
405.87 0.0297932285214
405.88 0.0291641637625
405.89 0.0285327146034
405.9 0.0279000679468
405.91 0.0272674153453
405.92 0.0266359486043
405.93 0.0260068554582
405.94 0.0253813153394
405.95 0.0247604952611
405.96 0.0241455458298
405.97 0.0235375974054
405.98 0.0229377564233
405.99 0.0223471018913
406.0 0.0217666820751
406.01 0.0211975113796
406.02 0.0206405674378
406.03 0.0200967884123
406.04 0.0195670705161
406.05 0.0190522657563
406.06 0.0185531799029
406.07 0.0180705706855
406.08 0.0176051462157
406.09 0.0171575636352
406.1 0.016728427987
406.11 0.0163182913047
406.12 0.0159276519174
406.13 0.0155569539624
406.14 0.0152065871006
406.15 0.0148768864269
406.16 0.0145681325679
406.17 0.0142805519582
406.18 0.0140143172877
406.19 0.0137695481083
406.2 0.0135463115931
406.21 0.0133446234367
406.22 0.0131644488875
406.23 0.0130057039019
406.24 0.0128682564108
406.25 0.0127519276877
406.26 0.012656493811
406.27 0.0125816872079
406.28 0.0125271982734
406.29 0.0124926770541
406.3 0.0124777349885
406.31 0.0124819466952
406.32 0.012504851802
406.33 0.0125459568067
406.34 0.012604736964
406.35 0.0126806381908
406.36 0.0127730789832
406.37 0.0128814523407
406.38 0.0130051276897
406.39 0.0131434528031
406.4 0.0132957557098
406.41 0.0134613465904
406.42 0.013639519654
406.43 0.0138295549937
406.44 0.0140307204159
406.45 0.0142422732405
406.46 0.0144634620704
406.47 0.0146935285254
406.48 0.0149317089407
406.49 0.0151772360255
406.5 0.015429340482
406.51 0.0156872525812
406.52 0.0159502036961
406.53 0.0162174277891
406.54 0.0164881628542
406.55 0.0167616523121
406.56 0.0170371463583
406.57 0.0173139032628
406.58 0.0175911906225
406.59 0.0178682865637
406.6 0.018144480898
406.61 0.0184190762282
406.62 0.0186913890067
406.63 0.0189607505461
406.64 0.0192265079817
406.65 0.0194880251878
406.66 0.0197446836468
406.67 0.0199958832729
406.68 0.020241043191
406.69 0.0204796024714
406.7 0.0207110208202
406.71 0.0209347792287
406.72 0.02115038058
406.73 0.0213573502154
406.74 0.0215552364611
406.75 0.0217436111152
406.76 0.0219220698976
406.77 0.022090232862
406.78 0.0222477447709
406.79 0.0223942754353
406.8 0.0225295200186
406.81 0.0226531993054
406.82 0.0227650599359
406.83 0.0228648746052
406.84 0.0229524422292
406.85 0.0230275880751
406.86 0.0230901638579
406.87 0.023140047801
406.88 0.0231771446629
406.89 0.0232013857258
406.9 0.0232127287493
406.91 0.0232111578849
406.92 0.0231966835523
406.93 0.0231693422764
406.94 0.0231291964822
406.95 0.0230763342486
406.96 0.0230108690176
406.97 0.022932939259
406.98 0.0228427080896
406.99 0.0227403628432
407.0 0.0226261145933
407.01 0.0225001976249
407.02 0.0223628688555
407.03 0.0222144072037
407.04 0.0220551129054
407.05 0.0218853067759
407.06 0.0217053294189
407.07 0.0215155403801
407.08 0.0213163172487
407.09 0.0211080547039
407.1 0.0208911635093
407.11 0.0206660694557
407.12 0.0204332122532
407.13 0.0201930443756
407.14 0.0199460298578
407.15 0.0196926430499
407.16 0.0194333673303
407.17 0.0191686937815
407.18 0.0188991198326
407.19 0.0186251478709
407.2 0.0183472838301
407.21 0.018066035756
407.22 0.0177819123589
407.23 0.0174954215548
407.24 0.0172070690024
407.25 0.0169173566423
407.26 0.0166267812435
407.27 0.0163358329643
407.28 0.0160449939325
407.29 0.015754736854
407.3 0.0154655236536
407.31 0.0151778041558
407.32 0.0148920148118
407.33 0.0146085774797
407.34 0.0143278982622
407.35 0.0140503664101
407.36 0.0137763532954
407.37 0.0135062114606
407.38 0.0132402737488
407.39 0.0129788525189
407.4 0.0127222389519
407.41 0.0124707024491
407.42 0.0122244901289
407.43 0.0119838264227
407.44 0.0117489127726
407.45 0.0115199274337
407.46 0.0112970253809
407.47 0.0110803383205
407.48 0.0108699748086
407.49 0.0106660204722
407.5 0.0104685383355
407.51 0.0102775692456
407.52 0.0100931323984
407.53 0.00991522595945
407.54 0.00974382777658
407.55 0.00957889618028
407.56 0.00942037086681
407.57 0.00926817385884
407.58 0.00912221053763
407.59 0.00898237074087
407.6 0.00884852991934
407.61 0.00872055034566
407.62 0.00859828236778
407.63 0.00848156569973
407.64 0.00837023074212
407.65 0.00826409992434
407.66 0.00816298906068
407.67 0.00806670871235
407.68 0.00797506554741
407.69 0.00788786369069
407.7 0.00780490605593
407.71 0.00772599565243
407.72 0.00765093685874
407.73 0.00757953665633
407.74 0.00751160581609
407.75 0.0074469600314
407.76 0.00738542099129
407.77 0.00732681738821
407.78 0.00727098585489
407.79 0.00721777182561
407.8 0.00716703031751
407.81 0.00711862662823
407.82 0.00707243694655
407.83 0.00702834887363
407.84 0.00698626185257
407.85 0.00694608750492
407.86 0.00690774987347
407.87 0.00687118557074
407.88 0.00683634383383
407.89 0.00680318648642
407.9 0.00677168780945
407.91 0.00674183432262
407.92 0.00671362447931
407.93 0.006687068278
407.94 0.00666218679397
407.95 0.00663901163531
407.96 0.00661758432775
407.97 0.0065979556333
407.98 0.00658018480811
407.99 0.00656433880494
408.0 0.0065504914264
408.01 0.00653872243501
408.02 0.00652911662642
408.03 0.00652176287239
408.04 0.00651675314006
408.05 0.00651418149425
408.06 0.00651414308955
408.07 0.00651673315873
408.08 0.00652204600426
408.09 0.00653017399936
408.1 0.00654120660487
408.11 0.00655522940826
408.12 0.00657232319054
408.13 0.00659256302678
408.14 0.00661601742571
408.15 0.00664274751319
408.16 0.00667280626441
408.17 0.00670623778899
408.18 0.00674307667291
408.19 0.00678334738056
408.2 0.00682706372007
408.21 0.00687422837433
408.22 0.00692483249979
408.23 0.00697885539458
408.24 0.00703626423717
408.25 0.00709701389604
408.26 0.00716104681063
408.27 0.0072282929433
408.28 0.00729866980136
408.29 0.00737208252828
408.3 0.00744842406212
408.31 0.00752757535951
408.32 0.00760940568256
408.33 0.00769377294608
408.34 0.00778052412205
408.35 0.00786949569794
408.36 0.00796051418534
408.37 0.008053396675
408.38 0.00814795143427
408.39 0.00824397854281
408.4 0.00834127056209
408.41 0.00843961323442
408.42 0.00853878620698
408.43 0.00863856377629
408.44 0.00873871564878
408.45 0.00883900771287
408.46 0.00893920281833
408.47 0.00903906155853
408.48 0.0091383430516
408.49 0.0092368057164
408.5 0.00933420803964
408.51 0.00943030933047
408.52 0.00952487045929
408.53 0.00961765457766
408.54 0.00970842781634
408.55 0.00979695995909
408.56 0.00988302508981
408.57 0.00996640221088
408.58 0.0100468758313
408.59 0.0101242365228
408.6 0.0101982814429
408.61 0.0102688148242
408.62 0.0103356484292
408.63 0.0103986019697
408.64 0.0104575034916
408.65 0.0105121897246
408.66 0.0105625063975
408.67 0.0106083085191
408.68 0.0106494606256
408.69 0.0106858369959
408.7 0.010717321835
408.71 0.0107438094273
408.72 0.0107652042599
408.73 0.0107814211193
408.74 0.0107923851598
408.75 0.0107980319484
408.76 0.0107983074844
408.77 0.0107931681975
408.78 0.0107825809246
408.79 0.0107665228661
408.8 0.0107449815251
408.81 0.0107179546279
408.82 0.0106854500292
408.83 0.0106474856017
408.84 0.0106040891123
408.85 0.0105552980837
408.86 0.0105011596446
408.87 0.0104417303676
408.88 0.0103770760954
408.89 0.0103072717568
408.9 0.0102324011713
408.91 0.010152556844
408.92 0.0100678397504
408.93 0.00997835911035
408.94 0.00988423215329
408.95 0.00978558387239
408.96 0.00968254676918
408.97 0.00957526058784
408.98 0.00946387203931
408.99 0.00934853451489
409.0 0.00922940778945
409.01 0.009106657714
409.02 0.00898045589757
409.03 0.00885097937849
409.04 0.00871841028495
409.05 0.00858293548507
409.06 0.00844474622654
409.07 0.00830403776615
409.08 0.00816100898954
409.09 0.0080158620215
409.1 0.00786880182749
409.11 0.00772003580684
409.12 0.00756977337845
409.13 0.00741822555976
409.14 0.0072656045399
409.15 0.00711212324801
409.16 0.0069579949178
409.17 0.00680343264959
409.18 0.00664864897096
409.19 0.00649385539741
409.2 0.00633926199438
409.21 0.00618507694196
409.22 0.00603150610391
409.23 0.00587875260225
409.24 0.00572701639911
409.25 0.00557649388725
409.26 0.00542737749076
409.27 0.00527985527732
409.28 0.00513411058368
409.29 0.0049903216555
409.3 0.00484866130312
409.31 0.00470929657442
409.32 0.00457238844601
409.33 0.00443809153392
409.34 0.00430655382485
409.35 0.00417791642892
409.36 0.00405231335473
409.37 0.00392987130758
409.38 0.00381070951152
409.39 0.00369493955563
409.4 0.00358266526505
409.41 0.00347398259717
409.42 0.003368979563
409.43 0.0032677361739
409.44 0.00317032441374
409.45 0.00307680823619
409.46 0.00298724358707
409.47 0.00290167845132
409.48 0.00282015292423
409.49 0.00274269930638
409.5 0.00266934222171
409.51 0.00260009875798
409.52 0.00253497862889
409.53 0.00247398435708
409.54 0.00241711147694
409.55 0.00236434875645
409.56 0.00231567843692
409.57 0.00227107648951
409.58 0.0022305128876
409.59 0.00219395189356
409.6 0.00216135235899
409.61 0.002132668037
409.62 0.0021078479053
409.63 0.00208683649883
409.64 0.00206957425059
409.65 0.00205599783921
409.66 0.0020460405421
409.67 0.00203963259243
409.68 0.00203670153894
409.69 0.00203717260674
409.7 0.00204096905793
409.71 0.00204801255039
409.72 0.00205822349342
409.73 0.00207152139856
409.74 0.00208782522423
409.75 0.00210705371263
409.76 0.00212912571742
409.77 0.00215396052068
409.78 0.00218147813763
409.79 0.00221159960768
409.8 0.00224424727032
409.81 0.00227934502446
409.82 0.00231681856974
409.83 0.00235659562853
409.84 0.0023986061473
409.85 0.00244278247606
409.86 0.0024890595247
409.87 0.00253737489514
409.88 0.00258766898825
409.89 0.0026398850846
409.9 0.00269396939828
409.91 0.00274987110295
409.92 0.00280754232975
409.93 0.00286693813646
409.94 0.00292801644775
409.95 0.00299073796636
409.96 0.00305506605526
409.97 0.00312096659109
409.98 0.00318840778922
409.99 0.00325736000115
410.0 0.00332779548499
410.01 0.00339968815013
410.02 0.00347301327733
410.03 0.00354774721564
410.04 0.00362386705789
410.05 0.00370135029656
410.06 0.00378017446222
410.07 0.00386031674668
410.08 0.00394175361344
410.09 0.00402446039812
410.1 0.00410841090153
410.11 0.00419357697862
410.12 0.00427992812619
410.13 0.00436743107279
410.14 0.00445604937404
410.15 0.00454574301689
410.16 0.00463646803627
410.17 0.00472817614758
410.18 0.00482081439871
410.19 0.00491432484494
410.2 0.00500864425019
410.21 0.00510370381819
410.22 0.00519942895649
410.23 0.0052957390768
410.24 0.00539254743441
410.25 0.0054897610095
410.26 0.00558728043293
410.27 0.00568499995882
410.28 0.00578280748588
410.29 0.00588058462921
410.3 0.0059782068441
410.31 0.00607554360272
410.32 0.00617245862447
410.33 0.00626881016034
410.34 0.00636445133113
410.35 0.00645923051911
410.36 0.00655299181223
410.37 0.00664557549954
410.38 0.0067368186162
410.39 0.00682655553584
410.4 0.0069146186079
410.41 0.00700083883689
410.42 0.00708504660042
410.43 0.00716707240214
410.44 0.00724674765589
410.45 0.00732390549643
410.46 0.00739838161229
410.47 0.0074700150959
410.48 0.00753864930579
410.49 0.0076041327355
410.5 0.00766631988394
410.51 0.00772507212125
410.52 0.00778025854487
410.53 0.00783175681963
410.54 0.00787945399654
410.55 0.00792324730424
410.56 0.00796304490763
410.57 0.00799876662811
410.58 0.00803034462017
410.59 0.00805772399901
410.6 0.00808086341439
410.61 0.0080997355661
410.62 0.00811432765663
410.63 0.00812464177713
410.64 0.00813069522311
410.65 0.00813252073655
410.66 0.00813016667186
410.67 0.00812369708325
410.68 0.00811319173177
410.69 0.00809874601059
410.7 0.00808047078792
410.71 0.00805849216692
410.72 0.00803295116314
410.73 0.0080040033
410.74 0.00797181812362
410.75 0.00793657863873
410.76 0.00789848066793
410.77 0.007857732137
410.78 0.00781455228947
410.79 0.00776917083415
410.8 0.00772182702957
410.81 0.00767276870998
410.82 0.00762225125759
410.83 0.00757053652636
410.84 0.00751789172277
410.85 0.00746458824943
410.86 0.00741090051735
410.87 0.00735710473336
410.88 0.00730347766878
410.89 0.007250295416
410.9 0.00719783213947
410.91 0.00714635882775
410.92 0.00709614205321
410.93 0.00704744274592
410.94 0.0070005149883
410.95 0.00695560483692
410.96 0.00691294917749
410.97 0.00687277461934
410.98 0.006835296435
410.99 0.00680071755052
411.0 0.0067692275917
411.01 0.00674100199135
411.02 0.00671620116193
411.03 0.006694969738
411.04 0.00667743589223
411.05 0.00666371072832
411.06 0.00665388775402
411.07 0.00664804243654
411.08 0.00664623184263
411.09 0.00664849436492
411.1 0.00665484953558
411.11 0.00666529792812
411.12 0.00667982114739
411.13 0.00669838190768
411.14 0.00672092419797
411.15 0.00674737353337
411.16 0.00677763729087
411.17 0.00681160512751
411.18 0.00684914947827
411.19 0.00689012613095
411.2 0.00693437487453
411.21 0.00698172021751
411.22 0.00703197217209
411.23 0.0070849270999
411.24 0.00714036861462
411.25 0.00719806853667
411.26 0.00725778789471
411.27 0.00731927796873
411.28 0.00738228136923
411.29 0.00744653314669
411.3 0.00751176192586
411.31 0.00757769105875
411.32 0.00764403979066
411.33 0.00771052443337
411.34 0.00777685953956
411.35 0.0078427590728
411.36 0.00790793756735
411.37 0.00797211127226
411.38 0.00803499927448
411.39 0.00809632459551
411.4 0.00815581525696
411.41 0.00821320530994
411.42 0.00826823582403
411.43 0.00832065583158
411.44 0.00837022322339
411.45 0.0084167055923
411.46 0.00845988102149
411.47 0.00849953881455
411.48 0.00853548016499
411.49 0.00856751876296
411.5 0.00859548133748
411.51 0.00861920813303
411.52 0.00863855331926
411.53 0.00865338533354
411.54 0.00866358715607
411.55 0.00866905651775
411.56 0.00866970604142
411.57 0.00866546331733
411.58 0.00865627091429
411.59 0.00864208632784
411.6 0.00862288186754
411.61 0.00859864448548
411.62 0.00856937554847
411.63 0.00853509055665
411.64 0.00849581881136
411.65 0.00845160303542
411.66 0.00840249894912
411.67 0.00834857480527
411.68 0.00828991088687
411.69 0.00822659897109
411.7 0.00815874176309
411.71 0.00808645230356
411.72 0.00800985335359
411.73 0.00792907676065
411.74 0.00784426280933
411.75 0.00775555956048
411.76 0.00766312218223
411.77 0.00756711227642
411.78 0.00746769720362
411.79 0.00736504941004
411.8 0.00725934575929
411.81 0.00715076687184
411.82 0.00703949647489
411.83 0.00692572076514
411.84 0.00680962778673
411.85 0.00669140682648
411.86 0.00657124782833
411.87 0.00644934082867
411.88 0.00632587541398
411.89 0.00620104020217
411.9 0.00607502234861
411.91 0.00594800707781
411.92 0.00582017724132
411.93 0.00569171290249
411.94 0.0055627909483
411.95 0.00543358472854
411.96 0.00530426372217
411.97 0.00517499323096
411.98 0.0050459340998
411.99 0.00491724246367
412.0 0.00478906952031
412.01 0.00466156132842
412.02 0.00453485863024
412.03 0.0044090966981
412.04 0.00428440520383
412.05 0.00416090811027
412.06 0.00403872358378
412.07 0.003917963927
412.08 0.00379873553059
412.09 0.00368113884307
412.1 0.00356526835777
412.11 0.00345121261577
412.12 0.00333905422385
412.13 0.00322886988646
412.14 0.00312073045077
412.15 0.0030147009638
412.16 0.00291084074068
412.17 0.0028092034433
412.18 0.00270983716835
412.19 0.00261278454402
412.2 0.00251808283461
412.21 0.00242576405228
412.22 0.00233585507528
412.23 0.00224837777203
412.24 0.00216334913048
412.25 0.00208078139209
412.26 0.00200068219002
412.27 0.00192305469106
412.28 0.00184789774069
412.29 0.00177520601106
412.3 0.00170497015143
412.31 0.00163717694059
412.32 0.00157180944123
412.33 0.00150884715561
412.34 0.0014482661825
412.35 0.00139003937506
412.36 0.00133413649931
412.37 0.00128052439315
412.38 0.00122916712554
412.39 0.00118002615573
412.4 0.00113306049228
412.41 0.00108822685177
412.42 0.00104547981689
412.43 0.00100477199382
412.44 0.00096605416872
412.45 0.000929275463069
412.46 0.000894383487813
412.47 0.000861324496015
412.48 0.000830043533925
412.49 0.000800484590259
412.5 0.000772590743522
412.51 0.000746304307198
412.52 0.000721566972643
412.53 0.000698319949487
412.54 0.000676504103399
412.55 0.000656060091007
412.56 0.000636928491834
412.57 0.000619049937039
412.58 0.000602365234835
412.59 0.000586815492369
412.6 0.00057234223393
412.61 0.000558887515307
412.62 0.000546394034137
412.63 0.000534805236085
412.64 0.000524065416709
412.65 0.000514119818866
412.66 0.000504914725505
412.67 0.000496397547737
412.68 0.000488516908041
412.69 0.000481222718491
412.7 0.000474466253914
412.71 0.000468200219853
412.72 0.000462378815282
412.73 0.000456957789971
412.74 0.000451894496456
412.75 0.000447147936554
412.76 0.000442678802388
412.77 0.000438449511904
412.78 0.000434424238864
412.79 0.000430568937316
412.8 0.000426851360581
412.81 0.000423241074762
412.82 0.000419709466859
412.83 0.000416229747527
412.84 0.000412776948581
412.85 0.000409327915334
412.86 0.000405861293888
412.87 0.000402357513502
412.88 0.000398798764196
412.89 0.000395168969724
412.9 0.000391453756129
412.91 0.00038764041603
412.92 0.000383717868876
412.93 0.000379676617359
412.94 0.000375508700229
412.95 0.000371207641745
412.96 0.000366768398005
412.97 0.000362187300426
412.98 0.000357461996629
412.99 0.000352591389005
413.0 0.000347575571254
413.01 0.000342415763154
413.02 0.000337114243869
413.03 0.000331674284084
413.04 0.000326100077235
413.05 0.000320396670141
413.06 0.000314569893321
413.07 0.000308626291264
413.08 0.000302573052937
413.09 0.000296417942808
413.1 0.000290169232617
413.11 0.000283835634188
413.12 0.000277426233479
413.13 0.000270950426133
413.14 0.000264417854737
413.15 0.000257838347979
413.16 0.000251221861919
413.17 0.000244578423522
413.18 0.000237918076627
413.19 0.000231250830493
413.2 0.000224586611038
413.21 0.000217935214888
413.22 0.000211306266326
413.23 0.000204709177212
413.24 0.000198153109929
413.25 0.000191646943399
413.26 0.000185199242188
413.27 0.000178818228707
413.28 0.000172511758497
413.29 0.000166287298576
413.3 0.000160151908802
413.31 0.000154112226202
413.32 0.0001481744522
413.33 0.000142344342657
413.34 0.000136627200636
413.35 0.000131027871795
413.36 0.00012555074228
413.37 0.000120199739019
413.38 0.000114978332275
413.39 0.000109889540321
413.4 0.000104935936119
413.41 0.000100119655835
413.42 9.54424090589e-05
413.43 9.09054905779e-05
413.44 8.6509793554e-05
413.45 8.22558239549e-05
413.46 7.81437160925e-05
413.47 7.4173249122e-05
413.48 7.03438643571e-05
413.49 6.66546832617e-05
413.5 6.31045259819e-05
413.51 5.96919302862e-05
413.52 5.6415170789e-05
413.53 5.32722783354e-05
413.54 5.0261059436e-05
413.55 4.73791156412e-05
413.56 4.46238627583e-05
413.57 4.19925498154e-05
413.58 3.94822776891e-05
413.59 3.70900173164e-05
413.6 3.48126274212e-05
413.61 3.26468716929e-05
413.62 3.05894353621e-05
413.63 2.8636941125e-05
413.64 2.67859643777e-05
413.65 2.50330477259e-05
413.66 2.33747147452e-05
413.67 2.1807482972e-05
413.68 2.03278761114e-05
413.69 1.89324354571e-05
413.7 1.76177305199e-05
413.71 1.63803688708e-05
413.72 1.52170052078e-05
413.73 1.41243496597e-05
413.74 1.30991753471e-05
413.75 1.21383252214e-05
413.76 1.12387182087e-05
413.77 1.03973546889e-05
413.78 9.61132134087e-06
413.79 8.87779539e-06
413.8 8.19404829457e-06
413.81 7.55744891101e-06
413.82 6.96546617865e-06
413.83 6.41567136652e-06
413.84 5.90573992587e-06
413.85 5.43345299319e-06
413.86 4.99669858891e-06
413.87 4.59347255796e-06
413.88 4.22187929843e-06
413.89 3.88013232509e-06
413.9 3.56655471443e-06
413.91 3.27957947815e-06
413.92 3.01774991181e-06
413.93 2.77971996516e-06
413.94 2.56425468072e-06
413.95 2.3702307466e-06
413.96 2.19663720954e-06
413.97 2.04257639367e-06
413.98 1.90726507019e-06
413.99 1.79003592284e-06
414.0 1.69033935358e-06
414.01 1.6077456726e-06
414.02 1.54194771616e-06
414.03 1.49276393565e-06
414.04 1.46014200038e-06
414.05 1.44416295628e-06
414.06 1.44504598216e-06
414.07 1.46315378432e-06
414.08 1.49899866952e-06
414.09 1.55324933578e-06
414.1 1.62673841874e-06
414.11 1.72047083096e-06
414.12 1.83563292942e-06
414.13 1.97360254517e-06
414.14 2.13595990726e-06
414.15 2.32449949066e-06
414.16 2.54124281561e-06
414.17 2.7884522228e-06
414.18 3.06864564562e-06
414.19 3.38461239708e-06
414.2 3.7394299846e-06
414.21 4.13648196163e-06
414.22 4.57947681944e-06
414.23 5.07246791698e-06
414.24 5.61987444018e-06
414.25 6.2265033752e-06
414.26 6.89757247248e-06
414.27 7.63873417006e-06
414.28 8.45610043598e-06
414.29 9.35626847943e-06
414.3 1.03463472705e-05
414.31 1.14339847968e-05
414.32 1.26273959742e-05
414.33 1.39353911156e-05
414.34 1.53674048492e-05
414.35 1.69335253649e-05
414.36 1.86445238504e-05
414.37 2.05118839685e-05
414.38 2.25478312067e-05
414.39 2.47653619189e-05
414.4 2.71782718615e-05
414.41 2.9801184009e-05
414.42 3.26495754217e-05
414.43 3.57398029175e-05
414.44 3.90891272893e-05
414.45 4.27157357881e-05
414.46 4.66387625834e-05
414.47 5.08783068928e-05
414.48 5.54554484629e-05
414.49 6.03922600691e-05
414.5 6.57118166928e-05
414.51 7.14382010228e-05
414.52 7.75965049219e-05
414.53 8.42128264908e-05
414.54 9.1314262361e-05
414.55 9.89288948438e-05
414.56 0.000107085773564
414.57 0.00011581489121
414.58 0.000125147153046
414.59 0.000135114339818
414.6 0.000145749063742
414.61 0.000157084717221
414.62 0.000169155414017
414.63 0.000181995922577
414.64 0.000195641591284
414.65 0.000210128265391
414.66 0.000225492195473
414.67 0.000241769937249
414.68 0.000258998242662
414.69 0.00027721394218
414.7 0.000296453818314
414.71 0.000316754470391
414.72 0.000338152170718
414.73 0.000360682712295
414.74 0.000384381248318
414.75 0.000409282123786
414.76 0.000435418699587
414.77 0.000462823169499
414.78 0.000491526370655
414.79 0.00052155758804
414.8 0.000552944353714
414.81 0.000585712241494
414.82 0.00061988465793
414.83 0.000655482630459
414.84 0.000692524593699
414.85 0.000731026174932
414.86 0.000770999979867
414.87 0.000812455379832
414.88 0.000855398301628
414.89 0.000899831021302
414.9 0.000945751963149
414.91 0.000993155505294
414.92 0.00104203179323
414.93 0.00109236656269
414.94 0.00114414097334
414.95 0.00119733145458
414.96 0.00125190956499
414.97 0.0013078418667
414.98 0.00136508981619
414.99 0.00142360967263
415.0 0.00148335242532
415.01 0.0015442637411
415.02 0.00160628393327
415.03 0.00166934795265
415.04 0.00173338540215
415.05 0.0017983205754
415.06 0.00186407252036
415.07 0.00193055512846
415.08 0.00199767724976
415.09 0.00206534283451
415.1 0.00213345110125
415.11 0.00220189673149
415.12 0.00227057009096
415.13 0.00233935747687
415.14 0.00240814139104
415.15 0.00247680083802
415.16 0.00254521164747
415.17 0.00261324681984
415.18 0.00268077689417
415.19 0.00274767033662
415.2 0.00281379394842
415.21 0.0028790132913
415.22 0.00294319312896
415.23 0.00300619788234
415.24 0.00306789209676
415.25 0.00312814091873
415.26 0.00318681058016
415.27 0.00324376888746
415.28 0.00329888571321
415.29 0.00335203348779
415.3 0.00340308768841
415.31 0.00345192732291
415.32 0.00349843540577
415.33 0.00354249942369
415.34 0.00358401178808
415.35 0.00362287027211
415.36 0.0036589784296
415.37 0.00369224599354
415.38 0.00372258925188
415.39 0.00374993139832
415.4 0.00377420285617
415.41 0.00379534157331
415.42 0.00381329328647
415.43 0.00382801175333
415.44 0.00383945895094
415.45 0.00384760523946
415.46 0.00385242948995
415.47 0.00385391917572
415.48 0.00385207042653
415.49 0.00384688804534
415.5 0.00383838548749
415.51 0.00382658480253
415.52 0.00381151653895
415.53 0.00379321961238
415.54 0.00377174113814
415.55 0.00374713622913
415.56 0.0037194677602
415.57 0.00368880610046
415.58 0.00365522881515
415.59 0.0036188203388
415.6 0.00357967162161
415.61 0.00353787975112
415.62 0.00349354755145
415.63 0.00344678316222
415.64 0.00339769959983
415.65 0.00334641430338
415.66 0.00329304866785
415.67 0.00323772756715
415.68 0.00318057886959
415.69 0.00312173294849
415.7 0.00306132219039
415.71 0.00299948050357
415.72 0.00293634282932
415.73 0.00287204465844
415.74 0.00280672155533
415.75 0.0027405086921
415.76 0.00267354039456
415.77 0.00260594970253
415.78 0.00253786794608
415.79 0.0024694243397
415.8 0.00240074559584
415.81 0.00233195555947
415.82 0.00226317486489
415.83 0.00219452061584
415.84 0.00212610609008
415.85 0.00205804046903
415.86 0.00199042859323
415.87 0.00192337074399
415.88 0.00185696245156
415.89 0.00179129432985
415.9 0.00172645193777
415.91 0.00166251566688
415.92 0.00159956065497
415.93 0.00153765672524
415.94 0.00147686835026
415.95 0.00141725463998
415.96 0.00135886935309
415.97 0.00130176093048
415.98 0.00124597255001
415.99 0.00119154220123
416.0 0.00113850277895
416.01 0.00108688219427
416.02 0.0010367035019
416.03 0.000987985042269
416.04 0.000940740597018
416.05 0.000894979556618
416.06 0.000850707098534
416.07 0.00080792437461
416.08 0.000766628706264
416.09 0.000726813786109
416.1 0.000688469884667
416.11 0.000651584060855
416.12 0.000616140375003
416.13 0.000582120103176
416.14 0.000549501951653
416.15 0.000518262270477
416.16 0.000488375265042
416.17 0.000459813204754
416.18 0.000432546627896
416.19 0.000406544541872
416.2 0.000381774618085
416.21 0.000358203380799
416.22 0.000335796389387
416.23 0.000314518413455
416.24 0.000294333600388
416.25 0.000275205634971
416.26 0.000257097890766
416.27 0.000239973573016
416.28 0.000223795852924
416.29 0.000208527993169
416.3 0.000194133464654
416.31 0.000180576054448
416.32 0.000167819965017
416.33 0.000155829904824
416.34 0.000144571170457
416.35 0.000134009720473
416.36 0.000124112241173
416.37 0.000114846204569
416.38 0.000106179918815
416.39 9.80825714185e-05
416.4 9.05242655397e-05
416.41 8.34760497333e-05
416.42 7.69099414733e-05
416.43 7.07989448285e-05
416.44 6.51170626535e-05
416.45 5.98393036658e-05
416.46 5.494168478e-05
416.47 5.04012290683e-05
416.48 4.6195959711e-05
416.49 4.23048902963e-05
416.5 3.87080118178e-05
416.51 3.53862767116e-05
416.52 3.23215802595e-05
416.53 2.9496739677e-05
416.54 2.68954711857e-05
416.55 2.45023653616e-05
416.56 2.23028610294e-05
416.57 2.02832179629e-05
416.58 1.84304886306e-05
416.59 1.67324892151e-05
416.6 1.5177770113e-05
416.61 1.37555861104e-05
416.62 1.24558664108e-05
416.63 1.12691846785e-05
416.64 1.0186729242e-05
416.65 9.20027359274e-06
416.66 8.30214729394e-06
416.67 7.48520740558e-06
416.68 6.74281051616e-06
416.69 6.06878546014e-06
416.7 5.45740678817e-06
416.71 4.90336904636e-06
416.72 4.40176191054e-06
416.73 3.94804621195e-06
416.74 3.53803088198e-06
416.75 3.16785083546e-06
416.76 2.83394580467e-06
416.77 2.53304012956e-06
416.78 2.26212350336e-06
416.79 2.01843266779e-06
416.8 1.79943404686e-06
416.81 1.6028073042e-06
416.82 1.42642980529e-06
416.83 1.26836196258e-06
416.84 1.12683343901e-06
416.85 1.00023018312e-06
416.86 8.87082267115e-07
416.87 7.86052498053e-07
416.88 6.95925770908e-07
416.89 6.15599131851e-07
416.9 5.44072519459e-07
416.91 4.80440151447e-07
416.92 4.23882524526e-07
416.93 3.73658995294e-07
416.94 3.29100910436e-07
416.95 2.89605255154e-07
416.96 2.54628789429e-07
416.97 2.2368264258e-07
416.98 1.9632733748e-07
416.99 1.72168216824e-07
417.0 1.50851244879e-07
417.01 1.32059159254e-07
417.02 1.15507948379e-07
417.03 1.00943631505e-07
417.04 8.81393192221e-08
417.05 7.68925336415e-08
417.06 6.70227685312e-08
417.07 5.8369270833e-08
417.08 5.07890260956e-08
417.09 4.41549314333e-08
417.1 3.83541406742e-08
417.11 3.32865673667e-08
417.12 2.88635322905e-08
417.13 2.50065430467e-08
417.14 2.16461941934e-08
417.15 1.87211772406e-08
417.16 1.61773906182e-08
417.17 1.39671404946e-08
417.18 1.20484240371e-08
417.19 1.03842873802e-08
417.2 8.94225120108e-09
417.21 7.69379739039e-09
417.22 6.61391086261e-09
417.23 5.6806710609e-09
417.24 4.8748881919e-09
417.25 4.17977966794e-09
417.26 3.58068264462e-09
417.27 3.06479892018e-09
417.28 2.62096881223e-09
417.29 2.23947094817e-09
417.3 1.91184520032e-09
417.31 1.6307362668e-09
417.32 1.38975564589e-09
417.33 1.18335997719e-09
417.34 1.00674392821e-09
417.35 8.55745992023e-10
417.36 7.26765731096e-10
417.37 6.1669115674e-10
417.38 5.22835072561e-10
417.39 4.42879336472e-10
417.4 3.7482610937e-10
417.41 3.16955260993e-10
417.42 2.67787195582e-10
417.43 2.26050442694e-10
417.44 1.90653432727e-10
417.45 1.60659943159e-10
417.46 1.35267760934e-10
417.47 1.13790159477e-10
417.48 9.56398361472e-11
417.49 8.03149980623e-11
417.5 6.73873216694e-11
417.51 5.6491544721e-11
417.52 4.73164787886e-11
417.53 3.95972565653e-11
417.54 3.31086513012e-11
417.55 2.76593261077e-11
417.56 2.30868888515e-11
417.57 1.92536442002e-11
417.58 1.60429483142e-11
417.59 1.33560839205e-11
417.6 1.11095842444e-11
417.61 9.23294368099e-12
417.62 7.66666132756e-12
417.63 6.36057069164e-12
417.64 5.27241517264e-12
417.65 4.36663439262e-12
417.66 3.61333121989e-12
417.67 2.98739347704e-12
417.68 2.46774792725e-12
417.69 2.03672725814e-12
417.7 1.67953349015e-12
417.71 1.38378358047e-12
417.72 1.13912501904e-12
417.73 9.36910962431e-13
417.74 7.69925959526e-13
417.75 6.32154622398e-13
417.76 5.18586713113e-13
417.77 4.25053077896e-13
417.78 3.48087684336e-13
417.79 2.84811724099e-13
417.8 2.3283634878e-13
417.81 1.901811242e-13
417.82 1.55205730697e-13
417.83 1.26552814379e-13
417.84 1.03100216031e-13
417.85 8.39210782685e-14
417.86 6.82505645067e-14
417.87 5.54581212382e-14
417.88 4.50243830285e-14
417.89 3.65219620118e-14
417.9 2.95994841884e-14
417.91 2.39683367604e-14
417.92 1.93916768608e-14
417.93 1.56753246998e-14
417.94 1.26602254095e-14
417.95 1.02162154508e-14
417.96 8.23687282796e-15
417.97 6.63526680947e-15
417.98 5.34045344476e-15
417.99 4.29458881387e-15
418.0 3.45055342634e-15
418.01 2.76999915292e-15
418.02 2.22174508897e-15
418.03 1.7804612822e-15
418.04 1.42558970886e-15
418.05 1.14046058846e-15
418.06 9.11569371018e-16
418.07 7.27985752009e-16
418.08 5.80871069893e-16
418.09 4.63084587841e-16
418.1 3.68862597252e-16
418.11 2.93557124557e-16
418.12 2.33423374255e-16
418.13 1.85446983261e-16
418.14 1.4720376417e-16
418.15 1.16745935811e-16
418.16 9.25099270342e-17
418.17 7.32417341544e-17
418.18 5.79365474627e-17
418.19 4.57899655188e-17
418.2 3.61586105917e-17
418.21 2.85283638209e-17
418.22 2.24887702237e-17
418.23 1.77124347074e-17
418.24 1.3938451558e-17
418.25 1.0959090423e-17
418.26 8.60910893202e-18
418.27 6.75718187192e-18
418.28 5.29903424337e-18
418.29 4.1519446597e-18
418.3 3.25034977841e-18
418.31 2.54233252913e-18
418.32 1.98681908027e-18
418.33 1.55134361417e-18
418.34 1.21026756695e-18
418.35 9.43362265334e-19
418.36 7.34681862298e-19
418.37 5.71667955105e-19
418.38 4.4443892789e-19
418.39 3.45226437443e-19
418.4 2.67928994599e-19
418.41 2.07758640481e-19
418.42 1.60961565586e-19
418.43 1.2459740372e-19
418.44 9.63650410416e-20
418.45 7.44652652867e-20
418.46 5.74925648668e-20
418.47 4.4349970903e-20
418.48 3.41820973805e-20
418.49 2.6322539584e-20
418.5 2.0252590444e-20
418.51 1.55688697631e-20
418.52 1.19579657056e-20
418.53 9.17658800565e-21
418.54 7.03604934924e-21
418.55 5.39014231861e-21
418.56 4.12567772346e-21
418.57 3.15510691542e-21
418.58 2.41077441329e-21
418.59 1.84044472612e-21
418.6 1.40382410949e-21
418.61 1.06985846482e-21
418.62 8.14636134736e-22
418.63 6.19761687651e-22
418.64 4.71096083291e-22
418.65 3.57781576984e-22
418.66 2.7148770541e-22
418.67 2.05828766964e-22
418.68 1.55914207057e-22
418.69 1.18001905619e-22
418.7 8.9231062396e-23
418.71 6.74165958333e-23
418.72 5.08910354438e-23
418.73 3.83830487617e-23
418.74 2.89242003248e-23
418.75 2.17774470385e-23
418.76 1.63823531716e-23
418.77 1.23131541006e-23
418.78 9.24668488674e-24
418.79 6.93787567768e-24
418.8 5.20104583795e-24
418.81 3.8956377161e-24
418.82 2.91534633343e-24
418.83 2.1798442304e-24
418.84 1.6284876843e-24
418.85 1.21553427413e-24
418.86 9.06512197553e-25
418.87 6.75466488759e-25
418.88 5.02872255951e-25
418.89 3.74054820838e-25
418.9 2.77994721306e-25
418.91 2.06424649092e-25
418.92 1.53147627432e-25
418.93 1.13522697896e-25
418.94 8.40773174588e-26
418.95 6.22155152836e-26
418.96 4.59983518082e-26
418.97 3.39789184496e-26
418.98 2.50784415292e-26
418.99 1.84933355569e-26
419.0 1.36255382752e-26
419.01 1.00303433272e-26
419.02 7.37737129931e-27
419.03 5.42139682977e-27
419.04 3.98056266812e-27
419.05 2.92012502608e-27
419.06 2.14033690279e-27
419.07 1.56742419077e-27
419.08 1.14687124323e-27
419.09 8.38429390978e-28
419.1 6.12409666586e-28
419.11 4.46931837367e-28
419.12 3.25884917538e-28
419.13 2.37416523778e-28
419.14 1.72814959947e-28
419.15 1.25682682291e-28
419.16 9.13257524154e-29
419.17 6.63032458579e-29
419.18 4.80950115019e-29
419.19 3.4856918314e-29
419.2 2.52407152211e-29
419.21 1.82615668595e-29
419.22 1.32007355497e-29
419.23 9.53414904114e-30
419.24 6.88001610665e-30
419.25 4.96044553756e-30
419.26 3.57335059854e-30
419.27 2.57190122196e-30
419.28 1.84950986909e-30
419.29 1.32887072452e-30
419.3 9.53965188895e-31
419.31 6.84236177727e-31
419.32 4.90346693692e-31
419.33 3.51094626063e-31
419.34 2.51170612946e-31
419.35 1.79530062159e-31
419.36 1.28212169666e-31
419.37 9.14839758174e-32
419.38 6.52205600477e-32
419.39 4.64566328951e-32
419.4 3.30624207182e-32
419.41 2.35096021039e-32
419.42 1.67024285344e-32
419.43 1.1855986007e-32
419.44 8.40851777211e-33
419.45 5.95833513834e-33
419.46 4.21846179969e-33
419.47 2.98405639559e-33
419.48 2.10903431023e-33
419.49 1.48930612597e-33
419.5 1.05077085731e-33
419.51 7.40722906518e-34
419.52 5.21707696419e-34
419.53 3.6713215587e-34
419.54 2.58131685978e-34
419.55 1.81335955036e-34
419.56 1.27277091497e-34
419.57 8.92565863991e-35
419.58 6.25394441279e-35
419.59 4.37815842628e-35
419.6 3.06233459924e-35
419.61 2.14011702619e-35
419.62 1.49432862449e-35
419.63 1.04250566016e-35
419.64 7.26665330112e-36
419.65 5.06074169501e-36
419.66 3.52141828168e-36
419.67 2.44818803213e-36
419.68 1.700574408e-36
419.69 1.18023970292e-36
419.7 8.18405451506e-37
419.71 5.67009740564e-37
419.72 3.92496906493e-37
419.73 2.71459890259e-37
419.74 1.87585304559e-37
419.75 1.2951368751e-37
419.76 8.93421166435e-38
419.77 6.15772824243e-38
419.78 4.24041646288e-38
419.79 2.91756283408e-38
419.8 2.00565225695e-38
419.81 1.37757346149e-38
419.82 9.45360846128e-39
419.83 6.48192747241e-39
419.84 4.44052619057e-39
419.85 3.03940390426e-39
419.86 2.07857696752e-39
419.87 1.42025889107e-39
419.88 9.69600063651e-40
419.89 6.61365393657e-40
419.9 4.50727452069e-40
419.91 3.06909453729e-40
419.92 2.08799875244e-40
419.93 1.41929906277e-40
419.94 9.63920706379e-41
419.95 6.54082328396e-41
419.96 4.43452629503e-41
419.97 3.00390203849e-41
419.98 2.03304976426e-41
419.99 1.37478240568e-41
420.0 9.28845826635e-42
420.01 6.27013678652e-42
420.02 4.22896517693e-42
420.03 2.8498034979e-42
420.04 1.91875459956e-42
420.05 1.29076643972e-42
420.06 8.67560177252e-43
420.07 5.82606418697e-43
420.08 3.90908067794e-43
420.09 2.62058176664e-43
420.1 1.75527233817e-43
420.11 1.17466766725e-43
420.12 7.85433161826e-44
420.13 5.24719452745e-44
420.14 3.50242471381e-44
420.15 2.33579199086e-44
420.16 1.55640720907e-44
420.17 1.03618193156e-44
420.18 6.89243229649e-45
420.19 4.58070912611e-45
420.2 3.04170179348e-45
420.21 2.01801441962e-45
420.22 1.33769039567e-45
420.23 8.8595296361e-46
420.24 5.86258880091e-46
420.25 3.87607271108e-46
420.26 2.56046066972e-46
420.27 1.68992727538e-46
420.28 1.11440136236e-46
420.29 7.3424156441e-47
420.3 4.83348093059e-47
420.31 3.17910422237e-47
420.32 2.0891673729e-47
420.33 1.37171982717e-47
420.34 8.99873183593e-48
420.35 5.89821930567e-48
420.36 3.86264001442e-48
420.37 2.52738420236e-48
420.38 1.65227377761e-48
420.39 1.07923610737e-48
420.4 7.04327484228e-49
420.41 4.59257774699e-49
420.42 2.99200359523e-49
420.43 1.94756256177e-49
420.44 1.26661444436e-49
420.45 8.23040426833e-50
420.46 5.34344829944e-50
420.47 3.46613734988e-50
420.48 2.24643386299e-50
420.49 1.45467246582e-50
420.5 9.41153610192e-51
420.51 6.08386430503e-51
420.52 3.92936378283e-51
420.53 2.53564627749e-51
420.54 1.6348533944e-51
420.55 1.05315591145e-51
420.56 6.7784475325e-52
420.57 4.35904668503e-52
420.58 2.80076399203e-52
420.59 1.79798150814e-52
420.6 1.1532345361e-52
420.61 7.39049914874e-53
420.62 4.73209674908e-53
420.63 3.0273119264e-53
420.64 1.9350154674e-53
420.65 1.23576366739e-53
420.66 7.88515285174e-54
420.67 5.02699580695e-54
420.68 3.202068675e-54
420.69 2.03786998866e-54
420.7 1.29582399515e-54
420.71 8.23264283153e-55
420.72 5.22584161856e-55
420.73 3.31433898184e-55
420.74 2.10020321483e-55
420.75 1.32968700833e-55
420.76 8.41126362116e-56
420.77 5.31614448849e-56
420.78 3.35703616826e-56
420.79 2.11806350343e-56
420.8 1.33519791664e-56
420.81 8.40961333075e-57
420.82 5.29212534234e-57
420.83 3.32742234228e-57
420.84 2.0903039803e-57
420.85 1.31200255011e-57
420.86 8.22779804719e-58
420.87 5.15532774044e-58
420.88 3.22739891842e-58
420.89 2.01870440542e-58
420.9 1.26158502404e-58
420.91 7.87742054924e-59
420.92 4.91445373338e-59
420.93 3.06330459588e-59
420.94 1.9077823505e-59
420.95 1.18711060121e-59
420.96 7.38035500659e-60
420.97 4.58444782318e-60
420.98 2.84525063201e-60
420.99 1.7643215355e-60
421.0 1.09309687928e-60
421.01 6.76648753556e-61
421.02 4.18496307427e-61
421.03 2.58609031071e-61
421.04 1.59668577579e-61
421.05 9.8496078084e-62
421.06 6.07074697834e-62
421.07 3.73842815772e-62
421.08 2.30016853571e-62
421.09 1.41401491416e-62
421.1 8.68504422855e-63
421.11 5.32983532868e-63
421.12 3.26797902559e-63
421.13 2.00202014089e-63
421.14 1.2254097644e-63
421.15 7.49407341648e-64
421.16 4.57908033371e-64
421.17 2.7955180099e-64
421.18 1.7051792487e-64
421.19 1.03920564137e-64
421.2 6.32785712796e-65
421.21 3.84977676313e-65
421.22 2.34012006902e-65
421.23 1.42123026768e-65
421.24 8.62411357597e-66
421.25 5.22863347714e-66
421.26 3.16727405749e-66
421.27 1.91693241126e-66
421.28 1.15918210973e-66
421.29 7.00358254558e-67
421.3 4.22778161731e-67
421.31 2.54993172918e-67
421.32 1.5366263365e-67
421.33 9.25191649411e-68
421.34 5.5656878919e-68
421.35 3.34525867488e-68
421.36 2.00892755171e-68
421.37 1.20537604677e-68
421.38 7.22610971686e-69
421.39 4.32822927619e-69
421.4 2.5902380437e-69
421.41 1.54879097634e-69
421.42 9.25272498732e-70
421.43 5.5229385489e-70
421.44 3.29377918365e-70
421.45 1.96264820976e-70
421.46 1.16846082657e-70
421.47 6.95039623426e-71
421.48 4.13074783029e-71
421.49 2.45285296486e-71
421.5 1.45525151437e-71
421.51 8.62637466857e-72
421.52 5.10907509798e-72
421.53 3.02329111965e-72
421.54 1.78748070674e-72
421.55 1.05590894737e-72
421.56 6.23211257161e-73
421.57 3.67508866653e-73
421.58 2.16532986575e-73
421.59 1.274688369e-73
421.6 7.49734839552e-74
421.61 4.40590445216e-74
421.62 2.58693888712e-74
421.63 1.51761278401e-74
421.64 8.89527739416e-75
421.65 5.20932829664e-75
421.66 3.04808920253e-75
421.67 1.78195744982e-75
421.68 1.04085611779e-75
421.69 6.07446146414e-76
421.7 3.54200015517e-76
421.71 2.06354090875e-76
421.72 1.20116122063e-76
421.73 6.98575314133e-77
421.74 4.05927878801e-77
421.75 2.3567213515e-77
421.76 1.36707174128e-77
421.77 7.92315383536e-78
421.78 4.58805465614e-78
421.79 2.6545003689e-78
421.8 1.53447815337e-78
421.81 8.86262435202e-79
421.82 5.11431750841e-79
421.83 2.94874178299e-79
421.84 1.69867194208e-79
421.85 9.77700856275e-80
421.86 5.6224576156e-80
421.87 3.2305026187e-80
421.88 1.85454645743e-80
421.89 1.06372422366e-80
421.9 6.09598786824e-81
421.91 3.49046149336e-81
421.92 1.99684944062e-81
421.93 1.14138327177e-81
421.94 6.51840586265e-82
421.95 3.71941814274e-82
421.96 2.12047093929e-82
421.97 1.20785098317e-82
421.98 6.87413571195e-83
421.99 3.90882798694e-83
422.0 2.22074518385e-83
422.01 1.26059218729e-83
422.02 7.14947589047e-84
422.03 4.05132900446e-84
422.04 2.29374182118e-84
422.05 1.2975235987e-84
422.06 7.33347321542e-85
422.07 4.14121584873e-85
422.08 2.33652126109e-85
422.09 1.31715025272e-85
422.1 7.41864542383e-86
422.11 4.1748187151e-86
422.12 2.34733103889e-86
422.13 1.31866589433e-86
422.14 7.40148594336e-87
422.15 4.15075190622e-87
422.16 2.32572491752e-87
422.17 1.30200792664e-87
422.18 7.28270340216e-88
422.19 4.07000863335e-88
422.2 2.2725934484e-88
422.21 1.26786169995e-88
422.22 7.06717307948e-89
422.23 3.935893015e-89
422.24 2.19010307457e-89
422.25 1.2176137318e-89
422.26 6.76360493234e-90
422.27 3.75379576131e-90
422.28 2.08154957895e-90
422.29 1.15325830799e-90
422.3 6.38395970091e-91
422.31 3.53083476684e-91
422.32 1.9511396936e-91
422.33 1.07726623199e-91
422.34 5.94266763693e-92
422.35 3.27539399942e-92
422.36 1.80372103069e-92
422.37 9.92427754756e-93
422.38 5.45572091969e-93
422.39 2.99660226828e-93
422.4 1.64448446018e-93
422.41 9.01683570258e-94
422.42 4.93971907909e-94
422.43 2.70379685704e-94
422.44 1.47866427013e-94
422.45 8.07958048202e-95
422.46 4.41094615577e-95
422.47 2.40601546175e-95
422.48 1.31125991149e-95
422.49 7.14007652567e-96
422.5 3.88454951395e-96
422.51 2.11155388658e-96
422.52 1.14679922053e-96
422.53 6.22295014469e-97
422.54 3.37387483287e-97
422.55 1.8276175688e-97
422.56 9.89157377161e-98
422.57 5.34895786532e-98
422.58 2.88999220906e-98
422.59 1.56008362908e-98
422.6 8.41439314468e-99
422.61 4.5344167437e-99
422.62 2.44142719206e-99
422.63 1.31337829536e-99
422.64 7.05926694619e-100
422.65 3.79099391793e-100
422.66 2.03409055294e-100
422.67 1.09046364303e-100
422.68 5.8408467368e-101
422.69 3.12582127814e-101
422.7 1.67138379963e-101
422.71 8.9291875691e-102
422.72 4.76619071339e-102
422.73 2.54187739407e-102
422.74 1.35444537312e-102
422.75 7.21094364748e-103
422.76 3.83571580286e-103
422.77 2.03856448796e-103
422.78 1.08249574932e-103
422.79 5.74316980964e-104
422.8 3.04439379115e-104
422.81 1.61240341856e-104
422.82 8.53238228724e-105
422.83 4.51118474711e-105
422.84 2.38305811444e-105
422.85 1.25777328503e-105
422.86 6.63275279586e-106
422.87 3.4946925092e-106
422.88 1.83970352006e-106
422.89 9.67632445258e-107
422.9 5.08506744299e-107
422.91 2.66997211151e-107
422.92 1.40068489533e-107
422.93 7.34172102842e-108
422.94 3.84484665479e-108
422.95 2.01179572596e-108
422.96 1.05174983231e-108
422.97 5.49369739993e-109
422.98 2.86708606243e-109
422.99 1.49499739987e-109
423.0 7.7886799378e-110
423.01 4.05425434148e-110
423.02 2.10853995902e-110
423.03 1.09566148022e-110
423.04 5.68845941502e-111
423.05 2.95077874667e-111
423.06 1.52933399384e-111
423.07 7.91939034774e-112
423.08 4.09736704663e-112
423.09 2.11807679927e-112
423.1 1.09396203006e-112
423.11 5.64529324575e-113
423.12 2.91068010032e-113
423.13 1.49942987504e-113
423.14 7.71758737344e-114
423.15 3.96881324021e-114
423.16 2.03921718909e-114
423.17 1.04686339929e-114
423.18 5.36957931198e-115
423.19 2.75178322893e-115
423.2 1.40900290943e-115
423.21 7.20830696581e-116
423.22 3.68449836571e-116
423.23 1.88168609724e-116
423.24 9.60151349352e-117
423.25 4.89503644418e-117
423.26 2.49342250492e-117
423.27 1.26899389551e-117
423.28 6.45278066548e-118
423.29 3.27837014685e-118
423.3 1.66415119739e-118
423.31 8.44017185819e-119
423.32 4.27694347207e-119
423.33 2.16540653573e-119
423.34 1.09539079924e-119
423.35 5.53633609147e-120
423.36 2.79575761981e-120
423.37 1.4105883745e-120
423.38 7.11090367617e-121
423.39 3.58156637242e-121
423.4 1.80237404322e-121
423.41 9.0623442851e-122
423.42 4.55260428536e-122
423.43 2.2850881644e-122
423.44 1.14596071954e-122
423.45 5.74196068388e-123
423.46 2.8745800689e-123
423.47 1.43784581634e-123
423.48 7.18578036343e-124
423.49 3.58805648855e-124
423.5 1.79006300569e-124
423.51 8.92279829043e-125
423.52 4.44383112001e-125
423.53 2.2112494051e-125
423.54 1.09936428683e-125
423.55 5.4609629841e-126
423.56 2.71031989725e-126
423.57 1.34398860479e-126
423.58 6.65877487415e-127
423.59 3.29622455456e-127
423.6 1.63028285349e-127
423.61 8.05624831781e-128
423.62 3.97764884118e-128
423.63 1.96220215255e-128
423.64 9.67129806948e-129
423.65 4.76265915233e-129
423.66 2.34335425252e-129
423.67 1.15199370374e-129
423.68 5.65830008246e-130
423.69 2.77680612934e-130
423.7 1.36153514129e-130
423.71 6.67015403353e-131
423.72 3.26487519148e-131
423.73 1.59669151376e-131
423.74 7.80187814235e-132
423.75 3.80891271939e-132
423.76 1.85791821132e-132
423.77 9.05473771777e-133
423.78 4.40908905338e-133
423.79 2.14509029935e-133
423.8 1.04271590873e-133
423.81 5.06419165059e-134
423.82 2.4574120223e-134
423.83 1.19143275851e-134
423.84 5.77144827329e-135
423.85 2.79333993886e-135
423.86 1.35078580052e-135
423.87 6.52638808286e-136
423.88 3.15052562072e-136
423.89 1.51955648745e-136
423.9 7.32275315846e-137
423.91 3.52578359821e-137
423.92 1.69613581213e-137
423.93 8.15247183768e-138
423.94 3.91508957617e-138
423.95 1.87852859966e-138
423.96 9.00570324824e-139
423.97 4.31361286256e-139
423.98 2.06437414593e-139
423.99 9.87095949265e-140
424.0 4.71578547602e-140
424.01 2.25098408219e-140
424.02 1.07353082655e-140
424.03 5.11540858642e-141
424.04 2.43539746135e-141
424.05 1.15846544045e-141
424.06 5.50579488834e-142
424.07 2.61445208319e-142
424.08 1.24040942514e-142
424.09 5.87994333662e-143
424.1 2.78487006451e-143
424.11 1.31783320229e-143
424.12 6.23074053092e-144
424.13 2.94335468659e-144
424.14 1.38921430119e-144
424.15 6.55118108091e-145
424.16 3.08669469011e-145
424.17 1.45308646767e-145
424.18 6.8345976707e-146
424.19 3.2118715067e-146
424.2 1.50808938691e-146
424.21 7.07489041113e-147
424.22 3.31616447906e-147
424.23 1.55301668463e-147
424.24 7.26674453218e-148
424.25 3.3972489728e-148
424.26 1.5868598501e-148
424.27 7.40582559762e-149
424.28 3.45328244979e-149
424.29 1.60884585147e-149
424.3 7.48894223967e-150
424.31 3.48297405613e-150
424.32 1.61846648506e-150
424.33 7.51416788526e-151
424.34 3.48563405532e-151
424.35 1.61549790304e-151
424.36 7.48091499068e-152
424.37 3.46120046363e-152
424.38 1.60000927158e-152
424.39 7.38995779057e-153
424.4 3.41024145109e-153
424.41 1.57236009194e-153
424.42 7.24340233114e-154
424.43 3.33393337838e-154
424.44 1.53318632932e-154
424.45 7.04460540739e-155
424.46 3.23401565512e-155
424.47 1.48337609683e-155
424.48 6.79804676118e-156
424.49 3.11272483849e-156
424.5 1.42403619286e-156
424.51 6.50916133399e-157
424.52 2.97271145809e-157
424.53 1.35645125192e-157
424.54 6.18414034235e-158
424.55 2.81694388378e-158
424.56 1.2820376123e-158
424.57 5.82971132999e-159
424.58 2.64860409684e-159
424.59 1.20229420863e-159
424.6 5.45290807371e-160
424.61 2.4709804537e-160
424.62 1.11875285386e-160
424.63 5.06084125499e-161
424.64 2.28736244335e-161
424.65 1.03293018714e-161
424.66 4.66048018659e-162
424.67 2.10094205578e-162
424.68 9.46283343933e-163
424.69 4.2584546793e-163
424.7 1.91472574098e-163
424.71 8.60171075293e-164
424.72 3.86088446533e-164
424.73 1.73146010597e-164
424.74 7.75821633915e-165
424.75 3.47324160408e-165
424.76 1.55357353988e-165
424.77 6.94308288157e-166
424.78 3.10024914112e-166
424.79 1.3831349472e-166
424.8 6.16532856187e-167
424.81 2.74581712761e-167
424.82 1.22182977968e-167
424.83 5.43217202678e-168
424.84 2.41301508042e-168
424.85 1.07095265023e-168
424.86 4.74902237991e-169
424.87 2.10407819175e-169
424.88 9.31415039881e-170
424.89 4.11953626316e-170
424.9 1.82044317295e-170
424.91 8.03766007684e-171
424.92 3.5457315905e-171
424.93 1.56280859322e-171
424.94 6.8822340335e-172
424.95 3.02814589704e-172
424.96 1.33121397188e-172
424.97 5.84712867184e-173
424.98 2.56602656068e-173
424.99 1.1251316881e-173
425.0 4.92911871113e-174
425.01 2.15754027545e-174
425.02 9.43565944881e-175
425.03 4.12296185576e-175
425.04 1.79998998316e-175
425.05 7.85153502183e-176
425.06 3.42186418799e-176
425.07 1.49002885079e-176
425.08 6.4826160329e-177
425.09 2.81792631643e-177
425.1 1.22386264503e-177
425.11 5.31079378463e-178
425.12 2.30255445391e-178
425.13 9.97433829121e-179
425.14 4.3169994189e-179
425.15 1.86682496116e-179
425.16 8.06582733139e-180
425.17 3.48191331352e-180
425.18 1.50179516265e-180
425.19 6.47183088312e-181
425.2 2.78655315328e-181
425.21 1.19875716398e-181
425.22 5.15250962965e-182
425.23 2.21273864679e-182
425.24 9.49434792593e-183
425.25 4.0702761642e-183
425.26 1.74343725959e-183
425.27 7.46126529622e-184
425.28 3.19037955679e-184
425.29 1.36300025733e-184
425.3 5.81799353582e-185
425.31 2.48127124971e-185
425.32 1.05730178401e-185
425.33 4.50139784898e-186
425.34 1.91478292333e-186
425.35 8.1379572616e-187
425.36 3.45569159189e-187
425.37 1.46614951281e-187
425.38 6.21505901729e-188
425.39 2.63230352952e-188
425.4 1.11391073075e-188
425.41 4.70964878865e-189
425.42 1.98952943286e-189
425.43 8.3972276582e-190
425.44 3.5411571403e-190
425.45 1.49203215683e-190
425.46 6.28108802756e-191
425.47 2.64189339503e-191
425.48 1.11024649487e-191
425.49 4.66173138079e-192
425.5 1.95568449027e-192
425.51 8.19736080212e-193
425.52 3.43299382618e-193
425.53 1.43646717595e-193
425.54 6.00540226262e-194
425.55 2.50848906647e-194
425.56 1.04690201123e-194
425.57 4.36539521771e-195
425.58 1.81871569663e-195
425.59 7.57059082788e-196
425.6 3.14860692262e-196
425.61 1.30837076125e-196
425.62 5.43208962601e-197
425.63 2.25334005204e-197
425.64 9.33921251368e-198
425.65 3.86738574514e-198
425.66 1.60010484e-198
425.67 6.61459256113e-199
425.68 2.73200487446e-199
425.69 1.12741433915e-199
425.7 4.64846270484e-200
425.71 1.91495626706e-200
425.72 7.88192107845e-201
425.73 3.24137304509e-201
425.74 1.33183266714e-201
425.75 5.46756585081e-202
425.76 2.24265306528e-202
425.77 9.19081191195e-203
425.78 3.76330463413e-203
425.79 1.53960241829e-203
425.8 6.29319960022e-204
425.81 2.57014804832e-204
425.82 1.04874158126e-204
425.83 4.27565393586e-205
425.84 1.74164773271e-205
425.85 7.08829531691e-206
425.86 2.88235188794e-206
425.87 1.17105126974e-206
425.88 4.75366454342e-207
425.89 1.92799039314e-207
425.9 7.81276771752e-208
425.91 3.16321471165e-208
425.92 1.27960563436e-208
425.93 5.17186676283e-209
425.94 2.08853724754e-209
425.95 8.42676406137e-210
425.96 3.39705952066e-210
425.97 1.36826176378e-210
425.98 5.50628818672e-211
425.99 2.2139733917e-211
426.0 8.8942548445e-212
426.01 3.57001839141e-212
426.02 1.43170997368e-212
426.03 5.73671612495e-213
426.04 2.2966529944e-213
426.05 9.18652193267e-214
426.06 3.67139035964e-214
426.07 1.46599916411e-214
426.08 5.8487168229e-215
426.09 2.33136986822e-215
426.1 9.2850762833e-216
426.11 3.6947366246e-216
426.12 1.46894389158e-216
426.13 5.8351314247e-217
426.14 2.31589992741e-217
426.15 9.18359342893e-218
426.16 3.63855731732e-218
426.17 1.44035486939e-218
426.18 5.69683317968e-219
426.19 2.25123696775e-219
426.2 8.88858508022e-220
426.21 3.5064509514e-220
426.22 1.38205910164e-220
426.23 5.4426345585e-221
426.24 2.14148702295e-221
426.25 8.41870771178e-222
426.26 3.30673299334e-222
426.27 1.29770667408e-222
426.28 5.08835801237e-223
426.29 1.99343690811e-223
426.3 7.80281018125e-224
426.31 3.05156975324e-224
426.32 1.19239260424e-224
426.33 4.65520658258e-225
426.34 1.81585997225e-225
426.35 7.07700439033e-226
426.36 2.75575298909e-226
426.37 1.07214820244e-226
426.38 4.167667554e-227
426.39 1.61865774106e-227
426.4 6.28117221228e-228
426.41 2.43528663519e-228
426.42 9.43372435782e-229
426.43 3.65123673506e-229
426.44 1.41195389038e-229
426.45 5.45537675713e-230
426.46 2.10597250191e-230
426.47 8.12277373595e-231
426.48 3.13025507333e-231
426.49 1.2052546419e-231
426.5 4.63662112946e-232
426.51 1.78216585935e-232
426.52 6.84413144698e-233
426.53 2.62610614931e-233
426.54 1.00676920722e-233
426.55 3.85630418405e-234
426.56 1.47583007336e-234
426.57 5.64319607901e-235
426.58 2.15594480333e-235
426.59 8.22950754168e-236
426.6 3.13858409662e-236
426.61 1.19596206556e-236
426.62 4.55328413251e-237
426.63 1.73203160159e-237
426.64 6.5827988395e-238
426.65 2.49970678308e-238
426.66 9.48399390011e-239
426.67 3.59515132997e-239
426.68 1.36165409999e-239
426.69 5.15276258735e-240
426.7 1.94821633402e-240
426.71 7.35966319689e-241
426.72 2.77780920245e-241
426.73 1.04753995609e-241
426.74 3.94695790404e-242
426.75 1.48586072828e-242
426.76 5.58878530882e-243
426.77 2.10029578846e-243
426.78 7.88618950358e-244
426.79 2.95854152146e-244
426.8 1.10894968298e-244
426.81 4.15307454007e-245
426.82 1.55400110524e-245
426.83 5.80973914567e-246
426.84 2.17012952481e-246
426.85 8.09913038374e-247
426.86 3.02005490044e-247
426.87 1.12516184833e-247
426.88 4.18831049649e-248
426.89 1.5577094519e-248
426.9 5.78838957328e-249
426.91 2.14908089057e-249
426.92 7.9720770024e-250
426.93 2.95470358999e-250
426.94 1.09415806855e-250
426.95 4.04827426078e-251
426.96 1.49652335768e-251
426.97 5.52739860555e-252
426.98 2.03977273355e-252
426.99 7.52084246892e-253
427.0 2.77060691963e-253
427.01 1.01978131313e-253
427.02 3.75027311909e-254
427.03 1.37797854912e-254
427.04 5.05877926144e-255
427.05 1.85555022674e-255
427.06 6.8002270276e-256
427.07 2.48999125603e-256
427.08 9.10952945683e-257
427.09 3.3297971676e-257
427.1 1.21608330717e-257
427.11 4.43744095267e-258
427.12 1.61780271401e-258
427.13 5.89307875034e-259
427.14 2.14477946185e-259
427.15 7.79914064647e-260
427.16 2.83357410405e-260
427.17 1.0285990288e-260
427.18 3.73062294921e-261
427.19 1.35188676892e-261
427.2 4.89466519073e-262
427.21 1.77063634791e-262
427.22 6.39969789105e-263
427.23 2.31107097334e-263
427.24 8.3385551514e-264
427.25 3.00602121051e-264
427.26 1.08272206705e-264
427.27 3.8964189638e-265
427.28 1.40099963135e-265
427.29 5.03308315971e-266
427.3 1.8065662967e-266
427.31 6.47884237315e-267
427.32 2.32147834333e-267
427.33 8.31104381198e-268
427.34 2.97283098846e-268
427.35 1.06245019249e-268
427.36 3.79376697986e-269
427.37 1.3534943194e-269
427.38 4.82465135254e-270
427.39 1.71830061386e-270
427.4 6.11443127443e-271
427.41 2.173885687e-271
427.42 7.72220009695e-272
427.43 2.74074803266e-272
427.44 9.71898437124e-273
427.45 3.4434705175e-273
427.46 1.21897715546e-273
427.47 4.31140158375e-274
427.48 1.52357942677e-274
427.49 5.37941977213e-275
427.5 1.89770841172e-275
427.51 6.68878509849e-276
427.52 2.35553041149e-276
427.53 8.28807936056e-277
427.54 2.91368634518e-277
427.55 1.02342355623e-277
427.56 3.59163116826e-278
427.57 1.25936542827e-278
427.58 4.412000112e-279
427.59 1.54434019494e-279
427.6 5.40099963442e-280
427.61 1.88724825807e-280
427.62 6.58881981464e-281
427.63 2.29831706292e-281
427.64 8.01006359509e-282
427.65 2.78923881019e-282
427.66 9.70418678738e-283
427.67 3.37331041842e-283
427.68 1.17159411216e-283
427.69 4.06557302162e-284
427.7 1.40958108601e-284
427.71 4.88294771505e-285
427.72 1.69004316471e-285
427.73 5.84436366805e-286
427.74 2.0192978373e-286
427.75 6.9708741232e-287
427.76 2.4043506945e-287
427.77 8.28575521406e-288
427.78 2.85292330498e-288
427.79 9.81458198265e-289
427.8 3.3734729334e-289
427.81 1.15852754883e-289
427.82 3.97520210154e-290
427.83 1.36281145004e-290
427.84 4.66805588497e-291
427.85 1.59757049877e-291
427.86 5.46270477261e-292
427.87 1.86629004935e-292
427.88 6.37051090481e-293
427.89 2.17266665417e-293
427.9 7.40347555696e-294
427.91 2.52058824957e-294
427.92 8.57416585995e-295
427.93 2.91410748088e-295
427.94 9.89561895416e-296
427.95 3.35740763926e-296
427.96 1.13812220672e-296
427.97 3.85476078996e-297
427.98 1.30445673908e-297
427.99 4.41047780874e-298
428.0 1.48992811124e-298
428.01 5.0288502094e-299
428.02 1.69588265294e-299
428.03 5.71408384106e-300
428.04 1.92362818356e-300
428.05 6.47022475515e-301
428.06 2.1744093907e-301
428.07 7.30107778755e-302
428.08 2.44938102221e-302
428.09 8.2101186637e-303
428.1 2.74957919019e-303
428.11 9.20040071001e-304
428.12 3.07589117382e-304
428.13 1.02744575342e-304
428.14 3.42902419575e-305
428.15 1.14342033126e-305
428.16 3.80947373209e-306
428.17 1.26808325834e-306
428.18 4.21749199547e-307
428.19 1.40147216845e-307
428.2 4.65305730068e-308
428.21 1.54353341741e-308
428.22 5.1158450797e-309
428.23 1.6941132733e-309
428.24 5.60520135463e-310
428.25 1.8529500148e-310
428.26 6.12011949917e-311
428.27 2.0196672014e-311
428.28 6.6592211202e-312
428.29 2.19376837565e-312
428.3 7.22074186739e-313
428.31 2.37463344625e-313
428.32 7.80252293043e-314
428.33 2.5615169813e-314
428.34 8.40200890658e-315
428.35 2.75354861368e-315
428.36 9.01625263642e-316
428.37 2.94973573784e-316
428.38 9.64192724197e-317
428.39 3.14896840122e-317
428.4 1.02753450914e-317
428.41 3.3500269336e-318
428.42 1.09124773263e-318
428.43 3.55159089513e-319
428.44 1.15492785372e-319
428.45 3.75242858016e-320
428.46 1.217871817e-320
428.47 3.95252516673e-321
428.48 1.27963002273e-321
428.49 4.15015142507e-322
428.5 1.33397724377e-322
428.51 4.44659081257e-323
428.52 1.48219693752e-323
428.53 4.94065645841e-324
428.54 0.0
428.55 0.0
428.56 0.0
428.57 0.0
428.58 0.0
428.59 0.0
428.6 0.0
428.61 0.0
428.62 0.0
428.63 0.0
428.64 0.0
428.65 0.0
428.66 0.0
428.67 0.0
428.68 0.0
428.69 0.0
428.7 0.0
428.71 0.0
428.72 0.0
428.73 0.0
428.74 0.0
428.75 0.0
428.76 0.0
428.77 0.0
428.78 0.0
428.79 0.0
428.8 0.0
428.81 0.0
428.82 0.0
428.83 0.0
428.84 0.0
428.85 0.0
428.86 0.0
428.87 0.0
428.88 0.0
428.89 0.0
428.9 0.0
428.91 0.0
428.92 0.0
428.93 0.0
428.94 0.0
428.95 0.0
428.96 0.0
428.97 0.0
428.98 0.0
428.99 0.0
429.0 0.0
429.01 0.0
429.02 0.0
429.03 0.0
429.04 0.0
429.05 0.0
429.06 0.0
429.07 0.0
429.08 0.0
429.09 0.0
429.1 0.0
429.11 0.0
429.12 0.0
429.13 0.0
429.14 0.0
429.15 0.0
429.16 0.0
429.17 0.0
429.18 0.0
429.19 0.0
429.2 0.0
429.21 0.0
429.22 0.0
429.23 0.0
429.24 0.0
429.25 0.0
429.26 0.0
429.27 0.0
429.28 0.0
429.29 0.0
429.3 0.0
429.31 0.0
429.32 0.0
429.33 0.0
429.34 0.0
429.35 0.0
429.36 0.0
429.37 0.0
429.38 0.0
429.39 0.0
429.4 0.0
429.41 0.0
429.42 0.0
429.43 0.0
429.44 0.0
429.45 0.0
429.46 0.0
429.47 0.0
429.48 0.0
429.49 0.0
429.5 0.0
429.51 0.0
429.52 0.0
429.53 0.0
429.54 0.0
429.55 0.0
429.56 0.0
429.57 0.0
429.58 0.0
429.59 0.0
429.6 0.0
429.61 0.0
429.62 0.0
429.63 0.0
429.64 0.0
429.65 0.0
429.66 0.0
429.67 0.0
429.68 0.0
429.69 0.0
429.7 0.0
429.71 0.0
429.72 0.0
429.73 0.0
429.74 0.0
429.75 0.0
429.76 0.0
429.77 0.0
429.78 0.0
429.79 0.0
429.8 0.0
429.81 0.0
429.82 0.0
429.83 0.0
429.84 0.0
429.85 0.0
429.86 0.0
429.87 0.0
429.88 0.0
429.89 0.0
429.9 0.0
429.91 0.0
429.92 0.0
429.93 0.0
429.94 0.0
429.95 0.0
429.96 0.0
429.97 0.0
429.98 0.0
429.99 0.0
