400.0 1.35255822349e-24
400.01 1.815182283e-24
400.02 2.43393082674e-24
400.03 3.26076823038e-24
400.04 4.36470949432e-24
400.05 5.83733298705e-24
400.06 7.80004854059e-24
400.07 1.04136710552e-23
400.08 1.38910193875e-23
400.09 1.85134813214e-23
400.1 2.46527731572e-23
400.11 3.27994966812e-23
400.12 4.3600582525e-23
400.13 5.79083401183e-23
400.14 7.68446530021e-23
400.15 1.01884918804e-22
400.16 1.34967705885e-22
400.17 1.78637873748e-22
400.18 2.36233197443e-22
400.19 3.12127495831e-22
400.2 4.12047079628e-22
400.21 5.43482250756e-22
400.22 7.16221910432e-22
400.23 9.43047466242e-22
400.24 1.24063267439e-21
400.25 1.63070945703e-21
400.26 2.14157691732e-21
400.27 2.81005277984e-21
400.28 3.68399463895e-21
400.29 4.82555438349e-21
400.3 6.31537512026e-21
400.31 8.25799854037e-21
400.32 1.07888253855e-20
400.33 1.40830667956e-20
400.34 1.83672453173e-20
400.35 2.39339581066e-20
400.36 3.11608100491e-20
400.37 4.05346720739e-20
400.38 5.26827335813e-20
400.39 6.84122149096e-20
400.4 8.87611077846e-20
400.41 1.15062945881e-19
400.42 1.49029407998e-19
400.43 1.92855565428e-19
400.44 2.4935385613e-19
400.45 3.22124467585e-19
400.46 4.15771820649e-19
400.47 5.36179371449e-19
400.48 6.90858115761e-19
400.49 8.89388150159e-19
400.5 1.14397761478e-18
400.51 1.47016955982e-18
400.52 1.88773504714e-18
400.53 2.42180049665e-18
400.54 3.10426938257e-18
400.55 3.97561345288e-18
400.56 5.08712740012e-18
400.57 6.5037642302e-18
400.58 8.30769754003e-18
400.59 1.06027928557e-17
400.6 1.35202147353e-17
400.61 1.7225451513e-17
400.62 2.19271078155e-17
400.63 2.78878993351e-17
400.64 3.54383884887e-17
400.65 4.49941280374e-17
400.66 5.70770380042e-17
400.67 7.23420360243e-17
400.68 9.16101807846e-17
400.69 1.15909882429e-16
400.7 1.4652809484e-16
400.71 1.85073847278e-16
400.72 2.33557014816e-16
400.73 2.9448589003e-16
400.74 3.7098792859e-16
400.75 4.66959030575e-16
400.76 5.87247925613e-16
400.77 7.3788369954e-16
400.78 9.26356288859e-16
400.79 1.16196194372e-15
400.8 1.456228301e-15
400.81 1.82343691305e-15
400.82 2.2812649608e-15
400.83 2.85157258113e-15
400.84 3.56136792427e-15
400.85 4.44398892641e-15
400.86 5.54054907307e-15
400.87 6.90170442405e-15
400.88 8.58981120824e-15
400.89 1.06815577783e-14
400.9 1.32711721189e-14
400.91 1.64743269968e-14
400.92 2.0432889894e-14
400.93 2.53206948844e-14
400.94 3.1350549528e-14
400.95 3.87827327939e-14
400.96 4.79352912897e-14
400.97 5.91965022237e-14
400.98 7.30399443897e-14
400.99 9.00427051789e-14
401.0 1.10907354722e-13
401.01 1.36488440706e-13
401.02 1.67824402657e-13
401.03 2.06175976599e-13
401.04 2.53072364731e-13
401.05 3.10366685665e-13
401.06 3.80302505248e-13
401.07 4.6559358366e-13
401.08 5.6951937e-13
401.09 6.96039241146e-13
401.1 8.49929029105e-13
401.11 1.03694402399e-12
401.12 1.26401339398e-12
401.13 1.5394718474e-12
401.14 1.87333539654e-12
401.15 2.27762929208e-12
401.16 2.76677760939e-12
401.17 3.35806561513e-12
401.18 4.07218796167e-12
401.19 4.93389799044e-12
401.2 5.97277602083e-12
401.21 7.22413751535e-12
401.22 8.73010550619e-12
401.23 1.05408757162e-11
401.24 1.27162074901e-11
401.25 1.53271790608e-11
401.26 1.84582519225e-11
401.27 2.22096962759e-11
401.28 2.67004377998e-11
401.29 3.20713955292e-11
401.3 3.84893915615e-11
401.31 4.61517258649e-11
401.32 5.52915238364e-11
401.33 6.61839807115e-11
401.34 7.91536457197e-11
401.35 9.45829103355e-11
401.36 1.12921889423e-10
401.37 1.34699911909e-10
401.38 1.60538869246e-10
401.39 1.91168705885e-10
401.4 2.2744537665e-10
401.41 2.70371642107e-10
401.42 3.21121125097e-10
401.43 3.81066110572e-10
401.44 4.51809637247e-10
401.45 5.3522250443e-10
401.46 6.33485901491e-10
401.47 7.49140461959e-10
401.48 8.8514265016e-10
401.49 1.04492950701e-09
401.5 1.23249291425e-09
401.51 1.45246468465e-09
401.52 1.71021395077e-09
401.53 2.01195850903e-09
401.54 2.36489197996e-09
401.55 2.77732887281e-09
401.56 3.25886989378e-09
401.57 3.82059011555e-09
401.58 4.47525293309e-09
401.59 5.23755306954e-09
401.6 6.12439226917e-09
401.61 7.1551917244e-09
401.62 8.35224573418e-09
401.63 9.74112158332e-09
401.64 1.1351111172e-08
401.65 1.32157405122e-08
401.66 1.53733438483e-08
401.67 1.78677098569e-08
401.68 2.0748808135e-08
401.69 2.40736050056e-08
401.7 2.79069785529e-08
401.71 3.23227437564e-08
401.72 3.74047996149e-08
401.73 4.32484112584e-08
401.74 4.99616412238e-08
401.75 5.76669453329e-08
401.76 6.65029499554e-08
401.77 7.6626428871e-08
401.78 8.82144994574e-08
401.79 1.01467059539e-07
401.8 1.16609487913e-07
401.81 1.33895633355e-07
401.82 1.53611118752e-07
401.83 1.76076988966e-07
401.84 2.01653733041e-07
401.85 2.30745713441e-07
401.86 2.63806037201e-07
401.87 3.01341906033e-07
401.88 3.43920484713e-07
401.89 3.92175329375e-07
401.9 4.4681341961e-07
401.91 5.08622840613e-07
401.92 5.78481163919e-07
401.93 6.57364577486e-07
401.94 7.46357818151e-07
401.95 8.46664961525e-07
401.96 9.59621126447e-07
401.97 1.08670515291e-06
401.98 1.22955331407e-06
401.99 1.38997412439e-06
402.0 1.56996430705e-06
402.01 1.77172598474e-06
402.02 1.99768515841e-06
402.03 2.25051153851e-06
402.04 2.53313979307e-06
402.05 2.84879227602e-06
402.06 3.20100329748e-06
402.07 3.59364499592e-06
402.08 4.03095486911e-06
402.09 4.51756501708e-06
402.1 5.05853314615e-06
402.11 5.65937537748e-06
402.12 6.32610089741e-06
402.13 7.06524847962e-06
402.14 7.88392490043e-06
402.15 8.78984525921e-06
402.16 9.79137520504e-06
402.17 1.08975750585e-05
402.18 1.21182458042e-05
402.19 1.3463976915e-05
402.2 1.49461959524e-05
402.21 1.65772198705e-05
402.22 1.83703079309e-05
402.23 2.03397161175e-05
402.24 2.25007529156e-05
402.25 2.48698362981e-05
402.26 2.74645517376e-05
402.27 3.03037110348e-05
402.28 3.34074117288e-05
402.29 3.67970968249e-05
402.3 4.0495614548e-05
402.31 4.45272777962e-05
402.32 4.8917922942e-05
402.33 5.36949675936e-05
402.34 5.88874668998e-05
402.35 6.45261679458e-05
402.36 7.06435617599e-05
402.37 7.72739324166e-05
402.38 8.44534026897e-05
402.39 9.22199756821e-05
402.4 0.000100613571828
402.41 0.000109676060637
402.42 0.000119451286523
402.43 0.000129985088041
402.44 0.000141325309836
402.45 0.000153521806586
402.46 0.000166626438209
402.47 0.000180693055615
402.48 0.00019577747624
402.49 0.000211937448639
402.5 0.000229232605408
402.51 0.000247724403701
402.52 0.000267476052657
402.53 0.000288552427046
402.54 0.000311019966506
402.55 0.000334946559744
402.56 0.000360401413172
402.57 0.000387454903442
402.58 0.000416178413458
402.59 0.000446644151498
402.6 0.000478924953123
402.61 0.000513094065706
402.62 0.000549224915433
402.63 0.00058739085678
402.64 0.000627664904566
402.65 0.000670119448782
402.66 0.000714825952546
402.67 0.000761854633643
402.68 0.000811274130246
402.69 0.000863151151563
402.7 0.000917550114289
402.71 0.000974532765895
402.72 0.00103415779592
402.73 0.00109648043662
402.74 0.00116155205438
402.75 0.00122941973367
402.76 0.00130012585505
402.77 0.00137370766946
402.78 0.00145019687059
402.79 0.00152961916756
402.8 0.00161199386037
402.81 0.00169733342034
402.82 0.00178564307808
402.83 0.00187692042176
402.84 0.00197115500815
402.85 0.00206832798933
402.86 0.00216841175772
402.87 0.00227136961241
402.88 0.00237715544941
402.89 0.00248571347886
402.9 0.0025969779717
402.91 0.00271087303883
402.92 0.00282731244516
402.93 0.00294619946124
402.94 0.00306742675488
402.95 0.003190876325
402.96 0.00331641947991
402.97 0.00344391686197
402.98 0.00357321852022
402.99 0.00370416403272
403.0 0.00383658267965
403.01 0.00397029366832
403.02 0.0041051064107
403.03 0.00424082085394
403.04 0.00437722786394
403.05 0.00451410966186
403.06 0.00465124031285
403.07 0.00478838626624
403.08 0.00492530694595
403.09 0.00506175538946
403.1 0.00519747893349
403.11 0.00533221994411
403.12 0.00546571658867
403.13 0.00559770364664
403.14 0.00572791335608
403.15 0.00585607629227
403.16 0.00598192227464
403.17 0.0061051812979
403.18 0.00622558448315
403.19 0.00634286504423
403.2 0.00645675926494
403.21 0.00656700748182
403.22 0.00667335506794
403.23 0.00677555341226
403.24 0.00687336088957
403.25 0.00696654381595
403.26 0.00705487738431
403.27 0.0071381465752
403.28 0.00721614703779
403.29 0.007288685936
403.3 0.00735558275526
403.31 0.00741667006532
403.32 0.00747179423473
403.33 0.00752081609307
403.34 0.00756361153718
403.35 0.00760007207799
403.36 0.00763010532488
403.37 0.00765363540499
403.38 0.00767060331507
403.39 0.00768096720426
403.4 0.00768470258614
403.41 0.00768180247926
403.42 0.00767227747569
403.43 0.00765615573733
403.44 0.00763348292074
403.45 0.00760432203109
403.46 0.0075687532068
403.47 0.00752687343657
403.48 0.00747879621109
403.49 0.00742465111212
403.5 0.00736458334203
403.51 0.00729875319714
403.52 0.00722733548891
403.53 0.0071505189169
403.54 0.00706850539815
403.55 0.00698150935754
403.56 0.00688975698425
403.57 0.00679348545929
403.58 0.0066929421596
403.59 0.00658838384409
403.6 0.00648007582712
403.61 0.00636829114499
403.62 0.0062533097211
403.63 0.00613541753527
403.64 0.00601490580261
403.65 0.00589207016748
403.66 0.00576720991753
403.67 0.00564062722306
403.68 0.00551262640629
403.69 0.00538351324524
403.7 0.00525359431641
403.71 0.00512317638016
403.72 0.00499256581251
403.73 0.00486206808649
403.74 0.00473198730588
403.75 0.00460262579387
403.76 0.00447428373856
403.77 0.00434725889684
403.78 0.00422184635792
403.79 0.00409833836698
403.8 0.0039770242092
403.81 0.00385819015399
403.82 0.00374211945846
403.83 0.00362909242909
403.84 0.0035193865398
403.85 0.00341327660435
403.86 0.00331103500043
403.87 0.00321293194243
403.88 0.00311923579947
403.89 0.00303021345475
403.9 0.00294613070212
403.91 0.00286725267518
403.92 0.00279384430395
403.93 0.00272617079397
403.94 0.00266449812209
403.95 0.00260909354342
403.96 0.00256022610309
403.97 0.00251816714681
403.98 0.00248319082381
403.99 0.00245557457545
404.0 0.00243559960314
404.01 0.00242355130865
404.02 0.00241971970027
404.03 0.00242439975811
404.04 0.00243789175185
404.05 0.00246050150459
404.06 0.00249254059628
404.07 0.00253432650074
404.08 0.00258618265019
404.09 0.0026484384218
404.1 0.00272142904088
404.11 0.00280549539578
404.12 0.00290098375999
404.13 0.00300824541751
404.14 0.00312763618775
404.15 0.00325951584719
404.16 0.00340424744528
404.17 0.00356219651293
404.18 0.00373373016244
404.19 0.00391921607861
404.2 0.00411902140131
404.21 0.00433351150084
404.22 0.00456304864784
404.23 0.00480799058082
404.24 0.00506868897475
404.25 0.00534548781529
404.26 0.00563872168417
404.27 0.00594871396181
404.28 0.00627577495445
404.29 0.00662019995373
404.3 0.00698226723767
404.31 0.0073622360226
404.32 0.00776034437668
404.33 0.00817680710615
404.34 0.00861181362631
404.35 0.00906552582993
404.36 0.00953807596612
404.37 0.0100295645438
404.38 0.0105400582734
404.39 0.0110695880624
404.4 0.0116181470783
404.41 0.0121856888952
404.42 0.0127721257387
404.43 0.0133773268443
404.44 0.0140011169443
404.45 0.0146432748986
404.46 0.0153035324822
404.47 0.0159815733452
404.48 0.0166770321577
404.49 0.0173894939517
404.5 0.0181184936727
404.51 0.0188635159504
404.52 0.0196239950997
404.53 0.0203993153584
404.54 0.0211888113702
404.55 0.0219917689177
404.56 0.0228074259093
404.57 0.0236349736229
404.58 0.0244735582065
404.59 0.025322282435
404.6 0.0261802077197
404.61 0.0270463563661
404.62 0.0279197140736
404.63 0.0287992326674
404.64 0.0296838330533
404.65 0.030572408382
404.66 0.0314638274099
404.67 0.0323569380392
404.68 0.0332505710201
404.69 0.0341435437969
404.7 0.035034664475
404.71 0.0359227358894
404.72 0.0368065597489
404.73 0.0376849408334
404.74 0.0385566912183
404.75 0.0394206344997
404.76 0.0402756099946
404.77 0.041120476889
404.78 0.0419541183061
404.79 0.0427754452697
404.8 0.0435834005345
404.81 0.0443769622577
404.82 0.0451551474876
404.83 0.0459170154445
404.84 0.0466616705708
404.85 0.0473882653284
404.86 0.0480960027256
404.87 0.0487841385524
404.88 0.0494519833106
404.89 0.0500989038237
404.9 0.0507243245161
404.91 0.0513277283504
404.92 0.051908657419
404.93 0.0524667131841
404.94 0.0530015563661
404.95 0.053512906481
404.96 0.0540005410323
404.97 0.0544642943633
404.98 0.0549040561811
404.99 0.0553197697633
405.0 0.0557114298636
405.01 0.0560790803333
405.02 0.0564228114793
405.03 0.0567427571797
405.04 0.0570390917819
405.05 0.0573120268091
405.06 0.0575618075023
405.07 0.0577887092267
405.08 0.0579930337735
405.09 0.0581751055861
405.1 0.0583352679441
405.11 0.0584738791351
405.12 0.058591308648
405.13 0.0586879334168
405.14 0.0587641341484
405.15 0.058820291763
405.16 0.0588567839767
405.17 0.058873982054
405.18 0.0588722477564
405.19 0.0588519305112
405.2 0.0588133648231
405.21 0.0587568679486
405.22 0.0586827378509
405.23 0.0585912514497
405.24 0.0584826631796
405.25 0.058357203865
405.26 0.0582150799203
405.27 0.058056472877
405.28 0.0578815392395
405.29 0.0576904106685
405.3 0.0574831944848
405.31 0.0572599744874
405.32 0.0570208120746
405.33 0.0567657476545
405.34 0.0564948023297
405.35 0.0562079798381
405.36 0.0559052687285
405.37 0.0555866447498
405.38 0.0552520734294
405.39 0.0549015128154
405.4 0.0545349163547
405.41 0.0541522358813
405.42 0.0537534246842
405.43 0.053338440627
405.44 0.0529072492892
405.45 0.0524598271006
405.46 0.0519961644396
405.47 0.0515162686668
405.48 0.0510201670669
405.49 0.0505079096718
405.5 0.0499795719406
405.51 0.0494352572714
405.52 0.0488750993249
405.53 0.0482992641378
405.54 0.0477079520087
405.55 0.0471013991409
405.56 0.0464798790273
405.57 0.0458437035677
405.58 0.0451932239078
405.59 0.0445288309945
405.6 0.0438509558436
405.61 0.0431600695173
405.62 0.0424566828141
405.63 0.0417413456727
405.64 0.0410146462966
405.65 0.0402772100069
405.66 0.0395296978336
405.67 0.0387728048569
405.68 0.0380072583121
405.69 0.0372338154752
405.7 0.0364532613441
405.71 0.035666406135
405.72 0.0348740826142
405.73 0.0340771432836
405.74 0.0332764574444
405.75 0.0324729081573
405.76 0.0316673891251
405.77 0.0308608015171
405.78 0.0300540507599
405.79 0.0292480433155
405.8 0.0284436834699
405.81 0.0276418701521
405.82 0.0268434938056
405.83 0.0260494333309
405.84 0.0252605531196
405.85 0.0244777001953
405.86 0.0237017014804
405.87 0.0229333612026
405.88 0.0221734584543
405.89 0.0214227449192
405.9 0.0206819427749
405.91 0.0199517427815
405.92 0.0192328025643
405.93 0.018525745096
405.94 0.0178311573827
405.95 0.0171495893574
405.96 0.0164815529817
405.97 0.0158275215559
405.98 0.0151879292355
405.99 0.0145631707515
406.0 0.0139536013302
406.01 0.0133595368071
406.02 0.012781253928
406.03 0.0122189908291
406.04 0.0116729476893
406.05 0.0111432875428
406.06 0.0106301372438
406.07 0.0101335885709
406.08 0.00965369946091
406.09 0.00919049535914
406.1 0.00874397067518
406.11 0.0083140903304
406.12 0.00790079138545
406.13 0.00750398473484
406.14 0.00712355685582
406.15 0.00675937159935
406.16 0.00641127201052
406.17 0.00607908216666
406.18 0.00576260902121
406.19 0.00546164424224
406.2 0.00517596603448
406.21 0.00490534093484
406.22 0.00464952557129
406.23 0.00440826837602
406.24 0.00418131124418
406.25 0.00396839113024
406.26 0.00376924157456
406.27 0.0035835941535
406.28 0.00341117984707
406.29 0.00325173031877
406.3 0.00310497910297
406.31 0.00297066269587
406.32 0.00284852154666
406.33 0.00273830094637
406.34 0.00263975181224
406.35 0.00255263136638
406.36 0.00247670370796
406.37 0.00241174027862
406.38 0.00235752022181
406.39 0.00231383063671
406.4 0.00228046672856
406.41 0.00225723185719
406.42 0.0022439374864
406.43 0.00224040303714
406.44 0.0022464556479
406.45 0.00226192984614
406.46 0.00228666713512
406.47 0.0023205155005
406.48 0.00236332884193
406.49 0.00241496633473
406.5 0.00247529172729
406.51 0.00254417258008
406.52 0.00262147945231
406.53 0.0027070850426
406.54 0.00280086329023
406.55 0.00290268844362
406.56 0.0030124341029
406.57 0.00312997224362
406.58 0.00325517222862
406.59 0.00338789981524
406.6 0.00352801616504
406.61 0.00367537686322
406.62 0.00382983095508
406.63 0.00399122000633
406.64 0.00415937719466
406.65 0.00433412643928
406.66 0.00451528157523
406.67 0.0047026455792
406.68 0.00489600985302
406.69 0.0050951535712
406.7 0.00529984309808
406.71 0.00550983148028
406.72 0.00572485801961
406.73 0.00594464793095
406.74 0.0061689120897
406.75 0.00639734687243
406.76 0.00662963409422
406.77 0.00686544104538
406.78 0.00710442062992
406.79 0.0073462116074
406.8 0.00759043893923
406.81 0.00783671423991
406.82 0.00808463633296
406.83 0.00833379191086
406.84 0.00858375629719
406.85 0.00883409430916
406.86 0.00908436121739
406.87 0.00933410379965
406.88 0.00958286148421
406.89 0.00983016757824
406.9 0.0100755505755
406.91 0.0103185355377
406.92 0.0105586455424
406.93 0.0107954031911
406.94 0.011028332169
406.95 0.0112569588488
406.96 0.0114808139303
406.97 0.0116994341063
406.98 0.0119123637457
406.99 0.0121191565858
407.0 0.0123193774213
407.01 0.0125126037835
407.02 0.0126984275975
407.03 0.0128764568091
407.04 0.013046316971
407.05 0.0132076527783
407.06 0.0133601295458
407.07 0.0135034346159
407.08 0.0136372786894
407.09 0.0137613970715
407.1 0.0138755508239
407.11 0.0139795278165
407.12 0.0140731436724
407.13 0.0141562425993
407.14 0.0142286981022
407.15 0.0142904135735
407.16 0.0143413227552
407.17 0.0143813900724
407.18 0.014410610833
407.19 0.0144290112947
407.2 0.0144366485976
407.21 0.0144336105625
407.22 0.0144200153571
407.23 0.0143960110308
407.24 0.0143617749218
407.25 0.01431751294
407.26 0.0142634587297
407.27 0.014199872718
407.28 0.0141270410533
407.29 0.0140452744423
407.3 0.0139549068909
407.31 0.0138562943572
407.32 0.0137498133253
407.33 0.0136358593072
407.34 0.0135148452824
407.35 0.0133872000845
407.36 0.0132533667433
407.37 0.0131138007927
407.38 0.0129689685537
407.39 0.0128193454014
407.4 0.0126654140261
407.41 0.0125076626983
407.42 0.012346583545
407.43 0.0121826708481
407.44 0.0120164193712
407.45 0.0118483227253
407.46 0.0116788717791
407.47 0.0115085531216
407.48 0.0113378475837
407.49 0.0111672288255
407.5 0.0109971619926
407.51 0.0108281024488
407.52 0.0106604945875
407.53 0.0104947707254
407.54 0.0103313500828
407.55 0.01017063785
407.56 0.0100130243436
407.57 0.00985888425267
407.58 0.00970857597395
407.59 0.0095624410371
407.6 0.00942080361788
407.61 0.00928397013791
407.62 0.00915222894885
407.63 0.00902585009808
407.64 0.00890508517304
407.65 0.00879016722027
407.66 0.00868131073563
407.67 0.00857871172105
407.68 0.00848254780367
407.69 0.00839297841235
407.7 0.00831014500679
407.71 0.00823417135431
407.72 0.00816516384909
407.73 0.00810321186882
407.74 0.0080483881638
407.75 0.00800074927341
407.76 0.00796033596505
407.77 0.00792717369099
407.78 0.00790127305847
407.79 0.00788263030881
407.8 0.00787122780148
407.81 0.00786703449941
407.82 0.00787000645201
407.83 0.00788008727278
407.84 0.00789720860874
407.85 0.00792129059914
407.86 0.0079522423214
407.87 0.00798996222241
407.88 0.00803433853388
407.89 0.00808524967059
407.9 0.00814256461075
407.91 0.00820614325818
407.92 0.00827583678605
407.93 0.00835148796246
407.94 0.00843293145825
407.95 0.00851999413779
407.96 0.0086124953337
407.97 0.00871024710658
407.98 0.00881305449114
407.99 0.00892071573024
408.0 0.00903302249837
408.01 0.00914976011641
408.02 0.00927070775943
408.03 0.00939563865941
408.04 0.00952432030477
408.05 0.00965651463868
408.06 0.00979197825805
408.07 0.00993046261496
408.08 0.0100717142225
408.09 0.010215474867
408.1 0.0103614818272
408.11 0.0105094681041
408.12 0.0106591626605
408.13 0.0108102906731
408.14 0.0109625737984
408.15 0.0111157304524
408.16 0.0112694761059
408.17 0.0114235235966
408.18 0.011577583457
408.19 0.0117313642601
408.2 0.011884572983
408.21 0.012036915388
408.22 0.012188096421
408.23 0.012337820629
408.24 0.0124857925935
408.25 0.0126317173819
408.26 0.0127753010153
408.27 0.0129162509518
408.28 0.0130542765852
408.29 0.0131890897581
408.3 0.0133204052871
408.31 0.0134479415015
408.32 0.0135714207919
408.33 0.0136905701683
408.34 0.0138051218264
408.35 0.013914813721
408.36 0.0140193901437
408.37 0.0141186023043
408.38 0.0142122089135
408.39 0.0142999767665
408.4 0.0143816813231
408.41 0.0144571072851
408.42 0.0145260491676
408.43 0.0145883118618
408.44 0.0146437111894
408.45 0.0146920744433
408.46 0.014733240916
408.47 0.0147670624105
408.48 0.0147934037342
408.49 0.0148121431714
408.5 0.0148231729341
408.51 0.0148263995882
408.52 0.0148217444526
408.53 0.01480914397
408.54 0.0147885500473
408.55 0.0147599303633
408.56 0.0147232686414
408.57 0.0146785648868
408.58 0.0146258355859
408.59 0.0145651138653
408.6 0.014496449611
408.61 0.0144199095443
408.62 0.0143355772553
408.63 0.0142435531907
408.64 0.0141439545972
408.65 0.0140369154182
408.66 0.0139225861444
408.67 0.0138011336171
408.68 0.0136727407848
408.69 0.0135376064123
408.7 0.0133959447442
408.71 0.0132479851212
408.72 0.0130939715518
408.73 0.0129341622392
408.74 0.0127688290654
408.75 0.012598257033
408.76 0.0124227436669
408.77 0.0122425983781
408.78 0.0120581417902
408.79 0.0118697050325
408.8 0.0116776290006
408.81 0.0114822635879
408.82 0.0112839668903
408.83 0.0110831043872
408.84 0.0108800481006
408.85 0.0106751757375
408.86 0.0104688698157
408.87 0.0102615167786
408.88 0.0100535061009
408.89 0.0098452293888
408.9 0.00963707947686
408.91 0.00942944952628
408.92 0.00922273212602
408.93 0.00901731840064
408.94 0.00881359712742
408.95 0.00861195386548
408.96 0.00841277009963
408.97 0.00821642240137
408.98 0.00802328160935
408.99 0.0078337120315
409.0 0.00764807067071
409.01 0.00746670647594
409.02 0.00728995962035
409.03 0.00711816080768
409.04 0.00695163060837
409.05 0.00679067882616
409.06 0.00663560389606
409.07 0.00648669231432
409.08 0.00634421810077
409.09 0.00620844229383
409.1 0.00607961247814
409.11 0.00595796234486
409.12 0.00584371128426
409.13 0.00573706401036
409.14 0.00563821021702
409.15 0.00554732426492
409.16 0.00546456489882
409.17 0.00539007499426
409.18 0.0053239813329
409.19 0.00526639440586
409.2 0.00521740824389
409.21 0.00517710027385
409.22 0.00514553120052
409.23 0.00512274491295
409.24 0.00510876841467
409.25 0.00510361177706
409.26 0.00510726811525
409.27 0.0051197135862
409.28 0.00514090740824
409.29 0.00517079190214
409.3 0.00520929255316
409.31 0.00525631809428
409.32 0.00531176061048
409.33 0.0053754956642
409.34 0.00544738244244
409.35 0.00552726392561
409.36 0.00561496707886
409.37 0.0057103030663
409.38 0.00581306748888
409.39 0.00592304064661
409.4 0.00603998782605
409.41 0.0061636596138
409.42 0.00629379223697
409.43 0.00643010793165
409.44 0.00657231534008
409.45 0.00672010993774
409.46 0.00687317449094
409.47 0.00703117954606
409.48 0.00719378395089
409.49 0.00736063540905
409.5 0.00753137106779
409.51 0.00770561813983
409.52 0.00788299455935
409.53 0.00806310967244
409.54 0.00824556496184
409.55 0.0084299548057
409.56 0.00861586727009
409.57 0.00880288493442
409.58 0.00899058574894
409.59 0.00917854392321
409.6 0.0093663308441
409.61 0.00955351602173
409.62 0.00973966806155
409.63 0.00992435566019
409.64 0.010107148623
409.65 0.0102876189005
409.66 0.0104653416408
409.67 0.0106398962547
409.68 0.0108108674915
409.69 0.0109778465192
409.7 0.0111404320089
409.71 0.0112982312164
409.72 0.0114508610589
409.73 0.0115979491818
409.74 0.0117391350117
409.75 0.0118740707911
409.76 0.0120024225896
409.77 0.0121238712894
409.78 0.0122381135371
409.79 0.0123448626615
409.8 0.0124438495492
409.81 0.012534823476
409.82 0.01261755289
409.83 0.0126918261401
409.84 0.0127574521491
409.85 0.0128142610251
409.86 0.0128621046095
409.87 0.0129008569574
409.88 0.0129304147477
409.89 0.0129506976205
409.9 0.0129616484396
409.91 0.0129632334769
409.92 0.0129554425197
409.93 0.0129382888961
409.94 0.0129118094211
409.95 0.0128760642604
409.96 0.0128311367138
409.97 0.0127771329162
409.98 0.0127141814599
409.99 0.0126424329369
410.0 0.0125620594035
410.01 0.0124732537706
410.02 0.0123762291191
410.03 0.0122712179467
410.04 0.012158471346
410.05 0.0120382581194
410.06 0.0119108638341
410.07 0.0117765898204
410.08 0.0116357521195
410.09 0.0114886803832
410.1 0.0113357167322
410.11 0.0111772145773
410.12 0.0110135374083
410.13 0.0108450575572
410.14 0.0106721549394
410.15 0.0104952157807
410.16 0.0103146313329
410.17 0.0101307965866
410.18 0.00994410898456
410.19 0.00975496714154
410.2 0.00956376957709
410.21 0.00937091346538
410.22 0.00917679340778
410.23 0.00898180023315
410.24 0.00878631983042
410.25 0.00859073201819
410.26 0.00839540945552
410.27 0.00820071659793
410.28 0.0080070087024
410.29 0.00781463088472
410.3 0.00762391723223
410.31 0.00743518997488
410.32 0.00724875871679
410.33 0.00706491973054
410.34 0.0068839553158
410.35 0.0067061332237
410.36 0.00653170614781
410.37 0.00636091128257
410.38 0.00619396994922
410.39 0.00603108728931
410.4 0.00587245202533
410.41 0.00571823628782
410.42 0.00556859550782
410.43 0.00542366837344
410.44 0.00528357684888
410.45 0.00514842625414
410.46 0.00501830540312
410.47 0.00489328679812
410.48 0.00477342687781
410.49 0.00465876631636
410.5 0.00454933037058
410.51 0.00444512927221
410.52 0.00434615866224
410.53 0.00425240006405
410.54 0.00416382139208
410.55 0.00408037749269
410.56 0.00400201071394
410.57 0.00392865150089
410.58 0.00386021901306
410.59 0.00379662176071
410.6 0.00373775825681
410.61 0.00368351768134
410.62 0.0036337805549
410.63 0.00358841941855
410.64 0.00354729951699
410.65 0.00351027948229
410.66 0.00347721201545
410.67 0.0034479445633
410.68 0.00342231998833
410.69 0.00340017722914
410.7 0.00338135194958
410.71 0.0033656771745
410.72 0.00335298391034
410.73 0.00334310174905
410.74 0.00333585945383
410.75 0.0033310855253
410.76 0.00332860874711
410.77 0.00332825870991
410.78 0.00332986631278
410.79 0.00333326424155
410.8 0.00333828742325
410.81 0.00334477345642
410.82 0.00335256301684
410.83 0.00336150023839
410.84 0.00337143306918
410.85 0.00338221360257
410.86 0.00339369838343
410.87 0.00340574868968
410.88 0.00341823078921
410.89 0.00343101617264
410.9 0.00344398176212
410.91 0.00345701009649
410.92 0.00346998949335
410.93 0.00348281418834
410.94 0.00349538445213
410.95 0.00350760668559
410.96 0.00351939349366
410.97 0.00353066373836
410.98 0.00354134257141
410.99 0.00355136144712
411.0 0.00356065811582
411.01 0.00356917659853
411.02 0.00357686714324
411.03 0.00358368616336
411.04 0.00358959615873
411.05 0.00359456561983
411.06 0.0035985689155
411.07 0.00360158616482
411.08 0.00360360309347
411.09 0.00360461087526
411.1 0.00360460595914
411.11 0.00360358988242
411.12 0.0036015690705
411.13 0.00359855462393
411.14 0.00359456209324
411.15 0.00358961124211
411.16 0.00358372579975
411.17 0.00357693320298
411.18 0.0035692643288
411.19 0.00356075321833
411.2 0.00355143679277
411.21 0.00354135456244
411.22 0.00353054832967
411.23 0.00351906188664
411.24 0.00350694070906
411.25 0.00349423164688
411.26 0.00348098261313
411.27 0.00346724227201
411.28 0.00345305972742
411.29 0.00343848421329
411.3 0.00342356478684
411.31 0.00340835002624
411.32 0.00339288773379
411.33 0.00337722464613
411.34 0.00336140615281
411.35 0.00334547602438
411.36 0.00332947615165
411.37 0.00331344629706
411.38 0.00329742385975
411.39 0.00328144365543
411.4 0.00326553771219
411.41 0.00324973508348
411.42 0.00323406167933
411.43 0.00321854011666
411.44 0.00320318958973
411.45 0.00318802576136
411.46 0.00317306067579
411.47 0.00315830269358
411.48 0.00314375644914
411.49 0.00312942283106
411.5 0.00311529898565
411.51 0.00310137834347
411.52 0.00308765066899
411.53 0.00307410213308
411.54 0.00306071540782
411.55 0.00304746978335
411.56 0.00303434130588
411.57 0.0030213029362
411.58 0.00300832472763
411.59 0.00299537402246
411.6 0.00298241566555
411.61 0.0029694122339
411.62 0.00295632428068
411.63 0.00294311059212
411.64 0.00292972845592
411.65 0.00291613393907
411.66 0.00290228217367
411.67 0.00288812764877
411.68 0.00287362450631
411.69 0.00285872683942
411.7 0.00284338899106
411.71 0.0028275658511
411.72 0.00281121315002
411.73 0.00279428774728
411.74 0.00277674791259
411.75 0.00275855359826
411.76 0.00273966670098
411.77 0.00272005131143
411.78 0.00269967395005
411.79 0.00267850378773
411.8 0.00265651285001
411.81 0.00263367620358
411.82 0.00260997212407
411.83 0.00258538224419
411.84 0.00255989168148
411.85 0.00253348914495
411.86 0.00250616702019
411.87 0.00247792143268
411.88 0.00244875228896
411.89 0.00241866329585
411.9 0.00238766195768
411.91 0.00235575955187
411.92 0.00232297108334
411.93 0.00228931521822
411.94 0.00225481419761
411.95 0.00221949373221
411.96 0.00218338287873
411.97 0.00214651389913
411.98 0.00210892210391
411.99 0.00207064568053
412.0 0.00203172550843
412.01 0.00199220496187
412.02 0.00195212970222
412.03 0.00191154746088
412.04 0.00187050781469
412.05 0.00182906195498
412.06 0.00178726245205
412.07 0.00174516301652
412.08 0.00170281825902
412.09 0.00166028344969
412.1 0.00161761427901
412.11 0.00157486662129
412.12 0.00153209630219
412.13 0.00148935887147
412.14 0.00144670938227
412.15 0.00140420217803
412.16 0.00136189068798
412.17 0.00131982723234
412.18 0.00127806283785
412.19 0.00123664706467
412.2 0.00119562784501
412.21 0.00115505133433
412.22 0.00111496177538
412.23 0.00107540137552
412.24 0.00103641019756
412.25 0.000998026064301
412.26 0.000960284476837
412.27 0.000923218546561
412.28 0.000886858940816
412.29 0.000851233841958
412.3 0.000816368919558
412.31 0.000782287315412
412.32 0.000749009640916
412.33 0.000716553986341
412.34 0.000684935941473
412.35 0.000654168627019
412.36 0.000624262736159
412.37 0.000595226585578
412.38 0.000567066175282
412.39 0.000539785256463
412.4 0.000513385406706
412.41 0.000487866111755
412.42 0.000463224853107
412.43 0.000439457200672
412.44 0.00041655690975
412.45 0.000394516021585
412.46 0.000373324966785
412.47 0.000352972670887
412.48 0.000333446661407
412.49 0.00031473317571
412.5 0.000296817269083
412.51 0.000279682922425
412.52 0.000263313148997
412.53 0.000247690099717
412.54 0.000232795166527
412.55 0.000218609083383
412.56 0.000205112024493
412.57 0.000192283699417
412.58 0.00018010344474
412.59 0.000168550312035
412.6 0.000157603151869
412.61 0.000147240693677
412.62 0.00013744162133
412.63 0.000128184644289
412.64 0.000119448564243
412.65 0.000111212337196
412.66 0.000103455130967
412.67 9.61563781262e-05
412.68 8.92958243858e-05
412.69 8.28535725247e-05
412.7 7.68101219191e-05
412.71 7.11464037907e-05
412.72 6.58438122955e-05
412.73 6.08842315949e-05
412.74 5.62500590648e-05
412.75 5.1924224811e-05
412.76 4.78902076703e-05
412.77 4.41320478834e-05
412.78 4.06343566364e-05
412.79 3.73823226659e-05
412.8 3.43617161345e-05
412.81 3.15588899769e-05
412.82 2.89607789237e-05
412.83 2.65548964047e-05
412.84 2.43293295346e-05
412.85 2.22727323769e-05
412.86 2.03743176827e-05
412.87 1.86238472912e-05
412.88 1.70116213761e-05
412.89 1.55284667153e-05
412.9 1.41657241533e-05
412.91 1.29152354199e-05
412.92 1.17693294606e-05
412.93 1.07208084265e-05
412.94 9.76293346505e-06
412.95 8.8894104412e-06
412.96 8.09437571629e-06
412.97 7.37238209921e-06
412.98 6.71838507967e-06
412.99 6.12772944456e-06
413.0 5.59613637161e-06
413.01 5.11969108726e-06
413.02 4.69483116883e-06
413.03 4.31833556457e-06
413.04 3.98731439883e-06
413.05 3.69919962352e-06
413.06 3.45173657145e-06
413.07 3.24297646136e-06
413.08 3.07126989955e-06
413.09 2.93526141784e-06
413.1 2.83388508265e-06
413.11 2.76636120586e-06
413.12 2.7321941829e-06
413.13 2.73117148001e-06
413.14 2.76336378762e-06
413.15 2.829126353e-06
413.16 2.92910150092e-06
413.17 3.06422234684e-06
413.18 3.23571770277e-06
413.19 3.4451181715e-06
413.2 3.69426342018e-06
413.21 3.9853106194e-06
413.22 4.32074402889e-06
413.23 4.70338570554e-06
413.24 5.13640730356e-06
413.25 5.62334293095e-06
413.26 6.16810301958e-06
413.27 6.77498915967e-06
413.28 7.44870984213e-06
413.29 8.19439704443e-06
413.3 9.01762358781e-06
413.31 9.92442118481e-06
413.32 1.09212990873e-05
413.33 1.20152632358e-05
413.34 1.32138358011e-05
413.35 1.45250749983e-05
413.36 1.59575950449e-05
413.37 1.75205861205e-05
413.38 1.92238341786e-05
413.39 2.1077740446e-05
413.4 2.30933404367e-05
413.41 2.52823222947e-05
413.42 2.76570442696e-05
413.43 3.02305511167e-05
413.44 3.30165892033e-05
413.45 3.6029620094e-05
413.46 3.92848323747e-05
413.47 4.27981514693e-05
413.48 4.65862471927e-05
413.49 5.06665387777e-05
413.5 5.50571971054e-05
413.51 5.97771438674e-05
413.52 6.48460473798e-05
413.53 7.02843147714e-05
413.54 7.61130802659e-05
413.55 8.23541892816e-05
413.56 8.90301780737e-05
413.57 9.61642486528e-05
413.58 0.00010378023872
413.59 0.000111902586372
413.6 0.00012055628934
413.61 0.000129766858546
413.62 0.000139560265777
413.63 0.0001499628853
413.64 0.000161001429269
413.65 0.000172702876795
413.66 0.00018509439659
413.67 0.000198203263124
413.68 0.000212056766275
413.69 0.000226682114484
413.7 0.00024210633148
413.71 0.000258356146671
413.72 0.000275457879368
413.73 0.000293437317016
413.74 0.000312319587709
413.75 0.000332129027279
413.76 0.00035288904132
413.77 0.000374621962555
413.78 0.000397348904029
413.79 0.000421089608632
413.8 0.000445862295549
413.81 0.000471683504261
413.82 0.000498567936783
413.83 0.000526528298895
413.84 0.00055557514113
413.85 0.000585716700373
413.86 0.00061695874295
413.87 0.000649304410111
413.88 0.00068275406688
413.89 0.000717305155242
413.9 0.000752952052685
413.91 0.000789685937125
413.92 0.00082749465925
413.93 0.000866362623343
413.94 0.000906270677612
413.95 0.000947196015087
413.96 0.000989112086095
413.97 0.00103198852331
413.98 0.00107579108033
413.99 0.00112048158477
414.0 0.00116601790663
414.01 0.00121235394291
414.02 0.00125943961903
414.03 0.00130722090795
414.04 0.00135563986745
414.05 0.00140463469606
414.06 0.00145413980816
414.07 0.00150408592852
414.08 0.00155440020638
414.09 0.00160500634935
414.1 0.00165582477694
414.11 0.0017067727936
414.12 0.00175776478106
414.13 0.00180871240951
414.14 0.00185952486711
414.15 0.00191010910705
414.16 0.00196037011167
414.17 0.0020102111723
414.18 0.0020595341842
414.19 0.0021082399551
414.2 0.00215622852632
414.21 0.00220339950489
414.22 0.00224965240537
414.23 0.00229488699961
414.24 0.00233900367295
414.25 0.002381903785
414.26 0.00242349003331
414.27 0.00246366681797
414.28 0.00250234060535
414.29 0.00253942028895
414.3 0.00257481754552
414.31 0.0026084471845
414.32 0.00264022748877
414.33 0.00267008054486
414.34 0.00269793256084
414.35 0.00272371416994
414.36 0.00274736071818
414.37 0.00276881253445
414.38 0.00278801518136
414.39 0.00280491968537
414.4 0.00281948274497
414.41 0.0028316669155
414.42 0.00284144076967
414.43 0.00284877903265
414.44 0.00285366269111
414.45 0.00285607907542
414.46 0.00285602191449
414.47 0.00285349136306
414.48 0.00284849400119
414.49 0.00284104280589
414.5 0.00283115709524
414.51 0.00281886244514
414.52 0.00280419057939
414.53 0.00278717923357
414.54 0.00276787199376
414.55 0.00274631811083
414.56 0.00272257229167
414.57 0.00269669446839
414.58 0.00266874954696
414.59 0.00263880713683
414.6 0.00260694126297
414.61 0.00257323006213
414.62 0.00253775546509
414.63 0.00250060286656
414.64 0.0024618607848
414.65 0.00242162051278
414.66 0.00237997576281
414.67 0.00233702230658
414.68 0.00229285761267
414.69 0.00224758048328
414.7 0.00220129069225
414.71 0.00215408862616
414.72 0.00210607493032
414.73 0.0020573501614
414.74 0.00200801444847
414.75 0.00195816716383
414.76 0.0019079066054
414.77 0.00185732969186
414.78 0.00180653167192
414.79 0.00175560584894
414.8 0.00170464332181
414.81 0.00165373274328
414.82 0.0016029600963
414.83 0.00155240848922
414.84 0.00150215797037
414.85 0.00145228536248
414.86 0.00140286411715
414.87 0.00135396418974
414.88 0.00130565193459
414.89 0.00125799002057
414.9 0.00121103736681
414.91 0.00116484909839
414.92 0.00111947652147
414.93 0.0010749671176
414.94 0.00103136455649
414.95 0.000988708726655
414.96 0.00094703578333
414.97 0.000906378212714
414.98 0.000866764911844
414.99 0.000828221283169
415.0 0.000790769342912
415.01 0.00075442784226
415.02 0.000719212400416
415.03 0.000685135648492
415.04 0.000652207383252
415.05 0.000620434729659
415.06 0.000589822311246
415.07 0.000560372427253
415.08 0.000532085235581
415.09 0.000504958940536
415.1 0.00047898998443
415.11 0.000454173242098
415.12 0.000430502217411
415.13 0.000407969240921
415.14 0.000386565667792
415.15 0.000366282075204
415.16 0.000347108458456
415.17 0.000329034425043
415.18 0.000312049385986
415.19 0.00029614274377
415.2 0.000281304076258
415.21 0.000267523315968
415.22 0.000254790924178
415.23 0.000243098059308
415.24 0.000232436739083
415.25 0.000222799996003
415.26 0.000214182025661
415.27 0.000206578327494
415.28 0.000199985837531
415.29 0.000194403052775
415.3 0.000189830146809
415.31 0.000186269076283
415.32 0.000183723677909
415.33 0.000182199755618
415.34 0.000181705157543
415.35 0.000182249842471
415.36 0.000183845935458
415.37 0.000186507772241
415.38 0.000190251932156
415.39 0.000195097259203
415.4 0.000201064870959
415.41 0.000208178155013
415.42 0.000216462752622
415.43 0.00022594652927
415.44 0.000236659531854
415.45 0.000248633932222
415.46 0.000261903956783
415.47 0.000276505801974
415.48 0.000292477535358
415.49 0.000309858982171
415.5 0.000328691597167
415.51 0.000349018321655
415.52 0.000370883425663
415.53 0.000394332335214
415.54 0.000419411444756
415.55 0.000446167914858
415.56 0.000474649455332
415.57 0.000504904094042
415.58 0.000536979931721
415.59 0.0005709248832
415.6 0.000606786405554
415.61 0.000644611213764
415.62 0.000684444984578
415.63 0.000726332049357
415.64 0.000770315076827
415.65 0.000816434746713
415.66 0.000864729415379
415.67 0.000915234774691
415.68 0.000967983505432
415.69 0.00102300492669
415.7 0.00108032464278
415.71 0.00113996418927
415.72 0.00120194067998
415.73 0.00126626645659
415.74 0.00133294874292
415.75 0.0014019893058
415.76 0.00147338412451
415.77 0.00154712307107
415.78 0.00162318960329
415.79 0.00170156047296
415.8 0.00178220545127
415.81 0.00186508707368
415.82 0.00195016040643
415.83 0.00203737283687
415.84 0.00212666388973
415.85 0.0022179650713
415.86 0.00231119974372
415.87 0.00240628303099
415.88 0.00250312175877
415.89 0.00260161442931
415.9 0.00270165123335
415.91 0.00280311410002
415.92 0.00290587678617
415.93 0.00300980500592
415.94 0.00311475660121
415.95 0.00322058175408
415.96 0.00332712324069
415.97 0.00343421672742
415.98 0.00354169110867
415.99 0.00364936888604
416.0 0.00375706658812
416.01 0.00386459522983
416.02 0.00397176081031
416.03 0.00407836484744
416.04 0.00418420494763
416.05 0.00428907540844
416.06 0.00439276785201
416.07 0.00449507188654
416.08 0.00459577579315
416.09 0.004694667235
416.1 0.00479153398551
416.11 0.00488616467233
416.12 0.00497834953323
416.13 0.00506788118052
416.14 0.00515455536984
416.15 0.00523817176955
416.16 0.0053185347266
416.17 0.00539545402487
416.18 0.00546874563172
416.19 0.00553823242892
416.2 0.00560374492363
416.21 0.00566512193558
416.22 0.00572221125657
416.23 0.00577487027841
416.24 0.00582296658577
416.25 0.00586637851038
416.26 0.00590499564349
416.27 0.00593871930337
416.28 0.00596746295521
416.29 0.00599115258095
416.3 0.0060097269966
416.31 0.00602313811548
416.32 0.00603135115543
416.33 0.00603434478908
416.34 0.00603211123596
416.35 0.00602465629618
416.36 0.00601199932522
416.37 0.00599417315012
416.38 0.00597122392761
416.39 0.00594321094489
416.4 0.00591020636444
416.41 0.00587229491419
416.42 0.00582957352519
416.43 0.00578215091859
416.44 0.00573014714478
416.45 0.00567369307706
416.46 0.00561292986314
416.47 0.00554800833746
416.48 0.00547908839783
416.49 0.00540633835006
416.5 0.00532993422424
416.51 0.00525005906655
416.52 0.00516690221065
416.53 0.00508065853267
416.54 0.00499152769381
416.55 0.0048997133748
416.56 0.00480542250611
416.57 0.00470886449815
416.58 0.00461025047522
416.59 0.00450979251725
416.6 0.00440770291298
416.61 0.00430419342815
416.62 0.00419947459226
416.63 0.00409375500699
416.64 0.00398724067945
416.65 0.00388013438296
416.66 0.00377263504808
416.67 0.00366493718604
416.68 0.0035572303469
416.69 0.00344969861401
416.7 0.00334252013645
416.71 0.00323586670075
416.72 0.00312990334282
416.73 0.00302478800082
416.74 0.00292067120955
416.75 0.00281769583641
416.76 0.00271599685902
416.77 0.00261570118408
416.78 0.00251692750704
416.79 0.0024197862118
416.8 0.00232437930939
416.81 0.00223080041458
416.82 0.00213913475907
416.83 0.00204945923965
416.84 0.00196184249978
416.85 0.00187634504272
416.86 0.00179301937445
416.87 0.0017119101742
416.88 0.00163305449065
416.89 0.00155648196159
416.9 0.00148221505496
416.91 0.00141026932895
416.92 0.001340653709
416.93 0.00127337077953
416.94 0.00120841708811
416.95 0.00114578346
416.96 0.00108545532096
416.97 0.00102741302612
416.98 0.000971632193191
416.99 0.000918084037832
417.0 0.000866735709574
417.01 0.000817550626455
417.02 0.000770488806781
417.03 0.000725507196518
417.04 0.000682559990876
417.05 0.000641598948827
417.06 0.000602573699369
417.07 0.00056543203848
417.08 0.000530120215836
417.09 0.000496583210464
417.1 0.000464764994622
417.11 0.00043460878532
417.12 0.000406057283003
417.13 0.000379052896998
417.14 0.000353537957479
417.15 0.000329454913753
417.16 0.000306746518781
417.17 0.000285355999944
417.18 0.000265227216129
417.19 0.000246304801285
417.2 0.000228534294685
417.21 0.000211862258167
417.22 0.000196236380705
417.23 0.000181605570686
417.24 0.000167920036356
417.25 0.000155131354865
417.26 0.000143192530458
417.27 0.000132058042305
417.28 0.000121683882537
417.29 0.000112027585051
417.3 0.000103048245651
417.31 9.47065341143e-05
417.32 8.69646987469e-05
417.33 7.97865640306e-05
417.34 7.31375219121e-05
417.35 6.69845173072e-05
417.36 6.12960283671e-05
417.37 5.60420420412e-05
417.38 5.11940254535e-05
417.39 4.67248935902e-05
417.4 4.26089737756e-05
417.41 3.88219673896e-05
417.42 3.5340909258e-05
417.43 3.21441251223e-05
417.44 2.92111875696e-05
417.45 2.65228707802e-05
417.46 2.4061104423e-05
417.47 2.18089270058e-05
417.48 1.9750438961e-05
417.49 1.7870755723e-05
417.5 1.61559610315e-05
417.51 1.4593060669e-05
417.52 1.31699368202e-05
417.53 1.18753032203e-05
417.54 1.06986612348e-05
417.55 9.63025700001e-06
417.56 8.66103972857e-06
417.57 7.78262127259e-06
417.58 6.98723701657e-06
417.59 6.26770815992e-06
417.6 5.61740543369e-06
417.61 5.0302142837e-06
417.62 4.50050154044e-06
417.63 4.02308358558e-06
417.64 3.5931960152e-06
417.65 3.20646479127e-06
417.66 2.85887886541e-06
417.67 2.54676425209e-06
417.68 2.26675952246e-06
417.69 2.01579268539e-06
417.7 1.79105941753e-06
417.71 1.59000260091e-06
417.72 1.41029312369e-06
417.73 1.24981189733e-06
417.74 1.10663304172e-06
417.75 9.79008188619e-07
417.76 8.65351853056e-07
417.77 7.642278218e-07
417.78 6.74336508329e-07
417.79 5.9450322385e-07
417.8 5.23667314662e-07
417.81 4.60872117039e-07
417.82 4.05255681911e-07
417.83 3.5604222289e-07
417.84 3.12534242645e-07
417.85 2.74105294168e-07
417.86 2.40193335131e-07
417.87 2.10294635243e-07
417.88 1.83958198302e-07
417.89 1.60780662427e-07
417.9 1.40401643774e-07
417.91 1.22499490853e-07
417.92 1.0678741837e-07
417.93 9.30099912779e-08
417.94 8.09399314817e-08
417.95 7.03752213239e-08
417.96 6.11364796235e-08
417.97 5.30645876419e-08
417.98 4.6018543872e-08
417.99 3.98735280161e-08
418.0 3.45191559215e-08
418.01 2.98579085757e-08
418.02 2.5803719528e-08
418.03 2.22807063069e-08
418.04 1.92220325279e-08
418.05 1.65688884536e-08
418.06 1.42695787639e-08
418.07 1.22787072308e-08
418.08 1.05564488607e-08
418.09 9.06790088498e-09
418.1 7.78250473084e-09
418.11 6.67353180687e-09
418.12 5.717626587e-09
418.13 4.89440107395e-09
418.14 4.18607527642e-09
418.15 3.57715884176e-09
418.16 3.05416945249e-09
418.17 2.60538402216e-09
418.18 2.22061911736e-09
418.19 1.89103738935e-09
418.2 1.60897712469e-09
418.21 1.3678023201e-09
418.22 1.16177095588e-09
418.23 9.859193865e-10
418.24 8.35960987489e-10
418.25 7.08197397955e-10
418.26 5.99440877978e-10
418.27 5.06946462799e-10
418.28 4.28352741796e-10
418.29 3.61630221618e-10
418.3 3.05036350606e-10
418.31 2.57076387191e-10
418.32 2.16469389297e-10
418.33 1.82118686088e-10
418.34 1.53086268564e-10
418.35 1.28570602435e-10
418.36 1.07887426276e-10
418.37 9.04531507761e-11
418.38 7.57705218487e-11
418.39 6.34162518374e-11
418.4 5.30303598166e-11
418.41 4.4306994406e-11
418.42 3.69865411387e-11
418.43 3.0848841627e-11
418.44 2.57073739467e-11
418.45 2.14042631417e-11
418.46 1.78060078519e-11
418.47 1.47998240449e-11
418.48 1.22905199519e-11
418.49 1.01978277647e-11
418.5 8.45412766499e-12
418.51 7.00250847888e-12
418.52 5.79511685181e-12
418.53 4.79175344784e-12
418.54 3.95868042055e-12
418.55 3.26760938467e-12
418.56 2.69484343611e-12
418.57 2.22055050514e-12
418.58 1.82814855917e-12
418.59 1.50378596131e-12
418.6 1.23590269781e-12
418.61 1.01486026042e-12
418.62 8.32629753375e-13
418.63 6.82529328116e-13
418.64 5.59003364473e-13
418.65 4.57436945894e-13
418.66 3.74000142422e-13
418.67 3.05517442049e-13
418.68 2.49358377472e-13
418.69 2.03345998228e-13
418.7 1.65680352257e-13
418.71 1.34874578643e-13
418.72 1.09701585678e-13
418.73 8.9149604701e-14
418.74 7.23851787178e-14
418.75 5.87223723765e-14
418.76 4.75971826484e-14
418.77 3.85462925886e-14
418.78 3.11894483081e-14
418.79 2.52148555521e-14
418.8 2.03670902953e-14
418.81 1.64371003107e-14
418.82 1.3253944106e-14
418.83 1.06779719707e-14
418.84 8.59520285219e-15
418.85 6.91269184902e-15
418.86 5.55471750195e-15
418.87 4.45964684321e-15
418.88 3.57736021562e-15
418.89 2.86713795283e-15
418.9 2.29592775874e-15
418.91 1.83692557464e-15
418.92 1.46841433308e-15
418.93 1.17281464872e-15
418.94 9.35909511732e-16
418.95 7.46211697828e-16
418.96 5.94448119048e-16
418.97 4.73139900294e-16
418.98 3.76260738311e-16
418.99 2.98959215479e-16
419.0 2.37333311801e-16
419.01 1.88247477914e-16
419.02 1.49184377243e-16
419.03 1.18124841168e-16
419.04 9.34507609115e-17
419.05 7.38666084039e-17
419.06 5.83360726932e-17
419.07 4.60309491466e-17
419.08 3.62899512181e-17
419.09 2.85855499096e-17
419.1 2.2497301608e-17
419.11 1.76904150582e-17
419.12 1.38985446619e-17
419.13 1.09099897834e-17
419.14 8.55663631228e-18
419.15 6.70510395109e-18
419.16 5.24966595801e-18
419.17 4.10659180907e-18
419.18 3.2096310743e-18
419.19 2.50641169296e-18
419.2 1.95557020796e-18
419.21 1.52446735694e-18
419.22 1.18737133129e-18
419.23 9.24014317832e-19
419.24 7.18446701554e-19
419.25 5.58128400441e-19
419.26 4.33208931266e-19
419.27 3.35957540877e-19
419.28 2.60312545001e-19
419.29 2.01525271612e-19
419.3 1.55879012071e-19
419.31 1.20467385972e-19
419.32 9.30197228433e-20
419.33 7.17636150956e-20
419.34 5.53168304269e-20
419.35 4.26023915671e-20
419.36 3.2781919861e-20
419.37 2.52033633926e-20
419.38 1.93600435922e-20
419.39 1.48585993651e-20
419.4 1.13939189935e-20
419.41 8.72955477797e-21
419.42 6.68243547721e-21
419.43 5.11094451411e-21
419.44 3.9056315534e-21
419.45 2.981982482e-21
419.46 2.27479684582e-21
419.47 1.7338194058e-21
419.48 1.32034922264e-21
419.49 1.00460996375e-21
419.5 7.63712432932e-22
419.51 5.80077409841e-22
419.52 4.40215933355e-22
419.53 3.33786889671e-22
419.54 2.52869531711e-22
419.55 1.91402429668e-22
419.56 1.44751176106e-22
419.57 1.09375604979e-22
419.58 8.25738526324e-23
419.59 6.22856986196e-23
419.6 4.69415952746e-23
419.61 3.53468780753e-23
419.62 2.65930402884e-23
419.63 1.99898085025e-23
419.64 1.50131902601e-23
419.65 1.12657745413e-23
419.66 8.4464231558e-24
419.67 6.32715286887e-24
419.68 4.73551844105e-24
419.69 3.5411999498e-24
419.7 2.64580040811e-24
419.71 1.97509241573e-24
419.72 1.47313136404e-24
419.73 1.09778993152e-24
419.74 8.17373819298e-25
419.75 6.08059272094e-25
419.76 4.51954609383e-25
419.77 3.35635150357e-25
419.78 2.49036937507e-25
419.79 1.84622152171e-25
419.8 1.36750072129e-25
419.81 1.01203383262e-25
419.82 7.48318033237e-26
419.83 5.52842094179e-26
419.84 4.08074735886e-26
419.85 3.00955320514e-26
419.86 2.21762472638e-26
419.87 1.63266768754e-26
419.88 1.20096749321e-26
419.89 8.82649785002e-27
419.9 6.48140708581e-27
419.91 4.75525588719e-27
419.92 3.4857978424e-27
419.93 2.5530199828e-27
419.94 1.86822828897e-27
419.95 1.36593296503e-27
419.96 9.97820773347e-28
419.97 7.28281718811e-28
419.98 5.31092279825e-28
419.99 3.86958401869e-28
420.0 2.8169704135e-28
420.01 2.04891528832e-28
420.02 1.48898194934e-28
420.03 1.0811316347e-28
420.04 7.84316642064e-29
420.05 5.68496764887e-29
420.06 4.11707025051e-29
420.07 2.97901211873e-29
420.08 2.15367404838e-29
420.09 1.55564820533e-29
420.1 1.12270723726e-29
420.11 8.09553145693e-30
420.12 5.83240830384e-30
420.13 4.19830694196e-30
420.14 3.01942444695e-30
420.15 2.16969085995e-30
420.16 1.5577410491e-30
420.17 1.11741984989e-30
420.18 8.0086849944e-31
420.19 5.73495156492e-31
420.2 4.10319360663e-31
420.21 2.93317501413e-31
420.22 2.09496926973e-31
420.23 1.49499950671e-31
420.24 1.06592869676e-31
420.25 7.5934471021e-32
420.26 5.40472376259e-32
420.27 3.84354300256e-32
420.28 2.73094968933e-32
420.29 1.93873909048e-32
420.3 1.37514580098e-32
420.31 9.74544869747e-33
420.32 6.90046956362e-33
420.33 4.881790773e-33
420.34 3.45066971502e-33
420.35 2.43697646394e-33
420.36 1.71958239392e-33
420.37 1.21232303596e-33
420.38 8.53959821113e-34
420.39 6.01007968508e-34
420.4 4.2261677858e-34
420.41 2.96918291468e-34
420.42 2.08425514856e-34
420.43 1.46180191196e-34
420.44 1.02435355904e-34
420.45 7.17191193782e-35
420.46 5.01699569601e-35
420.47 3.50651919888e-35
420.48 2.44868221106e-35
420.49 1.70848961727e-35
420.5 1.19101155244e-35
420.51 8.29551430712e-36
420.52 5.77290448311e-36
420.53 4.01392394685e-36
420.54 2.78848055065e-36
420.55 1.93548501101e-36
420.56 1.34225712366e-36
420.57 9.30047940156e-37
420.58 6.43870704299e-37
420.59 4.453646145e-37
420.6 3.07791387446e-37
420.61 2.12530337086e-37
420.62 1.46625366696e-37
420.63 1.01069706369e-37
420.64 6.96075918609e-38
420.65 4.78978397807e-38
420.66 3.29305479445e-38
420.67 2.26206822817e-38
420.68 1.55251625208e-38
420.69 1.06460946483e-38
420.7 7.29404105052e-39
420.71 4.99309461827e-39
420.72 3.41503454527e-39
420.73 2.33369512499e-39
420.74 1.59337078243e-39
420.75 1.08695932338e-39
420.76 7.40855394193e-40
420.77 5.0451875475e-40
420.78 3.4327714965e-40
420.79 2.33365250932e-40
420.8 1.58508002677e-40
420.81 1.07569688595e-40
420.82 7.29377465962e-41
420.83 4.94126885488e-41
420.84 3.34463199444e-41
420.85 2.26194430738e-41
420.86 1.52840759826e-41
420.87 1.03185858282e-41
420.88 6.96025075763e-42
420.89 4.69086899324e-42
420.9 3.15867857392e-42
420.91 2.12510932685e-42
420.92 1.42850193415e-42
420.93 9.59409690259e-43
420.94 6.43800161087e-43
420.95 4.31640089493e-43
420.96 2.89145327952e-43
420.97 1.93523761698e-43
420.98 1.29412470382e-43
420.99 8.64652637447e-44
421.0 5.7720611838e-44
421.01 3.84985075594e-44
421.02 2.56555053926e-44
421.03 1.70820884883e-44
421.04 1.13638390153e-44
421.05 7.55323315228e-45
421.06 5.01607961646e-45
421.07 3.3282785346e-45
421.08 2.20647301045e-45
421.09 1.46150830476e-45
421.1 9.67225344557e-46
421.11 6.39554797348e-46
421.12 4.22524178895e-46
421.13 2.78900366159e-46
421.14 1.83937515032e-46
421.15 1.2120352701e-46
421.16 7.97965129567e-47
421.17 5.24899647917e-47
421.18 3.44978764101e-47
421.19 2.26533353951e-47
421.2 1.48626298021e-47
421.21 9.74277961047e-48
421.22 6.38107441192e-48
421.23 4.17569194848e-48
421.24 2.73015187956e-48
421.25 1.78348259643e-48
421.26 1.1640580977e-48
421.27 7.5910901563e-49
421.28 4.94603693268e-49
421.29 3.21983986461e-49
421.3 2.09428076347e-49
421.31 1.36100351464e-49
421.32 8.83704979814e-50
421.33 5.73296209614e-50
421.34 3.71599012337e-50
421.35 2.40654365441e-50
421.36 1.55717222883e-50
421.37 1.00670741596e-50
421.38 6.50269820427e-51
421.39 4.19669726279e-51
421.4 2.70610969544e-51
421.41 1.74343943626e-51
421.42 1.12225628447e-51
421.43 7.217735106e-52
421.44 4.63802990857e-52
421.45 2.9777611743e-52
421.46 1.91016064789e-52
421.47 1.22425993456e-52
421.48 7.83972976025e-53
421.49 5.01593916705e-53
421.5 3.2064697082e-53
421.51 2.04798011095e-53
421.52 1.30691709984e-53
421.53 8.33285948656e-54
421.54 5.30840181853e-54
421.55 3.37875913195e-54
421.56 2.14869309516e-54
421.57 1.36525965482e-54
421.58 8.66722033514e-55
421.59 5.49753661345e-55
421.6 3.48401596298e-55
421.61 2.20605255483e-55
421.62 1.39564603209e-55
421.63 8.82182479882e-56
421.64 5.57141211493e-56
421.65 3.51557083148e-56
421.66 2.21641016501e-56
421.67 1.3961372886e-56
421.68 8.78678160866e-57
421.69 5.52529220529e-57
421.7 3.47139778043e-57
421.71 2.1791003214e-57
421.72 1.36670184457e-57
421.73 8.56434293128e-58
421.74 5.3621385298e-58
421.75 3.35432951062e-58
421.76 2.09651092015e-58
421.77 1.30921884275e-58
421.78 8.16866485336e-59
421.79 5.09229578237e-59
421.8 3.17175678263e-59
421.81 1.97383045513e-59
421.82 1.22727963137e-59
421.83 7.6243165606e-60
421.84 4.73240632058e-60
421.85 2.93485631664e-60
421.86 1.81850866599e-60
421.87 1.1258165233e-60
421.88 6.96375645914e-61
421.89 4.30371241231e-61
421.9 2.65745931067e-61
421.91 1.63950866768e-61
421.92 1.01061216801e-61
421.93 6.224135538e-62
421.94 3.82998675693e-62
421.95 2.35471969204e-62
421.96 1.44645481555e-62
421.97 8.87757275359e-63
421.98 5.4438646777e-63
421.99 3.33537074003e-63
422.0 2.04175966702e-63
422.01 1.24878835128e-63
422.02 7.6312691294e-64
422.03 4.6593830281e-64
422.04 2.84239067309e-64
422.05 1.73245849103e-64
422.06 1.05503196732e-64
422.07 6.41936562627e-65
422.08 3.90249466842e-65
422.09 2.37037051823e-65
422.1 1.43851325479e-65
422.11 8.72238418137e-66
422.12 5.28421241991e-66
422.13 3.19851974489e-66
422.14 1.93437876974e-66
422.15 1.16884711869e-66
422.16 7.05663438658e-67
422.17 4.25658426435e-67
422.18 2.56536146191e-67
422.19 1.54475500086e-67
422.2 9.29382233204e-68
422.21 5.58666763033e-68
422.22 3.35532826689e-68
422.23 2.01345027778e-68
422.24 1.20717578501e-68
422.25 7.23142412635e-69
422.26 4.32813566226e-69
422.27 2.58822250155e-69
422.28 1.54641503934e-69
422.29 9.23154164709e-70
422.3 5.50612560742e-70
422.31 3.28126803704e-70
422.32 1.95371411516e-70
422.33 1.16226198395e-70
422.34 6.90829323957e-71
422.35 4.10261919506e-71
422.36 2.43430708897e-71
422.37 1.44315584433e-71
422.38 8.54820273493e-72
422.39 5.05894674091e-72
422.4 2.99136297177e-72
422.41 1.76726563346e-72
422.42 1.04317762503e-72
422.43 6.1523127861e-73
422.44 3.6252859113e-73
422.45 2.13437060938e-73
422.46 1.25551270884e-73
422.47 7.37897615451e-74
422.48 4.33306110115e-74
422.49 2.54224400491e-74
422.5 1.4902645239e-74
422.51 8.72837118378e-75
422.52 5.10771625314e-75
422.53 2.98637287196e-75
422.54 1.74455639482e-75
422.55 1.01823895248e-75
422.56 5.93797155877e-76
422.57 3.45979392594e-76
422.58 2.01412334464e-76
422.59 1.17150893952e-76
422.6 6.80814604171e-77
422.61 3.95308208094e-77
422.62 2.29332979437e-77
422.63 1.32929357958e-77
422.64 7.6983741315e-78
422.65 4.45451917005e-78
422.66 2.57529131718e-78
422.67 1.48756382121e-78
422.68 8.58516336667e-79
422.69 4.9504563164e-79
422.7 2.85210568258e-79
422.71 1.64176014179e-79
422.72 9.44229390024e-80
422.73 5.42586561259e-80
422.74 3.11518802236e-80
422.75 1.78699446866e-80
422.76 1.02420257787e-80
422.77 5.86505694981e-81
422.78 3.35569371778e-81
422.79 1.91829815351e-81
422.8 1.09565447068e-81
422.81 6.25251632116e-82
422.82 3.5650018985e-82
422.83 2.03089939107e-82
422.84 1.15595456873e-82
422.85 6.57380526254e-83
422.86 3.73522369675e-83
422.87 2.12050895131e-83
422.88 1.20278309784e-83
422.89 6.81644971829e-84
422.9 3.8596939302e-84
422.91 2.18359057392e-84
422.92 1.23427879358e-84
422.93 6.97074243848e-85
422.94 3.9334036621e-85
422.95 2.21759233474e-85
422.96 1.24916157977e-85
422.97 7.03038708189e-86
422.98 3.95333455699e-86
422.99 2.22111790319e-86
423.0 1.24681887789e-86
423.01 6.99292448231e-87
423.02 3.91866393346e-87
423.03 2.19402167542e-87
423.04 1.22734743781e-87
423.05 6.85990086106e-88
423.06 3.83082110051e-88
423.07 2.13741875057e-88
423.08 1.19154670896e-88
423.09 6.63676195092e-89
423.1 3.69338960124e-89
423.11 2.05360879755e-89
423.12 1.14086438501e-89
423.13 6.3324831347e-90
423.14 3.51186468138e-90
423.15 1.94592105629e-90
423.16 1.07729929111e-90
423.17 5.95897060593e-91
423.18 3.29328885754e-91
423.19 1.81849503178e-91
423.2 1.0032706917e-91
423.21 5.53028922283e-92
423.22 3.04579925589e-92
423.23 1.67601700371e-92
423.24 9.21465918593e-93
423.25 5.06178676749e-93
423.26 2.77812720783e-93
423.27 1.52343567673e-93
423.28 8.34679656412e-94
423.29 4.56919031695e-94
423.3 2.49909277781e-94
423.31 1.36568086247e-94
423.32 7.45658169319e-95
423.33 4.06774808665e-95
423.34 2.21713445535e-95
423.35 1.20740710005e-95
423.36 6.56960309146e-96
423.37 3.57148023692e-96
423.38 1.93990777193e-96
423.39 1.05278000309e-96
423.4 5.70844582631e-97
423.41 3.09258648152e-97
423.42 1.67397718605e-97
423.43 9.05317528452e-98
423.44 4.89188271238e-98
423.45 2.64103924729e-98
423.46 1.42461458693e-98
423.47 7.67792085648e-99
423.48 4.13441043288e-99
423.49 2.22437116793e-99
423.5 1.19570663439e-99
423.51 6.42193245227e-100
423.52 3.4461211405e-100
423.53 1.84764724721e-100
423.54 9.89763174152e-101
423.55 5.29745450212e-101
423.56 2.83287161082e-101
423.57 1.51359701135e-101
423.58 8.08011130587e-102
423.59 4.30971089476e-102
423.6 2.29669140171e-102
423.61 1.22287161349e-102
423.62 6.50553167383e-103
423.63 3.45786823449e-103
423.64 1.83635988408e-103
423.65 9.74385620516e-104
423.66 5.16568177001e-104
423.67 2.73620191475e-104
423.68 1.44807931306e-104
423.69 7.6570285909e-105
423.7 4.04531086212e-105
423.71 2.13534103006e-105
423.72 1.12617608835e-105
423.73 5.93429417401e-106
423.74 3.12432031862e-106
423.75 1.64348501123e-106
423.76 8.63773059435e-107
423.77 4.53583527272e-107
423.78 2.37978983903e-107
423.79 1.24750889329e-107
423.8 6.53389885449e-108
423.81 3.41920292787e-108
423.82 1.78772642092e-108
423.83 9.33901242301e-109
423.84 4.87443810421e-109
423.85 2.5419785384e-109
423.86 1.32447239642e-109
423.87 6.89505374916e-110
423.88 3.58637842288e-110
423.89 1.86379560143e-110
423.9 9.67752193709e-111
423.91 5.02057846545e-111
423.92 2.60235814859e-111
423.93 1.34773369211e-111
423.94 6.97372499932e-112
423.95 3.60536519601e-112
423.96 1.86233334358e-112
423.97 9.61145835524e-113
423.98 4.95615489102e-113
423.99 2.55343122635e-113
424.0 1.31439885526e-113
424.01 6.76011200698e-114
424.02 3.47379610439e-114
424.03 1.78352199003e-114
424.04 9.14905683381e-115
424.05 4.68919070026e-115
424.06 2.40128206458e-115
424.07 1.22860469803e-115
424.08 6.28065414319e-116
424.09 3.20790352201e-116
424.1 1.63704806366e-116
424.11 8.34690124164e-117
424.12 4.25219166822e-117
424.13 2.16433310235e-117
424.14 1.10067495341e-117
424.15 5.59265177009e-118
424.16 2.83922745339e-118
424.17 1.44014527986e-118
424.18 7.29854243578e-119
424.19 3.69564019614e-119
424.2 1.86967852283e-119
424.21 9.45078555752e-120
424.22 4.77301271293e-120
424.23 2.40846858413e-120
424.24 1.21426392602e-120
424.25 6.11658355355e-121
424.26 3.07842406109e-121
424.27 1.54800261336e-121
424.28 7.77747541093e-122
424.29 3.90417536201e-122
424.3 1.95813981769e-122
424.31 9.81254798113e-123
424.32 4.91296421211e-123
424.33 2.45770141945e-123
424.34 1.22839588389e-123
424.35 6.1343887859e-124
424.36 3.06075067908e-124
424.37 1.52583764077e-124
424.38 7.59997924968e-125
424.39 3.78216264787e-125
424.4 1.8805795474e-125
424.41 9.34258221443e-126
424.42 4.63730713334e-126
424.43 2.29979171647e-126
424.44 1.13955387605e-126
424.45 5.64163431819e-127
424.46 2.79060722786e-127
424.47 1.37916494384e-127
424.48 6.8101615897e-128
424.49 3.35986893754e-128
424.5 1.65619309249e-128
424.51 8.15686573679e-129
424.52 4.01383366473e-129
424.53 1.97341825353e-129
424.54 9.69399124859e-130
424.55 4.75783983546e-130
424.56 2.33313960307e-130
424.57 1.1431292708e-130
424.58 5.59594809732e-131
424.59 2.73700583074e-131
424.6 1.33752368096e-131
424.61 6.53056790857e-132
424.62 3.18584125782e-132
424.63 1.5528196821e-132
424.64 7.56208639082e-133
424.65 3.6794758298e-133
424.66 1.78876787571e-133
424.67 8.68851853134e-134
424.68 4.21658820091e-134
424.69 2.04456234976e-134
424.7 9.90519982947e-135
424.71 4.79457190764e-135
424.72 2.3187831931e-135
424.73 1.12045434172e-135
424.74 5.40943487058e-136
424.75 2.60935603821e-136
424.76 1.25758833022e-136
424.77 6.05574206314e-137
424.78 2.91353306473e-137
424.79 1.40054235134e-137
424.8 6.72661007724e-138
424.81 3.2278992694e-138
424.82 1.54763094916e-138
424.83 7.41376048169e-139
424.84 3.54840684674e-139
424.85 1.69688331179e-139
424.86 8.10763634879e-140
424.87 3.87043925795e-140
424.88 1.84607764655e-140
424.89 8.79758321909e-141
424.9 4.18890504884e-141
424.91 1.99278920171e-141
424.92 9.472092244e-142
424.93 4.49835979402e-142
424.94 2.13445091208e-142
424.95 1.01190995035e-142
424.96 4.79315280016e-143
424.97 2.26842483887e-143
424.98 1.07263317928e-143
424.99 5.06759351557e-144
425.0 2.39208181417e-144
425.01 1.12816857786e-144
425.02 5.31613109501e-145
425.03 2.50288604657e-145
425.04 1.17736246126e-145
425.05 5.53353937848e-146
425.06 2.59848095137e-146
425.07 1.21915740998e-146
425.08 5.71509876815e-147
425.09 2.67677218264e-147
425.1 1.25262995491e-147
425.11 5.8567662094e-148
425.12 2.73600379755e-148
425.13 1.27702446068e-148
425.14 5.95532474564e-149
425.15 2.77482369141e-149
425.16 1.29178147303e-149
425.17 6.00850492797e-150
425.18 2.79233490001e-150
425.19 1.29655904606e-150
425.2 6.01507168281e-151
425.21 2.78813005181e-151
425.22 1.29124591382e-151
425.23 5.97487199452e-152
425.24 2.76230712183e-152
425.25 1.27596579796e-152
425.26 5.88884083258e-153
425.27 2.71546563674e-153
425.28 1.25107261855e-153
425.29 5.75896500249e-154
425.3 2.64868353633e-154
425.31 1.21713686684e-154
425.32 5.58820687235e-155
425.33 2.5634759383e-155
425.34 1.17492387275e-155
425.35 5.38039206356e-156
425.36 2.46173800911e-156
425.37 1.12536512297e-156
425.38 5.14006705067e-157
425.39 2.34567494802e-157
425.4 1.06952413015e-157
425.41 4.87233406766e-158
425.42 2.21772269334e-158
425.43 1.00855859736e-158
425.44 4.58267167802e-159
425.45 2.08046332342e-159
425.46 9.43680751754e-160
425.47 4.27674978464e-160
425.48 1.93653923347e-160
425.49 8.76117732312e-161
425.5 3.96024772585e-161
425.51 1.78857002733e-161
425.52 8.07073813812e-162
425.53 3.63868346182e-162
425.54 1.6390756925e-162
425.55 7.37696045083e-163
425.56 3.317260772e-163
425.57 1.49040906519e-163
425.58 6.69044594708e-164
425.59 3.00073996034e-164
425.6 1.34469989095e-164
425.61 6.0206875564e-165
425.62 2.6933359191e-165
425.63 1.20381200065e-165
425.64 5.37589188959e-166
425.65 2.39864566151e-166
425.66 1.06931431245e-166
425.67 4.76286613283e-167
425.68 2.11960572164e-167
425.69 9.42465591801e-168
425.7 4.18696795095e-168
425.71 1.85847824667e-168
425.72 8.24212202644e-169
425.73 3.65211387436e-169
425.74 1.61686326323e-169
425.75 7.15197502202e-170
425.76 3.16083915859e-170
425.77 1.39573354855e-170
425.78 6.15781093572e-171
425.79 2.71440030899e-171
425.8 1.19548781546e-171
425.81 5.26065867565e-172
425.82 2.31291039324e-172
425.83 1.01601753475e-172
425.84 4.45930637325e-173
425.85 1.95549689993e-173
425.86 8.56782652921e-174
425.87 3.75066184456e-174
425.88 1.64047217507e-174
425.89 7.16891678205e-175
425.9 3.13012673628e-175
425.91 1.36550727326e-175
425.92 5.95182051214e-176
425.93 2.59196627454e-176
425.94 1.1278012705e-176
425.95 4.90297326473e-177
425.96 2.12965955528e-177
425.97 9.24239560526e-178
425.98 4.00758402678e-178
425.99 1.73621871232e-178
426.0 7.51536262612e-179
426.01 3.25026791956e-179
426.02 1.40446879551e-179
426.03 6.06357481059e-180
426.04 2.61558656713e-180
426.05 1.12728354841e-180
426.06 4.85423673061e-181
426.07 2.08849022911e-181
426.08 8.97775306687e-182
426.09 3.85590723049e-182
426.1 1.65466168211e-182
426.11 7.09439810643e-183
426.12 3.03910436078e-183
426.13 1.30076662239e-183
426.14 5.56258765486e-184
426.15 2.376720233e-184
426.16 1.01461895513e-184
426.17 4.32764464352e-185
426.18 1.84426755265e-185
426.19 7.85271744886e-186
426.2 3.34071732613e-186
426.21 1.41998318042e-186
426.22 6.03045919944e-187
426.23 2.55882908939e-187
426.24 1.08481551417e-187
426.25 4.59509197135e-188
426.26 1.94471624271e-188
426.27 8.22322147696e-189
426.28 3.47417303852e-189
426.29 1.46650860759e-189
426.3 6.1850255738e-190
426.31 2.60628614597e-190
426.32 1.09730258877e-190
426.33 4.61587909396e-191
426.34 1.94001978e-191
426.35 8.14669774733e-192
426.36 3.41806850073e-192
426.37 1.43285958398e-192
426.38 6.00136741961e-193
426.39 2.5114267288e-193
426.4 1.05006097982e-193
426.41 4.38664249306e-194
426.42 1.83093815328e-194
426.43 7.63552354189e-195
426.44 3.18146887562e-195
426.45 1.32446427885e-195
426.46 5.50904770528e-196
426.47 2.28947828653e-196
426.48 9.50649091325e-197
426.49 3.94391601655e-197
426.5 1.63477802691e-197
426.51 6.77038923954e-198
426.52 2.80151012267e-198
426.53 1.15822908604e-198
426.54 4.7843225401e-199
426.55 1.97455914226e-199
426.56 8.14223353727e-200
426.57 3.35459948284e-200
426.58 1.38089770914e-200
426.59 5.67944705203e-201
426.6 2.33385738206e-201
426.61 9.58222323946e-202
426.62 3.93080923742e-202
426.63 1.61109579432e-202
426.64 6.59757707408e-203
426.65 2.69942517244e-203
426.66 1.10352411192e-203
426.67 4.50729592948e-204
426.68 1.83939089078e-204
426.69 7.49990396575e-205
426.7 3.05535083495e-205
426.71 1.24362711347e-205
426.72 5.05758267096e-206
426.73 2.05503636558e-206
426.74 8.34295200146e-207
426.75 3.38410392036e-207
426.76 1.37148590801e-207
426.77 5.55344814019e-208
426.78 2.24676579858e-208
426.79 9.08189758779e-209
426.8 3.66791369955e-209
426.81 1.4800804763e-209
426.82 5.96726415688e-210
426.83 2.4037478542e-210
426.84 9.67444963756e-211
426.85 3.89033803527e-211
426.86 1.56304730812e-211
426.87 6.27452160352e-212
426.88 2.51659209189e-212
426.89 1.00848338769e-212
426.9 4.03783327157e-213
426.91 1.61529455238e-213
426.92 6.45622693049e-214
426.93 2.57827690352e-214
426.94 1.02873624597e-214
426.95 4.10111774215e-215
426.96 1.63351883582e-215
426.97 6.5008443491e-216
426.98 2.58487235268e-216
426.99 1.02690944335e-216
427.0 4.07613825721e-217
427.01 1.61655087675e-217
427.02 6.40550775241e-218
427.03 2.53595450086e-218
427.04 1.00312040803e-218
427.05 3.96449968088e-219
427.06 1.56547962993e-219
427.07 6.17632537713e-220
427.08 2.43465049927e-220
427.09 9.58885600882e-221
427.1 3.77329431109e-221
427.11 1.48353664059e-221
427.12 5.82773218972e-222
427.13 2.28730777923e-222
427.14 8.96960546698e-223
427.15 3.51435627632e-223
427.16 1.37575767973e-223
427.17 5.38098544176e-224
427.18 2.10283598751e-224
427.19 8.21055844966e-225
427.2 3.20304990995e-225
427.21 1.24847090902e-225
427.22 4.8620213433e-226
427.23 1.89181649263e-226
427.24 7.35469836804e-227
427.25 2.85676448024e-227
427.26 1.1086838498e-227
427.27 4.29897300016e-228
427.28 1.66550302703e-228
427.29 6.44688387744e-229
427.3 2.49331977501e-229
427.31 9.6345143486e-230
427.32 3.71967834782e-230
427.33 1.43484390769e-230
427.34 5.5300319685e-231
427.35 2.12948378895e-231
427.36 8.19303381183e-232
427.37 3.14948009945e-232
427.38 1.20964156784e-232
427.39 4.6419263847e-233
427.4 1.77976846611e-233
427.41 6.81792907511e-234
427.42 2.60954723875e-234
427.43 9.97933402401e-235
427.44 3.8129548989e-235
427.45 1.4556115391e-235
427.46 5.55204559027e-236
427.47 2.11584704893e-236
427.48 8.05636676153e-237
427.49 3.06491123013e-237
427.5 1.16498486813e-237
427.51 4.42431847163e-238
427.52 1.67878928951e-238
427.53 6.36457943591e-239
427.54 2.41083198787e-239
427.55 9.12405494008e-240
427.56 3.45010689186e-240
427.57 1.30346964596e-240
427.58 4.92031611968e-241
427.59 1.855704422e-241
427.6 6.99275498692e-242
427.61 2.63276158903e-242
427.62 9.90372259436e-243
427.63 3.72228064142e-243
427.64 1.39779496797e-243
427.65 5.2444692605e-244
427.66 1.96599916141e-244
427.67 7.36357686849e-245
427.68 2.75561178744e-245
427.69 1.03031721287e-245
427.7 3.8489971492e-246
427.71 1.43663993971e-246
427.72 5.35762108437e-247
427.73 1.99627223576e-247
427.74 7.43175271905e-248
427.75 2.76430810606e-248
427.76 1.02731908519e-248
427.77 3.81459098395e-249
427.78 1.41518856931e-249
427.79 5.24571097784e-250
427.8 1.94275536861e-250
427.81 7.18878656122e-251
427.82 2.65776619688e-251
427.83 9.81751718427e-252
427.84 3.62334993502e-252
427.85 1.33611118887e-252
427.86 4.92264633266e-253
427.87 1.8120842334e-253
427.88 6.66471896233e-254
427.89 2.44911406531e-254
427.9 8.99207450489e-255
427.91 3.29863675135e-255
427.92 1.2090180995e-255
427.93 4.42746181383e-256
427.94 1.61994607654e-256
427.95 5.92202184443e-257
427.96 2.16303309454e-257
427.97 7.89368943812e-258
427.98 2.87819768892e-258
427.99 1.04853979269e-258
428.0 3.81656730944e-259
428.01 1.38798460072e-259
428.02 5.04336130493e-260
428.03 1.83096156887e-260
428.04 6.64143746865e-261
428.05 2.4069588178e-261
428.06 8.71563318832e-262
428.07 3.15321033048e-262
428.08 1.13980524201e-262
428.09 4.11653745953e-263
428.1 1.48544715394e-263
428.11 5.35557434886e-264
428.12 1.92920603609e-264
428.13 6.94344314721e-265
428.14 2.49686388758e-265
428.15 8.97095266105e-266
428.16 3.220371498e-266
428.17 1.1550401904e-266
428.18 4.13915729243e-267
428.19 1.48200775834e-267
428.2 5.30167054612e-268
428.21 1.89495415887e-268
428.22 6.76719035049e-269
428.23 2.41458105901e-269
428.24 8.60793341367e-270
428.25 3.06605344401e-270
428.26 1.09114949267e-270
428.27 3.87982825908e-271
428.28 1.37836571254e-271
428.29 4.89260475636e-272
428.3 1.73515996031e-272
428.31 6.14840708639e-273
428.32 2.17675436409e-273
428.33 7.69980888382e-274
428.34 2.72128595452e-274
428.35 9.60930829447e-275
428.36 3.39026609519e-275
428.37 1.19508599872e-275
428.38 4.20909029777e-276
428.39 1.48115681007e-276
428.4 5.20759917041e-277
428.41 1.82935407052e-277
428.42 6.42069005108e-278
428.43 2.25159021421e-278
428.44 7.88897740028e-279
428.45 2.7616954466e-279
428.46 9.65949825472e-280
428.47 3.37564731306e-280
428.48 1.17864569642e-280
428.49 4.11181149941e-281
428.5 1.43320010487e-281
428.51 4.99119087071e-282
428.52 1.73670173342e-282
428.53 6.03767886402e-283
428.54 2.09719345786e-283
428.55 7.27831238045e-284
428.56 2.52375156236e-284
428.57 8.74351828968e-285
428.58 3.02656187717e-285
428.59 1.0467346586e-285
428.6 3.61699046543e-286
428.61 1.24876821479e-286
428.62 4.30764614413e-287
428.63 1.48464259882e-287
428.64 5.11243179538e-288
428.65 1.75896358773e-288
428.66 6.04658112176e-289
428.67 2.07676153274e-289
428.68 7.1266772397e-290
428.69 2.44349391899e-290
428.7 8.37064930412e-291
428.71 2.86504035982e-291
428.72 9.79774323382e-292
428.73 3.34768877409e-292
428.74 1.14284625789e-292
428.75 3.89811150331e-293
428.76 1.32844756574e-293
428.77 4.52333017261e-294
428.78 1.53884853037e-294
428.79 5.23066819046e-295
428.8 1.77640579354e-295
428.81 6.02768992108e-296
428.82 2.04354091645e-296
428.83 6.92212575473e-297
428.84 2.34271438661e-297
428.85 7.92178254501e-298
428.86 2.67639494794e-298
428.87 9.03443918099e-299
428.88 3.04702423381e-299
428.89 1.02677274122e-299
428.9 3.45697680182e-300
428.91 1.1628998444e-300
428.92 3.90851580192e-301
428.93 1.31251762607e-301
428.94 4.40374465502e-302
428.95 1.47625991099e-302
428.96 4.94455527298e-303
428.97 1.65468510788e-303
428.98 5.53257351028e-304
428.99 1.84825861967e-304
429.0 6.16910269754e-305
429.01 2.05733480011e-305
429.02 6.85506626163e-306
429.03 2.28213879795e-306
429.04 7.590950582e-307
429.05 2.52274867306e-307
429.06 8.37674936102e-308
429.07 2.77907820647e-308
429.08 9.21191089144e-309
429.09 3.05086085504e-309
429.1 1.00952896816e-309
429.11 3.33763532087e-310
429.12 1.10251039414e-310
429.13 3.63873321316e-311
429.14 1.19989004373e-311
429.15 3.9532692746e-312
429.16 1.30135281816e-312
429.17 4.28013462471e-313
429.18 1.40651223417e-313
429.19 4.61799343795e-314
429.2 1.51490996167e-314
429.21 4.96528342732e-315
429.22 1.62601661109e-315
429.23 5.32022041457e-316
429.24 1.73923389808e-316
429.25 5.68080730927e-317
429.26 1.85389783893e-317
429.27 6.04484871096e-318
429.28 1.96928637645e-318
429.29 6.40995828258e-319
429.3 2.0846111795e-319
429.31 6.77364000448e-320
429.32 2.19908618964e-320
429.33 7.13430792595e-321
429.34 2.31222722254e-321
429.35 7.50979781679e-322
429.36 2.42092166462e-322
429.37 7.90505033346e-323
429.38 2.47032822921e-323
429.39 9.88131291682e-324
429.4 4.94065645841e-324
429.41 0.0
429.42 0.0
429.43 0.0
429.44 0.0
429.45 0.0
429.46 0.0
429.47 0.0
429.48 0.0
429.49 0.0
429.5 0.0
429.51 0.0
429.52 0.0
429.53 0.0
429.54 0.0
429.55 0.0
429.56 0.0
429.57 0.0
429.58 0.0
429.59 0.0
429.6 0.0
429.61 0.0
429.62 0.0
429.63 0.0
429.64 0.0
429.65 0.0
429.66 0.0
429.67 0.0
429.68 0.0
429.69 0.0
429.7 0.0
429.71 0.0
429.72 0.0
429.73 0.0
429.74 0.0
429.75 0.0
429.76 0.0
429.77 0.0
429.78 0.0
429.79 0.0
429.8 0.0
429.81 0.0
429.82 0.0
429.83 0.0
429.84 0.0
429.85 0.0
429.86 0.0
429.87 0.0
429.88 0.0
429.89 0.0
429.9 0.0
429.91 0.0
429.92 0.0
429.93 0.0
429.94 0.0
429.95 0.0
429.96 0.0
429.97 0.0
429.98 0.0
429.99 0.0
