400.0 2.38142691259e-22
400.01 3.14728186397e-22
400.02 4.15582961433e-22
400.03 5.4828143453e-22
400.04 7.22724970023e-22
400.05 9.51845128748e-22
400.06 1.25251586639e-21
400.07 1.64673567027e-21
400.08 2.16315810104e-21
400.09 2.83907159274e-21
400.1 3.72295801579e-21
400.11 4.87779613875e-21
400.12 6.38532291415e-21
400.13 8.35152521972e-21
400.14 1.09137108007e-20
400.15 1.42496040962e-20
400.16 1.8589035968e-20
400.17 2.42289531231e-20
400.18 3.15526720942e-20
400.19 4.10545551916e-20
400.2 5.33716059076e-20
400.21 6.93238864982e-20
400.22 8.99661730511e-20
400.23 1.16653911062e-19
400.24 1.51127352214e-19
400.25 1.95618784243e-19
400.26 2.52989064992e-19
400.27 3.26901307008e-19
400.28 4.22041615215e-19
400.29 5.44399363157e-19
400.3 7.01622734647e-19
400.31 9.03469321358e-19
400.32 1.16237665632e-18
400.33 1.49418393121e-18
400.34 1.91904410494e-18
400.35 2.46257554987e-18
400.36 3.15731478084e-18
400.37 4.04454726315e-18
400.38 5.17661253174e-18
400.39 6.61980377807e-18
400.4 8.45801178617e-18
400.41 1.07972999946e-17
400.42 1.37716432101e-17
400.43 1.75501191685e-17
400.44 2.23459122674e-17
400.45 2.84275754874e-17
400.46 3.61331035827e-17
400.47 4.58875027101e-17
400.48 5.82247044574e-17
400.49 7.38148726638e-17
400.5 9.34983979539e-17
400.51 1.18328177808e-16
400.52 1.49622151805e-16
400.53 1.89028517565e-16
400.54 2.38606611399e-16
400.55 3.00927121023e-16
400.56 3.79196133091e-16
400.57 4.77408538423e-16
400.58 6.00537562288e-16
400.59 7.54768703642e-16
400.6 9.477882135e-16
400.61 1.18913848786e-15
400.62 1.49065547823e-15
400.63 1.86700653321e-15
400.64 2.33635109749e-15
400.65 2.92115155495e-15
400.66 3.64916738222e-15
400.67 4.55467288469e-15
400.68 5.67994736557e-15
400.69 7.0770969236e-15
400.7 8.8102795384e-15
400.71 1.09584201001e-14
400.72 1.36185200705e-14
400.73 1.69096881142e-14
400.74 2.09780440112e-14
400.75 2.60026792858e-14
400.76 3.22028952418e-14
400.77 3.98469836414e-14
400.78 4.92628684735e-14
400.79 6.08509907442e-14
400.8 7.5099893888e-14
400.81 9.26050574852e-14
400.82 1.14091634106e-13
400.83 1.40441871377e-13
400.84 1.72728152401e-13
400.85 2.12252766676e-13
400.86 2.60595735662e-13
400.87 3.19672267837e-13
400.88 3.91801714299e-13
400.89 4.79790245544e-13
400.9 5.87029882078e-13
400.91 7.17616996753e-13
400.92 8.7649397735e-13
400.93 1.0696184084e-12
400.94 1.30416491794e-12
400.95 1.58876575722e-12
400.96 1.93379726091e-12
400.97 2.35172059852e-12
400.98 2.85748670226e-12
400.99 3.46901697838e-12
401.0 4.20777341424e-12
401.01 5.09943402892e-12
401.02 6.17469232996e-12
401.03 7.47020259183e-12
401.04 9.0296964295e-12
401.05 1.0905300378e-11
401.06 1.31590890933e-11
401.07 1.58649144573e-11
401.08 1.91105574146e-11
401.09 2.30002569142e-11
401.1 2.76576790175e-11
401.11 3.32293992312e-11
401.12 3.9888982608e-11
401.13 4.78417593289e-11
401.14 5.73304085879e-11
401.15 6.86414808755e-11
401.16 8.21130085169e-11
401.17 9.81433768736e-11
401.18 1.17201654333e-10
401.19 1.39839608495e-10
401.2 1.66705669269e-10
401.21 1.98561137417e-10
401.22 2.36298979985e-10
401.23 2.80965602665e-10
401.24 3.3378604412e-10
401.25 3.96193099388e-10
401.26 4.69860949601e-10
401.27 5.56743954176e-10
401.28 6.5912135046e-10
401.29 7.79648705649e-10
401.3 9.21417077712e-10
401.31 1.08802096755e-09
401.32 1.28363628491e-09
401.33 1.51310970737e-09
401.34 1.78206098652e-09
401.35 2.09699995029e-09
401.36 2.4654601669e-09
401.37 2.89615147635e-09
401.38 3.39913386205e-09
401.39 3.98601543038e-09
401.4 4.67017759173e-09
401.41 5.46703089693e-09
401.42 6.39430537884e-09
401.43 7.47237968514e-09
401.44 8.72465376637e-09
401.45 1.01779704081e-08
401.46 1.18630914692e-08
401.47 1.38152353149e-08
401.48 1.60746826155e-08
401.49 1.86874584252e-08
401.5 2.17060992588e-08
401.51 2.51905147637e-08
401.52 2.92089545205e-08
401.53 3.38390915348e-08
401.54 3.91692350715e-08
401.55 4.52996866688e-08
401.56 5.23442544303e-08
401.57 6.0431942044e-08
401.58 6.97088304237e-08
401.59 8.03401713965e-08
401.6 9.25127144922e-08
401.61 1.06437289612e-07
401.62 1.22351670172e-07
401.63 1.40523743217e-07
401.64 1.61255015035e-07
401.65 1.84884482852e-07
401.66 2.11792905398e-07
401.67 2.4240750739e-07
401.68 2.77207155289e-07
401.69 3.16728044112e-07
401.7 3.61569937503e-07
401.71 4.12403005778e-07
401.72 4.69975309166e-07
401.73 5.35120975987e-07
401.74 6.08769128043e-07
401.75 6.91953607945e-07
401.76 7.85823565566e-07
401.77 8.91654963099e-07
401.78 1.01086306045e-06
401.79 1.14501594474e-06
401.8 1.29584916958e-06
401.81 1.46528157137e-06
401.82 1.65543233141e-06
401.83 1.86863935324e-06
401.84 2.10747902595e-06
401.85 2.37478744366e-06
401.86 2.67368315178e-06
401.87 3.00759148938e-06
401.88 3.38027059579e-06
401.89 3.79583914752e-06
401.9 4.2588058884e-06
401.91 4.77410101252e-06
401.92 5.34710945482e-06
401.93 5.98370613857e-06
401.94 6.69029322256e-06
401.95 7.473839383e-06
401.96 8.34192115645e-06
401.97 9.30276635967e-06
401.98 1.03652995914e-05
401.99 1.15391898073e-05
402.0 1.28348999471e-05
402.01 1.42637385737e-05
402.02 1.58379134717e-05
402.03 1.75705871291e-05
402.04 1.94759340093e-05
402.05 2.15691994965e-05
402.06 2.38667603761e-05
402.07 2.63861866835e-05
402.08 2.91463047321e-05
402.09 3.21672611013e-05
402.1 3.54705873346e-05
402.11 3.90792650711e-05
402.12 4.30177912977e-05
402.13 4.73122433798e-05
402.14 5.19903434931e-05
402.15 5.70815220432e-05
402.16 6.26169796302e-05
402.17 6.86297470726e-05
402.18 7.51547429768e-05
402.19 8.22288283005e-05
402.2 8.98908573234e-05
402.21 9.81817244084e-05
402.22 0.000107144405901
402.23 0.000116823996492
402.24 0.000127267739321
402.25 0.000138525049112
402.26 0.000150647527559
402.27 0.000163688970199
402.28 0.000177705363989
402.29 0.000192754874769
402.3 0.00020889782382
402.31 0.000226196652705
402.32 0.000244715875587
402.33 0.000264522018241
402.34 0.000285683542979
402.35 0.000308270758756
402.36 0.000332355715724
402.37 0.000358012083578
402.38 0.000385315013056
402.39 0.000414340980035
402.4 0.00044516761171
402.41 0.000477873494436
402.42 0.000512537962885
402.43 0.000549240870261
402.44 0.00058806233942
402.45 0.000629082494855
402.46 0.000672381175603
402.47 0.000718037629287
402.48 0.000766130187614
402.49 0.000816735923786
402.5 0.000869930292459
402.51 0.000925786752982
402.52 0.000984376376869
402.53 0.00104576744054
402.54 0.00111002500463
402.55 0.00117721048117
402.56 0.00124738119031
402.57 0.00132058990827
402.58 0.00139688440837
402.59 0.00147630699722
402.6 0.00155889404827
402.61 0.00164467553505
402.62 0.00173367456656
402.63 0.00182590692743
402.64 0.00192138062554
402.65 0.00202009544997
402.66 0.00212204254213
402.67 0.00222720398303
402.68 0.00233555239983
402.69 0.00244705059458
402.7 0.00256165119835
402.71 0.00267929635375
402.72 0.00279991742893
402.73 0.00292343476603
402.74 0.00304975746699
402.75 0.00317878321954
402.76 0.00331039816613
402.77 0.00344447681823
402.78 0.00358088201844
402.79 0.00371946495268
402.8 0.00386006521419
402.81 0.0040025109213
402.82 0.00414661889028
402.83 0.00429219486448
402.84 0.0044390338006
402.85 0.00458692021272
402.86 0.00473562857412
402.87 0.00488492377696
402.88 0.00503456164917
402.89 0.00518428952774
402.9 0.00533384688708
402.91 0.00548296602103
402.92 0.0056313727762
402.93 0.00577878733461
402.94 0.00592492504255
402.95 0.00606949728288
402.96 0.00621221238697
402.97 0.00635277658284
402.98 0.00649089497508
402.99 0.0066262725524
403.0 0.00675861521798
403.01 0.00688763083775
403.02 0.00701303030157
403.03 0.00713452859186
403.04 0.00725184585427
403.05 0.0073647084649
403.06 0.00747285008827
403.07 0.0075760127205
403.08 0.00767394771196
403.09 0.00776641676363
403.1 0.00785319289183
403.11 0.00793406135564
403.12 0.0080088205419
403.13 0.00807728280259
403.14 0.00813927523977
403.15 0.00819464043353
403.16 0.0082432371086
403.17 0.00828494073579
403.18 0.00831964406457
403.19 0.00834725758377
403.2 0.00836770990749
403.21 0.00838094808403
403.22 0.008386937826
403.23 0.00838566366016
403.24 0.00837712899617
403.25 0.00836135611388
403.26 0.0083383860692
403.27 0.00830827851924
403.28 0.00827111146776
403.29 0.00822698093252
403.3 0.00817600053666
403.31 0.00811830102651
403.32 0.00805402971884
403.33 0.00798334988096
403.34 0.00790644004738
403.35 0.00782349327711
403.36 0.00773471635617
403.37 0.00764032895002
403.38 0.00754056271083
403.39 0.00743566034501
403.4 0.00732587464634
403.41 0.00721146750032
403.42 0.00709270886543
403.43 0.00696987573711
403.44 0.00684325110028
403.45 0.00671312287617
403.46 0.00657978286928
403.47 0.00644352572014
403.48 0.00630464786942
403.49 0.00616344653883
403.5 0.00602021873413
403.51 0.00587526027508
403.52 0.00572886485733
403.53 0.00558132315068
403.54 0.00543292193784
403.55 0.00528394329785
403.56 0.00513466383748
403.57 0.0049853539741
403.58 0.00483627727275
403.59 0.0046876898401
403.6 0.00453983977725
403.61 0.00439296669351
403.62 0.00424730128227
403.63 0.00410306496023
403.64 0.00396046957066
403.65 0.00381971715099
403.66 0.0036809997649
403.67 0.00354449939837
403.68 0.00341038791933
403.69 0.0032788270997
403.7 0.00314996869889
403.71 0.00302395460704
403.72 0.00290091704641
403.73 0.0027809788289
403.74 0.00266425366755
403.75 0.00255084653965
403.76 0.00244085409891
403.77 0.00233436513406
403.78 0.00223146107092
403.79 0.0021322165152
403.8 0.00203669983278
403.81 0.00194497376452
403.82 0.00185709607229
403.83 0.00177312021301
403.84 0.0016930960374
403.85 0.00161707051013
403.86 0.00154508844804
403.87 0.00147719327292
403.88 0.0014134277757
403.89 0.00135383488844
403.9 0.00129845846095
403.91 0.00124734403845
403.92 0.00120053963703
403.93 0.00115809651351
403.94 0.00112006992623
403.95 0.00108651988351
403.96 0.00105751187634
403.97 0.00103311759189
403.98 0.0010134156045
403.99 0.000998492040667
404.0 0.000988441214681
404.01 0.000983366231438
404.02 0.000983379552947
404.03 0.000988603525098
404.04 0.000999170861174
404.05 0.00101522507859
404.06 0.00103692088536
404.07 0.00106442451274
404.08 0.00109791399049
404.09 0.00113757936128
404.1 0.00118362283073
404.11 0.0012362588495
404.12 0.00129571412417
404.13 0.00136222755339
404.14 0.0014360500861
404.15 0.00151744449867
404.16 0.00160668508781
404.17 0.0017040572765
404.18 0.00180985713019
404.19 0.00192439078077
404.2 0.00204797375617
404.21 0.00218093021368
404.22 0.00232359207528
404.23 0.00247629806391
404.24 0.00263939263974
404.25 0.00281322483618
404.26 0.00299814699557
404.27 0.00319451340539
404.28 0.00340267883596
404.29 0.00362299698156
404.3 0.00385581880736
404.31 0.00410149080511
404.32 0.00436035316156
404.33 0.00463273784385
404.34 0.0049189666073
404.35 0.00521934893146
404.36 0.00553417989114
404.37 0.00586373797004
404.38 0.0062082828252
404.39 0.00656805301135
404.4 0.00694326367506
404.41 0.00733410422916
404.42 0.00774073601884
404.43 0.00816328999134
404.44 0.00860186438187
404.45 0.0090565224291
404.46 0.00952729013378
404.47 0.010014154075
404.48 0.0105170592984
404.49 0.0110359072919
404.5 0.0115705540636
404.51 0.0121208083372
404.52 0.0126864298812
404.53 0.0132671279864
404.54 0.0138625601074
404.55 0.0144723306824
404.56 0.0150959901476
404.57 0.0157330341574
404.58 0.0163829030271
404.59 0.0170449814081
404.6 0.0177185982093
404.61 0.0184030267738
404.62 0.0190974853229
404.63 0.0198011376734
404.64 0.0205130942369
404.65 0.0212324133072
404.66 0.0219581026381
404.67 0.0226891213163
404.68 0.0234243819295
404.69 0.0241627530275
404.7 0.0249030618767
404.71 0.0256440975001
404.72 0.0263846139982
404.73 0.0271233341428
404.74 0.0278589532317
404.75 0.0285901431935
404.76 0.0293155569283
404.77 0.0300338328671
404.78 0.0307435997339
404.79 0.0314434814899
404.8 0.0321321024391
404.81 0.0328080924719
404.82 0.033470092424
404.83 0.0341167595241
404.84 0.0347467729039
404.85 0.0353588391433
404.86 0.0359516978225
404.87 0.0365241270504
404.88 0.0370749489424
404.89 0.0376030350143
404.9 0.0381073114652
404.91 0.0385867643179
404.92 0.0390404443871
404.93 0.0394674720461
404.94 0.0398670417648
404.95 0.0402384263884
404.96 0.0405809811332
404.97 0.040894147272
404.98 0.0411774554855
404.99 0.0414305288578
405.0 0.0416530854944
405.01 0.0418449407447
405.02 0.0420060090116
405.03 0.0421363051336
405.04 0.0422359453277
405.05 0.0423051476817
405.06 0.0423442321905
405.07 0.0423536203282
405.08 0.0423338341568
405.09 0.0422854949692
405.1 0.0422093214698
405.11 0.0421061274981
405.12 0.0419768193025
405.13 0.0418223923755
405.14 0.0416439278611
405.15 0.0414425885519
405.16 0.0412196144907
405.17 0.040976318198
405.18 0.040714079546
405.19 0.0404343403029
405.2 0.0401385983723
405.21 0.0398284017556
405.22 0.0395053422649
405.23 0.0391710490165
405.24 0.038827181736
405.25 0.0384754239071
405.26 0.0381174757958
405.27 0.0377550473848
405.28 0.0373898512507
405.29 0.0370235954182
405.3 0.0366579762267
405.31 0.0362946712403
405.32 0.0359353322388
405.33 0.03558157832
405.34 0.0352349891467
405.35 0.0348970983713
405.36 0.0345693872673
405.37 0.0342532785995
405.38 0.0339501307595
405.39 0.0336612321952
405.4 0.0333877961597
405.41 0.033130955804
405.42 0.0328917596357
405.43 0.0326711673648
405.44 0.0324700461556
405.45 0.0322891673008
405.46 0.0321292033342
405.47 0.0319907255935
405.48 0.0318742022441
405.49 0.0317799967739
405.5 0.0317083669628
405.51 0.0316594643332
405.52 0.0316333340833
405.53 0.0316299155007
405.54 0.0316490428562
405.55 0.0316904467719
405.56 0.0317537560558
405.57 0.0318384999949
405.58 0.031944111095
405.59 0.0320699282531
405.6 0.0322152003481
405.61 0.032379090231
405.62 0.0325606790958
405.63 0.0327589712106
405.64 0.0329728989846
405.65 0.0332013283469
405.66 0.0334430644117
405.67 0.0336968574012
405.68 0.0339614087981
405.69 0.0342353776975
405.7 0.0345173873269
405.71 0.0348060317025
405.72 0.0350998823893
405.73 0.035397495331
405.74 0.0356974177167
405.75 0.0359981948499
405.76 0.0362983769861
405.77 0.0365965261041
405.78 0.0368912225781
405.79 0.0371810717168
405.8 0.0374647101365
405.81 0.037740811937
405.82 0.0380080946474
405.83 0.0382653249149
405.84 0.0385113239045
405.85 0.038744972385
405.86 0.0389652154751
405.87 0.0391710670249
405.88 0.0393616136125
405.89 0.0395360181346
405.9 0.0396935229751
405.91 0.0398334527343
405.92 0.0399552165086
405.93 0.0400583097079
405.94 0.0401423154043
405.95 0.0402069052076
405.96 0.0402518396631
405.97 0.0402769681748
405.98 0.0402822284542
405.99 0.0402676455032
406.0 0.0402333301373
406.01 0.0401794770619
406.02 0.0401063625146
406.03 0.0400143414892
406.04 0.0399038445619
406.05 0.0397753743385
406.06 0.0396295015472
406.07 0.0394668608019
406.08 0.0392881460625
406.09 0.0390941058215
406.1 0.0388855380474
406.11 0.0386632849159
406.12 0.0384282273623
406.13 0.0381812794882
406.14 0.0379233828576
406.15 0.0376555007164
406.16 0.0373786121718
406.17 0.0370937063646
406.18 0.036801776672
406.19 0.036503814973
406.2 0.0362008060119
406.21 0.035893721892
406.22 0.035583516732
406.23 0.0352711215148
406.24 0.0349574391593
406.25 0.0346433398413
406.26 0.0343296565894
406.27 0.0340171811804
406.28 0.0337066603548
406.29 0.0333987923714
406.3 0.0330942239196
406.31 0.0327935474012
406.32 0.0324972985962
406.33 0.0322059547196
406.34 0.0319199328781
406.35 0.0316395889282
406.36 0.0313652167393
406.37 0.0310970478597
406.38 0.0308352515809
406.39 0.0305799353946
406.4 0.0303311458346
406.41 0.0300888696893
406.42 0.0298530355749
406.43 0.0296235158511
406.44 0.0294001288628
406.45 0.0291826414884
406.46 0.0289707719725
406.47 0.0287641930213
406.48 0.0285625351365
406.49 0.0283653901609
406.5 0.0281723150122
406.51 0.0279828355749
406.52 0.0277964507248
406.53 0.0276126364567
406.54 0.0274308500884
406.55 0.0272505345103
406.56 0.0270711224556
406.57 0.0268920407608
406.58 0.0267127145904
406.59 0.0265325715991
406.6 0.0263510460065
406.61 0.0261675825586
406.62 0.0259816403539
406.63 0.0257926965115
406.64 0.025600249661
406.65 0.0254038232349
406.66 0.0252029685466
406.67 0.0249972676384
406.68 0.0247863358853
406.69 0.0245698243434
406.7 0.0243474218329
406.71 0.0241188567473
406.72 0.0238838985826
406.73 0.0236423591841
406.74 0.0233940937056
406.75 0.0231390012843
406.76 0.0228770254297
406.77 0.0226081541326
406.78 0.0223324196973
406.79 0.0220498983051
406.8 0.0217607093169
406.81 0.0214650143249
406.82 0.0211630159643
406.83 0.0208549564978
406.84 0.0205411161868
406.85 0.0202218114626
406.86 0.0198973929146
406.87 0.0195682431112
406.88 0.0192347742698
406.89 0.0188974257939
406.9 0.0185566616951
406.91 0.0182129679174
406.92 0.0178668495828
406.93 0.0175188281752
406.94 0.0171694386817
406.95 0.0168192267087
406.96 0.0164687455899
406.97 0.0161185535031
406.98 0.0157692106132
406.99 0.015421276256
407.0 0.0150753061788
407.01 0.014731849851
407.02 0.0143914478603
407.03 0.0140546294039
407.04 0.0137219098897
407.05 0.0133937886555
407.06 0.013070746817
407.07 0.0127532452536
407.08 0.0124417227382
407.09 0.0121365942183
407.1 0.0118382492542
407.11 0.0115470506176
407.12 0.0112633330543
407.13 0.0109874022141
407.14 0.0107195337474
407.15 0.0104599725712
407.16 0.010208932301
407.17 0.0099665948501
407.18 0.00973311019173
407.19 0.00950859628164
407.2 0.0092931391375
407.21 0.00908679307021
407.22 0.00888958106173
407.23 0.008701495284
407.24 0.00852249775212
407.25 0.00835252110532
407.26 0.0081914695081
407.27 0.00803921966409
407.28 0.00789562193455
407.29 0.00776050155324
407.3 0.00763365992921
407.31 0.00751487602886
407.32 0.00740390782855
407.33 0.00730049382883
407.34 0.00720435462159
407.35 0.00711519450108
407.36 0.0070327031103
407.37 0.00695655711375
407.38 0.00688642188831
407.39 0.00682195322358
407.4 0.00676279902376
407.41 0.00670860100289
407.42 0.00665899636589
407.43 0.00661361946796
407.44 0.00657210344518
407.45 0.00653408180966
407.46 0.00649919000262
407.47 0.00646706689954
407.48 0.0064373562616
407.49 0.00640970812806
407.5 0.00638378014496
407.51 0.00635923882535
407.52 0.00633576073734
407.53 0.00631303361623
407.54 0.0062907573976
407.55 0.00626864516867
407.56 0.00624642403582
407.57 0.00622383590621
407.58 0.00620063818248
407.59 0.00617660436937
407.6 0.00615152459202
407.61 0.00612520602575
407.62 0.00609747323789
407.63 0.00606816844242
407.64 0.00603715166862
407.65 0.00600430084548
407.66 0.00596951180378
407.67 0.00593269819826
407.68 0.00589379135257
407.69 0.00585274003011
407.7 0.00580951013402
407.71 0.00576408434007
407.72 0.00571646166613
407.73 0.00566665698262
407.74 0.00561470046803
407.75 0.00556063701409
407.76 0.00550452558527
407.77 0.00544643853735
407.78 0.00538646089991
407.79 0.00532468962767
407.8 0.00526123282565
407.81 0.00519620895305
407.82 0.0051297460108
407.83 0.00506198071765
407.84 0.00499305767949
407.85 0.00492312855671
407.86 0.00485235123385
407.87 0.00478088899609
407.88 0.00470890971662
407.89 0.00463658505878
407.9 0.00456408969667
407.91 0.00449160055755
407.92 0.00441929608933
407.93 0.0043473555557
407.94 0.00427595836169
407.95 0.00420528341159
407.96 0.00413550850132
407.97 0.00406680974662
407.98 0.00399936104821
407.99 0.00393333359496
408.0 0.00386889540534
408.01 0.00380621090749
408.02 0.00374544055766
408.03 0.00368674049654
408.04 0.00363026224282
408.05 0.00357615242275
408.06 0.0035245525345
408.07 0.00347559874563
408.08 0.00342942172193
408.09 0.00338614648551
408.1 0.00334589230004
408.11 0.00330877258062
408.12 0.00327489482598
408.13 0.00324436057012
408.14 0.00321726535107
408.15 0.00319369869367
408.16 0.00317374410397
408.17 0.0031574790723
408.18 0.00314497508243
408.19 0.00313629762423
408.2 0.00313150620733
408.21 0.00313065437331
408.22 0.00313378970443
408.23 0.00314095382663
408.24 0.00315218240514
408.25 0.00316750513101
408.26 0.00318694569725
408.27 0.00321052176348
408.28 0.0032382449082
408.29 0.00327012056819
408.3 0.00330614796485
408.31 0.00334632001736
408.32 0.00339062324317
408.33 0.00343903764638
408.34 0.00349153659506
408.35 0.00354808668852
408.36 0.00360864761638
408.37 0.00367317201093
408.38 0.003741605295
408.39 0.00381388552754
408.4 0.00388994324946
408.41 0.00396970133233
408.42 0.0040530748329
408.43 0.00413997085636
408.44 0.00423028843144
408.45 0.00432391840055
408.46 0.0044207433282
408.47 0.00452063743092
408.48 0.00462346653183
408.49 0.00472908804312
408.5 0.00483735097943
408.51 0.00494809600511
408.52 0.00506115551804
408.53 0.00517635377268
408.54 0.00529350704464
408.55 0.00541242383886
408.56 0.00553290514315
408.57 0.00565474472864
408.58 0.00577772949818
408.59 0.00590163988347
408.6 0.00602625029133
408.61 0.00615132959904
408.62 0.00627664169828
408.63 0.00640194608685
408.64 0.00652699850685
408.65 0.00665155162753
408.66 0.00677535577071
408.67 0.00689815967608
408.68 0.00701971130353
408.69 0.00713975866885
408.7 0.00725805070921
408.71 0.00737433817414
408.72 0.00748837453756
408.73 0.00759991692595
408.74 0.00770872705764
408.75 0.0078145721879
408.76 0.00791722605417
408.77 0.00801646981581
408.78 0.00811209298247
408.79 0.00820389432516
408.8 0.00829168276412
408.81 0.00837527822749
408.82 0.00845451247482
408.83 0.00852922987979
408.84 0.00859928816643
408.85 0.0086645590933
408.86 0.00872492908074
408.87 0.00878029977587
408.88 0.00883058855124
408.89 0.00887572893254
408.9 0.00891567095185
408.91 0.00895038142297
408.92 0.00897984413605
408.93 0.00900405996906
408.94 0.00902304691442
408.95 0.00903684001941
408.96 0.00904549123966
408.97 0.00904906920566
408.98 0.00904765890266
408.99 0.00904136126507
409.0 0.00903029268694
409.01 0.0090145844507
409.02 0.00899438207703
409.03 0.00896984459905
409.04 0.00894114376474
409.05 0.00890846317197
409.06 0.00887199734087
409.07 0.00883195072894
409.08 0.00878853669445
409.09 0.00874197641422
409.1 0.00869249776226
409.11 0.00864033415569
409.12 0.00858572337508
409.13 0.00852890636605
409.14 0.00847012602955
409.15 0.00840962600795
409.16 0.0083476494743
409.17 0.00828443793217
409.18 0.00822023003315
409.19 0.00815526041916
409.2 0.00808975859665
409.21 0.00802394784917
409.22 0.00795804419495
409.23 0.00789225539558
409.24 0.00782678002147
409.25 0.00776180657971
409.26 0.00769751270901
409.27 0.00763406444651
409.28 0.00757161557023
409.29 0.00751030702086
409.3 0.00745026640566
409.31 0.00739160758709
409.32 0.00733443035784
409.33 0.0072788202036
409.34 0.00722484815429
409.35 0.00717257072379
409.36 0.00712202993777
409.37 0.00707325344857
409.38 0.00702625473543
409.39 0.00698103338822
409.4 0.00693757547166
409.41 0.00689585396718
409.42 0.00685582928867
409.43 0.00681744986803
409.44 0.00678065280621
409.45 0.00674536458467
409.46 0.00671150183233
409.47 0.00667897214234
409.48 0.00664767493299
409.49 0.00661750234693
409.5 0.00658834018235
409.51 0.00656006885005
409.52 0.00653256435002
409.53 0.00650569926104
409.54 0.00647934373708
409.55 0.00645336650402
409.56 0.00642763585047
409.57 0.00640202060663
409.58 0.00637639110509
409.59 0.0063506201179
409.6 0.00632458376431
409.61 0.00629816238401
409.62 0.00627124137073
409.63 0.00624371196175
409.64 0.00621547197895
409.65 0.00618642651738
409.66 0.00615648857811
409.67 0.00612557964193
409.68 0.00609363018147
409.69 0.00606058010936
409.7 0.00602637916067
409.71 0.00599098720831
409.72 0.00595437451041
409.73 0.00591652188927
409.74 0.00587742084188
409.75 0.00583707358238
409.76 0.00579549301731
409.77 0.00575270265495
409.78 0.00570873645035
409.79 0.00566363858806
409.8 0.00561746320505
409.81 0.0055702740564
409.82 0.00552214412691
409.83 0.00547315519189
409.84 0.00542339733074
409.85 0.00537296839719
409.86 0.0053219734501
409.87 0.00527052414918
409.88 0.00521873811982
409.89 0.00516673829171
409.9 0.00511465221554
409.91 0.00506261136265
409.92 0.00501075041206
409.93 0.00495920652964
409.94 0.00490811864398
409.95 0.00485762672344
409.96 0.00480787105896
409.97 0.0047589915568
409.98 0.00471112704549
409.99 0.00466441460103
410.0 0.00461898889407
410.01 0.00457498156279
410.02 0.0045325206148
410.03 0.00449172986123
410.04 0.00445272838588
410.05 0.00441563005199
410.06 0.00438054304899
410.07 0.0043475694811
410.08 0.00431680499967
410.09 0.00428833848033
410.1 0.00426225174626
410.11 0.00423861933815
410.12 0.00421750833114
410.13 0.00419897819905
410.14 0.0041830807253
410.15 0.00416985996018
410.16 0.00415935222345
410.17 0.004151586151
410.18 0.00414658278421
410.19 0.0041443557001
410.2 0.00414491118025
410.21 0.00414824841621
410.22 0.00415435974886
410.23 0.00416323093892
410.24 0.00417484146575
410.25 0.00418916485131
410.26 0.00420616900593
410.27 0.00422581659269
410.28 0.00424806540677
410.29 0.00427286876631
410.3 0.00430017591122
410.31 0.00432993240615
410.32 0.00436208054437
410.33 0.00439655974857
410.34 0.00443330696548
410.35 0.00447225705066
410.36 0.00451334314027
410.37 0.00455649700664
410.38 0.0046016493948
410.39 0.00464873033701
410.4 0.00469766944289
410.41 0.00474839616279
410.42 0.00480084002231
410.43 0.00485493082624
410.44 0.00491059883045
410.45 0.00496777488055
410.46 0.00502639051637
410.47 0.00508637804193
410.48 0.00514767056053
410.49 0.00521020197519
410.5 0.00527390695492
410.51 0.00533872086769
410.52 0.00540457968119
410.53 0.00547141983286
410.54 0.00553917807117
410.55 0.00560779126996
410.56 0.00567719621856
410.57 0.00574732939012
410.58 0.00581812669117
410.59 0.00588952319549
410.6 0.00596145286573
410.61 0.0060338482661
410.62 0.00610664026999
410.63 0.00617975776606
410.64 0.00625312736678
410.65 0.00632667312321
410.66 0.00640031624985
410.67 0.00647397486355
410.68 0.00654756373999
410.69 0.00662099409172
410.7 0.00669417337096
410.71 0.00676700510083
410.72 0.00683938873787
410.73 0.00691121956904
410.74 0.00698238864556
410.75 0.00705278275627
410.76 0.00712228444224
410.77 0.0071907720545
410.78 0.00725811985617
410.79 0.00732419816991
410.8 0.0073888735713
410.81 0.0074520091282
410.82 0.00751346468592
410.83 0.00757309719748
410.84 0.00763076109787
410.85 0.00768630872076
410.86 0.00773959075593
410.87 0.00779045674485
410.88 0.00783875561203
410.89 0.00788433622899
410.9 0.00792704800744
410.91 0.00796674151821
410.92 0.00800326913184
410.93 0.00803648567673
410.94 0.0080662491105
410.95 0.00809242119991
410.96 0.00811486820483
410.97 0.00813346156122
410.98 0.00814807855855
410.99 0.00815860300655
411.0 0.00816492588671
411.01 0.00816694598347
411.02 0.00816457049072
411.03 0.00815771558883
411.04 0.00814630698813
411.05 0.00813028043445
411.06 0.00810958217308
411.07 0.00808416936743
411.08 0.00805401046919
411.09 0.00801908553703
411.1 0.00797938650135
411.11 0.00793491737274
411.12 0.00788569439264
411.13 0.00783174612464
411.14 0.0077731134855
411.15 0.00770984971556
411.16 0.00764202028833
411.17 0.00756970275962
411.18 0.00749298655716
411.19 0.00741197271174
411.2 0.00732677353158
411.21 0.00723751222201
411.22 0.00714432245264
411.23 0.00704734787498
411.24 0.00694674159331
411.25 0.00684266559242
411.26 0.00673529012554
411.27 0.00662479306659
411.28 0.00651135923051
411.29 0.00639517966615
411.3 0.00627645092587
411.31 0.00615537431648
411.32 0.00603215513578
411.33 0.00590700189956
411.34 0.00578012556328
411.35 0.00565173874317
411.36 0.00552205494104
411.37 0.00539128777706
411.38 0.0052596502349
411.39 0.00512735392296
411.4 0.00499460835581
411.41 0.00486162025911
411.42 0.00472859290177
411.43 0.00459572545807
411.44 0.00446321240294
411.45 0.00433124294267
411.46 0.00420000048351
411.47 0.00406966214004
411.48 0.00394039828494
411.49 0.00381237214154
411.5 0.00368573942016
411.51 0.00356064799889
411.52 0.00343723764935
411.53 0.0033156398074
411.54 0.00319597738865
411.55 0.00307836464836
411.56 0.00296290708496
411.57 0.0028497013862
411.58 0.00273883541675
411.59 0.00263038824579
411.6 0.00252443021301
411.61 0.0024210230311
411.62 0.00232021992297
411.63 0.00222206579136
411.64 0.00212659741879
411.65 0.00203384369547
411.66 0.00194382587279
411.67 0.00185655783994
411.68 0.00177204642116
411.69 0.00169029169113
411.7 0.00161128730605
411.71 0.00153502084788
411.72 0.00146147417922
411.73 0.00139062380668
411.74 0.00132244125012
411.75 0.0012568934157
411.76 0.00119394297058
411.77 0.00113354871704
411.78 0.0010756659643
411.79 0.00102024689607
411.8 0.000967240932078
411.81 0.000916595082136
411.82 0.000868254291166
411.83 0.000822161773916
411.84 0.000778259338171
411.85 0.000736487695408
411.86 0.000696786757966
411.87 0.000659095921956
411.88 0.000623354335242
411.89 0.000589501149953
411.9 0.000557475759118
411.91 0.000527218017119
411.92 0.000498668443768
411.93 0.000471768411913
411.94 0.000446460318593
411.95 0.000422687739821
411.96 0.000400395569189
411.97 0.000379530140534
411.98 0.000360039335003
411.99 0.000341872672887
412.0 0.000324981390668
412.01 0.000309318503773
412.02 0.000294838855544
412.03 0.000281499152997
412.04 0.000269257989963
412.05 0.000258075858215
412.06 0.000247915147211
412.07 0.000238740133107
412.08 0.00023051695768
412.09 0.00022321359782
412.1 0.000216799826242
412.11 0.00021124716408
412.12 0.000206528826
412.13 0.000202619658464
412.14 0.000199496071796
412.15 0.000197135966632
412.16 0.00019551865538
412.17 0.000194624779267
412.18 0.000194436221544
412.19 0.000194936017402
412.2 0.000196108261146
412.21 0.000197938011133
412.22 0.000200411193003
412.23 0.000203514501673
412.24 0.000207235302572
412.25 0.000211561532595
412.26 0.00021648160119
412.27 0.00022198429204
412.28 0.000228058665729
412.29 0.000234693963816
412.3 0.000241879514706
412.31 0.000249604641677
412.32 0.00025785857346
412.33 0.000266630357699
412.34 0.000275908777652
412.35 0.000285682272449
412.36 0.000295938861238
412.37 0.000306666071513
412.38 0.000317850871923
412.39 0.000329479609834
412.4 0.000341537953913
412.41 0.000354010841979
412.42 0.000366882434343
412.43 0.000380136072874
412.44 0.000393754245956
412.45 0.00040771855953
412.46 0.000422009714375
412.47 0.000436607489736
412.48 0.000451490733442
412.49 0.000466637358559
412.5 0.000482024346656
412.51 0.000497627757705
412.52 0.00051342274661
412.53 0.00052938358634
412.54 0.000545483697598
412.55 0.000561695684941
412.56 0.000577991379217
412.57 0.000594341886174
412.58 0.000610717641036
412.59 0.000627088468846
412.6 0.0006434236503
412.61 0.000659691992805
412.62 0.000675861906436
412.63 0.000691901484452
412.64 0.000707778587999
412.65 0.000723460934587
412.66 0.000738916189934
412.67 0.000754112062718
412.68 0.000769016401765
412.69 0.000783597295191
412.7 0.00079782317099
412.71 0.000811662898552
412.72 0.000825085890576
412.73 0.000838062204857
412.74 0.000850562645391
412.75 0.000862558862267
412.76 0.000874023449808
412.77 0.000884930042424
412.78 0.000895253407657
412.79 0.000904969535909
412.8 0.000914055726358
412.81 0.00092249066858
412.82 0.000930254519435
412.83 0.000937328974788
412.84 0.000943697335648
412.85 0.000949344568385
412.86 0.000954257358668
412.87 0.000958424158825
412.88 0.00096183522838
412.89 0.000964482667521
412.9 0.00096636044333
412.91 0.000967464408634
412.92 0.000967792313373
412.93 0.000967343808427
412.94 0.000966120441905
412.95 0.000964125647907
412.96 0.000961364727854
412.97 0.000957844824481
412.98 0.000953574888665
412.99 0.000948565639289
413.0 0.000942829516354
413.01 0.000936380627638
413.02 0.000929234689192
413.03 0.000921408960018
413.04 0.000912922171286
413.05 0.000903794450498
413.06 0.000894047241013
413.07 0.000883703217359
413.08 0.000872786196809
413.09 0.000861321047681
413.1 0.000849333594835
413.11 0.000836850522887
413.12 0.000823899277595
413.13 0.000810507965956
413.14 0.000796705255476
413.15 0.000782520273117
413.16 0.00076798250441
413.17 0.000753121693193
413.18 0.000737967742443
413.19 0.000722550616636
413.2 0.000706900246066
413.21 0.000691046433525
413.22 0.000675018763722
413.23 0.0006588465158
413.24 0.000642558579277
413.25 0.000626183373717
413.26 0.000609748772413
413.27 0.000593282030299
413.28 0.000576809716347
413.29 0.000560357650588
413.3 0.000543950845943
413.31 0.000527613454975
413.32 0.000511368721646
413.33 0.00049523893815
413.34 0.00047924540685
413.35 0.000463408407325
413.36 0.000447747168496
413.37 0.000432279845791
413.38 0.000417023503256
413.39 0.000401994100529
413.4 0.000387206484549
413.41 0.000372674385849
413.42 0.000358410419283
413.43 0.000344426089
413.44 0.00033073179747
413.45 0.000317336858364
413.46 0.000304249513054
413.47 0.000291476950509
413.48 0.000279025330358
413.49 0.000266899808857
413.5 0.000255104567529
413.51 0.000243642844218
413.52 0.000232516966303
413.53 0.000221728385821
413.54 0.000211277716255
413.55 0.000201164770732
413.56 0.000191388601388
413.57 0.000181947539676
413.58 0.000172839237374
413.59 0.00016406070808
413.6 0.000155608368977
413.61 0.000147478082668
413.62 0.000139665198895
413.63 0.000132164595945
413.64 0.000124970721588
413.65 0.000118077633385
413.66 0.000111479038222
413.67 0.000105168330923
413.68 9.91386318486e-05
413.69 9.33828233403e-05
413.7 8.789358494e-05
413.71 8.26634272834e-05
413.72 7.76847246036e-05
413.73 7.29497457814e-05
413.74 6.84506838929e-05
413.75 6.4179684216e-05
413.76 6.01288706683e-05
413.77 5.62903706556e-05
413.78 5.26563383256e-05
413.79 4.92189762225e-05
413.8 4.59705553543e-05
413.81 4.29034336856e-05
413.82 4.00100730797e-05
413.83 3.72830547201e-05
413.84 3.47150930445e-05
413.85 3.22990482326e-05
413.86 3.00279372925e-05
413.87 2.78949437947e-05
413.88 2.58934263054e-05
413.89 2.4016925575e-05
413.9 2.22591705399e-05
413.91 2.06140831957e-05
413.92 1.9075782405e-05
413.93 1.76385866999e-05
413.94 1.62970161431e-05
413.95 1.50457933086e-05
413.96 1.38798434472e-05
413.97 1.27942938955e-05
413.98 1.17844727918e-05
413.99 1.08459071572e-05
414.0 9.97432040188e-06
414.01 9.16562931132e-06
414.02 8.41594056952e-06
414.03 7.72154687083e-06
414.04 7.07892267196e-06
414.05 6.48471963262e-06
414.06 5.93576179119e-06
414.07 5.42904051952e-06
414.08 4.96170929836e-06
414.09 4.53107835269e-06
414.1 4.13460918357e-06
414.11 3.7699090311e-06
414.12 3.43472530017e-06
414.13 3.12693997901e-06
414.14 2.84456407765e-06
414.15 2.58573211175e-06
414.16 2.3486966549e-06
414.17 2.13182298056e-06
414.18 1.93358381299e-06
414.19 1.75255420467e-06
414.2 1.58740655625e-06
414.21 1.4369057933e-06
414.22 1.29990471305e-06
414.23 1.17533951289e-06
414.24 1.06222551136e-06
414.25 9.59653071508e-07
414.26 8.66783735599e-07
414.27 7.8284657954e-07
414.28 7.0713479499e-07
414.29 6.39002506674e-07
414.3 5.77861832349e-07
414.31 5.23180192765e-07
414.32 4.74477879171e-07
414.33 4.31325886165e-07
414.34 3.93344018139e-07
414.35 3.60199278202e-07
414.36 3.31604549176e-07
414.37 3.07317577204e-07
414.38 2.8714026956e-07
414.39 2.70918319468e-07
414.4 2.5854117208e-07
414.41 2.49942347316e-07
414.42 2.45100136873e-07
414.43 2.44038694541e-07
414.44 2.46829540883e-07
414.45 2.53593505394e-07
414.46 2.64503131479e-07
414.47 2.79785571842e-07
414.48 2.99726004381e-07
414.49 3.24671601148e-07
414.5 3.55036085589e-07
414.51 3.9130491598e-07
414.52 4.34041135746e-07
414.53 4.83891934152e-07
414.54 5.41595963755e-07
414.55 6.07991463818e-07
414.56 6.84025241798e-07
414.57 7.70762567797e-07
414.58 8.69398039654e-07
414.59 9.8126747898e-07
414.6 1.10786092101e-06
414.61 1.25083676346e-06
414.62 1.41203714173e-06
414.63 1.5935045997e-06
414.64 1.79750012698e-06
414.65 2.02652263452e-06
414.66 2.28332994165e-06
414.67 2.57096134749e-06
414.68 2.89276185992e-06
414.69 3.25240815421e-06
414.7 3.65393633201e-06
414.71 4.10177154927e-06
414.72 4.60075957854e-06
414.73 5.15620036721e-06
414.74 5.77388364841e-06
414.75 6.46012665526e-06
414.76 7.22181398233e-06
414.77 8.06643962962e-06
414.78 9.00215125517e-06
414.79 1.00377966514e-05
414.8 1.11829724478e-05
414.81 1.24480750296e-05
414.82 1.3844353646e-05
414.83 1.53839656643e-05
414.84 1.70800339103e-05
414.85 1.8946706011e-05
414.86 2.09992156385e-05
414.87 2.32539455265e-05
414.88 2.57284921087e-05
414.89 2.84417315999e-05
414.9 3.14138873118e-05
414.91 3.46665979681e-05
414.92 3.82229867494e-05
414.93 4.2107730766e-05
414.94 4.63471306253e-05
414.95 5.09691797213e-05
414.96 5.60036328416e-05
414.97 6.14820736477e-05
414.98 6.74379805491e-05
414.99 7.39067904535e-05
415.0 8.09259598379e-05
415.01 8.85350225489e-05
415.02 9.67756437041e-05
415.03 0.000105691669032
415.04 0.00011532916895
415.05 0.000125736476659
415.06 0.000136964219487
415.07 0.000149065342704
415.08 0.000162095124995
415.09 0.000176111184767
415.1 0.000191173476441
415.11 0.000207344275876
415.12 0.000224688154073
415.13 0.00024327193828
415.14 0.000263164659663
415.15 0.000284437486696
415.16 0.000307163643439
415.17 0.000331418311929
415.18 0.000357278517913
415.19 0.000384822999214
415.2 0.000414132056073
415.21 0.000445287382867
415.22 0.000478371880661
415.23 0.000513469450178
415.24 0.000550664764791
415.25 0.000590043023303
415.26 0.000631689682354
415.27 0.000675690168415
415.28 0.000722129569468
415.29 0.000771092306587
415.3 0.000822661785792
415.31 0.000876920030688
415.32 0.000933947296555
415.33 0.000993821666723
415.34 0.00105661863223
415.35 0.00112241065595
415.36 0.00119126672243
415.37 0.00126325187516
415.38 0.0013384267427
415.39 0.00141684705573
415.4 0.00149856315696
415.41 0.00158361950612
415.42 0.00167205418237
415.43 0.00176389838666
415.44 0.00185917594671
415.45 0.0019579028273
415.46 0.00206008664899
415.47 0.00216572621798
415.48 0.0022748110705
415.49 0.00238732103476
415.5 0.00250322581371
415.51 0.00262248459192
415.52 0.00274504566983
415.53 0.00287084612864
415.54 0.00299981152911
415.55 0.00313185564744
415.56 0.00326688025135
415.57 0.00340477491927
415.58 0.00354541690562
415.59 0.00368867105481
415.6 0.00383438976645
415.61 0.00398241301419
415.62 0.00413256842004
415.63 0.00428467138618
415.64 0.00443852528571
415.65 0.00459392171346
415.66 0.00475064079793
415.67 0.00490845157466
415.68 0.00506711242146
415.69 0.00522637155516
415.7 0.00538596758931
415.71 0.00554563015187
415.72 0.00570508056161
415.73 0.00586403256126
415.74 0.00602219310536
415.75 0.00617926320028
415.76 0.00633493879323
415.77 0.00648891170714
415.78 0.0066408706175
415.79 0.00679050206726
415.8 0.00693749151514
415.81 0.00708152441291
415.82 0.00722228730636
415.83 0.00735946895493
415.84 0.00749276146432
415.85 0.00762186142651
415.86 0.00774647106134
415.87 0.00786629935367
415.88 0.00798106318005
415.89 0.00809048841898
415.9 0.00819431103846
415.91 0.00829227815504
415.92 0.00838414905833
415.93 0.0084696961951
415.94 0.00854870610755
415.95 0.00862098032015
415.96 0.00868633616994
415.97 0.00874460757555
415.98 0.00879564574024
415.99 0.00883931978489
416.0 0.0088755173072
416.01 0.00890414486364
416.02 0.00892512837138
416.03 0.00893841342773
416.04 0.00894396554515
416.05 0.00894177030038
416.06 0.00893183339694
416.07 0.00891418064038
416.08 0.00888885782663
416.09 0.00885593054407
416.1 0.00881548389047
416.11 0.00876762210654
416.12 0.00871246812833
416.13 0.0086501630611
416.14 0.00858086557793
416.15 0.00850475124647
416.16 0.00842201178805
416.17 0.00833285427331
416.18 0.00823750025925
416.19 0.00813618487265
416.2 0.00802915584508
416.21 0.00791667250525
416.22 0.00779900473417
416.23 0.00767643188927
416.24 0.00754924170318
416.25 0.00741772916346
416.26 0.00728219537924
416.27 0.00714294644079
416.28 0.00700029227815
416.29 0.00685454552455
416.3 0.00670602039052
416.31 0.0065550315541
416.32 0.00640189307276
416.33 0.00624691732186
416.34 0.00609041396472
416.35 0.0059326889588
416.36 0.00577404360216
416.37 0.00561477362408
416.38 0.00545516832346
416.39 0.00529550975805
416.4 0.00513607198724
416.41 0.00497712037088
416.42 0.00481891092592
416.43 0.00466168974259
416.44 0.00450569246111
416.45 0.0043511438098
416.46 0.00419825720489
416.47 0.00404723441196
416.48 0.00389826526877
416.49 0.00375152746862
416.5 0.00360718640313
416.51 0.00346539506324
416.52 0.00332629399653
416.53 0.0031900113191
416.54 0.00305666277959
416.55 0.0029263518732
416.56 0.00279917000279
416.57 0.00267519668452
416.58 0.0025544997949
416.59 0.00243713585632
416.6 0.00232315035788
416.61 0.00221257810823
416.62 0.00210544361722
416.63 0.00200176150316
416.64 0.00190153692215
416.65 0.00180476601658
416.66 0.00171143637928
416.67 0.00162152753036
416.68 0.00153501140368
416.69 0.00145185283988
416.7 0.00137201008319
416.71 0.00129543527943
416.72 0.00122207497237
416.73 0.00115187059628
416.74 0.00108475896221
416.75 0.00102067273602
416.76 0.000959540906186
416.77 0.000901289239607
416.78 0.000845840723815
416.79 0.000793115994219
416.8 0.00074303374511
416.81 0.00069551112335
416.82 0.000650464103869
416.83 0.000607807846211
416.84 0.00056745703155
416.85 0.000529326179761
416.86 0.000493329946248
416.87 0.000459383398379
416.88 0.000427402271534
416.89 0.000397303204835
416.9 0.000369003956805
416.91 0.000342423601245
416.92 0.000317482703765
416.93 0.00029410347944
416.94 0.000272209932183
416.95 0.000251727976446
416.96 0.000232585541963
416.97 0.000214712662257
416.98 0.000198041547702
416.99 0.000182506643935
417.0 0.000168044676472
417.01 0.000154594682354
417.02 0.000142098029698
417.03 0.000130498426005
417.04 0.000119741916092
417.05 0.000109776870483
417.06 0.000100553965109
417.07 9.2026153126e-05
417.08 8.41486296509e-05
417.09 7.68787901805e-05
417.1 7.01761834423e-05
417.11 6.4002459383e-05
417.12 5.83213129742e-05
417.13 5.30984244795e-05
417.14 4.83013967895e-05
417.15 4.38996903968e-05
417.16 3.98645565432e-05
417.17 3.61689690369e-05
417.18 3.27875551974e-05
417.19 2.9696526351e-05
417.2 2.68736082625e-05
417.21 2.42979718521e-05
417.22 2.19501645147e-05
417.23 1.98120423235e-05
417.24 1.78667033667e-05
417.25 1.60984224395e-05
417.26 1.44925872801e-05
417.27 1.30356365129e-05
417.28 1.17149994368e-05
417.29 1.05190377715e-05
417.3 9.43698945112e-06
417.31 8.45891453576e-06
417.32 7.57564329065e-06
417.33 6.77872646575e-06
417.34 6.06038779237e-06
417.35 5.41347869903e-06
417.36 4.83143523583e-06
417.37 4.30823718499e-06
417.38 3.83836932523e-06
417.39 3.41678480851e-06
417.4 3.03887060033e-06
417.41 2.70041492812e-06
417.42 2.39757667682e-06
417.43 2.12685666637e-06
417.44 1.8850707423e-06
417.45 1.66932460805e-06
417.46 1.47699032543e-06
417.47 1.30568440878e-06
417.48 1.15324743763e-06
417.49 1.01772511258e-06
417.5 8.97350679651e-07
417.51 7.90528649356e-07
417.52 6.95819737731e-07
417.53 6.11926958487e-07
417.54 5.37682797079e-07
417.55 4.72037399682e-07
417.56 4.14047712335e-07
417.57 3.62867507928e-07
417.58 3.17738241242e-07
417.59 2.77980674878e-07
417.6 2.42987221577e-07
417.61 2.122149511e-07
417.62 1.85179212565e-07
417.63 1.61447825771e-07
417.64 1.4063579771e-07
417.65 1.22400523038e-07
417.66 1.06437429793e-07
417.67 9.24760341232e-08
417.68 8.02763701466e-08
417.69 6.96257633288e-08
417.7 6.03359179884e-08
417.71 5.22402916031e-08
417.72 4.51917305941e-08
417.73 3.90603441559e-08
417.74 3.37315944898e-08
417.75 2.9104583486e-08
417.76 2.50905174942e-08
417.77 2.16113333129e-08
417.78 1.8598469927e-08
417.79 1.59917718281e-08
417.8 1.37385109713e-08
417.81 1.17925155526e-08
417.82 1.011339484e-08
417.83 8.66585026684e-09
417.84 7.41906389062e-09
417.85 6.34615615021e-09
417.86 5.42370561683e-09
417.87 4.63132413293e-09
417.88 3.95128137536e-09
417.89 3.36817346612e-09
417.9 2.8686307903e-09
417.91 2.44106066969e-09
417.92 2.0754209856e-09
417.93 1.76302124872e-09
417.94 1.49634798107e-09
417.95 1.26891160669e-09
417.96 1.07511234889e-09
417.97 9.10122902425e-10
417.98 7.69785893916e-10
417.99 6.5052436346e-10
418.0 5.49263698357e-10
418.01 4.63363627064e-10
418.02 3.90559040495e-10
418.03 3.28908549918e-10
418.04 2.76749817688e-10
418.05 2.32660810343e-10
418.06 1.95426224488e-10
418.07 1.64008425648e-10
418.08 1.37522319969e-10
418.09 1.15213649395e-10
418.1 9.644026356e-11
418.11 8.06559770539e-11
418.12 6.73966696865e-11
418.13 5.62683305371e-11
418.14 4.69367846502e-11
418.15 3.91188747103e-11
418.16 3.25748994553e-11
418.17 2.71021364139e-11
418.18 2.2529299184e-11
418.19 1.8711799289e-11
418.2 1.55276999693e-11
418.21 1.28742643963e-11
418.22 1.06650139887e-11
418.23 8.82722400092e-12
418.24 7.29979355391e-12
418.25 6.03143596048e-12
418.26 4.97914273906e-12
418.27 4.10688124177e-12
418.28 3.38449147986e-12
418.29 2.78675262055e-12
418.3 2.29259385368e-12
418.31 1.88442797044e-12
418.32 1.5475891362e-12
418.33 1.26985904133e-12
418.34 1.04106793663e-12
418.35 8.52759053991e-13
418.36 6.97906623017e-13
418.37 5.70679159351e-13
418.38 4.66240953684e-13
418.39 3.8058576162e-13
418.4 3.10397608952e-13
418.41 2.52934406568e-13
418.42 2.05930733261e-13
418.43 1.67516709645e-13
418.44 1.36150366474e-13
418.45 1.10561318134e-13
418.46 8.9703897614e-14
418.47 7.27182019064e-14
418.48 5.88977443023e-14
418.49 4.76626193107e-14
418.5 3.85372624865e-14
418.51 3.11320363789e-14
418.52 2.51279992221e-14
418.53 2.0264318517e-14
418.54 1.63278803346e-14
418.55 1.31447196224e-14
418.56 1.05729592342e-14
418.57 8.49699770443e-15
418.58 6.82272955402e-15
418.59 5.473618502e-15
418.6 4.38747450215e-15
418.61 3.51381100598e-15
418.62 2.81168008318e-15
418.63 2.24790070112e-15
418.64 1.79561015768e-15
418.65 1.43308086361e-15
418.66 1.14275479568e-15
418.67 9.10456332245e-16
418.68 7.24751130652e-16
418.69 5.76424451285e-16
418.7 4.58057080378e-16
418.71 3.63680921565e-16
418.72 2.88499556368e-16
418.73 2.28661734226e-16
418.74 1.81077941493e-16
418.75 1.43271997894e-16
418.76 1.1326110591e-16
418.77 8.94589901129e-17
418.78 7.05977560158e-17
418.79 5.56649105261e-17
418.8 4.38526503443e-17
418.81 3.45170673148e-17
418.82 2.71453624832e-17
418.83 2.13295215473e-17
418.84 1.67451982859e-17
418.85 1.31347916409e-17
418.86 1.02938964157e-17
418.87 8.06046528956e-18
418.88 6.30614776696e-18
418.89 4.92937532029e-18
418.9 3.84984586608e-18
418.91 3.00412853611e-18
418.92 2.34216448618e-18
418.93 1.82448368843e-18
418.94 1.4199932857e-18
418.95 1.10422178061e-18
418.96 8.57926416029e-19
418.97 6.65989655637e-19
418.98 5.16545567921e-19
418.99 4.00288863765e-19
419.0 3.09928910031e-19
419.01 2.39758703987e-19
419.02 1.8531492079e-19
419.03 1.43110041209e-19
419.04 1.1042147338e-19
419.05 8.51256970611e-20
419.06 6.55679396783e-20
419.07 5.04598674839e-20
419.08 3.87993443408e-20
419.09 2.98075567948e-20
419.1 2.28797927453e-20
419.11 1.75469445881e-20
419.12 1.34454281305e-20
419.13 1.02936993394e-20
419.14 7.87393880404e-21
419.15 6.01777995919e-21
419.16 4.59519858711e-21
419.17 3.50587137313e-21
419.18 2.67246104997e-21
419.19 2.03540343357e-21
419.2 1.54886417192e-21
419.21 1.1776056411e-21
419.22 8.94561356482e-22
419.23 6.78959863769e-22
419.24 5.14874974077e-22
419.25 3.9010649105e-22
419.26 2.95316887661e-22
419.27 2.23366017658e-22
419.28 1.68798907878e-22
419.29 1.27451771429e-22
419.3 9.61492347684e-23
419.31 7.24718755274e-23
419.32 5.45779076146e-23
419.33 4.1066526942e-23
419.34 3.08732807033e-23
419.35 2.31900294529e-23
419.36 1.74037778596e-23
419.37 1.30499688492e-23
419.38 9.77685402987e-24
419.39 7.31833860893e-24
419.4 5.47330413123e-24
419.41 4.0898782006e-24
419.42 3.05347860101e-24
419.43 2.27773449741e-24
419.44 1.6975986869e-24
419.45 1.26412690382e-24
419.46 9.40524321121e-25
419.47 6.99154406511e-25
419.48 5.1927794853e-25
419.49 3.85345573082e-25
419.5 2.85709433656e-25
419.51 2.11652059623e-25
419.52 1.5665495286e-25
419.53 1.15848248996e-25
419.54 8.55969973188e-26
419.55 6.31904282933e-26
419.56 4.66087848192e-26
419.57 3.43485156423e-26
419.58 2.52913423411e-26
419.59 1.86062777173e-26
419.6 1.36763696392e-26
419.61 1.00439808031e-26
419.62 7.36995150652e-27
419.63 5.40315092849e-27
419.64 3.95779486161e-27
419.65 2.89656430265e-27
419.66 2.11805279109e-27
419.67 1.54744099913e-27
419.68 1.12957515244e-27
419.69 8.23834308861e-28
419.7 6.0032762792e-28
419.71 4.37079562288e-28
419.72 3.17948207436e-28
419.73 2.31087244815e-28
419.74 1.678105578e-28
419.75 1.2175485837e-28
419.76 8.82626639437e-29
419.77 6.39280526067e-29
419.78 4.6262556809e-29
419.79 3.34496440216e-29
419.8 2.41644592869e-29
419.81 1.74416021375e-29
419.82 1.25782256592e-29
419.83 9.0630859947e-30
419.84 6.52463966824e-30
419.85 4.69310937863e-30
419.86 3.37278402739e-30
419.87 2.4218101856e-30
419.88 1.73746227167e-30
419.89 1.24541581617e-30
419.9 8.91942962388e-31
419.91 6.38239240424e-31
419.92 4.56303325142e-31
419.93 3.25947367244e-31
419.94 2.32629632143e-31
419.95 1.65884688996e-31
419.96 1.18187428745e-31
419.97 8.41317607854e-32
419.98 5.98373545446e-32
419.99 4.25214928871e-32
420.0 3.01903630252e-32
420.01 2.14166667628e-32
420.02 1.51795583431e-32
420.03 1.074954556e-32
420.04 7.60579798753e-33
420.05 5.37679130691e-33
420.06 3.7977405063e-33
420.07 2.68010066046e-33
420.08 1.88973382747e-33
420.09 1.33129371379e-33
420.1 9.37067418461e-34
420.11 6.59009244552e-34
420.12 4.63058529678e-34
420.13 3.25090278463e-34
420.14 2.28031996178e-34
420.15 1.59812707081e-34
420.16 1.1190527007e-34
420.17 7.82912962732e-35
420.18 5.47268107915e-35
420.19 3.82217448852e-35
420.2 2.66713249724e-35
420.21 1.8595265568e-35
420.22 1.295340343e-35
420.23 9.01548532553e-36
420.24 6.26928542197e-36
420.25 4.35582764145e-36
420.26 3.02375808896e-36
420.27 2.09723507441e-36
420.28 1.45335227214e-36
420.29 1.00627895032e-36
420.3 6.96128788938e-37
420.31 4.81154457868e-37
420.32 3.32279191841e-37
420.33 2.29269080747e-37
420.34 1.58056203624e-37
420.35 1.08868268448e-37
420.36 7.49229376365e-38
420.37 5.15171692321e-38
420.38 3.53926350628e-38
420.39 2.42939155379e-38
420.4 1.66611835531e-38
420.41 1.14166291289e-38
420.42 7.81616375924e-39
420.43 5.34654367781e-39
420.44 3.65406527182e-39
420.45 2.49518755131e-39
420.46 1.70236939017e-39
420.47 1.16045451075e-39
420.48 7.90362184169e-40
420.49 5.37833558675e-40
420.5 3.65673386458e-40
420.51 2.48406252475e-40
420.52 1.68599159308e-40
420.53 1.1433310527e-40
420.54 7.74662094608e-41
420.55 5.24416472713e-41
420.56 3.547023427e-41
420.57 2.3970412136e-41
420.58 1.61849237591e-41
420.59 1.09186646435e-41
420.6 7.35956438484e-42
420.61 4.95630932899e-42
420.62 3.33494295947e-42
420.63 2.24203366553e-42
420.64 1.50598123807e-42
420.65 1.01069636947e-42
420.66 6.77712603768e-43
420.67 4.54040017621e-43
420.68 3.03924991838e-43
420.69 2.03264908137e-43
420.7 1.3582575098e-43
420.71 9.06829279931e-44
420.72 6.04912649367e-44
420.73 4.03165638604e-44
420.74 2.68471424662e-44
420.75 1.78622571299e-44
420.76 1.18740348354e-44
420.77 7.88649465113e-45
420.78 5.23351435832e-45
420.79 3.46997654652e-45
420.8 2.29870569261e-45
420.81 1.52147182976e-45
420.82 1.00616260583e-45
420.83 6.64807854879e-46
420.84 4.38882055265e-46
420.85 2.89483102508e-46
420.86 1.90775379188e-46
420.87 1.25616053473e-46
420.88 8.26402603752e-47
420.89 5.43202701707e-47
420.9 3.5674334346e-47
420.91 2.3408497976e-47
420.92 1.53466973922e-47
420.93 1.00526375492e-47
420.94 6.5791355038e-48
420.95 4.3021084161e-48
420.96 2.81071999197e-48
420.97 1.83475266512e-48
420.98 1.19663357548e-48
420.99 7.79773646889e-49
421.0 5.07691200107e-49
421.01 3.30258824145e-49
421.02 2.14651010507e-49
421.03 1.39391135804e-49
421.04 9.04401114634e-50
421.05 5.86287633118e-50
421.06 3.79738027807e-50
421.07 2.45743002437e-50
421.08 1.58891967272e-50
421.09 1.02647041526e-50
421.1 6.62543875587e-51
421.11 4.27274095405e-51
421.12 2.75310132526e-51
421.13 1.77239917853e-51
421.14 1.14005183295e-51
421.15 7.32674989512e-52
421.16 4.70459073421e-52
421.17 3.01825579751e-52
421.18 1.93470142094e-52
421.19 1.23906922442e-52
421.2 7.92868022311e-53
421.21 5.06908935776e-53
421.22 3.23804368922e-53
421.23 2.06661308007e-53
421.24 1.31782989701e-53
421.25 8.39620919413e-54
421.26 5.34479260413e-54
421.27 3.39939927505e-54
421.28 2.16021615523e-54
421.29 1.37156361101e-54
421.3 8.70078448533e-55
421.31 5.51473415054e-55
421.32 3.4923234762e-55
421.33 2.20967324944e-55
421.34 1.39690015423e-55
421.35 8.82320530863e-56
421.36 5.56815244942e-56
421.37 3.51090891041e-56
421.38 2.21182987217e-56
421.39 1.39221910425e-56
421.4 8.75562537361e-57
421.41 5.50161842644e-57
421.42 3.45396134744e-57
421.43 2.16654738949e-57
421.44 1.35782132518e-57
421.45 8.50238506661e-58
421.46 5.31939973381e-58
421.47 3.32512669057e-58
421.48 2.07671777098e-58
421.49 1.29589696895e-58
421.5 8.07955015733e-59
421.51 5.03300777348e-59
421.52 3.1325047158e-59
421.53 1.94795795281e-59
421.54 1.21029471149e-59
421.55 7.51322518138e-60
421.56 4.65999432442e-60
421.57 2.88780645338e-60
421.58 1.78802871834e-60
421.59 1.10612602298e-60
421.6 6.8368876323e-61
421.61 4.22217263811e-61
421.62 2.60517705402e-61
421.63 1.60606165804e-61
421.64 9.89261019351e-62
421.65 6.08812122548e-62
421.66 3.74351345846e-62
421.67 2.29984844925e-62
421.68 1.41170109343e-62
421.69 8.65784877877e-63
421.7 5.30519013515e-63
421.71 3.24799702894e-63
421.72 1.98679933389e-63
421.73 1.21427233534e-63
421.74 7.41484211632e-64
421.75 4.5238836629e-64
421.76 2.75768502275e-64
421.77 1.67958352256e-64
421.78 1.02207381685e-64
421.79 6.21422012007e-65
421.8 3.77498052296e-65
421.81 2.2912185154e-65
421.82 1.38944710317e-65
421.83 8.41862641376e-66
421.84 5.09640778106e-66
421.85 3.08255486461e-66
421.86 1.86286409683e-66
421.87 1.1247998314e-66
421.88 6.78567452832e-67
421.89 4.09010559192e-67
421.9 2.46320029323e-67
421.91 1.48213801869e-67
421.92 8.91048370114e-68
421.93 5.35226521187e-68
421.94 3.21216379451e-68
421.95 1.92611162638e-68
421.96 1.15395516478e-68
421.97 6.90748786027e-69
421.98 4.13118874962e-69
421.99 2.46861667333e-69
422.0 1.473859179e-69
422.01 8.79188574508e-70
422.02 5.24000610725e-70
422.03 3.12036403223e-70
422.04 1.85653202782e-70
422.05 1.10362960234e-70
422.06 6.55492834411e-71
422.07 3.88988058004e-71
422.08 2.30636639345e-71
422.09 1.36629363879e-71
422.1 8.08692664945e-72
422.11 4.78240854956e-72
422.12 2.82574883173e-72
422.13 1.66818476981e-72
422.14 9.83962301161e-73
422.15 5.79877796096e-73
422.16 3.41442998994e-73
422.17 2.00873967485e-73
422.18 1.18073602793e-73
422.19 6.93434883613e-74
422.2 4.06894920142e-74
422.21 2.38551725984e-74
422.22 1.39735441303e-74
422.23 8.17813529473e-75
422.24 4.78217785161e-75
422.25 2.79396440496e-75
422.26 1.63094654327e-75
422.27 9.51222899497e-76
422.28 5.54304723635e-76
422.29 3.22729432853e-76
422.3 1.87738041303e-76
422.31 1.09116317981e-76
422.32 6.33652037203e-77
422.33 3.67650940013e-77
422.34 2.13129829966e-77
422.35 1.23445854068e-77
422.36 7.14385270465e-78
422.37 4.1305909269e-78
422.38 2.38624809405e-78
422.39 1.37734493025e-78
422.4 7.94316433283e-79
422.41 4.57686489754e-79
422.42 2.63491342764e-79
422.43 1.51561299731e-79
422.44 8.7103178608e-80
422.45 5.00153599956e-80
422.46 2.86943576358e-80
422.47 1.64480087068e-80
422.48 9.42006414386e-81
422.49 5.39036415133e-81
422.5 3.08181144161e-81
422.51 1.76042583561e-81
422.52 1.00473866734e-81
422.53 5.72944047481e-82
422.54 3.2643372405e-82
422.55 1.85823886876e-82
422.56 1.05689482845e-82
422.57 6.00600539827e-83
422.58 3.4100706443e-83
422.59 1.934482238e-83
422.6 1.0964525183e-83
422.61 6.20924254796e-84
422.62 3.513266808e-84
422.63 1.98612854437e-84
422.64 1.12183061025e-84
422.65 6.330979852e-85
422.66 3.56975400347e-85
422.67 2.01108005903e-85
422.68 1.13199404629e-85
422.69 6.36623459281e-86
422.7 3.57721337657e-86
422.71 2.00831007294e-86
422.72 1.12652387266e-86
422.73 6.31355175529e-87
422.74 3.53533687318e-87
422.75 1.97793298658e-87
422.76 1.10564589127e-87
422.77 6.17510365222e-88
422.78 3.44584834504e-88
422.79 1.92119647146e-88
422.8 1.07021519622e-88
422.81 5.95654132052e-89
422.82 3.3123858203e-89
422.83 1.84039645206e-89
422.84 1.02165807133e-89
422.85 5.66661185556e-90
422.86 3.14025614358e-90
422.87 1.73872298167e-90
422.88 9.61876750446e-91
422.89 5.3165777947e-91
422.9 2.93608504608e-91
422.91 1.62005142941e-91
422.92 8.93125901991e-92
422.93 4.9194922452e-92
422.94 2.70739478717e-92
422.95 1.48869801389e-92
422.96 8.17872003313e-93
422.97 4.48939468063e-93
422.98 2.46214681437e-93
422.99 1.34916111721e-93
423.0 7.38647784344e-94
423.01 4.04049612935e-94
423.02 2.20828795278e-94
423.03 1.20586981403e-94
423.04 6.57913589347e-95
423.05 3.58641880112e-95
423.06 1.95333557955e-95
423.07 1.06295879913e-95
423.08 5.77935955713e-96
423.09 3.13954498451e-96
423.1 1.70403071385e-96
423.11 9.24084826115e-97
423.12 5.00691215831e-97
423.13 2.71051501769e-97
423.14 1.46607901025e-97
423.15 7.92294510204e-98
423.16 4.2779886688e-98
423.17 2.30789648446e-98
423.18 1.24398955484e-98
423.19 6.69947629114e-99
423.2 3.60486236416e-99
423.21 1.93802883073e-99
423.22 1.04101141497e-99
423.23 5.58694585423e-100
423.24 2.9958298635e-100
423.25 1.60503143057e-100
423.26 8.5915920932e-101
423.27 4.59502068137e-101
423.28 2.45541556013e-101
423.29 1.31095036688e-101
423.3 6.99312365564e-102
423.31 3.72717580721e-102
423.32 1.98477948231e-102
423.33 1.05601079447e-102
423.34 5.61368663344e-103
423.35 2.98161583774e-103
423.36 1.58226390128e-103
423.37 8.38937998803e-104
423.38 4.44431183976e-104
423.39 2.35235517345e-104
423.4 1.24401317023e-104
423.41 6.57310809058e-105
423.42 3.47008635332e-105
423.43 1.83034730117e-105
423.44 9.64607060757e-106
423.45 5.07915050979e-106
423.46 2.67211681998e-106
423.47 1.40457039935e-106
423.48 7.37658404656e-107
423.49 3.87071139389e-107
423.5 2.02931749386e-107
423.51 1.06299915706e-107
423.52 5.56339061457e-108
423.53 2.90917535244e-108
423.54 1.5199312975e-108
423.55 7.93417414997e-109
423.56 4.13812125449e-109
423.57 2.15639545624e-109
423.58 1.12273514212e-109
423.59 5.84049877802e-110
423.6 3.03561206905e-110
423.61 1.57639960283e-110
423.62 8.17918582628e-111
423.63 4.24011412639e-111
423.64 2.19618403234e-111
423.65 1.13653712252e-111
423.66 5.87654727203e-112
423.67 3.03587967791e-112
423.68 1.56700574428e-112
423.69 8.08128334987e-113
423.7 4.16402945553e-113
423.71 2.14373433547e-113
423.72 1.1026859664e-113
423.73 5.66704215826e-114
423.74 2.90994480819e-114
423.75 1.49292081419e-114
423.76 7.65266155082e-115
423.77 3.91933108975e-115
423.78 2.00555746856e-115
423.79 1.02537324703e-115
423.8 5.23784407298e-116
423.81 2.67329484965e-116
423.82 1.36321661362e-116
423.83 6.94554918768e-117
423.84 3.53567245278e-117
423.85 1.79829596958e-117
423.86 9.13848134239e-118
423.87 4.639921153e-118
423.88 2.35380718478e-118
423.89 1.19303965771e-118
423.9 6.04174774763e-119
423.91 3.05698994283e-119
423.92 1.54542930612e-119
423.93 7.80598998346e-120
423.94 3.93940424249e-120
423.95 1.98635477816e-120
423.96 1.00070668968e-120
423.97 5.0370991453e-121
423.98 2.53324916286e-121
423.99 1.27291390005e-121
424.0 6.39063277798e-122
424.01 3.20562272913e-122
424.02 1.60658854982e-122
424.03 8.04489978689e-123
424.04 4.02494844807e-123
424.05 2.01198027384e-123
424.06 1.00487218975e-123
424.07 5.01443086868e-124
424.08 2.50009310286e-124
424.09 1.2454159637e-124
424.1 6.19863960669e-125
424.11 3.0824927095e-125
424.12 1.53155092458e-125
424.13 7.60299207923e-126
424.14 3.77104180356e-126
424.15 1.86879588009e-126
424.16 9.25307541368e-127
424.17 4.57756002619e-127
424.18 2.26258918408e-127
424.19 1.11738047424e-127
424.2 5.51340837653e-128
424.21 2.71808452513e-128
424.22 1.33884242814e-128
424.23 6.58900273841e-129
424.24 3.23991503948e-129
424.25 1.59173684063e-129
424.26 7.81326630454e-130
424.27 3.83193115775e-130
424.28 1.8777011921e-130
424.29 9.19303637005e-131
424.3 4.49692026463e-131
424.31 2.19783511788e-131
424.32 1.07324467473e-131
424.33 5.2363189083e-132
424.34 2.55256698302e-132
424.35 1.24323125197e-132
424.36 6.04993073657e-133
424.37 2.94152537353e-133
424.38 1.42895485328e-133
424.39 6.93566533667e-134
424.4 3.36342279367e-134
424.41 1.62966564174e-134
424.42 7.88931448449e-135
424.43 3.81595934992e-135
424.44 1.84413165872e-135
424.45 8.90438275645e-136
424.46 4.29575425411e-136
424.47 2.07061211284e-136
424.48 9.97198884844e-137
424.49 4.79831251883e-137
424.5 2.30684805332e-137
424.51 1.10808521687e-137
424.52 5.31803320728e-138
424.53 2.55007316615e-138
424.54 1.2217376292e-138
424.55 5.8482640343e-139
424.56 2.79704662368e-139
424.57 1.33658367421e-139
424.58 6.38140504094e-140
424.59 3.04410888387e-140
424.6 1.45086754698e-140
424.61 6.90906157126e-141
424.62 3.28726012703e-141
424.63 1.5626898577e-141
424.64 7.42224400259e-142
424.65 3.52225970125e-142
424.66 1.67005676486e-142
424.67 7.91160879331e-143
424.68 3.74474361115e-143
424.69 1.77093689122e-143
424.7 8.36773261282e-144
424.71 3.95035582037e-144
424.72 1.86332387913e-144
424.73 8.78140881796e-145
424.74 4.13488804509e-145
424.75 1.94530197083e-145
424.76 9.14395354177e-146
424.77 4.29442188527e-146
424.78 2.01511166237e-146
424.79 9.44750734134e-147
424.8 4.42546664861e-147
424.81 2.0712123106e-147
424.82 9.68531784977e-148
424.83 4.52508612476e-148
424.84 2.11233859177e-148
424.85 9.85198926951e-149
424.86 4.59100789135e-149
424.87 2.13754792625e-149
424.88 9.94368584516e-150
424.89 4.62170947289e-150
424.9 2.146256388e-150
424.91 9.95827860409e-151
424.92 4.61647679158e-151
424.93 2.13826118881e-151
424.94 9.89542752614e-152
424.95 4.57543177659e-152
424.96 2.11374852827e-152
424.97 9.75659471386e-153
424.98 4.49952764108e-153
424.99 2.0732863851e-153
425.0 9.54498785105e-154
425.01 4.39051208253e-154
425.02 2.01780263975e-154
425.03 9.26543700278e-155
425.04 4.25086039007e-155
425.05 1.9485497047e-155
425.06 8.92421136425e-156
425.07 4.08368203406e-156
425.08 1.86705754519e-156
425.09 8.52878566572e-157
425.1 3.89260565895e-157
425.11 1.77507755025e-157
425.12 8.08756838094e-158
425.13 3.6816484146e-158
425.14 1.67452012613e-158
425.15 7.60960551729e-159
425.16 3.45507618247e-159
425.17 1.56738910828e-159
425.18 7.10427450268e-160
425.19 3.21726145338e-160
425.2 1.45571611565e-160
425.21 6.58098251216e-161
425.22 2.97254539782e-161
425.23 1.34149780952e-161
425.24 6.04888255295e-162
425.25 2.7251100728e-162
425.26 1.22663868856e-162
425.27 5.51661886439e-163
425.28 2.47886579323e-163
425.29 1.11290158613e-163
425.3 4.99211085491e-164
425.31 2.2373575436e-164
425.32 1.00186747321e-164
425.33 4.48238208641e-165
425.34 2.00369301037e-165
425.35 8.94905557422e-166
425.36 3.9934379382e-166
425.37 1.78049347467e-166
425.38 7.93154049265e-167
425.39 3.53019274165e-167
425.4 1.56986751249e-167
425.41 6.97511382263e-168
425.42 3.09644455843e-168
425.43 1.37340628452e-168
425.44 6.0863716046e-169
425.45 2.69489352981e-169
425.46 1.19219822568e-169
425.47 5.2696168981e-170
425.48 2.32719796e-170
425.49 1.02686020734e-170
425.5 4.52702647098e-171
425.51 1.99406107493e-171
425.52 8.77581764624e-172
425.53 3.85887257095e-172
425.54 1.69534073368e-172
425.55 7.44178757299e-173
425.56 3.26378282988e-173
425.57 1.43017423671e-173
425.58 6.26152847407e-174
425.59 2.73902175607e-174
425.6 1.19711071037e-174
425.61 5.22753396692e-175
425.62 2.28077856587e-175
425.63 9.94244265928e-176
425.64 4.33038768997e-176
425.65 1.88444808093e-176
425.66 8.19342129157e-177
425.67 3.55934518723e-177
425.68 1.54489384433e-177
425.69 6.69963109798e-178
425.7 2.90286506858e-178
425.71 1.25668526081e-178
425.72 5.43563023918e-179
425.73 2.34907565008e-179
425.74 1.01430323986e-179
425.75 4.37584907726e-180
425.76 1.88616885512e-180
425.77 8.12311340768e-181
425.78 3.49532993266e-181
425.79 1.50271820656e-181
425.8 6.45491656259e-182
425.81 2.77030400579e-182
425.82 1.18792203888e-182
425.83 5.08946534793e-183
425.84 2.17861302831e-183
425.85 9.31776479647e-184
425.86 3.98168687208e-184
425.87 1.69998925119e-184
425.88 7.25185246569e-185
425.89 3.09083240787e-185
425.9 1.31621145735e-185
425.91 5.60014908925e-186
425.92 2.38065917136e-186
425.93 1.01115694941e-186
425.94 4.29105055001e-187
425.95 1.81941764773e-187
425.96 7.70770150791e-188
425.97 3.26242911946e-188
425.98 1.37968834175e-188
425.99 5.8296786638e-189
426.0 2.46111525023e-189
426.01 1.03810910168e-189
426.02 4.37499698939e-190
426.03 1.84219767882e-190
426.04 7.75029824985e-191
426.05 3.2577992034e-191
426.06 1.3682136616e-191
426.07 5.74126039577e-192
426.08 2.40704538823e-192
426.09 1.00828899447e-192
426.1 4.21997119622e-193
426.11 1.76464625565e-193
426.12 7.37275061007e-194
426.13 3.07769189654e-194
426.14 1.28364357347e-194
426.15 5.34918321499e-195
426.16 2.22717430763e-195
426.17 9.26498360891e-196
426.18 3.85086962283e-196
426.19 1.59917756167e-196
426.2 6.63526499825e-197
426.21 2.75070216762e-197
426.22 1.13933799219e-197
426.23 4.7150391366e-198
426.24 1.94958303382e-198
426.25 8.05419025299e-199
426.26 3.32449545846e-199
426.27 1.3710500735e-199
426.28 5.64942960248e-200
426.29 2.3258387328e-200
426.3 9.56705583435e-201
426.31 3.93188431089e-201
426.32 1.61453277594e-201
426.33 6.62394493178e-202
426.34 2.71525281864e-202
426.35 1.11205827377e-202
426.36 4.5505986176e-203
426.37 1.86051522366e-203
426.38 7.60014079726e-204
426.39 3.10194262312e-204
426.4 1.26493903664e-204
426.41 5.15381876906e-205
426.42 2.09803342417e-205
426.43 8.53334639219e-206
426.44 3.46776820358e-206
426.45 1.40800584493e-206
426.46 5.71192593784e-207
426.47 2.31517801718e-207
426.48 9.3758343369e-208
426.49 3.79366670162e-208
426.5 1.5336707422e-208
426.51 6.19482161664e-209
426.52 2.50005285342e-209
426.53 1.00807602873e-209
426.54 4.06126284273e-210
426.55 1.63475479629e-210
426.56 6.574577593e-211
426.57 2.64184177191e-211
426.58 1.06064356854e-211
426.59 4.25457158668e-212
426.6 1.7051630788e-212
426.61 6.82809756543e-213
426.62 2.73185238165e-213
426.63 1.09203975958e-213
426.64 4.36157541103e-214
426.65 1.7404920077e-214
426.66 6.93943949411e-215
426.67 2.7643973377e-215
426.68 1.10027248157e-215
426.69 4.37546031064e-216
426.7 1.73848504408e-216
426.71 6.9014744018e-217
426.72 2.73738899286e-217
426.73 1.08481295819e-217
426.74 4.29533384846e-218
426.75 1.69927120061e-218
426.76 6.71664171132e-219
426.77 2.65256099883e-219
426.78 1.04665195738e-219
426.79 4.12632007356e-220
426.8 1.62535131814e-220
426.81 6.3966898714e-221
426.82 2.51528415883e-221
426.83 9.88194718279e-222
426.84 3.87901727332e-222
426.85 1.5213341397e-222
426.86 5.96144060593e-223
426.87 2.3340037212e-223
426.88 9.1301009469e-224
426.89 3.56839832674e-224
426.9 1.39346090063e-224
426.91 5.4367574718e-225
426.92 2.11938006603e-225
426.93 8.25470282485e-226
426.94 3.21231224513e-226
426.95 1.24898659131e-226
426.96 4.85200803304e-227
426.97 1.88325426208e-227
426.98 7.3033164563e-228
426.99 2.82979511157e-228
427.0 1.09550301536e-228
427.01 4.2373650001e-229
427.02 1.63757758592e-229
427.03 6.3231226823e-230
427.04 2.4394113685e-230
427.05 9.40290809416e-231
427.06 3.62128788371e-231
427.07 1.39343791821e-231
427.08 5.35717594021e-232
427.09 2.05782248142e-232
427.1 7.8977542852e-233
427.11 3.02846835974e-233
427.12 1.16028900279e-233
427.13 4.4415343363e-234
427.14 1.69872697886e-234
427.15 6.4913923158e-235
427.16 2.47842534957e-235
427.17 9.45447766706e-236
427.18 3.60348692578e-236
427.19 1.37224631612e-236
427.2 5.22113483506e-237
427.21 1.9848215054e-237
427.22 7.53879123992e-238
427.23 2.86091984421e-238
427.24 1.08475928345e-238
427.25 4.10946015058e-239
427.26 1.55546371245e-239
427.27 5.88245626273e-240
427.28 2.22270200991e-240
427.29 8.39126603613e-241
427.3 3.16517298688e-241
427.31 1.19286452607e-241
427.32 4.4916769041e-242
427.33 1.68985564543e-242
427.34 6.35205745099e-243
427.35 2.38562919164e-243
427.36 8.95189904589e-244
427.37 3.35622543084e-244
427.38 1.25721856151e-244
427.39 4.70537409605e-245
427.4 1.75954850241e-245
427.41 6.5740354367e-246
427.42 2.45406776727e-246
427.43 9.15302764959e-247
427.44 3.41088211482e-247
427.45 1.26996677141e-247
427.46 4.72434623424e-248
427.47 1.7559606984e-248
427.48 6.52096061095e-249
427.49 2.4195359256e-249
427.5 8.9696662853e-250
427.51 3.32234102165e-250
427.52 1.22952069793e-250
427.53 4.54622778788e-251
427.54 1.67953961817e-251
427.55 6.19944806082e-252
427.56 2.28633313992e-252
427.57 8.42460814251e-253
427.58 3.10158451737e-253
427.59 1.1408833528e-253
427.6 4.19297795218e-254
427.61 1.53966992597e-254
427.62 5.64880245834e-255
427.63 2.07066031714e-255
427.64 7.58376813068e-256
427.65 2.77514030097e-256
427.66 1.0146319995e-256
427.67 3.70643064626e-257
427.68 1.35277918985e-257
427.69 4.93311979508e-258
427.7 1.7973809011e-258
427.71 6.54308098595e-259
427.72 2.37984231029e-259
427.73 8.64844005594e-260
427.74 3.14015503334e-260
427.75 1.13916888292e-260
427.76 4.12903770883e-261
427.77 1.49531709146e-261
427.78 5.4105505385e-262
427.79 1.95602018087e-262
427.8 7.06527250251e-263
427.81 2.5498123198e-263
427.82 9.19414239997e-264
427.83 3.31236318524e-264
427.84 1.19230779928e-264
427.85 4.28807658319e-265
427.86 1.54085011036e-265
427.87 5.5319973966e-266
427.88 1.9843910189e-266
427.89 7.11207374315e-267
427.9 2.54676552234e-267
427.91 9.11182531317e-268
427.92 3.25720821064e-268
427.93 1.16334725426e-268
427.94 4.15142245359e-269
427.95 1.48015843093e-269
427.96 5.27282295147e-270
427.97 1.87673039311e-270
427.98 6.67397073763e-271
427.99 2.37132140457e-271
428.0 8.41821972758e-272
428.01 2.98589000886e-272
428.02 1.05815933211e-272
428.03 3.7467269117e-273
428.04 1.32549082404e-273
428.05 4.68516752074e-274
428.06 1.65461605786e-274
428.07 5.83838940828e-275
428.08 2.05831857839e-275
428.09 7.25029775241e-276
428.1 2.55165998591e-276
428.11 8.97250019872e-277
428.12 3.15230232649e-277
428.13 1.10653705249e-277
428.14 3.8808581745e-278
428.15 1.35991979429e-278
428.16 4.76126694281e-279
428.17 1.66554158094e-279
428.18 5.82119490315e-280
428.19 2.03278999176e-280
428.2 7.09245517621e-281
428.21 2.47243224076e-281
428.22 8.61144256065e-282
428.23 2.99675426837e-282
428.24 1.04195765228e-282
428.25 3.61970116014e-283
428.26 1.25637439811e-283
428.27 4.35701596623e-284
428.28 1.50967317196e-284
428.29 5.22637341246e-285
428.3 1.807763639e-285
428.31 6.24750439501e-286
428.32 2.15722381602e-286
428.33 7.44230655138e-287
428.34 2.56533221987e-287
428.35 8.83493562319e-288
428.36 3.04009304159e-288
428.37 1.04518717929e-288
428.38 3.59025243044e-289
428.39 1.23219547161e-289
428.4 4.22530384074e-290
428.41 1.44763806103e-290
428.42 4.95548030044e-291
428.43 1.69486545363e-291
428.44 5.79173141353e-292
428.45 1.97744909417e-292
428.46 6.74568291822e-293
428.47 2.29916556763e-293
428.48 7.82957670023e-294
428.49 2.66397430441e-294
428.5 9.05618931376e-295
428.51 3.07598820759e-295
428.52 1.04387273e-295
428.53 3.53943670945e-296
428.54 1.19906979199e-296
428.55 4.05862088279e-297
428.56 1.37257543399e-297
428.57 4.63786038037e-298
428.58 1.56575148219e-298
428.59 5.28143215369e-299
428.6 1.77993560789e-299
428.61 5.9935011076e-300
428.62 2.01641816467e-300
428.63 6.7780430789e-301
428.64 2.27641668914e-301
428.65 7.63876077923e-302
428.66 2.56104830967e-302
428.67 8.57899361164e-303
428.68 2.87130039447e-303
428.69 9.60162254816e-304
428.7 3.20799985886e-304
428.71 1.07089715354e-304
428.72 3.57178163897e-305
428.73 1.19027071672e-305
428.74 3.9630569232e-306
428.75 1.31837386179e-306
428.76 4.3819818087e-307
428.77 1.45521200563e-307
428.78 4.82842711672e-308
428.79 1.60069579488e-308
428.8 5.30195015227e-309
428.81 1.75463257985e-309
428.82 5.80176922863e-310
428.83 1.91671889465e-310
428.84 6.32674179221e-311
428.85 2.08653420755e-311
428.86 6.87534697509e-312
428.87 2.26353619883e-312
428.88 7.44567337006e-313
428.89 2.44705780952e-313
428.9 8.03541276455e-314
428.91 2.63630628109e-314
428.92 8.64186048534e-315
428.93 2.83036437905e-315
428.94 9.2619228757e-316
428.95 3.02819395528e-316
428.96 9.8921324604e-317
428.97 3.22864192133e-317
428.98 1.05286723106e-317
428.99 3.43045093943e-318
429.0 1.11674151995e-318
429.01 3.6322718151e-319
429.02 1.18037223448e-319
429.03 3.83246721479e-320
429.04 1.24356323058e-320
429.05 4.03157567006e-321
429.06 1.30433330502e-321
429.07 4.19955798965e-322
429.08 1.38338380836e-322
429.09 4.44659081257e-323
429.1 1.48219693752e-323
429.11 4.94065645841e-324
429.12 0.0
429.13 0.0
429.14 0.0
429.15 0.0
429.16 0.0
429.17 0.0
429.18 0.0
429.19 0.0
429.2 0.0
429.21 0.0
429.22 0.0
429.23 0.0
429.24 0.0
429.25 0.0
429.26 0.0
429.27 0.0
429.28 0.0
429.29 0.0
429.3 0.0
429.31 0.0
429.32 0.0
429.33 0.0
429.34 0.0
429.35 0.0
429.36 0.0
429.37 0.0
429.38 0.0
429.39 0.0
429.4 0.0
429.41 0.0
429.42 0.0
429.43 0.0
429.44 0.0
429.45 0.0
429.46 0.0
429.47 0.0
429.48 0.0
429.49 0.0
429.5 0.0
429.51 0.0
429.52 0.0
429.53 0.0
429.54 0.0
429.55 0.0
429.56 0.0
429.57 0.0
429.58 0.0
429.59 0.0
429.6 0.0
429.61 0.0
429.62 0.0
429.63 0.0
429.64 0.0
429.65 0.0
429.66 0.0
429.67 0.0
429.68 0.0
429.69 0.0
429.7 0.0
429.71 0.0
429.72 0.0
429.73 0.0
429.74 0.0
429.75 0.0
429.76 0.0
429.77 0.0
429.78 0.0
429.79 0.0
429.8 0.0
429.81 0.0
429.82 0.0
429.83 0.0
429.84 0.0
429.85 0.0
429.86 0.0
429.87 0.0
429.88 0.0
429.89 0.0
429.9 0.0
429.91 0.0
429.92 0.0
429.93 0.0
429.94 0.0
429.95 0.0
429.96 0.0
429.97 0.0
429.98 0.0
429.99 0.0
