400.0 7.83288202553e-22
400.01 1.03065522173e-21
400.02 1.354967701e-21
400.03 1.77978765585e-21
400.04 2.33577577662e-21
400.05 3.06279424712e-21
400.06 4.01262160925e-21
400.07 5.25245457414e-21
400.08 6.86942070986e-21
400.09 8.97638843504e-21
400.1 1.17194403399e-20
400.11 1.52874771176e-20
400.12 1.99245480928e-20
400.13 2.59456677552e-20
400.14 3.37570850154e-20
400.15 4.38822346077e-20
400.16 5.69949326742e-20
400.17 7.3961799234e-20
400.18 9.58964217882e-20
400.19 1.24228445275e-19
400.2 1.60791619724e-19
400.21 2.07935902938e-19
400.22 2.68670057115e-19
400.23 3.46842865204e-19
400.24 4.47373211558e-19
400.25 5.76541930281e-19
400.26 7.42361657677e-19
400.27 9.55045099383e-19
400.28 1.22759734506e-18
400.29 1.57656439071e-18
400.3 2.02297817864e-18
400.31 2.59354863102e-18
400.32 3.32216582124e-18
400.33 4.25179119731e-18
400.34 5.43683638412e-18
400.35 6.94615245734e-18
400.36 8.86678282325e-18
400.37 1.13086703352e-17
400.38 1.44105557211e-17
400.39 1.83473618667e-17
400.4 2.33394295377e-17
400.41 2.9664057853e-17
400.42 3.76699110416e-17
400.43 4.77949863887e-17
400.44 6.05890024754e-17
400.45 7.67412687592e-17
400.46 9.7115345656e-17
400.47 1.22792108813e-16
400.48 1.55123204642e-16
400.49 1.95797341531e-16
400.5 2.46922420748e-16
400.51 3.1112719509e-16
400.52 3.91686978577e-16
400.53 4.92678949351e-16
400.54 6.19173829504e-16
400.55 7.77472236869e-16
400.56 9.75395841681e-16
400.57 1.22264569353e-15
400.58 1.53124279331e-15
400.59 1.91606926902e-15
400.6 2.39553249147e-15
400.61 2.99237927699e-15
400.62 3.7346931383e-15
400.63 4.65711456279e-15
400.64 5.80233276111e-15
400.65 7.22290752378e-15
400.66 8.98349209167e-15
400.67 1.11635426932e-14
400.68 1.38606181088e-14
400.69 1.71943938638e-14
400.7 2.13115411019e-14
400.71 2.63916506527e-14
400.72 3.26544192319e-14
400.73 4.03683582114e-14
400.74 4.98613372987e-14
400.75 6.15333373166e-14
400.76 7.58718599102e-14
400.77 9.34705295713e-14
400.78 1.15051527388e-13
400.79 1.41492619354e-13
400.8 1.73859688353e-13
400.81 2.13445852152e-13
400.82 2.61818454572e-13
400.83 3.20875458989e-13
400.84 3.92913058877e-13
400.85 4.807066567e-13
400.86 5.87607758738e-13
400.87 7.17659799526e-13
400.88 8.75736457078e-13
400.89 1.06770666254e-12
400.9 1.30063126096e-12
400.91 1.58299716133e-12
400.92 1.92499584523e-12
400.93 2.33885430724e-12
400.94 2.83922790555e-12
400.95 3.44366623821e-12
400.96 4.17316506631e-12
400.97 5.05281952102e-12
400.98 6.11259640444e-12
400.99 7.38824637866e-12
401.0 8.92238029498e-12
401.01 1.0765737916e-11
401.02 1.29786819073e-11
401.03 1.56329553141e-11
401.04 1.88137468901e-11
401.05 2.26221157374e-11
401.06 2.71778348621e-11
401.07 3.2622722619e-11
401.08 3.91245417586e-11
401.09 4.68815581031e-11
401.1 5.61278649636e-11
401.11 6.71395955184e-11
401.12 8.02421637533e-11
401.13 9.58186955253e-11
401.14 1.14319835175e-10
401.15 1.36275140252e-10
401.16 1.62306307739e-10
401.17 1.93142510114e-10
401.18 2.29638159184e-10
401.19 2.72793460407e-10
401.2 3.23778171028e-10
401.21 3.83959032397e-10
401.22 4.54931411167e-10
401.23 5.38555756374e-10
401.24 6.36999560685e-10
401.25 7.52785605231e-10
401.26 8.88847369583e-10
401.27 1.04859260264e-09
401.28 1.23597617782e-09
401.29 1.45558349813e-09
401.3 1.71272587547e-09
401.31 2.01354948422e-09
401.32 2.36515968545e-09
401.33 2.7757627344e-09
401.34 3.25482712429e-09
401.35 3.81326708462e-09
401.36 4.46365104467e-09
401.37 5.22043819545e-09
401.38 6.10024663737e-09
401.39 7.12215699015e-09
401.4 8.30805576756e-09
401.41 9.68302328576e-09
401.42 1.1275771383e-08
401.43 1.31191367829e-08
401.44 1.52506365379e-08
401.45 1.77130926415e-08
401.46 2.05553336124e-08
401.47 2.38329816154e-08
401.48 2.76093345155e-08
401.49 3.19563531519e-08
401.5 3.69557650748e-08
401.51 4.27002970153e-08
401.52 4.92950494549e-08
401.53 5.68590278314e-08
401.54 6.5526846162e-08
401.55 7.54506201861e-08
401.56 8.6802068524e-08
401.57 9.97748418256e-08
401.58 1.14587101428e-07
401.59 1.3148437067e-07
401.6 1.50742683695e-07
401.61 1.72672058362e-07
401.62 1.97620321689e-07
401.63 2.25977318145e-07
401.64 2.58179533071e-07
401.65 2.94715165448e-07
401.66 3.36129686287e-07
401.67 3.83031920921e-07
401.68 4.36100695531e-07
401.69 4.96092090264e-07
401.7 5.63847343316e-07
401.71 6.40301452276e-07
401.72 7.26492520949e-07
401.73 8.23571901618e-07
401.74 9.32815184398e-07
401.75 1.05563408681e-06
401.76 1.19358929805e-06
401.77 1.34840433342e-06
401.78 1.52198045538e-06
401.79 1.71641271801e-06
401.8 1.93400719189e-06
401.81 2.1772994263e-06
401.82 2.44907420471e-06
401.83 2.75238664846e-06
401.84 3.09058472203e-06
401.85 3.46733319033e-06
401.86 3.88663907613e-06
401.87 4.35287866156e-06
401.88 4.87082607313e-06
401.89 5.44568348456e-06
401.9 6.08311296517e-06
401.91 6.78926999457e-06
401.92 7.57083865609e-06
401.93 8.43506851197e-06
401.94 9.38981315314e-06
401.95 1.04435704046e-05
401.96 1.16055241553e-05
401.97 1.28855877656e-05
401.98 1.42944489937e-05
401.99 1.58436163616e-05
402.0 1.75454668666e-05
402.01 1.94132949244e-05
402.02 2.14613624087e-05
402.03 2.37049496324e-05
402.04 2.61604070909e-05
402.05 2.88452077662e-05
402.06 3.17779997641e-05
402.07 3.49786590319e-05
402.08 3.84683418776e-05
402.09 4.22695369828e-05
402.1 4.6406116577e-05
402.11 5.09033864082e-05
402.12 5.5788134121e-05
402.13 6.10886756217e-05
402.14 6.6834898984e-05
402.15 7.30583054193e-05
402.16 7.97920468122e-05
402.17 8.70709592919e-05
402.18 9.49315922902e-05
402.19 0.000103412232511
402.2 0.000112552922217
402.21 0.000122395471227
402.22 0.000132983461985
402.23 0.000144362247077
402.24 0.000156578938534
402.25 0.000169682388281
402.26 0.000183723159076
402.27 0.000198753485282
402.28 0.000214827222857
402.29 0.000231999787916
402.3 0.000250328083277
402.31 0.000269870412407
402.32 0.000290686380246
402.33 0.00031283678037
402.34 0.000336383468084
402.35 0.000361389218997
402.36 0.000387917572773
402.37 0.000416032661761
402.38 0.000445799024317
402.39 0.000477281402684
402.4 0.00051054452542
402.41 0.000545652874422
402.42 0.000582670436711
402.43 0.000621660441264
402.44 0.000662685081265
402.45 0.000705805222281
402.46 0.000751080096991
402.47 0.000798566987211
402.48 0.000848320894104
402.49 0.000900394197571
402.5 0.000954836305979
402.51 0.00101169329748
402.52 0.00107100755436
402.53 0.00113281739189
402.54 0.0011971566834
402.55 0.00126405448336
402.56 0.00133353465026
402.57 0.00140561547147
402.58 0.00148030929202
402.59 0.0015576221496
402.6 0.00163755341802
402.61 0.00172009546154
402.62 0.00180523330232
402.63 0.00189294430371
402.64 0.00198319787152
402.65 0.00207595517609
402.66 0.00217116889738
402.67 0.00226878299568
402.68 0.00236873251032
402.69 0.00247094338871
402.7 0.00257533234804
402.71 0.00268180677172
402.72 0.00279026464267
402.73 0.00290059451545
402.74 0.00301267552874
402.75 0.00312637745999
402.76 0.00324156082353
402.77 0.00335807701322
402.78 0.00347576849068
402.79 0.00359446901971
402.8 0.00371400394736
402.81 0.00383419053177
402.82 0.00395483831671
402.83 0.00407574955227
402.84 0.00419671966113
402.85 0.00431753774926
402.86 0.00443798715973
402.87 0.00455784606815
402.88 0.00467688811754
402.89 0.00479488309058
402.9 0.00491159761671
402.91 0.00502679591111
402.92 0.00514024054273
402.93 0.00525169322779
402.94 0.00536091564532
402.95 0.00546767027105
402.96 0.00557172122537
402.97 0.00567283513159
402.98 0.00577078197988
402.99 0.00586533599272
403.0 0.00595627648721
403.01 0.00604338872972
403.02 0.00612646477836
403.03 0.00620530430856
403.04 0.00627971541733
403.05 0.00634951540164
403.06 0.00641453150659
403.07 0.00647460163904
403.08 0.00652957504275
403.09 0.00657931293104
403.1 0.00662368907324
403.11 0.00666259033177
403.12 0.00669591714639
403.13 0.00672358396299
403.14 0.00674551960446
403.15 0.00676166758121
403.16 0.00677198633986
403.17 0.00677644944842
403.18 0.00677504571712
403.19 0.0067677792541
403.2 0.00675466945576
403.21 0.00673575093209
403.22 0.00671107336727
403.23 0.00668070131684
403.24 0.00664471394252
403.25 0.00660320468671
403.26 0.00655628088861
403.27 0.00650406334451
403.28 0.00644668581517
403.29 0.00638429448336
403.3 0.006317047365
403.31 0.00624511367773
403.32 0.00616867317085
403.33 0.00608791542076
403.34 0.00600303909641
403.35 0.00591425119918
403.36 0.00582176628206
403.37 0.00572580565267
403.38 0.00562659656519
403.39 0.00552437140587
403.4 0.00541936687721
403.41 0.00531182318545
403.42 0.00520198323633
403.43 0.00509009184368
403.44 0.00497639495554
403.45 0.00486113890213
403.46 0.00474456967
403.47 0.0046269322064
403.48 0.00450846975775
403.49 0.00438942324576
403.5 0.00427003068465
403.51 0.00415052664241
403.52 0.00403114174908
403.53 0.00391210225443
403.54 0.00379362963731
403.55 0.00367594026849
403.56 0.00355924512865
403.57 0.0034437495827
403.58 0.00332965321143
403.59 0.00321714970102
403.6 0.0031064267908
403.61 0.00299766627915
403.62 0.00289104408727
403.63 0.00278673038014
403.64 0.00268488974386
403.65 0.00258568141797
403.66 0.00248925958144
403.67 0.0023957736905
403.68 0.00230536886623
403.69 0.00221818632989
403.7 0.0021343638832
403.71 0.00205403643113
403.72 0.00197733654408
403.73 0.00190439505654
403.74 0.00183534169872
403.75 0.00177030575783
403.76 0.00170941676529
403.77 0.00165280520609
403.78 0.00160060324638
403.79 0.00155294547518
403.8 0.00150996965603
403.81 0.0014718174842
403.82 0.00143863534517
403.83 0.00141057506975
403.84 0.00138779468115
403.85 0.00137045912959
403.86 0.00135874100938
403.87 0.00135282125384
403.88 0.00135288980317
403.89 0.0013591462403
403.9 0.00137180038994
403.91 0.0013910728757
403.92 0.0014171956306
403.93 0.00145041235585
403.94 0.00149097892317
403.95 0.00153916371578
403.96 0.0015952479034
403.97 0.00165952564653
403.98 0.00173230422567
403.99 0.00181390409091
404.0 0.00190465882793
404.01 0.0020049150363
404.02 0.00211503211643
404.03 0.00223538196157
404.04 0.00236634855193
404.05 0.00250832744785
404.06 0.00266172517965
404.07 0.00282695853218
404.08 0.00300445372229
404.09 0.00319464546824
404.1 0.00339797595032
404.11 0.00361489366262
404.12 0.00384585215647
404.13 0.00409130867663
404.14 0.004351722692
404.15 0.00462755432327
404.16 0.00491926267062
404.17 0.00522730404528
404.18 0.0055521301095
404.19 0.00589418593032
404.2 0.00625390795305
404.21 0.00663172190136
404.22 0.00702804061153
404.23 0.00744326180904
404.24 0.00787776583672
404.25 0.00833191334394
404.26 0.00880604294738
404.27 0.00930046887433
404.28 0.00981547860011
404.29 0.0103513304918
404.3 0.0109082514708
404.31 0.0114864347075
404.32 0.0120860373609
404.33 0.0127071783775
404.34 0.0133499363623
404.35 0.0140143475377
404.36 0.0147004038009
404.37 0.0154080508975
404.38 0.0161371867214
404.39 0.0168876597566
404.4 0.0176592676723
404.41 0.0184517560843
404.42 0.0192648174939
404.43 0.0200980904152
404.44 0.0209511587013
404.45 0.0218235510774
404.46 0.0227147408898
404.47 0.0236241460764
404.48 0.0245511293661
404.49 0.0254949987093
404.5 0.0264550079429
404.51 0.0274303576929
404.52 0.0284201965111
404.53 0.0294236222483
404.54 0.0304396836566
404.55 0.0314673822198
404.56 0.0325056742023
404.57 0.0335534729118
404.58 0.0346096511628
404.59 0.035673043933
404.6 0.0367424511991
404.61 0.0378166409373
404.62 0.0388943522757
404.63 0.0399742987806
404.64 0.0410551718604
404.65 0.0421356442694
404.66 0.0432143736913
404.67 0.0442900063849
404.68 0.0453611808696
404.69 0.046426531633
404.7 0.0474846928382
404.71 0.0485343020109
404.72 0.0495740036866
404.73 0.0506024529977
404.74 0.0516183191802
404.75 0.0526202889832
404.76 0.0536070699615
404.77 0.0545773936359
404.78 0.0555300185049
404.79 0.0564637328934
404.8 0.0573773576255
404.81 0.0582697485107
404.82 0.059139798633
404.83 0.0599864404347
404.84 0.0608086475897
404.85 0.0616054366603
404.86 0.0623758685367
404.87 0.0631190496571
404.88 0.0638341330098
404.89 0.0645203189202
404.9 0.0651768556288
404.91 0.0658030396634
404.92 0.0663982160173
404.93 0.0669617781399
404.94 0.0674931677527
404.95 0.0679918745019
404.96 0.0684574354607
404.97 0.0688894344966
404.98 0.0692875015176
404.99 0.0696513116137
405.0 0.0699805841098
405.01 0.0702750815458
405.02 0.0705346086008
405.03 0.0707590109774
405.04 0.0709481742631
405.05 0.071102022782
405.06 0.0712205184549
405.07 0.0713036596783
405.08 0.0713514802389
405.09 0.0713640482721
405.1 0.0713414652784
405.11 0.0712838652046
405.12 0.0711914135991
405.13 0.071064306847
405.14 0.0709027714906
405.15 0.0707070636376
405.16 0.0704774684591
405.17 0.0702142997773
405.18 0.0699178997416
405.19 0.0695886385882
405.2 0.0692269144812
405.21 0.0688331534267
405.22 0.0684078092531
405.23 0.0679513636492
405.24 0.0674643262497
405.25 0.0669472347581
405.26 0.0664006550935
405.27 0.0658251815514
405.28 0.0652214369636
405.29 0.0645900728452
405.3 0.0639317695147
405.31 0.0632472361737
405.32 0.0625372109343
405.33 0.0618024607796
405.34 0.0610437814456
405.35 0.0602619972135
405.36 0.0594579606007
405.37 0.0586325519406
405.38 0.0577866788428
405.39 0.0569212755254
405.4 0.056037302014
405.41 0.0551357432008
405.42 0.0542176077614
405.43 0.0532839269275
405.44 0.0523357531132
405.45 0.0513741583971
405.46 0.0504002328633
405.47 0.0494150828025
405.48 0.0484198287824
405.49 0.0474156035905
405.5 0.0464035500606
405.51 0.0453848187906
405.52 0.0443605657622
405.53 0.0433319498761
405.54 0.042300130413
405.55 0.0412662644353
405.56 0.0402315041441
405.57 0.0391969942051
405.58 0.0381638690593
405.59 0.0371332502343
405.6 0.0361062436711
405.61 0.0350839370833
405.62 0.0340673973625
405.63 0.0330576680466
405.64 0.0320557668654
405.65 0.0310626833771
405.66 0.0300793767104
405.67 0.0291067734238
405.68 0.0281457654952
405.69 0.0271972084517
405.7 0.0262619196508
405.71 0.0253406767192
405.72 0.024434216161
405.73 0.0235432321364
405.74 0.0226683754213
405.75 0.0218102525469
405.76 0.0209694251253
405.77 0.0201464093606
405.78 0.0193416757455
405.79 0.0185556489427
405.8 0.0177887078485
405.81 0.0170411858341
405.82 0.0163133711612
405.83 0.0156055075648
405.84 0.0149177949971
405.85 0.0142503905247
405.86 0.0136034093702
405.87 0.0129769260897
405.88 0.0123709758753
405.89 0.0117855559731
405.9 0.0112206272054
405.91 0.0106761155854
405.92 0.0101519140136
405.93 0.00964788404394
405.94 0.00916385770788
405.95 0.00869963938417
405.96 0.00825500770339
405.97 0.00782971747535
405.98 0.0074235016279
405.99 0.00703607314652
406.0 0.00666712700391
406.01 0.00631634206952
406.02 0.00598338298941
406.03 0.00566790202724
406.04 0.00536954085815
406.05 0.00508793230746
406.06 0.00482270202709
406.07 0.00457347010328
406.08 0.00433985258966
406.09 0.00412146296081
406.1 0.00391791348177
406.11 0.00372881649002
406.12 0.0035537855871
406.13 0.00339243673749
406.14 0.00324438927355
406.15 0.00310926680565
406.16 0.00298669803732
406.17 0.0028763174862
406.18 0.00277776611166
406.19 0.0026906918512
406.2 0.00261475006766
406.21 0.00254960391023
406.22 0.00249492459258
406.23 0.00245039159189
406.24 0.00241569277284
406.25 0.00239052444131
406.26 0.00237459133252
406.27 0.0023676065387
406.28 0.00236929138189
406.29 0.00237937523723
406.3 0.00239759531258
406.31 0.00242369639027
406.32 0.00245743053689
406.33 0.00249855678701
406.34 0.0025468408068
406.35 0.00260205454324
406.36 0.00266397586489
406.37 0.0027323881995
406.38 0.00280708017418
406.39 0.00288784526316
406.4 0.00297448144804
406.41 0.00306679089542
406.42 0.00316457965597
406.43 0.00326765738917
406.44 0.00337583711727
406.45 0.00348893501161
406.46 0.00360677021434
406.47 0.00372916469757
406.48 0.00385594316221
406.49 0.00398693297768
406.5 0.00412196416348
406.51 0.00426086941317
406.52 0.00440348416052
406.53 0.0045496466874
406.54 0.00469919827229
406.55 0.00485198337777
406.56 0.005007849875
406.57 0.00516664930259
406.58 0.00532823715685
406.59 0.00549247320994
406.6 0.00565922185202
406.61 0.00582835245315
406.62 0.00599973974025
406.63 0.00617326418412
406.64 0.00634881239125
406.65 0.006526277495
406.66 0.00670555954018
406.67 0.00688656585538
406.68 0.00706921140684
406.69 0.00725341912801
406.7 0.00743912021852
406.71 0.00762625440676
406.72 0.00781477016997
406.73 0.00800462490635
406.74 0.00819578505348
406.75 0.00838822614805
406.76 0.00858193282187
406.77 0.00877689872981
406.78 0.00897312640576
406.79 0.00917062704288
406.8 0.00936942019555
406.81 0.00956953340043
406.82 0.00977100171521
406.83 0.00997386717389
406.84 0.0101781781586
406.85 0.010383988688
406.86 0.0105913576245
406.87 0.010800347801
406.88 0.0110110250713
406.89 0.0112234572876
406.9 0.0114377132082
406.91 0.0116538613436
406.92 0.0118719687436
406.93 0.0120920997348
406.94 0.0123143146149
406.95 0.0125386683122
406.96 0.0127652090184
406.97 0.0129939768056
406.98 0.013225002236
406.99 0.0134583049749
407.0 0.0136938924178
407.01 0.0139317583427
407.02 0.0141718815987
407.03 0.0144142248414
407.04 0.0146587333273
407.05 0.0149053337782
407.06 0.0151539333262
407.07 0.0154044185503
407.08 0.0156566546149
407.09 0.0159104845204
407.1 0.016165728475
407.11 0.0164221833961
407.12 0.0166796225502
407.13 0.0169377953373
407.14 0.0171964272271
407.15 0.0174552198514
407.16 0.0177138512581
407.17 0.0179719763278
407.18 0.0182292273581
407.19 0.0184852148135
407.2 0.018739528242
407.21 0.0189917373564
407.22 0.0192413932778
407.23 0.0194880299357
407.24 0.0197311656219
407.25 0.0199703046879
407.26 0.0202049393819
407.27 0.0204345518134
407.28 0.0206586160363
407.29 0.02087660024
407.3 0.0210879690352
407.31 0.0212921858223
407.32 0.0214887152279
407.33 0.0216770255952
407.34 0.0218565915135
407.35 0.02202689637
407.36 0.0221874349094
407.37 0.0223377157838
407.38 0.0224772640773
407.39 0.0226056237883
407.4 0.0227223602538
407.41 0.0228270624987
407.42 0.0229193454953
407.43 0.022998852318
407.44 0.0230652561772
407.45 0.0231182623197
407.46 0.0231576097826
407.47 0.0231830729878
407.48 0.0231944631664
407.49 0.0231916296036
407.5 0.0231744606939
407.51 0.0231428848012
407.52 0.0230968709149
407.53 0.0230364290999
407.54 0.0229616107351
407.55 0.0228725085398
407.56 0.022769256386
407.57 0.0226520288991
407.58 0.0225210408483
407.59 0.0223765463303
407.6 0.0222188377528
407.61 0.0220482446226
407.62 0.021865132147
407.63 0.0216698996577
407.64 0.0214629788666
407.65 0.0212448319651
407.66 0.0210159495792
407.67 0.0207768485934
407.68 0.0205280698569
407.69 0.0202701757868
407.7 0.020003747884
407.71 0.0197293841762
407.72 0.0194476966043
407.73 0.0191593083689
407.74 0.0188648512514
407.75 0.0185649629281
407.76 0.0182602842907
407.77 0.0179514567907
407.78 0.0176391198225
407.79 0.0173239081593
407.8 0.0170064494576
407.81 0.0166873618421
407.82 0.0163672515848
407.83 0.0160467108911
407.84 0.0157263158014
407.85 0.0154066242215
407.86 0.0150881740883
407.87 0.0147714816801
407.88 0.0144570400788
407.89 0.0141453177878
407.9 0.013836757513
407.91 0.0135317751075
407.92 0.0132307586849
407.93 0.0129340679004
407.94 0.0126420334007
407.95 0.012354956441
407.96 0.0120731086685
407.97 0.0117967320663
407.98 0.0115260390563
407.99 0.0112612127549
408.0 0.0110024073751
408.01 0.0107497487691
408.02 0.010503335103
408.03 0.0102632376559
408.04 0.0100295017354
408.05 0.00980214769779
408.06 0.00958117206664
408.07 0.00936654873655
408.08 0.00915823025381
408.09 0.00895614916256
408.1 0.00876021940612
408.11 0.00857033777272
408.12 0.00838638537514
408.13 0.00820822915375
408.14 0.00803572339262
408.15 0.00786871123885
408.16 0.00770702621524
408.17 0.00755049371705
408.18 0.00739893248405
408.19 0.00725215603941
408.2 0.00710997408747
408.21 0.00697219386327
408.22 0.00683862142704
408.23 0.00670906289754
408.24 0.00658332561888
408.25 0.00646121925609
408.26 0.00634255681529
408.27 0.00622715558502
408.28 0.00611483799614
408.29 0.00600543239814
408.3 0.00589877375051
408.31 0.00579470422851
408.32 0.00569307374305
408.33 0.00559374037553
408.34 0.00549657072841
408.35 0.00540144019336
408.36 0.00530823313915
408.37 0.00521684302193
408.38 0.005127172421
408.39 0.00503913300361
408.4 0.00495264542278
408.41 0.00486763915217
408.42 0.00478405226266
408.43 0.00470183114536
408.44 0.00462093018587
408.45 0.00454131139495
408.46 0.00446294400085
408.47 0.00438580400827
408.48 0.00430987372959
408.49 0.00423514129318
408.5 0.00416160013433
408.51 0.0040892484736
408.52 0.00401808878762
408.53 0.00394812727717
408.54 0.00387937333695
408.55 0.0038118390315
408.56 0.00374553858132
408.57 0.003680487863
408.58 0.00361670392682
408.59 0.00355420453519
408.6 0.00349300772459
408.61 0.00343313139383
408.62 0.00337459292058
408.63 0.00331740880822
408.64 0.00326159436451
408.65 0.00320716341316
408.66 0.00315412803928
408.67 0.0031024983691
408.68 0.0030522823842
408.69 0.00300348577012
408.7 0.00295611179889
408.71 0.00291016124475
408.72 0.00286563233218
408.73 0.00282252071483
408.74 0.00278081948408
408.75 0.00274051920541
408.76 0.00270160798079
408.77 0.00266407153517
408.78 0.0026278933247
408.79 0.00259305466464
408.8 0.00255953487449
408.81 0.00252731143797
408.82 0.00249636017536
408.83 0.00246665542572
408.84 0.00243817023666
408.85 0.002410876559
408.86 0.00238474544409
408.87 0.00235974724151
408.88 0.00233585179473
408.89 0.00231302863282
408.9 0.0022912471561
408.91 0.00227047681392
408.92 0.00225068727279
408.93 0.00223184857347
408.94 0.00221393127543
408.95 0.00219690658773
408.96 0.00218074648509
408.97 0.00216542380854
408.98 0.00215091234983
408.99 0.00213718691934
409.0 0.00212422339716
409.01 0.00211199876729
409.02 0.00210049113513
409.03 0.00208967972862
409.04 0.00207954488334
409.05 0.00207006801248
409.06 0.00206123156222
409.07 0.00205301895361
409.08 0.00204541451204
409.09 0.00203840338538
409.1 0.00203197145209
409.11 0.00202610522075
409.12 0.00202079172241
409.13 0.00201601839719
409.14 0.00201177297675
409.15 0.00200804336415
409.16 0.00200481751268
409.17 0.00200208330519
409.18 0.00199982843545
409.19 0.0019980402931
409.2 0.00199670585354
409.21 0.00199581157424
409.22 0.00199534329864
409.23 0.001995286169
409.24 0.00199562454917
409.25 0.0019963419584
409.26 0.00199742101699
409.27 0.00199884340458
409.28 0.00200058983167
409.29 0.00200264002493
409.3 0.00200497272659
409.31 0.00200756570816
409.32 0.0020103957985
409.33 0.0020134389263
409.34 0.00201667017666
409.35 0.0020200638614
409.36 0.00202359360282
409.37 0.00202723243012
409.38 0.00203095288795
409.39 0.00203472715609
409.4 0.0020385271796
409.41 0.0020423248082
409.42 0.00204609194397
409.43 0.00204980069617
409.44 0.00205342354196
409.45 0.00205693349181
409.46 0.0020603042583
409.47 0.00206351042705
409.48 0.00206652762838
409.49 0.00206933270856
409.5 0.00207190389916
409.51 0.00207422098341
409.52 0.0020762654582
409.53 0.00207802069068
409.54 0.00207947206822
409.55 0.00208060714073
409.56 0.00208141575434
409.57 0.00208189017551
409.58 0.00208202520481
409.59 0.00208181827959
409.6 0.00208126956488
409.61 0.00208038203206
409.62 0.00207916152481
409.63 0.002077616812
409.64 0.00207575962727
409.65 0.00207360469526
409.66 0.00207116974422
409.67 0.00206847550531
409.68 0.00206554569855
409.69 0.00206240700568
409.7 0.00205908903022
409.71 0.0020556242451
409.72 0.00205204792829
409.73 0.00204839808688
409.74 0.00204471537016
409.75 0.00204104297228
409.76 0.00203742652503
409.77 0.00203391398137
409.78 0.0020305554905
409.79 0.00202740326477
409.8 0.00202451143945
409.81 0.00202193592569
409.82 0.00201973425748
409.83 0.00201796543304
409.84 0.00201668975133
409.85 0.00201596864417
409.86 0.0020158645044
409.87 0.00201644051062
409.88 0.00201776044889
409.89 0.00201988853175
409.9 0.0020228892149
409.91 0.00202682701177
409.92 0.00203176630639
409.93 0.00203777116449
409.94 0.00204490514333
409.95 0.00205323110009
409.96 0.00206281099918
409.97 0.00207370571839
409.98 0.00208597485412
409.99 0.00209967652563
410.0 0.00211486717847
410.01 0.00213160138718
410.02 0.00214993165732
410.03 0.00216990822698
410.04 0.00219157886797
410.05 0.00221498868684
410.06 0.00224017992595
410.07 0.00226719176502
410.08 0.00229606012337
410.09 0.00232681746338
410.1 0.00235949259554
410.11 0.00239411048588
410.12 0.00243069206613
410.13 0.00246925404759
410.14 0.00250980873931
410.15 0.00255236387157
410.16 0.00259692242557
410.17 0.0026434824703
410.18 0.00269203700775
410.19 0.00274257382751
410.2 0.00279507537204
410.21 0.00284951861375
410.22 0.00290587494521
410.23 0.00296411008383
410.24 0.00302418399214
410.25 0.00308605081516
410.26 0.00314965883601
410.27 0.0032149504511
410.28 0.003281862166
410.29 0.00335032461321
410.3 0.00342026259297
410.31 0.00349159513786
410.32 0.00356423560238
410.33 0.00363809177799
410.34 0.0037130660344
410.35 0.00378905548758
410.36 0.00386595219471
410.37 0.00394364337635
410.38 0.00402201166574
410.39 0.00410093538502
410.4 0.00418028884799
410.41 0.00425994268879
410.42 0.00433976421573
410.43 0.00441961778916
410.44 0.00449936522233
410.45 0.00457886620372
410.46 0.00465797873919
410.47 0.00473655961233
410.48 0.00481446486084
410.49 0.00489155026694
410.5 0.00496767185938
410.51 0.00504268642471
410.52 0.00511645202522
410.53 0.00518882852077
410.54 0.00525967809186
410.55 0.00532886576101
410.56 0.00539625990958
410.57 0.00546173278712
410.58 0.00552516101029
410.59 0.00558642604849
410.6 0.00564541469321
410.61 0.0057020195085
410.62 0.00575613925962
410.63 0.0058076793174
410.64 0.00585655203585
410.65 0.00590267710052
410.66 0.00594598184571
410.67 0.00598640153837
410.68 0.00602387962699
410.69 0.00605836795402
410.7 0.0060898269304
410.71 0.0061182256712
410.72 0.00614354209164
410.73 0.00616576296275
410.74 0.00618488392659
410.75 0.00620090947097
410.76 0.00621385286376
410.77 0.00622373604753
410.78 0.00623058949513
410.79 0.00623445202725
410.8 0.00623537059328
410.81 0.00623340001683
410.82 0.0062286027077
410.83 0.00622104834212
410.84 0.00621081351336
410.85 0.0061979813549
410.86 0.00618264113856
410.87 0.00616488785004
410.88 0.0061448217445
410.89 0.00612254788474
410.9 0.00609817566487
410.91 0.00607181832203
410.92 0.00604359243898
410.93 0.00601361744046
410.94 0.0059820150857
410.95 0.00594890896017
410.96 0.00591442396871
410.97 0.00587868583299
410.98 0.00584182059531
410.99 0.00580395413131
411.0 0.00576521167353
411.01 0.00572571734804
411.02 0.00568559372575
411.03 0.0056449613903
411.04 0.00560393852391
411.05 0.00556264051269
411.06 0.00552117957244
411.07 0.00547966439605
411.08 0.00543819982332
411.09 0.00539688653393
411.1 0.00535582076391
411.11 0.0053150940462
411.12 0.00527479297535
411.13 0.00523499899644
411.14 0.00519578821824
411.15 0.00515723125045
411.16 0.0051193930646
411.17 0.00508233287836
411.18 0.0050461040628
411.19 0.00501075407196
411.2 0.00497632439429
411.21 0.00494285052518
411.22 0.00491036196001
411.23 0.0048788822069
411.24 0.00484842881863
411.25 0.00481901344276
411.26 0.00479064188944
411.27 0.00476331421605
411.28 0.004737024828
411.29 0.00471176259506
411.3 0.00468751098249
411.31 0.00466424819629
411.32 0.0046419473421
411.33 0.00462057659698
411.34 0.00460009939366
411.35 0.00458047461659
411.36 0.00456165680935
411.37 0.00454359639291
411.38 0.00452623989417
411.39 0.00450953018438
411.4 0.00449340672696
411.41 0.00447780583406
411.42 0.00446266093165
411.43 0.00444790283234
411.44 0.00443346001558
411.45 0.00441925891456
411.46 0.0044052242093
411.47 0.0043912791252
411.48 0.00437734573643
411.49 0.0043633452734
411.5 0.00434919843355
411.51 0.00433482569459
411.52 0.00432014762936
411.53 0.00430508522131
411.54 0.00428956017969
411.55 0.00427349525324
411.56 0.00425681454158
411.57 0.00423944380285
411.58 0.00422131075661
411.59 0.00420234538084
411.6 0.00418248020162
411.61 0.00416165057444
411.62 0.00413979495578
411.63 0.00411685516372
411.64 0.00409277662636
411.65 0.00406750861685
411.66 0.00404100447372
411.67 0.00401322180554
411.68 0.00398412267864
411.69 0.00395367378699
411.7 0.00392184660315
411.71 0.00388861750957
411.72 0.00385396790922
411.73 0.00381788431515
411.74 0.00378035841815
411.75 0.00374138713221
411.76 0.0037009726173
411.77 0.00365912227946
411.78 0.00361584874791
411.79 0.00357116982931
411.8 0.00352510843947
411.81 0.00347769251263
411.82 0.00342895488897
411.83 0.00337893318079
411.84 0.00332766961823
411.85 0.00327521087526
411.86 0.00322160787699
411.87 0.00316691558937
411.88 0.00311119279245
411.89 0.00305450183853
411.9 0.00299690839659
411.91 0.00293848118437
411.92 0.00287929168972
411.93 0.00281941388278
411.94 0.00275892392055
411.95 0.00269789984558
411.96 0.00263642128037
411.97 0.00257456911927
411.98 0.00251242521941
411.99 0.00245007209242
412.0 0.00238759259846
412.01 0.00232506964428
412.02 0.00226258588665
412.03 0.00220022344278
412.04 0.00213806360899
412.05 0.002076186589
412.06 0.00201467123309
412.07 0.0019535947891
412.08 0.00189303266645
412.09 0.00183305821396
412.1 0.00177374251232
412.11 0.00171515418184
412.12 0.00165735920612
412.13 0.00160042077192
412.14 0.00154439912578
412.15 0.00148935144728
412.16 0.00143533173941
412.17 0.00138239073563
412.18 0.00133057582379
412.19 0.00127993098651
412.2 0.00123049675774
412.21 0.00118231019507
412.22 0.00113540486724
412.23 0.00108981085631
412.24 0.00104555477381
412.25 0.00100265979014
412.26 0.000961145676408
412.27 0.000921028857961
412.28 0.000882322478686
412.29 0.000845036475205
412.3 0.000809177660053
412.31 0.000774749812923
412.32 0.000741753779039
412.33 0.000710187573745
412.34 0.000680046492379
412.35 0.00065132322456
412.36 0.000624007971993
412.37 0.000598088568972
412.38 0.000573550604759
412.39 0.000550377547098
412.4 0.000528550866113
412.41 0.000508050157962
412.42 0.000488853267598
412.43 0.000470936410086
412.44 0.000454274289983
412.45 0.000438840218315
412.46 0.000424606226777
412.47 0.000411543178825
412.48 0.000399620877383
412.49 0.000388808168964
412.5 0.00037907304403
412.51 0.000370382733515
412.52 0.000362703801431
412.53 0.000356002233571
412.54 0.000350243522356
412.55 0.000345392747892
412.56 0.000341414655384
412.57 0.000338273729046
412.58 0.000335934262708
412.59 0.000334360427323
412.6 0.000333516335625
412.61 0.000333366104168
412.62 0.000333873913042
412.63 0.000335004063503
412.64 0.000336721033827
412.65 0.000338989533646
412.66 0.000341774557039
412.67 0.000345041434655
412.68 0.000348755885102
412.69 0.000352884065847
412.7 0.000357392623846
412.71 0.000362248746097
412.72 0.000367420210277
412.73 0.000372875435623
412.74 0.000378583534161
412.75 0.000384514362368
412.76 0.000390638573325
412.77 0.000396927669368
412.78 0.000403354055243
412.79 0.000409891091695
412.8 0.000416513149427
412.81 0.0004231956633
412.82 0.000429915186637
412.83 0.000436649445447
412.84 0.000443377392356
412.85 0.000450079260016
412.86 0.00045673661371
412.87 0.000463332402885
412.88 0.000469851011273
412.89 0.000476278305297
412.9 0.00048260168038
412.91 0.000488810104824
412.92 0.000494894160851
412.93 0.000500846082453
412.94 0.000506659789633
412.95 0.000512330918667
412.96 0.000517856847983
412.97 0.000523236719277
412.98 0.000528471453496
412.99 0.000533563761307
413.0 0.000538518147711
413.01 0.00054334091047
413.02 0.000548040132031
413.03 0.000552625664656
413.04 0.00055710910851
413.05 0.000561503782448
413.06 0.000565824687341
413.07 0.000570088461735
413.08 0.000574313329743
413.09 0.000578519041069
413.1 0.000582726803118
413.11 0.000586959205179
413.12 0.000591240134732
413.13 0.000595594685944
413.14 0.000600049060499
413.15 0.00060463046092
413.16 0.000609366976612
413.17 0.000614287462899
413.18 0.000619421413361
413.19 0.000624798825833
413.2 0.000630450062484
413.21 0.000636405704417
413.22 0.000642696401296
413.23 0.000649352716532
413.24 0.000656404968621
413.25 0.000663883069233
413.26 0.000671816358737
413.27 0.000680233439828
413.28 0.000689162009993
413.29 0.000698628693567
413.3 0.00070865887415
413.31 0.000719276528195
413.32 0.000730504060575
413.33 0.00074236214297
413.34 0.000754869555921
413.35 0.000768043035385
413.36 0.000781897124663
413.37 0.000796444032541
413.38 0.000811693498489
413.39 0.00082765266574
413.4 0.000844325963079
413.41 0.000861714996115
413.42 0.000879818448812
413.43 0.000898631996002
413.44 0.00091814822758
413.45 0.000938356585025
413.46 0.000959243310859
413.47 0.00098079141159
413.48 0.00100298063463
413.49 0.00102578745964
413.5 0.00104918510463
413.51 0.00107314354716
413.52 0.00109762956084
413.53 0.00112260676726
413.54 0.00114803570348
413.55 0.00117387390495
413.56 0.00120007600395
413.57 0.00122659384313
413.58 0.00125337660407
413.59 0.00128037095042
413.6 0.00130752118521
413.61 0.0013347694217
413.62 0.00136205576731
413.63 0.00138931851978
413.64 0.00141649437492
413.65 0.00144351864488
413.66 0.00147032548627
413.67 0.0014968481369
413.68 0.0015230191602
413.69 0.00154877069611
413.7 0.0015740347173
413.71 0.00159874328951
413.72 0.00162282883465
413.73 0.00164622439543
413.74 0.00166886390017
413.75 0.00169068242646
413.76 0.00171161646223
413.77 0.00173160416299
413.78 0.00175058560382
413.79 0.00176850302475
413.8 0.00178530106835
413.81 0.00180092700813
413.82 0.00181533096656
413.83 0.00182846612155
413.84 0.00184028890036
413.85 0.00185075915964
413.86 0.00185984035097
413.87 0.00186749967071
413.88 0.00187370819351
413.89 0.00187844098882
413.9 0.00188167721959
413.91 0.00188340022289
413.92 0.00188359757185
413.93 0.00188226111879
413.94 0.00187938701926
413.95 0.00187497573692
413.96 0.00186903202942
413.97 0.00186156491531
413.98 0.00185258762226
413.99 0.00184211751711
414.0 0.00183017601809
414.01 0.00181678848976
414.02 0.00180198412162
414.03 0.00178579579078
414.04 0.0017682599099
414.05 0.00174941626115
414.06 0.00172930781727
414.07 0.00170798055075
414.08 0.00168548323238
414.09 0.00166186722026
414.1 0.00163718624052
414.11 0.00161149616106
414.12 0.00158485475951
414.13 0.00155732148676
414.14 0.00152895722736
414.15 0.00149982405807
414.16 0.00146998500582
414.17 0.0014395038064
414.18 0.0014084446651
414.19 0.00137687202038
414.2 0.00134485031199
414.21 0.00131244375428
414.22 0.00127971611606
414.23 0.00124673050783
414.24 0.00121354917731
414.25 0.00118023331415
414.26 0.00114684286451
414.27 0.0011134363563
414.28 0.00108007073559
414.29 0.00104680121473
414.3 0.00101368113266
414.31 0.000980761827648
414.32 0.000948092522918
414.33 0.000915720225089
414.34 0.000883689635742
414.35 0.00085204307602
414.36 0.000820820424231
414.37 0.000790059066328
414.38 0.000759793859041
414.39 0.000730057105411
414.4 0.000700878542387
414.41 0.000672285340085
414.42 0.000644302112289
414.43 0.000616950937684
414.44 0.000590251391301
414.45 0.000564220585609
414.46 0.000538873220646
414.47 0.000514221642575
414.48 0.000490275910024
414.49 0.000467043867539
414.5 0.000444531225506
414.51 0.000422741645853
414.52 0.000401676832872
414.53 0.000381336628501
414.54 0.000361719111403
414.55 0.000342820699218
414.56 0.000324636253354
414.57 0.000307159185726
414.58 0.00029038156687
414.59 0.000274294234874
414.6 0.00025888690463
414.61 0.000244148276905
414.62 0.000230066146779
414.63 0.000216627511053
414.64 0.000203818674228
414.65 0.000191625352718
414.66 0.000180032776991
414.67 0.000169025791373
414.68 0.000158588951269
414.69 0.000148706617618
414.7 0.000139363048409
414.71 0.000130542487134
414.72 0.000122229248075
414.73 0.000114407798375
414.74 0.000107062836828
414.75 0.000100179369405
414.76 9.37427815134e-05
414.77 8.77389070254e-05
414.78 8.21540941435e-05
414.79 7.69752681609e-05
414.8 7.21899912142e-05
414.81 6.77865191249e-05
414.82 6.37538554389e-05
414.83 6.00818027806e-05
414.84 5.67610116424e-05
414.85 5.37830267296e-05
414.86 5.1140330984e-05
414.87 4.88263874015e-05
414.88 4.68356787566e-05
414.89 4.51637453364e-05
414.9 4.38072207765e-05
414.91 4.27638660798e-05
414.92 4.20326018831e-05
414.93 4.16135390201e-05
414.94 4.15080074133e-05
414.95 4.17185833047e-05
414.96 4.22491148153e-05
414.97 4.31047458037e-05
414.98 4.42919379658e-05
414.99 4.58184910996e-05
415.0 4.76935614297e-05
415.01 4.99276778646e-05
415.02 5.25327560335e-05
415.03 5.55221099263e-05
415.04 5.89104609326e-05
415.05 6.27139440575e-05
415.06 6.6950111064e-05
415.07 7.1637930274e-05
415.08 7.6797782737e-05
415.09 8.24514544611e-05
415.1 8.86221243797e-05
415.11 9.53343477179e-05
415.12 0.000102614034408
415.13 0.000110488422195
415.14 0.000118986044072
415.15 0.000128136689673
415.16 0.000137971360261
415.17 0.000148522216955
415.18 0.000159822521836
415.19 0.0001719065716
415.2 0.000184809623429
415.21 0.000198567812797
415.22 0.000213218062911
415.23 0.000228797985571
415.24 0.000245345773223
415.25 0.000262900082045
415.26 0.000281499905951
415.27 0.000301184441424
415.28 0.000321992943172
415.29 0.000343964570647
415.3 0.000367138225519
415.31 0.000391552380282
415.32 0.000417244898229
415.33 0.000444252845103
415.34 0.000472612292814
415.35 0.000502358115689
415.36 0.000533523779795
415.37 0.000566141125965
415.38 0.000600240147241
415.39 0.000635848761508
415.4 0.000672992580213
415.41 0.000711694674109
415.42 0.000751975337057
415.43 0.000793851848993
415.44 0.000837338239241
415.45 0.00088244505142
415.46 0.000929179111244
415.47 0.000977543298594
415.48 0.00102753632527
415.49 0.00107915251987
415.5 0.00113238162133
415.51 0.00118720858257
415.52 0.00124361338585
415.53 0.00130157087134
415.54 0.00136105058042
415.55 0.00142201661531
415.56 0.00148442751635
415.57 0.00154823615859
415.58 0.00161338966893
415.59 0.0016798293652
415.6 0.00174749071839
415.61 0.00181630333934
415.62 0.00188619099071
415.63 0.00195707162541
415.64 0.00202885745218
415.65 0.00210145502912
415.66 0.00217476538552
415.67 0.00224868417269
415.68 0.00232310184372
415.69 0.00239790386236
415.7 0.00247297094098
415.71 0.00254817930715
415.72 0.00262340099841
415.73 0.00269850418468
415.74 0.00277335351721
415.75 0.00284781050323
415.76 0.00292173390493
415.77 0.0029949801614
415.78 0.00306740383191
415.79 0.00313885805874
415.8 0.0032091950476
415.81 0.00327826656358
415.82 0.00334592444043
415.83 0.00341202110056
415.84 0.00347641008365
415.85 0.00353894658085
415.86 0.00359948797219
415.87 0.00365789436435
415.88 0.00371402912585
415.89 0.00376775941706
415.9 0.00381895671192
415.91 0.00386749730869
415.92 0.00391326282681
415.93 0.00395614068712
415.94 0.0039960245727
415.95 0.00403281486766
415.96 0.00406641907151
415.97 0.00409675218641
415.98 0.00412373707529
415.99 0.00414730478866
416.0 0.0041673948581
416.01 0.00418395555472
416.02 0.00419694411108
416.03 0.00420632690526
416.04 0.00421207960577
416.05 0.00421418727679
416.06 0.0042126444427
416.07 0.00420745511182
416.08 0.00419863275903
416.09 0.0041862002675
416.1 0.00417018982978
416.11 0.00415064280889
416.12 0.00412760956033
416.13 0.00410114921585
416.14 0.00407132943063
416.15 0.004038226095
416.16 0.00400192301275
416.17 0.0039625115477
416.18 0.00392009024076
416.19 0.00387476439962
416.2 0.00382664566362
416.21 0.00377585154609
416.22 0.00372250495693
416.23 0.0036667337082
416.24 0.00360867000528
416.25 0.00354844992666
416.26 0.003486212895
416.27 0.00342210114254
416.28 0.00335625917356
416.29 0.00328883322668
416.3 0.00321997073993
416.31 0.00314981982116
416.32 0.00307852872641
416.33 0.00300624534884
416.34 0.00293311672052
416.35 0.00285928852941
416.36 0.00278490465359
416.37 0.00271010671482
416.38 0.00263503365308
416.39 0.00255982132391
416.4 0.00248460211977
416.41 0.00240950461694
416.42 0.00233465324887
416.43 0.00226016800691
416.44 0.00218616416921
416.45 0.00211275205813
416.46 0.00204003682668
416.47 0.00196811827402
416.48 0.00189709068997
416.49 0.00182704272842
416.5 0.0017580573092
416.51 0.00169021154785
416.52 0.00162357671272
416.53 0.00155821820852
416.54 0.00149419558538
416.55 0.00143156257239
416.56 0.00137036713448
416.57 0.0013106515513
416.58 0.00125245251698
416.59 0.00119580125908
416.6 0.00114072367555
416.61 0.00108724048811
416.62 0.00103536741045
416.63 0.000985115329852
416.64 0.00093649050058
416.65 0.000889494747565
416.66 0.000844125678802
416.67 0.000800376904985
416.68 0.000758238264895
416.69 0.000717696055106
416.7 0.000678733262622
416.71 0.00064132979913
416.72 0.000605462735569
416.73 0.000571106535846
416.74 0.000538233288539
416.75 0.000506812935551
416.76 0.000476813496718
416.77 0.000448201289478
416.78 0.000420941142787
416.79 0.000394996604537
416.8 0.000370330141817
416.81 0.000346903333466
416.82 0.000324677054389
416.83 0.000303611651262
416.84 0.000283667109248
416.85 0.000264803209503
416.86 0.000246979677234
416.87 0.000230156320229
416.88 0.000214293157762
416.89 0.000199350539894
416.9 0.000185289257224
416.91 0.000172070641184
416.92 0.000159656655055
416.93 0.000148009975884
416.94 0.000137094067552
416.95 0.000126873245264
416.96 0.000117312731755
416.97 0.000108378705558
416.98 0.000100038341668
416.99 9.22598449792e-05
417.0 8.50124768832e-05
417.01 7.826657541e-05
417.02 7.19935693234e-05
417.03 6.61659865694e-05
417.04 6.07574574865e-05
417.05 5.57427131796e-05
417.06 5.10975794578e-05
417.07 4.67989667288e-05
417.08 4.28248562338e-05
417.09 3.9154282995e-05
417.1 3.57673158396e-05
417.11 3.26450348441e-05
417.12 2.97695065359e-05
417.13 2.71237571656e-05
417.14 2.4691744354e-05
417.15 2.24583273953e-05
417.16 2.04092364851e-05
417.17 1.85310411203e-05
417.18 1.6811117904e-05
417.19 1.52376179676e-05
417.2 1.3799434208e-05
417.21 1.24861685182e-05
417.22 1.12880991747e-05
417.23 1.01961485275e-05
417.24 9.20185112387e-06
417.25 8.29732238261e-06
417.26 7.47522791858e-06
417.27 6.72875360706e-06
417.28 6.05157646212e-06
417.29 5.43783639238e-06
417.3 4.88210888561e-06
417.31 4.37937866347e-06
417.32 3.92501433775e-06
417.33 3.51474409063e-06
417.34 3.14463239318e-06
417.35 2.81105776902e-06
417.36 2.51069160331e-06
417.37 2.24047799105e-06
417.38 1.99761461373e-06
417.39 1.77953462815e-06
417.4 1.58388954765e-06
417.41 1.40853309213e-06
417.42 1.2515059803e-06
417.43 1.11102163525e-06
417.44 9.85452772331e-07
417.45 8.73318836659e-07
417.46 7.73274256434e-07
417.47 6.84097477467e-07
417.48 6.04680743625e-07
417.49 5.34020587808e-07
417.5 4.71208998005e-07
417.51 4.15425223272e-07
417.52 3.65928184895e-07
417.53 3.22049458641e-07
417.54 2.83186794753e-07
417.55 2.48798143267e-07
417.56 2.18396153199e-07
417.57 1.91543115262e-07
417.58 1.67846318913e-07
417.59 1.46953795716e-07
417.6 1.28550422284e-07
417.61 1.1235435727e-07
417.62 9.81137881907e-08
417.63 8.56039651002e-08
417.64 7.46244994092e-08
417.65 6.49969073736e-08
417.66 5.65623789988e-08
417.67 4.91797542856e-08
417.68 4.27236898969e-08
417.69 3.70830004349e-08
417.7 3.21591595866e-08
417.71 2.78649474223e-08
417.72 2.41232311085e-08
417.73 2.08658672311e-08
417.74 1.80327148082e-08
417.75 1.55707489084e-08
417.76 1.34332655813e-08
417.77 1.15791695485e-08
417.78 9.97233680223e-09
417.79 8.58104491041e-09
417.8 7.37746443562e-09
417.81 6.33720544575e-09
417.82 5.43891361909e-09
417.83 4.66391093819e-09
417.84 3.9958764186e-09
417.85 3.42056273798e-09
417.86 2.92554501608e-09
417.87 2.4999983514e-09
417.88 2.13450104605e-09
417.89 1.82086074874e-09
417.9 1.55196101936e-09
417.91 1.32162606775e-09
417.92 1.12450164684e-09
417.93 9.55950287215e-10
417.94 8.11959248132e-10
417.95 6.89059730538e-10
417.96 5.84256051995e-10
417.97 4.94963623013e-10
417.98 4.18954690187e-10
417.99 3.5431092513e-10
418.0 2.99382040242e-10
418.01 2.52749704187e-10
418.02 2.13196112209e-10
418.03 1.79676640183e-10
418.04 1.512960772e-10
418.05 1.2728799043e-10
418.06 1.06996828487e-10
418.07 8.98624163122e-11
418.08 7.54065362074e-11
418.09 6.32213265548e-11
418.1 5.29592625622e-11
418.11 4.43245123634e-11
418.12 3.70654874759e-11
418.13 3.09684292853e-11
418.14 2.5851893218e-11
418.15 2.15620098812e-11
418.16 1.79684179391e-11
418.17 1.49607771163e-11
418.18 1.24457816605e-11
418.19 1.03446050712e-11
418.2 8.59071606031e-12
418.21 7.12801372685e-12
418.22 5.90923691572e-12
418.23 4.89460883329e-12
418.24 4.05068330038e-12
418.25 3.349363644e-12
418.26 2.76706924157e-12
418.27 2.28402821341e-12
418.28 1.88367777693e-12
418.29 1.5521563878e-12
418.3 1.27787405155e-12
418.31 1.05114913895e-12
418.32 8.639017203e-13
418.33 7.09394882609e-13
418.34 5.82016740226e-13
418.35 4.77096920836e-13
418.36 3.9075222857e-13
418.37 3.19756974521e-13
418.38 2.61434140419e-13
418.39 2.13564119006e-13
418.4 1.74308268357e-13
418.41 1.42144938832e-13
418.42 1.15815990544e-13
418.43 9.42821252199e-14
418.44 7.66856165115e-14
418.45 6.23192439554e-14
418.46 5.06004234125e-14
418.47 4.10496859063e-14
418.48 3.32727914919e-14
418.49 2.69458787348e-14
418.5 2.18031466555e-14
418.51 1.76266472576e-14
418.52 1.42378352599e-14
418.53 1.14905793488e-14
418.54 9.26538779751e-15
418.55 7.4646420807e-15
418.56 6.00866634553e-15
418.57 4.83248930302e-15
418.58 3.88317914381e-15
418.59 3.11765219726e-15
418.6 2.50087286334e-15
418.61 2.00437638188e-15
418.62 1.60505770875e-15
418.63 1.28417951953e-15
418.64 1.02656047642e-15
418.65 8.19911640213e-16
418.66 6.54294511417e-16
418.67 5.21678831982e-16
418.68 4.15582130289e-16
418.69 3.30776180145e-16
418.7 2.63048180859e-16
418.71 2.09006643272e-16
418.72 1.65923763748e-16
418.73 1.3160754963e-16
418.74 1.04298179583e-16
418.75 8.25840858869e-17
418.76 6.53340704009e-17
418.77 5.16424430005e-17
418.78 4.07847264739e-17
418.79 3.21819267287e-17
418.8 2.53717393946e-17
418.81 1.99853682327e-17
418.82 1.57288793012e-17
418.83 1.23682176032e-17
418.84 9.71717821206e-18
418.85 7.62775842806e-18
418.86 5.98242696944e-18
418.87 4.68793512951e-18
418.88 3.67036701773e-18
418.89 2.87118453676e-18
418.9 2.24407016395e-18
418.91 1.75240897743e-18
418.92 1.36728238782e-18
418.93 1.06587108886e-18
418.94 8.30184953133e-19
418.95 6.46053889457e-19
418.96 5.02326796026e-19
418.97 3.90236293916e-19
418.98 3.02895404126e-19
418.99 2.34899137189e-19
419.0 1.82009422575e-19
419.01 1.40906177871e-19
419.02 1.08990817476e-19
419.03 8.42312988923e-20
419.04 6.50400397666e-20
419.05 5.01778225068e-20
419.06 3.86782250728e-20
419.07 2.97882489084e-20
419.08 2.29217158492e-20
419.09 1.7622721881e-20
419.1 1.3537004169e-20
419.11 1.03895287816e-20
419.12 7.96696392934e-21
419.13 6.10398649054e-21
419.14 4.67259337771e-21
419.15 3.5737661175e-21
419.16 2.73097659019e-21
419.17 2.08513193736e-21
419.18 1.59064335562e-21
419.19 1.21237173734e-21
419.2 9.23256776593e-22
419.21 7.0247830609e-22
419.22 5.34031706052e-22
419.23 4.05625155151e-22
419.24 3.07826802146e-22
419.25 2.33405826772e-22
419.26 1.76823779482e-22
419.27 1.33842289492e-22
419.28 1.01220798142e-22
419.29 7.64838727779e-23
419.3 5.77422490926e-23
419.31 4.35553225086e-23
419.32 3.28255857356e-23
419.33 2.47176653064e-23
419.34 1.85962819763e-23
419.35 1.39787555643e-23
419.36 1.04986778886e-23
419.37 7.87815324262e-24
419.38 5.90660528677e-24
419.39 4.42461194843e-24
419.4 3.31158676556e-24
419.41 2.47640003415e-24
419.42 1.8502447341e-24
419.43 1.38121493241e-24
419.44 1.03018937267e-24
419.45 7.67708905461e-25
419.46 5.716099817e-25
419.47 4.25232786261e-25
419.48 3.16065717928e-25
419.49 2.34720896739e-25
419.5 1.74160567538e-25
419.51 1.29113489666e-25
419.52 9.56350567538e-26
419.53 7.07760519469e-26
419.54 5.23334370762e-26
419.55 3.86630309141e-26
419.56 2.85388354439e-26
419.57 2.10474899307e-26
419.58 1.55091532022e-26
419.59 1.14182506994e-26
419.6 8.39913911962e-27
419.61 6.17296319964e-27
419.62 4.53290182993e-27
419.63 3.32569679338e-27
419.64 2.43788212101e-27
419.65 1.78552717962e-27
419.66 1.3066038729e-27
419.67 9.55311771689e-28
419.68 6.97862770056e-28
419.69 5.09352735798e-28
419.7 3.71441965568e-28
419.71 2.70636898016e-28
419.72 1.97018386342e-28
419.73 1.43301329913e-28
419.74 1.0413995762e-28
419.75 7.56150571629e-29
419.76 5.48558419936e-29
419.77 3.97613570816e-29
419.78 2.87954072086e-29
419.79 2.08357415958e-29
419.8 1.50632406151e-29
419.81 1.08805682296e-29
419.82 7.85250917316e-30
419.83 5.6622500027e-30
419.84 4.07937228887e-30
419.85 2.93644150982e-30
419.86 2.11189868824e-30
419.87 1.51756925246e-30
419.88 1.08955126556e-30
419.89 7.81574772309e-31
419.9 5.60166468639e-31
419.91 4.01132081256e-31
419.92 2.86999670183e-31
419.93 2.05163033084e-31
419.94 1.4653471931e-31
419.95 1.04569654975e-31
419.96 7.45580474233e-32
419.97 5.31137651829e-32
419.98 3.78044883851e-32
419.99 2.68845860182e-32
420.0 1.9102361266e-32
420.01 1.35610859203e-32
420.02 9.61890406833e-33
420.03 6.81679810847e-33
420.04 4.82679642785e-33
420.05 3.41476833853e-33
420.06 2.41372185019e-33
420.07 1.70465662347e-33
420.08 1.2028467834e-33
420.09 8.48022596277e-34
420.1 5.97349150551e-34
420.11 4.20409759069e-34
420.12 2.95624919457e-34
420.13 2.07698329316e-34
420.14 1.4579703065e-34
420.15 1.02255827485e-34
420.16 7.16557702023e-35
420.17 5.01692931162e-35
420.18 3.50952635252e-35
420.19 2.45291639646e-35
420.2 1.71293426605e-35
420.21 1.19514984823e-35
420.22 8.33158705685e-36
420.23 5.80305684887e-36
420.24 4.03840272302e-36
420.25 2.80792911196e-36
420.26 1.95068150146e-36
420.27 1.35397393523e-36
420.28 9.38983487419e-37
420.29 6.50622860168e-37
420.3 4.50426978138e-37
420.31 3.11561067378e-37
420.32 2.15320650924e-37
420.33 1.48679775808e-37
420.34 1.02575070371e-37
420.35 7.07058686491e-38
420.36 4.86959466735e-38
420.37 3.35084143192e-38
420.38 2.30376752914e-38
420.39 1.58251247149e-38
420.4 1.08612382989e-38
420.41 7.44792433519e-39
420.42 5.10287443604e-39
420.43 3.49315792591e-39
420.44 2.3891602013e-39
420.45 1.63266106209e-39
420.46 1.11473211027e-39
420.47 7.60446560497e-40
420.48 5.18311209031e-40
420.49 3.52968715615e-40
420.5 2.40162690772e-40
420.51 1.63267062636e-40
420.52 1.10895859299e-40
420.53 7.52585409132e-41
420.54 5.10293422242e-41
420.55 3.45706749656e-41
420.56 2.34001941119e-41
420.57 1.58254028316e-41
420.58 1.06933504446e-41
420.59 7.2193240883e-42
420.6 4.86970877447e-42
420.61 3.28195901536e-42
420.62 2.20997331411e-42
420.63 1.48684130757e-42
420.64 9.99461154713e-43
420.65 6.71260254243e-43
420.66 4.50442810224e-43
420.67 3.02003584733e-43
420.68 2.02305760526e-43
420.69 1.35402945813e-43
420.7 9.0546504474e-44
420.71 6.0497715866e-44
420.72 4.03859198556e-44
420.73 2.69367188159e-44
420.74 1.79507715154e-44
420.75 1.19521286138e-44
420.76 7.95117128325e-45
420.77 5.28494744406e-45
420.78 3.50973194919e-45
420.79 2.32879327276e-45
420.8 1.54387323829e-45
420.81 1.02262416942e-45
420.82 6.76774800045e-46
420.83 4.47503068933e-46
420.84 2.95645701699e-46
420.85 1.95151023394e-46
420.86 1.28704523015e-46
420.87 8.48087179865e-47
420.88 5.58355629983e-47
420.89 3.67286540329e-47
420.9 2.41391981497e-47
420.91 1.5851281498e-47
420.92 1.03999111714e-47
420.93 6.81739713441e-48
420.94 4.46510082584e-48
420.95 2.92191554499e-48
420.96 1.91041517986e-48
420.97 1.24799134703e-48
420.98 8.1455253676e-49
420.99 5.31190549006e-49
421.0 3.46102941867e-49
421.01 2.2531180911e-49
421.02 1.46550171527e-49
421.03 9.52384722176e-50
421.04 6.18389663125e-50
421.05 4.01176731108e-50
421.06 2.6003569154e-50
421.07 1.68404580802e-50
421.08 1.08967892648e-50
421.09 7.04477157861e-51
421.1 4.55049867704e-51
421.11 2.93680277177e-51
421.12 1.89371353327e-51
421.13 1.22004962784e-51
421.14 7.85352125114e-52
421.15 5.050973177e-52
421.16 3.24570775879e-52
421.17 2.08385491033e-52
421.18 1.33674711092e-52
421.19 8.56751242882e-53
421.2 5.48635549259e-53
421.21 3.51024038651e-53
421.22 2.24395159884e-53
421.23 1.43322318195e-53
421.24 9.14614064871e-54
421.25 5.831571968e-54
421.26 3.71498544175e-54
421.27 2.36457070758e-54
421.28 1.50373464872e-54
421.29 9.55462883391e-55
421.3 6.06568911098e-55
421.31 3.84742521045e-55
421.32 2.43828203004e-55
421.33 1.54390794468e-55
421.34 9.76748107851e-56
421.35 6.17401197732e-56
421.36 3.89920500446e-56
421.37 2.46041509786e-56
421.38 1.55118790547e-56
421.39 9.77111554708e-57
421.4 6.14961037288e-57
421.41 3.86700527695e-57
421.42 2.4295488816e-57
421.43 1.52510670509e-57
421.44 9.5652986026e-58
421.45 5.99405255137e-58
421.46 3.75289378253e-58
421.47 2.34766276535e-58
421.48 1.46733360401e-58
421.49 9.16316965946e-59
421.5 5.71723843181e-59
421.51 3.56410584963e-59
421.52 2.21992649846e-59
421.53 1.38149815552e-59
421.54 8.58985308645e-60
421.55 5.33635699113e-60
421.56 3.31228522195e-60
421.57 2.0541601091e-60
421.58 1.27281289884e-60
421.59 7.87986100748e-61
421.6 4.87412046609e-61
421.61 3.01229619337e-61
421.62 1.86004220962e-61
421.63 1.14755005713e-61
421.64 7.07366015178e-62
421.65 4.35652745073e-62
421.66 2.68077541278e-62
421.67 1.64817803049e-62
421.68 1.01244519278e-62
421.69 6.21387677808e-63
421.7 3.81046049697e-63
421.71 2.33461893158e-63
421.72 1.4291514514e-63
421.73 8.74106236831e-64
421.74 5.34163114903e-64
421.75 3.26142416758e-64
421.76 1.98959365313e-64
421.77 1.21267716884e-64
421.78 7.38498687776e-65
421.79 4.49342986303e-65
421.8 2.7316806045e-65
421.81 1.65922614876e-65
421.82 1.00694316946e-65
421.83 6.10559579487e-66
421.84 3.69891925808e-66
421.85 2.23895500428e-66
421.86 1.35406524961e-66
421.87 8.18196339073e-67
421.88 4.93968418849e-67
421.89 2.97964516206e-67
421.9 1.79578204534e-67
421.91 1.08135032334e-67
421.92 6.50583307878e-68
421.93 3.91077770561e-68
421.94 2.34880551308e-68
421.95 1.40946630179e-68
421.96 8.45057088231e-69
421.97 5.0622211423e-69
421.98 3.02984136306e-69
421.99 1.81185058129e-69
422.0 1.08255153854e-69
422.01 6.46246934501e-70
422.02 3.85453614882e-70
422.03 2.29704478377e-70
422.04 1.36769895262e-70
422.05 8.13645597325e-71
422.06 4.83619446595e-71
422.07 2.87207611458e-71
422.08 1.70416580688e-71
422.09 1.01030257911e-71
422.1 5.98431972581e-72
422.11 3.54161891238e-72
422.12 2.09417311645e-72
422.13 1.23722032117e-72
422.14 7.30306593455e-73
422.15 4.30712138232e-73
422.16 2.53800640135e-73
422.17 1.49424574445e-73
422.18 8.78972028348e-74
422.19 5.16596898194e-74
422.2 3.03355760469e-74
422.21 1.77982134467e-74
422.22 1.04333622819e-74
422.23 6.11076914913e-75
422.24 3.5759478732e-75
422.25 2.09078893964e-75
422.26 1.22138595339e-75
422.27 7.12884809474e-76
422.28 4.15728226617e-76
422.29 2.42227461179e-76
422.3 1.41013585179e-76
422.31 8.20204681857e-77
422.32 4.76658394753e-77
422.33 2.76768054332e-77
422.34 1.60564077254e-77
422.35 9.30688885309e-78
422.36 5.3899455702e-78
422.37 3.11880300617e-78
422.38 1.8030809347e-78
422.39 1.04151663519e-78
422.4 6.01091951748e-79
422.41 3.46608594859e-79
422.42 1.99692362433e-79
422.43 1.14949555051e-79
422.44 6.61114749954e-80
422.45 3.79900715384e-80
422.46 2.18115780989e-80
422.47 1.25120300346e-80
422.48 7.17120570591e-81
422.49 4.10658006993e-81
422.5 2.34959020106e-81
422.51 1.34315972844e-81
422.52 7.6716170238e-82
422.53 4.37794074282e-82
422.54 2.49618377591e-82
422.55 1.4220240644e-82
422.56 8.09395989375e-83
422.57 4.60297761472e-83
422.58 2.61541367442e-83
422.59 1.48479203726e-83
422.6 8.42198729769e-84
422.61 4.77295397814e-84
422.62 2.70261152283e-84
422.63 1.52898672171e-84
422.64 8.64266174773e-85
422.65 4.88106994309e-85
422.66 2.7542683921e-85
422.67 1.55282029298e-85
422.68 8.74701457683e-86
422.69 4.92291361537e-86
422.7 2.76826901915e-86
422.71 1.55531400329e-86
422.72 8.73075064093e-87
422.73 4.89675977935e-87
422.74 2.74403550665e-87
422.75 1.53636486403e-87
422.76 8.59454161571e-88
422.77 4.8036879059e-88
422.78 2.68256689668e-88
422.79 1.49675270217e-88
422.8 8.34397997677e-89
422.81 4.64750823629e-89
422.82 2.5863708417e-89
422.83 1.43808691713e-89
422.84 7.98919805727e-90
422.85 4.43450299565e-90
422.86 2.45929388548e-90
422.87 1.36269800436e-90
422.88 7.54418834553e-91
422.89 4.17300723058e-91
422.9 2.30626636188e-91
422.91 1.27348403423e-91
422.92 7.02588855927e-92
422.93 3.87286823936e-92
422.94 2.13298548137e-92
422.95 1.17372617362e-92
422.96 6.45311480763e-93
422.97 3.54483240128e-93
422.98 1.94556495194e-93
422.99 1.06688958142e-93
423.0 5.84543622422e-94
423.01 3.19991241617e-94
423.02 1.75018101692e-94
423.03 9.56426408088e-95
423.04 5.22208409732e-95
423.05 2.84878632866e-95
423.06 1.55274308557e-95
423.07 8.45596241581e-96
423.08 4.60097842225e-96
423.09 2.50127280641e-96
423.1 1.3586126033e-96
423.11 7.37316459638e-97
423.12 3.99793686597e-97
423.13 2.16591618517e-97
423.14 1.17238721614e-97
423.15 6.34051032708e-98
423.16 3.42610814072e-98
423.17 1.84970142806e-98
423.18 9.97759587035e-99
423.19 5.37741927434e-99
423.2 2.89564689938e-99
423.21 1.55790516499e-99
423.22 8.37452425482e-100
423.23 4.49782946164e-100
423.24 2.41362356546e-100
423.25 1.2940760587e-100
423.26 6.93224303597e-101
423.27 3.71032087907e-101
423.28 1.98414256009e-101
423.29 1.0601272257e-101
423.3 5.65935341568e-102
423.31 3.0185568237e-102
423.32 1.60862794292e-102
423.33 8.56516184238e-103
423.34 4.55658263991e-103
423.35 2.42195818819e-103
423.36 1.28622736174e-103
423.37 6.82484133371e-104
423.38 3.61818764967e-104
423.39 1.91651987346e-104
423.4 1.01428331116e-104
423.41 5.36326115761e-105
423.42 2.83349416492e-105
423.43 1.49568250185e-105
423.44 7.88824181585e-106
423.45 4.15666218728e-106
423.46 2.18843150572e-106
423.47 1.15118440783e-106
423.48 6.05035073857e-107
423.49 3.17716607527e-107
423.5 1.66695161586e-107
423.51 8.73835702158e-108
423.52 4.57678263922e-108
423.53 2.39504954939e-108
423.54 1.25225400806e-108
423.55 6.54175192186e-109
423.56 3.41443951195e-109
423.57 1.78060869065e-109
423.58 9.27772010786e-110
423.59 4.82989574868e-110
423.6 2.51222168236e-110
423.61 1.30557514893e-110
423.62 6.77906038879e-111
423.63 3.51690666694e-111
423.64 1.82295478031e-111
423.65 9.44092746895e-112
423.66 4.88514140111e-112
423.67 2.52559279123e-112
423.68 1.30458755749e-112
423.69 6.73297260563e-113
423.7 3.47187575697e-113
423.71 1.78873174949e-113
423.72 9.20767471942e-114
423.73 4.73563731402e-114
423.74 2.43349586012e-114
423.75 1.24941438583e-114
423.76 6.40923366237e-115
423.77 3.28495496808e-115
423.78 1.68219542802e-115
423.79 8.60690855302e-116
423.8 4.3998882027e-116
423.81 2.24729355868e-116
423.82 1.14683697072e-116
423.83 5.8474602108e-117
423.84 2.97890448459e-117
423.85 1.51624573993e-117
423.86 7.71092220557e-118
423.87 3.91802102374e-118
423.88 1.98907388278e-118
423.89 1.00892476063e-118
423.9 5.11317148628e-119
423.91 2.58908106684e-119
423.92 1.30985931175e-119
423.93 6.62105761909e-120
423.94 3.34390395747e-120
423.95 1.687345182e-120
423.96 8.50702656045e-121
423.97 4.2852420141e-121
423.98 2.15673423535e-121
423.99 1.08453013207e-121
424.0 5.44891867053e-122
424.01 2.73528599143e-122
424.02 1.37188866963e-122
424.03 6.87477849565e-123
424.04 3.442090327e-123
424.05 1.72190635308e-123
424.06 8.60637977676e-124
424.07 4.29788902026e-124
424.08 2.14443852145e-124
424.09 1.06904433283e-124
424.1 5.32477846254e-125
424.11 2.64990975696e-125
424.12 1.31760227889e-125
424.13 6.54577846359e-126
424.14 3.2490917916e-126
424.15 1.61133697015e-126
424.16 7.98425639216e-127
424.17 3.9528131918e-127
424.18 1.95524785614e-127
424.19 9.66320201868e-128
424.2 4.77159980434e-128
424.21 2.35413127874e-128
424.22 1.16043563254e-128
424.23 5.71524887045e-129
424.24 2.81237319274e-129
424.25 1.3827207025e-129
424.26 6.79234432345e-130
424.27 3.33371626606e-130
424.28 1.63478742065e-130
424.29 8.00972587276e-131
424.3 3.92100802437e-131
424.31 1.91779208441e-131
424.32 9.37192975847e-132
424.33 4.57593914983e-132
424.34 2.23231341342e-132
424.35 1.08806241709e-132
424.36 5.29878334694e-133
424.37 2.5782333895e-133
424.38 1.25340668501e-133
424.39 6.08815214952e-134
424.4 2.95462726146e-134
424.41 1.43266158618e-134
424.42 6.94077945147e-135
424.43 3.35966972117e-135
424.44 1.62483265455e-135
424.45 7.8513512008e-136
424.46 3.79056442691e-136
424.47 1.82846677567e-136
424.48 8.8123954308e-137
424.49 4.24350377054e-137
424.5 2.04163884741e-137
424.51 9.81424649345e-138
424.52 4.71366500837e-138
424.53 2.26195614515e-138
424.54 1.0845094955e-138
424.55 5.19524759127e-139
424.56 2.48658238622e-139
424.57 1.18911311427e-139
424.58 5.6815547636e-140
424.59 2.71228260062e-140
424.6 1.29367859159e-140
424.61 6.1651203246e-141
424.62 2.93548885247e-141
424.63 1.39650670863e-141
424.64 6.63787897213e-142
424.65 3.15238567665e-142
424.66 1.495798433e-142
424.67 7.09137602585e-143
424.68 3.35901287261e-143
424.69 1.58970497754e-143
424.7 7.5170097309e-144
424.71 3.55138211597e-144
424.72 1.67638361254e-144
424.73 7.9062969648e-145
424.74 3.72560279777e-145
424.75 1.75405695898e-145
424.76 8.25115119789e-146
424.77 3.87801166707e-146
424.78 1.82107314415e-146
424.79 8.54416016202e-147
424.8 4.00530030913e-147
424.81 1.8759640006e-147
424.82 8.77885000082e-148
424.83 4.10463429567e-148
424.84 1.91749845623e-148
424.85 8.94992279459e-149
424.86 4.17375802814e-149
424.87 1.94472840851e-149
424.88 9.05345530453e-150
424.89 4.21107986302e-150
424.9 1.95702469716e-150
424.91 9.08704852887e-151
424.92 4.215733034e-151
424.93 1.95410126963e-151
424.94 9.04992011057e-152
424.95 4.18760911507e-152
424.96 1.93602624332e-152
424.97 8.94293462607e-153
424.98 4.12736222041e-153
424.99 1.90321926713e-153
425.0 8.76857011777e-154
425.01 4.03638371403e-154
425.02 1.8564353251e-154
425.03 8.53082267919e-155
425.04 3.91674879443e-155
425.05 1.79673585496e-155
425.06 8.23505422296e-156
425.07 3.77113781788e-156
425.08 1.72544872438e-156
425.09 7.88779152917e-157
425.1 3.60273652485e-157
425.11 1.64411917175e-157
425.12 7.49648708649e-158
425.13 3.41512035284e-158
425.14 1.55445424053e-158
425.15 7.06925394869e-159
425.16 3.21212869224e-159
425.17 1.45826349073e-159
425.18 6.61458773919e-160
425.19 2.99773523565e-160
425.2 1.35739884821e-160
425.21 6.14108901486e-161
425.22 2.77592048112e-161
425.23 1.25369635258e-161
425.24 5.65719848036e-162
425.25 2.55055199993e-162
425.26 1.1489223052e-162
425.27 5.17095611637e-163
425.28 2.32527732088e-163
425.29 1.0447259253e-163
425.3 4.6897932881e-164
425.31 2.103433285e-164
425.32 9.42600130816e-165
425.33 4.22036450638e-165
425.34 1.88797457163e-165
425.35 8.43851510087e-166
425.36 3.76842291212e-166
425.37 1.68142287657e-166
425.38 7.49579983268e-167
425.39 3.33874093537e-167
425.4 1.4858370234e-167
425.41 6.60668106588e-168
425.42 2.93507511824e-168
425.43 1.30280318623e-168
425.44 5.77779482842e-169
425.45 2.56017193299e-169
425.46 1.13344346001e-169
425.47 5.01365334093e-170
425.48 2.2158096838e-170
425.49 9.78440278024e-171
425.5 4.31677985402e-171
425.51 1.90287032109e-171
425.52 8.3807366968e-172
425.53 3.68789810082e-172
425.54 1.6214342464e-172
425.55 7.12268081366e-173
425.56 3.12616097078e-173
425.57 1.37089093005e-173
425.58 6.00645436733e-174
425.59 2.62940311648e-174
425.6 1.1500583545e-174
425.61 5.0258126324e-175
425.62 2.19440317262e-175
425.63 9.57304860352e-176
425.64 4.17261022326e-176
425.65 1.81714291108e-176
425.66 7.90667819322e-177
425.67 3.43734207826e-177
425.68 1.49305277298e-177
425.69 6.47964592518e-178
425.7 2.80964275988e-178
425.71 1.21723559922e-178
425.72 5.26892357421e-179
425.73 2.27872997725e-179
425.74 9.84662831159e-180
425.75 4.25114517324e-180
425.76 1.8337834125e-180
425.77 7.90339806802e-181
425.78 3.40332469815e-181
425.79 1.46425470071e-181
425.8 6.29438902372e-182
425.81 2.70342451305e-182
425.82 1.16010854691e-182
425.83 4.97401073113e-183
425.84 2.13077955924e-183
425.85 9.11998320227e-184
425.86 3.90007777198e-184
425.87 1.66638830487e-184
425.88 7.11381985087e-185
425.89 3.03426305742e-185
425.9 1.29308569885e-185
425.91 5.50585918758e-186
425.92 2.34232203601e-186
425.93 9.95615893211e-187
425.94 4.22825089805e-187
425.95 1.79412786489e-187
425.96 7.60623511041e-188
425.97 3.22188334625e-188
425.98 1.36355792263e-188
425.99 5.76582003202e-189
426.0 2.43597197041e-189
426.01 1.02827009e-189
426.02 4.33676443253e-190
426.03 1.82746123846e-190
426.04 7.69403625124e-191
426.05 3.23656247685e-191
426.06 1.36030869468e-191
426.07 5.71234811179e-192
426.08 2.39671045137e-192
426.09 1.0047087542e-192
426.1 4.20812387307e-193
426.11 1.76100487068e-193
426.12 7.36302561482e-194
426.13 3.07592525562e-194
426.14 1.28386381051e-194
426.15 5.35409223897e-195
426.16 2.23088124819e-195
426.17 9.28732769911e-196
426.18 3.86303638691e-196
426.19 1.60542691846e-196
426.2 6.66616401361e-197
426.21 2.76557322235e-197
426.22 1.14635212592e-197
426.23 4.74760558902e-198
426.24 1.96451313387e-198
426.25 8.12192459989e-199
426.26 3.35495487076e-199
426.27 1.38464398802e-199
426.28 5.7096998493e-200
426.29 2.3524052792e-200
426.3 9.68355279358e-201
426.31 3.98273138446e-201
426.32 1.63663193311e-201
426.33 6.71962036178e-202
426.34 2.75652646671e-202
426.35 1.12980452157e-202
426.36 4.62666614866e-203
426.37 1.89302665685e-203
426.38 7.73871778039e-204
426.39 3.16085810819e-204
426.4 1.28992572799e-204
426.41 5.25954435297e-205
426.42 2.14266981314e-205
426.43 8.72139773958e-206
426.44 3.54683223857e-206
426.45 1.44118228163e-206
426.46 5.85087599246e-207
426.47 2.37326691725e-207
426.48 9.61824841639e-208
426.49 3.89465602146e-208
426.5 1.57567242925e-208
426.51 6.36922333799e-209
426.52 2.57235398469e-209
426.53 1.0380032159e-209
426.54 4.18495101005e-210
426.55 1.68579891625e-210
426.56 6.78492224002e-211
426.57 2.72839780587e-211
426.58 1.09621116483e-211
426.59 4.40052469914e-212
426.6 1.76497442758e-212
426.61 7.07287665265e-213
426.62 2.8318970671e-213
426.63 1.13287646767e-213
426.64 4.52805152509e-214
426.65 1.80827249742e-214
426.66 7.21506264933e-215
426.67 2.87633885805e-215
426.68 1.14568097916e-215
426.69 4.55943543202e-216
426.7 1.81293464906e-216
426.71 7.2023950942e-217
426.72 2.85887683599e-217
426.73 1.13380315929e-217
426.74 4.49266040787e-218
426.75 1.77866121186e-218
426.76 7.03568826774e-219
426.77 2.78063289266e-219
426.78 1.09800529722e-219
426.79 4.33200478192e-220
426.8 1.70764319535e-220
426.81 6.72556925217e-221
426.82 2.64657788057e-221
426.83 1.04055255635e-221
426.84 4.08758761911e-222
426.85 1.60433050787e-222
426.86 6.29135688338e-223
426.87 2.46500902531e-223
426.88 9.64975791576e-224
426.89 3.77431406416e-224
426.9 1.474970604e-224
426.91 5.75907065971e-225
426.92 2.24670039489e-225
426.93 8.75712660966e-226
426.94 3.41037242683e-226
426.95 1.32698404286e-226
426.96 5.15885480688e-227
426.97 2.00384729286e-227
426.98 7.77677710968e-228
426.99 3.01549348106e-228
427.0 1.16826360845e-228
427.01 4.52217136572e-229
427.02 1.7489479928e-229
427.03 6.75819140271e-230
427.04 2.60920253732e-230
427.05 1.00648848211e-230
427.06 3.87912289728e-231
427.07 1.49376397434e-231
427.08 5.74717122025e-232
427.09 2.20927614415e-232
427.1 8.48534652476e-233
427.11 3.25621351816e-233
427.12 1.24847508442e-233
427.13 4.78267199191e-234
427.14 1.83056446077e-234
427.15 7.00040503953e-235
427.16 2.67476125413e-235
427.17 1.02110544188e-235
427.18 3.89475255119e-236
427.19 1.48426983973e-236
427.2 5.65157593837e-237
427.21 2.15005705486e-237
427.22 8.17248466724e-238
427.23 3.10371586889e-238
427.24 1.17769684468e-238
427.25 4.46486959232e-239
427.26 1.6912498011e-239
427.27 6.40074389729e-240
427.28 2.42034266017e-240
427.29 9.1442264583e-241
427.3 3.45176167692e-241
427.31 1.30184219894e-241
427.32 4.90568434056e-242
427.33 1.84699009799e-242
427.34 6.94789500628e-243
427.35 2.61135333673e-243
427.36 9.8062225244e-244
427.37 3.67926917078e-244
427.38 1.379256665e-244
427.39 5.16597539842e-245
427.4 1.93322894302e-245
427.41 7.22832973955e-246
427.42 2.70032685603e-246
427.43 1.00790228103e-246
427.44 3.75875685328e-247
427.45 1.40053430286e-247
427.46 5.21395141787e-248
427.47 1.93938451027e-248
427.48 7.20749877929e-249
427.49 2.6762639552e-249
427.5 9.92880599458e-250
427.51 3.68034741819e-250
427.52 1.36302657113e-250
427.53 5.04363371958e-251
427.54 1.86468926027e-251
427.55 6.88799957952e-252
427.56 2.54216342964e-252
427.57 9.37427164694e-253
427.58 3.4537851214e-253
427.59 1.27138419048e-253
427.6 4.6760808514e-254
427.61 1.71834723792e-254
427.62 6.30904404201e-255
427.63 2.31440789223e-255
427.64 8.48281423677e-256
427.65 3.10644539555e-256
427.66 1.13660929699e-256
427.67 4.15510876614e-257
427.68 1.5176698327e-257
427.69 5.53854793874e-258
427.7 2.0194739207e-258
427.71 7.35705989343e-259
427.72 2.67789809714e-259
427.73 9.73884635381e-260
427.74 3.53870772577e-260
427.75 1.28471142625e-260
427.76 4.66004587249e-261
427.77 1.68887889802e-261
427.78 6.11547984831e-262
427.79 2.21251529681e-262
427.8 7.99771155906e-263
427.81 2.88847693941e-263
427.82 1.04230731266e-263
427.83 3.757910022e-264
427.84 1.3536945561e-264
427.85 4.87212811759e-265
427.86 1.75202552922e-265
427.87 6.29485705793e-266
427.88 2.25972207295e-266
427.89 8.10490437885e-267
427.9 2.90445381902e-267
427.91 1.03993158334e-267
427.92 3.72022128595e-268
427.93 1.32970864092e-268
427.94 4.74862550854e-269
427.95 1.69434975332e-269
427.96 6.04034742634e-270
427.97 2.15151553665e-270
427.98 7.65686106375e-271
427.99 2.72258068673e-271
428.0 9.67240481563e-272
428.01 3.433301018e-272
428.02 1.21762347514e-272
428.03 4.31457333558e-273
428.04 1.52751825949e-273
428.05 5.40329498769e-274
428.06 1.90965387427e-274
428.07 6.74332903158e-275
428.08 2.37912771505e-275
428.09 8.38657961111e-276
428.1 2.95376339542e-276
428.11 1.03941803238e-276
428.12 3.65450450989e-277
428.13 1.28377959912e-277
428.14 4.50584398482e-278
428.15 1.58010352863e-278
428.16 5.5362876683e-279
428.17 1.9380968066e-279
428.18 6.77884956516e-280
428.19 2.36897369862e-280
428.2 8.27157466437e-281
428.21 2.88562480205e-281
428.22 1.00580836316e-281
428.23 3.50279188748e-282
428.24 1.21881317597e-282
428.25 4.23724580431e-283
428.26 1.47181725002e-283
428.27 5.10796404348e-284
428.28 1.77119136727e-284
428.29 6.13630382598e-285
428.3 2.1240852101e-285
428.31 7.34616583135e-286
428.32 2.53847700214e-286
428.33 8.76414291784e-287
428.34 3.02321742031e-287
428.35 1.0419647437e-287
428.36 3.58806564182e-288
428.37 1.23450100413e-288
428.38 4.24371517689e-289
428.39 1.4575542254e-289
428.4 5.00180695601e-290
428.41 1.71495545546e-290
428.42 5.87492699898e-291
428.43 2.01083213666e-291
428.44 6.87658590637e-292
428.45 2.34959841608e-292
428.46 8.02117739397e-293
428.47 2.73593839461e-293
428.48 9.32391315057e-294
428.49 3.17478147484e-294
428.5 1.08007314513e-294
428.51 3.67126903165e-295
428.52 1.24681772125e-295
428.53 4.23071172717e-296
428.54 1.43432515405e-296
428.55 4.85853692547e-297
428.56 1.64432293077e-297
428.57 5.56022583405e-298
428.58 1.87854438928e-298
428.59 6.34124020846e-299
428.6 2.13870389433e-299
428.61 7.20693870237e-300
428.62 2.42646878498e-300
428.63 8.1624832255e-301
428.64 2.74342825571e-301
428.65 9.21273598149e-302
428.66 3.09105943569e-302
428.67 1.03621481908e-302
428.68 3.47069103878e-303
428.69 1.16146418529e-303
428.7 3.88346506859e-304
428.71 1.29734862577e-304
428.72 4.33029717528e-305
428.73 1.44411713064e-305
428.74 4.8118363693e-306
428.75 1.60192800363e-306
428.76 5.32842489898e-307
428.77 1.77083630497e-307
428.78 5.88005918897e-308
428.79 1.95078178063e-308
428.8 6.46635281044e-309
428.81 2.14157759457e-309
428.82 7.08650250842e-310
428.83 2.34290019391e-310
428.84 7.73925834177e-311
428.85 2.55428064238e-311
428.86 8.42289899397e-312
428.87 2.77509775367e-312
428.88 9.13521328531e-313
428.89 3.00457334231e-313
428.9 9.8734888567e-314
428.91 3.24176988536e-314
428.92 1.06345089041e-314
428.93 3.48559085421e-315
428.94 1.1414557705e-315
428.95 3.73478391494e-316
428.96 1.22094357134e-316
428.97 3.98794720321e-317
428.98 1.30144845571e-317
428.99 4.24353971344e-318
429.0 1.3824599056e-318
429.01 4.49990049576e-319
429.02 1.46342244298e-319
429.03 4.75538184122e-320
429.04 1.54395514325e-320
429.05 5.00982564883e-321
429.06 1.62053531836e-321
429.07 5.23709584592e-322
429.08 1.67982319586e-322
429.09 5.43472210425e-323
429.1 1.97626258336e-323
429.11 4.94065645841e-324
429.12 0.0
429.13 0.0
429.14 0.0
429.15 0.0
429.16 0.0
429.17 0.0
429.18 0.0
429.19 0.0
429.2 0.0
429.21 0.0
429.22 0.0
429.23 0.0
429.24 0.0
429.25 0.0
429.26 0.0
429.27 0.0
429.28 0.0
429.29 0.0
429.3 0.0
429.31 0.0
429.32 0.0
429.33 0.0
429.34 0.0
429.35 0.0
429.36 0.0
429.37 0.0
429.38 0.0
429.39 0.0
429.4 0.0
429.41 0.0
429.42 0.0
429.43 0.0
429.44 0.0
429.45 0.0
429.46 0.0
429.47 0.0
429.48 0.0
429.49 0.0
429.5 0.0
429.51 0.0
429.52 0.0
429.53 0.0
429.54 0.0
429.55 0.0
429.56 0.0
429.57 0.0
429.58 0.0
429.59 0.0
429.6 0.0
429.61 0.0
429.62 0.0
429.63 0.0
429.64 0.0
429.65 0.0
429.66 0.0
429.67 0.0
429.68 0.0
429.69 0.0
429.7 0.0
429.71 0.0
429.72 0.0
429.73 0.0
429.74 0.0
429.75 0.0
429.76 0.0
429.77 0.0
429.78 0.0
429.79 0.0
429.8 0.0
429.81 0.0
429.82 0.0
429.83 0.0
429.84 0.0
429.85 0.0
429.86 0.0
429.87 0.0
429.88 0.0
429.89 0.0
429.9 0.0
429.91 0.0
429.92 0.0
429.93 0.0
429.94 0.0
429.95 0.0
429.96 0.0
429.97 0.0
429.98 0.0
429.99 0.0
