400.0 5.43016517496e-21
400.01 7.09380609913e-21
400.02 9.25911118191e-21
400.03 1.20748848333e-20
400.04 1.57333211633e-20
400.05 2.04824324473e-20
400.06 2.66419719621e-20
400.07 3.46238147243e-20
400.08 4.4958019968e-20
400.09 5.83261283372e-20
400.1 7.56036625227e-20
400.11 9.79143247225e-20
400.12 1.26699045721e-19
400.13 1.63803873396e-19
400.14 2.11591736553e-19
400.15 2.73084437384e-19
400.16 3.52142880105e-19
400.17 4.5369561855e-19
400.18 5.84028406165e-19
400.19 7.51150687844e-19
400.2 9.65259045402e-19
400.21 1.23932269677e-18
400.22 1.58982250046e-18
400.23 2.037682837e-18
400.24 2.60944560546e-18
400.25 3.33874785207e-18
400.26 4.26817981348e-18
400.27 5.45161911708e-18
400.28 6.9571604054e-18
400.29 8.87078881028e-18
400.3 1.13009818086e-17
400.31 1.43844686544e-17
400.32 1.82934317755e-17
400.33 2.32445026586e-17
400.34 2.95099887739e-17
400.35 3.7431871618e-17
400.36 4.74392433587e-17
400.37 6.00700062227e-17
400.38 7.59978511699e-17
400.39 9.60657684751e-17
400.4 1.2132763221e-16
400.41 1.53099754941e-16
400.42 1.93024742364e-16
400.43 2.43150507233e-16
400.44 3.06027948405e-16
400.45 3.84831589209e-16
400.46 4.8350842971e-16
400.47 6.069614361e-16
400.48 7.61275511173e-16
400.49 9.53995515113e-16
400.5 1.19446799879e-15
400.51 1.49426084816e-15
400.52 1.86767810879e-15
400.53 2.33239097287e-15
400.54 2.91021039653e-15
400.55 3.62803222875e-15
400.56 4.51899225856e-15
400.57 5.62387644572e-15
400.58 6.99284105283e-15
400.59 8.68750875673e-15
400.6 1.07835204524e-14
400.61 1.33736388136e-14
400.62 1.65715192596e-14
400.63 2.05162874113e-14
400.64 2.53780901319e-14
400.65 3.13648206869e-14
400.66 3.87302584485e-14
400.67 4.77839110843e-14
400.68 5.89029037278e-14
400.69 7.25463268504e-14
400.7 8.9272534391e-14
400.71 1.09759978393e-13
400.72 1.348322786e-13
400.73 1.6548835826e-13
400.74 2.02938634397e-13
400.75 2.48648436201e-13
400.76 3.04390043931e-13
400.77 3.72304998416e-13
400.78 4.54978634583e-13
400.79 5.55529149048e-13
400.8 6.77713930585e-13
400.81 8.26056373523e-13
400.82 1.0059969697e-12
400.83 1.22407314819e-12
400.84 1.4881331194e-12
400.85 1.80758989972e-12
400.86 2.1937227651e-12
400.87 2.66003463112e-12
400.88 3.22267531091e-12
400.89 3.90094229124e-12
400.9 4.71787262856e-12
400.91 5.7009418404e-12
400.92 6.88288830081e-12
400.93 8.30268469478e-12
400.94 1.00066816054e-11
400.95 1.20499523691e-11
400.96 1.44978730132e-11
400.97 1.74279764801e-11
400.98 2.09321265345e-11
400.99 2.51190638642e-11
401.0 3.01173850434e-11
401.01 3.60790243704e-11
401.02 4.31833192844e-11
401.03 5.16417522762e-11
401.04 6.17034761517e-11
401.05 7.36617453842e-11
401.06 8.78613943789e-11
401.07 1.04707524016e-10
401.08 1.24675581179e-10
401.09 1.48323042405e-10
401.1 1.7630294278e-10
401.11 2.09379524999e-10
401.12 2.4844632182e-10
401.13 2.94547028194e-10
401.14 3.48899567928e-10
401.15 4.12923814339e-10
401.16 4.88273485646e-10
401.17 5.76872804589e-10
401.18 6.80958588765e-10
401.19 8.03128524192e-10
401.2 9.46396470744e-10
401.21 1.11425575519e-09
401.22 1.3107515268e-09
401.23 1.54056338312e-09
401.24 1.80909962031e-09
401.25 2.12260462576e-09
401.26 2.48828111074e-09
401.27 2.91442907982e-09
401.28 3.41060365372e-09
401.29 3.98779410347e-09
401.3 4.65862671957e-09
401.31 5.43759443135e-09
401.32 6.34131641028e-09
401.33 7.38883124043e-09
401.34 8.60192761941e-09
401.35 1.00055169678e-08
401.36 1.16280527759e-08
401.37 1.35020020053e-08
401.38 1.56643743919e-08
401.39 1.81573160697e-08
401.4 2.10287745513e-08
401.41 2.43332427634e-08
401.42 2.81325905491e-08
401.43 3.24969928124e-08
401.44 3.75059642927e-08
401.45 4.32495118275e-08
401.46 4.98294158849e-08
401.47 5.73606541244e-08
401.48 6.59729807807e-08
401.49 7.58126767527e-08
401.5 8.70444864283e-08
401.51 9.98537584706e-08
401.52 1.14448809045e-07
401.53 1.31063527263e-07
401.54 1.4996024397e-07
401.55 1.71432886381e-07
401.56 1.95810442505e-07
401.57 2.23460760728e-07
401.58 2.54794711426e-07
401.59 2.90270738933e-07
401.6 3.30399833698e-07
401.61 3.75750955917e-07
401.62 4.26956943402e-07
401.63 4.84720937825e-07
401.64 5.4982336485e-07
401.65 6.23129504931e-07
401.66 7.0559769272e-07
401.67 7.98288184105e-07
401.68 9.02372730777e-07
401.69 1.01914490298e-06
401.7 1.15003120162e-06
401.71 1.29660300122e-06
401.72 1.46058936518e-06
401.73 1.6438907747e-06
401.74 1.84859381181e-06
401.75 2.07698683629e-06
401.76 2.33157669471e-06
401.77 2.61510649791e-06
401.78 2.93057450097e-06
401.79 3.28125411681e-06
401.8 3.67071509115e-06
401.81 4.10284586214e-06
401.82 4.58187712371e-06
401.83 5.11240660575e-06
401.84 5.69942507822e-06
401.85 6.34834357924e-06
401.86 7.06502185936e-06
401.87 7.85579802558e-06
401.88 8.72751935896e-06
401.89 9.68757426952e-06
401.9 1.07439253404e-05
401.91 1.19051434011e-05
401.92 1.31804425569e-05
401.93 1.4579716086e-05
401.94 1.61135731032e-05
401.95 1.77933758699e-05
401.96 1.96312776173e-05
401.97 2.16402607282e-05
401.98 2.38341751075e-05
401.99 2.62277765514e-05
402.0 2.88367649045e-05
402.01 3.16778217776e-05
402.02 3.47686475748e-05
402.03 3.81279975594e-05
402.04 4.17757166688e-05
402.05 4.57327727662e-05
402.06 5.00212879966e-05
402.07 5.46645678965e-05
402.08 5.96871278859e-05
402.09 6.51147167525e-05
402.1 7.09743367229e-05
402.11 7.72942596973e-05
402.12 8.41040392113e-05
402.13 9.14345176758e-05
402.14 9.93178284353e-05
402.15 0.000107787392176
402.16 0.000116877907214
402.17 0.000126625333184
402.18 0.000137066867661
402.19 0.000148240915236
402.2 0.000160187048597
402.21 0.000172945961151
402.22 0.00018655941077
402.23 0.000201070154235
402.24 0.000216521872005
402.25 0.00023295908294
402.26 0.000250427048675
402.27 0.000268971667349
402.28 0.000288639356469
402.29 0.000309476924706
402.3 0.000331531432517
402.31 0.00035485004151
402.32 0.000379479852555
402.33 0.000405467732711
402.34 0.00043286013111
402.35 0.000461702884028
402.36 0.000492041009433
402.37 0.000523918491426
402.38 0.000557378055038
402.39 0.000592460931967
402.4 0.000629206617923
402.41 0.000667652622341
402.42 0.000707834211333
402.43 0.000749784144816
402.44 0.000793532408899
402.45 0.000839105944634
402.46 0.000886528374406
402.47 0.000935819727261
402.48 0.000986996164584
402.49 0.00104006970762
402.5 0.00109504796837
402.51 0.00115193388556
402.52 0.00121072546719
402.53 0.00127141554165
402.54 0.00133399151888
402.55 0.00139843516359
402.56 0.00146472238226
402.57 0.00153282302566
402.58 0.00160270070888
402.59 0.00167431265046
402.6 0.00174760953247
402.61 0.00182253538325
402.62 0.00189902748436
402.63 0.00197701630341
402.64 0.00205642545414
402.65 0.00213717168512
402.66 0.00221916489844
402.67 0.00230230819928
402.68 0.00238649797747
402.69 0.00247162402183
402.7 0.00255756966785
402.71 0.0026442119792
402.72 0.00273142196332
402.73 0.00281906482118
402.74 0.0029070002309
402.75 0.00299508266517
402.76 0.00308316174152
402.77 0.00317108260492
402.78 0.00325868634158
402.79 0.00334581042264
402.8 0.00343228917645
402.81 0.00351795428763
402.82 0.00360263532101
402.83 0.00368616026857
402.84 0.0037683561168
402.85 0.00384904943236
402.86 0.00392806696315
402.87 0.00400523625217
402.88 0.00408038626131
402.89 0.0041533480019
402.9 0.00422395516911
402.91 0.00429204477681
402.92 0.00435745778991
402.93 0.00442003975062
402.94 0.00447964139562
402.95 0.00453611926074
402.96 0.0045893362699
402.97 0.00463916230532
402.98 0.00468547475577
402.99 0.00472815903994
403.0 0.00476710910221
403.01 0.00480222787801
403.02 0.00483342772641
403.03 0.00486063082751
403.04 0.00488376954276
403.05 0.00490278673615
403.06 0.00491763605489
403.07 0.0049282821681
403.08 0.00493470096259
403.09 0.0049368796949
403.1 0.00493481709919
403.11 0.00492852345078
403.12 0.00491802058557
403.13 0.00490334187568
403.14 0.00488453216219
403.15 0.00486164764593
403.16 0.0048347557378
403.17 0.00480393487012
403.18 0.00476927427105
403.19 0.00473087370422
403.2 0.00468884317593
403.21 0.00464330261272
403.22 0.00459438151203
403.23 0.00454221856914
403.24 0.00448696128353
403.25 0.00442876554808
403.26 0.0043677952246
403.27 0.0043042217093
403.28 0.00423822349182
403.29 0.00416998571158
403.3 0.00409969971505
403.31 0.00402756261789
403.32 0.00395377687528
403.33 0.00387854986429
403.34 0.00380209348172
403.35 0.0037246237607
403.36 0.00364636050932
403.37 0.00356752697435
403.38 0.00348834953283
403.39 0.00340905741421
403.4 0.00332988245527
403.41 0.00325105889013
403.42 0.00317282317692
403.43 0.00309541386278
403.44 0.00301907148832
403.45 0.00294403853234
403.46 0.00287055939744
403.47 0.00279888043651
403.48 0.00272925001997
403.49 0.00266191864317
403.5 0.00259713907301
403.51 0.00253516653232
403.52 0.00247625892045
403.53 0.00242067706788
403.54 0.00236868502239
403.55 0.00232055036412
403.56 0.00227654454607
403.57 0.00223694325693
403.58 0.00220202680196
403.59 0.00217208049824
403.6 0.00214739507944
403.61 0.00212826710572
403.62 0.00211499937364
403.63 0.00210790132096
403.64 0.00210728942089
403.65 0.0021134875604
403.66 0.00212682739667
403.67 0.00214764868608
403.68 0.00217629957981
403.69 0.00221313688005
403.7 0.00225852625107
403.71 0.00231284237914
403.72 0.00237646907556
403.73 0.00244979931712
403.74 0.00253323521847
403.75 0.002627187931
403.76 0.00273207746332
403.77 0.00284833241838
403.78 0.00297638964292
403.79 0.00311669378499
403.8 0.00326969675619
403.81 0.00343585709504
403.82 0.00361563922914
403.83 0.00380951263379
403.84 0.0040179508855
403.85 0.00424143060953
403.86 0.00448043032115
403.87 0.00473542916085
403.88 0.00500690552489
403.89 0.0052953355927
403.9 0.00560119175396
403.91 0.00592494093851
403.92 0.00626704285345
403.93 0.00662794813202
403.94 0.00700809640031
403.95 0.007407914268
403.96 0.00782781325044
403.97 0.00826818763015
403.98 0.00872941226632
403.99 0.00921184036175
404.0 0.00971580119728
404.01 0.0102415978444
404.02 0.0107895048674
404.03 0.011359766026
404.04 0.0119525919923
404.05 0.0125681580926
404.06 0.0132066020886
404.07 0.0138680220093
404.08 0.0145524740495
404.09 0.0152599705444
404.1 0.0159904780376
404.11 0.0167439154519
404.12 0.0175201523784
404.13 0.0183190074952
404.14 0.0191402471273
404.15 0.0199835839611
404.16 0.0208486759222
404.17 0.0217351252288
404.18 0.0226424776282
404.19 0.0235702218267
404.2 0.0245177891191
404.21 0.0254845532257
404.22 0.0264698303407
404.23 0.0274728793977
404.24 0.0284929025541
404.25 0.0295290458977
404.26 0.0305804003743
404.27 0.031646002937
404.28 0.0327248379136
404.29 0.0338158385908
404.3 0.0349178890075
404.31 0.0360298259542
404.32 0.0371504411685
404.33 0.0382784837203
404.34 0.039412662576
404.35 0.0405516493305
404.36 0.0416940810967
404.37 0.0428385635379
404.38 0.0439836740315
404.39 0.0451279649487
404.4 0.0462699670346
404.41 0.0474081928754
404.42 0.0485411404347
404.43 0.0496672966449
404.44 0.0507851410359
404.45 0.0518931493857
404.46 0.0529897973769
404.47 0.0540735642434
404.48 0.0551429363914
404.49 0.0561964109796
404.5 0.0572324994455
404.51 0.0582497309623
404.52 0.0592466558149
404.53 0.0602218486819
404.54 0.0611739118138
404.55 0.0621014780954
404.56 0.0630032139857
404.57 0.0638778223245
404.58 0.0647240450023
404.59 0.0655406654842
404.6 0.0663265111862
404.61 0.0670804556989
404.62 0.0678014208565
404.63 0.0684883786506
404.64 0.0691403529877
404.65 0.0697564212915
404.66 0.0703357159525
404.67 0.070877425626
404.68 0.0713807963827
404.69 0.0718451327158
404.7 0.0722697984093
404.71 0.0726542172711
404.72 0.072997873739
404.73 0.0733003133617
404.74 0.0735611431641
404.75 0.0737800318998
404.76 0.0739567101988
404.77 0.0740909706149
404.78 0.0741826675781
404.79 0.0742317172586
404.8 0.0742380973451
404.81 0.0742018467441
404.82 0.0741230652021
404.83 0.074001912855
404.84 0.0738386097076
404.85 0.0736334350451
404.86 0.0733867267779
404.87 0.0730988807217
404.88 0.0727703498124
404.89 0.0724016432555
404.9 0.0719933256109
404.91 0.0715460158098
404.92 0.0710603861036
404.93 0.0705371609426
404.94 0.0699771157817
404.95 0.0693810758116
404.96 0.0687499146112
404.97 0.0680845527211
404.98 0.0673859561326
404.99 0.0666551346921
405.0 0.0658931404174
405.01 0.0651010657236
405.02 0.0642800415581
405.03 0.0634312354424
405.04 0.0625558494206
405.05 0.0616551179143
405.06 0.0607303054846
405.07 0.0597827045032
405.08 0.0588136327328
405.09 0.0578244308226
405.1 0.0568164597196
405.11 0.0557910980025
405.12 0.054749739143
405.13 0.0536937887002
405.14 0.0526246614561
405.15 0.0515437784994
405.16 0.0504525642668
405.17 0.0493524435511
405.18 0.0482448384857
405.19 0.0471311655165
405.2 0.0460128323729
405.21 0.0448912350477
405.22 0.0437677548002
405.23 0.0426437551926
405.24 0.0415205791732
405.25 0.0403995462183
405.26 0.0392819495452
405.27 0.0381690534084
405.28 0.0370620904911
405.29 0.0359622594035
405.3 0.0348707222984
405.31 0.0337886026161
405.32 0.0327169829667
405.33 0.0316569031604
405.34 0.030609358394
405.35 0.0295752976008
405.36 0.0285556219703
405.37 0.0275511836451
405.38 0.0265627845972
405.39 0.0255911756899
405.4 0.024637055926
405.41 0.023701071885
405.42 0.0227838173494
405.43 0.0218858331198
405.44 0.0210076070168
405.45 0.0201495740669
405.46 0.01931211687
405.47 0.0184955661425
405.48 0.0177002014305
405.49 0.0169262519888
405.5 0.0161738978156
405.51 0.0154432708374
405.52 0.0147344562342
405.53 0.0140474938969
405.54 0.0133823800066
405.55 0.0127390687256
405.56 0.0121174739908
405.57 0.0115174713975
405.58 0.0109389001639
405.59 0.0103815651641
405.6 0.00984523902062
405.61 0.0093296642424
405.62 0.00883455540074
405.63 0.00835960133007
405.64 0.00790446734419
405.65 0.00746879745755
405.66 0.00705221660173
405.67 0.00665433282768
405.68 0.00627473948473
405.69 0.00591301736782
405.7 0.00556873682486
405.71 0.00524145981681
405.72 0.00493074192339
405.73 0.00463613428801
405.74 0.00435718549615
405.75 0.00409344338185
405.76 0.00384445675756
405.77 0.00360977706328
405.78 0.00338895993131
405.79 0.00318156666357
405.8 0.00298716561907
405.81 0.00280533350923
405.82 0.00263565659979
405.83 0.00247773181795
405.84 0.00233116776429
405.85 0.00219558562898
405.86 0.00207062001248
405.87 0.00195591965119
405.88 0.00185114804871
405.89 0.00175598401372
405.9 0.00167012210587
405.91 0.00159327299103
405.92 0.00152516370771
405.93 0.00146553784641
405.94 0.00141415564403
405.95 0.0013707939954
405.96 0.00133524638418
405.97 0.0013073227356
405.98 0.00128684919328
405.99 0.00127366782274
406.0 0.00126763624414
406.01 0.00126862719687
406.02 0.00127652803848
406.03 0.00129124018086
406.04 0.00131267846623
406.05 0.00134077048581
406.06 0.00137545584389
406.07 0.00141668537027
406.08 0.00146442028394
406.09 0.00151863131102
406.1 0.00157929776002
406.11 0.0016464065576
406.12 0.00171995124803
406.13 0.00179993095976
406.14 0.00188634934258
406.15 0.00197921347886
406.16 0.00207853277279
406.17 0.00218431782125
406.18 0.00229657927049
406.19 0.00241532666278
406.2 0.0025405672772
406.21 0.00267230496923
406.22 0.00281053901355
406.23 0.00295526295507
406.24 0.00310646347283
406.25 0.00326411926199
406.26 0.00342819993903
406.27 0.00359866497536
406.28 0.00377546266476
406.29 0.00395852913007
406.3 0.00414778737449
406.31 0.00434314638307
406.32 0.00454450027984
406.33 0.00475172754591
406.34 0.00496469030397
406.35 0.0051832336744
406.36 0.005407185208
406.37 0.00563635440031
406.38 0.00587053229214
406.39 0.00610949116071
406.4 0.00635298430542
406.41 0.00660074593208
406.42 0.00685249113886
406.43 0.00710791600687
406.44 0.00736669779781
406.45 0.00762849526065
406.46 0.00789294904869
406.47 0.00815968224776
406.48 0.00842830101592
406.49 0.00869839533406
406.5 0.0089695398665
406.51 0.00924129492976
406.52 0.00951320756706
406.53 0.00978481272555
406.54 0.0100556345324
406.55 0.0103251876656
406.56 0.010592978813
406.57 0.0108585082165
406.58 0.0111212712914
406.59 0.0113807603168
406.6 0.0116364661875
406.61 0.0118878802201
406.62 0.0121344960041
406.63 0.0123758112891
406.64 0.0126113298976
406.65 0.0128405636543
406.66 0.0130630343216
406.67 0.0132782755297
406.68 0.0134858346911
406.69 0.0136852748895
406.7 0.0138761767301
406.71 0.0140581401429
406.72 0.0142307861264
406.73 0.0143937584218
406.74 0.0145467251071
406.75 0.0146893801023
406.76 0.0148214445742
406.77 0.0149426682333
406.78 0.0150528305136
406.79 0.0151517416276
406.8 0.0152392434887
406.81 0.0153152104962
406.82 0.0153795501743
406.83 0.0154322036637
406.84 0.0154731460583
406.85 0.0155023865871
406.86 0.0155199686367
406.87 0.0155259696146
406.88 0.0155205006527
406.89 0.0155037061514
406.9 0.0154757631668
406.91 0.015436880643
406.92 0.0153872984933
406.93 0.0153272865358
406.94 0.0152571432872
406.95 0.015177194623
406.96 0.01508779231
406.97 0.0149893124201
406.98 0.0148821536334
406.99 0.0147667354398
407.0 0.0146434962508
407.01 0.0145128914298
407.02 0.0143753912533
407.03 0.0142314788144
407.04 0.0140816478796
407.05 0.0139264007116
407.06 0.01376624587
407.07 0.0136016960018
407.08 0.0134332656345
407.09 0.0132614689834
407.1 0.0130868177849
407.11 0.0129098191686
407.12 0.0127309735785
407.13 0.0125507727541
407.14 0.0123696977834
407.15 0.0121882172362
407.16 0.0120067853886
407.17 0.0118258405457
407.18 0.0116458034729
407.19 0.0114670759411
407.2 0.0112900393936
407.21 0.0111150537402
407.22 0.0109424562835
407.23 0.0107725607813
407.24 0.0106056566488
407.25 0.0104420083023
407.26 0.0102818546467
407.27 0.0101254087067
407.28 0.00997285740149
407.29 0.00982436146279
407.3 0.00968005549235
407.31 0.00954004815812
407.32 0.00940442252423
407.33 0.00927323651095
407.34 0.00914652347953
407.35 0.00902429293616
407.36 0.00890653134879
407.37 0.00879320306988
407.38 0.00868425135763
407.39 0.00857959948794
407.4 0.00847915194863
407.41 0.00838279570747
407.42 0.00829040154494
407.43 0.00820182544269
407.44 0.00811691001829
407.45 0.00803548599689
407.46 0.00795737371036
407.47 0.00788238461434
407.48 0.00781032281391
407.49 0.00774098658859
407.5 0.00767416990762
407.51 0.00760966392664
407.52 0.00754725845724
407.53 0.00748674340118
407.54 0.00742791014146
407.55 0.00737055288276
407.56 0.00731446993438
407.57 0.00725946492912
407.58 0.00720534797228
407.59 0.0071519367153
407.6 0.00709905734921
407.61 0.00704654551383
407.62 0.00699424711888
407.63 0.0069420190742
407.64 0.00688972992663
407.65 0.00683726040174
407.66 0.00678450384952
407.67 0.00673136659327
407.68 0.00667776818203
407.69 0.00662364154716
407.7 0.00656893306446
407.71 0.00651360252361
407.72 0.00645762300751
407.73 0.00640098068428
407.74 0.0063436745155
407.75 0.00628571588455
407.76 0.00622712814928
407.77 0.00616794612388
407.78 0.00610821549487
407.79 0.00604799217667
407.8 0.00598734161248
407.81 0.00592633802612
407.82 0.00586506363127
407.83 0.00580360780401
407.84 0.0057420662253
407.85 0.00568053999962
407.86 0.00561913475628
407.87 0.00555795973988
407.88 0.00549712689624
407.89 0.00543674996008
407.9 0.00537694355062
407.91 0.00531782228099
407.92 0.00525949988743
407.93 0.00520208838348
407.94 0.00514569724475
407.95 0.00509043262895
407.96 0.00503639663606
407.97 0.00498368661263
407.98 0.00493239450444
407.99 0.00488260626076
408.0 0.00483440129346
408.01 0.00478785199365
408.02 0.00474302330802
408.03 0.00469997237678
408.04 0.00465874823452
408.05 0.00461939157497
408.06 0.00458193457999
408.07 0.00454640081305
408.08 0.00451280517652
408.09 0.00448115393223
408.1 0.00445144478379
408.11 0.00442366701915
408.12 0.00439780171146
408.13 0.00437382197551
408.14 0.0043516932774
408.15 0.00433137379403
408.16 0.00431281481923
408.17 0.00429596121282
408.18 0.00428075188869
408.19 0.00426712033782
408.2 0.00425499518192
408.21 0.00424430075325
408.22 0.00423495769598
408.23 0.00422688358454
408.24 0.00421999355408
408.25 0.00421420093835
408.26 0.00420941791024
408.27 0.00420555612018
408.28 0.00420252732791
408.29 0.00420024402281
408.3 0.00419862002857
408.31 0.00419757108779
408.32 0.00419701542255
408.33 0.00419687426684
408.34 0.00419707236751
408.35 0.00419753845007
408.36 0.00419820564639
408.37 0.00419901188155
408.38 0.00419990021706
408.39 0.00420081914875
408.4 0.00420172285703
408.41 0.00420257140847
408.42 0.00420333090737
408.43 0.00420397359668
408.44 0.00420447790792
408.45 0.00420482846012
408.46 0.00420501600816
408.47 0.00420503734134
408.48 0.00420489513317
408.49 0.00420459774402
408.5 0.0042041589783
408.51 0.00420359779835
408.52 0.0042029379976
408.53 0.00420220783547
408.54 0.00420143963728
408.55 0.00420066936226
408.56 0.00419993614318
408.57 0.00419928180128
408.58 0.00419875034024
408.59 0.00419838742333
408.6 0.0041982398377
408.61 0.00419835494997
408.62 0.00419878015754
408.63 0.0041995623395
408.64 0.00420074731187
408.65 0.00420237929082
408.66 0.00420450036851
408.67 0.00420715000518
408.68 0.00421036454164
408.69 0.00421417673575
408.7 0.00421861532654
408.71 0.00422370462925
408.72 0.00422946416446
408.73 0.00423590832412
408.74 0.00424304607707
408.75 0.00425088071631
408.76 0.00425940965007
408.77 0.00426862423828
408.78 0.00427850967563
408.79 0.00428904492248
408.8 0.00430020268387
408.81 0.00431194943725
408.82 0.00432424550849
408.83 0.00433704519606
408.84 0.00435029694222
408.85 0.00436394355045
408.86 0.00437792244729
408.87 0.00439216598712
408.88 0.00440660179747
408.89 0.00442115316276
408.9 0.0044357394435
408.91 0.0044502765284
408.92 0.00446467731583
408.93 0.00447885222172
408.94 0.00449270970999
408.95 0.00450615684218
408.96 0.00451909984219
408.97 0.00453144467255
408.98 0.00454309761797
408.99 0.00455396587248
409.0 0.00456395812601
409.01 0.00457298514646
409.02 0.00458096035352
409.03 0.00458780038028
409.04 0.00459342561899
409.05 0.00459776074748
409.06 0.00460073523279
409.07 0.00460228380886
409.08 0.00460234692532
409.09 0.00460087116458
409.1 0.00459780962485
409.11 0.00459312226673
409.12 0.00458677622162
409.13 0.00457874606015
409.14 0.00456901401939
409.15 0.00455757018782
409.16 0.00454441264739
409.17 0.00452954757216
409.18 0.00451298928367
409.19 0.00449476026302
409.2 0.0044748911205
409.21 0.00445342052334
409.22 0.00443039508296
409.23 0.00440586920294
409.24 0.00437990488946
409.25 0.00435257152612
409.26 0.00432394561519
409.27 0.00429411048769
409.28 0.00426315598473
409.29 0.00423117811277
409.3 0.00419827867554
409.31 0.00416456488555
409.32 0.00413014895813
409.33 0.00409514769082
409.34 0.0040596820314
409.35 0.00402387663733
409.36 0.00398785942966
409.37 0.00395176114437
409.38 0.00391571488382
409.39 0.00387985567124
409.4 0.00384432001072
409.41 0.0038092454551
409.42 0.00377477018427
409.43 0.00374103259572
409.44 0.00370817090936
409.45 0.00367632278836
409.46 0.00364562497728
409.47 0.00361621295889
409.48 0.00358822063062
409.49 0.00356178000132
409.5 0.00353702090888
409.51 0.00351407075901
409.52 0.00349305428508
409.53 0.00347409332888
409.54 0.00345730664187
409.55 0.0034428097062
409.56 0.00343071457461
409.57 0.00342112972824
409.58 0.00341415995108
409.59 0.00340990621958
409.6 0.00340846560605
409.61 0.00340993119409
409.62 0.00341439200433
409.63 0.00342193292874
409.64 0.00343263467148
409.65 0.00344657369468
409.66 0.00346382216694
409.67 0.00348444791295
409.68 0.00350851436224
409.69 0.00353608049544
409.7 0.0035672007862
409.71 0.00360192513755
409.72 0.00364029881087
409.73 0.00368236234661
409.74 0.0037281514754
409.75 0.00377769701878
409.76 0.00383102477882
409.77 0.00388815541618
409.78 0.00394910431627
409.79 0.0040138814436
409.8 0.00408249118438
409.81 0.00415493217805
409.82 0.00423119713812
409.83 0.00431127266358
409.84 0.00439513904182
409.85 0.00448277004458
409.86 0.00457413271847
409.87 0.00466918717196
409.88 0.00476788636082
409.89 0.00487017587431
409.9 0.00497599372424
409.91 0.00508527013983
409.92 0.00519792737051
409.93 0.00531387949986
409.94 0.0054330322731
409.95 0.00555528294132
409.96 0.00568052012505
409.97 0.00580862370025
409.98 0.00593946470943
409.99 0.00607290530072
410.0 0.00620879869765
410.01 0.00634698920209
410.02 0.00648731223285
410.03 0.0066295944022
410.04 0.00677365363237
410.05 0.00691929931386
410.06 0.00706633250717
410.07 0.00721454618926
410.08 0.00736372554579
410.09 0.00751364830999
410.1 0.00766408514834
410.11 0.00781480009347
410.12 0.00796555102374
410.13 0.00811609018911
410.14 0.00826616478223
410.15 0.0084155175535
410.16 0.00856388746841
410.17 0.00871101040507
410.18 0.00885661988973
410.19 0.00900044786736
410.2 0.00914222550446
410.21 0.00928168402059
410.22 0.00941855554506
410.23 0.00955257399483
410.24 0.00968347596951
410.25 0.00981100165893
410.26 0.00993489575885
410.27 0.0100549083899
410.28 0.0101707960148
410.29 0.0102823223493
410.3 0.010389259261
410.31 0.0104913876513
410.32 0.0105884983159
410.33 0.0106803927775
410.34 0.0107668840868
410.35 0.0108477975866
410.36 0.0109229716336
410.37 0.0109922582739
410.38 0.0110555238683
410.39 0.0111126496617
410.4 0.0111635322941
410.41 0.0112080842493
410.42 0.0112462342381
410.43 0.011277927512
410.44 0.0113031261074
410.45 0.0113218090154
410.46 0.011333972278
410.47 0.0113396290072
410.48 0.0113388093289
410.49 0.011331560248
410.5 0.0113179454387
410.51 0.011298044957
410.52 0.0112719548792
410.53 0.0112397868665
410.54 0.0112016676584
410.55 0.0111577384971
410.56 0.0111081544858
410.57 0.0110530838848
410.58 0.0109927073485
410.59 0.0109272171071
410.6 0.0108568160988
410.61 0.0107817170561
410.62 0.0107021415514
410.63 0.0106183190077
410.64 0.0105304856795
410.65 0.0104388836099
410.66 0.0103437595696
410.67 0.0102453639837
410.68 0.0101439498523
410.69 0.0100397716714
410.7 0.00993308435955
410.71 0.00982414219645
410.72 0.00971319777939
410.73 0.00960050100343
410.74 0.00948629807049
410.75 0.00937083053312
410.76 0.00925433437775
410.77 0.00913703915241
410.78 0.00901916714345
410.79 0.00890093260527
410.8 0.00878254104708
410.81 0.00866418857995
410.82 0.00854606132729
410.83 0.00842833490118
410.84 0.00831117394694
410.85 0.00819473175727
410.86 0.00807914995764
410.87 0.00796455826325
410.88 0.00785107430817
410.89 0.00773880354634
410.9 0.00762783922391
410.91 0.0075182624217
410.92 0.00741014216644
410.93 0.00730353560875
410.94 0.00719848826556
410.95 0.0070950343243
410.96 0.00699319700569
410.97 0.00689298898177
410.98 0.00679441284556
410.99 0.00669746162814
411.0 0.00660211935912
411.01 0.00650836166595
411.02 0.00641615640749
411.03 0.006325464337
411.04 0.00623623978981
411.05 0.00614843139053
411.06 0.00606198277499
411.07 0.00597683332178
411.08 0.00589291888856
411.09 0.00581017254805
411.1 0.00572852531912
411.11 0.00564790688813
411.12 0.00556824631614
411.13 0.0054894727275
411.14 0.00541151597592
411.15 0.00533430728391
411.16 0.00525777985214
411.17 0.00518186943533
411.18 0.0051065148816
411.19 0.00503165863251
411.2 0.00495724718151
411.21 0.00488323148857
411.22 0.00480956734936
411.23 0.00473621571748
411.24 0.00466314297883
411.25 0.00459032117722
411.26 0.00451772819108
411.27 0.00444534786098
411.28 0.00437317006855
411.29 0.00430119076713
411.3 0.0042294119653
411.31 0.00415784166436
411.32 0.00408649375131
411.33 0.00401538784905
411.34 0.00394454912586
411.35 0.00387400806629
411.36 0.00380380020586
411.37 0.0037339658323
411.38 0.00366454965589
411.39 0.00359560045196
411.4 0.00352717067837
411.41 0.00345931607124
411.42 0.00339209522192
411.43 0.0033255691385
411.44 0.00325980079497
411.45 0.00319485467139
411.46 0.00313079628816
411.47 0.0030676917375
411.48 0.00300560721539
411.49 0.00294460855681
411.5 0.00288476077737
411.51 0.00282612762399
411.52 0.00276877113736
411.53 0.00271275122882
411.54 0.00265812527389
411.55 0.00260494772486
411.56 0.00255326974429
411.57 0.00250313886162
411.58 0.00245459865419
411.59 0.00240768845462
411.6 0.00236244308549
411.61 0.00231889262271
411.62 0.0022770621884
411.63 0.00223697177401
411.64 0.00219863609432
411.65 0.00216206447256
411.66 0.00212726075683
411.67 0.0020942232679
411.68 0.00206294477808
411.69 0.00203341252085
411.7 0.00200560823065
411.71 0.00197950821223
411.72 0.00195508343862
411.73 0.00193229967678
411.74 0.00191111763981
411.75 0.00189149316447
411.76 0.00187337741258
411.77 0.001856717095
411.78 0.00184145471649
411.79 0.00182752883984
411.8 0.00181487436763
411.81 0.00180342283977
411.82 0.00179310274506
411.83 0.00178383984481
411.84 0.00177555750681
411.85 0.00176817704756
411.86 0.00176161808086
411.87 0.00175579887105
411.88 0.00175063668866
411.89 0.0017460481669
411.9 0.00174194965692
411.91 0.00173825758016
411.92 0.00173488877592
411.93 0.00173176084253
411.94 0.00172879247038
411.95 0.00172590376538
411.96 0.00172301656116
411.97 0.00172005471872
411.98 0.00171694441226
411.99 0.00171361439983
412.0 0.00170999627775
412.01 0.00170602471778
412.02 0.00170163768617
412.03 0.00169677664367
412.04 0.00169138672602
412.05 0.0016854169041
412.06 0.00167882012357
412.07 0.00167155342345
412.08 0.00166357803354
412.09 0.00165485945062
412.1 0.00164536749331
412.11 0.00163507633589
412.12 0.00162396452124
412.13 0.00161201495333
412.14 0.00159921486956
412.15 0.00158555579377
412.16 0.00157103347032
412.17 0.00155564778018
412.18 0.00153940263976
412.19 0.00152230588337
412.2 0.00150436913043
412.21 0.00148560763825
412.22 0.00146604014171
412.23 0.00144568868081
412.24 0.00142457841735
412.25 0.00140273744197
412.26 0.00138019657275
412.27 0.00135698914667
412.28 0.0013331508052
412.29 0.00130871927517
412.3 0.00128373414643
412.31 0.00125823664726
412.32 0.00123226941897
412.33 0.00120587629077
412.34 0.00117910205613
412.35 0.00115199225167
412.36 0.00112459293974
412.37 0.00109695049567
412.38 0.00106911140063
412.39 0.00104112204096
412.4 0.00101302851496
412.41 0.000984876447633
412.42 0.000956710814379
412.43 0.000928575773956
412.44 0.000900514511466
412.45 0.000872569091709
412.46 0.000844780323318
412.47 0.000817187633998
412.48 0.000789828957061
412.49 0.000762740629449
412.5 0.000735957301299
412.51 0.000709511857072
412.52 0.000683435348187
412.53 0.000657756937031
412.54 0.000632503852162
412.55 0.000607701354463
412.56 0.000583372713937
412.57 0.000559539196813
412.58 0.000536220062552
412.59 0.000513432570321
412.6 0.000491191994465
412.61 0.00046951164848
412.62 0.000448402916938
412.63 0.000427875294826
412.64 0.000407936433725
412.65 0.000388592194246
412.66 0.00036984670412
412.67 0.00035170242137
412.68 0.000334160201943
412.69 0.000317219371225
412.7 0.000300877798862
412.71 0.00028513197629
412.72 0.000269977096441
412.73 0.000255407135078
412.74 0.000241414933224
412.75 0.00022799228021
412.76 0.000215129996856
412.77 0.000202818018336
412.78 0.000191045476321
412.79 0.000179800779992
412.8 0.000169071695586
412.81 0.000158845424123
412.82 0.000149108677031
412.83 0.000139847749403
412.84 0.000131048590632
412.85 0.000122696872242
412.86 0.000114778052726
412.87 0.000107277439244
412.88 0.000100180246069
412.89 9.3471649689e-05
412.9 8.71368404996e-05
412.91 8.11610710455e-05
412.92 7.55297007995e-05
412.93 7.02282374803e-05
412.94 6.52423749373e-05
412.95 6.05580276459e-05
412.96 5.61613618752e-05
412.97 5.20388236056e-05
412.98 4.81771632866e-05
412.99 4.45634575376e-05
413.0 4.11851279057e-05
413.01 3.80299568039e-05
413.02 3.50861007574e-05
413.03 3.23421010968e-05
413.04 2.97868922377e-05
413.05 2.74098076904e-05
413.06 2.52005839475e-05
413.07 2.31493623956e-05
413.08 2.12466893983e-05
413.09 1.94835146973e-05
413.1 1.78511882752e-05
413.11 1.63414558214e-05
413.12 1.49464529395e-05
413.13 1.3658698229e-05
413.14 1.24710853719e-05
413.15 1.13768743464e-05
413.16 1.03696818873e-05
413.17 9.4434713053e-06
413.18 8.59254177192e-06
413.19 7.81151716988e-06
413.2 7.09533460314e-06
413.21 6.43923265393e-06
413.22 5.83873946781e-06
413.23 5.2896607414e-06
413.24 4.78806768113e-06
413.25 4.33028499515e-06
413.26 3.91287897465e-06
413.27 3.53264571494e-06
413.28 3.18659952109e-06
413.29 2.87196153745e-06
413.3 2.58614863567e-06
413.31 2.32676259032e-06
413.32 2.09157956747e-06
413.33 1.87853994666e-06
413.34 1.68573849297e-06
413.35 1.51141489243e-06
413.36 1.35394466009e-06
413.37 1.2118304275e-06
413.38 1.083693613e-06
413.39 9.68266476181e-07
413.4 8.64384554985e-07
413.41 7.70979482386e-07
413.42 6.87072177361e-07
413.43 6.11766403519e-07
413.44 5.44242687251e-07
413.45 4.83752586135e-07
413.46 4.29613297315e-07
413.47 3.81202594777e-07
413.48 3.37954083779e-07
413.49 2.99352760196e-07
413.5 2.64930862172e-07
413.51 2.34264001224e-07
413.52 2.06967559823e-07
413.53 1.82693342421e-07
413.54 1.61126466978e-07
413.55 1.41982484154e-07
413.56 1.25004711541e-07
413.57 1.09961770578e-07
413.58 9.66453140832e-08
413.59 8.48679327174e-08
413.6 7.44612290413e-08
413.61 6.52740482797e-08
413.62 5.71708553138e-08
413.63 5.00302478828e-08
413.64 4.37435964311e-08
413.65 3.82138015038e-08
413.66 3.33541600579e-08
413.67 2.90873325205e-08
413.68 2.53444028836e-08
413.69 2.20640245756e-08
413.7 1.91916452904e-08
413.71 1.66788043813e-08
413.72 1.44824968445e-08
413.73 1.25645983134e-08
413.74 1.08913458714e-08
413.75 9.43286985563e-09
413.76 8.16277217722e-09
413.77 7.05774701332e-09
413.78 6.09724004476e-09
413.79 5.26314270931e-09
413.8 4.53951822266e-09
413.81 3.91235638315e-09
413.82 3.36935442434e-09
413.83 2.89972141148e-09
413.84 2.49400389446e-09
413.85 2.14393073202e-09
413.86 1.84227518946e-09
413.87 1.582732587e-09
413.88 1.35981193723e-09
413.89 1.16874016046e-09
413.9 1.00537760478e-09
413.91 8.66143726342e-10
413.92 7.47951903069e-10
413.93 6.48152464878e-10
413.94 5.64483123817e-10
413.95 4.95026081121e-10
413.96 4.38171174188e-10
413.97 3.92584506396e-10
413.98 3.57182076748e-10
413.99 3.31107995356e-10
414.0 3.13716935209e-10
414.01 3.0456053117e-10
414.02 3.0337749425e-10
414.03 3.10087263381e-10
414.04 3.24787068763e-10
414.05 3.47752330791e-10
414.06 3.79440367139e-10
414.07 4.20497428171e-10
414.08 4.71769127957e-10
414.09 5.34314385252e-10
414.1 6.09423036162e-10
414.11 6.98637328427e-10
414.12 8.03777556535e-10
414.13 9.26972147777e-10
414.14 1.07069256209e-09
414.15 1.23779342357e-09
414.16 1.43155835916e-09
414.17 1.65575208065e-09
414.18 1.91467930976e-09
414.19 2.21325121383e-09
414.2 2.55706009027e-09
414.21 2.95246311387e-09
414.22 3.4066760401e-09
414.23 3.92787784205e-09
414.24 4.52532734737e-09
414.25 5.2094930352e-09
414.26 5.9921972519e-09
414.27 6.8867762077e-09
414.28 7.90825722553e-09
414.29 9.07355482613e-09
414.3 1.04016873528e-08
414.31 1.19140159613e-08
414.32 1.36345079287e-08
414.33 1.55900263652e-08
414.34 1.78106485494e-08
414.35 2.03300152442e-08
414.36 2.31857134908e-08
414.37 2.64196955209e-08
414.38 3.007873657e-08
414.39 3.42149345137e-08
414.4 3.88862543939e-08
414.41 4.41571210355e-08
414.42 5.00990630884e-08
414.43 5.67914119574e-08
414.44 6.43220591992e-08
414.45 7.2788276077e-08
414.46 8.22975990579e-08
414.47 9.29687851209e-08
414.48 1.04932840809e-07
414.49 1.18334129005e-07
414.5 1.33331557425e-07
414.51 1.50099852841e-07
414.52 1.68830924981e-07
414.53 1.89735324023e-07
414.54 2.13043795475e-07
414.55 2.39008936109e-07
414.56 2.67906954434e-07
414.57 3.00039538952e-07
414.58 3.35735837191e-07
414.59 3.75354548143e-07
414.6 4.1928613039e-07
414.61 4.67955127714e-07
414.62 5.21822613502e-07
414.63 5.8138875468e-07
414.64 6.47195495251e-07
414.65 7.19829358813e-07
414.66 7.99924368646e-07
414.67 8.88165083073e-07
414.68 9.85289742904e-07
414.69 1.09209352674e-06
414.7 1.2094319088e-06
414.71 1.33822411289e-06
414.72 1.4794566548e-06
414.73 1.63418696406e-06
414.74 1.803547075e-06
414.75 1.98874737513e-06
414.76 2.19108039779e-06
414.77 2.41192464451e-06
414.78 2.65274842069e-06
414.79 2.91511366704e-06
414.8 3.20067976751e-06
414.81 3.51120731283e-06
414.82 3.84856179739e-06
414.83 4.21471722565e-06
414.84 4.61175960289e-06
414.85 5.0418902837e-06
414.86 5.50742915043e-06
414.87 6.0108175926e-06
414.88 6.5546212575e-06
414.89 7.14153254104e-06
414.9 7.77437278772e-06
414.91 8.4560941677e-06
414.92 9.18978119929e-06
414.93 9.97865188486e-06
414.94 1.08260584288e-05
414.95 1.17354875068e-05
414.96 1.27105600569e-05
414.97 1.37550305644e-05
414.98 1.48727858131e-05
414.99 1.60678430804e-05
415.0 1.73443477542e-05
415.01 1.87065703521e-05
415.02 2.01589029307e-05
415.03 2.17058548719e-05
415.04 2.33520480416e-05
415.05 2.51022113194e-05
415.06 2.69611745039e-05
415.07 2.89338616029e-05
415.08 3.10252835277e-05
415.09 3.32405302123e-05
415.1 3.55847621913e-05
415.11 3.80632016723e-05
415.12 4.06811231526e-05
415.13 4.34438436314e-05
415.14 4.63567124841e-05
415.15 4.94251010686e-05
415.16 5.26543921454e-05
415.17 5.60499692006e-05
415.18 5.96172057703e-05
415.19 6.33614548729e-05
415.2 6.72880386657e-05
415.21 7.14022384471e-05
415.22 7.57092851371e-05
415.23 8.02143503732e-05
415.24 8.49225383645e-05
415.25 8.9838878656e-05
415.26 9.49683199551e-05
415.27 0.000100315725179
415.28 0.000105885867881
415.29 0.000111683430223
415.3 0.000117713002643
415.31 0.00012397908539
415.32 0.00013048609207
415.33 0.000137238355359
415.34 0.000144240135026
415.35 0.000151495628393
415.36 0.000159008983364
415.37 0.000166784314121
415.38 0.000174825719593
415.39 0.000183137304764
415.4 0.000191723204881
415.41 0.000200587612598
415.42 0.000209734808069
415.43 0.000219169191965
415.44 0.000228895321391
415.45 0.000238917948609
415.46 0.000249242062486
415.47 0.000259872932508
415.48 0.000270816155209
415.49 0.000282077702793
415.5 0.000293663973718
415.51 0.000305581844949
415.52 0.000317838725575
415.53 0.000330442611423
415.54 0.000343402140279
415.55 0.000356726647289
415.56 0.000370426220066
415.57 0.000384511753009
415.58 0.000398995000288
415.59 0.000413888626942
415.6 0.000429206257486
415.61 0.000444962521412
415.62 0.000461173094938
415.63 0.00047785473835
415.64 0.000495025328254
415.65 0.000512703884065
415.66 0.000530910588033
415.67 0.000549666798127
415.68 0.000568995053094
415.69 0.000588919069014
415.7 0.000609463726717
415.71 0.000630655049429
415.72 0.000652520170045
415.73 0.000675087287497
415.74 0.000698385611678
415.75 0.000722445296495
415.76 0.000747297360629
415.77 0.000772973595683
415.78 0.000799506461461
415.79 0.000826928968181
415.8 0.000855274545547
415.81 0.000884576898656
415.82 0.000914869850844
415.83 0.000946187173655
415.84 0.000978562404221
415.85 0.00101202865047
415.86 0.00104661838467
415.87 0.00108236322592
415.88 0.00111929371235
415.89 0.00115743906386
415.9 0.0011968269364
415.91 0.00123748316881
415.92 0.00127943152349
415.93 0.00132269342207
415.94 0.00136728767762
415.95 0.00141323022477
415.96 0.00146053384937
415.97 0.0015092079193
415.98 0.00155925811825
415.99 0.00161068618414
416.0 0.00166348965411
416.01 0.00171766161785
416.02 0.00177319048139
416.03 0.00183005974295
416.04 0.00188824778308
416.05 0.00194772767079
416.06 0.00200846698765
416.07 0.00207042767164
416.08 0.00213356588253
416.09 0.00219783189054
416.1 0.00226316998981
416.11 0.00232951843827
416.12 0.00239680942517
416.13 0.00246496906775
416.14 0.00253391743783
416.15 0.00260356861962
416.16 0.00267383079918
416.17 0.00274460638644
416.18 0.00281579216994
416.19 0.00288727950455
416.2 0.00295895453225
416.21 0.00303069843561
416.22 0.00310238772356
416.23 0.00317389454887
416.24 0.00324508705628
416.25 0.00331582976032
416.26 0.00338598395142
416.27 0.00345540812868
416.28 0.00352395845778
416.29 0.00359148925173
416.3 0.00365785347265
416.31 0.00372290325202
416.32 0.00378649042696
416.33 0.00384846709002
416.34 0.00390868614944
416.35 0.00396700189729
416.36 0.0040232705822
416.37 0.00407735098385
416.38 0.00412910498585
416.39 0.0041783981441
416.4 0.00422510024715
416.41 0.00426908586564
416.42 0.00431023488753
416.43 0.00434843303601
416.44 0.00438357236714
416.45 0.00441555174431
416.46 0.00444427728661
416.47 0.00446966278854
416.48 0.00449163010851
416.49 0.00451010952386
416.5 0.00452504005017
416.51 0.00453636972309
416.52 0.00454405584081
416.53 0.00454806516592
416.54 0.0045483740853
416.55 0.0045449687272
416.56 0.00453784503471
416.57 0.00452700879542
416.58 0.00451247562688
416.59 0.00449427091819
416.6 0.00447242972805
416.61 0.00444699663996
416.62 0.00441802557552
416.63 0.00438557956694
416.64 0.00434973049038
416.65 0.00431055876162
416.66 0.00426815299593
416.67 0.00422260963447
416.68 0.00417403253914
416.69 0.00412253255872
416.7 0.00406822706853
416.71 0.00401123948662
416.72 0.00395169876919
416.73 0.00388973888821
416.74 0.00382549829422
416.75 0.00375911936738
416.76 0.00369074785983
416.77 0.00362053233239
416.78 0.00354862358875
416.79 0.00347517411
416.8 0.00340033749264
416.81 0.00332426789276
416.82 0.00324711947934
416.83 0.00316904589915
416.84 0.00309019975592
416.85 0.00301073210611
416.86 0.00293079197347
416.87 0.00285052588456
416.88 0.0027700774269
416.89 0.00268958683173
416.9 0.00260919058261
416.91 0.00252902105129
416.92 0.00244920616191
416.93 0.00236986908449
416.94 0.00229112795827
416.95 0.00221309564547
416.96 0.0021358795158
416.97 0.00205958126167
416.98 0.00198429674417
416.99 0.00191011586942
417.0 0.00183712249491
417.01 0.00176539436521
417.02 0.00169500307619
417.03 0.00162601406706
417.04 0.00155848663894
417.05 0.00149247399893
417.06 0.00142802332851
417.07 0.00136517587465
417.08 0.00130396706248
417.09 0.00124442662787
417.1 0.00118657876833
417.11 0.00113044231077
417.12 0.0010760308944
417.13 0.00102335316715
417.14 0.000972412993951
417.15 0.000923209675323
417.16 0.000875738174558
417.17 0.000829989351961
417.18 0.000785950204605
417.19 0.000743604110071
417.2 0.000702931072744
417.21 0.000663907971281
417.22 0.000626508805917
417.23 0.000590704944368
417.24 0.000556465365172
417.25 0.000523756897366
417.26 0.000492544455493
417.27 0.000462791269031
417.28 0.000434459105402
417.29 0.000407508485811
417.3 0.000381898893266
417.31 0.000357588972202
417.32 0.000334536719214
417.33 0.000312699664509
417.34 0.000292035043737
417.35 0.000272499959955
417.36 0.000254051535571
417.37 0.000236647054129
417.38 0.000220244091932
417.39 0.000204800639509
417.4 0.000190275213018
417.41 0.000176626955712
417.42 0.000163815729669
417.43 0.000151802198001
417.44 0.000140547897814
417.45 0.000130015304228
417.46 0.000120167885791
417.47 0.000110970151631
417.48 0.00010238769075
417.49 9.43872038394e-05
417.5 8.6936528041e-05
417.51 8.00046550646e-05
417.52 7.35617430965e-05
417.53 6.75791229252e-05
417.54 6.20292987156e-05
417.55 5.68859438552e-05
417.56 5.21238922968e-05
417.57 4.77191258054e-05
417.58 4.36487575151e-05
417.59 3.98910121843e-05
417.6 3.64252035263e-05
417.61 3.32317089761e-05
417.62 3.02919422407e-05
417.63 2.75883239588e-05
417.64 2.51042507833e-05
417.65 2.28240631775e-05
417.66 2.07330122002e-05
417.67 1.88172255339e-05
417.68 1.70636729944e-05
417.69 1.54601317389e-05
417.7 1.39951513724e-05
417.71 1.26580191354e-05
417.72 1.14387253359e-05
417.73 1.03279291746e-05
417.74 9.31692509373e-06
417.75 8.39760976556e-06
417.76 7.56244982119e-06
417.77 6.80445040665e-06
417.78 6.1171246395e-06
417.79 5.49446402713e-06
417.8 4.93090989612e-06
417.81 4.42132587122e-06
417.82 3.96097143276e-06
417.83 3.54547657204e-06
417.84 3.17081755584e-06
417.85 2.83329380396e-06
417.86 2.52950587661e-06
417.87 2.25633456263e-06
417.88 2.01092105413e-06
417.89 1.79064818836e-06
417.9 1.59312273379e-06
417.91 1.4161586936e-06
417.92 1.25776159722e-06
417.93 1.11611374779e-06
417.94 9.89560391853e-07
417.95 8.76596775739e-07
417.96 7.75856052288e-07
417.97 6.86098000675e-07
417.98 6.06198521718e-07
417.99 5.35139870955e-07
418.0 4.720015919e-07
418.01 4.15952112255e-07
418.02 3.66240966446e-07
418.03 3.22191608563e-07
418.04 2.83194780697e-07
418.05 2.48702402656e-07
418.06 2.18221950171e-07
418.07 1.91311289881e-07
418.08 1.67573940637e-07
418.09 1.46654731973e-07
418.1 1.28235831914e-07
418.11 1.12033117631e-07
418.12 9.77928638138e-08
418.13 8.52887249638e-08
418.14 7.4318989151e-08
418.15 6.47040820774e-08
418.16 5.62843015708e-08
418.17 4.89177638755e-08
418.18 4.24785443122e-08
418.19 3.68549960361e-08
418.2 3.19482317431e-08
418.21 2.76707542352e-08
418.22 2.39452227786e-08
418.23 2.07033431526e-08
418.24 1.78848702057e-08
418.25 1.54367125993e-08
418.26 1.33121302388e-08
418.27 1.14700156555e-08
418.28 9.87425132401e-09
418.29 8.49313556964e-09
418.3 7.29887035019e-09
418.31 6.26710477641e-09
418.32 5.37652877996e-09
418.33 4.60851183825e-09
418.34 3.94678212976e-09
418.35 3.37714192207e-09
418.36 2.88721538874e-09
418.37 2.46622541394e-09
418.38 2.10479627604e-09
418.39 1.79477940594e-09
418.4 1.5290996943e-09
418.41 1.30162007544e-09
418.42 1.10702234727e-09
418.43 9.40702396868e-10
418.44 7.98678191834e-10
418.45 6.77509071145e-10
418.46 5.74225025163e-10
418.47 4.86264796212e-10
418.48 4.11421758473e-10
418.49 3.47796650828e-10
418.5 2.93756339498e-10
418.51 2.47897880027e-10
418.52 2.09017231221e-10
418.53 1.76082048035e-10
418.54 1.48208046867e-10
418.55 1.24638496026e-10
418.56 1.04726437033e-10
418.57 8.79192894523e-11
418.58 7.37455337675e-11
418.59 6.18032039308e-11
418.6 5.17499541091e-11
418.61 4.32944932565e-11
418.62 3.61892068746e-11
418.63 3.02238080365e-11
418.64 2.52198797705e-11
418.65 2.10261885268e-11
418.66 1.75146639475e-11
418.67 1.4576953769e-11
418.68 1.21214746191e-11
418.69 1.00708899239e-11
418.7 8.35995528094e-12
418.71 6.93367964384e-12
418.72 5.74575763056e-12
418.73 4.7572343429e-12
418.74 3.93536936884e-12
418.75 3.25267123501e-12
418.76 2.68607756598e-12
418.77 2.21625966652e-12
418.78 1.82703323943e-12
418.79 1.50485954375e-12
418.8 1.23842353783e-12
418.81 1.01827748474e-12
418.82 8.36540163824e-13
418.83 6.86643266506e-13
418.84 5.63117788439e-13
418.85 4.61414289613e-13
418.86 3.77751803287e-13
418.87 3.08990953728e-13
418.88 2.5252750973e-13
418.89 2.06203171051e-13
418.9 1.68230871958e-13
418.91 1.37132301441e-13
418.92 1.11685693679e-13
418.93 9.08822435737e-14
418.94 7.38897583232e-14
418.95 6.00223734919e-14
418.96 4.87153465427e-14
418.97 3.95040971115e-14
418.98 3.20067956166e-14
418.99 2.59099136462e-14
419.0 2.09562440277e-14
419.01 1.69349781631e-14
419.02 1.36734953559e-14
419.03 1.10305753711e-14
419.04 8.89079298156e-15
419.05 7.1598931637e-15
419.06 5.76097908561e-15
419.07 4.63137308729e-15
419.08 3.72003434275e-15
419.09 2.98543653523e-15
419.1 2.39382528498e-15
419.11 1.91778876055e-15
419.12 1.53508631724e-15
419.13 1.22768950946e-15
419.14 9.80997727866e-16
419.15 7.83197280254e-16
419.16 6.24738186155e-16
419.17 4.97907475241e-16
419.18 3.96481523248e-16
419.19 3.15443056665e-16
419.2 2.50751017596e-16
419.21 1.99153594054e-16
419.22 1.58036464418e-16
419.23 1.25299741307e-16
419.24 9.92582824836e-17
419.25 7.85610085814e-17
419.26 6.21256659497e-17
419.27 4.90861280996e-17
419.28 3.87498662843e-17
419.29 3.0563659486e-17
419.3 2.40859737834e-17
419.31 1.89647350027e-17
419.32 1.49194584889e-17
419.33 1.17268954905e-17
419.34 9.20951504262e-18
419.35 7.22626994272e-18
419.36 5.66520086484e-18
419.37 4.43751830067e-18
419.38 3.47287149799e-18
419.39 2.71556988218e-18
419.4 2.12156804398e-18
419.41 1.65606225797e-18
419.42 1.29157629775e-18
419.43 1.00643837047e-18
419.44 7.83570392756e-19
419.45 6.09526458301e-19
419.46 4.73729924579e-19
419.47 3.67868658452e-19
419.48 2.85416101925e-19
419.49 2.21252336092e-19
419.5 1.71364544864e-19
419.51 1.32610462971e-19
419.52 1.02531738974e-19
419.53 7.92068181981e-20
419.54 6.11350856014e-20
419.55 4.71457114813e-20
419.56 3.6325999789e-20
419.57 2.79651189255e-20
419.58 2.15099537979e-20
419.59 1.65305002708e-20
419.6 1.26927646976e-20
419.61 9.7375606022e-21
419.62 7.46393468839e-21
419.63 5.71622348725e-21
419.64 4.37395471255e-21
419.65 3.343975421e-21
419.66 2.55432164555e-21
419.67 1.9494486642e-21
419.68 1.4865233494e-21
419.69 1.13254477234e-21
419.7 8.62110107456e-22
419.71 6.55682822757e-22
419.72 4.98251469743e-22
419.73 3.78291935509e-22
419.74 2.8696523744e-22
419.75 2.17497970917e-22
419.76 1.64704263654e-22
419.77 1.24617256649e-22
419.78 9.42052797264e-23
419.79 7.11534582923e-23
419.8 5.36958220054e-23
419.81 4.04863560208e-23
419.82 3.05000532038e-23
419.83 2.29570572123e-23
419.84 1.72645613584e-23
419.85 1.29723480793e-23
419.86 9.73879783358e-24
419.87 7.30492598806e-24
419.88 5.47456986221e-24
419.89 4.0992829568e-24
419.9 3.06682859603e-24
419.91 2.29242335186e-24
419.92 1.71207921921e-24
419.93 1.27754615914e-24
419.94 9.52473842936e-25
419.95 7.09501352222e-25
419.96 5.28052508058e-25
419.97 3.9266727125e-25
419.98 2.91740022167e-25
419.99 2.16566377087e-25
420.0 1.60623750967e-25
420.01 1.19028841944e-25
420.02 8.81289032662e-26
420.03 6.51940911354e-26
420.04 4.81861044284e-26
420.05 3.55843561471e-26
420.06 2.62554894956e-26
420.07 1.9355519813e-26
420.08 1.42565115911e-26
420.09 1.04916891873e-26
420.1 7.71438436505e-27
420.11 5.66736055752e-27
420.12 4.15991182848e-27
420.13 3.05078161423e-27
420.14 2.23543387457e-27
420.15 1.63657626172e-27
420.16 1.19711088522e-27
420.17 8.74895584367e-28
420.18 6.38854240666e-28
420.19 4.66091359299e-28
420.2 3.39753574129e-28
420.21 2.47446165898e-28
420.22 1.80061613011e-28
420.23 1.30913747831e-28
420.24 9.50983733607e-29
420.25 6.90215381479e-29
420.26 5.00518219179e-29
420.27 3.62642634058e-29
420.28 2.62519484596e-29
420.29 1.89875065993e-29
420.3 1.37213880043e-29
420.31 9.90722132384e-30
420.32 7.14709241053e-30
420.33 5.151463682e-30
420.34 3.70984358993e-30
420.35 2.66934230671e-30
420.36 1.91900741178e-30
420.37 1.37839201007e-30
420.38 9.89219239547e-31
420.39 7.09309986491e-31
420.4 5.08163311835e-31
420.41 3.63742671195e-31
420.42 2.60141062209e-31
420.43 1.8588625555e-31
420.44 1.32711745604e-31
420.45 9.46662462481e-32
420.46 6.7469060715e-32
420.47 4.80438590359e-32
420.48 3.41817911667e-32
420.49 2.42982760384e-32
420.5 1.72575769685e-32
420.51 1.22463844476e-32
420.52 8.68279747951e-33
420.53 6.15085043126e-33
420.54 4.3534581511e-33
420.55 3.07862856075e-33
420.56 2.17522370073e-33
420.57 1.53558645125e-33
420.58 1.08309943464e-33
420.59 7.63283895268e-34
420.6 5.37437024104e-34
420.61 3.78087898244e-34
420.62 2.65755146929e-34
420.63 1.86635521417e-34
420.64 1.30957578774e-34
420.65 9.18101468493e-35
420.66 6.43093973259e-35
420.67 4.5007191126e-35
420.68 3.14711847369e-35
420.69 2.19871018098e-35
420.7 1.53478163905e-35
420.71 1.07040693731e-35
420.72 7.45890279978e-36
420.73 5.19307617146e-36
420.74 3.61241927121e-36
420.75 2.51070287897e-36
420.76 1.74347692245e-36
420.77 1.20965297632e-36
420.78 8.38550275555e-37
420.79 5.80792669338e-37
420.8 4.01917446745e-37
420.81 2.7789216607e-37
420.82 1.9197269494e-37
420.83 1.32503189328e-37
420.84 9.13770039647e-38
420.85 6.29609409104e-38
420.86 4.33440229195e-38
420.87 2.98133609096e-38
420.88 2.04887927863e-38
420.89 1.40684261587e-38
420.9 9.65157907401e-39
420.91 6.6156869021e-39
420.92 4.53080348693e-39
420.93 3.10026788313e-39
420.94 2.11956592512e-39
420.95 1.44783259369e-39
420.96 9.88128628405e-40
420.97 6.73802048904e-40
420.98 4.5906574249e-40
420.99 3.12493620166e-40
421.0 2.1253533213e-40
421.01 1.44425817107e-40
421.02 9.80578216239e-41
421.03 6.65186400052e-41
421.04 4.50845972238e-41
421.05 3.05306984267e-41
421.06 2.06570831289e-41
421.07 1.39644864036e-41
421.08 9.43201863927e-42
421.09 6.36514125052e-42
421.1 4.29175728948e-42
421.11 2.89125218362e-42
421.12 1.94607918091e-42
421.13 1.30875619957e-42
421.14 8.79388353897e-43
421.15 5.90372854264e-43
421.16 3.96000526168e-43
421.17 2.65392630042e-43
421.18 1.77707462746e-43
421.19 1.18890235293e-43
421.2 7.94713186866e-44
421.21 5.30760219234e-44
421.22 3.54168573867e-44
421.23 2.36126860621e-44
421.24 1.57291218189e-44
421.25 1.04685678303e-44
421.26 6.96135496384e-45
421.27 4.62513059193e-45
421.28 3.07027963949e-45
421.29 2.0363647844e-45
421.3 1.34945042969e-45
421.31 8.93474179546e-46
421.32 5.91058938253e-46
421.33 3.90663903091e-46
421.34 2.57987992248e-46
421.35 1.70223459732e-46
421.36 1.12218134846e-46
421.37 7.39146273298e-47
421.38 4.86431229645e-47
421.39 3.19842535818e-47
421.4 2.10123537168e-47
421.41 1.3792306461e-47
421.42 9.04529648134e-48
421.43 5.92696587789e-48
421.44 3.88030407608e-48
421.45 2.53818226637e-48
421.46 1.65883642648e-48
421.47 1.08319846028e-48
421.48 7.06701831814e-49
421.49 4.60668071327e-49
421.5 3.00029335823e-49
421.51 1.95237411538e-49
421.52 1.26936369868e-49
421.53 8.2458004339e-50
421.54 5.35184192998e-50
421.55 3.47054314922e-50
421.56 2.24861618049e-50
421.57 1.45564987355e-50
421.58 9.41504142213e-51
421.59 6.08430890845e-51
421.6 3.92847495484e-51
421.61 2.53431406782e-51
421.62 1.63350546747e-51
421.63 1.05197268438e-51
421.64 6.76880567481e-52
421.65 4.35154362501e-52
421.66 2.79510643386e-52
421.67 1.79381260112e-52
421.68 1.1502162625e-52
421.69 7.36895067074e-53
421.7 4.71688738247e-53
421.71 3.0166788473e-53
421.72 1.92764191549e-53
421.73 1.23068627399e-53
421.74 7.85040504702e-54
421.75 5.00334540913e-54
421.76 3.18605023334e-54
421.77 2.02706868516e-54
421.78 1.2885700199e-54
421.79 8.18410689988e-55
421.8 5.1934777655e-55
421.81 3.2928274412e-55
421.82 2.08594753281e-55
421.83 1.32026618836e-55
421.84 8.3491705871e-56
421.85 5.275320865e-56
421.86 3.33025997989e-56
421.87 2.10054074036e-56
421.88 1.32375554532e-56
421.89 8.3350495923e-57
421.9 5.24363310195e-57
421.91 3.29594622359e-57
421.92 2.06991089485e-57
421.93 1.29881380539e-57
421.94 8.14265162729e-58
421.95 5.10045036099e-58
421.96 3.19208838945e-58
421.97 1.99602053195e-58
421.98 1.24703548758e-58
421.99 7.7842420789e-59
422.0 4.85486956989e-59
422.01 3.02525865805e-59
422.02 1.88352405403e-59
422.03 1.17166522879e-59
422.04 7.28215007663e-60
422.05 4.52209228316e-60
422.06 2.80571096331e-60
422.07 1.73928259104e-60
422.08 1.07726136204e-60
422.09 6.66646693215e-61
422.1 4.12186807485e-61
422.11 2.5463386285e-61
422.12 1.57167209303e-61
422.13 9.69240242706e-62
422.14 5.97206665177e-62
422.15 3.67655923021e-62
422.16 2.26142505918e-62
422.17 1.38978156382e-62
422.18 8.53364563684e-63
422.19 5.23535789085e-63
422.2 3.20908971745e-63
422.21 1.96535521238e-63
422.22 1.20260765322e-63
422.23 7.35242468085e-64
422.24 4.49118471941e-64
422.25 2.7410374146e-64
422.26 1.67144743096e-64
422.27 1.01834325927e-64
422.28 6.1989677431e-65
422.29 3.77023371222e-65
422.3 2.29108330628e-65
422.31 1.39103225955e-65
422.32 8.43834418198e-66
422.33 5.11447407262e-66
422.34 3.09719421795e-66
422.35 1.87395695476e-66
422.36 1.13285543954e-66
422.37 6.84247296752e-67
422.38 4.12929013683e-67
422.39 2.48978255603e-67
422.4 1.49993055904e-67
422.41 9.02827126317e-68
422.42 5.42952400955e-68
422.43 3.26244071908e-68
422.44 1.95860659496e-68
422.45 1.17483130009e-68
422.46 7.0408893149e-69
422.47 4.21602558933e-69
422.48 2.52233445133e-69
422.49 1.50773778192e-69
422.5 9.00477107512e-70
422.51 5.37332671061e-70
422.52 3.20359443859e-70
422.53 1.90833900551e-70
422.54 1.13578789501e-70
422.55 6.75402489134e-71
422.56 4.01283950639e-71
422.57 2.38212549144e-71
422.58 1.41286671913e-71
422.59 8.37262164968e-72
422.6 4.95730283236e-72
422.61 2.93260213282e-72
422.62 1.73334317479e-72
422.63 1.02362215219e-72
422.64 6.03974370074e-73
422.65 3.56058252215e-73
422.66 2.09723605014e-73
422.67 1.23423337355e-73
422.68 7.25723137025e-74
422.69 4.26352059677e-74
422.7 2.50258867005e-74
422.71 1.46768986495e-74
422.72 8.60008668863e-75
422.73 5.03494899172e-75
422.74 2.94517451526e-75
422.75 1.72127675977e-75
422.76 1.00511114538e-75
422.77 5.86409753331e-76
422.78 3.41831431503e-76
422.79 1.99088656079e-76
422.8 1.15852323608e-76
422.81 6.73576140214e-77
422.82 3.91284238011e-77
422.83 2.27102400584e-77
422.84 1.31696674521e-77
422.85 7.63047554786e-78
422.86 4.41725136632e-78
422.87 2.55491428786e-78
422.88 1.47646878199e-78
422.89 8.5250299828e-79
422.9 4.91803113558e-79
422.91 2.83472115765e-79
422.92 1.63249977087e-79
422.93 9.3933309811e-80
422.94 5.40019987079e-80
422.95 3.10187116381e-80
422.96 1.7801696367e-80
422.97 1.02075786669e-80
422.98 5.84800579661e-81
422.99 3.34746901503e-81
423.0 1.91447213505e-81
423.01 1.09396958057e-81
423.02 6.24575802749e-82
423.03 3.56277811722e-82
423.04 2.03056132456e-82
423.05 1.15629102959e-82
423.06 6.57872776697e-83
423.07 3.73973119213e-83
423.08 2.12403941044e-83
423.09 1.20533694107e-83
423.1 6.83404880379e-84
423.11 3.8714298768e-84
423.12 2.19123235131e-84
423.13 1.23916511206e-84
423.14 7.00154100368e-85
423.15 3.95259036794e-85
423.16 2.22942923542e-85
423.17 1.25640393625e-85
423.18 7.07438347097e-86
423.19 3.97989503978e-86
423.2 2.23706371014e-86
423.21 1.2563446629e-86
423.22 7.0495753701e-87
423.23 3.95221743413e-87
423.24 2.21382054526e-87
423.25 1.23898974011e-87
423.26 6.9281410205e-88
423.27 3.87069935892e-88
423.28 2.16065722673e-88
423.29 1.20505264707e-88
423.3 6.71505973024e-89
423.31 3.7386727415e-89
423.32 2.07973851947e-89
423.33 1.15590923135e-89
423.34 6.41892706656e-90
423.35 3.56143369017e-90
423.36 1.97429023164e-90
423.37 1.09350517653e-90
423.38 6.05137967622e-91
423.39 3.34589011527e-91
423.4 1.84838594688e-91
423.41 1.02022827255e-91
423.42 5.62633728642e-92
423.43 3.1001155762e-92
423.44 1.70668636663e-92
423.45 9.38757167397e-93
423.46 5.15913063637e-93
423.47 2.83284946127e-93
423.48 1.55415446571e-93
423.49 8.51899919637e-94
423.5 4.66559123476e-94
423.51 2.55298643959e-94
423.52 1.39577058676e-94
423.53 7.62435814876e-95
423.54 4.16117756116e-95
423.55 2.26909625778e-95
423.56 1.23626992363e-95
423.57 6.72972627953e-96
423.58 3.66020331092e-96
423.59 1.98900892191e-96
423.6 1.0799209475e-96
423.61 5.85829061394e-97
423.62 3.17521817078e-97
423.63 1.71949114216e-97
423.64 9.30357851563e-98
423.65 5.02948855043e-98
423.66 2.71657270662e-98
423.67 1.4660289778e-98
423.68 7.90473816373e-99
423.69 4.25849494123e-99
423.7 2.29217881799e-99
423.71 1.23272035332e-99
423.72 6.62375638052e-100
423.73 3.55604990874e-100
423.74 1.90745831968e-100
423.75 1.0222708536e-100
423.76 5.47394731154e-101
423.77 2.9285925931e-101
423.78 1.56545655303e-101
423.79 8.3607799006e-102
423.8 4.46145251486e-102
423.81 2.37864412914e-102
423.82 1.26708684204e-102
423.83 6.74383603863e-103
423.84 3.58617383137e-103
423.85 1.9053702675e-103
423.86 1.01146566122e-103
423.87 5.36471450619e-104
423.88 2.84292759755e-104
423.89 1.5052502092e-104
423.9 7.9629741442e-105
423.91 4.20887112009e-105
423.92 2.22269392119e-105
423.93 1.17278231559e-105
423.94 6.18270988003e-106
423.95 3.25659716021e-106
423.96 1.7138504553e-106
423.97 9.01167500571e-107
423.98 4.73436601659e-107
423.99 2.48508845831e-107
424.0 1.30330357554e-107
424.01 6.82925035044e-108
424.02 3.57539635466e-108
424.03 1.87024742265e-108
424.04 9.77456973445e-109
424.05 5.10410906971e-109
424.06 2.6629680489e-109
424.07 1.3881476992e-109
424.08 7.22984708823e-110
424.09 3.76223794216e-110
424.1 1.95608227801e-110
424.11 1.01613565465e-110
424.12 5.27399817066e-111
424.13 2.73496625221e-111
424.14 1.41705817951e-111
424.15 7.33579359487e-112
424.16 3.79428752285e-112
424.17 1.96081709545e-112
424.18 1.01243615116e-112
424.19 5.22302273373e-113
424.2 2.69215400821e-113
424.21 1.38644165364e-113
424.22 7.13389983364e-114
424.23 3.66755072497e-114
424.24 1.88386146985e-114
424.25 9.66819743794e-115
424.26 4.95753478607e-115
424.27 2.53985978839e-115
424.28 1.30010200133e-115
424.29 6.64919123736e-116
424.3 3.39769141952e-116
424.31 1.73469351725e-116
424.32 8.8488185562e-117
424.33 4.50994802753e-117
424.34 2.29657956786e-117
424.35 1.16846354882e-117
424.36 5.93981000227e-118
424.37 3.01684953576e-118
424.38 1.53094102124e-118
424.39 7.76223849174e-119
424.4 3.93223275729e-119
424.41 1.99028451397e-119
424.42 1.0065024201e-119
424.43 5.08555312699e-120
424.44 2.56735119001e-120
424.45 1.29495917598e-120
424.46 6.52605285716e-121
424.47 3.28600945818e-121
424.48 1.65314422302e-121
424.49 8.30952867671e-122
424.5 4.17316686676e-122
424.51 2.09401034444e-122
424.52 1.0498218498e-122
424.53 5.25867225766e-123
424.54 2.63184503614e-123
424.55 1.31603741507e-123
424.56 6.57506228446e-124
424.57 3.28212576484e-124
424.58 1.63694571751e-124
424.59 8.15712373768e-125
424.6 4.06128563499e-125
424.61 2.02029008395e-125
424.62 1.00412468089e-125
424.63 4.98637876249e-126
424.64 2.47403932747e-126
424.65 1.22645507928e-126
424.66 6.07463804693e-127
424.67 3.00616544331e-127
424.68 1.48637729581e-127
424.69 7.34292276475e-128
424.7 3.62437035876e-128
424.71 1.78739233927e-128
424.72 8.80705943068e-129
424.73 4.33576439137e-129
424.74 2.1326723289e-129
424.75 1.0481086528e-129
424.76 5.14650253673e-130
424.77 2.52488608269e-130
424.78 1.23764216915e-130
424.79 6.0613884992e-131
424.8 2.96601166984e-131
424.81 1.4500978304e-131
424.82 7.08346027392e-132
424.83 3.45714292856e-132
424.84 1.68582666857e-132
424.85 8.21357481082e-133
424.86 3.99829861949e-133
424.87 1.94465224512e-133
424.88 9.45001252706e-134
424.89 4.58824427712e-134
424.9 2.22579104847e-134
424.91 1.07881248497e-134
424.92 5.22433778258e-135
424.93 2.52778566199e-135
424.94 1.22200492443e-135
424.95 5.90241006466e-136
424.96 2.84845598708e-136
424.97 1.37345160358e-136
424.98 6.61669202303e-137
424.99 3.18487354278e-137
425.0 1.53167695447e-137
425.01 7.35979767452e-138
425.02 3.53336323147e-138
425.03 1.69486225465e-138
425.04 8.12277162078e-139
425.05 3.88953595319e-139
425.06 1.86086578277e-139
425.07 8.89520625693e-140
425.08 4.24835409694e-140
425.09 2.02725838393e-140
425.1 9.66543078485e-141
425.11 4.60423029012e-141
425.12 2.19137434345e-141
425.13 1.04207702299e-141
425.14 4.95115793736e-142
425.15 2.35037658897e-142
425.16 1.11478685137e-142
425.17 5.28287013902e-143
425.18 2.50133433882e-143
425.19 1.18330654802e-143
425.2 5.59302168043e-144
425.21 2.64131045457e-144
425.22 1.24628139114e-144
425.23 5.8753870671e-145
425.24 2.76745500142e-145
425.25 1.30241192974e-145
425.26 6.12406618538e-146
425.27 2.8771009355e-146
425.28 1.35049827351e-146
425.29 6.33368821675e-147
425.3 2.96785747469e-147
425.31 1.3894826031e-147
425.32 6.4996040213e-148
425.33 3.03769660854e-148
425.34 1.41848780497e-148
425.35 6.61805739194e-149
425.36 3.08502838426e-149
425.37 1.43685026301e-149
425.38 6.68632637899e-150
425.39 3.10876106877e-150
425.4 1.44414509574e-150
425.41 6.70282726233e-151
425.42 3.10834300839e-151
425.43 1.44020249918e-151
425.44 6.66717562558e-152
425.45 3.08378394504e-152
425.46 1.42511431741e-152
425.47 6.58020124356e-153
425.48 3.03565463895e-153
425.49 1.3992304859e-153
425.5 6.4439159778e-154
425.51 2.965064818e-154
425.52 1.36314553994e-154
425.53 6.26143641483e-155
425.54 2.87362064352e-155
425.55 1.31767591442e-155
425.56 6.03686540089e-156
425.57 2.7633639689e-156
425.58 1.26382924535e-156
425.59 5.77513876063e-157
425.6 2.636696598e-157
425.61 1.20276728425e-157
425.62 5.48184519234e-158
425.63 2.49629346411e-158
425.64 1.1357643297e-158
425.65 5.16302850406e-159
425.66 2.34500910339e-159
425.67 1.06416324742e-159
425.68 4.82498192868e-160
425.69 2.18578196823e-160
425.7 9.89331185889e-161
425.71 4.47404421811e-161
425.72 2.02154101591e-161
425.73 9.1261700154e-162
425.74 4.11640659673e-162
425.75 1.85511863643e-162
425.76 8.35312198511e-163
425.77 3.7579385268e-163
425.78 1.68917339249e-163
425.79 7.58616884856e-164
425.8 3.40403870977e-164
425.81 1.52612528549e-164
425.82 6.83611875207e-165
425.83 3.05951594733e-165
425.84 1.36810539856e-165
425.85 6.11237660107e-166
425.86 2.72850255577e-166
425.87 1.216920866e-166
425.88 5.42280544225e-167
425.89 2.41440110472e-167
425.9 1.07403524099e-167
425.91 4.77365858188e-168
425.92 2.11986346446e-168
425.93 9.40563535901e-169
425.94 4.16957795901e-169
425.95 1.84679959756e-169
425.96 8.1728053717e-170
425.97 3.61365139766e-170
425.98 1.59641229944e-170
425.99 7.04640478841e-171
426.0 3.10751922088e-171
426.01 1.36925322197e-171
426.02 6.02805813487e-172
426.03 2.65151937558e-172
426.04 1.16529502012e-172
426.05 5.11682646731e-173
426.06 2.24485967677e-173
426.07 9.8401432774e-174
426.08 4.30960391968e-174
426.09 1.88580596691e-174
426.1 8.2448045747e-175
426.11 3.60153333713e-175
426.12 1.57187578875e-175
426.13 6.85445173459e-176
426.14 2.98642032913e-176
426.15 1.30002844922e-176
426.16 5.65429537491e-177
426.17 2.4571283339e-177
426.18 1.06684395443e-177
426.19 4.62804607092e-178
426.2 2.00594101864e-178
426.21 8.68685069697e-179
426.22 3.75863598921e-179
426.23 1.62488223658e-179
426.24 7.01838562037e-180
426.25 3.02883959927e-180
426.26 1.30598754533e-180
426.27 5.62633398015e-181
426.28 2.42178560822e-181
426.29 1.041524744e-181
426.3 4.47535203307e-182
426.31 1.92135903051e-182
426.32 8.24163850504e-183
426.33 3.53217579186e-183
426.34 1.51249786533e-183
426.35 6.47099320144e-184
426.36 2.76611880538e-184
426.37 1.18139309288e-184
426.38 5.04129066325e-185
426.39 2.14937781152e-185
426.4 9.15603611305e-186
426.41 3.89695997397e-186
426.42 1.65717398077e-186
426.43 7.04099407801e-187
426.44 2.9889838244e-187
426.45 1.26775946889e-187
426.46 5.3724684492e-188
426.47 2.27475483567e-188
426.48 9.62318938139e-189
426.49 4.06749643436e-189
426.5 1.71774637868e-189
426.51 7.24794042377e-190
426.52 3.05558170205e-190
426.53 1.28705438598e-190
426.54 5.41656064138e-191
426.55 2.27758205808e-191
426.56 9.56859490494e-192
426.57 4.01648377575e-192
426.58 1.68448666692e-192
426.59 7.05850702184e-193
426.6 2.95516569679e-193
426.61 1.23615956942e-193
426.62 5.16643471676e-194
426.63 2.1574019618e-194
426.64 9.00108587545e-195
426.65 3.75216953932e-195
426.66 1.56276513738e-195
426.67 6.50322361558e-196
426.68 2.7038797513e-196
426.69 1.12323278663e-196
426.7 4.6620387897e-197
426.71 1.9333287356e-197
426.72 8.01049293818e-198
426.73 3.31616774104e-198
426.74 1.3716315027e-198
426.75 5.66842134204e-199
426.76 2.34051005056e-199
426.77 9.65567431881e-200
426.78 3.97995736446e-200
426.79 1.63907166683e-200
426.8 6.74436675568e-201
426.81 2.77273348623e-201
426.82 1.13893460428e-201
426.83 4.67426318502e-202
426.84 1.91668722261e-202
426.85 7.85259223283e-203
426.86 3.2143899167e-203
426.87 1.31464284019e-203
426.88 5.37205829098e-204
426.89 2.19329659757e-204
426.9 8.94700594402e-205
426.91 3.64654686416e-205
426.92 1.48494232254e-205
426.93 6.04172680984e-206
426.94 2.45604485875e-206
426.95 9.97551252521e-207
426.96 4.04816172415e-207
426.97 1.6413613504e-207
426.98 6.64927452429e-208
426.99 2.69133672256e-208
427.0 1.088392457e-208
427.01 4.39771136393e-209
427.02 1.77538126592e-209
427.03 7.16110854066e-210
427.04 2.88597518432e-210
427.05 1.16206023713e-210
427.06 4.67507305746e-211
427.07 1.87919511815e-211
427.08 7.54708187698e-212
427.09 3.02837714667e-212
427.1 1.21412826947e-212
427.11 4.86343252429e-213
427.12 1.946457524e-213
427.13 7.78342382627e-214
427.14 3.10971179256e-214
427.15 1.24134732918e-214
427.16 4.95096892272e-215
427.17 1.97292601238e-215
427.18 7.85516134707e-216
427.19 3.12480653076e-216
427.2 1.24198076475e-216
427.21 4.9320823392e-217
427.22 1.95690381317e-217
427.23 7.75768878686e-218
427.24 3.0726913603e-218
427.25 1.2159878567e-218
427.26 4.80798660538e-219
427.27 1.89941985193e-219
427.28 7.49725718212e-220
427.29 2.95670201716e-220
427.3 1.16502814903e-220
427.31 4.58658020592e-221
427.32 1.80411940858e-221
427.33 7.09031087625e-222
427.34 2.78412665694e-222
427.35 1.09228611311e-222
427.36 4.28161436129e-223
427.37 1.67688159159e-223
427.38 6.5617693164e-224
427.39 2.56544809399e-224
427.4 1.00214189491e-224
427.41 3.91128008853e-225
427.42 1.52521942702e-225
427.43 5.94250358061e-226
427.44 2.31329110726e-226
427.45 8.99735460092e-227
427.46 3.49641599525e-227
427.47 1.35754761824e-227
427.48 5.26636260642e-228
427.49 2.04122160866e-228
427.5 7.90484335944e-229
427.51 3.05858174593e-229
427.52 1.18241690055e-229
427.53 4.56714581335e-230
427.54 1.76255565248e-230
427.55 6.79617436091e-231
427.56 2.61824268474e-231
427.57 1.00781077577e-231
427.58 3.87589326583e-232
427.59 1.48932106697e-232
427.6 5.71779484977e-233
427.61 2.19327211951e-233
427.62 8.40582180842e-234
427.63 3.21878191983e-234
427.64 1.23147794855e-234
427.65 4.70744699266e-235
427.66 1.79791000754e-235
427.67 6.86079074792e-236
427.68 2.61579743789e-236
427.69 9.96455156592e-237
427.7 3.79258322989e-237
427.71 1.4422355429e-237
427.72 5.47975296921e-238
427.73 2.08022101562e-238
427.74 7.89008516503e-239
427.75 2.99004424557e-239
427.76 1.13213248309e-239
427.77 4.28292629092e-240
427.78 1.61885392175e-240
427.79 6.11361992332e-241
427.8 2.3068158252e-241
427.81 8.69663255781e-242
427.82 3.27576721862e-242
427.83 1.2328171192e-242
427.84 4.63562176141e-243
427.85 1.74157042872e-243
427.86 6.53729078755e-244
427.87 2.45176181813e-244
427.88 9.18718504531e-245
427.89 3.439619187e-245
427.9 1.2866545922e-245
427.91 4.80880646016e-246
427.92 1.79571055298e-246
427.93 6.69975750583e-247
427.94 2.49750027922e-247
427.95 9.30198681269e-248
427.96 3.46154200482e-248
427.97 1.28702565807e-248
427.98 4.78110758786e-249
427.99 1.77457165643e-249
428.0 6.58085432398e-250
428.01 2.43834260025e-250
428.02 9.0267390507e-251
428.03 3.33880274528e-251
428.04 1.23388404492e-251
428.05 4.55597830741e-252
428.06 1.68078691797e-252
428.07 6.19537192358e-253
428.08 2.28163315926e-253
428.09 8.39552712226e-254
428.1 3.08655365272e-254
428.11 1.13376593662e-254
428.12 4.16099018459e-255
428.13 1.52578622764e-255
428.14 5.5900333913e-256
428.15 2.04625063048e-256
428.16 7.48388254472e-257
428.17 2.7347574369e-257
428.18 9.98468512687e-258
428.19 3.6422826732e-258
428.2 1.32750643358e-258
428.21 4.83418574827e-259
428.22 1.75887001576e-259
428.23 6.39392988491e-260
428.24 2.32233948502e-260
428.25 8.42766483239e-261
428.26 3.05571268545e-261
428.27 1.10698437611e-261
428.28 4.00676782843e-262
428.29 1.44900731276e-262
428.3 5.23565099384e-263
428.31 1.89014235128e-263
428.32 6.8177653512e-264
428.33 2.45704606725e-264
428.34 8.84724921444e-265
428.35 3.18292888281e-265
428.36 1.14411405797e-265
428.37 4.1089931869e-266
428.38 1.47443364658e-266
428.39 5.28614117138e-267
428.4 1.89354658445e-267
428.41 6.77699153618e-268
428.42 2.42338047804e-268
428.43 8.6582471643e-269
428.44 3.09073710599e-269
428.45 1.1023458347e-269
428.46 3.92823424388e-270
428.47 1.39862279298e-270
428.48 4.97539469038e-271
428.49 1.76839055914e-271
428.5 6.27989741667e-272
428.51 2.22818180665e-272
428.52 7.89900539931e-273
428.53 2.79780801531e-273
428.54 9.90118378394e-274
428.55 3.50090274495e-274
428.56 1.23679204466e-274
428.57 4.36553055706e-275
428.58 1.53957586511e-275
428.59 5.42486417127e-276
428.6 1.90985482234e-276
428.61 6.71793124909e-277
428.62 2.36099173559e-277
428.63 8.29043066006e-278
428.64 2.90859617182e-278
428.65 1.01956161744e-278
428.66 3.57081408777e-279
428.67 1.24952432153e-279
428.68 4.36863640816e-280
428.69 1.52605715799e-280
428.7 5.3262238163e-281
428.71 1.85734138903e-281
428.72 6.47124397456e-282
428.73 2.25272159901e-282
428.74 7.83521620738e-283
428.75 2.72281515687e-283
428.76 9.45385738368e-284
428.77 3.27962090425e-284
428.78 1.13674213465e-284
428.79 3.93662442181e-285
428.8 1.36210227844e-285
428.81 4.70889676014e-286
428.82 1.6264934957e-286
428.83 5.61318305373e-287
428.84 1.93548492212e-287
428.85 6.66797698148e-288
428.86 2.29520829051e-288
428.87 7.89357661319e-289
428.88 2.71237208145e-289
428.89 9.31211680966e-290
428.9 3.19426745824e-290
428.91 1.09475730465e-290
428.92 3.74876432836e-291
428.93 1.28257313324e-291
428.94 4.3842958289e-292
428.95 1.4974118819e-292
428.96 5.10982953231e-293
428.97 1.74218897694e-293
428.98 5.93482371834e-294
428.99 2.01996618037e-294
429.0 6.86916716587e-295
429.01 2.33392977731e-295
429.02 7.9231010899e-296
429.03 2.68736292728e-296
429.04 9.107122091e-297
429.05 3.08361186766e-297
429.06 1.04318652979e-297
429.07 3.5260457686e-298
429.08 1.19079672718e-298
429.09 4.01801017316e-299
429.1 1.35459087011e-299
429.11 4.56277411205e-300
429.12 1.53558374413e-300
429.13 5.16347115985e-301
429.14 1.73473730446e-301
429.15 5.82303489291e-302
429.16 1.95293945583e-302
429.17 6.5441294171e-303
429.18 2.19098140444e-303
429.19 7.32907584949e-304
429.2 2.44953389603e-304
429.21 8.17977585603e-305
429.22 2.72912272294e-305
429.23 9.09763356163e-306
429.24 3.03010394874e-306
429.25 1.00834773503e-306
429.26 3.35263936021e-307
429.27 1.11374832552e-307
429.28 3.69667270944e-308
429.29 1.22591017902e-308
429.3 4.06190735206e-309
429.31 1.34469901929e-309
429.32 4.44778591708e-310
429.33 1.46989521182e-310
429.34 4.85347265913e-311
429.35 1.60118868432e-311
429.36 5.2778391408e-312
429.37 1.73817500057e-312
429.38 5.71945387136e-313
429.39 1.88035277983e-313
429.4 6.17657648654e-314
429.41 2.0271226377e-314
429.42 6.64715699067e-315
429.43 2.17778780027e-315
429.44 7.1288404967e-316
429.45 2.33155650339e-316
429.46 7.6189779254e-317
429.47 2.48754641696e-317
429.48 8.11464286174e-318
429.49 2.64479269007e-318
429.5 8.61265115143e-319
429.51 2.80224153008e-319
429.52 9.10958237802e-320
429.53 2.95895915294e-320
429.54 9.5996954987e-321
429.55 3.1126135688e-321
429.56 1.00789391752e-321
429.57 3.26083326255e-322
429.58 1.03753785627e-322
429.59 3.45845952089e-323
429.6 9.88131291682e-324
429.61 4.94065645841e-324
429.62 0.0
429.63 0.0
429.64 0.0
429.65 0.0
429.66 0.0
429.67 0.0
429.68 0.0
429.69 0.0
429.7 0.0
429.71 0.0
429.72 0.0
429.73 0.0
429.74 0.0
429.75 0.0
429.76 0.0
429.77 0.0
429.78 0.0
429.79 0.0
429.8 0.0
429.81 0.0
429.82 0.0
429.83 0.0
429.84 0.0
429.85 0.0
429.86 0.0
429.87 0.0
429.88 0.0
429.89 0.0
429.9 0.0
429.91 0.0
429.92 0.0
429.93 0.0
429.94 0.0
429.95 0.0
429.96 0.0
429.97 0.0
429.98 0.0
429.99 0.0
