400.0 1.27091819407e-21
400.01 1.6724042543e-21
400.02 2.19881475615e-21
400.03 2.88841594998e-21
400.04 3.79100658432e-21
400.05 4.9713352952e-21
400.06 6.51351300542e-21
400.07 8.52670477356e-21
400.08 1.11524652979e-20
400.09 1.45741839686e-20
400.1 1.9029234872e-20
400.11 2.48245919307e-20
400.12 3.23568788236e-20
400.13 4.21380893062e-20
400.14 5.48285509887e-20
400.15 7.12791332782e-20
400.16 9.25852416653e-20
400.17 1.20155825436e-19
400.18 1.55801491373e-19
400.19 2.01846908593e-19
400.2 2.61274067622e-19
400.21 3.37904692889e-19
400.22 4.36632293022e-19
400.23 5.63717081065e-19
400.24 7.27160448412e-19
400.25 9.37180007948e-19
400.26 1.20681165253e-18
400.27 1.55267187657e-18
400.28 1.99592211887e-18
400.29 2.56348752244e-18
400.3 3.2895957904e-18
400.31 4.21771838818e-18
400.32 5.40301699273e-18
400.33 6.91542380015e-18
400.34 8.84351627963e-18
400.35 1.1299386692e-17
400.36 1.44247560074e-17
400.37 1.83986430054e-17
400.38 2.34469750941e-17
400.39 2.98546211207e-17
400.4 3.79804423353e-17
400.41 4.82761007856e-17
400.42 6.13095409921e-17
400.43 7.77942783736e-17
400.44 9.86258958379e-17
400.45 1.24927479519e-16
400.46 1.58106129593e-16
400.47 1.99923179161e-16
400.48 2.52581363714e-16
400.49 3.18832930304e-16
400.5 4.0211358922e-16
400.51 5.06708327844e-16
400.52 6.37956470314e-16
400.53 8.02505030533e-16
400.54 1.00862143382e-15
400.55 1.2665791511e-15
400.56 1.58913279168e-15
400.57 1.99210284809e-15
400.58 2.49509471251e-15
400.59 3.12238195122e-15
400.6 3.90399032184e-15
400.61 4.87702688147e-15
400.62 6.08730803555e-15
400.63 7.59135184958e-15
400.64 9.45881378038e-15
400.65 1.17754616513e-14
400.66 1.46468057537e-14
400.67 1.820252407e-14
400.68 2.26018515721e-14
400.69 2.80401372844e-14
400.7 3.47568144296e-14
400.71 4.30450788026e-14
400.72 5.32636301005e-14
400.73 6.58509021087e-14
400.74 8.13422925569e-14
400.75 1.00391004675e-13
400.76 1.23793232977e-13
400.77 1.52518569112e-13
400.78 1.8774667388e-13
400.79 2.30911463539e-13
400.8 2.83754298017e-13
400.81 3.48387942249e-13
400.82 4.27373407215e-13
400.83 5.23812173566e-13
400.84 6.41456768374e-13
400.85 7.8484321678e-13
400.86 9.59449539529e-13
400.87 1.1718852308e-12
400.88 1.43011754782e-12
400.89 1.74374149635e-12
400.9 2.12430163015e-12
400.91 2.58567522705e-12
400.92 3.14452809428e-12
400.93 3.8208562291e-12
400.94 4.63862886407e-12
400.95 5.62655111047e-12
400.96 6.81896753788e-12
400.97 8.25693166134e-12
400.98 9.98947052681e-12
400.99 1.20750784806e-11
401.0 1.45834798798e-11
401.01 1.75977070629e-11
401.02 2.12165474885e-11
401.03 2.55574227036e-11
401.04 3.07597719071e-11
401.05 3.69890245007e-11
401.06 4.44412594e-11
401.07 5.33486642481e-11
401.08 6.39859253098e-11
401.09 7.66776990376e-11
401.1 9.18073394321e-11
401.11 1.09827081765e-10
401.12 1.31269913426e-10
401.13 1.56763397076e-10
401.14 1.87045750503e-10
401.15 2.22984532134e-10
401.16 2.65598331838e-10
401.17 3.16081924047e-10
401.18 3.75835405332e-10
401.19 4.4649791215e-10
401.2 5.29986597659e-10
401.21 6.28541640325e-10
401.22 7.44778162742e-10
401.23 8.81746058043e-10
401.24 1.04299885491e-09
401.25 1.23267290211e-09
401.26 1.45557832146e-09
401.27 1.71730336613e-09
401.28 2.02433403093e-09
401.29 2.38419099559e-09
401.3 2.80558624281e-09
401.31 3.29860198284e-09
401.32 3.8748948384e-09
401.33 4.54792860109e-09
401.34 5.33323926529e-09
401.35 6.24873648271e-09
401.36 7.31504606257e-09
401.37 8.55589867333e-09
401.38 9.99857048571e-09
401.39 1.16743821377e-08
401.4 1.36192631046e-08
401.41 1.58743893257e-08
401.42 1.84869027781e-08
401.43 2.15107226024e-08
401.44 2.50074583809e-08
401.45 2.90474372477e-08
401.46 3.37108576825e-08
401.47 3.90890841032e-08
401.48 4.52860977418e-08
401.49 5.24201207549e-08
401.5 6.06254321056e-08
401.51 7.00543954418e-08
401.52 8.08797210136e-08
401.53 9.32969855994e-08
401.54 1.07527436471e-07
401.55 1.23821107608e-07
401.56 1.42460278682e-07
401.57 1.63763309758e-07
401.58 1.88088887252e-07
401.59 2.15840719317e-07
401.6 2.47472721701e-07
401.61 2.83494737987e-07
401.62 3.24478841181e-07
401.63 3.71066266742e-07
401.64 4.23975030345e-07
401.65 4.84008286974e-07
401.66 5.52063491257e-07
401.67 6.29142422363e-07
401.68 7.16362140135e-07
401.69 8.14966942542e-07
401.7 9.26341397824e-07
401.71 1.052024528e-06
401.72 1.19372522351e-06
401.73 1.35333897171e-06
401.74 1.5329659849e-06
401.75 1.73493081569e-06
401.76 1.96180355018e-06
401.77 2.216422671e-06
401.78 2.50191968357e-06
401.79 2.82174560016e-06
401.8 3.17969937632e-06
401.81 3.57995839407e-06
401.82 4.02711108526e-06
401.83 4.52619178628e-06
401.84 5.08271791286e-06
401.85 5.7027295397e-06
401.86 6.39283146469e-06
401.87 7.16023783149e-06
401.88 8.0128193769e-06
401.89 8.95915336028e-06
401.9 1.00085762226e-05
401.91 1.11712390101e-05
401.92 1.24581655852e-05
401.93 1.38813136298e-05
401.94 1.5453638432e-05
401.95 1.71891594259e-05
401.96 1.91030294333e-05
401.97 2.12116065352e-05
401.98 2.35325284724e-05
401.99 2.60847894512e-05
402.0 2.8888819197e-05
402.01 3.19665640709e-05
402.02 3.53415700277e-05
402.03 3.90390671606e-05
402.04 4.30860555385e-05
402.05 4.75113920044e-05
402.06 5.23458775607e-05
402.07 5.76223449252e-05
402.08 6.33757457985e-05
402.09 6.96432373359e-05
402.1 7.64642672745e-05
402.11 8.3880657115e-05
402.12 9.1936682715e-05
402.13 0.0001006791516
402.14 0.000110157476254
402.15 0.000120423742607
402.16 0.000131532772885
402.17 0.000143542181954
402.18 0.000156512426254
402.19 0.000170506844351
402.2 0.000185591688154
402.21 0.00020183614375
402.22 0.000219312340852
402.23 0.000238095349765
402.24 0.000258263164825
402.25 0.000279896673216
402.26 0.00030307960808
402.27 0.000327898484848
402.28 0.000354442519738
402.29 0.000382803529364
402.3 0.000413075810482
402.31 0.000445355998886
402.32 0.000479742906567
402.33 0.000516337336289
402.34 0.000555241872816
402.35 0.000596560650125
402.36 0.000640399094005
402.37 0.000686863639611
402.38 0.000736061423585
402.39 0.000788099950584
402.4 0.000843086734103
402.41 0.000901128911727
402.42 0.00096233283504
402.43 0.00102680363465
402.44 0.00109464476095
402.45 0.00116595750139
402.46 0.00124084047539
402.47 0.00131938910797
402.48 0.00140169508364
402.49 0.00148784578224
402.5 0.00157792369847
402.51 0.00167200584733
402.52 0.00177016315773
402.53 0.00187245985681
402.54 0.0019789528477
402.55 0.00208969108368
402.56 0.00220471494187
402.57 0.00232405559971
402.58 0.00244773441785
402.59 0.00257576233291
402.6 0.00270813926409
402.61 0.00284485353731
402.62 0.00298588133109
402.63 0.00313118614803
402.64 0.00328071831615
402.65 0.00343441452416
402.66 0.00359219739474
402.67 0.00375397510002
402.68 0.00391964102317
402.69 0.00408907347015
402.7 0.00426213543516
402.71 0.00443867442379
402.72 0.00461852233685
402.73 0.00480149541849
402.74 0.00498739427124
402.75 0.00517600394069
402.76 0.00536709407226
402.77 0.0055604191418
402.78 0.0057557187617
402.79 0.00595271806372
402.8 0.00615112815923
402.81 0.00635064667706
402.82 0.006550958379
402.83 0.00675173585204
402.84 0.00695264027636
402.85 0.00715332226731
402.86 0.00735342278932
402.87 0.00755257413887
402.88 0.0077504009936
402.89 0.00794652152368
402.9 0.00814054856131
402.91 0.00833209082387
402.92 0.00852075418542
402.93 0.00870614299133
402.94 0.00888786140982
402.95 0.00906551481449
402.96 0.00923871119105
402.97 0.0094070625614
402.98 0.00957018641811
402.99 0.00972770716174
403.0 0.00987925753381
403.01 0.0100244800376
403.02 0.0101630283394
403.03 0.0102945686422
403.04 0.0104187810252
403.05 0.0105353607398
403.06 0.0106440194576
403.07 0.0107444864603
403.08 0.0108365097667
403.09 0.01091985719
403.1 0.0109943173185
403.11 0.011059700415
403.12 0.0111158392282
403.13 0.0111625897136
403.14 0.0111998316574
403.15 0.0112274692012
403.16 0.0112454312634
403.17 0.0112536718563
403.18 0.0112521702954
403.19 0.0112409313014
403.2 0.0112199849929
403.21 0.0111893867714
403.22 0.0111492170986
403.23 0.0110995811679
403.24 0.011040608472
403.25 0.0109724522699
403.26 0.0108952889566
403.27 0.0108093173392
403.28 0.0107147578245
403.29 0.0106118515232
403.3 0.010500859276
403.31 0.010382060608
403.32 0.0102557526181
403.33 0.0101222488096
403.34 0.00998187786981
403.35 0.00983498240629
403.36 0.0096819176464
403.37 0.009523050109
403.38 0.00935875625571
403.39 0.00918942112979
403.4 0.00901543699064
403.41 0.00883720195171
403.42 0.00865511862984
403.43 0.00846959281332
403.44 0.00828103215643
403.45 0.0080898449074
403.46 0.00789643867675
403.47 0.00770121925247
403.48 0.00750458946834
403.49 0.00730694813091
403.5 0.00710868901068
403.51 0.00691019990212
403.52 0.00671186175698
403.53 0.00651404789477
403.54 0.00631712329357
403.55 0.00612144396407
403.56 0.00592735640912
403.57 0.00573519717022
403.58 0.00554529246248
403.59 0.00535795789821
403.6 0.0051734982995
403.61 0.00499220759918
403.62 0.00481436882911
403.63 0.00464025419432
403.64 0.00447012523097
403.65 0.00430423304571
403.66 0.0041428186333
403.67 0.00398611326931
403.68 0.00383433897396
403.69 0.00368770904302
403.7 0.00354642864105
403.71 0.00341069545232
403.72 0.00328070038394
403.73 0.00315662831595
403.74 0.00303865889244
403.75 0.0029269673477
403.76 0.00282172536139
403.77 0.00272310193604
403.78 0.00263126429059
403.79 0.00254637876317
403.8 0.00246861171626
403.81 0.0023981304375
403.82 0.00233510402916
403.83 0.00227970427916
403.84 0.00223210650694
403.85 0.00219249037686
403.86 0.00216104067261
403.87 0.00213794802529
403.88 0.00212340958889
403.89 0.00211762965604
403.9 0.00212082020787
403.91 0.00213320139142
403.92 0.00215500191848
403.93 0.00218645937999
403.94 0.00222782047023
403.95 0.00227934111547
403.96 0.00234128650194
403.97 0.00241393099844
403.98 0.00249755796909
403.99 0.0025924594725
404.0 0.00269893584364
404.01 0.00281729515549
404.02 0.00294785255798
404.03 0.00309092949224
404.04 0.00324685277878
404.05 0.00341595357895
404.06 0.00359856622952
404.07 0.00379502695101
404.08 0.00400567243121
404.09 0.00423083828589
404.1 0.00447085739959
404.11 0.00472605815026
404.12 0.00499676252228
404.13 0.00528328411312
404.14 0.00558592604006
404.15 0.005904978754
404.16 0.00624071776835
404.17 0.00659340131201
404.18 0.00696326791604
404.19 0.00735053394484
404.2 0.00775539108307
404.21 0.00817800379089
404.22 0.00861850674029
404.23 0.00907700224651
404.24 0.00955355770902
404.25 0.010048203077
404.26 0.0105609283555
404.27 0.0110916811675
404.28 0.0116403643897
404.29 0.012206833878
404.3 0.0127908963004
404.31 0.0133923070937
404.32 0.0140107685628
404.33 0.0146459281381
404.34 0.0152973768094
404.35 0.0159646477517
404.36 0.0166472151598
404.37 0.0173444933077
404.38 0.0180558358459
404.39 0.0187805353528
404.4 0.0195178231514
404.41 0.0202668694042
404.42 0.0210267834967
404.43 0.0217966147184
404.44 0.02257535325
404.45 0.0233619314619
404.46 0.0241552255294
404.47 0.0249540573676
404.48 0.0257571968858
404.49 0.0265633645615
404.5 0.027371234331
404.51 0.0281794367907
404.52 0.028986562704
404.53 0.0297911668022
404.54 0.0305917718703
404.55 0.0313868731049
404.56 0.0321749427264
404.57 0.0329544348318
404.58 0.0337237904665
404.59 0.0344814428962
404.6 0.0352258230552
404.61 0.0359553651477
404.62 0.0366685123764
404.63 0.0373637227718
404.64 0.0380394750938
404.65 0.0386942747774
404.66 0.0393266598915
404.67 0.0399352070819
404.68 0.0405185374663
404.69 0.041075322451
404.7 0.0416042894381
404.71 0.0421042273921
404.72 0.0425739922351
404.73 0.0430125120416
404.74 0.0434187920027
404.75 0.0437919191318
404.76 0.0441310666861
404.77 0.0444354982758
404.78 0.0447045716404
404.79 0.0449377420662
404.8 0.045134565428
404.81 0.0452947008344
404.82 0.0454179128615
404.83 0.0455040733609
404.84 0.0455531628308
404.85 0.0455652713404
404.86 0.0455405990017
404.87 0.045479455984
404.88 0.04538226207
404.89 0.0452495457543
404.9 0.0450819428879
404.91 0.0448801948745
404.92 0.0446451464266
404.93 0.0443777428936
404.94 0.0440790271731
404.95 0.043750136221
404.96 0.0433922971792
404.97 0.043006823137
404.98 0.0425951085495
404.99 0.0421586243339
405.0 0.0416989126684
405.01 0.0412175815177
405.02 0.0407162989123
405.03 0.0401967870073
405.04 0.0396608159498
405.05 0.0391101975819
405.06 0.0385467790086
405.07 0.0379724360586
405.08 0.0373890666677
405.09 0.0367985842124
405.1 0.0362029108221
405.11 0.035603970699
405.12 0.0350036834695
405.13 0.0344039575983
405.14 0.0338066838853
405.15 0.0332137290752
405.16 0.0326269295986
405.17 0.0320480854701
405.18 0.0314789543634
405.19 0.0309212458828
405.2 0.0303766160511
405.21 0.0298466620289
405.22 0.029332917084
405.23 0.0288368458227
405.24 0.0283598396981
405.25 0.0279032128061
405.26 0.0274681979798
405.27 0.0270559431921
405.28 0.0266675082734
405.29 0.026303861952
405.3 0.0259658792218
405.31 0.0256543390427
405.32 0.025369922376
405.33 0.0251132105578
405.34 0.0248846840111
405.35 0.0246847212974
405.36 0.024513598507
405.37 0.0243714889863
405.38 0.0242584634009
405.39 0.0241744901304
405.4 0.0241194359916
405.41 0.0240930672867
405.42 0.0240950511693
405.43 0.0241249573246
405.44 0.0241822599569
405.45 0.024266340076
405.46 0.0243764880774
405.47 0.0245119066053
405.48 0.0246717136922
405.49 0.0248549461635
405.5 0.0250605632978
405.51 0.0252874507326
405.52 0.0255344246027
405.53 0.0258002359002
405.54 0.0260835750429
405.55 0.0263830766374
405.56 0.0266973244227
405.57 0.0270248563794
405.58 0.0273641699896
405.59 0.027713727629
405.6 0.0280719620767
405.61 0.0284372821233
405.62 0.0288080782595
405.63 0.0291827284262
405.64 0.0295596038061
405.65 0.0299370746377
405.66 0.0303135160301
405.67 0.030687313758
405.68 0.0310568700157
405.69 0.0314206091091
405.7 0.0317769830624
405.71 0.0321244771198
405.72 0.0324616151187
405.73 0.0327869647142
405.74 0.0330991424324
405.75 0.0333968185324
405.76 0.0336787216567
405.77 0.0339436432488
405.78 0.034190441721
405.79 0.0344180463522
405.8 0.0346254608998
405.81 0.0348117669094
405.82 0.034976126706
405.83 0.0351177860559
405.84 0.0352360764838
405.85 0.0353304172373
405.86 0.0354003168882
405.87 0.0354453745639
405.88 0.0354652808025
405.89 0.0354598180295
405.9 0.0354288606523
405.91 0.0353723747737
405.92 0.035290417526
405.93 0.0351831360289
405.94 0.0350507659783
405.95 0.0348936298717
405.96 0.0347121348816
405.97 0.0345067703861
405.98 0.0342781051716
405.99 0.0340267843209
406.0 0.033753525803
406.01 0.0334591167835
406.02 0.0331444096729
406.03 0.0328103179345
406.04 0.0324578116722
406.05 0.0320879130224
406.06 0.0317016913709
406.07 0.0313002584215
406.08 0.0308847631382
406.09 0.0304563865889
406.1 0.0300163367134
406.11 0.0295658430428
406.12 0.0291061513953
406.13 0.0286385185732
406.14 0.0281642070867
406.15 0.0276844799286
406.16 0.0272005954247
406.17 0.0267138021811
406.18 0.0262253341532
406.19 0.0257364058561
406.2 0.0252482077375
406.21 0.024761901732
406.22 0.0242786170153
406.23 0.023799445974
406.24 0.0233254404071
406.25 0.0228576079726
406.26 0.0223969088923
406.27 0.0219442529237
406.28 0.021500496611
406.29 0.0210664408209
406.3 0.0206428285693
406.31 0.0202303431457
406.32 0.0198296065349
406.33 0.0194411781412
406.34 0.0190655538116
406.35 0.0187031651597
406.36 0.0183543791851
406.37 0.0180194981849
406.38 0.0176987599526
406.39 0.0173923382558
406.4 0.0171003435864
406.41 0.0168228241733
406.42 0.0165597672479
406.43 0.0163111005506
406.44 0.0160766940678
406.45 0.0158563619846
406.46 0.0156498648419
406.47 0.0154569118815
406.48 0.015277163567
406.49 0.0151102342628
406.5 0.0149556950577
406.51 0.0148130767161
406.52 0.014681872741
406.53 0.0145615425328
406.54 0.0144515146268
406.55 0.0143511899947
406.56 0.0142599453917
406.57 0.0141771367351
406.58 0.0141021024969
406.59 0.0140341670963
406.6 0.0139726442752
406.61 0.013916840444
406.62 0.0138660579806
406.63 0.0138195984714
406.64 0.013776765879
406.65 0.0137368696249
406.66 0.0136992275753
406.67 0.0136631689177
406.68 0.0136280369187
406.69 0.0135931915531
406.7 0.0135580119942
406.71 0.0135218989588
406.72 0.013484276898
406.73 0.0134445960288
406.74 0.0134023341995
406.75 0.0133569985854
406.76 0.0133081272102
406.77 0.0132552902917
406.78 0.013198091407
406.79 0.0131361684801
406.8 0.013069194588
406.81 0.0129968785888
406.82 0.0129189655717
406.83 0.0128352371324
406.84 0.0127455114762
406.85 0.0126496433541
406.86 0.012547523835
406.87 0.0124390799213
406.88 0.0123242740123
406.89 0.0122031032235
406.9 0.0120755985686
406.91 0.0119418240117
406.92 0.0118018753986
406.93 0.0116558792756
406.94 0.011503991605
406.95 0.0113463963865
406.96 0.0111833041942
406.97 0.0110149506387
406.98 0.0108415947651
406.99 0.0106635173955
407.0 0.0104810194265
407.01 0.0102944200925
407.02 0.0101040552023
407.03 0.00991027536147
407.04 0.00971344418705
407.05 0.0095139365254
407.06 0.00931213668128
407.07 0.00910843666663
407.08 0.00890323447699
407.09 0.00869693240293
407.1 0.00848993538377
407.11 0.00828264940982
407.12 0.00807547997933
407.13 0.00786883061541
407.14 0.00766310144798
407.15 0.00745868786479
407.16 0.00725597923542
407.17 0.00705535771137
407.18 0.00685719710462
407.19 0.00666186184681
407.2 0.00646970603042
407.21 0.00628107253277
407.22 0.00609629222319
407.23 0.0059156832533
407.24 0.00573955042963
407.25 0.00556818466764
407.26 0.0054018625255
407.27 0.00524084581583
407.28 0.00508538129318
407.29 0.00493570041461
407.3 0.00479201917058
407.31 0.00465453798307
407.32 0.00452344166765
407.33 0.00439889945599
407.34 0.00428106507532
407.35 0.00417007688097
407.36 0.00406605803846
407.37 0.00396911675117
407.38 0.00387934652984
407.39 0.00379682650025
407.4 0.00372162174515
407.41 0.00365378367705
407.42 0.00359335043817
407.43 0.00354034732419
407.44 0.00349478722854
407.45 0.00345667110407
407.46 0.00342598843916
407.47 0.00340271774545
407.48 0.00338682705456
407.49 0.00337827442133
407.5 0.00337700843139
407.51 0.00338296871085
407.52 0.00339608643621
407.53 0.00341628484276
407.54 0.00344347972987
407.55 0.00347757996157
407.56 0.0035184879613
407.57 0.00356610019945
407.58 0.00362030767267
407.59 0.00368099637394
407.6 0.00374804775253
407.61 0.00382133916296
407.62 0.00390074430215
407.63 0.00398613363415
407.64 0.00407737480163
407.65 0.00417433302349
407.66 0.004276871478
407.67 0.00438485167065
407.68 0.00449813378623
407.69 0.00461657702439
407.7 0.00474003991796
407.71 0.00486838063345
407.72 0.00500145725289
407.73 0.00513912803649
407.74 0.00528125166516
407.75 0.0054276874624
407.76 0.00557829559459
407.77 0.00573293724929
407.78 0.00589147479051
407.79 0.0060537718906
407.8 0.00621969363793
407.81 0.00638910662003
407.82 0.0065618789814
407.83 0.006737880456
407.84 0.00691698237377
407.85 0.0070990576412
407.86 0.00728398069588
407.87 0.00747162743502
407.88 0.0076618751184
407.89 0.00785460224586
407.9 0.00804968841028
407.91 0.00824701412646
407.92 0.00844646063717
407.93 0.00864790969734
407.94 0.00885124333787
407.95 0.00905634361049
407.96 0.00926309231561
407.97 0.00947137071494
407.98 0.00968105923115
407.99 0.00989203713678
408.0 0.010104182235
408.01 0.0103173705349
408.02 0.0105314759236
408.03 0.0107463698393
408.04 0.0109619209463
408.05 0.0111779948174
408.06 0.0113944536249
408.07 0.011611155844
408.08 0.0118279559727
408.09 0.0120447042693
408.1 0.0122612465128
408.11 0.0124774237872
408.12 0.0126930722948
408.13 0.0129080231987
408.14 0.013122102499
408.15 0.0133351309447
408.16 0.013546923983
408.17 0.0137572917482
408.18 0.0139660390921
408.19 0.0141729656567
408.2 0.0143778659918
408.21 0.0145805297161
408.22 0.0147807417239
408.23 0.0149782824376
408.24 0.0151729281048
408.25 0.01536445114
408.26 0.0155526205112
408.27 0.0157372021672
408.28 0.0159179595087
408.29 0.0160946538961
408.3 0.0162670451967
408.31 0.0164348923659
408.32 0.0165979540605
408.33 0.0167559892819
408.34 0.0169087580451
408.35 0.017056022071
408.36 0.0171975454982
408.37 0.0173330956099
408.38 0.0174624435737
408.39 0.0175853651896
408.4 0.0177016416414
408.41 0.0178110602501
408.42 0.0179134152221
408.43 0.0180085083914
408.44 0.01809614995
408.45 0.0181761591631
408.46 0.0182483650666
408.47 0.0183126071415
408.48 0.0183687359637
408.49 0.0184166138248
408.5 0.0184561153214
408.51 0.0184871279104
408.52 0.0185095524267
408.53 0.0185233035628
408.54 0.0185283103064
408.55 0.0185245163351
408.56 0.0185118803664
408.57 0.0184903764622
408.58 0.018459994286
408.59 0.018420739312
408.6 0.0183726329858
408.61 0.0183157128374
408.62 0.0182500325435
408.63 0.0181756619424
408.64 0.0180926869999
408.65 0.0180012097273
408.66 0.0179013480513
408.67 0.0177932356388
408.68 0.0176770216748
408.69 0.0175528705968
408.7 0.0174209617851
408.71 0.0172814892124
408.72 0.0171346610519
408.73 0.0169806992474
408.74 0.0168198390459
408.75 0.0166523284944
408.76 0.0164784279035
408.77 0.0162984092779
408.78 0.0161125557183
408.79 0.015921160793
408.8 0.0157245278845
408.81 0.015522969511
408.82 0.0153168066245
408.83 0.015106367889
408.84 0.0148919889395
408.85 0.0146740116237
408.86 0.0144527832289
408.87 0.0142286556962
408.88 0.0140019848231
408.89 0.0137731294573
408.9 0.0135424506829
408.91 0.0133103110026
408.92 0.0130770735157
408.93 0.0128431010959
408.94 0.0126087555697
408.95 0.0123743968984
408.96 0.0121403823651
408.97 0.0119070657696
408.98 0.0116747966322
408.99 0.01144391941
409.0 0.0112147727271
409.01 0.0109876886203
409.02 0.0107629918042
409.03 0.010540998956
409.04 0.0103220180237
409.05 0.0101063475589
409.06 0.0098942760767
409.07 0.00968608144516
409.08 0.00948203030547
409.09 0.00928237752584
409.1 0.00908736569036
409.11 0.00889722462504
409.12 0.00871217096261
409.13 0.00853240774779
409.14 0.00835812408462
409.15 0.00818949482718
409.16 0.00802668031496
409.17 0.00786982615407
409.18 0.00771906304508
409.19 0.0075745066584
409.2 0.00743625755767
409.21 0.00730440117151
409.22 0.00717900781387
409.23 0.00706013275287
409.24 0.00694781632786
409.25 0.00684208411417
409.26 0.00674294713492
409.27 0.00665040211875
409.28 0.00656443180245
409.29 0.00648500527698
409.3 0.0064120783752
409.31 0.00634559409953
409.32 0.00628548308735
409.33 0.00623166411186
409.34 0.00618404461602
409.35 0.00614252127669
409.36 0.00610698059623
409.37 0.00607729951856
409.38 0.00605334606647
409.39 0.00603497999684
409.4 0.00602205347049
409.41 0.00601441173311
409.42 0.00601189380368
409.43 0.00601433316691
409.44 0.00602155846587
409.45 0.00603339419145
409.46 0.0060496613648
409.47 0.00607017820945
409.48 0.00609476080936
409.49 0.00612322374983
409.5 0.0061553807377
409.51 0.00619104519803
409.52 0.00623003084405
409.53 0.00627215221779
409.54 0.00631722519881
409.55 0.00636506747869
409.56 0.00641549899919
409.57 0.00646834235236
409.58 0.006523423141
409.59 0.00658057029832
409.6 0.00663961636581
409.61 0.00670039772879
409.62 0.00676275480926
409.63 0.00682653221622
409.64 0.00689157885379
409.65 0.00695774798774
409.66 0.00702489727168
409.67 0.00709288873399
409.68 0.00716158872742
409.69 0.00723086784309
409.7 0.00730060079135
409.71 0.00737066625183
409.72 0.00744094669558
409.73 0.00751132818227
409.74 0.00758170013561
409.75 0.00765195510047
409.76 0.00772198848512
409.77 0.00779169829233
409.78 0.00786098484312
409.79 0.00792975049687
409.8 0.00799789937172
409.81 0.00806533706901
409.82 0.00813197040571
409.83 0.00819770715835
409.84 0.00826245582222
409.85 0.0083261253892
409.86 0.00838862514762
409.87 0.0084498645071
409.88 0.00850975285125
409.89 0.0085681994209
409.9 0.00862511322993
409.91 0.00868040301583
409.92 0.00873397722658
409.93 0.00878574404495
409.94 0.00883561145132
409.95 0.00888348732529
409.96 0.00892927958636
409.97 0.00897289637319
409.98 0.00901424626083
409.99 0.00905323851479
410.0 0.00908978338032
410.01 0.00912379240509
410.02 0.00915517879299
410.03 0.00918385778624
410.04 0.00920974707298
410.05 0.00923276721701
410.06 0.00925284210598
410.07 0.0092698994142
410.08 0.00928387107616
410.09 0.00929469376614
410.1 0.00930230937983
410.11 0.00930666551313
410.12 0.00930771593371
410.13 0.00930542104054
410.14 0.00929974830673
410.15 0.00929067270122
410.16 0.0092781770846
410.17 0.0092622525749
410.18 0.00924289887897
410.19 0.00922012458561
410.2 0.00919394741657
410.21 0.00916439443215
410.22 0.00913150218817
410.23 0.00909531684161
410.24 0.00905589420245
410.25 0.0090132997299
410.26 0.00896760847137
410.27 0.00891890494311
410.28 0.00886728295189
410.29 0.00881284535763
410.3 0.00875570377717
410.31 0.00869597823014
410.32 0.00863379672803
410.33 0.00856929480837
410.34 0.00850261501607
410.35 0.00843390633467
410.36 0.00836332357052
410.37 0.00829102669332
410.38 0.00821718013692
410.39 0.00814195206454
410.4 0.00806551360291
410.41 0.00798803805004
410.42 0.00790970006174
410.43 0.00783067482202
410.44 0.0077511372028
410.45 0.00767126091834
410.46 0.00759121768003
410.47 0.00751117635712
410.48 0.0074313021489
410.49 0.00735175577394
410.5 0.00727269268171
410.51 0.00719426229201
410.52 0.00711660726707
410.53 0.0070398628214
410.54 0.00696415607387
410.55 0.0068896054464
410.56 0.00681632011313
410.57 0.00674439950388
410.58 0.0066739328649
410.59 0.00660499888002
410.6 0.00653766535427
410.61 0.00647198896232
410.62 0.0064080150629
410.63 0.00634577758042
410.64 0.00628529895439
410.65 0.0062265901566
410.66 0.00616965077589
410.67 0.00611446916941
410.68 0.00606102267945
410.69 0.00600927791377
410.7 0.0059591910875
410.71 0.00591070842403
410.72 0.0058637666119
410.73 0.00581829331446
410.74 0.0057742077287
410.75 0.00573142118925
410.76 0.0056898378135
410.77 0.00564935518334
410.78 0.00560986505892
410.79 0.00557125411966
410.8 0.00553340472765
410.81 0.00549619570834
410.82 0.0054595031436
410.83 0.00542320117197
410.84 0.00538716279114
410.85 0.0053512606576
410.86 0.0053153678786
410.87 0.00527935879167
410.88 0.00524310972695
410.89 0.00520649974801
410.9 0.00516941136693
410.91 0.00513173122955
410.92 0.00509335076723
410.93 0.00505416681172
410.94 0.00501408216986
410.95 0.00497300615541
410.96 0.0049308550755
410.97 0.00488755266944
410.98 0.00484303049823
410.99 0.00479722828325
411.0 0.00475009419297
411.01 0.00470158507713
411.02 0.00465166664776
411.03 0.00460031360726
411.04 0.0045475097236
411.05 0.00449324785343
411.06 0.004437529914
411.07 0.00438036680509
411.08 0.00432177828254
411.09 0.0042617927851
411.1 0.00420044721675
411.11 0.00413778668658
411.12 0.00407386420889
411.13 0.00400874036597
411.14 0.0039424829365
411.15 0.00387516649242
411.16 0.0038068719673
411.17 0.00373768619943
411.18 0.00366770145264
411.19 0.00359701491827
411.2 0.00352572820128
411.21 0.00345394679401
411.22 0.00338177954047
411.23 0.00330933809449
411.24 0.00323673637481
411.25 0.0031640900199
411.26 0.00309151584565
411.27 0.00301913130839
411.28 0.00294705397615
411.29 0.00287540101043
411.3 0.00280428866083
411.31 0.00273383177487
411.32 0.00266414332471
411.33 0.00259533395285
411.34 0.00252751153829
411.35 0.00246078078464
411.36 0.00239524283149
411.37 0.00233099489011
411.38 0.00226812990439
411.39 0.00220673623783
411.4 0.00214689738703
411.41 0.00208869172227
411.42 0.00203219225525
411.43 0.00197746643428
411.44 0.00192457596673
411.45 0.00187357666872
411.46 0.00182451834162
411.47 0.00177744467512
411.48 0.00173239317623
411.49 0.00168939512368
411.5 0.00164847554706
411.51 0.00160965322991
411.52 0.00157294073597
411.53 0.00153834445766
411.54 0.00150586468601
411.55 0.00147549570086
411.56 0.00144722588063
411.57 0.00142103783038
411.58 0.00139690852732
411.59 0.00137480948261
411.6 0.00135470691854
411.61 0.00133656195991
411.62 0.0013203308387
411.63 0.00130596511089
411.64 0.00129341188452
411.65 0.00128261405789
411.66 0.00127351056697
411.67 0.00126603664104
411.68 0.00126012406556
411.69 0.00125570145143
411.7 0.00125269450952
411.71 0.00125102632985
411.72 0.00125061766426
411.73 0.00125138721183
411.74 0.00125325190622
411.75 0.00125612720395
411.76 0.00125992737294
411.77 0.0012645657804
411.78 0.00126995517923
411.79 0.00127600799231
411.8 0.0012826365936
411.81 0.00128975358557
411.82 0.00129727207201
411.83 0.00130510592552
411.84 0.00131317004896
411.85 0.00132138063006
411.86 0.00132965538856
411.87 0.00133791381511
411.88 0.00134607740131
411.89 0.0013540698601
411.9 0.00136181733608
411.91 0.0013692486049
411.92 0.00137629526127
411.93 0.00138289189503
411.94 0.00138897625471
411.95 0.00139448939807
411.96 0.00139937582933
411.97 0.00140358362239
411.98 0.00140706453006
411.99 0.00140977407866
412.0 0.00141167164794
412.01 0.00141272053603
412.02 0.00141288800938
412.03 0.00141214533743
412.04 0.00141046781224
412.05 0.00140783475291
412.06 0.00140422949506
412.07 0.0013996393654
412.08 0.00139405564186
412.09 0.00138747349932
412.1 0.00137989194152
412.11 0.00137131371957
412.12 0.00136174523741
412.13 0.00135119644498
412.14 0.00133968071963
412.15 0.0013272147364
412.16 0.00131381832799
412.17 0.00129951433515
412.18 0.00128432844826
412.19 0.00126828904103
412.2 0.00125142699717
412.21 0.0012337755309
412.22 0.00121537000233
412.23 0.00119624772855
412.24 0.00117644779143
412.25 0.00115601084317
412.26 0.00113497891041
412.27 0.00111339519799
412.28 0.00109130389322
412.29 0.00106874997159
412.3 0.00104577900488
412.31 0.00102243697247
412.32 0.000998770076641
412.33 0.000974824562843
412.34 0.000950646545452
412.35 0.000926281839876
412.36 0.000901775801602
412.37 0.000877173172792
412.38 0.000852517936962
412.39 0.000827853182241
412.4 0.000803220973616
412.41 0.000778662234536
412.42 0.00075421663816
412.43 0.000729922508499
412.44 0.000705816731601
412.45 0.000681934676917
412.46 0.000658310128867
412.47 0.000634975228624
412.48 0.000611960426018
412.49 0.000589294441458
412.5 0.000567004237681
412.51 0.000545115001103
412.52 0.000523650132499
412.53 0.000502631246687
412.54 0.000482078180851
412.55 0.000462009011123
412.56 0.000442440076972
412.57 0.000423386012945
412.58 0.000404859787285
412.59 0.000386872746906
412.6 0.000369434668195
412.61 0.00035255381312
412.62 0.000336236990076
412.63 0.000320489618917
412.64 0.000305315799621
412.65 0.000290718384023
412.66 0.000276699050063
412.67 0.000263258377993
412.68 0.000250395928021
412.69 0.000238110318852
412.7 0.000226399306611
412.71 0.000215259863675
412.72 0.000204688256907
412.73 0.000194680124872
412.74 0.000185230553576
412.75 0.000176334150334
412.76 0.000167985115378
412.77 0.000160177310863
412.78 0.000152904326914
412.79 0.000146159544442
412.8 0.000139936194437
412.81 0.000134227413492
412.82 0.000129026295357
412.83 0.000124325938312
412.84 0.000120119488214
412.85 0.000116400177079
412.86 0.000113161357096
412.87 0.000110396529997
412.88 0.000108099371725
412.89 0.000106263752379
412.9 0.000104883751447
412.91 0.000103953668332
412.92 0.000103468028238
412.93 0.000103421583486
412.94 0.000103809310342
412.95 0.000104626401506
412.96 0.00010586825436
412.97 0.000107530455176
412.98 0.000109608759427
412.99 0.000112099068428
413.0 0.000114997402499
413.01 0.000118299870896
413.02 0.000122002638755
413.03 0.000126101891308
413.04 0.00013059379565
413.05 0.000135474460347
413.06 0.000140739893187
413.07 0.000146385957379
413.08 0.000152408326532
413.09 0.000158802438738
413.1 0.000165563450087
413.11 0.000172686187972
413.12 0.000180165104519
413.13 0.000187994230493
413.14 0.000196167130023
413.15 0.000204676856516
413.16 0.000213515910073
413.17 0.000222676196786
413.18 0.000232148990222
413.19 0.000241924895446
413.2 0.000251993815883
413.21 0.000262344923351
413.22 0.000272966631533
413.23 0.000283846573192
413.24 0.000294971581371
413.25 0.000306327674846
413.26 0.000317900048026
413.27 0.000329673065524
413.28 0.000341630261565
413.29 0.00035375434438
413.3 0.000366027205709
413.31 0.000378429935516
413.32 0.000390942841957
413.33 0.000403545476661
413.34 0.000416216665302
413.35 0.000428934543438
413.36 0.000441676597549
413.37 0.000454419711173
413.38 0.000467140216003
413.39 0.000479813947785
413.4 0.000492416306797
413.41 0.000504922322696
413.42 0.00051730672345
413.43 0.000529544008062
413.44 0.000541608522762
413.45 0.000553474540304
413.46 0.000565116341992
413.47 0.00057650830203
413.48 0.000587624973764
413.49 0.000598441177375
413.5 0.000608932088556
413.51 0.000619073327698
413.52 0.000628841049105
413.53 0.000638212029726
413.54 0.000647163756931
413.55 0.000655674514813
413.56 0.000663723468524
413.57 0.000671290746164
413.58 0.000678357517733
413.59 0.000684906070682
413.6 0.00069091988162
413.61 0.000696383683736
413.62 0.000701283529529
413.63 0.000705606848475
413.64 0.000709342499266
413.65 0.000712480816301
413.66 0.000715013650154
413.67 0.000716934401742
413.68 0.000718238050002
413.69 0.00071892117289
413.7 0.000718981961569
413.71 0.000718420227696
413.72 0.000717237403754
413.73 0.000715436536425
413.74 0.000713022273035
413.75 0.000710000841154
413.76 0.000706380021462
413.77 0.00070216911405
413.78 0.000697378898353
413.79 0.000692021586943
413.8 0.000686110773475
413.81 0.000679661375077
413.82 0.000672689569527
413.83 0.000665212727597
413.84 0.000657249340941
413.85 0.00064881894596
413.86 0.000639942044075
413.87 0.000630640018864
413.88 0.000620935050539
413.89 0.00061085002823
413.9 0.000600408460574
413.91 0.000589634385092
413.92 0.000578552276848
413.93 0.000567186956876
413.94 0.00055556350085
413.95 0.000543707148473
413.96 0.000531643214047
413.97 0.000519396998657
413.98 0.000506993704398
413.99 0.000494458351053
414.0 0.000481815695603
414.01 0.000469090154914
414.02 0.00045630573195
414.03 0.000443485945808
414.04 0.000430653765837
414.05 0.000417831550105
414.06 0.000405040988408
414.07 0.000392303050022
414.08 0.000379637936331
414.09 0.000367065038457
414.1 0.000354602899992
414.11 0.000342269184867
414.12 0.000330080650414
414.13 0.000318053125602
414.14 0.000306201494424
414.15 0.0002945396844
414.16 0.000283080660093
414.17 0.000271836421563
414.18 0.00026081800763
414.19 0.000250035503804
414.2 0.000239498054741
414.21 0.000229213881045
414.22 0.000219190300243
414.23 0.000209433751732
414.24 0.000199949825512
414.25 0.000190743294486
414.26 0.00018181815013
414.27 0.000173177641309
414.28 0.000164824316042
414.29 0.000156760065988
414.3 0.000148986173462
414.31 0.000141503360773
414.32 0.00013431184169
414.33 0.00012741137484
414.34 0.000120801318872
414.35 0.000114480689209
414.36 0.000108448216232
414.37 0.000102702404738
414.38 9.72415945511e-05
414.39 9.20640221514e-05
414.4 8.71678832017e-05
414.41 8.25513958813e-05
414.42 7.82128649268e-05
414.43 7.41507462995e-05
414.44 7.03637124078e-05
414.45 6.68507178207e-05
414.46 6.36110654152e-05
414.47 6.06444729093e-05
414.48 5.79511397347e-05
414.49 5.5531814207e-05
414.5 5.33878609555e-05
414.51 5.152132857e-05
414.52 4.99350174251e-05
414.53 4.86325476345e-05
414.54 4.76184270836e-05
414.55 4.68981194823e-05
414.56 4.64781123649e-05
414.57 4.63659849575e-05
414.58 4.65704758152e-05
414.59 4.71015501147e-05
414.6 4.79704664722e-05
414.61 4.91898431326e-05
414.62 5.07737233556e-05
414.63 5.27376397995e-05
414.64 5.50986776763e-05
414.65 5.7875536427e-05
414.66 6.10885896338e-05
414.67 6.47599428593e-05
414.68 6.89134890693e-05
414.69 7.35749612672e-05
414.7 7.87719819336e-05
414.71 8.45341088354e-05
414.72 9.08928767362e-05
414.73 9.78818345093e-05
414.74 0.000105536577125
414.75 0.000113894771958
414.76 0.000122996178826
414.77 0.000132882663164
414.78 0.000143598201693
414.79 0.000155188879953
414.8 0.000167702881015
414.81 0.000181190464735
414.82 0.000195703936841
414.83 0.000211297607188
414.84 0.000228027736512
414.85 0.000245952471009
414.86 0.00026513176409
414.87 0.000285627284697
414.88 0.000307502311571
414.89 0.000330821612924
414.9 0.000355651310987
414.91 0.000382058730978
414.92 0.00041011223409
414.93 0.000439881034146
414.94 0.00047143499767
414.95 0.000504844427202
414.96 0.000540179827744
414.97 0.000577511656376
414.98 0.000616910055135
414.99 0.0006584445674
415.0 0.000702183838122
415.01 0.000748195298375
415.02 0.000796544834828
415.03 0.00084729644488
415.04 0.000900511878334
415.05 0.000956250266624
415.06 0.00101456774077
415.07 0.00107551703933
415.08 0.00113914710792
415.09 0.00120550269165
415.1 0.00127462392256
415.11 0.00134654590359
415.12 0.00142129829136
415.13 0.00149890487964
415.14 0.00157938318604
415.15 0.00166274404401
415.16 0.00174899120277
415.17 0.00183812093766
415.18 0.00193012167348
415.19 0.00202497362353
415.2 0.0021226484471
415.21 0.00222310892799
415.22 0.00232630867695
415.23 0.00243219186072
415.24 0.00254069296023
415.25 0.00265173656082
415.26 0.00276523717685
415.27 0.00288109911319
415.28 0.00299921636601
415.29 0.003119472565
415.3 0.00324174095906
415.31 0.0033658844473
415.32 0.00349175565706
415.33 0.00361919707032
415.34 0.00374804119961
415.35 0.00387811081453
415.36 0.00400921921932
415.37 0.00414117058194
415.38 0.00427376031463
415.39 0.00440677550585
415.4 0.00453999540269
415.41 0.00467319194315
415.42 0.00480613033685
415.43 0.00493856969255
415.44 0.0050702636907
415.45 0.00520096129856
415.46 0.00533040752545
415.47 0.00545834421514
415.48 0.00558451087221
415.49 0.00570864551886
415.5 0.00583048557839
415.51 0.00594976878129
415.52 0.00606623408986
415.53 0.00617962263658
415.54 0.00628967867193
415.55 0.00639615051663
415.56 0.0064987915135
415.57 0.00659736097397
415.58 0.00669162511402
415.59 0.00678135797477
415.6 0.00686634232236
415.61 0.00694637052236
415.62 0.00702124538361
415.63 0.00709078096688
415.64 0.00715480335355
415.65 0.00721315136996
415.66 0.00726567726315
415.67 0.00731224732417
415.68 0.00735274245499
415.69 0.00738705867604
415.7 0.00741510757095
415.71 0.00743681666615
415.72 0.00745212974287
415.73 0.00746100707969
415.74 0.00746342562422
415.75 0.00745937909285
415.76 0.00744887799795
415.77 0.00743194960233
415.78 0.00740863780138
415.79 0.00737900293333
415.8 0.00734312151911
415.81 0.0073010859331
415.82 0.00725300400691
415.83 0.00719899856853
415.84 0.00713920691958
415.85 0.00707378025376
415.86 0.00700288302012
415.87 0.00692669223454
415.88 0.00684539674391
415.89 0.00675919644686
415.9 0.00666830147586
415.91 0.00657293134518
415.92 0.00647331406958
415.93 0.00636968525872
415.94 0.00626228719225
415.95 0.00615136788067
415.96 0.00603718011702
415.97 0.00591998052438
415.98 0.00580002860431
415.99 0.00567758579093
416.0 0.00555291451549
416.01 0.00542627728607
416.02 0.00529793578666
416.03 0.00516815000001
416.04 0.00503717735812
416.05 0.00490527192401
416.06 0.00477268360836
416.07 0.00463965742402
416.08 0.00450643278128
416.09 0.00437324282642
416.1 0.0042403138256
416.11 0.00410786459622
416.12 0.00397610598687
416.13 0.00384524040743
416.14 0.00371546140989
416.15 0.00358695332055
416.16 0.00345989092368
416.17 0.00333443919671
416.18 0.00321075309621
416.19 0.00308897739429
416.2 0.0029692465642
416.21 0.00285168471395
416.22 0.00273640556652
416.23 0.00262351248486
416.24 0.00251309853991
416.25 0.00240524661938
416.26 0.00230002957524
416.27 0.00219751040741
416.28 0.00209774248122
416.29 0.00200076977605
416.3 0.00190662716251
416.31 0.00181534070541
416.32 0.00172692798987
416.33 0.00164139846776
416.34 0.00155875382177
416.35 0.00147898834438
416.36 0.00140208932917
416.37 0.00132803747169
416.38 0.00125680727757
416.39 0.00118836747526
416.4 0.00112268143125
416.41 0.00105970756528
416.42 0.000999399763767
416.43 0.000941707789157
416.44 0.000886577683583
416.45 0.000833952164988
416.46 0.000783771014214
416.47 0.000735971451611
416.48 0.000690488501891
416.49 0.000647255346107
416.5 0.000606203659758
416.51 0.000567263936186
416.52 0.000530365794552
416.53 0.000495438271819
416.54 0.000462410098318
416.55 0.000431209956551
416.56 0.000401766723064
416.57 0.00037400969329
416.58 0.000347868789377
416.59 0.000323274751139
416.6 0.00030015931032
416.61 0.000278455348473
416.62 0.000258097038819
416.63 0.00023901997252
416.64 0.000221161269868
416.65 0.00020445967692
416.66 0.00018885564819
416.67 0.000174291416012
416.68 0.000160711047243
416.69 0.000148060487982
416.7 0.000136287597009
416.71 0.000125342168656
416.72 0.000115175945826
416.73 0.000105742623877
416.74 9.69978460899e-05
416.75 8.8899191421e-05
416.76 8.14061552302e-05
416.77 7.44801236675e-05
416.78 6.80843423687e-05
416.79 6.21838800987e-05
416.8 5.67455879509e-05
416.81 5.17380546887e-05
416.82 4.7131558783e-05
416.83 4.28980176739e-05
416.84 3.90109347533e-05
416.85 3.54453445328e-05
416.86 3.2177756433e-05
416.87 2.91860975978e-05
416.88 2.64496551034e-05
416.89 2.39490179082e-05
416.9 2.16660188503e-05
416.91 1.95836769788e-05
416.92 1.76861404701e-05
416.93 1.5958630357e-05
416.94 1.43873852692e-05
416.95 1.29596073612e-05
416.96 1.16634095787e-05
416.97 1.04877643903e-05
416.98 9.42245409385e-06
416.99 8.45802278429e-06
417.0 7.58573005173e-06
417.01 6.79750646295e-06
417.02 6.08591086261e-06
417.03 5.44408951676e-06
417.04 4.8657371083e-06
417.05 4.3450595824e-06
417.06 3.87673882949e-06
417.07 3.45589918402e-06
417.08 3.07807570962e-06
417.09 2.73918423347e-06
417.1 2.43549308745e-06
417.11 2.1635965079e-06
417.12 1.920389642e-06
417.13 1.70304510513e-06
417.14 1.50899103096e-06
417.15 1.33589055406e-06
417.16 1.18162266332e-06
417.17 1.04426436373e-06
417.18 9.22074083779e-07
417.19 8.1347626568e-07
417.2 7.17047076373e-07
417.21 6.31501177937e-07
417.22 5.55679497298e-07
417.23 4.88537936488e-07
417.24 4.29136966369e-07
417.25 3.76632048514e-07
417.26 3.30264831912e-07
417.27 2.8935507319e-07
417.28 2.53293231232e-07
417.29 2.21533689222e-07
417.3 1.93588559416e-07
417.31 1.69022028171e-07
417.32 1.47445201002e-07
417.33 1.28511409674e-07
417.34 1.11911945499e-07
417.35 9.73721851769e-08
417.36 8.46480775982e-08
417.37 7.35229620246e-08
417.38 6.380469006e-08
417.39 5.53230256676e-08
417.4 4.79272993035e-08
417.41 4.14842939517e-08
417.42 3.58763424769e-08
417.43 3.09996172643e-08
417.44 2.67625945778e-08
417.45 2.30846774522e-08
417.46 1.98949622319e-08
417.47 1.71311350889e-08
417.48 1.4738485992e-08
417.49 1.26690286639e-08
417.5 1.08807160542e-08
417.51 9.33674177494e-09
417.52 8.00491880201e-09
417.53 6.85712753236e-09
417.54 5.86882601862e-09
417.55 5.0186158724e-09
417.56 4.28785794674e-09
417.57 3.66033247417e-09
417.58 3.12193885701e-09
417.59 2.66043078116e-09
417.6 2.26518275827e-09
417.61 1.92698459643e-09
417.62 1.63786065903e-09
417.63 1.39091109759e-09
417.64 1.18017254053e-09
417.65 1.00049598783e-09
417.66 8.47439903283e-10
417.67 7.17176714879e-10
417.68 6.06411130291e-10
417.69 5.12308851752e-10
417.7 4.32434433338e-10
417.71 3.64697166395e-10
417.72 3.07304006425e-10
417.73 2.58718668944e-10
417.74 2.17626123701e-10
417.75 1.82901807552e-10
417.76 1.53584957141e-10
417.77 1.288555345e-10
417.78 1.08014282508e-10
417.79 9.04655037908e-11
417.8 7.57022067379e-11
417.81 6.32933066728e-11
417.82 5.28726093178e-11
417.83 4.41293382289e-11
417.84 3.6799998263e-11
417.85 3.06613938754e-11
417.86 2.55246445286e-11
417.87 2.1230060095e-11
417.88 1.76427571825e-11
417.89 1.46489131075e-11
417.9 1.21525680428e-11
417.91 1.00728979102e-11
417.92 8.34189109665e-12
417.93 6.90237120754e-12
417.94 5.70631603007e-12
417.95 4.71342977878e-12
417.96 3.88993168933e-12
417.97 3.20752921549e-12
417.98 2.64254857565e-12
417.99 2.17519927747e-12
418.0 1.78895260068e-12
418.01 1.47001690757e-12
418.02 1.20689513985e-12
418.03 9.90012001576e-13
418.04 8.11400167412e-13
418.05 6.64436434449e-13
418.06 5.4362008931e-13
418.07 4.44386921141e-13
418.08 3.62953302338e-13
418.09 2.96185605568e-13
418.1 2.41490948253e-13
418.11 1.96725871498e-13
418.12 1.60120084824e-13
418.13 1.30212853921e-13
418.14 1.05799987451e-13
418.15 8.58897002907e-14
418.16 6.96659030232e-14
418.17 5.64576980923e-14
418.18 4.57140580687e-14
418.19 3.69828262166e-14
418.2 2.98933185694e-14
418.21 2.41419238944e-14
418.22 1.94801965799e-14
418.23 1.57050204517e-14
418.24 1.26504912316e-14
418.25 1.01812238478e-14
418.26 8.18683984816e-15
418.27 6.57743122827e-15
418.28 5.27983134037e-15
418.29 4.23455224796e-15
418.3 3.39327185129e-15
418.31 2.7167740834e-15
418.32 2.17326211513e-15
418.33 1.7369783507e-15
418.34 1.38707650099e-15
418.35 1.10670057464e-15
418.36 8.8223354969e-16
418.37 7.0268505258e-16
418.38 5.59192804096e-16
418.39 4.44617083276e-16
418.4 3.53211169808e-16
418.41 2.80353785982e-16
418.42 2.22332081573e-16
418.43 1.76165781725e-16
418.44 1.39464825919e-16
418.45 1.10314229342e-16
418.46 8.71810497584e-17
418.47 6.88392872999e-17
418.48 5.43093180095e-17
418.49 4.28090948682e-17
418.5 3.37148672678e-17
418.51 2.65295922774e-17
418.52 2.08575555703e-17
418.53 1.63840006168e-17
418.54 1.28587932761e-17
418.55 1.00833347614e-17
418.56 7.90008691993e-18
418.57 6.18419629055e-18
418.58 4.8368027278e-18
418.59 3.77969882899e-18
418.6 2.95107148655e-18
418.61 2.3021094961e-18
418.62 1.79430362757e-18
418.63 1.39729983096e-18
418.64 1.08719385839e-18
418.65 8.45177811072e-19
418.66 6.56466994325e-19
418.67 5.09449824555e-19
418.68 3.9501505766e-19
418.69 3.06019849547e-19
418.7 2.36869561567e-19
418.71 1.83186146778e-19
418.72 1.41546687866e-19
418.73 1.09277438872e-19
418.74 8.42917396027e-20
418.75 6.49625760536e-20
418.76 5.00224745807e-20
418.77 3.84849404282e-20
418.78 2.95828613176e-20
418.79 2.27202574942e-20
418.8 1.74345215225e-20
418.81 1.33668947803e-20
418.82 1.02394054099e-20
418.83 7.83687031106e-21
418.84 5.99286223061e-21
418.85 4.5787785574e-21
418.86 3.49533414349e-21
418.87 2.66594675188e-21
418.88 2.03159883356e-21
418.89 1.54684982068e-21
418.9 1.17674418349e-21
418.91 8.9441625172e-22
418.92 6.79236500607e-22
418.93 5.15378221369e-22
418.94 3.90710264959e-22
418.95 2.95942469139e-22
418.96 2.23966713393e-22
418.97 1.69349287398e-22
418.98 1.27940187418e-22
418.99 9.65726845362e-23
419.0 7.28325202381e-23
419.01 5.48807559335e-23
419.02 4.13179288865e-23
419.03 3.10799789087e-23
419.04 2.3358588692e-23
419.05 1.75402668433e-23
419.06 1.31598065503e-23
419.07 9.86476006864e-24
419.08 7.38834660234e-24
419.09 5.52881053493e-24
419.1 4.13370867824e-24
419.11 3.08796051321e-24
419.12 2.30476856731e-24
419.13 1.71872588993e-24
419.14 1.2805885905e-24
419.15 9.53314831545e-25
419.16 7.09066200233e-25
419.17 5.26939713009e-25
419.18 3.91253999215e-25
419.19 2.90255435532e-25
419.2 2.15142219939e-25
419.21 1.5932893098e-25
419.22 1.17892818714e-25
419.23 8.7157301025e-26
419.24 6.43789526829e-26
419.25 4.75124859297e-26
419.26 3.50344507451e-26
419.27 2.58111042496e-26
419.28 1.89994736254e-26
419.29 1.39733412672e-26
419.3 1.02679246991e-26
419.31 7.53856696118e-27
419.32 5.52991723074e-27
419.33 4.05295869541e-27
419.34 2.96790118378e-27
419.35 2.17145287528e-27
419.36 1.58735875999e-27
419.37 1.15937382138e-27
419.38 8.46049160866e-28
419.39 6.16866833875e-28
419.4 4.49377118482e-28
419.41 3.27080160277e-28
419.42 2.37859861235e-28
419.43 1.72827096154e-28
419.44 1.25466047631e-28
419.45 9.10048030442e-29
419.46 6.59517195602e-29
419.47 4.77542078344e-29
419.48 3.45478384038e-29
419.49 2.4972028756e-29
419.5 1.80347649182e-29
419.51 1.30134023491e-29
419.52 9.38198948517e-30
419.53 6.75807082237e-30
419.54 4.86378364552e-30
419.55 3.49743353502e-30
419.56 2.5127449238e-30
419.57 1.8037280171e-30
419.58 1.29365183999e-30
419.59 9.27016538846e-31
419.6 6.63714440638e-31
419.61 4.74786939387e-31
419.62 3.3934384244e-31
419.63 2.42328723727e-31
419.64 1.72899417218e-31
419.65 1.23255377549e-31
419.66 8.77893706743e-32
419.67 6.24743444442e-32
419.68 4.44206789353e-32
419.69 3.15567587042e-32
419.7 2.23987250386e-32
419.71 1.58846598882e-32
419.72 1.125527874e-32
419.73 7.96816469228e-33
419.74 5.63616970597e-33
419.75 3.98321302388e-33
419.76 2.81259187443e-33
419.77 1.98428301406e-33
419.78 1.39869887064e-33
419.79 9.85073296252e-34
419.8 6.93164928098e-34
419.81 4.87335813016e-34
419.82 3.42329075486e-34
419.83 2.40260822352e-34
419.84 1.68479026235e-34
419.85 1.18040880608e-34
419.86 8.26309508491e-35
419.87 5.77932040423e-35
419.88 4.03863409035e-35
419.89 2.819784727e-35
419.9 1.96707588133e-35
419.91 1.3710395581e-35
419.92 9.54778366344e-36
419.93 6.64322355121e-36
419.94 4.61826528949e-36
419.95 3.2077654011e-36
419.96 2.22612749346e-36
419.97 1.5435517002e-36
419.98 1.06934056039e-36
419.99 7.40175340491e-37
420.0 5.11890296146e-37
420.01 3.53706380295e-37
420.02 2.4419265876e-37
420.03 1.68440307504e-37
420.04 1.16086885653e-37
420.05 7.99362935741e-38
420.06 5.49956788212e-38
420.07 3.78039203205e-38
420.08 2.59638339985e-38
420.09 1.781658733e-38
420.1 1.2215294182e-38
420.11 8.36771832978e-39
420.12 5.72708840974e-39
420.13 3.91637648784e-39
420.14 2.67583108294e-39
420.15 1.82665557405e-39
420.16 1.24588613039e-39
420.17 8.49031392481e-40
420.18 5.78086540722e-40
420.19 3.9326534744e-40
420.2 2.67302004143e-40
420.21 1.81527514881e-40
420.22 1.2317041988e-40
420.23 8.35014648197e-41
420.24 5.65594892344e-41
420.25 3.82772365541e-41
420.26 2.58820925511e-41
420.27 1.74856551126e-41
420.28 1.18028841089e-41
420.29 7.96009205369e-42
420.3 5.36378979772e-42
420.31 3.61117988107e-42
420.32 2.42912691994e-42
420.33 1.63258200126e-42
420.34 1.09628510634e-42
420.35 7.35522116824e-43
420.36 4.93050803745e-43
420.37 3.30226041372e-43
420.38 2.20980869573e-43
420.39 1.47748047558e-43
420.4 9.86989506502e-44
420.41 6.58759714532e-44
420.42 4.39304085818e-44
420.43 2.92702994054e-44
420.44 1.94855558763e-44
420.45 1.29605116577e-44
420.46 8.613015066e-45
420.47 5.71889310849e-45
420.48 3.79395752193e-45
420.49 2.5147606814e-45
420.5 1.66542305083e-45
420.51 1.10198629589e-45
420.52 7.28536858364e-46
420.53 4.81227653634e-46
420.54 3.17594765505e-46
420.55 2.09420797118e-46
420.56 1.37971692945e-46
420.57 9.08205004418e-47
420.58 5.97312358612e-47
420.59 3.92502857619e-47
420.6 2.57696107098e-47
420.61 1.69042771837e-47
420.62 1.10792169142e-47
420.63 7.25513065216e-48
420.64 4.74684578543e-48
420.65 3.10304961865e-48
420.66 2.02673062558e-48
420.67 1.32259553604e-48
420.68 8.62346465244e-49
420.69 5.61772188643e-49
420.7 3.65647320312e-49
420.71 2.37787087477e-49
420.72 1.54503332951e-49
420.73 1.00302359627e-49
420.74 6.50591163048e-50
420.75 4.21627454546e-50
420.76 2.730067076e-50
420.77 1.76620644431e-50
420.78 1.14165090445e-50
420.79 7.37307917563e-51
420.8 4.75760281686e-51
420.81 3.06726416081e-51
420.82 1.97577683945e-51
420.83 1.27159353954e-51
420.84 8.17678253823e-52
420.85 5.25339789094e-52
420.86 3.37226624516e-52
420.87 2.16285362134e-52
420.88 1.38597728662e-52
420.89 8.873783132e-53
420.9 5.67655984561e-53
420.91 3.62815091423e-53
420.92 2.31691007726e-53
420.93 1.47828008455e-53
420.94 9.42384178502e-54
420.95 6.00237270902e-54
420.96 3.81980896763e-54
420.97 2.42875686741e-54
420.98 1.54294395657e-54
420.99 9.79354615417e-55
421.0 6.21088530805e-55
421.01 3.93541699852e-55
421.02 2.49144736927e-55
421.03 1.57592806586e-55
421.04 9.95966601526e-56
421.05 6.28893162272e-56
421.06 3.96764386472e-56
421.07 2.50099144226e-56
421.08 1.57512650988e-56
421.09 9.91156854105e-57
421.1 6.23150644848e-57
421.11 3.91441999798e-57
421.12 2.45677569348e-57
421.13 1.54059081549e-57
421.14 9.65234451764e-58
421.15 6.04229656597e-58
421.16 3.77915733168e-58
421.17 2.36162871268e-58
421.18 1.47452445787e-58
421.19 9.19847968026e-59
421.2 5.73328906081e-59
421.21 3.57038736002e-59
421.22 2.22152163237e-59
421.23 1.38105021358e-59
421.24 8.57811974956e-60
421.25 5.32351463614e-60
421.26 3.30087070007e-60
421.27 2.04494807764e-60
421.28 1.2657844928e-60
421.29 7.82818298143e-61
421.3 4.83710905539e-61
421.31 2.98630734011e-61
421.32 1.84207300032e-61
421.33 1.13527973292e-61
421.34 6.99073187243e-62
421.35 4.30096707608e-62
421.36 2.643828643e-62
421.37 1.62376883311e-62
421.38 9.96411684265e-63
421.39 6.10909859714e-63
421.4 3.74230491336e-63
421.41 2.29047163388e-63
421.42 1.40066532724e-63
421.43 8.55790676921e-64
421.44 5.22425583322e-64
421.45 3.1864347832e-64
421.46 1.94182167559e-64
421.47 1.18232634691e-64
421.48 7.19265290151e-65
421.49 4.3718429343e-65
421.5 2.65499502256e-65
421.51 1.61096677738e-65
421.52 9.76636991057e-66
421.53 5.91566357363e-66
421.54 3.58011912777e-66
421.55 2.16478714785e-66
421.56 1.30784608401e-66
421.57 7.89444828853e-67
421.58 4.76113663205e-67
421.59 2.86895157412e-67
421.6 1.7272671091e-67
421.61 1.03900945861e-67
421.62 6.24457968196e-68
421.63 3.74982184384e-68
421.64 2.24978890211e-68
421.65 1.3486418062e-68
421.66 8.07746674383e-69
421.67 4.83367505663e-69
421.68 2.89003722803e-69
421.69 1.72644654144e-69
421.7 1.03044910343e-69
421.71 6.14502520738e-70
421.72 3.66137746544e-70
421.73 2.17966149559e-70
421.74 1.2964545996e-70
421.75 7.70458562235e-71
421.76 4.57472477865e-71
421.77 2.71396579333e-71
421.78 1.6086719163e-71
421.79 9.52695915304e-72
421.8 5.63721811382e-72
421.81 3.3327219883e-72
421.82 1.96859803574e-72
421.83 1.16181965816e-72
421.84 6.85084443825e-73
421.85 4.03620489007e-73
421.86 2.375888278e-73
421.87 1.39734143726e-73
421.88 8.21112708045e-74
421.89 4.82088444506e-74
421.9 2.82796729335e-74
421.91 1.65747030158e-74
421.92 9.7060123848e-75
421.93 5.678840086e-75
421.94 3.31972531275e-75
421.95 1.93895787154e-75
421.96 1.13150977145e-75
421.97 6.59738694802e-76
421.98 3.84334452848e-76
421.99 2.23702269853e-76
422.0 1.3009337374e-76
422.01 7.55898832703e-77
422.02 4.38829571095e-77
422.03 2.54537520113e-77
422.04 1.47513390226e-77
422.05 8.54151273056e-78
422.06 4.94153474387e-78
422.07 2.85635792036e-78
422.08 1.64963215045e-78
422.09 9.51886813172e-79
422.1 5.48791304162e-79
422.11 3.16120634103e-79
422.12 1.81937482148e-79
422.13 1.04620123516e-79
422.14 6.01079600641e-80
422.15 3.45042397222e-80
422.16 1.97895832393e-80
422.17 1.13403000741e-80
422.18 6.49286177384e-81
422.19 3.71425298105e-81
422.2 2.1229047872e-81
422.21 1.21230881961e-81
422.22 6.9170310548e-82
422.23 3.94320992999e-82
422.24 2.2459691397e-82
422.25 1.27814870091e-82
422.26 7.26746073098e-83
422.27 4.12864666635e-83
422.28 2.34345410708e-83
422.29 1.32901199688e-83
422.3 7.53052166229e-84
422.31 4.26329058922e-84
422.32 2.41150696924e-84
422.33 1.36287435556e-84
422.34 7.69567698648e-85
422.35 4.34171741936e-85
422.36 2.44737201598e-85
422.37 1.37835833966e-85
422.38 7.75618214e-86
422.39 4.36071368274e-86
422.4 2.44957566232e-86
422.41 1.37482638042e-86
422.42 7.70954180569e-87
422.43 4.31949515492e-87
422.44 2.41802689527e-87
422.45 1.35242433148e-87
422.46 7.557680644e-88
422.47 4.21976057224e-88
422.48 2.35402350997e-88
422.49 1.31207147651e-88
422.5 7.30681152819e-89
422.51 4.06557548317e-89
422.52 2.26016353973e-89
422.53 1.25539794444e-89
422.54 6.96701385493e-90
422.55 3.86309730714e-90
422.56 2.14017030387e-90
422.57 1.18463547042e-90
422.58 6.5515618174e-91
422.59 3.62016751244e-91
422.6 1.99864749089e-91
422.61 1.10247170277e-91
422.62 6.07606501485e-92
422.63 3.34580854326e-92
422.64 1.84078671687e-92
422.65 1.01188130071e-92
422.66 5.55749884849e-93
422.67 3.04967040287e-93
422.68 1.67205339115e-93
422.69 9.15948571256e-94
422.7 5.01320830688e-94
422.71 2.74147395445e-94
422.72 1.49787720028e-94
422.73 8.17696255271e-95
422.74 4.45996571259e-95
422.75 2.43049506469e-95
422.76 1.32337120186e-95
422.77 7.19933409803e-96
422.78 3.91315174473e-96
422.79 2.12512638287e-96
422.8 1.15309887678e-96
422.81 6.25132456396e-97
422.82 3.38611153218e-97
422.83 1.83254303582e-97
422.84 9.90902259334e-98
422.85 5.35341815347e-98
422.86 2.88971643818e-98
422.87 1.55848634727e-98
422.88 8.39797327544e-99
422.89 4.52136623715e-99
422.9 2.43214015527e-99
422.91 1.3071674407e-99
422.92 7.01936067e-100
422.93 3.76606322462e-100
422.94 2.01883752181e-100
422.95 1.08128167181e-100
422.96 5.78628775831e-101
422.97 3.0937479357e-101
422.98 1.65269813768e-101
422.99 8.8211632898e-102
423.0 4.70415797372e-102
423.01 2.50646501069e-102
423.02 1.33433570604e-102
423.03 7.09728559152e-103
423.04 3.771752333e-103
423.05 2.00270861677e-103
423.06 1.06246853593e-103
423.07 5.63168170938e-104
423.08 2.98252324893e-104
423.09 1.57816819404e-104
423.1 8.34346498665e-105
423.11 4.40720570511e-105
423.12 2.32596892289e-105
423.13 1.22650184729e-105
423.14 6.46184026189e-106
423.15 3.40148015687e-106
423.16 1.78897131952e-106
423.17 9.40075050949e-107
423.18 4.93566174084e-107
423.19 2.58911870381e-107
423.2 1.35700750142e-107
423.21 7.10618070774e-108
423.22 3.71803915114e-108
423.23 1.94363800495e-108
423.24 1.01517407589e-108
423.25 5.297724475e-109
423.26 2.76224330137e-109
423.27 1.43899141494e-109
423.28 7.48993742379e-110
423.29 3.89512938444e-110
423.3 2.02390116129e-110
423.31 1.05070409165e-110
423.32 5.44998440926e-111
423.33 2.82444946533e-111
423.34 1.46250065823e-111
423.35 7.56627364539e-112
423.36 3.91103525284e-112
423.37 2.01987795584e-112
423.38 1.04227480806e-112
423.39 5.37357190779e-113
423.4 2.76800965936e-113
423.41 1.42460954646e-113
423.42 7.32567777033e-114
423.43 3.76377354804e-114
423.44 1.93207006699e-114
423.45 9.90936832432e-115
423.46 5.07800100645e-115
423.47 2.5999398858e-115
423.48 1.33001807501e-115
423.49 6.79791127699e-116
423.5 3.47149987205e-116
423.51 1.77126086641e-116
423.52 9.02966449664e-117
423.53 4.59922242432e-117
423.54 2.34056617591e-117
423.55 1.19009367944e-117
423.56 6.0459574335e-118
423.57 3.06882931597e-118
423.58 1.5563386248e-118
423.59 7.88604352717e-119
423.6 3.99243593938e-119
423.61 2.01948418029e-119
423.62 1.02062609265e-119
423.63 5.15366981904e-120
423.64 2.60010105603e-120
423.65 1.31065254985e-120
423.66 6.60098336569e-121
423.67 3.3216465064e-121
423.68 1.67002087207e-121
423.69 8.38907540652e-122
423.7 4.21046449749e-122
423.71 2.11139570541e-122
423.72 1.05787163025e-122
423.73 5.29565909176e-123
423.74 2.64868786148e-123
423.75 1.32362589624e-123
423.76 6.60881267398e-124
423.77 3.29689671017e-124
423.78 1.64327766631e-124
423.79 8.18352242772e-125
423.8 4.07186446391e-125
423.81 2.02427756941e-125
423.82 1.00547325819e-125
423.83 4.98993281949e-126
423.84 2.47424433938e-126
423.85 1.22578466689e-126
423.86 6.06749596567e-127
423.87 3.00074105686e-127
423.88 1.48276135021e-127
423.89 7.32044878115e-128
423.9 3.61100315666e-128
423.91 1.77967927232e-128
423.92 8.7635350713e-129
423.93 4.31162149391e-129
423.94 2.11946202698e-129
423.95 1.04096077335e-129
423.96 5.10818715888e-130
423.97 2.50451103905e-130
423.98 1.22688204856e-130
423.99 6.00490839037e-131
424.0 2.9365248006e-131
424.01 1.43477787935e-131
424.02 7.00421363692e-132
424.03 3.41631421798e-132
424.04 1.66486853391e-132
424.05 8.10635827961e-133
424.06 3.94362268637e-133
424.07 1.91685221312e-133
424.08 9.30905545457e-134
424.09 4.51696074959e-134
424.1 2.18983165085e-134
424.11 1.06071534799e-134
424.12 5.13346599762e-135
424.13 2.48225411363e-135
424.14 1.19923832993e-135
424.15 5.78879906841e-136
424.16 2.79186980789e-136
424.17 1.34531988506e-136
424.18 6.47708614783e-137
424.19 3.1157133688e-137
424.2 1.49747311723e-137
424.21 7.19091713272e-138
424.22 3.45011241497e-138
424.23 1.65388733045e-138
424.24 7.92140662434e-139
424.25 3.7907261099e-139
424.26 1.81245076787e-139
424.27 8.65832219767e-140
424.28 4.13261530614e-140
424.29 1.97078809115e-140
424.3 9.39028105863e-141
424.31 4.47034422255e-141
424.32 2.12631230581e-141
424.33 1.01050124302e-141
424.34 4.79811180953e-142
424.35 2.27628998956e-142
424.36 1.07896790282e-142
424.37 5.10990910452e-143
424.38 2.41791782505e-143
424.39 1.14312470672e-143
424.4 5.3996970994e-144
424.41 2.54840763693e-144
424.42 1.20168906677e-144
424.43 5.6615980679e-145
424.44 2.66507644845e-145
424.45 1.25344135951e-145
424.46 5.89009206313e-146
424.47 2.76543756226e-146
424.48 1.29726692201e-146
424.49 6.08020950603e-147
424.5 2.84728838226e-147
424.51 1.33219586288e-147
424.52 6.22771052629e-148
424.53 2.90879066131e-148
424.54 1.3574387085e-148
424.55 6.32924203693e-149
424.56 2.94853909799e-149
424.57 1.37241605686e-149
424.58 6.38246442256e-150
424.59 2.96561471001e-150
424.6 1.37678068407e-150
424.61 6.3861411586e-151
424.62 2.95962015374e-151
424.63 1.37043092601e-151
424.64 6.34018656825e-152
424.65 2.93069509443e-152
424.66 1.35351461482e-152
424.67 6.24566914125e-153
424.68 2.87951079689e-153
424.69 1.32642335749e-153
424.7 6.10477023522e-154
424.71 2.8072442292e-154
424.72 1.28977746568e-154
424.73 5.92070038843e-155
424.74 2.7155330744e-155
424.75 1.24440234666e-155
424.76 5.69757772721e-156
424.77 2.60641405142e-156
424.78 1.19129760998e-156
424.79 5.44027489753e-157
424.8 2.48224778822e-157
424.81 1.13160050372e-157
424.82 5.15424246048e-158
424.83 2.34563411306e-158
424.84 1.06654554571e-158
424.85 4.84531767396e-159
424.86 2.19932199854e-159
424.87 9.97422344096e-160
424.88 4.51952798853e-160
424.89 2.04611849022e-160
424.9 9.25533605364e-161
424.91 4.18289841012e-161
424.92 1.88880078378e-161
424.93 8.52155210952e-162
424.94 3.84127116639e-162
424.95 1.7300352063e-162
424.96 7.78500020652e-163
424.97 3.50014493589e-163
424.98 1.57230624912e-163
424.99 7.05686753499e-164
425.0 3.16453936674e-164
425.01 1.41785804735e-164
425.02 6.34714931059e-165
425.03 2.83888885355e-165
425.04 1.26864986317e-165
425.05 5.66446472755e-166
425.06 2.52696769067e-166
425.07 1.12632627117e-166
425.08 5.01594136837e-167
425.09 2.23184690833e-167
425.1 9.9220192112e-168
425.11 4.40716629978e-168
425.12 1.95588144134e-168
425.13 8.67260019018e-169
425.14 3.84219885389e-169
425.15 1.70072487193e-169
425.16 7.52163059552e-170
425.17 3.32363749947e-170
425.18 1.46736789485e-170
425.19 6.47273888552e-171
425.2 2.85273135173e-171
425.21 1.25619590981e-171
425.22 5.52684884889e-172
425.23 2.42952578334e-172
425.24 1.0670607608e-172
425.25 4.68252925903e-173
425.26 2.05303126056e-173
425.27 8.99361592973e-174
425.28 3.93637826044e-174
425.29 1.72140485943e-174
425.3 7.52130044147e-175
425.31 3.28342092874e-175
425.32 1.43213480531e-175
425.33 6.24115472809e-176
425.34 2.71750099679e-176
425.35 1.18221968665e-176
425.36 5.13866581055e-177
425.37 2.2316509835e-177
425.38 9.68335574381e-178
425.39 4.19806551728e-178
425.4 1.8184285848e-178
425.41 7.8698598751e-179
425.42 3.40299618517e-179
425.43 1.47021089678e-179
425.44 6.34631354299e-180
425.45 2.73707769112e-180
425.46 1.17944158855e-180
425.47 5.07796218647e-181
425.48 2.18436998379e-181
425.49 9.38829332683e-182
425.5 4.03153851147e-182
425.51 1.72973147401e-182
425.52 7.41498497684e-183
425.53 3.17589090498e-183
425.54 1.3590786439e-183
425.55 5.81095233739e-184
425.56 2.48241136516e-184
425.57 1.05955596559e-184
425.58 4.51853617602e-185
425.59 1.92528638117e-185
425.6 8.1962769831e-186
425.61 3.48627487934e-186
425.62 1.48159785035e-186
425.63 6.29104460398e-187
425.64 2.66894056196e-187
425.65 1.13130251395e-187
425.66 4.79117809903e-188
425.67 2.02735400832e-188
425.68 8.57117925181e-189
425.69 3.6205560727e-189
425.7 1.52803636743e-189
425.71 6.44341072761e-190
425.72 2.71469881603e-190
425.73 1.14274993098e-190
425.74 4.80622907607e-191
425.75 2.01967477657e-191
425.76 8.4797320527e-192
425.77 3.5571856333e-192
425.78 1.4909210358e-192
425.79 6.24347630165e-193
425.8 2.61229371388e-193
425.81 1.09204681261e-193
425.82 4.56125359184e-194
425.83 1.90349128878e-194
425.84 7.93672406296e-195
425.85 3.30639991931e-195
425.86 1.37623688852e-195
425.87 5.72340817826e-196
425.88 2.37815390756e-196
425.89 9.87299478984e-197
425.9 4.09526085958e-197
425.91 1.69721923832e-197
425.92 7.0277779937e-198
425.93 2.90751413047e-198
425.94 1.20184745152e-198
425.95 4.9636433889e-199
425.96 2.04821484771e-199
425.97 8.44450428482e-200
425.98 3.47853616767e-200
425.99 1.43166892528e-200
426.0 5.887248754e-201
426.01 2.41883300993e-201
426.02 9.92940213395e-202
426.03 4.07252749494e-202
426.04 1.66889365277e-202
426.05 6.83308799195e-203
426.06 2.79530419454e-203
426.07 1.14252273701e-203
426.08 4.66578088449e-204
426.09 1.90373958278e-204
426.1 7.76094226779e-205
426.11 3.16114981188e-205
426.12 1.28646926854e-205
426.13 5.2309126342e-206
426.14 2.12509930622e-206
426.15 8.62590567811e-207
426.16 3.49827456857e-207
426.17 1.41751216065e-207
426.18 5.73883061256e-208
426.19 2.32136660141e-208
426.2 9.38183454746e-209
426.21 3.78839731543e-209
426.22 1.52843503174e-209
426.23 6.161155339e-210
426.24 2.48142439012e-210
426.25 9.9853581631e-211
426.26 4.01467099288e-211
426.27 1.61272376458e-211
426.28 6.47282288486e-212
426.29 2.59568013927e-212
426.3 1.0399976002e-212
426.31 4.16329526609e-213
426.32 1.66519769369e-213
426.33 6.65454093973e-214
426.34 2.65701566132e-214
426.35 1.05997064946e-214
426.36 4.22490820947e-215
426.37 1.68253624472e-215
426.38 6.69476429892e-216
426.39 2.66152081537e-216
426.4 1.05717809327e-216
426.41 4.19556212035e-217
426.42 1.66362665002e-217
426.43 6.59090868097e-218
426.44 2.60890600559e-218
426.45 1.03179942876e-218
426.46 4.07714208205e-219
426.47 1.6096821266e-219
426.48 6.34962547819e-220
426.49 2.50253298546e-220
426.5 9.85451429166e-221
426.51 3.87716558652e-221
426.52 1.52411307024e-221
426.53 5.98609683641e-222
426.54 2.34905941322e-222
426.55 9.21017700857e-223
426.56 3.60799282368e-223
426.57 1.41217027501e-223
426.58 5.5224549136e-224
426.59 2.15774940025e-224
426.6 8.42351866949e-225
426.61 3.28556295705e-225
426.62 1.28041206173e-225
426.63 4.98555408884e-226
426.64 1.93954928856e-226
426.65 7.53896837036e-227
426.66 2.92783591901e-227
426.67 1.13607044083e-227
426.68 4.40440754968e-228
426.69 1.70605665475e-228
426.7 6.60272352299e-229
426.71 2.55315092496e-229
426.72 9.86401164627e-230
426.73 3.80762681895e-230
426.74 1.46851670226e-230
426.75 5.65883610936e-231
426.76 2.17870813193e-231
426.77 8.3809780874e-232
426.78 3.22117313561e-232
426.79 1.236964239e-232
426.8 4.74595845865e-233
426.81 1.81934236814e-233
426.82 6.96832899231e-234
426.83 2.66665340473e-234
426.84 1.01959620595e-234
426.85 3.89505470456e-235
426.86 1.48669754706e-235
426.87 5.66963891563e-236
426.88 2.160289173e-236
426.89 8.22417020689e-237
426.9 3.12821074342e-237
426.91 1.18884060231e-237
426.92 4.51413941181e-238
426.93 1.71257664966e-238
426.94 6.4915556072e-239
426.95 2.45850591506e-239
426.96 9.3028805777e-240
426.97 3.51712130056e-240
426.98 1.32855934997e-240
426.99 5.01416113192e-241
427.0 1.89077270593e-241
427.01 7.12367463467e-242
427.02 2.68159099633e-242
427.03 1.00856690853e-242
427.04 3.79001215766e-243
427.05 1.4229846131e-243
427.06 5.33806081734e-244
427.07 2.00073948632e-244
427.08 7.49240563536e-245
427.09 2.80333973474e-245
427.1 1.04798217595e-245
427.11 3.91431500109e-246
427.12 1.46076838394e-246
427.13 5.44666496297e-247
427.14 2.02910104768e-247
427.15 7.55266811608e-248
427.16 2.80880014948e-248
427.17 1.04367430304e-248
427.18 3.87465335086e-249
427.19 1.43722389822e-249
427.2 5.32647286079e-250
427.21 1.9723260898e-250
427.22 7.29695105339e-251
427.23 2.69729134676e-251
427.24 9.96180411413e-252
427.25 3.67596907128e-252
427.26 1.35528119449e-252
427.27 4.9924151021e-253
427.28 1.83745062091e-253
427.29 6.75685155649e-254
427.3 2.48254306749e-254
427.31 9.11324230392e-255
427.32 3.34251031422e-255
427.33 1.22488779463e-255
427.34 4.48480506329e-256
427.35 1.64064472614e-256
427.36 5.99665737104e-257
427.37 2.18991690694e-257
427.38 7.99042262004e-258
427.39 2.91296707741e-258
427.4 1.06102377337e-258
427.41 3.86134286301e-259
427.42 1.40402657991e-259
427.43 5.10077310793e-260
427.44 1.85148583745e-260
427.45 6.71472909039e-261
427.46 2.43310196319e-261
427.47 8.80878145463e-262
427.48 3.18636170539e-262
427.49 1.15159037165e-262
427.5 4.15838493493e-263
427.51 1.50028948329e-263
427.52 5.40815529227e-264
427.53 1.94781163107e-264
427.54 7.00920026202e-265
427.55 2.52007632707e-265
427.56 9.05279390588e-266
427.57 3.2491913219e-266
427.58 1.165176316e-266
427.59 4.17476202722e-267
427.6 1.49449860255e-267
427.61 5.34543452709e-268
427.62 1.91026768163e-268
427.63 6.82070324215e-269
427.64 2.43325594557e-269
427.65 8.67301593817e-270
427.66 3.08870341481e-270
427.67 1.09902098364e-270
427.68 3.90714450002e-271
427.69 1.38783128899e-271
427.7 4.9253555686e-272
427.71 1.74647436185e-272
427.72 6.18743362882e-273
427.73 2.19019409985e-273
427.74 7.74601562122e-274
427.75 2.73714525247e-274
427.76 9.66364647094e-275
427.77 3.40885034201e-275
427.78 1.20143021177e-275
427.79 4.23070627911e-276
427.8 1.48850711156e-276
427.81 5.23254130432e-277
427.82 1.83779950017e-277
427.83 6.44922168243e-278
427.84 2.26120633899e-278
427.85 7.92130609537e-279
427.86 2.77253546084e-279
427.87 9.69574390446e-280
427.88 3.38773066079e-280
427.89 1.18266113775e-280
427.9 4.12510958297e-281
427.91 1.43758775995e-281
427.92 5.00560937433e-282
427.93 1.74141891228e-282
427.94 6.05303619173e-283
427.95 2.10216594872e-283
427.96 7.29431368744e-284
427.97 2.52886466007e-284
427.98 8.75972457679e-285
427.99 3.03164976688e-285
428.0 1.04831383328e-285
428.01 3.62182379872e-286
428.02 1.25022169834e-286
428.03 4.31191765522e-287
428.04 1.48585899423e-287
428.05 5.11573982297e-288
428.06 1.75979878262e-288
428.07 6.04841092829e-289
428.08 2.07703243428e-289
428.09 7.12638005518e-290
428.1 2.4429714629e-290
428.11 8.36741906691e-291
428.12 2.86344179315e-291
428.13 9.79059105665e-292
428.14 3.34466923075e-292
428.15 1.1416189035e-292
428.16 3.89325491426e-293
428.17 1.32656410586e-293
428.18 4.51613957855e-294
428.19 1.53613782309e-294
428.2 5.22055555399e-295
428.21 1.77266623768e-295
428.22 6.01396556728e-296
428.23 2.03853707218e-296
428.24 6.90398760292e-297
428.25 2.3361735601e-297
428.26 7.89830532992e-298
428.27 2.66800380806e-298
428.28 9.00456389704e-299
428.29 3.03642554067e-299
428.3 1.02302512501e-299
428.31 3.44376633741e-300
428.32 1.15825655211e-300
428.33 3.89223960325e-301
428.34 1.30682694776e-301
428.35 4.38389665873e-302
428.36 1.46935334892e-302
428.37 4.92057548742e-303
428.38 1.6463768961e-303
428.39 5.50384683555e-304
428.4 1.8383454678e-304
428.41 6.13495851579e-305
428.42 2.04559590004e-305
428.43 6.81477891847e-306
428.44 2.2683361308e-306
428.45 7.54374087486e-307
428.46 2.50662765196e-307
428.47 8.32178714104e-308
428.48 2.7603686868e-308
428.49 9.14831887234e-309
428.5 3.02927853911e-309
428.51 1.00221485312e-309
428.52 3.31288357769e-310
428.53 1.09414587097e-310
428.54 3.61050532627e-311
428.55 1.19037683481e-311
428.56 3.92125112218e-312
428.57 1.29059077871e-312
428.58 4.24400778615e-313
428.59 1.39440040023e-313
428.6 4.5774387101e-314
428.61 1.50134772333e-314
428.62 4.91998472215e-315
428.63 1.61090500561e-315
428.64 5.26986899884e-316
428.65 1.72247697001e-316
428.66 5.62510634835e-317
428.67 1.83540446774e-317
428.68 5.98351540168e-318
428.69 1.94897039709e-318
428.7 6.34276535475e-319
428.71 2.06237822544e-319
428.72 6.7005182889e-320
428.73 2.17487697299e-320
428.74 7.05525742261e-321
428.75 2.28752394024e-321
428.76 7.41098468762e-322
428.77 2.37151510004e-322
428.78 7.90505033346e-323
428.79 2.47032822921e-323
428.8 9.88131291682e-324
428.81 4.94065645841e-324
428.82 0.0
428.83 0.0
428.84 0.0
428.85 0.0
428.86 0.0
428.87 0.0
428.88 0.0
428.89 0.0
428.9 0.0
428.91 0.0
428.92 0.0
428.93 0.0
428.94 0.0
428.95 0.0
428.96 0.0
428.97 0.0
428.98 0.0
428.99 0.0
429.0 0.0
429.01 0.0
429.02 0.0
429.03 0.0
429.04 0.0
429.05 0.0
429.06 0.0
429.07 0.0
429.08 0.0
429.09 0.0
429.1 0.0
429.11 0.0
429.12 0.0
429.13 0.0
429.14 0.0
429.15 0.0
429.16 0.0
429.17 0.0
429.18 0.0
429.19 0.0
429.2 0.0
429.21 0.0
429.22 0.0
429.23 0.0
429.24 0.0
429.25 0.0
429.26 0.0
429.27 0.0
429.28 0.0
429.29 0.0
429.3 0.0
429.31 0.0
429.32 0.0
429.33 0.0
429.34 0.0
429.35 0.0
429.36 0.0
429.37 0.0
429.38 0.0
429.39 0.0
429.4 0.0
429.41 0.0
429.42 0.0
429.43 0.0
429.44 0.0
429.45 0.0
429.46 0.0
429.47 0.0
429.48 0.0
429.49 0.0
429.5 0.0
429.51 0.0
429.52 0.0
429.53 0.0
429.54 0.0
429.55 0.0
429.56 0.0
429.57 0.0
429.58 0.0
429.59 0.0
429.6 0.0
429.61 0.0
429.62 0.0
429.63 0.0
429.64 0.0
429.65 0.0
429.66 0.0
429.67 0.0
429.68 0.0
429.69 0.0
429.7 0.0
429.71 0.0
429.72 0.0
429.73 0.0
429.74 0.0
429.75 0.0
429.76 0.0
429.77 0.0
429.78 0.0
429.79 0.0
429.8 0.0
429.81 0.0
429.82 0.0
429.83 0.0
429.84 0.0
429.85 0.0
429.86 0.0
429.87 0.0
429.88 0.0
429.89 0.0
429.9 0.0
429.91 0.0
429.92 0.0
429.93 0.0
429.94 0.0
429.95 0.0
429.96 0.0
429.97 0.0
429.98 0.0
429.99 0.0
