400.0 4.67897511272e-21
400.01 6.1321074937e-21
400.02 8.02957383313e-21
400.03 1.0505069862e-20
400.04 1.37318517637e-20
400.05 1.79342401383e-20
400.06 2.34024091115e-20
400.07 3.0511381092e-20
400.08 3.97454005357e-20
400.09 5.1729180948e-20
400.1 6.72679261473e-20
400.11 8.73985420253e-20
400.12 1.13455106931e-19
400.13 1.47152492818e-19
400.14 1.90693069855e-19
400.15 2.46902739926e-19
400.16 3.19404198879e-19
400.17 4.1283741043e-19
400.18 5.33139894731e-19
400.19 6.87902726957e-19
400.2 8.86822274296e-19
400.21 1.14227288287e-18
400.22 1.47003221983e-18
400.23 1.89019910334e-18
400.24 2.42835381559e-18
400.25 3.1170235874e-18
400.26 3.99753178366e-18
400.27 5.12232906479e-18
400.28 6.55792939166e-18
400.29 8.38860433632e-18
400.3 1.07210271871e-17
400.31 1.3690105551e-17
400.32 1.74662997189e-17
400.33 2.22647966292e-17
400.34 2.83569990934e-17
400.35 3.60849010364e-17
400.36 4.58790567385e-17
400.37 5.82810214332e-17
400.38 7.39713494214e-17
400.39 9.38044930374e-17
400.4 1.1885226222e-16
400.41 1.50457893362e-16
400.42 1.90303253642e-16
400.43 2.40492292805e-16
400.44 3.0365457211e-16
400.45 3.83073578749e-16
400.46 4.82845608451e-16
400.47 6.08076311427e-16
400.48 7.65123598407e-16
400.49 9.61897556011e-16
400.5 1.20823039836e-15
400.51 1.51633237443e-15
400.52 1.90135306586e-15
400.53 2.38207177753e-15
400.54 2.98174589852e-15
400.55 3.729152381e-15
400.56 4.65986507261e-15
400.57 5.81781981064e-15
400.58 7.25723026494e-15
400.59 9.04493088085e-15
400.6 1.12632393792e-14
400.61 1.40134506593e-14
400.62 1.74200972682e-14
400.63 2.16361396065e-14
400.64 2.68492826568e-14
400.65 3.32896563074e-14
400.66 4.12391445938e-14
400.67 5.10427068877e-14
400.68 6.31221030185e-14
400.69 7.79925166181e-14
400.7 9.62826691043e-14
400.71 1.18759133592e-13
400.72 1.4635569706e-13
400.73 1.80208784328e-13
400.74 2.21700153565e-13
400.75 2.72508305616e-13
400.76 3.34670324953e-13
400.77 4.10656196014e-13
400.78 5.03458023931e-13
400.79 6.16697043484e-13
400.8 7.54751836386e-13
400.81 9.22911808798e-13
400.82 1.12756072424e-12
400.83 1.37639596067e-12
400.84 1.67869018598e-12
400.85 2.04560334874e-12
400.86 2.49055428963e-12
400.87 3.02966292647e-12
400.88 3.682275892e-12
400.89 4.47159075064e-12
400.9 5.4253965416e-12
400.91 6.57695144695e-12
400.92 7.96602193336e-12
400.93 9.64011184022e-12
400.94 1.16559146723e-11
400.95 1.40810279029e-11
400.96 1.69959745138e-11
400.97 2.04965844265e-11
400.98 2.46967970504e-11
400.99 2.97319560723e-11
401.0 3.57626790029e-11
401.01 4.29793971142e-11
401.02 5.16076764751e-11
401.03 6.19144480925e-11
401.04 7.42152950032e-11
401.05 8.88829668745e-11
401.06 1.06357318645e-10
401.07 1.27156899404e-10
401.08 1.51892451547e-10
401.09 1.81282618793e-10
401.1 2.16172205519e-10
401.11 2.57553379685e-10
401.12 3.06590268211e-10
401.13 3.64647457708e-10
401.14 4.33322986053e-10
401.15 5.14486492251e-10
401.16 6.1032328456e-10
401.17 7.23385191173e-10
401.18 8.56649175133e-10
401.19 1.01358482714e-09
401.2 1.19823199804e-09
401.21 1.41528999873e-09
401.22 1.67021998118e-09
401.23 1.96936232183e-09
401.24 2.32007106045e-09
401.25 2.73086770567e-09
401.26 3.21161700605e-09
401.27 3.7737276044e-09
401.28 4.4303808473e-09
401.29 5.1967914141e-09
401.3 6.09050386286e-09
401.31 7.13172966975e-09
401.32 8.34372986565e-09
401.33 9.75324895419e-09
401.34 1.13910064332e-08
401.35 1.32922529401e-08
401.36 1.54973988074e-08
401.37 1.80527236502e-08
401.38 2.10111765192e-08
401.39 2.44332771453e-08
401.4 2.83881298801e-08
401.41 3.29545631052e-08
401.42 3.82224081496e-08
401.43 4.42939331175e-08
401.44 5.12854485056e-08
401.45 5.93291030665e-08
401.46 6.85748900761e-08
401.47 7.91928859776e-08
401.48 9.13757453167e-08
401.49 1.05341477945e-07
401.5 1.21336536662e-07
401.51 1.39639245802e-07
401.52 1.6056360369e-07
401.53 1.84463494537e-07
401.54 2.11737347971e-07
401.55 2.4283328733e-07
401.56 2.78254810708e-07
401.57 3.18567051885e-07
401.58 3.64403671396e-07
401.59 4.16474431277e-07
401.6 4.75573510366e-07
401.61 5.42588620444e-07
401.62 6.18510986937e-07
401.63 7.04446261373e-07
401.64 8.01626436269e-07
401.65 9.11422836501e-07
401.66 1.03536026464e-06
401.67 1.17513238088e-06
401.68 1.33261840149e-06
401.69 1.50990120226e-06
401.7 1.70928691659e-06
401.71 1.93332611974e-06
401.72 2.18483669306e-06
401.73 2.46692846357e-06
401.74 2.78302971516e-06
401.75 3.13691566842e-06
401.76 3.53273902595e-06
401.77 3.97506267887e-06
401.78 4.46889466903e-06
401.79 5.01972549845e-06
401.8 5.6335678741e-06
401.81 6.31699897147e-06
401.82 7.07720529455e-06
401.83 7.92203020243e-06
401.84 8.86002416455e-06
401.85 9.90049779633e-06
401.86 1.10535777153e-05
401.87 1.23302652449e-05
401.88 1.37424979766e-05
401.89 1.53032141877e-05
401.9 1.70264200871e-05
401.91 1.89272598479e-05
401.92 2.10220883563e-05
401.93 2.33285465849e-05
401.94 2.58656394705e-05
401.95 2.86538161467e-05
401.96 3.17150523506e-05
401.97 3.50729347883e-05
401.98 3.87527472104e-05
401.99 4.27815579079e-05
402.0 4.71883083018e-05
402.01 5.20039022571e-05
402.02 5.72612957089e-05
402.03 6.2995586143e-05
402.04 6.92441014292e-05
402.05 7.60464874571e-05
402.06 8.34447939759e-05
402.07 9.14835579952e-05
402.08 0.00010020988405
402.09 0.00010967352059
402.1 0.000119926931707
402.11 0.000131025363356
402.12 0.000143026903205
402.13 0.000155992533184
402.14 0.000169986173766
402.15 0.000185074719001
402.16 0.000201328061261
402.17 0.000218819104637
402.18 0.000237623765923
402.19 0.000257820962078
402.2 0.000279492583064
402.21 0.000302723448959
402.22 0.000327601250225
402.23 0.000354216470052
402.24 0.000382662287709
402.25 0.000413034461848
402.26 0.000445431192788
402.27 0.000479952962813
402.28 0.000516702353617
402.29 0.000555783840079
402.3 0.000597303559654
402.31 0.000641369056749
402.32 0.000688089001583
402.33 0.000737572883117
402.34 0.000789930675828
402.35 0.000845272480176
402.36 0.000903708136845
402.37 0.00096534681494
402.38 0.00103029657455
402.39 0.00109866390424
402.4 0.00117055323427
402.41 0.00124606642648
402.42 0.00132530224207
402.43 0.00140835578866
402.44 0.00149531794826
402.45 0.00158627478805
402.46 0.0016813069559
402.47 0.00178048906315
402.48 0.00188388905698
402.49 0.00199156758517
402.5 0.00210357735626
402.51 0.00221996249817
402.52 0.00234075791864
402.53 0.00246598867107
402.54 0.00259566932935
402.55 0.00272980337553
402.56 0.0028683826044
402.57 0.00301138654877
402.58 0.00315878192995
402.59 0.00331052213724
402.6 0.00346654674102
402.61 0.00362678104332
402.62 0.00379113567042
402.63 0.00395950621126
402.64 0.00413177290602
402.65 0.0043078003886
402.66 0.00448743748675
402.67 0.00467051708366
402.68 0.00485685604396
402.69 0.00504625520764
402.7 0.00523849945431
402.71 0.00543335784061
402.72 0.00563058381258
402.73 0.00582991549494
402.74 0.00603107605854
402.75 0.00623377416685
402.76 0.00643770450196
402.77 0.00664254837007
402.78 0.00684797438587
402.79 0.00705363923489
402.8 0.00725918851218
402.81 0.00746425763535
402.82 0.00766847282929
402.83 0.00787145217957
402.84 0.00807280675089
402.85 0.00827214176641
402.86 0.00846905784347
402.87 0.00866315228058
402.88 0.00885402039025
402.89 0.00904125687167
402.9 0.00922445721703
402.91 0.00940321914481
402.92 0.00957714405314
402.93 0.00974583848595
402.94 0.00990891560456
402.95 0.0100659966571
402.96 0.0102167124381
402.97 0.0103607047303
402.98 0.010497627721
402.99 0.0106271493851
403.0 0.0107489528278
403.01 0.0108627375778
403.02 0.010968220826
403.03 0.0110651386003
403.04 0.0111532468719
403.05 0.0112323225847
403.06 0.0113021646035
403.07 0.0113625945748
403.08 0.0114134576947
403.09 0.0114546233799
403.1 0.0114859858388
403.11 0.0115074645373
403.12 0.0115190045586
403.13 0.0115205768536
403.14 0.0115121783819
403.15 0.011493832141
403.16 0.0114655870857
403.17 0.0114275179362
403.18 0.011379724879
403.19 0.0113223331593
403.2 0.0112554925714
403.21 0.0111793768469
403.22 0.0110941829473
403.23 0.011000130264
403.24 0.0108974597324
403.25 0.0107864328634
403.26 0.0106673307006
403.27 0.0105404527094
403.28 0.0104061156033
403.29 0.0102646521169
403.3 0.0101164097317
403.31 0.0099617493626
403.32 0.00980104401431
403.33 0.00963467741374
403.34 0.00946304262822
403.35 0.00928654067687
403.36 0.00910557914341
403.37 0.00892057079834
403.38 0.00873193223847
403.39 0.00854008255128
403.4 0.00834544201162
403.41 0.00814843081766
403.42 0.00794946787312
403.43 0.00774896962174
403.44 0.00754734894039
403.45 0.00734501409583
403.46 0.00714236777057
403.47 0.00693980616196
403.48 0.00673771815883
403.49 0.00653648459875
403.5 0.00633647760911
403.51 0.00613806003413
403.52 0.00594158494953
403.53 0.00574739526617
403.54 0.00555582342302
403.55 0.00536719116961
403.56 0.0051818094374
403.57 0.00499997829883
403.58 0.00482198701257
403.59 0.00464811415264
403.6 0.00447862781885
403.61 0.00431378592526
403.62 0.00415383656317
403.63 0.00399901843448
403.64 0.00384956135095
403.65 0.0037056867946
403.66 0.00356760853382
403.67 0.00343553328991
403.68 0.00330966144796
403.69 0.00319018780609
403.7 0.00307730235664
403.71 0.00297119109278
403.72 0.00287203683374
403.73 0.00278002006175
403.74 0.0026953197638
403.75 0.00261811427092
403.76 0.00254858208802
403.77 0.00248690270695
403.78 0.00243325739564
403.79 0.00238782995621
403.8 0.00235080744493
403.81 0.002322380847
403.82 0.00230274569938
403.83 0.00229210265479
403.84 0.0022906579806
403.85 0.002298623986
403.86 0.00231621937171
403.87 0.00234366949615
403.88 0.00238120655286
403.89 0.00242906965387
403.9 0.00248750481442
403.91 0.00255676483459
403.92 0.00263710907405
403.93 0.00272880311652
403.94 0.00283211832097
403.95 0.0029473312574
403.96 0.00307472302522
403.97 0.00321457845335
403.98 0.00336718518124
403.99 0.00353283262128
404.0 0.00371181080332
404.01 0.00390440910285
404.02 0.00411091485542
404.03 0.00433161186025
404.04 0.00456677877704
404.05 0.00481668742077
404.06 0.00508160096001
404.07 0.00536177202516
404.08 0.00565744073394
404.09 0.00596883264215
404.1 0.00629615662856
404.11 0.00663960272385
404.12 0.00699933989388
404.13 0.00737551378879
404.14 0.00776824446983
404.15 0.00817762412678
404.16 0.00860371479913
404.17 0.00904654611536
404.18 0.0095061130644
404.19 0.00998237381472
404.2 0.0104752475961
404.21 0.01098461266
404.22 0.0115103043342
404.23 0.0120521131885
404.24 0.0126097833264
404.25 0.0131830108196
404.26 0.0137714423016
404.27 0.0143746737348
404.28 0.0149922493664
404.29 0.0156236608896
404.3 0.0162683468205
404.31 0.0169256921076
404.32 0.0175950279837
404.33 0.0182756320717
404.34 0.0189667287561
404.35 0.0196674898265
404.36 0.0203770354026
404.37 0.0210944351455
404.38 0.0218187097607
404.39 0.0225488327943
404.4 0.0232837327248
404.41 0.0240222953487
404.42 0.0247633664573
404.43 0.0255057548017
404.44 0.0262482353364
404.45 0.0269895527367
404.46 0.0277284251766
404.47 0.0284635483559
404.48 0.0291935997629
404.49 0.0299172431545
404.5 0.0306331332378
404.51 0.031339920532
404.52 0.0320362563891
404.53 0.032720798151
404.54 0.0333922144181
404.55 0.0340491904023
404.56 0.0346904333398
404.57 0.0353146779324
404.58 0.0359206917913
404.59 0.0365072808508
404.6 0.0370732947237
404.61 0.0376176319672
404.62 0.0381392452272
404.63 0.038637146233
404.64 0.0391104106096
404.65 0.0395581824788
404.66 0.0399796788195
404.67 0.0403741935602
404.68 0.0407411013741
404.69 0.0410798611536
404.7 0.0413900191378
404.71 0.0416712116716
404.72 0.0419231675752
404.73 0.0421457101054
404.74 0.042338758491
404.75 0.0425023290302
404.76 0.042636535736
404.77 0.0427415905212
404.78 0.0428178029169
404.79 0.0428655793185
404.8 0.0428854217602
404.81 0.0428779262179
404.82 0.0428437804456
404.83 0.0427837613513
404.84 0.0426987319237
404.85 0.0425896377204
404.86 0.0424575029344
404.87 0.0423034260548
404.88 0.042128575144
404.89 0.0419341827516
404.9 0.0417215404911
404.91 0.041491993306
404.92 0.0412469334533
404.93 0.0409877942356
404.94 0.0407160435137
404.95 0.0404331770316
404.96 0.0401407115908
404.97 0.0398401781071
404.98 0.0395331145878
404.99 0.0392210590642
405.0 0.0389055425185
405.01 0.0385880818401
405.02 0.0382701728499
405.03 0.0379532834282
405.04 0.0376388467826
405.05 0.0373282548909
405.06 0.037022852154
405.07 0.0367239292902
405.08 0.0364327175049
405.09 0.0361503829639
405.1 0.0358780215998
405.11 0.0356166542775
405.12 0.0353672223439
405.13 0.0351305835837
405.14 0.0349075086018
405.15 0.0346986776496
405.16 0.034504677911
405.17 0.0343260012607
405.18 0.0341630425045
405.19 0.0340160981096
405.2 0.0338853654297
405.21 0.0337709424267
405.22 0.033672827889
405.23 0.0335909221419
405.24 0.0335250282466
405.25 0.0334748536761
405.26 0.0334400124605
405.27 0.0334200277854
405.28 0.0334143350286
405.29 0.033422285218
405.3 0.0334431488885
405.31 0.0334761203172
405.32 0.0335203221117
405.33 0.0335748101263
405.34 0.0336385786781
405.35 0.0337105660335
405.36 0.0337896601368
405.37 0.0338747045468
405.38 0.0339645045513
405.39 0.034057833426
405.4 0.0341534388034
405.41 0.0342500491195
405.42 0.0343463801031
405.43 0.0344411412738
405.44 0.0345330424162
405.45 0.0346207999958
405.46 0.0347031434848
405.47 0.0347788215659
405.48 0.0348466081827
405.49 0.0349053084085
405.5 0.0349537641037
405.51 0.0349908593355
405.52 0.0350155255359
405.53 0.0350267463722
405.54 0.0350235623104
405.55 0.0350050748516
405.56 0.0349704504232
405.57 0.0349189239099
405.58 0.0348498018123
405.59 0.0347624650201
405.6 0.0346563711949
405.61 0.0345310567524
405.62 0.0343861384434
405.63 0.0342213145311
405.64 0.0340363655647
405.65 0.033831154754
405.66 0.0336056279495
405.67 0.0333598132355
405.68 0.0330938201459
405.69 0.0328078385149
405.7 0.032502136975
405.71 0.0321770611183
405.72 0.0318330313372
405.73 0.0314705403639
405.74 0.0310901505271
405.75 0.0306924907466
405.76 0.0302782532894
405.77 0.0298481903075
405.78 0.0294031101818
405.79 0.0289438736968
405.8 0.0284713900678
405.81 0.0279866128474
405.82 0.0274905357341
405.83 0.0269841883068
405.84 0.0264686317102
405.85 0.0259449543134
405.86 0.025414267364
405.87 0.0248777006607
405.88 0.0243363982643
405.89 0.0237915142671
405.9 0.0232442086401
405.91 0.0226956431749
405.92 0.0221469775368
405.93 0.0215993654438
405.94 0.0210539509853
405.95 0.0205118650918
405.96 0.0199742221673
405.97 0.0194421168914
405.98 0.0189166212007
405.99 0.0183987814532
406.0 0.0178896157824
406.01 0.017390111642
406.02 0.0169012235437
406.03 0.0164238709889
406.04 0.0159589365913
406.05 0.0155072643903
406.06 0.0150696583501
406.07 0.0146468810406
406.08 0.0142396524951
406.09 0.0138486492376
406.1 0.0134745034734
406.11 0.0131178024348
406.12 0.0127790878745
406.13 0.0124588556976
406.14 0.0121575557228
406.15 0.0118755915652
406.16 0.0116133206301
406.17 0.0113710542095
406.18 0.0111490576721
406.19 0.0109475507379
406.2 0.0107667078287
406.21 0.0106066584873
406.22 0.0104674878566
406.23 0.0103492372117
406.24 0.0102519045391
406.25 0.0101754451562
406.26 0.0101197723662
406.27 0.0100847581433
406.28 0.0100702338453
406.29 0.0100759909491
406.3 0.0101017818069
406.31 0.0101473204224
406.32 0.0102122832444
406.33 0.0102963099781
406.34 0.0103990044142
406.35 0.0105199352767
406.36 0.0106586370903
406.37 0.0108146110701
406.38 0.0109873260348
406.39 0.0111762193469
406.4 0.0113806978825
406.41 0.0116001390343
406.42 0.0118338917506
406.43 0.0120812776141
406.44 0.0123415919648
406.45 0.0126141050687
406.46 0.0128980633377
406.47 0.0131926906023
406.48 0.0134971894408
406.49 0.0138107425679
406.5 0.0141325142837
406.51 0.014461651986
406.52 0.0147972877467
406.53 0.0151385399533
406.54 0.0154845150151
406.55 0.0158343091338
406.56 0.0161870101379
406.57 0.0165416993787
406.58 0.0168974536844
406.59 0.0172533473717
406.6 0.0176084543075
406.61 0.0179618500197
406.62 0.0183126138489
406.63 0.0186598311372
406.64 0.0190025954463
406.65 0.0193400107985
406.66 0.0196711939327
406.67 0.0199952765677
406.68 0.0203114076629
406.69 0.02061875567
406.7 0.0209165107632
406.71 0.0212038870417
406.72 0.0214801246924
406.73 0.0217444921034
406.74 0.0219962879204
406.75 0.0222348430327
406.76 0.0224595224833
406.77 0.0226697272895
406.78 0.0228648961681
406.79 0.023044507154
406.8 0.0232080791052
406.81 0.0233551730851
406.82 0.0234853936157
406.83 0.0235983897934
406.84 0.0236938562625
406.85 0.0237715340403
406.86 0.0238312111883
406.87 0.0238727233269
406.88 0.023895953989
406.89 0.0239008348112
406.9 0.0238873455598
406.91 0.0238555139925
406.92 0.023805415555
406.93 0.023737172913
406.94 0.0236509553236
406.95 0.0235469778465
406.96 0.0234255004009
406.97 0.0232868266701
406.98 0.0231313028614
406.99 0.0229593163258
407.0 0.0227712940443
407.01 0.0225677009889
407.02 0.0223490383647
407.03 0.0221158417433
407.04 0.0218686790948
407.05 0.0216081487286
407.06 0.0213348771527
407.07 0.0210495168605
407.08 0.0207527440565
407.09 0.0204452563303
407.1 0.0201277702898
407.11 0.0198010191633
407.12 0.0194657503817
407.13 0.019122723151
407.14 0.018772706024
407.15 0.0184164744826
407.16 0.0180548085391
407.17 0.0176884903663
407.18 0.0173183019655
407.19 0.0169450228792
407.2 0.0165694279592
407.21 0.0161922851944
407.22 0.0158143536082
407.23 0.0154363812296
407.24 0.0150591031444
407.25 0.0146832396328
407.26 0.0143094943966
407.27 0.0139385528801
407.28 0.0135710806897
407.29 0.0132077221126
407.3 0.0128490987391
407.31 0.0124958081881
407.32 0.0121484229394
407.33 0.0118074892703
407.34 0.0114735262997
407.35 0.0111470251365
407.36 0.0108284481341
407.37 0.0105182282477
407.38 0.0102167684934
407.39 0.00992444150768
407.4 0.00964158920453
407.41 0.00936852252755
407.42 0.00910552129454
407.43 0.00885283413153
407.44 0.00861067849312
407.45 0.00837924076587
407.46 0.0081586764515
407.47 0.00794911042649
407.48 0.00775063727455
407.49 0.00756332168876
407.5 0.00738719893988
407.51 0.00722227540753
407.52 0.00706852917098
407.53 0.00692591065639
407.54 0.00679434333742
407.55 0.00667372448626
407.56 0.00656392597221
407.57 0.00646479510509
407.58 0.00637615552093
407.59 0.00629780810734
407.6 0.00622953196635
407.61 0.00617108541229
407.62 0.00612220700268
407.63 0.0060826166
407.64 0.00605201646235
407.65 0.00603009236105
407.66 0.00601651472326
407.67 0.00601093979786
407.68 0.00601301084252
407.69 0.00602235933029
407.7 0.00603860617362
407.71 0.00606136296401
407.72 0.00609023322513
407.73 0.00612481367738
407.74 0.00616469551163
407.75 0.00620946566993
407.76 0.00625870813054
407.77 0.00631200519493
407.78 0.00636893877385
407.79 0.0064290916697
407.8 0.00649204885215
407.81 0.00655739872373
407.82 0.00662473437229
407.83 0.00669365480665
407.84 0.00676376617185
407.85 0.00683468294044
407.86 0.00690602907569
407.87 0.00697743916307
407.88 0.00704855950568
407.89 0.00711904917979
407.9 0.00718858104624
407.91 0.00725684271366
407.92 0.0073235374493
407.93 0.00738838503353
407.94 0.00745112255401
407.95 0.0075115051356
407.96 0.00756930660237
407.97 0.0076243200681
407.98 0.00767635845198
407.99 0.00772525491637
408.0 0.00777086322382
408.01 0.00781305801069
408.02 0.00785173497544
408.03 0.00788681097937
408.04 0.00791822405867
408.05 0.00794593334651
408.06 0.00796991890459
408.07 0.00799018146402
408.08 0.00800674207561
408.09 0.00801964167059
408.1 0.00802894053259
408.11 0.008034717683
408.12 0.00803707018151
408.13 0.0080361123448
408.14 0.00803197488625
408.15 0.00802480398062
408.16 0.0080147602574
408.17 0.00800201772768
408.18 0.00798676264926
408.19 0.00796919233547
408.2 0.00794951391331
408.21 0.00792794303706
408.22 0.00790470256367
408.23 0.00788002119662
408.24 0.00785413210507
408.25 0.00782727152545
408.26 0.00779967735271
408.27 0.00777158772862
408.28 0.00774323963447
408.29 0.00771486749575
408.3 0.00768670180621
408.31 0.00765896777863
408.32 0.00763188402966
408.33 0.00760566130581
408.34 0.00758050125751
408.35 0.00755659526794
408.36 0.00753412334301
408.37 0.00751325306856
408.38 0.00749413864051
408.39 0.00747691997323
408.4 0.00746172189104
408.41 0.00744865340722
408.42 0.00743780709444
408.43 0.00742925855002
408.44 0.00742306595883
408.45 0.00741926975615
408.46 0.00741789239221
408.47 0.00741893819947
408.48 0.0074223933632
408.49 0.00742822599533
408.5 0.00743638631082
408.51 0.00744680690527
408.52 0.00745940313203
408.53 0.00747407357621
408.54 0.00749070062273
408.55 0.00750915111473
408.56 0.00752927709844
408.57 0.00755091664981
408.58 0.00757389477789
408.59 0.00759802439964
408.6 0.00762310738009
408.61 0.00764893563182
408.62 0.0076752922671
408.63 0.0077019527959
408.64 0.00772868636274
408.65 0.00775525701505
408.66 0.00778142499571
408.67 0.0078069480522
408.68 0.00783158275485
408.69 0.00785508581668
408.7 0.00787721540712
408.71 0.00789773245246
408.72 0.00791640191551
408.73 0.0079329940475
408.74 0.00794728560523
408.75 0.00795906102701
408.76 0.00796811356089
408.77 0.00797424633939
408.78 0.00797727339508
408.79 0.00797702061179
408.8 0.00797332660683
408.81 0.00796604353991
408.82 0.00795503784495
408.83 0.00794019088166
408.84 0.00792139950399
408.85 0.00789857654336
408.86 0.007871651205
408.87 0.00784056937629
408.88 0.00780529384654
408.89 0.00776580443817
408.9 0.0077220980499
408.91 0.00767418861286
408.92 0.00762210696132
408.93 0.00756590061993
408.94 0.00750563351013
408.95 0.00744138557861
408.96 0.0073732523511
408.97 0.00730134441547
408.98 0.007225786838
408.99 0.00714671851745
409.0 0.00706429148144
409.01 0.00697867013029
409.02 0.00689003043331
409.03 0.00679855908294
409.04 0.00670445261223
409.05 0.00660791648104
409.06 0.00650916413675
409.07 0.00640841605489
409.08 0.00630589876535
409.09 0.00620184386966
409.1 0.00609648705468
409.11 0.00599006710803
409.12 0.00588282494027
409.13 0.0057750026189
409.14 0.00566684241856
409.15 0.0055585858922
409.16 0.00545047296714
409.17 0.00534274107006
409.18 0.00523562428433
409.19 0.00512935254313
409.2 0.00502415086119
409.21 0.00492023860776
409.22 0.00481782882319
409.23 0.00471712758093
409.24 0.00461833339663
409.25 0.00452163668566
409.26 0.00442721926997
409.27 0.00433525393491
409.28 0.00424590403643
409.29 0.00415932315871
409.3 0.00407565482199
409.31 0.00399503224016
409.32 0.00391757812741
409.33 0.00384340455305
409.34 0.00377261284335
409.35 0.00370529352919
409.36 0.00364152633796
409.37 0.00358138022828
409.38 0.00352491346571
409.39 0.00347217373778
409.4 0.00342319830636
409.41 0.00337801419556
409.42 0.00333663841311
409.43 0.0032990782033
409.44 0.00326533132942
409.45 0.00323538638375
409.46 0.00320922312308
409.47 0.00318681282789
409.48 0.00316811868312
409.49 0.00315309617885
409.5 0.00314169352883
409.51 0.00313385210526
409.52 0.00312950688796
409.53 0.00312858692635
409.54 0.00313101581244
409.55 0.00313671216345
409.56 0.0031455901123
409.57 0.00315755980461
409.58 0.00317252790065
409.59 0.00319039808078
409.6 0.00321107155296
409.61 0.00323444756095
409.62 0.00326042389166
409.63 0.00328889738028
409.64 0.00331976441172
409.65 0.00335292141697
409.66 0.00338826536275
409.67 0.00342569423301
409.68 0.00346510750074
409.69 0.00350640658838
409.7 0.00354949531532
409.71 0.0035942803307
409.72 0.0036406715298
409.73 0.00368858245229
409.74 0.00373793066053
409.75 0.00378863809599
409.76 0.00384063141209
409.77 0.00389384228141
409.78 0.00394820767561
409.79 0.00400367011595
409.8 0.00406017789274
409.81 0.00411768525192
409.82 0.00417615254688
409.83 0.004235546354
409.84 0.00429583955024
409.85 0.00435701135134
409.86 0.0044190473093
409.87 0.0044819392679
409.88 0.00454568527529
409.89 0.00461028945288
409.9 0.00467576181972
409.91 0.00474211807226
409.92 0.00480937931912
409.93 0.00487757177111
409.94 0.00494672638696
409.95 0.00501687847535
409.96 0.00508806725429
409.97 0.00516033536926
409.98 0.00523372837164
409.99 0.00530829415951
410.0 0.00538408238298
410.01 0.00546114381695
410.02 0.00553952970385
410.03 0.00561929107005
410.04 0.00570047801921
410.05 0.00578313900656
410.06 0.00586732009822
410.07 0.00595306421997
410.08 0.00604041040001
410.09 0.0061293930106
410.1 0.00622004101362
410.11 0.00631237721496
410.12 0.00640641753334
410.13 0.00650217028847
410.14 0.00659963551427
410.15 0.0066988043022
410.16 0.00679965818021
410.17 0.00690216853234
410.18 0.00700629606423
410.19 0.00711199031919
410.2 0.0072191892498
410.21 0.00732781884927
410.22 0.00743779284665
410.23 0.00754901246995
410.24 0.00766136628017
410.25 0.00777473007963
410.26 0.00788896689685
410.27 0.00800392705025
410.28 0.00811944829216
410.29 0.00823535603418
410.3 0.00835146365443
410.31 0.0084675728866
410.32 0.00858347429025
410.33 0.00869894780107
410.34 0.00881376335933
410.35 0.00892768161425
410.36 0.00904045470133
410.37 0.00915182708906
410.38 0.0092615364912
410.39 0.00936931483996
410.4 0.00947488931509
410.41 0.00957798342344
410.42 0.00967831812314
410.43 0.00977561298604
410.44 0.00986958739181
410.45 0.00995996174694
410.46 0.0100464587212
410.47 0.0101288044947
410.48 0.0102067300073
410.49 0.0102799722037
410.5 0.0103482752662
410.51 0.010411391827
410.52 0.0104690841536
410.53 0.0105211252993
410.54 0.0105673002121
410.55 0.010607406794
410.56 0.0106412569055
410.57 0.0106686773086
410.58 0.0106895105418
410.59 0.0107036157222
410.6 0.0107108692705
410.61 0.0107111655524
410.62 0.0107044174353
410.63 0.0106905567545
410.64 0.0106695346878
410.65 0.0106413220361
410.66 0.0106059094078
410.67 0.0105633073076
410.68 0.0105135461278
410.69 0.0104566760446
410.7 0.0103927668185
410.71 0.0103219075021
410.72 0.0102442060566
410.73 0.0101597888806
410.74 0.0100688002544
410.75 0.00997140170316
410.76 0.00986777128466
410.77 0.0097581028055
410.78 0.00964260497134
410.79 0.00952150047705
410.8 0.00939502504244
410.81 0.00926342640005
410.82 0.0091269632413
410.83 0.0089859041277
410.84 0.00884052637374
410.85 0.00869111490846
410.86 0.00853796112226
410.87 0.00838136170582
410.88 0.0082216174879
410.89 0.00805903227837
410.9 0.00789391172301
410.91 0.00772656217604
410.92 0.00755728959653
410.93 0.00738639847395
410.94 0.00721419078839
410.95 0.0070409650102
410.96 0.00686701514361
410.97 0.00669262981842
410.98 0.00651809143348
410.99 0.00634367535513
411.0 0.00616964917343
411.01 0.00599627201854
411.02 0.00582379393902
411.03 0.00565245534362
411.04 0.00548248650734
411.05 0.00531410714239
411.06 0.00514752603408
411.07 0.00498294074134
411.08 0.00482053736099
411.09 0.00466049035485
411.1 0.00450296243795
411.11 0.00434810452615
411.12 0.00419605574107
411.13 0.00404694346969
411.14 0.00390088347621
411.15 0.00375798006301
411.16 0.00361832627777
411.17 0.0034820041634
411.18 0.00334908504736
411.19 0.00321962986691
411.2 0.0030936895266
411.21 0.00297130528444
411.22 0.00285250916306
411.23 0.00273732438216
411.24 0.00262576580865
411.25 0.00251784042093
411.26 0.0024135477837
411.27 0.00231288053012
411.28 0.0022158248477
411.29 0.00212236096516
411.3 0.00203246363683
411.31 0.00194610262221
411.32 0.0018632431575
411.33 0.00178384641715
411.34 0.00170786996263
411.35 0.0016352681767
411.36 0.00156599268103
411.37 0.00149999273558
411.38 0.0014372156182
411.39 0.00137760698316
411.4 0.00132111119748
411.41 0.00126767165418
411.42 0.00121723106178
411.43 0.00116973170941
411.44 0.0011251157073
411.45 0.00108332520239
411.46 0.00104430256913
411.47 0.00100799057559
411.48 0.000974332525127
411.49 0.000943272374154
411.5 0.000914754826513
411.51 0.000888725405159
411.52 0.000865130501964
411.53 0.000843917406556
411.54 0.000825034315178
411.55 0.000808430320668
411.56 0.000794055384697
411.57 0.000781860293509
411.58 0.000771796598429
411.59 0.000763816542465
411.6 0.000757872974376
411.61 0.0007539192516
411.62 0.000751909133461
411.63 0.000751796666092
411.64 0.000753536060512
411.65 0.000757081565318
411.66 0.000762387335416
411.67 0.000769407298225
411.68 0.000778095018777
411.69 0.000788403565075
411.7 0.000800285375091
411.71 0.000813692126709
411.72 0.000828574611901
411.73 0.000844882616368
411.74 0.00086256480583
411.75 0.000881568620083
411.76 0.000901840175907
411.77 0.000923324179802
411.78 0.0009459638515
411.79 0.000969700859097
411.8 0.000994475266584
411.81 0.00102022549447
411.82 0.00104688829413
411.83 0.00107439873635
411.84 0.0011026902145
411.85 0.00113169446281
411.86 0.00116134158971
411.87 0.00119156012664
411.88 0.00122227709225
411.89 0.00125341807189
411.9 0.00128490731235
411.91 0.00131666783142
411.92 0.00134862154213
411.93 0.00138068939093
411.94 0.00141279150951
411.95 0.00144484737944
411.96 0.00147677600891
411.97 0.00150849612081
411.98 0.00153992635114
411.99 0.00157098545676
412.0 0.00160159253149
412.01 0.00163166722927
412.02 0.00166112999339
412.03 0.00168990229026
412.04 0.00171790684667
412.05 0.00174506788905
412.06 0.00177131138341
412.07 0.00179656527453
412.08 0.00182075972308
412.09 0.00184382733914
412.1 0.00186570341085
412.11 0.00188632612665
412.12 0.00190563678997
412.13 0.00192358002482
412.14 0.00194010397111
412.15 0.00195516046856
412.16 0.00196870522782
412.17 0.00198069798796
412.18 0.00199110265909
412.19 0.0019998874494
412.2 0.00200702497555
412.21 0.00201249235596
412.22 0.00201627128604
412.23 0.0020183480952
412.24 0.00201871378489
412.25 0.00201736404767
412.26 0.00201429926687
412.27 0.00200952449704
412.28 0.0020030494251
412.29 0.00199488831233
412.3 0.00198505991773
412.31 0.00197358740283
412.32 0.00196049821884
412.33 0.00194582397647
412.34 0.00192960029932
412.35 0.00191186666164
412.36 0.00189266621135
412.37 0.00187204557938
412.38 0.00185005467633
412.39 0.00182674647772
412.4 0.00180217679887
412.41 0.00177640406083
412.42 0.00174948904853
412.43 0.00172149466259
412.44 0.00169248566601
412.45 0.0016625284272
412.46 0.00163169066064
412.47 0.00160004116667
412.48 0.00156764957145
412.49 0.00153458606878
412.5 0.00150092116475
412.51 0.00146672542661
412.52 0.001432069237
412.53 0.00139702255472
412.54 0.00136165468299
412.55 0.00132603404638
412.56 0.00129022797711
412.57 0.00125430251176
412.58 0.00121832219907
412.59 0.00118234991947
412.6 0.00114644671696
412.61 0.00111067164393
412.62 0.00107508161913
412.63 0.00103973129926
412.64 0.00100467296444
412.65 0.000969956417465
412.66 0.00093562889724
412.67 0.000901735006023
412.68 0.000868316650606
412.69 0.00083541299713
412.7 0.000803060439283
412.71 0.000771292579576
412.72 0.000740140223259
412.73 0.000709631384457
412.74 0.000679791303988
412.75 0.000650642478316
412.76 0.000622204699041
412.77 0.000594495102275
412.78 0.000567528227253
412.79 0.00054131608347
412.8 0.000515868225647
412.81 0.000491191835796
412.82 0.000467291811643
412.83 0.000444170860697
412.84 0.000421829599214
412.85 0.000400266655342
412.86 0.00037947877574
412.87 0.000359460934971
412.88 0.000340206447005
412.89 0.000321707078174
412.9 0.000303953160973
412.91 0.000286933708098
412.92 0.000270636526189
412.93 0.000255048328732
412.94 0.000240154847655
412.95 0.000225940943163
412.96 0.000212390711396
412.97 0.000199487589566
412.98 0.00018721445822
412.99 0.000175553740361
413.0 0.000164487497163
413.01 0.000153997520086
413.02 0.00014406541921
413.03 0.000134672707661
413.04 0.000125800882023
413.05 0.000117431498681
413.06 0.000109546246058
413.07 0.000102127012744
413.08 9.51559515465e-05
413.09 8.86155395125e-05
413.1 8.24886340056e-05
413.11 7.67585249277e-05
413.12 7.14089832098e-05
413.13 6.64243057047e-05
413.14 6.17893566315e-05
413.15 5.74896057328e-05
413.16 5.35111633161e-05
413.17 4.98408123595e-05
413.18 4.64660378629e-05
413.19 4.33750536347e-05
413.2 4.05568266987e-05
413.21 3.80010995094e-05
413.22 3.5698410158e-05
413.23 3.36401107461e-05
413.24 3.18183840992e-05
413.25 3.02262589804e-05
413.26 2.88576239571e-05
413.27 2.77072400597e-05
413.28 2.67707523591e-05
413.29 2.60447005762e-05
413.3 2.55265288182e-05
413.31 2.52145945242e-05
413.32 2.51081766807e-05
413.33 2.5207483354e-05
413.34 2.55136585641e-05
413.35 2.60287885065e-05
413.36 2.67559071119e-05
413.37 2.76990009077e-05
413.38 2.88630131328e-05
413.39 3.02538470314e-05
413.4 3.18783682359e-05
413.41 3.37444061275e-05
413.42 3.58607540468e-05
413.43 3.82371682072e-05
413.44 4.08843651461e-05
413.45 4.38140175357e-05
413.46 4.70387481577e-05
413.47 5.05721218326e-05
413.48 5.44286350843e-05
413.49 5.86237033073e-05
413.5 6.31736451964e-05
413.51 6.80956641927e-05
413.52 7.34078266917e-05
413.53 7.91290367607e-05
413.54 8.52790071086e-05
413.55 9.18782260561e-05
413.56 9.89479202569e-05
413.57 0.000106510012929
413.58 0.000114587077368
413.59 0.000123202285514
413.6 0.00013237935139
413.61 0.00014214246921
413.62 0.000152516246
413.63 0.000163525628609
413.64 0.000175195824988
413.65 0.000187552219668
413.66 0.000200620283388
413.67 0.000214425476884
413.68 0.000228993148854
413.69 0.000244348428186
413.7 0.000260516110576
413.71 0.000277520539689
413.72 0.000295385483095
413.73 0.000314134003242
413.74 0.000333788323785
413.75 0.000354369691643
413.76 0.000375898235214
413.77 0.000398392819223
413.78 0.000421870896743
413.79 0.000446348358963
413.8 0.000471839383359
413.81 0.000498356280944
413.82 0.000525909343336
413.83 0.000554506690433
413.84 0.000584154119515
413.85 0.000614854956643
413.86 0.000646609911251
413.87 0.000679416934865
413.88 0.000713271084907
413.89 0.000748164394557
413.9 0.000784085749664
413.91 0.000821020773712
413.92 0.000858951721828
413.93 0.000897857384838
413.94 0.000937713004339
413.95 0.000978490199762
413.96 0.00102015690834
413.97 0.00106267733886
413.98 0.00110601194013
413.99 0.00115011738483
414.0 0.00119494656955
414.01 0.00124044863175
414.02 0.0012865689841
414.03 0.00133324936676
414.04 0.0013804279181
414.05 0.00142803926406
414.06 0.00147601462644
414.07 0.00152428195023
414.08 0.00157276605
414.09 0.00162138877512
414.1 0.00167006919378
414.11 0.00171872379532
414.12 0.00176726671038
414.13 0.00181560994838
414.14 0.00186366365152
414.15 0.00191133636457
414.16 0.00195853531929
414.17 0.00200516673272
414.18 0.00205113611784
414.19 0.00209634860555
414.2 0.00214070927649
414.21 0.00218412350125
414.22 0.0022264972874
414.23 0.00226773763172
414.24 0.00230775287603
414.25 0.00234645306463
414.26 0.00238375030196
414.27 0.00241955910821
414.28 0.00245379677144
414.29 0.00248638369413
414.3 0.0025172437324
414.31 0.00254630452612
414.32 0.00257349781806
414.33 0.00259875976039
414.34 0.00262203120683
414.35 0.00264325798882
414.36 0.00266239117419
414.37 0.00267938730693
414.38 0.00269420862656
414.39 0.0027068232661
414.4 0.00271720542729
414.41 0.00272533553223
414.42 0.00273120035054
414.43 0.00273479310124
414.44 0.00273611352898
414.45 0.0027351679539
414.46 0.00273196929513
414.47 0.00272653706763
414.48 0.00271889735245
414.49 0.00270908274056
414.5 0.00269713225061
414.51 0.00268309122105
414.52 0.00266701117719
414.53 0.00264894967399
414.54 0.00262897011543
414.55 0.00260714155136
414.56 0.00258353845298
414.57 0.00255824046822
414.58 0.00253133215806
414.59 0.00250290271542
414.6 0.00247304566786
414.61 0.00244185856565
414.62 0.00240944265667
414.63 0.00237590254989
414.64 0.00234134586871
414.65 0.00230588289613
414.66 0.00226962621298
414.67 0.0022326903311
414.68 0.0021951913229
414.69 0.00215724644885
414.7 0.00211897378442
414.71 0.00208049184794
414.72 0.00204191923076
414.73 0.00200337423108
414.74 0.00196497449262
414.75 0.00192683664954
414.76 0.00188907597843
414.77 0.00185180605874
414.78 0.0018151384423
414.79 0.0017791823331
414.8 0.00174404427779
414.81 0.00170982786797
414.82 0.00167663345461
414.83 0.00164455787521
414.84 0.00161369419435
414.85 0.00158413145772
414.86 0.00155595446024
414.87 0.0015292435283
414.88 0.00150407431655
414.89 0.00148051761914
414.9 0.00145863919574
414.91 0.0014384996122
414.92 0.00142015409609
414.93 0.00140365240684
414.94 0.00138903872072
414.95 0.00137635153038
414.96 0.00136562355908
414.97 0.00135688168934
414.98 0.0013501469061
414.99 0.00134543425423
415.0 0.00134275281026
415.01 0.0013421056684
415.02 0.00134348994063
415.03 0.00134689677092
415.04 0.00135231136347
415.05 0.00135971302497
415.06 0.00136907522079
415.07 0.00138036564514
415.08 0.00139354630518
415.09 0.00140857361906
415.1 0.00142539852779
415.11 0.00144396662108
415.12 0.001464218277
415.13 0.00148608881542
415.14 0.00150950866527
415.15 0.00153440354544
415.16 0.00156069465917
415.17 0.00158829890194
415.18 0.00161712908253
415.19 0.00164709415701
415.2 0.00167809947547
415.21 0.00171004704107
415.22 0.00174283578103
415.23 0.0017763618291
415.24 0.00181051881887
415.25 0.00184519818756
415.26 0.00188028948924
415.27 0.0019156807171
415.28 0.00195125863366
415.29 0.00198690910813
415.3 0.0020225174599
415.31 0.00205796880717
415.32 0.00209314841946
415.33 0.00212794207293
415.34 0.00216223640719
415.35 0.00219591928236
415.36 0.00222888013483
415.37 0.00226101033062
415.38 0.00229220351459
415.39 0.00232235595425
415.4 0.00235136687658
415.41 0.0023791387964
415.42 0.00240557783479
415.43 0.00243059402611
415.44 0.00245410161212
415.45 0.00247601932184
415.46 0.00249627063567
415.47 0.00251478403261
415.48 0.00253149321916
415.49 0.00254633733882
415.5 0.00255926116108
415.51 0.00257021524888
415.52 0.00257915610364
415.53 0.00258604628713
415.54 0.00259085451946
415.55 0.00259355575263
415.56 0.00259413121934
415.57 0.00259256845668
415.58 0.00258886130453
415.59 0.00258300987888
415.6 0.00257502051994
415.61 0.00256490571553
415.62 0.00255268400008
415.63 0.00253837982986
415.64 0.00252202343508
415.65 0.00250365064973
415.66 0.00248330272011
415.67 0.00246102609312
415.68 0.0024368721855
415.69 0.00241089713527
415.7 0.00238316153682
415.71 0.00235373016104
415.72 0.00232267166211
415.73 0.00229005827245
415.74 0.00225596548762
415.75 0.00222047174266
415.76 0.00218365808185
415.77 0.00214560782343
415.78 0.00210640622102
415.79 0.0020661401237
415.8 0.00202489763615
415.81 0.00198276778075
415.82 0.00193984016328
415.83 0.00189620464366
415.84 0.00185195101341
415.85 0.00180716868129
415.86 0.00176194636837
415.87 0.00171637181398
415.88 0.00167053149361
415.89 0.00162451035003
415.9 0.00157839153844
415.91 0.00153225618667
415.92 0.00148618317117
415.93 0.00144024890945
415.94 0.00139452716953
415.95 0.00134908889685
415.96 0.0013040020589
415.97 0.00125933150786
415.98 0.00121513886126
415.99 0.00117148240068
416.0 0.00112841698844
416.01 0.00108599400189
416.02 0.00104426128516
416.03 0.0010032631178
416.04 0.000963040199989
416.05 0.000923629653587
416.06 0.000885065038462
416.07 0.000847376383391
416.08 0.000810590230738
416.09 0.000774729694121
416.1 0.000739814528205
416.11 0.000705861209726
416.12 0.000672883028846
416.13 0.000640890189888
416.14 0.000609889920508
416.15 0.000579886588355
416.16 0.000550881824262
416.17 0.000522874651029
416.18 0.000495861616851
416.19 0.000469836932504
416.2 0.000444792611381
416.21 0.000420718611525
416.22 0.000397602978835
416.23 0.000375431990655
416.24 0.000354190299001
416.25 0.000333861072712
416.26 0.000314426137874
416.27 0.000295866115904
416.28 0.000278160558723
416.29 0.000261288080515
416.3 0.0002452264856
416.31 0.000229952892015
416.32 0.00021544385043
416.33 0.000201675458104
416.34 0.000188623467594
416.35 0.000176263390022
416.36 0.000164570592706
416.37 0.000153520391055
416.38 0.000143088134616
416.39 0.000133249287243
416.4 0.00012397950138
416.41 0.000115254686478
416.42 0.000107051071611
416.43 9.93452623799e-05
416.44 9.21142922183e-05
416.45 8.5335668246e-05
416.46 7.89874118276e-05
416.47 7.30480940224e-05
416.48 6.74968661218e-05
416.49 6.23134854889e-05
416.5 5.7478336921e-05
416.51 5.29724497719e-05
416.52 4.87775110715e-05
416.53 4.48758748884e-05
416.54 4.12505681837e-05
416.55 3.78852934031e-05
416.56 3.47644280572e-05
416.57 3.18730215332e-05
416.58 2.91967893808e-05
416.59 2.67221053089e-05
416.6 2.44359911217e-05
416.61 2.23261048194e-05
416.62 2.03807270762e-05
416.63 1.85887463024e-05
416.64 1.6939642487e-05
416.65 1.54234700073e-05
416.66 1.40308395806e-05
416.67 1.27528995253e-05
416.68 1.15813164843e-05
416.69 1.05082557563e-05
416.7 9.52636136673e-06
416.71 8.62873600217e-06
416.72 7.80892091923e-06
416.73 7.06087593019e-06
416.74 6.378959557e-06
416.75 5.75790943572e-06
416.76 5.19282304431e-06
416.77 4.67913881763e-06
416.78 4.21261770534e-06
416.79 3.78932522012e-06
416.8 3.40561401631e-06
416.81 3.0581070321e-06
416.82 2.74368122154e-06
416.83 2.45945189708e-06
416.84 2.20275769716e-06
416.85 1.97114618888e-06
416.86 1.76236011067e-06
416.87 1.5743242558e-06
416.88 1.40513299401e-06
416.89 1.25303842493e-06
416.9 1.11643915402e-06
416.91 9.93869679365e-07
416.92 8.83990375334e-07
416.93 7.8557805706e-07
416.94 6.97517108396e-07
416.95 6.18791154502e-07
416.96 5.48475259257e-07
416.97 4.85728626908e-07
416.98 4.29787786783e-07
416.99 3.79960239549e-07
417.0 3.35618543308e-07
417.01 2.9619481781e-07
417.02 2.61175645175e-07
417.03 2.3009734579e-07
417.04 2.02541608384e-07
417.05 1.78131453757e-07
417.06 1.56527512159e-07
417.07 1.37424594934e-07
417.08 1.20548541685e-07
417.09 1.05653324913e-07
417.1 9.25183948356e-08
417.11 8.09462478115e-08
417.12 7.0760202597e-08
417.13 6.18023694164e-08
417.14 5.39317976162e-08
417.15 4.70227884393e-08
417.16 4.09633602233e-08
417.17 3.56538540694e-08
417.18 3.10056687624e-08
417.19 2.69401144316e-08
417.2 2.3387375125e-08
417.21 2.02855711351e-08
417.22 1.75799125429e-08
417.23 1.52219360564e-08
417.24 1.31688177958e-08
417.25 1.13827552245e-08
417.26 9.83041194552e-09
417.27 8.48241957226e-09
417.28 7.31293134246e-09
417.29 6.29922257914e-09
417.3 5.42133350595e-09
417.31 4.66175030419e-09
417.32 4.00512065147e-09
417.33 3.43800031027e-09
417.34 2.94862763951e-09
417.35 2.52672318417e-09
417.36 2.16331175873e-09
417.37 1.85056468043e-09
417.38 1.58166002976e-09
417.39 1.35065901867e-09
417.4 1.15239673317e-09
417.41 9.82385687659e-10
417.42 8.36730783923e-10
417.43 7.12054409887e-10
417.44 6.05430542287e-10
417.45 5.14326835089e-10
417.46 4.36553781984e-10
417.47 3.70220137838e-10
417.48 3.13693871288e-10
417.49 2.65567999486e-10
417.5 2.24630727051e-10
417.51 1.89839375253e-10
417.52 1.60297644889e-10
417.53 1.35235807923e-10
417.54 1.13993469138e-10
417.55 9.60045804134e-11
417.56 8.07844271347e-11
417.57 6.79183392399e-11
417.58 5.70519087102e-11
417.59 4.78825214477e-11
417.6 4.01520346658e-11
417.61 3.36404514934e-11
417.62 2.81604627204e-11
417.63 2.35527417375e-11
417.64 1.96818929672e-11
417.65 1.64329666555e-11
417.66 1.37084639662e-11
417.67 1.14257660698e-11
417.68 9.51492948112e-12
417.69 7.91679742249e-12
417.7 6.58138357535e-12
417.71 5.4664903572e-12
417.72 4.53652890292e-12
417.73 3.7615123366e-12
417.74 3.11619776211e-12
417.75 2.57935574786e-12
417.76 2.13314899337e-12
417.77 1.76260439582e-12
417.78 1.45516493073e-12
417.79 1.20030966506e-12
417.8 9.89231868717e-13
417.81 8.14566616487e-13
417.82 6.70160502743e-13
417.83 5.50877153939e-13
417.84 4.52433138667e-13
417.85 3.7125966282e-13
417.86 3.04386114447e-13
417.87 2.49342104226e-13
417.88 2.04075146119e-13
417.89 1.66881549888e-13
417.9 1.36348462619e-13
417.91 1.11305308808e-13
417.92 9.07831451891e-14
417.93 7.39806739389e-14
417.94 6.0235851537e-14
417.95 4.90021953899e-14
417.96 3.9829030361e-14
417.97 3.23450362413e-14
417.98 2.62445580058e-14
417.99 2.12762260831e-14
418.0 1.72335061113e-14
418.01 1.39468587011e-14
418.02 1.12772412691e-14
418.03 9.11072746425e-15
418.04 7.35405631897e-15
418.05 5.93095405844e-15
418.06 4.77909739196e-15
418.07 3.84760884558e-15
418.08 3.09499292456e-15
418.09 2.48743716601e-15
418.1 1.99741492228e-15
418.11 1.60253739906e-15
418.12 1.28461139382e-15
418.13 1.02886662183e-15
418.14 8.23322718313e-16
418.15 6.58271166826e-16
418.16 5.25851695903e-16
418.17 4.19706250922e-16
418.18 3.34696606095e-16
418.19 2.66674133187e-16
418.2 2.12292273568e-16
418.21 1.68853939209e-16
418.22 1.34187455539e-16
418.23 1.06545804132e-16
418.24 8.45248672954e-17
418.25 6.69971542607e-17
418.26 5.30581285146e-17
418.27 4.19827817208e-17
418.28 3.31905314996e-17
418.29 2.62168745366e-17
418.3 2.06905167241e-17
418.31 1.6314939607e-17
418.32 1.285355667e-17
418.33 1.0117771692e-17
418.34 7.95738088746e-18
418.35 6.25286612039e-18
418.36 4.90921244288e-18
418.37 3.85095314894e-18
418.38 3.01820237262e-18
418.39 2.36348140542e-18
418.4 1.84918233512e-18
418.41 1.44554293266e-18
418.42 1.12903125834e-18
418.43 8.81058305799e-19
418.44 6.86953033853e-19
418.45 5.35147073276e-19
418.46 4.16526824929e-19
418.47 3.23919064558e-19
418.48 2.51682926871e-19
418.49 1.95386572521e-19
418.5 1.51551202194e-19
418.51 1.17448579783e-19
418.52 9.09410293898e-20
418.53 7.03551145656e-20
418.54 5.43820025429e-20
418.55 4.1998949683e-20
418.56 3.24074885234e-20
418.57 2.49848090533e-20
418.58 1.92455535049e-20
418.59 1.48118221867e-20
418.6 1.13896475746e-20
418.61 8.75055895047e-21
418.62 6.71714952999e-21
418.63 5.1517876068e-21
418.64 3.94779503353e-21
418.65 3.02256017052e-21
418.66 2.31216608434e-21
418.67 1.76720450653e-21
418.68 1.34951683507e-21
418.69 1.02965922676e-21
418.7 7.8493272694e-22
418.71 5.97853905693e-22
418.72 4.54968592258e-22
418.73 3.4593258807e-22
418.74 2.62799931322e-22
418.75 1.99472362455e-22
418.76 1.51273873547e-22
418.77 1.14622225531e-22
418.78 8.67755665778e-23
418.79 6.5637161543e-23
418.8 4.96050438958e-23
418.81 3.74563623062e-23
418.82 2.82584976212e-23
418.83 2.13008165722e-23
418.84 1.60423190364e-23
418.85 1.20715144315e-23
418.86 9.07569890593e-24
418.87 6.81745238376e-24
418.88 5.11667532225e-24
418.89 3.83687206688e-24
418.9 2.87468650482e-24
418.91 2.15192620485e-24
418.92 1.60948884353e-24
418.93 1.20274145368e-24
418.94 8.98008197395e-25
418.95 6.6990317341e-25
418.96 4.99306801032e-25
418.97 3.71831895558e-25
418.98 2.76661999978e-25
418.99 2.05672437995e-25
419.0 1.52765889325e-25
419.01 1.13370588664e-25
419.02 8.40616912124e-26
419.03 6.2275834703e-26
419.04 4.60961552662e-26
419.05 3.40905150572e-26
419.06 2.51898820749e-26
419.07 1.85969797611e-26
419.08 1.37177351933e-26
419.09 1.01098828711e-26
419.1 7.44446591208e-27
419.11 5.47702445064e-27
419.12 4.02605335736e-27
419.13 2.95690985951e-27
419.14 2.16980325813e-27
419.15 1.59083940938e-27
419.16 1.16534908014e-27
419.17 8.52922255704e-28
419.18 6.23715545321e-28
419.19 4.55708786788e-28
419.2 3.32668706214e-28
419.21 2.42638777015e-28
419.22 1.76820323157e-28
419.23 1.28744256667e-28
419.24 9.36585135309e-29
419.25 6.80754263396e-29
419.26 4.94375786274e-29
419.27 3.58713503544e-29
419.28 2.60053062388e-29
419.29 1.88364879271e-29
419.3 1.36320635887e-29
419.31 9.85705063372e-30
419.32 7.12124756785e-30
419.33 5.14030505579e-30
419.34 3.70719486632e-30
419.35 2.67131836113e-30
419.36 1.92322278675e-30
419.37 1.38343021013e-30
419.38 9.94279824327e-31
419.39 7.13976160693e-31
419.4 5.1225063788e-31
419.41 3.67201982379e-31
419.42 2.62997269078e-31
419.43 1.88200673435e-31
419.44 1.34559641033e-31
419.45 9.61240762218e-32
419.46 6.86077617053e-32
419.47 4.89258112119e-32
419.48 3.48599317074e-32
419.49 2.48163977489e-32
419.5 1.76512173636e-32
419.51 1.25439495115e-32
419.52 8.90671681091e-33
419.53 6.31865587316e-33
419.54 4.47873612001e-33
419.55 3.17183041711e-33
419.56 2.24433745026e-33
419.57 1.58668262396e-33
419.58 1.12076790973e-33
419.59 7.90979124761e-34
419.6 5.57748060494e-34
419.61 3.92947769663e-34
419.62 2.76601989783e-34
419.63 1.94535777169e-34
419.64 1.36699643252e-34
419.65 9.59751922102e-35
419.66 6.73246822607e-35
419.67 4.71860199317e-35
419.68 3.30427430891e-35
419.69 2.31186544172e-35
419.7 1.61611672591e-35
419.71 1.12877299157e-35
419.72 7.87706095738e-36
419.73 5.49218952788e-36
419.74 3.82604908753e-36
419.75 2.66304970247e-36
419.76 1.85196049795e-36
419.77 1.28679059621e-36
419.78 8.93321425735e-37
419.79 6.1962842835e-37
419.8 4.29416405012e-37
419.81 2.97337469647e-37
419.82 2.05704770345e-37
419.83 1.42187951596e-37
419.84 9.81985205182e-38
419.85 6.77595954039e-38
419.86 4.67154327303e-38
419.87 3.21790827528e-38
419.88 2.21467833706e-38
419.89 1.5228999314e-38
419.9 1.04629894911e-38
419.91 7.18230632184e-39
419.92 4.92601546157e-39
419.93 3.37560273566e-39
419.94 2.31116313859e-39
419.95 1.58100624985e-39
419.96 1.08058835684e-39
419.97 7.37922399243e-40
419.98 5.03483004755e-40
419.99 3.43227952778e-40
420.0 2.33778300434e-40
420.01 1.59092408459e-40
420.02 1.0817288899e-40
420.03 7.34871006649e-41
420.04 4.98801223746e-41
420.05 3.38273221891e-41
420.06 2.29208881551e-41
420.07 1.55174007599e-41
420.08 1.04961547158e-41
420.09 7.09357530094e-42
420.1 4.78987142112e-42
420.11 3.23151547521e-42
420.12 2.17827314439e-42
420.13 1.46704064656e-42
420.14 9.87178456221e-43
420.15 6.63701659546e-43
420.16 4.45834683013e-43
420.17 2.99225437318e-43
420.18 2.00653566067e-43
420.19 1.34437047887e-43
420.2 8.99942504987e-44
420.21 6.01913763398e-44
420.22 4.02232813018e-44
420.23 2.68561918643e-44
420.24 1.79157534867e-44
420.25 1.19412402953e-44
420.26 7.95220395237e-45
420.27 5.29114051033e-45
420.28 3.51750555468e-45
420.29 2.33638280676e-45
420.3 1.55051839819e-45
420.31 1.02809573758e-45
420.32 6.81104744959e-46
420.33 4.5083535398e-46
420.34 2.98157499687e-46
420.35 1.9701406076e-46
420.36 1.30068586256e-46
420.37 8.57968473157e-47
420.38 5.65449665977e-47
420.39 3.72340507735e-47
420.4 2.44968551328e-47
420.41 1.61028999166e-47
420.42 1.05760030158e-47
420.43 6.94005241958e-48
420.44 4.55017026547e-48
420.45 2.98068620687e-48
420.46 1.95087112252e-48
420.47 1.27574717413e-48
420.48 8.33536001546e-49
420.49 5.44136454074e-49
420.5 3.54907350798e-49
420.51 2.31284154221e-49
420.52 1.5059150606e-49
420.53 9.79667693431e-50
420.54 6.36767382054e-50
420.55 4.13529545165e-50
420.56 2.68321820036e-50
420.57 1.7395188969e-50
420.58 1.12674599578e-50
420.59 7.29199913112e-51
420.6 4.7150999754e-51
420.61 3.04620351917e-51
420.62 1.96630388781e-51
420.63 1.26813670455e-51
420.64 8.17156463516e-52
420.65 5.26099731484e-52
420.66 3.38418933553e-52
420.67 2.17502842725e-52
420.68 1.39668649846e-52
420.69 8.96100345662e-53
420.7 5.74431262013e-53
420.71 3.67911363801e-53
420.72 2.35435554977e-53
420.73 1.50530536556e-53
420.74 9.61614231547e-54
420.75 6.13763230554e-54
420.76 3.91403373532e-54
420.77 2.4938594549e-54
420.78 1.58760733597e-54
420.79 1.00980596553e-54
420.8 6.41736113109e-55
420.81 4.07472908727e-55
420.82 2.58502478845e-55
420.83 1.63852999883e-55
420.84 1.03769038944e-55
420.85 6.56606087098e-56
420.86 4.15112419613e-56
420.87 2.62210610766e-56
420.88 1.6548495251e-56
420.89 1.04349523369e-56
420.9 6.57424889815e-57
420.91 4.13833388732e-57
420.92 2.60272704503e-57
420.93 1.63551840197e-57
420.94 1.02684751752e-57
420.95 6.44139886744e-58
420.96 4.03718025149e-58
420.97 2.52813231706e-58
420.98 1.58177669588e-58
420.99 9.88813205961e-59
421.0 6.17599670392e-59
421.01 3.85410520764e-59
421.02 2.40305542842e-59
421.03 1.49702041671e-59
421.04 9.31784262331e-60
421.05 5.79464361793e-60
421.06 3.60049161445e-60
421.07 2.23522161722e-60
421.08 1.38644640688e-60
421.09 8.59229732362e-61
421.1 5.32033794577e-61
421.11 3.29149238407e-61
421.12 2.03455859607e-61
421.13 1.25652537205e-61
421.14 7.75346864733e-62
421.15 4.78018296927e-62
421.16 2.94453498001e-62
421.17 1.8122271317e-62
421.18 1.11437728453e-62
421.19 6.8466099366e-63
421.2 4.20283784016e-63
421.21 2.57770606858e-63
421.22 1.57960269747e-63
421.23 9.6713266513e-64
421.24 5.91626951031e-64
421.25 3.61604278087e-64
421.26 2.20822276428e-64
421.27 1.34733601204e-64
421.28 8.21358329354e-65
421.29 5.00279982427e-65
421.3 3.04450925557e-65
421.31 1.85116522797e-65
421.32 1.1245966403e-65
421.33 6.82609128872e-66
421.34 4.13972140361e-66
421.35 2.50838300762e-66
421.36 1.51858916849e-66
421.37 9.18566194361e-67
421.38 5.55142313578e-67
421.39 3.35213820896e-67
421.4 2.02238210674e-67
421.41 1.21906882273e-67
421.42 7.34204339909e-68
421.43 4.41803734568e-68
421.44 2.65622910144e-68
421.45 1.5956050084e-68
421.46 9.57654742426e-69
421.47 5.74270158436e-69
421.48 3.44070348156e-69
421.49 2.05969045919e-69
421.5 1.23191396992e-69
421.51 7.36177458784e-70
421.52 4.39550079986e-70
421.53 2.62215236646e-70
421.54 1.56290001991e-70
421.55 9.30739578482e-71
421.56 5.53794808301e-71
421.57 3.29225366974e-71
421.58 1.95551617856e-71
421.59 1.16052165525e-71
421.6 6.88127313936e-72
421.61 4.07669346458e-72
421.62 2.41307616567e-72
421.63 1.42711087473e-72
421.64 8.43272841182e-73
421.65 4.97854255772e-73
421.66 2.93670313529e-73
421.67 1.73077886135e-73
421.68 1.01917046681e-73
421.69 5.99619559195e-74
421.7 3.52475117344e-74
421.71 2.07016446387e-74
421.72 1.21480045881e-74
421.73 7.12243931739e-75
421.74 4.17230723334e-75
421.75 2.44201043997e-75
421.76 1.42804687864e-75
421.77 8.34374696027e-76
421.78 4.87083589498e-76
421.79 2.84098920409e-76
421.8 1.6556151103e-76
421.81 9.63990806218e-77
421.82 5.60802724699e-77
421.83 3.25965059828e-77
421.84 1.89302216312e-77
421.85 1.09840894052e-77
421.86 6.36789849761e-78
421.87 3.68851809068e-78
421.88 2.13467328944e-78
421.89 1.23433949848e-78
421.9 7.13118247727e-79
421.91 4.11634896564e-79
421.92 2.37403180706e-79
421.93 1.36799526414e-79
421.94 7.87601196107e-80
421.95 4.53055964868e-80
421.96 2.603880509e-80
421.97 1.49525051749e-80
421.98 8.57887983205e-81
421.99 4.91780065166e-81
422.0 2.81666351519e-81
422.01 1.61184296832e-81
422.02 9.21582463529e-82
422.03 5.26464859015e-82
422.04 3.00488797644e-82
422.05 1.7136056942e-82
422.06 9.7637627919e-83
422.07 5.55836747501e-83
422.08 3.16155690914e-83
422.09 1.79671198329e-83
422.1 1.02018665339e-83
422.11 5.78768016317e-84
422.12 3.28059879838e-84
422.13 1.85791325095e-84
422.14 1.05128739063e-84
422.15 5.943485276e-85
422.16 3.35725739707e-85
422.17 1.89474949559e-85
422.18 1.06842163422e-85
422.19 6.01945620576e-86
422.2 3.38840689938e-86
422.21 1.90571331403e-86
422.22 1.07088612439e-86
422.23 6.01246729686e-87
422.24 3.37276339242e-87
422.25 1.89035223985e-87
422.26 1.05857908596e-87
422.27 5.92280719511e-88
422.28 3.31097265216e-88
422.29 1.8492997221e-88
422.3 1.03200720111e-88
422.31 5.75415907019e-89
422.32 3.20556591705e-89
422.33 1.7842317886e-89
422.34 9.92251001676e-90
422.35 5.51334959984e-90
422.36 3.06078786022e-90
422.37 1.69775352566e-90
422.38 9.40891974967e-91
422.39 5.20989055655e-91
422.4 2.88231305354e-91
422.41 1.59322608943e-91
422.42 8.79908236185e-92
422.43 4.85535589221e-92
422.44 2.67687731361e-92
422.45 1.47455025299e-92
422.46 8.11548354268e-93
422.47 4.46265113316e-93
422.48 2.45185727395e-93
422.49 1.34592588809e-93
422.5 7.3819452534e-94
422.51 4.04523918943e-94
422.52 2.21483462528e-94
422.53 1.21160795278e-94
422.54 6.62226626599e-95
422.55 3.61638679425e-95
422.56 1.97318053748e-95
422.57 1.07567848957e-95
422.58 5.8589778689e-96
422.59 3.18848915027e-96
422.6 1.73369118891e-96
422.61 9.41851107878e-97
422.62 5.11230171015e-97
422.63 2.77251824283e-97
422.64 1.50229790264e-97
422.65 8.13319943718e-98
422.66 4.39937006553e-98
422.67 2.37762457768e-98
422.68 1.28386624286e-98
422.69 6.92659812469e-99
422.7 3.73373864204e-99
422.71 2.0109049841e-99
422.72 1.08208879279e-99
422.73 5.81778891875e-100
422.74 3.12519221402e-100
422.75 1.67733272306e-100
422.76 8.99467380788e-101
422.77 4.81920420721e-101
422.78 2.57981731266e-101
422.79 1.3798322428e-101
422.8 7.37373180521e-102
422.81 3.93706059138e-102
422.82 2.10029632385e-102
422.83 1.11947076981e-102
422.84 5.96167994309e-103
422.85 3.17211021176e-103
422.86 1.68636504531e-103
422.87 8.95733109852e-104
422.88 4.75367379475e-104
422.89 2.52059945205e-104
422.9 1.33537121719e-104
422.91 7.06844523125e-105
422.92 3.73825993275e-105
422.93 1.9753261226e-105
422.94 1.04287397738e-105
422.95 5.50108767766e-106
422.96 2.89927236209e-106
422.97 1.52669814087e-106
422.98 8.03232089489e-107
422.99 4.22233450743e-107
423.0 2.21762411345e-107
423.01 1.16371584183e-107
423.02 6.10140242283e-108
423.03 3.19621589079e-108
423.04 1.67288564724e-108
423.05 8.74822846378e-109
423.06 4.57085758407e-109
423.07 2.38615678605e-109
423.08 1.24458331639e-109
423.09 6.48593640714e-110
423.1 3.37710924692e-110
423.11 1.75687655041e-110
423.12 9.13189890473e-111
423.13 4.74247069797e-111
423.14 2.46077513605e-111
423.15 1.275742184e-111
423.16 6.60811534523e-112
423.17 3.4199206245e-112
423.18 1.76839040607e-112
423.19 9.13616609416e-113
423.2 4.71599716316e-113
423.21 2.43224207209e-113
423.22 1.25332519534e-113
423.23 6.45274431108e-114
423.24 3.31931795709e-114
423.25 1.70599190756e-114
423.26 8.76049791452e-115
423.27 4.49473743379e-115
423.28 2.30411194679e-115
423.29 1.18012099588e-115
423.3 6.03911376507e-116
423.31 3.08776042946e-116
423.32 1.57738496199e-116
423.33 8.05110531357e-117
423.34 4.10579282464e-117
423.35 2.09200283039e-117
423.36 1.0650039454e-117
423.37 5.41706289551e-118
423.38 2.7529622232e-118
423.39 1.39784925183e-118
423.4 7.0915984635e-119
423.41 3.59460892813e-119
423.42 1.82046725898e-119
423.43 9.21165807203e-120
423.44 4.65710959164e-120
423.45 2.3524414299e-120
423.46 1.18725742224e-120
423.47 5.98679903154e-121
423.48 3.01625586009e-121
423.49 1.51832726254e-121
423.5 7.63635859328e-122
423.51 3.8373459186e-122
423.52 1.92663435206e-122
423.53 9.66476638946e-123
423.54 4.844033467e-123
423.55 2.42575324751e-123
423.56 1.21369572006e-123
423.57 6.06731763949e-124
423.58 3.03045162631e-124
423.59 1.51231302457e-124
423.6 7.54049300631e-125
423.61 3.75648365066e-125
423.62 1.86976478918e-125
423.63 9.29856997322e-126
423.64 4.62028815931e-126
423.65 2.29374784795e-126
423.66 1.13774778367e-126
423.67 5.63858374123e-127
423.68 2.79201523526e-127
423.69 1.38130392333e-127
423.7 6.82785704042e-128
423.71 3.37212221282e-128
423.72 1.66397158242e-128
423.73 8.20374621038e-129
423.74 4.04112459522e-129
423.75 1.98891387431e-129
423.76 9.78032814847e-130
423.77 4.80523451696e-130
423.78 2.35884531432e-130
423.79 1.15693257332e-130
423.8 5.66944240714e-131
423.81 2.77585233477e-131
423.82 1.35792593708e-131
423.83 6.63711771479e-132
423.84 3.24120626301e-132
423.85 1.58145752138e-132
423.86 7.70960460228e-133
423.87 3.75517682385e-133
423.88 1.82747898308e-133
423.89 8.88583209682e-134
423.9 4.31685565239e-134
423.91 2.09536971958e-134
423.92 1.01619607413e-134
423.93 4.92400034243e-135
423.94 2.38386879461e-135
423.95 1.15310892976e-135
423.96 5.57291006568e-136
423.97 2.69102322689e-136
423.98 1.29830452426e-136
423.99 6.25834365506e-137
424.0 3.01415760077e-137
424.01 1.45042814402e-137
424.02 6.97349016016e-138
424.03 3.34986942682e-138
424.04 1.60778983447e-138
424.05 7.7100002155e-139
424.06 3.69405378521e-139
424.07 1.76838063821e-139
424.08 8.45808412739e-140
424.09 4.04195954333e-140
424.1 1.92990369027e-140
424.11 9.20667946722e-141
424.12 4.38827789952e-141
424.13 2.08982025645e-141
424.14 9.9436873045e-142
424.15 4.72726224599e-142
424.16 2.24540996081e-142
424.17 1.06562722311e-142
424.18 5.05287647065e-143
424.19 2.39384357338e-143
424.2 1.13312172754e-143
424.21 5.35896695476e-144
424.22 2.53226588052e-144
424.23 1.19553209682e-144
424.24 5.63945180626e-145
424.25 2.65788539957e-145
424.26 1.25158204974e-145
424.27 5.88851943422e-146
424.28 2.76806709088e-146
424.29 1.30008223525e-146
424.3 6.10082753973e-147
424.31 2.86042381562e-147
424.32 1.33997203463e-147
424.33 6.27169307443e-148
424.34 2.93290213035e-148
424.35 1.37035805813e-148
424.36 6.39726376365e-149
424.37 2.98385812231e-149
424.38 1.39054738829e-149
424.39 6.47466243243e-150
424.4 3.01211937824e-150
424.41 1.40007384339e-150
424.42 6.50209658661e-151
424.43 3.0170298253e-151
424.44 1.39871587155e-151
424.45 6.47892742181e-152
424.46 2.99847504953e-152
424.47 1.38650511596e-152
424.48 6.40569455018e-153
424.49 2.95688672745e-153
424.5 1.3637251892e-153
424.51 6.28409510856e-154
424.52 2.89322593111e-154
424.53 1.33090072276e-154
424.54 6.11691837756e-155
424.55 2.80894620816e-155
424.56 1.2887772822e-155
424.57 5.90793942851e-156
424.58 2.70593841749e-156
424.59 1.23829322166e-156
424.6 5.66177746075e-157
424.61 2.58646024345e-157
424.62 1.18054496099e-157
424.63 5.38372624966e-158
424.64 2.45305405569e-158
424.65 1.11674747847e-158
424.66 5.07956538644e-159
424.67 2.30845728136e-159
424.68 1.04819200256e-159
424.69 4.75536168139e-160
424.7 2.15550968498e-160
424.71 9.76202949837e-161
424.72 4.41727019838e-161
424.73 1.99706190518e-161
424.74 9.02096093297e-162
424.75 4.07134390998e-162
424.76 1.83588929211e-162
424.77 8.27139766494e-163
424.78 3.72335997245e-163
424.79 1.67461455956e-163
424.8 7.525206335e-164
424.81 3.37866921406e-164
424.82 1.51564206196e-164
424.83 6.79315206582e-165
424.84 3.04207373283e-165
424.85 1.36110568625e-165
424.86 6.08467901761e-166
424.87 2.71773564335e-166
424.88 1.21283147733e-166
424.89 5.40776016267e-167
424.9 2.40911813507e-167
424.91 1.07231525422e-167
424.92 4.76881619631e-168
424.93 2.11895823143e-168
424.94 9.40714678871e-169
424.95 4.17269996341e-169
424.96 1.84926907794e-169
424.97 8.18854556595e-170
424.98 3.62273982048e-170
424.99 1.60136831814e-170
425.0 7.07243609314e-171
425.01 3.12083310433e-171
425.02 1.37592819107e-171
425.03 6.06100589195e-172
425.04 2.66757940616e-172
425.05 1.17304242207e-172
425.06 5.15387395508e-173
425.07 2.26244265618e-173
425.08 9.92304772752e-174
425.09 4.34846814066e-174
425.1 1.90393105353e-174
425.11 8.32894232375e-175
425.12 3.64042597556e-175
425.13 1.589784531e-175
425.14 6.93662220369e-176
425.15 3.02399820525e-176
425.16 1.31716059295e-176
425.17 5.73217764782e-177
425.18 2.4924374389e-177
425.19 1.08281086171e-177
425.2 4.70007354236e-178
425.21 2.03835778232e-178
425.22 8.83242362445e-179
425.23 3.82386963848e-179
425.24 1.65405512016e-179
425.25 7.1485933108e-180
425.26 3.08684565786e-180
425.27 1.33178142333e-180
425.28 5.74083021316e-181
425.29 2.47252200309e-181
425.3 1.0639698956e-181
425.31 4.57448520657e-182
425.32 1.96507362852e-182
425.33 8.43410764936e-183
425.34 3.61678893041e-183
425.35 1.54964030053e-183
425.36 6.63379966783e-184
425.37 2.83738007545e-184
425.38 1.21254088065e-184
425.39 5.17724809745e-185
425.4 2.20864174892e-185
425.41 9.41402375095e-186
425.42 4.00911962176e-186
425.43 1.70587204469e-186
425.44 7.25216375853e-187
425.45 3.08043794702e-187
425.46 1.30731739451e-187
425.47 5.54336310861e-188
425.48 2.34849330949e-188
425.49 9.94097633225e-189
425.5 4.20428806454e-189
425.51 1.77655886627e-189
425.52 7.50050409436e-190
425.53 3.1639165121e-190
425.54 1.33347012459e-190
425.55 5.61520062391e-191
425.56 2.36249543353e-191
425.57 9.9311694097e-192
425.58 4.17112798171e-192
425.59 1.75037198195e-192
425.6 7.33889886877e-193
425.61 3.07436314828e-193
425.62 1.28677655892e-193
425.63 5.38114665711e-194
425.64 2.24838266659e-194
425.65 9.3861899997e-195
425.66 3.91500360491e-195
425.67 1.63154367486e-195
425.68 6.79342764278e-196
425.69 2.82620016044e-196
425.7 1.17473684901e-196
425.71 4.878676029e-197
425.72 2.02435688782e-197
425.73 8.39258778042e-198
425.74 3.47638940397e-198
425.75 1.43874774251e-198
425.76 5.9492826866e-199
425.77 2.45792296927e-199
425.78 1.0146018346e-199
425.79 4.18453043546e-200
425.8 1.72433455419e-200
425.81 7.09937380669e-201
425.82 2.92039952483e-201
425.83 1.20029557996e-201
425.84 4.92898909207e-202
425.85 2.02232625329e-202
425.86 8.29026274642e-203
425.87 3.39554181296e-203
425.88 1.38954809454e-203
425.89 5.68148410209e-204
425.9 2.3209924142e-204
425.91 9.47347599088e-205
425.92 3.86339140306e-205
425.93 1.57417050871e-205
425.94 6.40853185082e-206
425.95 2.60668789353e-206
425.96 1.05935918204e-206
425.97 4.30151209122e-207
425.98 1.74510986397e-207
425.99 7.0737240074e-208
426.0 2.86481882255e-208
426.01 1.15923083395e-208
426.02 4.6866918498e-209
426.03 1.89315680731e-209
426.04 7.64065319497e-210
426.05 3.08104541972e-210
426.06 1.24133621546e-210
426.07 4.99694378585e-211
426.08 2.00975544583e-211
426.09 8.07617418263e-212
426.1 3.24258860641e-212
426.11 1.30077367842e-212
426.12 5.21357158048e-213
426.13 2.08781807692e-213
426.14 8.35360005837e-214
426.15 3.33947669323e-214
426.16 1.33384961325e-214
426.17 5.32303142533e-215
426.18 2.12243747655e-215
426.19 8.45540653826e-216
426.2 3.36556353724e-216
426.21 1.33845818166e-216
426.22 5.31833306892e-217
426.23 2.11139734036e-217
426.24 8.37506373227e-218
426.25 3.3191737223e-218
426.26 1.31430318096e-218
426.27 5.19977853592e-219
426.28 2.05540707659e-219
426.29 8.11772921582e-220
426.3 3.20328061737e-220
426.31 1.26292954675e-220
426.32 4.97492999986e-221
426.33 1.95802637412e-221
426.34 7.69970015183e-222
426.35 3.02519100804e-222
426.36 1.18755983679e-222
426.37 4.65781155965e-223
426.38 1.82529069517e-223
426.39 7.1467053645e-224
426.4 2.79578279822e-224
426.41 1.09275975345e-224
426.42 4.26746204359e-225
426.43 1.66509246331e-225
426.44 6.49128617135e-226
426.45 2.52840632853e-226
426.46 9.83980958457e-227
426.47 3.82604639762e-227
426.48 1.48640611354e-227
426.49 5.76963641334e-228
426.5 2.23760344271e-228
426.51 8.67044743496e-229
426.52 3.35678565233e-229
426.53 1.29846253515e-229
426.54 5.01832690663e-230
426.55 1.93781443666e-230
426.56 7.4763416217e-231
426.57 2.88197229016e-231
426.58 1.10997750256e-231
426.59 4.27132152759e-232
426.6 1.64223031657e-232
426.61 6.30855041882e-233
426.62 2.42130112605e-233
426.63 9.28521025016e-234
426.64 3.55761045569e-234
426.65 1.36191108888e-234
426.66 5.20910164225e-235
426.67 1.99067618012e-235
426.68 7.60084927445e-236
426.69 2.89966170975e-236
426.7 1.10523914801e-236
426.71 4.20909664411e-237
426.72 1.60156750388e-237
426.73 6.08871030896e-238
426.74 2.31275211734e-238
426.75 8.7772117424e-239
426.76 3.32818743128e-239
426.77 1.2609059364e-239
426.78 4.77288878863e-240
426.79 1.80510992208e-240
426.8 6.82102598714e-241
426.81 2.57525042424e-241
426.82 9.71433202627e-242
426.83 3.66125629512e-242
426.84 1.37870398915e-242
426.85 5.18723167893e-243
426.86 1.94995222598e-243
426.87 7.32379213383e-244
426.88 2.74834823678e-244
426.89 1.03046020273e-244
426.9 3.86024082498e-245
426.91 1.44484509431e-245
426.92 5.40321051593e-246
426.93 2.01885999292e-246
426.94 7.53675204877e-247
426.95 2.81116259814e-247
426.96 1.04763841983e-247
426.97 3.900861942e-248
426.98 1.45122067177e-248
426.99 5.39423725801e-249
427.0 2.00332008505e-249
427.01 7.43351733587e-250
427.02 2.75589130423e-250
427.03 1.02083023103e-250
427.04 3.77805845994e-251
427.05 1.39703580561e-251
427.06 5.16143084649e-252
427.07 1.90526943924e-252
427.08 7.0269425399e-253
427.09 2.58940579547e-253
427.1 9.53361350605e-254
427.11 3.50702353214e-254
427.12 1.28897214109e-254
427.13 4.73338787931e-255
427.14 1.73669826449e-255
427.15 6.36649436071e-256
427.16 2.33184704354e-256
427.17 8.5334269114e-257
427.18 3.12011498347e-257
427.19 1.13983355427e-257
427.2 4.1604086293e-258
427.21 1.51723988888e-258
427.22 5.52835887894e-259
427.23 2.01262061327e-259
427.24 7.320678212e-260
427.25 2.660507153e-260
427.26 9.66053674855e-261
427.27 3.50478834058e-261
427.28 1.27041626812e-261
427.29 4.60101882229e-262
427.3 1.6648905412e-262
427.31 6.01923188569e-263
427.32 2.17430355281e-263
427.33 7.84734938568e-264
427.34 2.82975942489e-264
427.35 1.01952939916e-264
427.36 3.67006456581e-265
427.37 1.31999221007e-265
427.38 4.74343271216e-266
427.39 1.7030909174e-266
427.4 6.10951357229e-267
427.41 2.18977325671e-267
427.42 7.84179299201e-268
427.43 2.80579096354e-268
427.44 1.00304164161e-268
427.45 3.58266603834e-269
427.46 1.27854907683e-269
427.47 4.55881734101e-270
427.48 1.62409224536e-270
427.49 5.7808660499e-271
427.5 2.05588506901e-271
427.51 7.30513878328e-272
427.52 2.59347354466e-272
427.53 9.19938693054e-273
427.54 3.26031575029e-273
427.55 1.1544739843e-273
427.56 4.08443841185e-274
427.57 1.44379078467e-274
427.58 5.09917470383e-275
427.59 1.79936484139e-275
427.6 6.34398695864e-276
427.61 2.2347505108e-276
427.62 7.86537659299e-277
427.63 2.76588239558e-277
427.64 9.71788177622e-278
427.65 3.41140455512e-278
427.66 1.19651611238e-278
427.67 4.19302633385e-279
427.68 1.46811589657e-279
427.69 5.13590290701e-280
427.7 1.79513444877e-280
427.71 6.26903753152e-281
427.72 2.18740132642e-281
427.73 7.6257012122e-282
427.74 2.65616354066e-282
427.75 9.24386405513e-283
427.76 3.21422297576e-283
427.77 1.11666309943e-283
427.78 3.87607383436e-284
427.79 1.34426728665e-284
427.8 4.65803697182e-285
427.81 1.61266420025e-285
427.82 5.57838740187e-286
427.83 1.92795596463e-286
427.84 6.65747066564e-287
427.85 2.29691606521e-287
427.86 7.91780317549e-288
427.87 2.72701791157e-288
427.88 9.38415109582e-289
427.89 3.22645569357e-289
427.9 1.10835818294e-289
427.91 3.80415558622e-290
427.92 1.30454817688e-290
427.93 4.46977524639e-291
427.94 1.5301533676e-291
427.95 5.23368947221e-292
427.96 1.78856469022e-292
427.97 6.1069598754e-293
427.98 2.08338336873e-293
427.99 7.10128645603e-294
428.0 2.41840250066e-294
428.01 8.228939079e-295
428.02 2.79758199063e-295
428.03 9.50266703992e-296
428.04 3.2250162991e-296
428.05 1.09355851812e-296
428.06 3.7048945738e-297
428.07 1.25410353835e-297
428.08 4.24145286052e-298
428.09 1.43324227139e-298
428.1 4.83891824929e-299
428.11 1.63230260597e-299
428.12 5.50144499907e-300
428.13 1.85257837137e-300
428.14 6.23304289818e-301
428.15 2.09530550909e-301
428.16 7.03749835506e-302
428.17 2.36163605385e-302
428.18 7.91828896978e-303
428.19 2.65261020344e-303
428.2 8.87849260589e-304
428.21 2.96912684316e-304
428.22 9.92069225657e-305
428.23 3.31191297735e-305
428.24 1.10468782714e-305
428.25 3.68149260508e-306
428.26 1.22583497697e-306
428.27 4.07815565628e-307
428.28 1.35556173058e-307
428.29 4.50192767516e-308
428.3 1.4938309055e-308
428.31 4.95254099667e-309
428.32 1.64050829564e-309
428.33 5.42940820518e-310
428.34 1.79535473532e-310
428.35 5.93159869001e-311
428.36 1.95801927251e-311
428.37 6.45781911684e-312
428.38 2.128033708e-312
428.39 7.00639861502e-313
428.4 2.30480874776e-313
428.41 7.57527943709e-314
428.42 2.48763199753e-314
428.43 8.16201377705e-315
428.44 2.67566800345e-315
428.45 8.76376735444e-316
428.46 2.86796051188e-316
428.47 9.37732989127e-317
428.48 3.06343723881e-317
428.49 9.99913275139e-318
428.5 3.26091725371e-318
428.51 1.06252769663e-318
428.52 3.45910180623e-319
428.53 1.12513569527e-319
428.54 3.65657984487e-320
428.55 1.18723974696e-320
428.56 3.85371203756e-321
428.57 1.24998608398e-321
428.58 4.0513382959e-322
428.59 1.28457067919e-322
428.6 4.44659081257e-323
428.61 1.48219693752e-323
428.62 4.94065645841e-324
428.63 0.0
428.64 0.0
428.65 0.0
428.66 0.0
428.67 0.0
428.68 0.0
428.69 0.0
428.7 0.0
428.71 0.0
428.72 0.0
428.73 0.0
428.74 0.0
428.75 0.0
428.76 0.0
428.77 0.0
428.78 0.0
428.79 0.0
428.8 0.0
428.81 0.0
428.82 0.0
428.83 0.0
428.84 0.0
428.85 0.0
428.86 0.0
428.87 0.0
428.88 0.0
428.89 0.0
428.9 0.0
428.91 0.0
428.92 0.0
428.93 0.0
428.94 0.0
428.95 0.0
428.96 0.0
428.97 0.0
428.98 0.0
428.99 0.0
429.0 0.0
429.01 0.0
429.02 0.0
429.03 0.0
429.04 0.0
429.05 0.0
429.06 0.0
429.07 0.0
429.08 0.0
429.09 0.0
429.1 0.0
429.11 0.0
429.12 0.0
429.13 0.0
429.14 0.0
429.15 0.0
429.16 0.0
429.17 0.0
429.18 0.0
429.19 0.0
429.2 0.0
429.21 0.0
429.22 0.0
429.23 0.0
429.24 0.0
429.25 0.0
429.26 0.0
429.27 0.0
429.28 0.0
429.29 0.0
429.3 0.0
429.31 0.0
429.32 0.0
429.33 0.0
429.34 0.0
429.35 0.0
429.36 0.0
429.37 0.0
429.38 0.0
429.39 0.0
429.4 0.0
429.41 0.0
429.42 0.0
429.43 0.0
429.44 0.0
429.45 0.0
429.46 0.0
429.47 0.0
429.48 0.0
429.49 0.0
429.5 0.0
429.51 0.0
429.52 0.0
429.53 0.0
429.54 0.0
429.55 0.0
429.56 0.0
429.57 0.0
429.58 0.0
429.59 0.0
429.6 0.0
429.61 0.0
429.62 0.0
429.63 0.0
429.64 0.0
429.65 0.0
429.66 0.0
429.67 0.0
429.68 0.0
429.69 0.0
429.7 0.0
429.71 0.0
429.72 0.0
429.73 0.0
429.74 0.0
429.75 0.0
429.76 0.0
429.77 0.0
429.78 0.0
429.79 0.0
429.8 0.0
429.81 0.0
429.82 0.0
429.83 0.0
429.84 0.0
429.85 0.0
429.86 0.0
429.87 0.0
429.88 0.0
429.89 0.0
429.9 0.0
429.91 0.0
429.92 0.0
429.93 0.0
429.94 0.0
429.95 0.0
429.96 0.0
429.97 0.0
429.98 0.0
429.99 0.0
