400.0 1.02132918472e-24
400.01 1.37141921824e-24
400.02 1.83991784929e-24
400.03 2.46632523487e-24
400.04 3.30313233222e-24
400.05 4.42003096654e-24
400.06 5.90946770371e-24
400.07 7.89396374554e-24
400.08 1.05357535702e-23
400.09 1.40494652024e-23
400.1 1.87187866549e-23
400.11 2.49183515453e-23
400.12 3.31424519287e-23
400.13 4.40426735206e-23
400.14 5.84771806096e-23
400.15 7.7575197445e-23
400.16 1.02821294245e-22
400.17 1.36165459269e-22
400.18 1.80166713627e-22
400.19 2.38180318037e-22
400.2 3.14601578532e-22
400.21 4.15183070543e-22
400.22 5.47447009894e-22
400.23 7.21220814672e-22
400.24 9.49332018402e-22
400.25 1.24850911625e-21
400.26 1.64054829338e-21
400.27 2.15382311477e-21
400.28 2.82523618586e-21
400.29 3.70273984222e-21
400.3 4.84858876508e-21
400.31 6.3435331676e-21
400.32 8.29221953757e-21
400.33 1.08301402487e-20
400.34 1.41325679534e-20
400.35 1.84260309579e-20
400.36 2.40030385786e-20
400.37 3.12409593887e-20
400.38 4.06262011013e-20
400.39 5.27851521995e-20
400.4 6.8523739405e-20
400.41 8.88779530856e-20
400.42 1.15178321611e-19
400.43 1.49132109079e-19
400.44 1.9292801082e-19
400.45 2.49369380131e-19
400.46 3.22043603439e-19
400.47 4.15537231184e-19
400.48 5.35708970046e-19
400.49 6.90035775337e-19
400.5 8.88051207887e-19
400.51 1.14190013302e-18
400.52 1.46703998277e-18
400.53 1.88312647647e-18
400.54 2.41513127151e-18
400.55 3.0947509543e-18
400.56 3.96218164985e-18
400.57 5.0683520267e-18
400.58 6.47773046557e-18
400.59 8.27185070815e-18
400.6 1.05537357134e-17
400.61 1.3453443329e-17
400.62 1.71350117057e-17
400.63 2.18051495567e-17
400.64 2.77240993544e-17
400.65 3.52192039788e-17
400.66 4.4701833609e-17
400.67 5.66884851783e-17
400.68 7.18270580825e-17
400.69 9.09295450429e-17
400.7 1.15012665852e-16
400.71 1.45348326007e-16
400.72 1.83526216372e-16
400.73 2.31531401433e-16
400.74 2.91840393597e-16
400.75 3.67540004854e-16
400.76 4.62474235981e-16
400.77 5.81425644522e-16
400.78 7.30339071175e-16
400.79 9.16597354057e-16
400.8 1.14936078698e-15
400.81 1.43998465963e-15
400.82 1.80253234868e-15
400.83 2.25440522238e-15
400.84 2.81711521182e-15
400.85 3.51723145255e-15
400.86 4.3875391032e-15
400.87 5.46845653422e-15
400.88 6.80976682577e-15
400.89 8.47273124612e-15
400.9 1.05326664913e-14
400.91 1.30820844171e-14
400.92 1.62345133342e-14
400.93 2.01291443214e-14
400.94 2.49364752107e-14
400.95 3.0865159821e-14
400.96 3.81703117573e-14
400.97 4.71635618984e-14
400.98 5.82252280955e-14
400.99 7.18190263391e-14
401.0 8.85098368132e-14
401.01 1.08985138273e-13
401.02 1.34080842917e-13
401.03 1.64812404717e-13
401.04 2.02412240953e-13
401.05 2.4837470403e-13
401.06 3.04510073868e-13
401.07 3.73009316524e-13
401.08 4.56521679375e-13
401.09 5.58247575718e-13
401.1 6.8204966163e-13
401.11 8.32585536915e-13
401.12 1.01546612289e-12
401.13 1.23744449792e-12
401.14 1.50664082451e-12
401.15 1.83280999957e-12
401.16 2.22765982572e-12
401.17 2.70522886239e-12
401.18 3.28233470289e-12
401.19 3.97910527137e-12
401.2 4.81960788379e-12
401.21 5.83259331469e-12
401.22 7.05237500992e-12
401.23 8.51986694568e-12
401.24 1.02838075235e-11
401.25 1.24022013893e-11
401.26 1.49440162579e-11
401.27 1.79911778191e-11
401.28 2.16409127037e-11
401.29 2.60084974341e-11
401.3 3.12304804139e-11
401.31 3.74684544969e-11
401.32 4.49134696894e-11
401.33 5.37911893037e-11
401.34 6.43679086174e-11
401.35 7.69575730686e-11
401.36 9.19299535212e-11
401.37 1.09720159493e-10
401.38 1.30839697823e-10
401.39 1.55889314444e-10
401.4 1.85573891214e-10
401.41 2.2071970859e-10
401.42 2.62294428888e-10
401.43 3.11430204571e-10
401.44 3.69450372076e-10
401.45 4.37900254924e-10
401.46 5.18582671008e-10
401.47 6.1359881895e-10
401.48 7.25395308203e-10
401.49 8.56818198225e-10
401.5 1.01117502469e-09
401.51 1.19230591663e-09
401.52 1.40466504885e-09
401.53 1.65341383066e-09
401.54 1.94452740598e-09
401.55 2.28491623373e-09
401.56 2.68256473175e-09
401.57 3.14668920562e-09
401.58 3.68791754648e-09
401.59 4.31849347223e-09
401.6 5.05250840656e-09
401.61 5.90616444198e-09
401.62 6.89807222006e-09
401.63 8.04958798573e-09
401.64 9.38519453676e-09
401.65 1.09329312967e-08
401.66 1.27248792924e-08
401.67 1.47977074195e-08
401.68 1.7193287033e-08
401.69 1.99593826103e-08
401.7 2.31504269998e-08
401.71 2.68283905995e-08
401.72 3.10637547001e-08
401.73 3.59366001916e-08
401.74 4.15378238582e-08
401.75 4.79704955926e-08
401.76 5.53513710353e-08
401.77 6.3812575401e-08
401.78 7.3503475583e-08
401.79 8.45927590384e-08
401.8 9.72707394467e-08
401.81 1.11751910701e-07
401.82 1.28277772442e-07
401.83 1.47119952054e-07
401.84 1.68583649863e-07
401.85 1.930114361e-07
401.86 2.20787430161e-07
401.87 2.52341894652e-07
401.88 2.88156278736e-07
401.89 3.2876874739e-07
401.9 3.74780235253e-07
401.91 4.26861065861e-07
401.92 4.85758179173e-07
401.93 5.52303012377e-07
401.94 6.27420081001e-07
401.95 7.12136309326e-07
401.96 8.07591161019e-07
401.97 9.15047622626e-07
401.98 1.03590409424e-06
401.99 1.17170724308e-06
402.0 1.32416587687e-06
402.01 1.49516589507e-06
402.02 1.68678637644e-06
402.03 1.90131686191e-06
402.04 2.14127589153e-06
402.05 2.40943085398e-06
402.06 2.70881920584e-06
402.07 3.04277111642e-06
402.08 3.41493359182e-06
402.09 3.82929612902e-06
402.1 4.29021794713e-06
402.11 4.80245683885e-06
402.12 5.37119967986e-06
402.13 6.00209462762e-06
402.14 6.70128503451e-06
402.15 7.47544509151e-06
402.16 8.33181721011e-06
402.17 9.27825113935e-06
402.18 1.03232448039e-05
402.19 1.1475986836e-05
402.2 1.27464007607e-05
402.21 1.41451907775e-05
402.22 1.56838890673e-05
402.23 1.7374904533e-05
402.24 1.92315728643e-05
402.25 2.12682077976e-05
402.26 2.35001534194e-05
402.27 2.59438373373e-05
402.28 2.86168245219e-05
402.29 3.15378715943e-05
402.3 3.47269813107e-05
402.31 3.82054569653e-05
402.32 4.19959564074e-05
402.33 4.61225453403e-05
402.34 5.06107495368e-05
402.35 5.54876055825e-05
402.36 6.07817097237e-05
402.37 6.65232643715e-05
402.38 7.27441217814e-05
402.39 7.94778244039e-05
402.4 8.67596413697e-05
402.41 9.46266005531e-05
402.42 0.000103117515627
402.43 0.000112273007508
402.44 0.000122135519561
402.45 0.000132749325929
402.46 0.000144160532322
402.47 0.000156417068616
402.48 0.000169568672566
402.49 0.000183666863983
402.5 0.000198764908685
402.51 0.000214917771573
402.52 0.000232182058166
402.53 0.000250615943976
402.54 0.000270279091114
402.55 0.000291232551543
402.56 0.000313538656455
402.57 0.000337260891264
402.58 0.000362463755794
402.59 0.000389212609262
402.6 0.000417573499757
402.61 0.000447612977966
402.62 0.000479397894993
402.63 0.000512995184193
402.64 0.000548471627061
402.65 0.000585893603277
402.66 0.000625326825168
402.67 0.000666836056917
402.68 0.000710484818992
402.69 0.000756335078391
402.7 0.000804446925418
402.71 0.000854878237843
402.72 0.000907684333432
402.73 0.000962917611974
402.74 0.00102062718806
402.75 0.00108085851599
402.76 0.00114365300839
402.77 0.00120904765013
402.78 0.0012770746094
402.79 0.00134776084777
402.8 0.00142112773138
402.81 0.00149719064525
402.82 0.00157595861314
402.83 0.00165743392501
402.84 0.00174161177477
402.85 0.0018284799106
402.86 0.0019180183004
402.87 0.00201019881494
402.88 0.00210498493129
402.89 0.00220233145901
402.9 0.00230218429176
402.91 0.00240448018686
402.92 0.00250914657505
402.93 0.00261610140316
402.94 0.00272525301172
402.95 0.00283650004975
402.96 0.00294973142888
402.97 0.00306482631852
402.98 0.00318165418387
402.99 0.00330007486828
403.0 0.00341993872119
403.01 0.00354108677287
403.02 0.0036633509565
403.03 0.00378655437842
403.04 0.0039105116367
403.05 0.00403502918793
403.06 0.00415990576214
403.07 0.00428493282498
403.08 0.00440989508645
403.09 0.00453457105476
403.1 0.00465873363393
403.11 0.00478215076305
403.12 0.00490458609523
403.13 0.00502579971359
403.14 0.00514554888162
403.15 0.00526358882477
403.16 0.00537967353995
403.17 0.00549355662938
403.18 0.00560499215501
403.19 0.00571373550932
403.2 0.00581954429855
403.21 0.0059221792337
403.22 0.00602140502501
403.23 0.00611699127517
403.24 0.00620871336666
403.25 0.00629635333842
403.26 0.00637970074715
403.27 0.00645855350846
403.28 0.00653271871336
403.29 0.00660201341527
403.3 0.00666626538332
403.31 0.00672531381758
403.32 0.00677901002201
403.33 0.00682721803141
403.34 0.00686981518861
403.35 0.00690669266858
403.36 0.00693775594641
403.37 0.00696292520639
403.38 0.00698213568989
403.39 0.00699533797986
403.4 0.00700249822052
403.41 0.00700359827086
403.42 0.00699863579116
403.43 0.0069876242621
403.44 0.00697059293654
403.45 0.00694758672434
403.46 0.00691866601097
403.47 0.00688390641137
403.48 0.00684339846058
403.49 0.00679724724321
403.5 0.00674557196419
403.51 0.00668850546368
403.52 0.00662619367905
403.53 0.00655879505771
403.54 0.00648647992421
403.55 0.00640942980586
403.56 0.00632783672101
403.57 0.00624190243448
403.58 0.0061518376848
403.59 0.00605786138802
403.6 0.00596019982304
403.61 0.00585908580339
403.62 0.00575475784049
403.63 0.00564745930352
403.64 0.00553743758079
403.65 0.00542494324773
403.66 0.00531022924622
403.67 0.00519355008024
403.68 0.00507516103229
403.69 0.00495531740518
403.7 0.00483427379335
403.71 0.00471228338793
403.72 0.00458959731917
403.73 0.00446646403995
403.74 0.00434312875358
403.75 0.00421983288885
403.76 0.00409681362513
403.77 0.00397430346969
403.78 0.00385252988953
403.79 0.0037317149992
403.8 0.00361207530612
403.81 0.00349382151446
403.82 0.00337715838813
403.83 0.00326228467343
403.84 0.00314939308127
403.85 0.00303867032874
403.86 0.00293029723936
403.87 0.00282444890114
403.88 0.00272129488117
403.89 0.00262099949524
403.9 0.00252372213073
403.91 0.00242961762056
403.92 0.00233883666602
403.93 0.0022515263058
403.94 0.00216783042836
403.95 0.00208789032476
403.96 0.00201184527845
403.97 0.00193983318885
403.98 0.00187199122481
403.99 0.0018084565044
404.0 0.00174936679682
404.01 0.00169486124252
404.02 0.00164508108721
404.03 0.00160017042533
404.04 0.0015602769486
404.05 0.00152555269504
404.06 0.00149615479374
404.07 0.00147224620074
404.08 0.00145399642115
404.09 0.00144158221266
404.1 0.00143518826555
404.11 0.00143500785437
404.12 0.00144124345617
404.13 0.00145410733056
404.14 0.00147382205662
404.15 0.00150062102166
404.16 0.00153474885727
404.17 0.00157646181769
404.18 0.00162602809594
404.19 0.00168372807312
404.2 0.00174985449658
404.21 0.00182471258253
404.22 0.00190862003913
404.23 0.00200190700625
404.24 0.00210491590806
404.25 0.00221800121538
404.26 0.00234152911441
404.27 0.00247587707938
404.28 0.00262143334645
404.29 0.00277859628716
404.3 0.0029477736795
404.31 0.00312938187573
404.32 0.00332384486618
404.33 0.00353159323881
404.34 0.00375306303503
404.35 0.00398869450264
404.36 0.00423893074747
404.37 0.00450421628581
404.38 0.00478499550046
404.39 0.00508171100379
404.4 0.00539480191197
404.41 0.00572470203498
404.42 0.00607183798799
404.43 0.00643662723018
404.44 0.00681947603773
404.45 0.00722077741851
404.46 0.0076409089765
404.47 0.00808023073476
404.48 0.00853908292611
404.49 0.00901778376161
404.5 0.00951662718712
404.51 0.0100358806388
404.52 0.0105757828089
404.53 0.011136541434
404.54 0.0117183311164
404.55 0.0123212911925
404.56 0.0129455236595
404.57 0.0135910911733
404.58 0.0142580151297
404.59 0.0149462738421
404.6 0.0156558008269
404.61 0.0163864832091
404.62 0.0171381602601
404.63 0.0179106220778
404.64 0.0187036084205
404.65 0.0195168077043
404.66 0.0203498561728
404.67 0.0212023372487
404.68 0.022073781073
404.69 0.0229636642406
404.7 0.0238714097354
404.71 0.024796387072
404.72 0.0257379126446
404.73 0.0266952502872
404.74 0.0276676120448
404.75 0.0286541591556
404.76 0.0296540032419
404.77 0.0306662077076
404.78 0.0316897893372
404.79 0.0327237200901
404.8 0.0337669290852
404.81 0.0348183047653
404.82 0.0358766972338
404.83 0.0369409207526
404.84 0.0380097563892
404.85 0.0390819548021
404.86 0.0401562391496
404.87 0.0412313081086
404.88 0.0423058389893
404.89 0.0433784909297
404.9 0.0444479081543
404.91 0.0455127232819
404.92 0.046571560665
404.93 0.0476230397467
404.94 0.0486657784162
404.95 0.04969839635
404.96 0.0507195183211
404.97 0.0517277774629
404.98 0.0527218184721
404.99 0.0537003007374
405.0 0.0546619013819
405.01 0.055605318206
405.02 0.0565292725211
405.03 0.057432511863
405.04 0.058313812578
405.05 0.0591719822724
405.06 0.0600058621213
405.07 0.0608143290289
405.08 0.06159629764
405.09 0.0623507221976
405.1 0.0630765982467
405.11 0.0637729641844
405.12 0.0644389026576
405.13 0.0650735418094
405.14 0.0656760563806
405.15 0.066245668667
405.16 0.0667816493418
405.17 0.0672833181452
405.18 0.0677500444518
405.19 0.0681812477207
405.2 0.0685763978365
405.21 0.0689350153505
405.22 0.0692566716296
405.23 0.0695409889206
405.24 0.0697876403407
405.25 0.0699963497993
405.26 0.070166891862
405.27 0.0702990915618
405.28 0.0703928241671
405.29 0.0704480149103
405.3 0.0704646386857
405.31 0.0704427197191
405.32 0.0703823312152
405.33 0.0702835949857
405.34 0.0701466810602
405.35 0.0699718072823
405.36 0.0697592388912
405.37 0.0695092880889
405.38 0.069222313591
405.39 0.0688987201615
405.4 0.0685389581254
405.41 0.0681435228594
405.42 0.0677129542536
405.43 0.067247836141
405.44 0.0667487956891
405.45 0.0662165027481
405.46 0.0656516691496
405.47 0.0650550479492
405.48 0.0644274326075
405.49 0.0637696561032
405.5 0.0630825899709
405.51 0.0623671432595
405.52 0.0616242614047
405.53 0.0608549250105
405.54 0.0600601485358
405.55 0.0592409788812
405.56 0.0583984938752
405.57 0.0575338006543
405.58 0.0566480339392
405.59 0.0557423542033
405.6 0.0548179457379
405.61 0.0538760146117
405.62 0.0529177865311
405.63 0.0519445046022
405.64 0.0509574270019
405.65 0.049957824561
405.66 0.04894697827
405.67 0.0479261767114
405.68 0.0468967134313
405.69 0.0458598842566
405.7 0.0448169845702
405.71 0.0437693065554
405.72 0.0427181364196
405.73 0.0416647516116
405.74 0.0406104180435
405.75 0.0395563873313
405.76 0.0385038940663
405.77 0.0374541531312
405.78 0.0364083570734
405.79 0.0353676735494
405.8 0.0343332428514
405.81 0.0333061755297
405.82 0.0322875501219
405.83 0.031278411
405.84 0.0302797663466
405.85 0.0292925862688
405.86 0.0283178010585
405.87 0.027356299609
405.88 0.026408927991
405.89 0.0254764881981
405.9 0.0245597370623
405.91 0.0236593853467
405.92 0.0227760970155
405.93 0.0219104886828
405.94 0.021063129242
405.95 0.0202345396728
405.96 0.0194251930245
405.97 0.018635514573
405.98 0.0178658821462
405.99 0.0171166266131
406.0 0.0163880325309
406.01 0.0156803389419
406.02 0.0149937403133
406.03 0.0143283876113
406.04 0.0136843894996
406.05 0.0130618136531
406.06 0.0124606881766
406.07 0.0118810031172
406.08 0.0113227120598
406.09 0.0107857337953
406.1 0.010269954048
406.11 0.00977522725368
406.12 0.00930137837454
406.13 0.0088482047416
406.14 0.0084154779124
406.15 0.00800294553396
406.16 0.00761033320037
406.17 0.00723734629526
406.18 0.00688367180943
406.19 0.00654898012508
406.2 0.00623292675796
406.21 0.00593515404998
406.22 0.00565529280512
406.23 0.0053929638623
406.24 0.00514777959959
406.25 0.00491934536491
406.26 0.00470726082893
406.27 0.00451112125698
406.28 0.0043305186971
406.29 0.00416504308252
406.3 0.00401428324732
406.31 0.00387782785479
406.32 0.00375526623886
406.33 0.00364618915945
406.34 0.00355018947323
406.35 0.00346686272215
406.36 0.00339580764232
406.37 0.00333662659655
406.38 0.00328892593436
406.39 0.00325231628349
406.4 0.00322641277773
406.41 0.00321083522572
406.42 0.00320520822607
406.43 0.00320916123428
406.44 0.00322232858689
406.45 0.00324434948883
406.46 0.00327486796963
406.47 0.00331353281442
406.48 0.00335999747553
406.49 0.00341391997048
406.5 0.0034749627719
406.51 0.00354279269489
406.52 0.00361708078712
406.53 0.00369750222651
406.54 0.00378373623131
406.55 0.00387546598689
406.56 0.00397237859314
406.57 0.00407416503619
406.58 0.00418052018758
406.59 0.00429114283343
406.6 0.00440573573611
406.61 0.0045240057299
406.62 0.00464566385204
406.63 0.0047704255099
406.64 0.00489801068439
406.65 0.00502814416942
406.66 0.00516055584665
406.67 0.00529498099407
406.68 0.00543116062683
406.69 0.0055688418679
406.7 0.00570777834599
406.71 0.0058477306175
406.72 0.00598846660901
406.73 0.00612976207646
406.74 0.00627140107668
406.75 0.00641317644687
406.76 0.00655489028721
406.77 0.00669635444154
406.78 0.00683739097113
406.79 0.00697783261605
406.8 0.00711752323897
406.81 0.00725631824606
406.82 0.00739408497939
406.83 0.00753070307599
406.84 0.00766606478807
406.85 0.00780007525978
406.86 0.00793265275556
406.87 0.00806372883589
406.88 0.0081932484762
406.89 0.0083211701252
406.9 0.00844746569953
406.91 0.0085721205116
406.92 0.00869513312843
406.93 0.00881651515961
406.94 0.00893629097297
406.95 0.00905449733734
406.96 0.00917118299209
406.97 0.00928640814407
406.98 0.00940024389276
406.99 0.00951277158538
407.0 0.0096240821043
407.01 0.00973427508935
407.02 0.00984345809864
407.03 0.00995174571178
407.04 0.0100592585801
407.05 0.0101661224285
407.06 0.0102724670158
407.07 0.0103784250566
407.08 0.0104841311153
407.09 0.0105897204742
407.1 0.0106953279871
407.11 0.0108010869217
407.12 0.0109071278016
407.13 0.0110135772531
407.14 0.0111205568654
407.15 0.0112281820716
407.16 0.0113365610586
407.17 0.0114457937126
407.18 0.0115559706076
407.19 0.0116671720452
407.2 0.0117794671504
407.21 0.0118929130315
407.22 0.0120075540098
407.23 0.0121234209242
407.24 0.012240530516
407.25 0.0123588848988
407.26 0.0124784711174
407.27 0.0125992607983
407.28 0.012721209896
407.29 0.0128442585358
407.3 0.0129683309554
407.31 0.0130933355454
407.32 0.0132191649898
407.33 0.0133456965043
407.34 0.0134727921725
407.35 0.0136002993775
407.36 0.0137280513261
407.37 0.0138558676621
407.38 0.0139835551664
407.39 0.0141109085367
407.4 0.0142377112451
407.41 0.0143637364658
407.42 0.0144887480673
407.43 0.0146125016648
407.44 0.0147347457233
407.45 0.014855222707
407.46 0.014973670267
407.47 0.0150898224588
407.48 0.0152034109851
407.49 0.0153141664531
407.5 0.015421819642
407.51 0.0155261027707
407.52 0.0156267507599
407.53 0.0157235024813
407.54 0.0158161019868
407.55 0.0159042997104
407.56 0.0159878536378
407.57 0.0160665304363
407.58 0.0161401065404
407.59 0.0162083691866
407.6 0.0162711173935
407.61 0.0163281628831
407.62 0.0163793309378
407.63 0.0164244611907
407.64 0.0164634083467
407.65 0.0164960428301
407.66 0.0165222513588
407.67 0.0165419374411
407.68 0.0165550217972
407.69 0.0165614427009
407.7 0.0165611562444
407.71 0.0165541365257
407.72 0.016540375757
407.73 0.0165198842994
407.74 0.0164926906204
407.75 0.0164588411797
407.76 0.016418400243
407.77 0.0163714496274
407.78 0.0163180883795
407.79 0.0162584323903
407.8 0.0161926139486
407.81 0.0161207812367
407.82 0.0160430977711
407.83 0.0159597417911
407.84 0.0158709056002
407.85 0.0157767948607
407.86 0.0156776278489
407.87 0.01557363467
407.88 0.0154650564395
407.89 0.015352144433
407.9 0.0152351592077
407.91 0.0151143696995
407.92 0.0149900522985
407.93 0.0148624899067
407.94 0.0147319709807
407.95 0.0145987885626
407.96 0.0144632393024
407.97 0.0143256224749
407.98 0.0141862389939
407.99 0.0140453904276
408.0 0.0139033780164
408.01 0.0137605016977
408.02 0.0136170591406
408.03 0.0134733447912
408.04 0.0133296489348
408.05 0.013186256774
408.06 0.0130434475296
408.07 0.0129014935628
408.08 0.0127606595259
408.09 0.01262120154
408.1 0.0124833664063
408.11 0.0123473908507
408.12 0.012213500806
408.13 0.0120819107346
408.14 0.0119528229927
408.15 0.0118264272401
408.16 0.0117028998973
408.17 0.0115824036523
408.18 0.0114650870195
408.19 0.0113510839523
408.2 0.0112405135125
408.21 0.0111334795967
408.22 0.0110300707221
408.23 0.0109303598736
408.24 0.0108344044121
408.25 0.0107422460457
408.26 0.0106539108642
408.27 0.0105694094372
408.28 0.010488736976
408.29 0.0104118735582
408.3 0.0103387844159
408.31 0.0102694202849
408.32 0.0102037178148
408.33 0.0101416000372
408.34 0.0100829768919
408.35 0.0100277458057
408.36 0.00997579232502
408.37 0.00992699079524
408.38 0.00988120508685
408.39 0.00983828936253
408.4 0.00979808888221
408.41 0.00976044084169
408.42 0.00972517524035
408.43 0.00969211577328
408.44 0.00966108074302
408.45 0.00963188398593
408.46 0.00960433580796
408.47 0.00957824392481
408.48 0.009553414401
408.49 0.00952965258283
408.5 0.00950676401986
408.51 0.00948455536984
408.52 0.00946283528199
408.53 0.00944141525387
408.54 0.00942011045704
408.55 0.00939874052711
408.56 0.00937713031394
408.57 0.00935511058818
408.58 0.00933251870045
408.59 0.00930919919002
408.6 0.00928500434016
408.61 0.00925979467768
408.62 0.00923343941465
408.63 0.00920581683075
408.64 0.00917681459509
408.65 0.00914633002677
408.66 0.00911427029409
408.67 0.0090805525524
408.68 0.00904510402152
408.69 0.00900786200361
408.7 0.00896877384316
408.71 0.00892779683094
408.72 0.00888489805434
408.73 0.00884005419662
408.74 0.00879325128817
408.75 0.00874448441315
408.76 0.00869375737494
408.77 0.00864108232426
408.78 0.00858647935405
408.79 0.00852997606515
408.8 0.00847160710711
408.81 0.00841141369847
408.82 0.00834944313095
408.83 0.00828574826178
408.84 0.00822038699877
408.85 0.00815342178211
408.86 0.00808491906717
408.87 0.00801494881235
408.88 0.00794358397562
408.89 0.00787090002344
408.9 0.00779697445536
408.91 0.00772188634735
408.92 0.00764571591666
408.93 0.00756854411059
408.94 0.00749045222138
408.95 0.00741152152893
408.96 0.00733183297289
408.97 0.00725146685501
408.98 0.00717050257279
408.99 0.00708901838442
409.0 0.00700709120548
409.01 0.00692479643673
409.02 0.00684220782262
409.03 0.00675939733955
409.04 0.0066764351126
409.05 0.00659338935942
409.06 0.00651032635944
409.07 0.00642731044657
409.08 0.00634440402333
409.09 0.00626166759404
409.1 0.00617915981482
409.11 0.00609693755791
409.12 0.00601505598768
409.13 0.00593356864587
409.14 0.00585252754353
409.15 0.00577198325694
409.16 0.00569198502519
409.17 0.00561258084702
409.18 0.00553381757445
409.19 0.00545574100136
409.2 0.00537839594466
409.21 0.00530182631653
409.22 0.00522607518595
409.23 0.00515118482813
409.24 0.00507719676068
409.25 0.0050041517655
409.26 0.00493208989576
409.27 0.00486105046738
409.28 0.00479107203488
409.29 0.0047221923515
409.3 0.00465444831398
409.31 0.00458787589227
409.32 0.00452251004514
409.33 0.00445838462231
409.34 0.0043955322545
409.35 0.00433398423238
409.36 0.00427377037621
409.37 0.00421491889743
409.38 0.00415745625422
409.39 0.00410140700262
409.4 0.00404679364529
409.41 0.00399363647974
409.42 0.00394195344807
409.43 0.00389175999029
409.44 0.00384306890311
409.45 0.00379589020617
409.46 0.0037502310177
409.47 0.00370609544129
409.48 0.00366348446559
409.49 0.00362239587849
409.5 0.00358282419724
409.51 0.00354476061588
409.52 0.00350819297095
409.53 0.0034731057267
409.54 0.00343947998032
409.55 0.00340729348795
409.56 0.00337652071171
409.57 0.00334713288804
409.58 0.00331909811713
409.59 0.00329238147338
409.6 0.00326694513629
409.61 0.00324274854118
409.62 0.00321974854884
409.63 0.00319789963311
409.64 0.00317715408512
409.65 0.00315746223284
409.66 0.00313877267439
409.67 0.00312103252341
409.68 0.0031041876648
409.69 0.00308818301873
409.7 0.00307296281121
409.71 0.00305847084899
409.72 0.00304465079671
409.73 0.00303144645428
409.74 0.00301880203236
409.75 0.00300666242376
409.76 0.00299497346873
409.77 0.00298368221217
409.78 0.0029727371508
409.79 0.00296208846834
409.8 0.00295168825714
409.81 0.00294149072447
409.82 0.00293145238208
409.83 0.00292153221764
409.84 0.00291169184693
409.85 0.00290189564576
409.86 0.00289211086076
409.87 0.00288230769849
409.88 0.00287245939231
409.89 0.00286254224686
409.9 0.00285253566005
409.91 0.00284242212263
409.92 0.00283218719588
409.93 0.0028218194676
409.94 0.00281131048744
409.95 0.00280065468227
409.96 0.00278984925255
409.97 0.00277889405113
409.98 0.00276779144558
409.99 0.00275654616564
410.0 0.00274516513734
410.01 0.0027336573055
410.02 0.00272203344627
410.03 0.0027103059717
410.04 0.00269848872807
410.05 0.00268659679001
410.06 0.00267464625232
410.07 0.00266265402129
410.08 0.00265063760774
410.09 0.00263861492327
410.1 0.00262660408187
410.11 0.0026146232085
410.12 0.00260269025636
410.13 0.00259082283437
410.14 0.00257903804651
410.15 0.0025673523441
410.16 0.00255578139258
410.17 0.00254433995359
410.18 0.00253304178345
410.19 0.00252189954875
410.2 0.00251092475979
410.21 0.00250012772218
410.22 0.00248951750702
410.23 0.00247910193974
410.24 0.00246888760766
410.25 0.00245887988598
410.26 0.00244908298192
410.27 0.00243949999652
410.28 0.0024301330035
410.29 0.00242098314436
410.3 0.0024120507388
410.31 0.00240333540959
410.32 0.00239483622064
410.33 0.00238655182708
410.34 0.00237848063612
410.35 0.00237062097726
410.36 0.00236297128051
410.37 0.00235553026099
410.38 0.00234829710866
410.39 0.00234127168144
410.4 0.00233445470027
410.41 0.00232784794469
410.42 0.00232145444727
410.43 0.00231527868553
410.44 0.00230932676996
410.45 0.00230360662655
410.46 0.00229812817278
410.47 0.00229290348558
410.48 0.00228794696023
410.49 0.00228327545894
410.5 0.00227890844825
410.51 0.00227486812419
410.52 0.00227117952431
410.53 0.00226787062605
410.54 0.00226497243041
410.55 0.00226251903074
410.56 0.0022605476658
410.57 0.00225909875696
410.58 0.00225821592905
410.59 0.00225794601467
410.6 0.00225833904182
410.61 0.00225944820467
410.62 0.00226132981758
410.63 0.00226404325219
410.64 0.00226765085788
410.65 0.00227221786554
410.66 0.00227781227491
410.67 0.00228450472575
410.68 0.00229236835284
410.69 0.00230147862541
410.7 0.0023119131709
410.71 0.00232375158369
410.72 0.00233707521888
410.73 0.00235196697148
410.74 0.00236851104141
410.75 0.00238679268461
410.76 0.00240689795054
410.77 0.00242891340657
410.78 0.0024529258494
410.79 0.00247902200422
410.8 0.00250728821162
410.81 0.00253781010303
410.82 0.00257067226487
410.83 0.00260595789211
410.84 0.00264374843156
410.85 0.00268412321563
410.86 0.00272715908715
410.87 0.00277293001579
410.88 0.00282150670716
410.89 0.00287295620502
410.9 0.00292734148793
410.91 0.00298472106102
410.92 0.00304514854419
410.93 0.00310867225795
410.94 0.00317533480806
410.95 0.00324517267065
410.96 0.00331821577916
410.97 0.00339448711489
410.98 0.00347400230293
410.99 0.0035567692153
411.0 0.0036427875834
411.01 0.00373204862182
411.02 0.0038245346658
411.03 0.0039202188245
411.04 0.00401906465267
411.05 0.00412102584295
411.06 0.00422604594151
411.07 0.00433405808944
411.08 0.00444498479248
411.09 0.00455873772169
411.1 0.00467521754755
411.11 0.0047943138101
411.12 0.00491590482743
411.13 0.00503985764494
411.14 0.00516602802763
411.15 0.00529426049753
411.16 0.00542438841813
411.17 0.00555623412778
411.18 0.00568960912329
411.19 0.00582431429546
411.2 0.00596014021721
411.21 0.00609686748542
411.22 0.00623426711676
411.23 0.00637210099787
411.24 0.00651012238951
411.25 0.0066480764845
411.26 0.00678570101827
411.27 0.0069227269311
411.28 0.00705887908019
411.29 0.00719387699991
411.3 0.00732743570763
411.31 0.00745926655253
411.32 0.00758907810444
411.33 0.0077165770791
411.34 0.00784146929628
411.35 0.0079634606665
411.36 0.0080822582022
411.37 0.00819757104854
411.38 0.00830911152897
411.39 0.00841659620051
411.4 0.00851974691342
411.41 0.00861829186973
411.42 0.00871196667515
411.43 0.00880051537858
411.44 0.00888369149368
411.45 0.00896125899667
411.46 0.00903299329471
411.47 0.00909868215941
411.48 0.00915812661985
411.49 0.00921114180996
411.5 0.00925755776513
411.51 0.00929722016324
411.52 0.00932999100556
411.53 0.00935574923331
411.54 0.00937439127601
411.55 0.00938583152815
411.56 0.0093900027511
411.57 0.00938685639772
411.58 0.00937636285733
411.59 0.00935851161957
411.6 0.00933331135582
411.61 0.00930078991761
411.62 0.00926099425169
411.63 0.0092139902323
411.64 0.00915986241133
411.65 0.00909871368787
411.66 0.00903066489889
411.67 0.00895585433344
411.68 0.00887443717316
411.69 0.00878658486243
411.7 0.0086924844116
411.71 0.00859233763764
411.72 0.00848636034635
411.73 0.00837478146106
411.74 0.00825784210272
411.75 0.00813579462668
411.76 0.00800890162168
411.77 0.00787743487663
411.78 0.00774167432107
411.79 0.007601906945
411.8 0.00745842570415
411.81 0.00731152841656
411.82 0.00716151665625
411.83 0.00700869464994
411.84 0.00685336818227
411.85 0.0066958435153
411.86 0.00653642632734
411.87 0.00637542067647
411.88 0.00621312799335
411.89 0.00604984610809
411.9 0.00588586831528
411.91 0.00572148248121
411.92 0.00555697019673
411.93 0.00539260597908
411.94 0.00522865652539
411.95 0.00506538002044
411.96 0.00490302550049
411.97 0.00474183227509
411.98 0.0045820294079
411.99 0.0044238352575
412.0 0.00426745707854
412.01 0.00411309068348
412.02 0.00396092016448
412.03 0.00381111767488
412.04 0.00366384326932
412.05 0.00351924480115
412.06 0.00337745787564
412.07 0.003238605857
412.08 0.00310279992732
412.09 0.00297013919477
412.1 0.00284071084892
412.11 0.00271459036006
412.12 0.00259184171998
412.13 0.00247251772103
412.14 0.00235666027046
412.15 0.00224430073676
412.16 0.00213546032502
412.17 0.00203015047772
412.18 0.00192837329811
412.19 0.00183012199257
412.2 0.00173538132915
412.21 0.00164412810879
412.22 0.00155633164652
412.23 0.00147195425949
412.24 0.00139095175904
412.25 0.00131327394421
412.26 0.00123886509388
412.27 0.00116766445544
412.28 0.00109960672741
412.29 0.00103462253408
412.3 0.000972638890202
412.31 0.000913579653931
412.32 0.000857365966395
412.33 0.00080391667654
412.34 0.000753148749929
412.35 0.000704977660443
412.36 0.000659317763955
412.37 0.000616082653237
412.38 0.000575185493479
412.39 0.000536539338014
412.4 0.000500057423907
412.41 0.00046565344729
412.42 0.000433241818379
412.43 0.000402737896281
412.44 0.00037405820379
412.45 0.000347120622474
412.46 0.000321844568466
412.47 0.000298151149429
412.48 0.000275963303264
412.49 0.000255205919194
412.5 0.0002358059419
412.51 0.000217692459449
412.52 0.000200796775787
412.53 0.000185052468611
412.54 0.00017039543343
412.55 0.000156763914694
412.56 0.000144098524825
412.57 0.000132342252019
412.58 0.000121440457685
412.59 0.000111340864362
412.6 0.000101993534963
412.61 9.33508441578e-05
412.62 8.5367442704e-05
412.63 7.80002154942e-05
412.64 7.12082340705e-05
412.65 6.49527043233e-05
412.66 5.9196910058e-05
412.67 5.3906153081e-05
412.68 4.90476904191e-05
412.69 4.45906692521e-05
412.7 4.05060600997e-05
412.71 3.67665887678e-05
412.72 3.33466675209e-05
412.73 3.0222325913e-05
412.74 2.73711416707e-05
412.75 2.47721719885e-05
412.76 2.24058855605e-05
412.77 2.02540956414e-05
412.78 1.82998943965e-05
412.79 1.65275887689e-05
412.8 1.49226380656e-05
412.81 1.34715934344e-05
412.82 1.21620393774e-05
412.83 1.09825374253e-05
412.84 9.92257206985e-06
412.85 8.9724990341e-06
412.86 8.12349593867e-06
412.87 7.36751540449e-06
412.88 6.69724061649e-06
412.89 6.10604335703e-06
412.9 5.58794450464e-06
412.91 5.13757698085e-06
412.92 4.75015111713e-06
412.93 4.42142240387e-06
412.94 4.14766157441e-06
412.95 3.92562696936e-06
412.96 3.75253911953e-06
412.97 3.62605747947e-06
412.98 3.54425923869e-06
412.99 3.50562013243e-06
413.0 3.50899717008e-06
413.01 3.55361319574e-06
413.02 3.63904319221e-06
413.03 3.76520223683e-06
413.04 3.93233501536e-06
413.05 4.14100679782e-06
413.06 4.39209577806e-06
413.07 4.68678667727e-06
413.08 5.02656550963e-06
413.09 5.41321540702e-06
413.1 5.84881339772e-06
413.11 6.33572803296e-06
413.12 6.87661775315e-06
413.13 7.47442988464e-06
413.14 8.13240015591e-06
413.15 8.85405262097e-06
413.16 9.64319987601e-06
413.17 1.05039434542e-05
413.18 1.14406742818e-05
413.19 1.24580730782e-05
413.2 1.35611105804e-05
413.21 1.47550474722e-05
413.22 1.60454338972e-05
413.23 1.74381084351e-05
413.24 1.89391964186e-05
413.25 2.055510747e-05
413.26 2.22925321378e-05
413.27 2.41584375107e-05
413.28 2.61600616938e-05
413.29 2.8304907028e-05
413.3 3.060073194e-05
413.31 3.30555413125e-05
413.32 3.5677575268e-05
413.33 3.84752962648e-05
413.34 4.14573744095e-05
413.35 4.46326708959e-05
413.36 4.80102194898e-05
413.37 5.15992059848e-05
413.38 5.54089455662e-05
413.39 5.94488580276e-05
413.4 6.37284407986e-05
413.41 6.82572397534e-05
413.42 7.30448177819e-05
413.43 7.81007211212e-05
413.44 8.34344434592e-05
413.45 8.90553878378e-05
413.46 9.4972826401e-05
413.47 0.000101195858049
413.48 0.000107733364081
413.49 0.000114593961918
413.5 0.000121785957036
413.51 0.000129317293234
413.52 0.000137195501406
413.53 0.000145427646978
413.54 0.000154020276227
413.55 0.00016297936168
413.56 0.000172310246835
413.57 0.000182017590462
413.58 0.000192105310747
413.59 0.000202576529572
413.6 0.000213433517233
413.61 0.000224677637916
413.62 0.000236309296257
413.63 0.00024832788534
413.64 0.000260731736469
413.65 0.000273518071082
413.66 0.000286682955177
413.67 0.000300221256602
413.68 0.000314126605589
413.69 0.000328391358896
413.7 0.000343006567912
413.71 0.000357961951077
413.72 0.000373245870977
413.73 0.000388845316409
413.74 0.00040474588977
413.75 0.000420931800026
413.76 0.000437385861554
413.77 0.000454089499099
413.78 0.000471022759058
413.79 0.000488164327285
413.8 0.00050549155357
413.81 0.000522980482909
413.82 0.000540605893653
413.83 0.00055834134257
413.84 0.000576159216833
413.85 0.000594030792877
413.86 0.00061192630206
413.87 0.000629815002982
413.88 0.000647665260297
413.89 0.000665444629798
413.9 0.000683119949506
413.91 0.000700657436462
413.92 0.000718022788862
413.93 0.000735181293152
413.94 0.000752097935631
413.95 0.000768737518108
413.96 0.000785064777094
413.97 0.000801044505986
413.98 0.000816641679674
413.99 0.000831821580967
414.0 0.000846549928223
414.01 0.000860793003534
414.02 0.000874517780811
414.03 0.000887692053098
414.04 0.000900284558454
414.05 0.000912265103704
414.06 0.000923604685414
414.07 0.000934275607398
414.08 0.000944251594134
414.09 0.000953507899429
414.1 0.00096202140974
414.11 0.000969770741556
414.12 0.000976736332296
414.13 0.000982900524199
414.14 0.00098824764074
414.15 0.000992764055119
414.16 0.000996438250464
414.17 0.000999260871384
414.18 0.00100122476662
414.19 0.00100232502251
414.2 0.00100255898724
414.21 0.00100192628549
414.22 0.00100042882383
414.23 0.000998070786437
414.24 0.000994858621594
414.25 0.000990801018802
414.26 0.000985908876906
414.27 0.000980195263369
414.28 0.000973675365059
414.29 0.000966366430889
414.3 0.00095828770674
414.31 0.000949460363132
414.32 0.000939907416158
414.33 0.000929653642234
414.34 0.00091872548728
414.35 0.000907150970939
414.36 0.000894959586527
414.37 0.000882182197378
414.38 0.000868850930323
414.39 0.000854999067004
414.4 0.000840660933792
414.41 0.000825871791038
414.42 0.000810667722414
414.43 0.000795085525095
414.44 0.000779162601513
414.45 0.000762936853415
414.46 0.000746446578932
414.47 0.00072973037335
414.48 0.000712827034234
414.49 0.000695775471547
414.5 0.000678614623344
414.51 0.000661383377619
414.52 0.000644120500797
414.53 0.000626864573359
414.54 0.000609653933016
414.55 0.000592526625807
414.56 0.000575520365437
414.57 0.000558672501125
414.58 0.000542019994173
414.59 0.000525599403401
414.6 0.000509446879555
414.61 0.000493598168698
414.62 0.000478088624592
414.63 0.00046295322995
414.64 0.000448226626438
414.65 0.000433943153204
414.66 0.000420136893677
414.67 0.000406841730301
414.68 0.000394091406839
414.69 0.000381919597778
414.7 0.000370359984364
414.71 0.000359446336705
414.72 0.000349212601337
414.73 0.0003396929936
414.74 0.000330922094121
414.75 0.00032293494865
414.76 0.000315767170461
414.77 0.000309455044458
414.78 0.000304035632143
414.79 0.000299546876494
414.8 0.000296027705827
414.81 0.000293518135662
414.82 0.000292059367567
414.83 0.000291693883974
414.84 0.000292465537899
414.85 0.000294419636505
414.86 0.00029760301743
414.87 0.000302064116799
414.88 0.00030785302783
414.89 0.00031502154895
414.9 0.000323623220353
414.91 0.000333713347938
414.92 0.00034534901359
414.93 0.000358589070793
414.94 0.000373494124601
414.95 0.000390126495036
414.96 0.000408550163014
414.97 0.000428830697987
414.98 0.00045103516652
414.99 0.000475232021119
415.0 0.000501490968683
415.01 0.000529882818071
415.02 0.000560479306329
415.03 0.000593352903279
415.04 0.000628576594223
415.05 0.000666223640693
415.06 0.00070636731927
415.07 0.000749080638627
415.08 0.000794436035133
415.09 0.000842505047444
415.1 0.000893357970711
415.11 0.000947063491173
415.12 0.00100368830205
415.13 0.00106329670188
415.14 0.00112595017646
415.15 0.00119170696604
415.16 0.00126062161909
415.17 0.00133274453468
415.18 0.00140812149526
415.19 0.00148679319203
415.2 0.00156879474512
415.21 0.00165415522096
415.22 0.0017428971496
415.23 0.00183503604435
415.24 0.00193057992688
415.25 0.00202952886051
415.26 0.00213187449472
415.27 0.00223759962416
415.28 0.00234667776503
415.29 0.00245907275236
415.3 0.00257473836112
415.31 0.00269361795465
415.32 0.00281564416339
415.33 0.00294073859733
415.34 0.00306881159499
415.35 0.00319976201225
415.36 0.00333347705365
415.37 0.00346983214912
415.38 0.00360869087854
415.39 0.00374990494674
415.4 0.00389331421093
415.41 0.00403874676253
415.42 0.00418601906523
415.43 0.00433493615047
415.44 0.00448529187152
415.45 0.00463686921694
415.46 0.00478944068382
415.47 0.00494276871086
415.48 0.00509660617102
415.49 0.00525069692301
415.5 0.00540477642063
415.51 0.00555857237848
415.52 0.00571180549221
415.53 0.00586419021099
415.54 0.00601543555975
415.55 0.00616524600808
415.56 0.00631332238248
415.57 0.00645936281814
415.58 0.00660306374642
415.59 0.0067441209134
415.6 0.00688223042506
415.61 0.00701708981408
415.62 0.00714839912297
415.63 0.00727586199847
415.64 0.00739918679129
415.65 0.00751808765585
415.66 0.007632285644
415.67 0.00774150978696
415.68 0.00784549815961
415.69 0.00794399892127
415.7 0.00803677132715
415.71 0.00812358670478
415.72 0.00820422938988
415.73 0.0082784976163
415.74 0.00834620435479
415.75 0.00840717809583
415.76 0.00846126357187
415.77 0.0085083224146
415.78 0.00854823374351
415.79 0.00858089468213
415.8 0.00860622079887
415.81 0.00862414646978
415.82 0.00863462516103
415.83 0.00863762962954
415.84 0.00863315204025
415.85 0.00862120399965
415.86 0.00860181650511
415.87 0.00857503981041
415.88 0.00854094320831
415.89 0.00849961473138
415.9 0.00845116077299
415.91 0.00839570563066
415.92 0.0083333909746
415.93 0.00826437524445
415.94 0.00818883297802
415.95 0.00810695407588
415.96 0.00801894300614
415.97 0.00792501795409
415.98 0.00782540992166
415.99 0.00772036178192
416.0 0.00761012729392
416.01 0.00749497008354
416.02 0.00737516259614
416.03 0.00725098502655
416.04 0.00712272423255
416.05 0.00699067263755
416.06 0.00685512712829
416.07 0.0067163879534
416.08 0.00657475762841
416.09 0.00643053985273
416.1 0.00628403844396
416.11 0.00613555629459
416.12 0.00598539435596
416.13 0.00583385065416
416.14 0.00568121934203
416.15 0.00552778979138
416.16 0.00537384572892
416.17 0.00521966441933
416.18 0.00506551589829
416.19 0.00491166225805
416.2 0.00475835698765
416.21 0.00460584436956
416.22 0.00445435893421
416.23 0.00430412497322
416.24 0.00415535611208
416.25 0.00400825494243
416.26 0.00386301271389
416.27 0.00371980908478
416.28 0.0035788119312
416.29 0.00344017721302
416.3 0.0033040488956
416.31 0.00317055892538
416.32 0.00303982725745
416.33 0.00291196193284
416.34 0.00278705920324
416.35 0.00266520370045
416.36 0.00254646864783
416.37 0.00243091611096
416.38 0.00231859728441
416.39 0.00220955281169
416.4 0.00210381313507
416.41 0.00200139887233
416.42 0.00190232121705
416.43 0.00180658235946
416.44 0.00171417592462
416.45 0.00162508742487
416.46 0.0015392947236
416.47 0.00145676850725
416.48 0.001377472763
416.49 0.00130136525913
416.5 0.00122839802575
416.51 0.0011585178332
416.52 0.00109166666605
416.53 0.00102778219048
416.54 0.000966798212929
416.55 0.000908645128444
416.56 0.000853250356873
416.57 0.000800538765523
416.58 0.000750433076933
416.59 0.000702854260636
416.6 0.000657721907912
416.61 0.00061495458872
416.62 0.000574470190139
416.63 0.000536186235813
416.64 0.000500020186013
416.65 0.000465889718106
416.66 0.000433712987314
416.67 0.000403408867785
416.68 0.000374897174119
416.69 0.000348098863581
416.7 0.000322936219334
416.71 0.000299333015123
416.72 0.000277214661907
416.73 0.000256508337013
416.74 0.00023714309643
416.75 0.00021904997095
416.76 0.000202162046858
416.77 0.000186414531951
416.78 0.000171744807663
416.79 0.000158092468119
416.8 0.000145399346927
416.81 0.00013360953255
416.82 0.000122669373085
416.83 0.000112527471276
416.84 0.000103134670569
416.85 9.44440330336e-05
416.86 8.64108099025e-05
416.87 7.89924055204e-05
416.88 7.21483354172e-05
416.89 6.58401792226e-05
416.9 6.00315290955e-05
416.91 5.46879343136e-05
416.92 4.97768426344e-05
416.93 4.52675390011e-05
416.94 4.11310821365e-05
416.95 3.73402395266e-05
416.96 3.38694212623e-05
416.97 3.06946131722e-05
416.98 2.77933096415e-05
416.99 2.51444464797e-05
417.0 2.27283341633e-05
417.01 2.05265917499e-05
417.02 1.85220817249e-05
417.03 1.66988460134e-05
417.04 1.50420433608e-05
417.05 1.35378882578e-05
417.06 1.21735915578e-05
417.07 1.09373029139e-05
417.08 9.81805513506e-06
417.09 8.80571054387e-06
417.1 7.89090939668e-06
417.11 7.06502040842e-06
417.12 6.3200934093e-06
417.13 5.64881414467e-06
417.14 5.0444612161e-06
417.15 4.50086514958e-06
417.16 4.0123695662e-06
417.17 3.57379442103e-06
417.18 3.180401268e-06
417.19 2.82786050124e-06
417.2 2.51222051782e-06
417.21 2.22987874138e-06
417.22 1.97755444275e-06
417.23 1.75226328991e-06
417.24 1.55129355786e-06
417.25 1.37218392695e-06
417.26 1.21270279737e-06
417.27 1.07082904725e-06
417.28 9.44734161705e-07
417.29 8.32765660924e-07
417.3 7.33431756302e-07
417.31 6.45387164967e-07
417.32 5.67420014703e-07
417.33 4.98439773114e-07
417.34 4.37466136983e-07
417.35 3.83618820021e-07
417.36 3.36108179577e-07
417.37 2.94226625368e-07
417.38 2.57340755825e-07
417.39 2.24884170231e-07
417.4 1.96350907441e-07
417.41 1.71289464542e-07
417.42 1.49297351421e-07
417.43 1.3001613971e-07
417.44 1.13126967071e-07
417.45 9.83464602028e-08
417.46 8.54230422847e-08
417.47 7.41335928543e-08
417.48 6.42804302689e-08
417.49 5.56885890012e-08
417.5 4.82033660049e-08
417.51 4.1688112278e-08
417.52 3.60222475497e-08
417.53 3.10994777137e-08
417.54 2.68261962334e-08
417.55 2.31200522499e-08
417.56 1.99086695377e-08
417.57 1.71285017726e-08
417.58 1.47238108143e-08
417.59 1.26457558504e-08
417.6 1.08515823206e-08
417.61 9.30390052713e-09
417.62 7.97004475461e-09
417.63 6.82150456763e-09
417.64 5.83342073377e-09
417.65 4.98413893636e-09
417.66 4.25481509901e-09
417.67 3.62906674663e-09
417.68 3.09266537867e-09
417.69 2.63326533359e-09
417.7 2.24016508183e-09
417.71 1.90409730196e-09
417.72 1.61704447313e-09
417.73 1.37207706065e-09
417.74 1.16321168242e-09
417.75 9.85286924647e-10
417.76 8.33854729196e-10
417.77 7.05085503032e-10
417.78 5.95685305768e-10
417.79 5.02823655928e-10
417.8 4.24070661934e-10
417.81 3.5734233209e-10
417.82 3.00853050325e-10
417.83 2.53074322793e-10
417.84 2.12699005909e-10
417.85 1.78610320352e-10
417.86 1.49855039051e-10
417.87 1.2562031135e-10
417.88 1.05213651246e-10
417.89 8.80456758572e-11
417.9 7.36152316989e-11
417.91 6.14965918299e-11
417.92 5.13284470063e-11
417.93 4.28044492745e-11
417.94 3.56650974963e-11
417.95 2.96907815651e-11
417.96 2.46958260089e-11
417.97 2.05233946341e-11
417.98 1.70411362144e-11
417.99 1.41374672618e-11
418.0 1.17184019104e-11
418.01 9.70485114421e-12
418.02 8.0303242249e-12
418.03 6.63897441017e-12
418.04 5.48393907857e-12
418.05 4.52593133635e-12
418.06 3.7320462124e-12
418.07 3.07474976639e-12
418.08 2.53102394625e-12
418.09 2.08164392532e-12
418.1 1.71056800812e-12
418.11 1.40442308592e-12
418.12 1.15207111149e-12
418.13 9.44244200566e-13
418.14 7.73237802735e-13
418.15 6.32652957321e-13
418.16 5.17179997137e-13
418.17 4.22417214932e-13
418.18 3.44718991724e-13
418.19 2.81068726071e-13
418.2 2.28972619298e-13
418.21 1.863709812e-13
418.22 1.51564239132e-13
418.23 1.23151273758e-13
418.24 9.99780783623e-14
418.25 8.10950553546e-14
418.26 6.57215317102e-14
418.27 5.32163018682e-14
418.28 4.30531981592e-14
418.29 3.48008504804e-14
418.3 2.81059331912e-14
418.31 2.26793119192e-14
418.32 1.82845994579e-14
418.33 1.47287109977e-14
418.34 1.1854076966e-14
418.35 9.53222878152e-15
418.36 7.65852058961e-15
418.37 6.14778999498e-15
418.38 4.93079419348e-15
418.39 3.95128577018e-15
418.4 3.16361566629e-15
418.41 2.53077017152e-15
418.42 2.02276490103e-15
418.43 1.61533210093e-15
418.44 1.28884873859e-15
418.45 1.02746205127e-15
418.46 8.18376862882e-16
418.47 6.51275299271e-16
418.48 5.1784475785e-16
418.49 4.11394303542e-16
418.5 3.2654322377e-16
418.51 2.58968410154e-16
418.52 2.05199650966e-16
418.53 1.62453905811e-16
418.54 1.28501266926e-16
418.55 1.01556651772e-16
418.56 8.01923704674e-17
418.57 6.32676117663e-17
418.58 4.98716277305e-17
418.59 3.92779992766e-17
418.6 3.09078563401e-17
418.61 2.43003273853e-17
418.62 1.90888197402e-17
418.63 1.49819982336e-17
418.64 1.17485459209e-17
418.65 9.204966418e-18
418.66 7.2058299769e-18
418.67 5.6359810649e-18
418.68 4.40431885451e-18
418.69 3.43883780313e-18
418.7 2.68267674474e-18
418.71 2.09097436876e-18
418.72 1.62836885215e-18
418.73 1.26701155681e-18
418.74 9.84990583097e-19
418.75 7.65080782265e-19
418.76 5.93753551719e-19
418.77 4.60393157374e-19
418.78 3.56677088204e-19
418.79 2.76086567496e-19
418.8 2.13520242789e-19
418.81 1.6498959041e-19
418.82 1.2737897407e-19
418.83 9.82568102806e-20
418.84 7.57270935716e-20
418.85 5.83127641775e-20
418.86 4.48641744761e-20
418.87 3.44873199177e-20
418.88 2.64876191344e-20
418.89 2.03259153654e-20
418.9 1.55840744836e-20
418.91 1.19381114798e-20
418.92 9.13721738546e-21
418.93 6.98740630267e-21
418.94 5.33877661676e-21
418.95 4.07559681807e-21
418.96 3.10859677327e-21
418.97 2.36897938645e-21
418.98 1.80377300947e-21
418.99 1.37222775435e-21
419.0 1.04302381926e-21
419.01 7.92110857643e-22
419.02 6.0103729145e-22
419.03 4.5565966194e-22
419.04 3.45146489904e-22
419.05 2.61210151427e-22
419.06 1.97515122917e-22
419.07 1.49222519458e-22
419.08 1.12639858371e-22
419.09 8.49519858929e-23
419.1 6.4014548706e-23
419.11 4.81956179536e-23
419.12 3.62543506185e-23
419.13 2.72481122982e-23
419.14 2.04614507645e-23
419.15 1.53518294831e-23
419.16 1.15082043606e-23
419.17 8.61943314307e-24
419.18 6.45020559864e-24
419.19 4.82272082972e-24
419.2 3.60275226907e-24
419.21 2.68905936718e-24
419.22 2.00534958695e-24
419.23 1.49418202625e-24
419.24 1.11234789023e-24
419.25 8.27373249899e-25
419.26 6.14873856629e-25
419.27 4.56556250652e-25
419.28 3.38708636504e-25
419.29 2.51062564482e-25
419.3 1.85935092073e-25
419.31 1.3758290598e-25
419.32 1.01716476071e-25
419.33 7.51349230341e-26
419.34 5.54518574903e-26
419.35 4.08897131149e-26
419.36 3.0125602481e-26
419.37 2.21758937028e-26
419.38 1.63098600235e-26
419.39 1.19851382739e-26
419.4 8.79953203133e-27
419.41 6.45505306214e-27
419.42 4.7311178825e-27
419.43 3.46458670403e-27
419.44 2.53491156044e-27
419.45 1.85309592969e-27
419.46 1.35349515274e-27
419.47 9.87732218089e-28
419.48 7.20187281678e-28
419.49 5.24656898661e-28
419.5 3.81881869861e-28
419.51 2.77719519741e-28
419.52 2.01793644148e-28
419.53 1.46498194872e-28
419.54 1.06262682754e-28
419.55 7.70110405146e-29
419.56 5.57633580555e-29
419.57 4.0343034273e-29
419.58 2.91616378237e-29
419.59 2.10609994651e-29
419.6 1.51974161124e-29
419.61 1.09568128848e-29
419.62 7.89264279144e-30
419.63 5.68047120905e-30
419.64 4.08479241231e-30
419.65 2.93480554518e-30
419.66 2.10674699792e-30
419.67 1.51101629894e-30
419.68 1.0828034398e-30
419.69 7.75271496404e-31
419.7 5.5460236828e-31
419.71 3.96399716361e-31
419.72 2.83079658389e-31
419.73 2.01979690848e-31
419.74 1.43989378085e-31
419.75 1.02559742368e-31
419.76 7.29872665253e-32
419.77 5.1896848948e-32
419.78 3.68687651647e-32
419.79 2.61697701038e-32
419.8 1.85594428768e-32
419.81 1.31508455013e-32
419.82 9.31035259233e-33
419.83 6.58570531495e-33
419.84 4.65438357859e-33
419.85 3.28659175945e-33
419.86 2.31874539713e-33
419.87 1.63449682092e-33
419.88 1.1511682636e-33
419.89 8.10060113429e-34
419.9 5.69533666473e-34
419.91 4.00078549255e-34
419.92 2.80798539514e-34
419.93 1.96910164509e-34
419.94 1.37963796849e-34
419.95 9.65797002839e-35
419.96 6.75507664838e-35
419.97 4.72061325653e-35
419.98 3.29602331103e-35
419.99 2.29935400644e-35
420.0 1.60267372861e-35
420.01 1.11611285026e-35
420.02 7.7659539562e-36
420.03 5.39889929575e-36
420.04 3.75006982936e-36
420.05 2.60253869371e-36
420.06 1.80459083819e-36
420.07 1.25021300903e-36
420.08 8.65392230134e-37
420.09 5.98502104822e-37
420.1 4.13563388537e-37
420.11 2.85523724791e-37
420.12 1.96954554682e-37
420.13 1.35741789129e-37
420.14 9.34727074069e-38
420.15 6.43101892462e-38
420.16 4.42077554982e-38
420.17 3.03627326912e-38
420.18 2.08356454748e-38
420.19 1.42855437216e-38
420.2 9.78611472386e-39
420.21 6.69803701595e-39
420.22 4.58045368698e-39
420.23 3.12963119418e-39
420.24 2.13649332336e-39
420.25 1.45724854556e-39
420.26 9.93091886186e-40
420.27 6.76190319775e-40
420.28 4.60015194947e-40
420.29 3.12679290525e-40
420.3 2.12348780373e-40
420.31 1.44086780184e-40
420.32 9.7683725528e-41
420.33 6.61673901867e-41
420.34 4.47805587714e-41
420.35 3.02801989319e-41
420.36 2.04574572429e-41
420.37 1.38091927884e-41
420.38 9.31340836594e-42
420.39 6.27585226394e-42
420.4 4.2253286042e-42
420.41 2.84231351675e-42
420.42 1.91032466702e-42
420.43 1.28282111347e-42
420.44 8.60693904712e-43
420.45 5.76972438891e-43
420.46 3.86442711975e-43
420.47 2.5860617272e-43
420.48 1.72908508704e-43
420.49 1.15509460601e-43
420.5 7.70978840523e-44
420.51 5.14151461605e-44
420.52 3.42581102708e-44
420.53 2.28065421315e-44
420.54 1.5169777011e-44
420.55 1.00814421561e-44
420.56 6.6940637019e-45
420.57 4.44099957495e-45
420.58 2.9437121125e-45
420.59 1.94954673477e-45
420.6 1.29001772877e-45
420.61 8.52867214176e-46
420.62 5.63366311065e-46
420.63 3.71812544868e-46
420.64 2.45177671956e-46
420.65 1.6153309256e-46
420.66 1.06332447671e-46
420.67 6.99348788425e-47
420.68 4.59563528361e-47
420.69 3.01731739111e-47
420.7 1.97933885127e-47
420.71 1.29730775759e-47
420.72 8.49551269888e-48
420.73 5.55852910775e-48
420.74 3.63374031755e-48
420.75 2.37340363623e-48
420.76 1.54886309449e-48
420.77 1.00989953585e-48
420.78 6.57910815594e-49
420.79 4.28232467995e-49
420.8 2.78494017447e-49
420.81 1.80957197241e-49
420.82 1.17478816963e-49
420.83 7.62021070881e-50
420.84 4.93853468947e-50
420.85 3.19781215977e-50
420.86 2.06886190596e-50
420.87 1.33731516322e-50
420.88 8.6369369117e-51
420.89 5.57326172329e-51
420.9 3.59321200214e-51
420.91 2.31462136522e-51
420.92 1.48970675142e-51
420.93 9.57955481751e-52
420.94 6.15479483121e-52
420.95 3.95098650532e-52
420.96 2.53408527193e-52
420.97 1.62390498785e-52
420.98 1.03973752718e-52
420.99 6.65136123822e-53
421.0 4.25129325452e-53
421.01 2.71490917147e-53
421.02 1.73226072204e-53
421.03 1.10431996571e-53
421.04 7.03396661353e-54
421.05 4.47640522124e-54
421.06 2.84630999029e-54
421.07 1.80825099669e-54
421.08 1.14778076311e-54
421.09 7.27918710526e-55
421.1 4.61243794439e-55
421.11 2.92012809184e-55
421.12 1.84712795368e-55
421.13 1.16738947065e-55
421.14 7.37154083025e-56
421.15 4.65076602794e-56
421.16 2.93166552544e-56
421.17 1.84640964924e-56
421.18 1.16189107218e-56
421.19 7.30510530415e-57
421.2 4.58892816508e-57
421.21 2.88018079642e-57
421.22 1.8061422586e-57
421.23 1.13163890579e-57
421.24 7.08414592739e-58
421.25 4.43088868718e-58
421.26 2.76896772362e-58
421.27 1.72889516419e-58
421.28 1.07855709034e-58
421.29 6.72266281798e-59
421.3 4.18661700352e-59
421.31 2.60500672681e-59
421.32 1.61948965346e-59
421.33 1.00593801082e-59
421.34 6.24292291623e-60
421.35 3.87104695033e-60
421.36 2.39823986273e-60
421.37 1.48450104817e-60
421.38 9.18104491984e-61
421.39 5.67319130292e-61
421.4 3.50256704481e-61
421.41 2.16057426257e-61
421.42 1.33160572003e-61
421.43 8.19984830728e-62
421.44 5.04498288176e-62
421.45 3.10125364829e-62
421.46 1.90475267388e-62
421.47 1.16886299124e-62
421.48 7.16658633072e-63
421.49 4.3902047784e-63
421.5 2.68708207506e-63
421.51 1.64323924352e-63
421.52 1.00402465343e-63
421.53 6.12931114406e-64
421.54 3.7385455112e-64
421.55 2.2783339838e-64
421.56 1.38725346088e-64
421.57 8.43952411056e-65
421.58 5.12983990994e-65
421.59 3.11539686345e-65
421.6 1.89036930644e-65
421.61 1.14605021886e-65
421.62 6.9419958905e-66
421.63 4.20134909004e-66
421.64 2.54048653479e-66
421.65 1.53485989618e-66
421.66 9.26497586954e-67
421.67 5.58783481069e-67
421.68 3.36718158595e-67
421.69 2.02727763419e-67
421.7 1.21950513383e-67
421.71 7.32955738328e-68
421.72 4.40144802857e-68
421.73 2.64080977899e-68
421.74 1.58307821816e-68
421.75 9.48181199271e-69
421.76 5.67419188979e-69
421.77 3.39266055973e-69
421.78 2.02675155067e-69
421.79 1.20971852253e-69
421.8 7.21426114885e-70
421.81 4.29856106527e-70
421.82 2.55904577621e-70
421.83 1.52214743803e-70
421.84 9.04605241811e-71
421.85 5.37137151112e-71
421.86 3.18665461689e-71
421.87 1.88889802189e-71
421.88 1.11867965744e-71
421.89 6.61952279754e-72
421.9 3.9135540495e-72
421.91 2.31174380585e-72
421.92 1.36436880657e-72
421.93 8.04539873909e-73
421.94 4.7400953414e-73
421.95 2.79029610958e-73
421.96 1.64110822674e-73
421.97 9.64379264946e-74
421.98 5.66216105189e-74
421.99 3.32154610124e-74
422.0 1.94680325458e-74
422.01 1.14005959781e-74
422.02 6.67047497427e-75
422.03 3.89950674331e-75
422.04 2.27764641623e-75
422.05 1.32918871768e-75
422.06 7.75016056807e-76
422.07 4.5150074045e-76
422.08 2.6280277452e-76
422.09 1.52835815114e-76
422.1 8.8806354283e-77
422.11 5.15568835984e-77
422.12 2.99056321645e-77
422.13 1.73317744578e-77
422.14 1.0035910576e-77
422.15 5.80623018908e-78
422.16 3.35625869858e-78
422.17 1.93838624901e-78
422.18 1.1185333162e-78
422.19 6.44883464005e-79
422.2 3.71481568077e-79
422.21 2.13804583716e-79
422.22 1.22947716172e-79
422.23 7.06395025943e-80
422.24 4.05507145759e-80
422.25 2.32580394758e-80
422.26 1.33281971285e-80
422.27 7.63121033827e-81
422.28 4.36555187581e-81
422.29 2.4952185763e-81
422.3 1.42495696731e-81
422.31 8.13052549254e-82
422.32 4.63510092601e-82
422.33 2.64011890365e-82
422.34 1.50248965663e-82
422.35 8.54325181746e-83
422.36 4.85354026466e-83
422.37 2.7549757382e-83
422.38 1.56243022884e-83
422.39 8.8533411522e-84
422.4 5.01230486967e-84
422.41 2.83525072718e-84
422.42 1.60239350053e-84
422.43 9.04837500722e-85
422.44 5.10499969825e-85
422.45 2.8776936768e-85
422.46 1.62075405475e-85
422.47 9.12038945019e-86
422.48 5.12782697731e-86
422.49 2.88056085506e-86
422.5 1.61675591645e-86
422.51 9.06641461204e-87
422.52 5.0798443453e-87
422.53 2.84373384489e-87
422.54 1.59056419221e-87
422.55 8.88867787997e-88
422.56 4.96302939281e-88
422.57 2.76872765798e-88
422.58 1.54325375875e-88
422.59 8.59445140342e-89
422.6 4.78214444189e-89
422.61 2.65858733447e-89
422.62 1.47673607995e-89
422.63 8.19555846253e-90
422.64 4.54441444903e-90
422.65 2.5176828634e-90
422.66 1.39363109634e-90
422.67 7.70758539533e-91
422.68 4.25904839104e-91
422.69 2.35142167115e-91
422.7 1.29709615162e-91
422.71 7.14887227314e-92
422.72 3.93664830414e-92
422.73 2.1659050258e-92
422.74 1.19062751152e-92
422.75 6.53937330937e-93
422.76 3.58855874295e-93
422.77 1.96755871729e-93
422.78 1.07785181207e-93
422.79 5.89948529755e-94
422.8 3.22621200261e-94
422.81 1.76276895993e-94
422.82 9.62324624722e-95
422.83 5.24893888258e-95
422.84 2.86052103319e-95
422.85 1.55755175834e-95
422.86 8.47351381606e-96
422.87 4.60583429168e-96
422.88 2.50136338527e-96
422.89 1.35727853343e-96
422.9 7.35842529085e-97
422.91 3.98588259125e-97
422.92 2.15718718389e-97
422.93 1.16647349068e-97
422.94 6.30210490211e-98
422.95 3.40188865585e-98
422.96 1.83475582234e-98
422.97 9.88690056999e-99
422.98 5.32311404904e-99
422.99 2.86348615869e-99
423.0 1.53903365795e-99
423.01 8.26465748788e-100
423.02 4.4343024778e-100
423.03 2.37711110803e-100
423.04 1.27320214333e-100
423.05 6.81347949305e-101
423.06 3.64304266729e-101
423.07 1.94618120826e-101
423.08 1.03878580036e-101
423.09 5.53977908797e-102
423.1 2.95177058876e-102
423.11 1.57143516814e-102
423.12 8.35860972494e-103
423.13 4.44217168999e-103
423.14 2.35874148107e-103
423.15 1.25137957399e-103
423.16 6.633175553e-104
423.17 3.51299582453e-104
423.18 1.8589062528e-104
423.19 9.82790739048e-105
423.2 5.19144592979e-105
423.21 2.73992911484e-105
423.22 1.44482095541e-105
423.23 7.61223959307e-106
423.24 4.00714058031e-106
423.25 2.10756229847e-106
423.26 1.1075159149e-106
423.27 5.81491328806e-107
423.28 3.0504240943e-107
423.29 1.59882494245e-107
423.3 8.37269593547e-108
423.31 4.38080010432e-108
423.32 2.29015705503e-108
423.33 1.19619176642e-108
423.34 6.24252174038e-109
423.35 3.25494032497e-109
423.36 1.69570269546e-109
423.37 8.82632881926e-110
423.38 4.59022746882e-110
423.39 2.3851298344e-110
423.4 1.23826487734e-110
423.41 6.42301293873e-111
423.42 3.32880037462e-111
423.43 1.7236949885e-111
423.44 8.91778091521e-112
423.45 4.60974488458e-112
423.46 2.38078784096e-112
423.47 1.22853692211e-112
423.48 6.33402018454e-113
423.49 3.26282953842e-113
423.5 1.67931837547e-113
423.51 8.63565746223e-114
423.52 4.43691886704e-114
423.53 2.27767250738e-114
423.54 1.16822039654e-114
423.55 5.98662426858e-115
423.56 3.0652290424e-115
423.57 1.56807768362e-115
423.58 8.01485978412e-116
423.59 4.09305891974e-116
423.6 2.08844852882e-116
423.61 1.06469022955e-116
423.62 5.42308577473e-117
423.63 2.75990028264e-117
423.64 1.40334360805e-117
423.65 7.12948834309e-118
423.66 3.61889863044e-118
423.67 1.83534699722e-118
423.68 9.30001535351e-119
423.69 4.7083946545e-119
423.7 2.38169290498e-119
423.71 1.20371141866e-119
423.72 6.07830810406e-120
423.73 3.06666793864e-120
423.74 1.54587547671e-120
423.75 7.78584897311e-121
423.76 3.91797044108e-121
423.77 1.96988125536e-121
423.78 9.89561186433e-122
423.79 4.96671191311e-122
423.8 2.49068611746e-122
423.81 1.24793723369e-122
423.82 6.24726887124e-123
423.83 3.12472185602e-123
423.84 1.56155126012e-123
423.85 7.79695158791e-124
423.86 3.88970927691e-124
423.87 1.93880066587e-124
423.88 9.65545824855e-125
423.89 4.80436874276e-125
423.9 2.38849033268e-125
423.91 1.18640878919e-125
423.92 5.88801537593e-126
423.93 2.91962603706e-126
423.94 1.44646934164e-126
423.95 7.16003179175e-127
423.96 3.54115046683e-127
423.97 1.74983670968e-127
423.98 8.6392169135e-128
423.99 4.26162219863e-128
424.0 2.10038653803e-128
424.01 1.03430165288e-128
424.02 5.0888414945e-129
424.03 2.50157968526e-129
424.04 1.22866495621e-129
424.05 6.02943078734e-130
424.06 2.95626164854e-130
424.07 1.44821531868e-130
424.08 7.08838204968e-131
424.09 3.46644895792e-131
424.1 1.69373793619e-131
424.11 8.26858761474e-132
424.12 4.03311088718e-132
424.13 1.96549844889e-132
424.14 9.57037511792e-133
424.15 4.65595665205e-133
424.16 2.26314618982e-133
424.17 1.09910706923e-133
424.18 5.33323973784e-134
424.19 2.58562729711e-134
424.2 1.25246170049e-134
424.21 6.06159194324e-135
424.22 2.93111361132e-135
424.23 1.41612738081e-135
424.24 6.83589998783e-136
424.25 3.29695327976e-136
424.26 1.58874281012e-136
424.27 7.64923697924e-137
424.28 3.6796485989e-137
424.29 1.76855385369e-137
424.3 8.49285959207e-138
424.31 4.0748658143e-138
424.32 1.95342342886e-138
424.33 9.35627945706e-139
424.34 4.47748036782e-139
424.35 2.14085822656e-139
424.36 1.02274140491e-139
424.37 4.88165947154e-140
424.38 2.3280528571e-140
424.39 1.10928184275e-140
424.4 5.28098196851e-141
424.41 2.51195108085e-141
424.42 1.19379947285e-141
424.43 5.66859331937e-142
424.44 2.68932278231e-142
424.45 1.27477716036e-142
424.46 6.03739136344e-143
424.47 2.85685433386e-143
424.48 1.35067411645e-143
424.49 6.38023639672e-144
424.5 3.01124904736e-144
424.51 1.41997367648e-144
424.52 6.69017724581e-145
424.53 3.14933360076e-145
424.54 1.48123314714e-145
424.55 6.96068354931e-146
424.56 3.26816572095e-146
424.57 1.53313346471e-146
424.58 7.18587351933e-147
424.59 3.36513806142e-147
424.6 1.57452629237e-147
424.61 7.36072614362e-148
424.62 3.43807317229e-148
424.63 1.60447621508e-148
424.64 7.48126715995e-149
424.65 3.48530473942e-149
424.66 1.62229586905e-149
424.67 7.54471919093e-150
424.68 3.50574086254e-150
424.69 1.62757216446e-150
424.7 7.54960812108e-151
424.71 3.49890601702e-151
424.72 1.62018220435e-151
424.73 7.49582002694e-152
424.74 3.46495944766e-152
424.75 1.60029804321e-152
424.76 7.38460559012e-153
424.77 3.40468900103e-153
424.78 1.56838002788e-153
424.79 7.21853175447e-154
424.8 3.31948072972e-154
424.81 1.52515908077e-154
424.82 7.00138323678e-155
424.83 3.21126590628e-155
424.84 1.47160887737e-155
424.85 6.73801916757e-156
424.86 3.08244827496e-156
424.87 1.4089093969e-156
424.88 6.43419244361e-157
424.89 2.93581536699e-157
424.9 1.33840375059e-157
424.91 6.09634116442e-158
424.92 2.7744384442e-158
424.93 1.26155049047e-158
424.94 5.73136269257e-159
424.95 2.6015660741e-159
424.96 1.1798737558e-159
424.97 5.34638136358e-160
424.98 2.42051645783e-160
424.99 1.09491361972e-160
425.0 4.94852067016e-161
425.01 2.23457343668e-161
425.02 1.00817886181e-161
425.03 4.54468990511e-162
425.04 2.04689062224e-162
425.05 9.21104129776e-163
425.06 4.14139385872e-163
425.07 1.86040737869e-163
425.08 8.35013090586e-164
425.09 3.74457235924e-164
425.1 1.67777949712e-164
425.11 7.5108873972e-165
425.12 3.35947436758e-165
425.13 1.50132641223e-165
425.14 6.70351569838e-166
425.15 2.9905691504e-166
425.16 1.33299579591e-166
425.17 5.93645831982e-167
425.18 2.64149491318e-167
425.19 1.17434538912e-167
425.2 5.21633683884e-168
425.21 2.31504331374e-168
425.22 1.02654106371e-168
425.23 4.54796637361e-169
425.24 2.01317660919e-169
425.25 8.90369386006e-170
425.26 3.93443409406e-170
425.27 1.73707289269e-170
425.28 7.66262414768e-171
425.29 3.37723061229e-171
425.3 1.48719399444e-171
425.31 6.54332122644e-172
425.32 2.87642180388e-172
425.33 1.26337016157e-172
425.34 5.54411680182e-173
425.35 2.43084820261e-173
425.36 1.06489557025e-173
425.37 4.66100870258e-174
425.38 2.03833949584e-174
425.39 8.90629011918e-175
425.4 3.88813082094e-175
425.41 1.69593269282e-175
425.42 7.39094666164e-176
425.43 3.21821634679e-176
425.44 1.40008407996e-176
425.45 6.08578647583e-177
425.46 2.64303562319e-177
425.47 1.14686694333e-177
425.48 4.97217912554e-178
425.49 2.15379423103e-178
425.5 9.3214905854e-179
425.51 4.03079056848e-179
425.52 1.741481297e-179
425.53 7.51745969075e-180
425.54 3.24225459182e-180
425.55 1.39716221633e-180
425.56 6.01547966996e-181
425.57 2.58772074134e-181
425.58 1.11221375756e-181
425.59 4.776203596e-182
425.6 2.04927910657e-182
425.61 8.78502710319e-183
425.62 3.76277986737e-183
425.63 1.61026825084e-183
425.64 6.885117578e-184
425.65 2.94136015283e-184
425.66 1.25547699911e-184
425.67 5.35418076062e-185
425.68 2.28139775673e-185
425.69 9.71253738983e-186
425.7 4.13131309617e-186
425.71 1.75576839935e-186
425.72 7.45538472045e-187
425.73 3.16298114346e-187
425.74 1.34074707714e-187
425.75 5.67833260415e-188
425.76 2.40280489748e-188
425.77 1.01587413281e-188
425.78 4.29126177481e-189
425.79 1.81114752476e-189
425.8 7.63741443578e-190
425.81 3.21782633249e-190
425.82 1.35457344486e-190
425.83 5.6972624486e-191
425.84 2.39416240622e-191
425.85 1.00522828615e-191
425.86 4.21696024562e-192
425.87 1.76749431437e-192
425.88 7.40184960428e-193
425.89 3.09703561889e-193
425.9 1.29471999871e-193
425.91 5.40790713126e-194
425.92 2.25686876575e-194
425.93 9.41037867279e-195
425.94 3.92041106159e-195
425.95 1.63184845474e-195
425.96 6.78659223284e-196
425.97 2.81998890349e-196
425.98 1.17075697964e-196
425.99 4.85634826898e-197
426.0 2.0126886867e-197
426.01 8.33426104234e-198
426.02 3.44811153466e-198
426.03 1.42534246445e-198
426.04 5.88682133581e-199
426.05 2.42921636925e-199
426.06 1.00155604186e-199
426.07 4.12579859745e-200
426.08 1.69810486072e-200
426.09 6.98304271893e-201
426.1 2.86911928814e-201
426.11 1.1778126755e-201
426.12 4.83089452101e-202
426.13 1.9797146589e-202
426.14 8.10590211712e-203
426.15 3.316071025e-203
426.16 1.35540787676e-203
426.17 5.53528388151e-204
426.18 2.25856973993e-204
426.19 9.20769285687e-205
426.2 3.75052319162e-205
426.21 1.52635867419e-205
426.22 6.20647564356e-206
426.23 2.52148984955e-206
426.24 1.02351239283e-206
426.25 4.15099967475e-207
426.26 1.68203878498e-207
426.27 6.80993590735e-208
426.28 2.75469649128e-208
426.29 1.1133409922e-208
426.3 4.49579350992e-209
426.31 1.81387863272e-209
426.32 7.31195998861e-210
426.33 2.94498508833e-210
426.34 1.1851030245e-210
426.35 4.76488940963e-211
426.36 1.91413805141e-211
426.37 7.68276237152e-212
426.38 3.0809543041e-212
426.39 1.2344594423e-212
426.4 4.94187899613e-213
426.41 1.97665602809e-213
426.42 7.89939457964e-214
426.43 3.15413462927e-214
426.44 1.25831785177e-214
426.45 5.01561510835e-215
426.46 1.99747686678e-215
426.47 7.94809459554e-216
426.48 3.1598612183e-216
426.49 1.25515309896e-216
426.5 4.98137353546e-217
426.51 1.97526436159e-217
426.52 7.82573359668e-218
426.53 3.09776596263e-218
426.54 1.22516860661e-218
426.55 4.84135388389e-219
426.56 1.9114436989e-219
426.57 7.54014859207e-220
426.58 2.97181664614e-220
426.59 1.17027473725e-220
426.6 4.60444576145e-221
426.61 1.81005014065e-221
426.62 7.10931180223e-222
426.63 2.78989739315e-222
426.64 1.09388738161e-222
426.65 4.28529482738e-223
426.66 1.67730682138e-223
426.67 6.55945915715e-224
426.68 2.56299207792e-224
426.69 1.00057629089e-224
426.7 3.90280510535e-225
426.71 1.52099306366e-225
426.72 5.92244880236e-226
426.73 2.30408824982e-226
426.74 8.95613467965e-227
426.75 3.47829037372e-227
426.76 1.34969228818e-227
426.77 5.23271896428e-228
426.78 2.02695341327e-228
426.79 7.84483541069e-229
426.8 3.03352527565e-229
426.81 1.17202024077e-229
426.82 4.52424712033e-230
426.83 1.74494297121e-230
426.84 6.72418834279e-231
426.85 2.5889413592e-231
426.86 9.959287515e-232
426.87 3.82787757374e-232
426.88 1.46998032187e-232
426.89 5.64012481825e-233
426.9 2.1621689278e-233
426.91 8.28159982341e-234
426.92 3.16929432324e-234
426.93 1.21181023691e-234
426.94 4.62946040101e-235
426.95 1.76705408693e-235
426.96 6.73896226498e-236
426.97 2.56779245689e-236
426.98 9.77575987821e-237
426.99 3.71847481758e-237
427.0 1.41319755185e-237
427.01 5.36617239295e-238
427.02 2.03587016223e-238
427.03 7.71719095533e-239
427.04 2.92275309034e-239
427.05 1.10598369047e-239
427.06 4.18147042474e-240
427.07 1.57954880265e-240
427.08 5.96157182133e-241
427.09 2.24808239548e-241
427.1 8.47007744951e-242
427.11 3.18849874791e-242
427.12 1.19924752977e-242
427.13 4.50666344966e-243
427.14 1.6920965254e-243
427.15 6.34773595139e-244
427.16 2.37922921942e-244
427.17 8.90999435981e-245
427.18 3.33382106164e-245
427.19 1.24632370478e-245
427.2 4.65525137565e-246
427.21 1.73731724851e-246
427.22 6.47796859605e-247
427.23 2.41336081893e-247
427.24 8.9831652642e-248
427.25 3.3408750555e-248
427.26 1.24140871737e-248
427.27 4.60885516127e-249
427.28 1.70960209754e-249
427.29 6.33608123022e-250
427.3 2.34622762129e-250
427.31 8.68047044348e-251
427.32 3.20878112679e-251
427.33 1.18511539284e-251
427.34 4.37325595206e-252
427.35 1.61240028154e-252
427.36 5.93970050429e-253
427.37 2.1861499217e-253
427.38 8.03931505337e-254
427.39 2.95380531787e-254
427.4 1.08434729391e-254
427.41 3.97721111479e-255
427.42 1.45751355152e-255
427.43 5.33666904626e-256
427.44 1.95232291977e-256
427.45 7.13603131671e-257
427.46 2.60606686417e-257
427.47 9.5090706421e-258
427.48 3.46668439664e-258
427.49 1.26274090813e-258
427.5 4.59555435541e-259
427.51 1.67103396267e-259
427.52 6.07094584381e-260
427.53 2.20369331016e-260
427.54 7.99226104146e-261
427.55 2.89608883815e-261
427.56 1.04852263885e-261
427.57 3.79286562273e-262
427.58 1.37082120367e-262
427.59 4.95014457212e-263
427.6 1.78598852831e-263
427.61 6.43818066652e-264
427.62 2.31884311441e-264
427.63 8.34455701202e-265
427.64 3.00026018198e-265
427.65 1.07780020749e-265
427.66 3.8684885873e-266
427.67 1.38729266339e-266
427.68 4.97071166268e-267
427.69 1.77947858645e-267
427.7 6.36488664248e-268
427.71 2.2746380146e-268
427.72 8.1218997587e-269
427.73 2.89752151691e-269
427.74 1.03280760421e-269
427.75 3.67820471247e-270
427.76 1.30880841491e-270
427.77 4.6530741487e-271
427.78 1.65282769147e-271
427.79 5.86595733729e-272
427.8 2.0800507549e-272
427.81 7.36940927972e-273
427.82 2.60864591499e-273
427.83 9.22616683785e-274
427.84 3.26025211954e-274
427.85 1.15107807177e-274
427.86 4.06052405654e-275
427.87 1.43114325314e-275
427.88 5.03973661064e-276
427.89 1.7731941279e-276
427.9 6.23344944585e-277
427.91 2.18939595494e-277
427.92 7.68323105187e-278
427.93 2.69393546884e-278
427.94 9.43743982628e-279
427.95 3.30327640544e-279
427.96 1.15520576498e-279
427.97 4.0364306225e-280
427.98 1.40915689362e-280
427.99 4.91524216201e-281
428.0 1.71298753057e-281
428.01 5.96468064921e-282
428.02 2.075123285e-282
428.03 7.2131393678e-283
428.04 2.50511954719e-283
428.05 8.69273220315e-284
428.06 3.01375440269e-284
428.07 1.04395824264e-284
428.08 3.61311770573e-285
428.09 1.24940950274e-285
428.1 4.31669348746e-286
428.11 1.49012030257e-286
428.12 5.13943247327e-287
428.13 1.7710576944e-287
428.14 6.09781109898e-288
428.15 2.09767854512e-288
428.16 7.20987306394e-289
428.17 2.47593941505e-289
428.18 8.49524915856e-290
428.19 2.91229886367e-290
428.2 9.97515087474e-291
428.21 3.41371073629e-291
428.22 1.1672333171e-291
428.23 3.98760695962e-292
428.24 1.36110217416e-292
428.25 4.64186838771e-293
428.26 1.58168002522e-293
428.27 5.38478229916e-294
428.28 1.83164532725e-294
428.29 6.22498525822e-295
428.3 2.11377610779e-295
428.31 7.17139022098e-296
428.32 2.4309243121e-296
428.33 8.23309699767e-297
428.34 2.78598477993e-297
428.35 9.41928547478e-298
428.36 3.18185871718e-298
428.37 1.07390913566e-298
428.38 3.62141165005e-299
428.39 1.22014646033e-299
428.4 4.10742599039e-300
428.41 1.38150112159e-300
428.42 4.64254849886e-301
428.43 1.55878195405e-301
428.44 5.22923310405e-302
428.45 1.75272728264e-302
428.46 5.86967971779e-303
428.47 1.96398503565e-303
428.48 6.5657698743e-304
428.49 2.19309200658e-304
428.5 7.31900020825e-305
428.51 2.44045261476e-305
428.52 8.13041496822e-306
428.53 2.70631757055e-306
428.54 9.00053893078e-307
428.55 2.99076290109e-307
428.56 9.92931222896e-308
428.57 3.29366983585e-308
428.58 1.09160287304e-308
428.59 3.61470608449e-309
428.6 1.19592796882e-309
428.61 3.95330906072e-310
428.62 1.30569044338e-310
428.63 4.30867161408e-311
428.64 1.42059498819e-311
428.65 4.67973082307e-312
428.66 1.54026405665e-312
428.67 5.06516037894e-313
428.68 1.66423608219e-313
428.69 5.46336704721e-314
428.7 1.79196505609e-314
428.71 5.87249163277e-315
428.72 1.92282158741e-315
428.73 6.2904148012e-316
428.74 2.05609553846e-316
428.75 6.71476813026e-317
428.76 2.19100031128e-317
428.77 7.14294913409e-318
428.78 2.32667864268e-318
428.79 7.57214890129e-319
428.8 2.46222555261e-319
428.81 7.99941687182e-320
428.82 2.59680903454e-320
428.83 8.42381926159e-321
428.84 2.72724236504e-321
428.85 8.84377506056e-322
428.86 2.86558074588e-322
428.87 9.38724727098e-323
428.88 2.96439387505e-323
428.89 9.88131291682e-324
428.9 4.94065645841e-324
428.91 0.0
428.92 0.0
428.93 0.0
428.94 0.0
428.95 0.0
428.96 0.0
428.97 0.0
428.98 0.0
428.99 0.0
429.0 0.0
429.01 0.0
429.02 0.0
429.03 0.0
429.04 0.0
429.05 0.0
429.06 0.0
429.07 0.0
429.08 0.0
429.09 0.0
429.1 0.0
429.11 0.0
429.12 0.0
429.13 0.0
429.14 0.0
429.15 0.0
429.16 0.0
429.17 0.0
429.18 0.0
429.19 0.0
429.2 0.0
429.21 0.0
429.22 0.0
429.23 0.0
429.24 0.0
429.25 0.0
429.26 0.0
429.27 0.0
429.28 0.0
429.29 0.0
429.3 0.0
429.31 0.0
429.32 0.0
429.33 0.0
429.34 0.0
429.35 0.0
429.36 0.0
429.37 0.0
429.38 0.0
429.39 0.0
429.4 0.0
429.41 0.0
429.42 0.0
429.43 0.0
429.44 0.0
429.45 0.0
429.46 0.0
429.47 0.0
429.48 0.0
429.49 0.0
429.5 0.0
429.51 0.0
429.52 0.0
429.53 0.0
429.54 0.0
429.55 0.0
429.56 0.0
429.57 0.0
429.58 0.0
429.59 0.0
429.6 0.0
429.61 0.0
429.62 0.0
429.63 0.0
429.64 0.0
429.65 0.0
429.66 0.0
429.67 0.0
429.68 0.0
429.69 0.0
429.7 0.0
429.71 0.0
429.72 0.0
429.73 0.0
429.74 0.0
429.75 0.0
429.76 0.0
429.77 0.0
429.78 0.0
429.79 0.0
429.8 0.0
429.81 0.0
429.82 0.0
429.83 0.0
429.84 0.0
429.85 0.0
429.86 0.0
429.87 0.0
429.88 0.0
429.89 0.0
429.9 0.0
429.91 0.0
429.92 0.0
429.93 0.0
429.94 0.0
429.95 0.0
429.96 0.0
429.97 0.0
429.98 0.0
429.99 0.0
