400.0 1.33806111521e-22
400.01 1.77277892062e-22
400.02 2.34669647289e-22
400.03 3.10372314338e-22
400.04 4.10140579912e-22
400.05 5.41509674675e-22
400.06 7.14337437827e-22
400.07 9.41508652992e-22
400.08 1.23984938899e-21
400.09 1.63131286585e-21
400.1 2.14451606e-21
400.11 2.81672894744e-21
400.12 3.69644734035e-21
400.13 4.84671745424e-21
400.14 6.34942787501e-21
400.15 8.31084530089e-21
400.16 1.08687478884e-20
400.17 1.42016087591e-20
400.18 1.85404079442e-20
400.19 2.41838109829e-20
400.2 3.15176556606e-20
400.21 4.10399464615e-20
400.22 5.3392883681e-20
400.23 6.94038689887e-20
400.24 9.01379544068e-20
400.25 1.16964865863e-19
400.26 1.51644571674e-19
400.27 1.96436425555e-19
400.28 2.54238249465e-19
400.29 3.28763404215e-19
400.3 4.24766013355e-19
400.31 5.48327168213e-19
400.32 7.07218285865e-19
400.33 9.1136198767e-19
400.34 1.17341612556e-18
400.35 1.50951316974e-18
400.36 1.94019541116e-18
400.37 2.49159673037e-18
400.38 3.1969345415e-18
400.39 4.09839155743e-18
400.4 5.24948700491e-18
400.41 6.71806179324e-18
400.42 8.59003307299e-18
400.43 1.09741120495e-17
400.44 1.4007726608e-17
400.45 1.78644494341e-17
400.46 2.27633055511e-17
400.47 2.89804238038e-17
400.48 3.68636088279e-17
400.49 4.68505483419e-17
400.5 5.94915412077e-17
400.51 7.54778419399e-17
400.52 9.56769761613e-17
400.53 1.21176699785e-16
400.54 1.53339665746e-16
400.55 1.93871341997e-16
400.56 2.44904312901e-16
400.57 3.09102816763e-16
400.58 3.89792253993e-16
400.59 4.91119478076e-16
400.6 6.18250997415e-16
400.61 7.7761782113e-16
400.62 9.77217637602e-16
400.63 1.22698739509e-15
400.64 1.53926224833e-15
400.65 1.92934035115e-15
400.66 2.41617724158e-15
400.67 3.02323873763e-15
400.68 3.77954752434e-15
400.69 4.72096618764e-15
400.7 5.89176860422e-15
400.71 7.34656264519e-15
400.72 9.15264047442e-15
400.73 1.13928487702e-14
400.74 1.41690905084e-14
400.75 1.76065931553e-14
400.76 2.18591059863e-14
400.77 2.71152226715e-14
400.78 3.36060653183e-14
400.79 4.16146140917e-14
400.8 5.14870238392e-14
400.81 6.36463375846e-14
400.82 7.8609088401e-14
400.83 9.70053784702e-14
400.84 1.19603139956e-13
400.85 1.47337420045e-13
400.86 1.81345696086e-13
400.87 2.23010420877e-13
400.88 2.74010228156e-13
400.89 3.36381500738e-13
400.9 4.12592325756e-13
400.91 5.05631241967e-13
400.92 6.19113632938e-13
400.93 7.57409149056e-13
400.94 9.25794164212e-13
400.95 1.13063400553e-12
400.96 1.37960055503e-12
400.97 1.68193183166e-12
400.98 2.04874134553e-12
400.99 2.49338640131e-12
401.0 3.03190614748e-12
401.01 3.6835420601e-12
401.02 4.47135575665e-12
401.03 5.42296160735e-12
401.04 6.57139460489e-12
401.05 7.95613743307e-12
401.06 9.62433471623e-12
401.07 1.16322271174e-11
401.08 1.40468433829e-11
401.09 1.69479947123e-11
401.1 2.04306230927e-11
401.11 2.46075636174e-11
401.12 2.96127904667e-11
401.13 3.56052273566e-11
401.14 4.27732160529e-11
401.15 5.13397512443e-11
401.16 6.15686069267e-11
401.17 7.37714987709e-11
401.18 8.83164490483e-11
401.19 1.05637545958e-10
401.2 1.26246318038e-10
401.21 1.5074497722e-10
401.22 1.79841821526e-10
401.23 2.14369130953e-10
401.24 2.55303938458e-10
401.25 3.03792112732e-10
401.26 3.61176251569e-10
401.27 4.29027954839e-10
401.28 5.09185125396e-10
401.29 6.03795035721e-10
401.3 7.15363998887e-10
401.31 8.46814595791e-10
401.32 1.00155153797e-09
401.33 1.18353738815e-09
401.34 1.39737952069e-09
401.35 1.64842988307e-09
401.36 1.94289931944e-09
401.37 2.28798844021e-09
401.38 2.6920372698e-09
401.39 3.16469618076e-09
401.4 3.71712092887e-09
401.41 4.36219494328e-09
401.42 5.1147824019e-09
401.43 5.99201603713e-09
401.44 7.01362407545e-09
401.45 8.20230121869e-09
401.46 9.58412912929e-09
401.47 1.11890524909e-08
401.48 1.30514173823e-08
401.49 1.52105794318e-08
401.5 1.77115900164e-08
401.51 2.06059696361e-08
401.52 2.39525785394e-08
401.53 2.78185956974e-08
401.54 3.22806183367e-08
401.55 3.74258954384e-08
401.56 4.33537099056e-08
401.57 5.01769254936e-08
401.58 5.80237160959e-08
401.59 6.70394965784e-08
401.6 7.73890760705e-08
401.61 8.925905645e-08
401.62 1.02860500699e-07
401.63 1.18431897876e-07
401.64 1.36242453619e-07
401.65 1.56595737408e-07
401.66 1.79833720228e-07
401.67 2.06341238798e-07
401.68 2.36550925188e-07
401.69 2.70948643403e-07
401.7 3.10079477343e-07
401.71 3.54554317518e-07
401.72 4.05057096891e-07
401.73 4.62352729335e-07
401.74 5.27295807302e-07
401.75 6.00840118488e-07
401.76 6.84049044436e-07
401.77 7.78106907189e-07
401.78 8.8433133321e-07
401.79 1.00418670681e-06
401.8 1.13929878827e-06
401.81 1.29147057457e-06
401.82 1.46269948326e-06
401.83 1.65519594222e-06
401.84 1.87140347025e-06
401.85 2.11402033487e-06
401.86 2.38602287523e-06
401.87 2.69069057845e-06
401.88 3.03163299831e-06
401.89 3.41281860449e-06
401.9 3.83860564953e-06
401.91 4.31377513889e-06
401.92 4.84356598658e-06
401.93 5.43371243517e-06
401.94 6.09048381418e-06
401.95 6.82072670507e-06
401.96 7.63190957373e-06
401.97 8.53216992314e-06
401.98 9.53036400883e-06
401.99 1.06361191486e-05
402.0 1.1859888645e-05
402.01 1.32130093242e-05
402.02 1.47077616797e-05
402.03 1.63574325887e-05
402.04 1.81763805527e-05
402.05 2.01801033886e-05
402.06 2.23853082744e-05
402.07 2.48099840281e-05
402.08 2.74734754692e-05
402.09 3.03965596845e-05
402.1 3.36015239862e-05
402.11 3.71122453179e-05
402.12 4.09542708294e-05
402.13 4.51548993011e-05
402.14 4.97432630653e-05
402.15 5.47504100256e-05
402.16 6.02093853389e-05
402.17 6.61553122798e-05
402.18 7.2625471764e-05
402.19 7.96593799643e-05
402.2 8.72988634078e-05
402.21 9.55881308997e-05
402.22 0.000104573841575
402.23 0.000114305168336
402.24 0.000124833855893
402.25 0.000136214272591
402.26 0.000148503455149
402.27 0.000161761145435
402.28 0.000176049818333
402.29 0.000191434699769
402.3 0.000207983773892
402.31 0.000225767778439
402.32 0.000244860187269
402.33 0.000265337179041
402.34 0.000287277591038
402.35 0.000310762857121
402.36 0.00033587692882
402.37 0.000362706178612
402.38 0.000391339284422
402.39 0.000421867094491
402.4 0.000454382471737
402.41 0.000488980116866
402.42 0.000525756369493
402.43 0.000564808986687
402.44 0.000606236898384
402.45 0.000650139939277
402.46 0.000696618556847
402.47 0.000745773495386
402.48 0.000797705455958
402.49 0.000852514732409
402.5 0.000910300823701
402.51 0.000971162022992
402.52 0.00103519498408
402.53 0.00110249426603
402.54 0.00117315185685
402.55 0.00124725667765
402.56 0.00132489406832
402.57 0.0014061452566
402.58 0.00149108681222
402.59 0.00157979008802
402.6 0.00167232065046
402.61 0.00176873770166
402.62 0.00186909349576
402.63 0.00197343275235
402.64 0.00208179206982
402.65 0.00219419934187
402.66 0.00231067318048
402.67 0.00243122234871
402.68 0.00255584520685
402.69 0.00268452917574
402.7 0.00281725022083
402.71 0.00295397236093
402.72 0.00309464720543
402.73 0.00323921352387
402.74 0.00338759685173
402.75 0.00353970913631
402.76 0.00369544842633
402.77 0.00385469860902
402.78 0.0040173291982
402.79 0.00418319517663
402.8 0.00435213689594
402.81 0.00452398003703
402.82 0.00469853563358
402.83 0.00487560016126
402.84 0.00505495569458
402.85 0.00523637013332
402.86 0.0054195974998
402.87 0.00560437830815
402.88 0.00579044000623
402.89 0.00597749749025
402.9 0.00616525369198
402.91 0.00635340023788
402.92 0.00654161817885
402.93 0.00672957878917
402.94 0.00691694443236
402.95 0.0071033694914
402.96 0.00728850136045
402.97 0.00747198149424
402.98 0.00765344651149
402.99 0.00783252934774
403.0 0.00800886045285
403.01 0.00818206902801
403.02 0.00835178429663
403.03 0.00851763680319
403.04 0.00867925973393
403.05 0.00883629025282
403.06 0.00898837084616
403.07 0.00913515066898
403.08 0.00927628688606
403.09 0.00941144600071
403.1 0.00954030516397
403.11 0.00966255345723
403.12 0.00977789314102
403.13 0.00988604086326
403.14 0.00998672881989
403.15 0.0100797058615
403.16 0.0101647385394
403.17 0.0102416120852
403.18 0.0103101313187
403.19 0.0103701214774
403.2 0.0104214289644
403.21 0.0104639220095
403.22 0.0104974912393
403.23 0.010522050154
403.24 0.0105375355066
403.25 0.0105439075844
403.26 0.0105411503885
403.27 0.0105292717129
403.28 0.0105083031217
403.29 0.0104782998239
403.3 0.0104393404486
403.31 0.01039152672
403.32 0.0103349830365
403.33 0.0102698559549
403.34 0.0101963135836
403.35 0.0101145448887
403.36 0.0100247589184
403.37 0.00992718394801
403.38 0.00982206655388
403.39 0.00970967061985
403.4 0.00959027628347
403.41 0.00946417882809
403.42 0.00933168752759
403.43 0.00919312445079
403.44 0.00904882323272
403.45 0.00889912782009
403.46 0.00874439119829
403.47 0.00858497410749
403.48 0.00842124375518
403.49 0.00825357253259
403.5 0.00808233674222
403.51 0.00790791534365
403.52 0.00773068872449
403.53 0.00755103750316
403.54 0.00736934136997
403.55 0.00718597797248
403.56 0.00700132185089
403.57 0.00681574342894
403.58 0.00662960806501
403.59 0.00644327516825
403.6 0.00625709738343
403.61 0.00607141984849
403.62 0.00588657952758
403.63 0.00570290462234
403.64 0.00552071406358
403.65 0.00534031708491
403.66 0.00516201287941
403.67 0.00498609034002
403.68 0.00481282788386
403.69 0.00464249335989
403.7 0.00447534403935
403.71 0.00431162668755
403.72 0.00415157771538
403.73 0.00399542340834
403.74 0.00384338023059
403.75 0.00369565520111
403.76 0.00355244633872
403.77 0.00341394317223
403.78 0.00328032731191
403.79 0.00315177307809
403.8 0.00302844818218
403.81 0.00291051445575
403.82 0.00279812862233
403.83 0.0026914431071
403.84 0.00259060687896
403.85 0.00249576631968
403.86 0.00240706611435
403.87 0.00232465015764
403.88 0.00224866246995
403.89 0.00217924811763
403.9 0.00211655413148
403.91 0.00206073041752
403.92 0.00201193065412
403.93 0.00197031316968
403.94 0.00193604179492
403.95 0.00190928668396
403.96 0.00189022509848
403.97 0.00187904214932
403.98 0.00187593148986
403.99 0.00188109595588
404.0 0.00189474814652
404.01 0.00191711094126
404.02 0.00194841794795
404.03 0.00198891387715
404.04 0.00203885483829
404.05 0.00209850855328
404.06 0.00216815448376
404.07 0.002248083868
404.08 0.00233859966432
404.09 0.00244001639773
404.1 0.00255265990726
404.11 0.0026768669916
404.12 0.00281298495116
404.13 0.00296137102502
404.14 0.00312239172194
404.15 0.00329642204472
404.16 0.00348384460809
404.17 0.00368504865053
404.18 0.00390042894118
404.19 0.00413038458355
404.2 0.00437531771814
404.21 0.00463563212699
404.22 0.00491173174357
404.23 0.0052040190721
404.24 0.00551289352114
404.25 0.00583874965665
404.26 0.00618197538076
404.27 0.00654295004265
404.28 0.00692204248895
404.29 0.00731960906141
404.3 0.00773599155029
404.31 0.00817151511241
404.32 0.00862648616326
404.33 0.00910119025324
404.34 0.00959588993828
404.35 0.0101108226556
404.36 0.0106461986156
404.37 0.0112021987216
404.38 0.0117789725282
404.39 0.0123766362505
404.4 0.0129952708361
404.41 0.0136349201105
404.42 0.0142955890085
404.43 0.0149772419028
404.44 0.0156798010404
404.45 0.0164031450981
404.46 0.0171471078671
404.47 0.017911477077
404.48 0.018695993367
404.49 0.019500349415
404.5 0.0203241892302
404.51 0.0211671076176
404.52 0.0220286498189
404.53 0.0229083113365
404.54 0.0238055379431
404.55 0.0247197258806
404.56 0.0256502222498
404.57 0.0265963255911
404.58 0.0275572866568
404.59 0.0285323093717
404.6 0.0295205519804
404.61 0.030521128376
404.62 0.0315331096061
404.63 0.0325555255487
404.64 0.0335873667507
404.65 0.0346275864208
404.66 0.0356751025672
404.67 0.0367288002686
404.68 0.0377875340691
404.69 0.0388501304833
404.7 0.0399153905998
404.71 0.0409820927695
404.72 0.0420489953652
404.73 0.0431148395994
404.74 0.0441783523839
404.75 0.0452382492202
404.76 0.0462932371034
404.77 0.047342017428
404.78 0.0483832888808
404.79 0.0494157503075
404.8 0.0504381035413
404.81 0.0514490561806
404.82 0.052447324304
404.83 0.0534316351136
404.84 0.0544007294956
404.85 0.0553533644902
404.86 0.0562883156637
404.87 0.0572043793746
404.88 0.0581003749308
404.89 0.0589751466323
404.9 0.0598275656958
404.91 0.0606565320619
404.92 0.0614609760806
404.93 0.0622398600799
404.94 0.0629921798146
404.95 0.0637169658016
404.96 0.0644132845429
404.97 0.0650802396419
404.98 0.0657169728175
404.99 0.0663226648227
405.0 0.066896536273
405.01 0.0674378483926
405.02 0.0679459036853
405.03 0.0684200465378
405.04 0.0688596637618
405.05 0.0692641850847
405.06 0.0696330835943
405.07 0.0699658761456
405.08 0.0702621237366
405.09 0.0705214318582
405.1 0.070743450826
405.11 0.0709278760965
405.12 0.0710744485737
405.13 0.0711829549089
405.14 0.0712532277955
405.15 0.0712851462615
405.16 0.0712786359591
405.17 0.0712336694513
405.18 0.0711502664942
405.19 0.0710284943119
405.2 0.070868467861
405.21 0.0706703500797
405.22 0.0704343521171
405.23 0.0701607335351
405.24 0.0698498024772
405.25 0.0695019157966
405.26 0.0691174791341
405.27 0.0686969469395
405.28 0.0682408224256
405.29 0.0677496574467
405.3 0.0672240522927
405.31 0.0666646553886
405.32 0.0660721628921
405.33 0.0654473181794
405.34 0.0647909112115
405.35 0.0641037777737
405.36 0.0633867985816
405.37 0.0626408982467
405.38 0.0618670440973
405.39 0.0610662448507
405.4 0.060239549133
405.41 0.0593880438448
405.42 0.0585128523733
405.43 0.0576151326496
405.44 0.0566960750547
405.45 0.0557569001767
405.46 0.0547988564246
405.47 0.0538232175032
405.48 0.0528312797582
405.49 0.0518243593979
405.5 0.0508037896037
405.51 0.0497709175371
405.52 0.0487271012581
405.53 0.0476737065657
405.54 0.0466121037745
405.55 0.0455436644433
405.56 0.044469758068
405.57 0.0433917487571
405.58 0.0423109919042
405.59 0.0412288308734
405.6 0.0401465937145
405.61 0.0390655899252
405.62 0.0379871072734
405.63 0.0369124086987
405.64 0.0358427293061
405.65 0.0347792734681
405.66 0.0337232120487
405.67 0.0326756797623
405.68 0.0316377726808
405.69 0.0306105459002
405.7 0.0295950113769
405.71 0.0285921359427
405.72 0.027602839508
405.73 0.0266279934587
405.74 0.0256684192528
405.75 0.0247248872221
405.76 0.0237981155803
405.77 0.0228887696408
405.78 0.0219974612439
405.79 0.0211247483925
405.8 0.0202711350946
405.81 0.0194370714087
405.82 0.0186229536889
405.83 0.0178291250222
405.84 0.017055875853
405.85 0.0163034447871
405.86 0.0155720195662
405.87 0.0148617382031
405.88 0.0141726902702
405.89 0.0135049183273
405.9 0.0128584194809
405.91 0.0122331470612
405.92 0.0116290124059
405.93 0.0110458867393
405.94 0.0104836031337
405.95 0.00994195854085
405.96 0.00942071588197
405.97 0.00891960618399
405.98 0.0084383307498
405.99 0.00797656335137
406.0 0.0075339524344
406.01 0.00711012332363
406.02 0.0067046804185
406.03 0.0063172093694
406.04 0.00594727922509
406.05 0.00559444454284
406.06 0.00525824745313
406.07 0.00493821967157
406.08 0.00463388445137
406.09 0.00434475847044
406.1 0.00407035364764
406.11 0.00381017888375
406.12 0.00356374172322
406.13 0.00333054993334
406.14 0.00311011299847
406.15 0.00290194352725
406.16 0.0027055585716
406.17 0.0025204808567
406.18 0.00234623992199
406.19 0.00218237317339
406.2 0.0020284268478
406.21 0.00188395689116
406.22 0.00174852975188
406.23 0.00162172309176
406.24 0.00150312641695
406.25 0.00139234163177
406.26 0.00128898351837
406.27 0.00119268014568
406.28 0.0011030732109
406.29 0.00101981831739
406.3 0.000942585192476
406.31 0.000871057849104
406.32 0.000804934695108
406.33 0.00074392859395
406.34 0.000687766880735
406.35 0.000636191337268
406.36 0.000588958129816
406.37 0.000545837713167
406.38 0.000506614704413
406.39 0.000471087729775
406.4 0.000439069247586
406.41 0.000410385350421
406.42 0.000384875549105
406.43 0.000362392541193
406.44 0.000342801966253
406.45 0.000325982150102
406.46 0.000311823839892
406.47 0.000300229931738
406.48 0.000291115192343
406.49 0.000284405975851
406.5 0.000280039936936
406.51 0.000277965740911
406.52 0.000278142771424
406.53 0.000280540836123
406.54 0.000285139870426
406.55 0.000291929639399
406.56 0.000300909437514
406.57 0.00031208778593
406.58 0.000325482126764
406.59 0.000341118513673
406.6 0.000359031297982
406.61 0.000379262809415
406.62 0.000401863030462
406.63 0.000426889263287
406.64 0.000454405788046
406.65 0.000484483511435
406.66 0.000517199604266
406.67 0.000552637126861
406.68 0.000590884641074
406.69 0.000632035807779
406.7 0.000676188968704
406.71 0.000723446711601
406.72 0.000773915417767
406.73 0.000827704791109
406.74 0.000884927368023
406.75 0.000945698007517
406.76 0.00101013336119
406.77 0.0010783513228
406.78 0.00115047045745
406.79 0.00122660941044
406.8 0.00130688629636
406.81 0.00139141806883
406.82 0.00148031987189
406.83 0.00157370437417
406.84 0.00167168108702
406.85 0.00177435566845
406.86 0.00188182921466
406.87 0.00199419754122
406.88 0.00211155045656
406.89 0.0022339710301
406.9 0.0023615348583
406.91 0.00249430933144
406.92 0.00263235290482
406.93 0.00277571437772
406.94 0.00292443218407
406.95 0.00307853369879
406.96 0.00323803456386
406.97 0.00340293803836
406.98 0.00357323437699
406.99 0.00374890024125
407.0 0.00392989814803
407.01 0.00411617595987
407.02 0.0043076664214
407.03 0.00450428674642
407.04 0.00470593825987
407.05 0.00491250609875
407.06 0.00512385897615
407.07 0.00533984901191
407.08 0.00556031163365
407.09 0.00578506555113
407.1 0.00601391280705
407.11 0.00624663890657
407.12 0.00648301302776
407.13 0.00672278831461
407.14 0.00696570225381
407.15 0.00721147713585
407.16 0.00745982060083
407.17 0.00771042626839
407.18 0.00796297445085
407.19 0.00821713294822
407.2 0.00847255792267
407.21 0.00872889485006
407.22 0.00898577954501
407.23 0.00924283925584
407.24 0.00949969382479
407.25 0.00975595690854
407.26 0.0100112372537
407.27 0.0102651400207
407.28 0.0105172681505
407.29 0.0107672237659
407.3 0.0110146096013
407.31 0.0112590304523
407.32 0.0115000946375
407.33 0.0117374154645
407.34 0.0119706126907
407.35 0.0121993139715
407.36 0.0124231562864
407.37 0.0126417873339
407.38 0.0128548668887
407.39 0.0130620681094
407.4 0.0132630787917
407.41 0.0134576025568
407.42 0.0136453599685
407.43 0.0138260895706
407.44 0.0139995488397
407.45 0.0141655150445
407.46 0.0143237860082
407.47 0.0144741807672
407.48 0.0146165401227
407.49 0.0147507270814
407.5 0.0148766271813
407.51 0.0149941487018
407.52 0.0151032227564
407.53 0.0152038032661
407.54 0.0152958668165
407.55 0.015379412397
407.56 0.0154544610258
407.57 0.0155210552631
407.58 0.0155792586156
407.59 0.0156291548385
407.6 0.0156708471369
407.61 0.0157044572767
407.62 0.0157301246077
407.63 0.0157480050084
407.64 0.01575826976
407.65 0.0157611043566
407.66 0.0157567072617
407.67 0.0157452886188
407.68 0.0157270689269
407.69 0.0157022776883
407.7 0.0156711520401
407.71 0.0156339353789
407.72 0.0155908759862
407.73 0.0155422256678
407.74 0.0154882384121
407.75 0.0154291690806
407.76 0.0153652721352
407.77 0.0152968004141
407.78 0.015224003962
407.79 0.0151471289216
407.8 0.0150664164951
407.81 0.0149821019787
407.82 0.0148944138786
407.83 0.0148035731098
407.84 0.0147097922837
407.85 0.014613275087
407.86 0.0145142157534
407.87 0.0144127986295
407.88 0.0143091978365
407.89 0.014203577026
407.9 0.0140960892299
407.91 0.0139868768017
407.92 0.0138760714475
407.93 0.0137637943426
407.94 0.0136501563298
407.95 0.0135352581958
407.96 0.0134191910192
407.97 0.0133020365854
407.98 0.0131838678616
407.99 0.0130647495268
408.0 0.0129447385473
408.01 0.0128238847944
408.02 0.0127022316935
408.03 0.0125798168993
408.04 0.0124566729903
408.05 0.0123328281725
408.06 0.0122083069889
408.07 0.0120831310241
408.08 0.0119573196001
408.09 0.011830890455
408.1 0.0117038603992
408.11 0.0115762459436
408.12 0.0114480638934
408.13 0.0113193319042
408.14 0.0111900689945
408.15 0.0110602960125
408.16 0.0109300360529
408.17 0.0107993148209
408.18 0.010668160943
408.19 0.0105366062214
408.2 0.0104046858326
408.21 0.0102724384688
408.22 0.0101399064241
408.23 0.0100071356248
408.24 0.00987417560644
408.25 0.00974107943934
408.26 0.00960790360492
408.27 0.00947470782589
408.28 0.00934155485371
408.29 0.00920851021691
408.3 0.00907564193429
408.31 0.0089430201972
408.32 0.00881071702548
408.33 0.00867880590151
408.34 0.00854736138713
408.35 0.00841645872824
408.36 0.00828617345172
408.37 0.00815658095954
408.38 0.00802775612443
408.39 0.00789977289183
408.4 0.00777270389219
408.41 0.00764662006778
408.42 0.00752159031778
408.43 0.00739768116514
408.44 0.00727495644829
408.45 0.0071534770407
408.46 0.00703330060058
408.47 0.00691448135278
408.48 0.00679706990472
408.49 0.00668111309734
408.5 0.00656665389215
408.51 0.00645373129468
408.52 0.00634238031438
408.53 0.00623263196065
408.54 0.00612451327418
408.55 0.00601804739258
408.56 0.00591325364873
408.57 0.00581014770015
408.58 0.00570874168733
408.59 0.00560904441857
408.6 0.0055110615789
408.61 0.00541479596009
408.62 0.00532024770907
408.63 0.00522741459132
408.64 0.00513629226637
408.65 0.00504687457183
408.66 0.00495915381293
408.67 0.00487312105401
408.68 0.00478876640888
408.69 0.00470607932673
408.7 0.00462504887057
408.71 0.00454566398515
408.72 0.00446791375159
408.73 0.00439178762608
408.74 0.00431727566018
408.75 0.00424436870047
408.76 0.00417305856576
408.77 0.00410333819993
408.78 0.00403520179906
408.79 0.00396864491171
408.8 0.00390366451148
408.81 0.00384025904112
408.82 0.00377842842818
408.83 0.00371817407188
408.84 0.00365949880178
408.85 0.00360240680855
408.86 0.0035469035479
408.87 0.00349299561861
408.88 0.00344069061612
408.89 0.0033899969631
408.9 0.00334092371896
408.91 0.0032934803701
408.92 0.00324767660317
408.93 0.00320352206362
408.94 0.00316102610188
408.95 0.00312019750981
408.96 0.00308104424997
408.97 0.00304357318044
408.98 0.0030077897778
408.99 0.00297369786111
409.0 0.00294129931947
409.01 0.00291059384599
409.02 0.00288157868057
409.03 0.00285424836421
409.04 0.00282859450718
409.05 0.00280460557339
409.06 0.00278226668313
409.07 0.0027615594362
409.08 0.00274246175722
409.09 0.00272494776494
409.1 0.00270898766683
409.11 0.00269454768035
409.12 0.00268158998187
409.13 0.00267007268415
409.14 0.00265994984291
409.15 0.00265117149288
409.16 0.00264368371352
409.17 0.0026374287243
409.18 0.00263234500919
409.19 0.00262836746994
409.2 0.00262542760723
409.21 0.00262345372894
409.22 0.00262237118414
409.23 0.00262210262167
409.24 0.00262256827166
409.25 0.00262368624823
409.26 0.0026253728717
409.27 0.00262754300811
409.28 0.0026301104241
409.29 0.00263298815473
409.3 0.00263608888218
409.31 0.00263932532268
409.32 0.00264261061936
409.33 0.00264585873848
409.34 0.00264898486659
409.35 0.00265190580604
409.36 0.0026545403663
409.37 0.0026568097488
409.38 0.00265863792262
409.39 0.00265995198894
409.4 0.00266068253172
409.41 0.00266076395262
409.42 0.00266013478804
409.43 0.00265873800626
409.44 0.00265652128297
409.45 0.00265343725351
409.46 0.00264944374025
409.47 0.0026445039538
409.48 0.00263858666696
409.49 0.00263166636033
409.5 0.00262372333877
409.51 0.00261474381816
409.52 0.00260471998206
409.53 0.00259365000786
409.54 0.00258153806263
409.55 0.00256839426866
409.56 0.00255423463898
409.57 0.00253908098356
409.58 0.00252296078673
409.59 0.00250590705673
409.6 0.00248795814846
409.61 0.00246915756052
409.62 0.00244955370794
409.63 0.00242919967209
409.64 0.00240815292926
409.65 0.00238647505962
409.66 0.0023642314385
409.67 0.00234149091162
409.68 0.0023183254565
409.69 0.00229480983181
409.7 0.00227102121692
409.71 0.00224703884362
409.72 0.00222294362218
409.73 0.00219881776381
409.74 0.00217474440169
409.75 0.00215080721259
409.76 0.00212709004119
409.77 0.00210367652902
409.78 0.00208064975005
409.79 0.00205809185469
409.8 0.00203608372408
409.81 0.00201470463637
409.82 0.00199403194645
409.83 0.0019741407808
409.84 0.00195510374863
409.85 0.00193699067079
409.86 0.00191986832728
409.87 0.00190380022464
409.88 0.00188884638377
409.89 0.00187506314915
409.9 0.00186250301979
409.91 0.00185121450251
409.92 0.00184124198767
409.93 0.00183262564765
409.94 0.00182540135783
409.95 0.00181960064019
409.96 0.00181525062907
409.97 0.00181237405871
409.98 0.00181098927206
409.99 0.00181111025026
410.0 0.00181274666185
410.01 0.00181590393106
410.02 0.001820583324
410.03 0.00182678205194
410.04 0.00183449339029
410.05 0.00184370681221
410.06 0.0018544081357
410.07 0.00186657968258
410.08 0.00188020044827
410.09 0.00189524628087
410.1 0.00191169006817
410.11 0.00192950193117
410.12 0.00194864942274
410.13 0.00196909773001
410.14 0.0019908098791
410.15 0.00201374694095
410.16 0.00203786823683
410.17 0.00206313154239
410.18 0.002089493289
410.19 0.00211690876135
410.2 0.00214533229015
410.21 0.0021747174391
410.22 0.00220501718513
410.23 0.00223618409125
410.24 0.00226817047123
410.25 0.00230092854557
410.26 0.00233441058824
410.27 0.00236856906388
410.28 0.00240335675506
410.29 0.00243872687956
410.3 0.00247463319751
410.31 0.00251103010839
410.32 0.00254787273816
410.33 0.00258511701655
410.34 0.00262271974491
410.35 0.00266063865509
410.36 0.00269883245958
410.37 0.00273726089371
410.38 0.0027758847503
410.39 0.00281466590749
410.4 0.00285356735048
410.41 0.00289255318777
410.42 0.00293158866282
410.43 0.00297064016174
410.44 0.0030096752179
410.45 0.0030486625141
410.46 0.00308757188321
410.47 0.00312637430782
410.48 0.00316504191976
410.49 0.00320354800004
410.5 0.0032418669798
410.51 0.00327997444291
410.52 0.00331784713052
410.53 0.00335546294815
410.54 0.00339280097544
410.55 0.00342984147899
410.56 0.00346656592826
410.57 0.00350295701469
410.58 0.00353899867392
410.59 0.00357467611107
410.6 0.00360997582877
410.61 0.00364488565763
410.62 0.00367939478873
410.63 0.00371349380775
410.64 0.00374717472992
410.65 0.00378043103539
410.66 0.0038132577041
410.67 0.0038456512495
410.68 0.00387760975022
410.69 0.00390913287876
410.7 0.0039402219264
410.71 0.00397087982332
410.72 0.004001111153
410.73 0.00403092215996
410.74 0.00406032074987
410.75 0.00408931648118
410.76 0.00411792054743
410.77 0.00414614574922
410.78 0.00417400645539
410.79 0.00420151855239
410.8 0.00422869938157
410.81 0.00425556766354
410.82 0.00428214340948
410.83 0.00430844781893
410.84 0.00433450316392
410.85 0.00436033265943
410.86 0.00438596032026
410.87 0.00441141080443
410.88 0.00443670924363
410.89 0.00446188106105
410.9 0.00448695177741
410.91 0.00451194680579
410.92 0.00453689123636
410.93 0.00456180961196
410.94 0.00458672569573
410.95 0.00461166223217
410.96 0.00463664070305
410.97 0.00466168107963
410.98 0.00468680157296
410.99 0.00471201838389
411.0 0.00473734545462
411.01 0.00476279422375
411.02 0.00478837338655
411.03 0.00481408866256
411.04 0.00483994257245
411.05 0.00486593422604
411.06 0.00489205912345
411.07 0.00491830897139
411.08 0.00494467151625
411.09 0.00497113039604
411.1 0.00499766501267
411.11 0.00502425042632
411.12 0.00505085727338
411.13 0.00507745170929
411.14 0.00510399537756
411.15 0.00513044540606
411.16 0.00515675443134
411.17 0.00518287065198
411.18 0.00520873791117
411.19 0.00523429580919
411.2 0.00525947984567
411.21 0.00528422159164
411.22 0.00530844889121
411.23 0.00533208609211
411.24 0.00535505430459
411.25 0.00537727168771
411.26 0.00539865376171
411.27 0.00541911374539
411.28 0.00543856291662
411.29 0.00545691099451
411.3 0.00547406654117
411.31 0.00548993738097
411.32 0.00550443103512
411.33 0.00551745516901
411.34 0.00552891805004
411.35 0.00553872901301
411.36 0.00554679893056
411.37 0.0055530406858
411.38 0.00555736964413
411.39 0.00555970412163
411.4 0.00555996584684
411.41 0.00555808041322
411.42 0.00555397771927
411.43 0.00554759239367
411.44 0.0055388642025
411.45 0.00552773843596
411.46 0.00551416627208
411.47 0.00549810511492
411.48 0.00547951890502
411.49 0.00545837839996
411.5 0.00543466142315
411.51 0.00540835307903
411.52 0.00537944593323
411.53 0.0053479401563
411.54 0.00531384363001
411.55 0.00527717201523
411.56 0.00523794878099
411.57 0.00519620519419
411.58 0.00515198026986
411.59 0.00510532068224
411.6 0.00505628063698
411.61 0.00500492170507
411.62 0.00495131261948
411.63 0.00489552903552
411.64 0.00483765325633
411.65 0.00477777392511
411.66 0.00471598568567
411.67 0.00465238881346
411.68 0.00458708881914
411.69 0.00452019602691
411.7 0.00445182513018
411.71 0.00438209472704
411.72 0.00431112683829
411.73 0.00423904641069
411.74 0.00416598080845
411.75 0.00409205929561
411.76 0.00401741251252
411.77 0.00394217194907
411.78 0.00386646941778
411.79 0.00379043652965
411.8 0.00371420417547
411.81 0.00363790201554
411.82 0.00356165798048
411.83 0.00348559778559
411.84 0.00340984446148
411.85 0.00333451790313
411.86 0.00325973443977
411.87 0.00318560642746
411.88 0.0031122418665
411.89 0.00303974404512
411.9 0.00296821121133
411.91 0.0028977362739
411.92 0.002828406534
411.93 0.00276030344819
411.94 0.00269350242364
411.95 0.00262807264619
411.96 0.00256407694141
411.97 0.00250157166912
411.98 0.00244060665108
411.99 0.00238122513172
412.0 0.00232346377155
412.01 0.00226735267263
412.02 0.0022129154353
412.03 0.00216016924534
412.04 0.00210912499041
412.05 0.00205978740464
412.06 0.00201215524002
412.07 0.00196622146301
412.08 0.00192197347509
412.09 0.00187939335523
412.1 0.00183845812287
412.11 0.00179914001942
412.12 0.00176140680646
412.13 0.00172522207879
412.14 0.00169054559029
412.15 0.00165733359078
412.16 0.00162553917177
412.17 0.00159511261927
412.18 0.0015660017717
412.19 0.00153815238093
412.2 0.00151150847464
412.21 0.00148601271821
412.22 0.0014616067743
412.23 0.00143823165846
412.24 0.00141582808922
412.25 0.00139433683094
412.26 0.00137369902818
412.27 0.00135385653004
412.28 0.00133475220332
412.29 0.00131633023327
412.3 0.00129853641087
412.31 0.0012813184057
412.32 0.00126462602351
412.33 0.00124841144779
412.34 0.00123262946461
412.35 0.00121723767024
412.36 0.00120219666115
412.37 0.00118747020596
412.38 0.00117302539915
412.39 0.00115883279646
412.4 0.00114486653172
412.41 0.00113110441537
412.42 0.00111752801467
412.43 0.00110412271572
412.44 0.00109087776779
412.45 0.00107778630993
412.46 0.00106484538059
412.47 0.00105205591046
412.48 0.00103942269907
412.49 0.00102695437574
412.5 0.00101466334533
412.51 0.00100256571941
412.52 0.000990681233543
412.53 0.000979033151093
412.54 0.000967648154458
412.55 0.000956556224134
412.56 0.000945790506384
412.57 0.000935387170091
412.58 0.00092538525345
412.59 0.000915826501089
412.6 0.000906755192254
412.61 0.000898217960617
412.62 0.000890263606299
412.63 0.000882942900644
412.64 0.000876308384283
412.65 0.000870414158996
412.66 0.000865315673861
412.67 0.000861069506163
412.68 0.000857733137527
412.69 0.000855364725691
412.7 0.000854022872369
412.71 0.000853766387607
412.72 0.000854654051035
412.73 0.000856744370434
412.74 0.000860095338006
412.75 0.00086476418476
412.76 0.000870807133432
412.77 0.00087827915036
412.78 0.000887233696761
412.79 0.000897722479871
412.8 0.000909795204433
412.81 0.000923499325053
412.82 0.00093887979996
412.83 0.00095597884677
412.84 0.000974835700842
412.85 0.000995486376914
412.86 0.00101796343469
412.87 0.00104229574916
412.88 0.00106850828634
412.89 0.00109662188541
412.9 0.00112665304794
412.91 0.00115861373531
412.92 0.00119251117498
412.93 0.00122834767699
412.94 0.00126612046123
412.95 0.00130582149689
412.96 0.001347437355
412.97 0.00139094907497
412.98 0.00143633204651
412.99 0.00148355590767
413.0 0.00153258446033
413.01 0.00158337560388
413.02 0.00163588128841
413.03 0.0016900474881
413.04 0.00174581419583
413.05 0.00180311543992
413.06 0.00186187932362
413.07 0.00192202808823
413.08 0.00198347820031
413.09 0.00204614046353
413.1 0.00210992015562
413.11 0.00217471719057
413.12 0.0022404263063
413.13 0.00230693727784
413.14 0.00237413515578
413.15 0.0024419005298
413.16 0.00251010981675
413.17 0.00257863557281
413.18 0.00264734682882
413.19 0.00271610944793
413.2 0.00278478650454
413.21 0.00285323868319
413.22 0.00292132469599
413.23 0.00298890171719
413.24 0.00305582583294
413.25 0.00312195250463
413.26 0.00318713704365
413.27 0.00325123509564
413.28 0.00331410313182
413.29 0.00337559894529
413.3 0.00343558214977
413.31 0.00349391467841
413.32 0.00355046128005
413.33 0.00360509001047
413.34 0.0036576727161
413.35 0.00370808550742
413.36 0.0037562092197
413.37 0.00380192985847
413.38 0.00384513902722
413.39 0.00388573433505
413.4 0.00392361978177
413.41 0.00395870611851
413.42 0.00399091118149
413.43 0.00402016019725
413.44 0.00404638605743
413.45 0.00406952956151
413.46 0.00408953962615
413.47 0.00410637345989
413.48 0.00411999670207
413.49 0.00413038352537
413.5 0.00413751670122
413.51 0.0041413876278
413.52 0.0041419963205
413.53 0.00413935136492
413.54 0.00413346983275
413.55 0.00412437716112
413.56 0.00411210699621
413.57 0.00409670100204
413.58 0.00407820863588
413.59 0.00405668689138
413.6 0.00403220001137
413.61 0.00400481917189
413.62 0.00397462213948
413.63 0.00394169290388
413.64 0.00390612128835
413.65 0.00386800253993
413.66 0.00382743690217
413.67 0.00378452917282
413.68 0.00373938824906
413.69 0.003692126663
413.7 0.00364286011
413.71 0.00359170697255
413.72 0.00353878784233
413.73 0.00348422504306
413.74 0.00342814215667
413.75 0.00337066355539
413.76 0.003311913942
413.77 0.00325201790067
413.78 0.00319109946044
413.79 0.00312928167354
413.8 0.00306668621029
413.81 0.00300343297247
413.82 0.00293963972667
413.83 0.00287542175896
413.84 0.00281089155236
413.85 0.00274615848787
413.86 0.00268132857013
413.87 0.00261650417841
413.88 0.00255178384321
413.89 0.00248726204912
413.9 0.0024230290638
413.91 0.00235917079321
413.92 0.0022957686628
413.93 0.0022328995244
413.94 0.00217063558813
413.95 0.00210904437884
413.96 0.00204818871621
413.97 0.00198812671754
413.98 0.00192891182226
413.99 0.00187059283709
414.0 0.00181321400048
414.01 0.00175681506516
414.02 0.00170143139737
414.03 0.00164709409149
414.04 0.0015938300984
414.05 0.00154166236643
414.06 0.00149060999307
414.07 0.00144068838627
414.08 0.00139190943365
414.09 0.00134428167836
414.1 0.00129781049996
414.11 0.00125249829922
414.12 0.00120834468526
414.13 0.00116534666393
414.14 0.00112349882626
414.15 0.00108279353566
414.16 0.00104322111304
414.17 0.00100477001872
414.18 0.000967427030356
414.19 0.000931177415973
414.2 0.000896005101444
414.21 0.000861892831791
414.22 0.00082882232573
414.23 0.000796774423019
414.24 0.000765729224237
414.25 0.000735666222693
414.26 0.000706564428262
414.27 0.000678402483011
414.28 0.000651158768553
414.29 0.000624811505131
414.3 0.000599338842511
414.31 0.000574718942805
414.32 0.000550930055422
414.33 0.00052795058437
414.34 0.000505759148185
414.35 0.000484334632825
414.36 0.000463656237855
414.37 0.000443703516324
414.38 0.000424456408724
414.39 0.000405895271462
414.4 0.000388000900286
414.41 0.000370754549094
414.42 0.0003541379446
414.43 0.000338133297299
414.44 0.000322723309184
414.45 0.000307891178665
414.46 0.000293620603124
414.47 0.00027989577954
414.48 0.000266701403588
414.49 0.000254022667618
414.5 0.0002418452579
414.51 0.000230155351478
414.52 0.000218939613006
414.53 0.000208185191859
414.54 0.000197879719843
414.55 0.000188011309777
414.56 0.000178568555198
414.57 0.000169540531446
414.58 0.000160916798324
414.59 0.00015268740455
414.6 0.000144842894158
414.61 0.000137374315019
414.62 0.000130273229612
414.63 0.000123531728171
414.64 0.000117142444297
414.65 0.000111098573137
414.66 0.000105393892193
414.67 0.000100022784805
414.68 9.49802663661e-05
414.69 9.02620132801e-05
414.7 8.58643946823e-05
414.71 8.17845069154e-05
414.72 7.802021075e-05
414.73 7.45701713183e-05
414.74 7.14339007217e-05
414.75 6.86118032556e-05
414.76 6.61052231825e-05
414.77 6.39164949708e-05
414.78 6.20489958995e-05
414.79 6.05072009152e-05
414.8 5.92967396103e-05
414.81 5.84244551729e-05
414.82 5.78984651405e-05
414.83 5.77282237707e-05
414.84 5.79245858185e-05
414.85 5.84998714887e-05
414.86 5.9467932308e-05
414.87 6.08442176353e-05
414.88 6.26458415022e-05
414.89 6.48916494493e-05
414.9 6.76022849925e-05
414.91 7.0800255326e-05
414.92 7.45099958351e-05
414.93 7.87579329642e-05
414.94 8.3572544947e-05
414.95 8.89844198817e-05
414.96 9.50263105923e-05
414.97 0.000101733185694
414.98 0.000109142276241
414.99 0.000117293117311
415.0 0.000126227583847
415.01 0.00013598992005
415.02 0.000146626761598
415.03 0.000158187149929
415.04 0.000170722537822
415.05 0.000184286785487
415.06 0.000198936146363
415.07 0.000214729241814
415.08 0.000231727023922
415.09 0.00024999272556
415.1 0.000269591796959
415.11 0.000290591827988
415.12 0.000313062455382
415.13 0.000337075254209
415.14 0.000362703612872
415.15 0.000390022591015
415.16 0.000419108759748
415.17 0.000450040023666
415.18 0.000482895424212
415.19 0.000517754924025
415.2 0.000554699171982
415.21 0.000593809248771
415.22 0.000635166392908
415.23 0.000678851707264
415.24 0.000724945846257
415.25 0.000773528684023
415.26 0.000824678964001
415.27 0.000878473930532
415.28 0.000934988943207
415.29 0.000994297074862
415.3 0.00105646869429
415.31 0.00112157103489
415.32 0.00118966775063
415.33 0.00126081846092
415.34 0.00133507828607
415.35 0.00141249737532
415.36 0.00149312042928
415.37 0.00157698621933
415.38 0.00166412710597
415.39 0.00175456855888
415.4 0.0018483286812
415.41 0.00194541774085
415.42 0.00204583771167
415.43 0.00214958182739
415.44 0.00225663415149
415.45 0.00236696916596
415.46 0.00248055138216
415.47 0.00259733497689
415.48 0.00271726345687
415.49 0.00284026935471
415.5 0.00296627395953
415.51 0.00309518708513
415.52 0.00322690687875
415.53 0.00336131967317
415.54 0.00349829988477
415.55 0.00363770996012
415.56 0.00377940037332
415.57 0.0039232096762
415.58 0.00406896460323
415.59 0.00421648023261
415.6 0.00436556020498
415.61 0.00451599700058
415.62 0.00466757227553
415.63 0.00482005725769
415.64 0.00497321320177
415.65 0.0051267919036
415.66 0.00528053627245
415.67 0.00543418096052
415.68 0.00558745304778
415.69 0.00574007278044
415.7 0.00589175436049
415.71 0.00604220678377
415.72 0.00619113472338
415.73 0.00633823945508
415.74 0.00648321982065
415.75 0.00662577322541
415.76 0.00676559666523
415.77 0.0069023877783
415.78 0.0070358459169
415.79 0.0071656732337
415.8 0.00729157577735
415.81 0.00741326459174
415.82 0.00753045681327
415.83 0.00764287676026
415.84 0.00775025700878
415.85 0.00785233944894
415.86 0.00794887631594
415.87 0.00803963118997
415.88 0.00812437995953
415.89 0.00820291174252
415.9 0.00827502975982
415.91 0.00834055215642
415.92 0.00839931276521
415.93 0.00845116180889
415.94 0.008495966536
415.95 0.00853361178718
415.96 0.00856400048833
415.97 0.0085870540676
415.98 0.00860271279396
415.99 0.00861093603501
416.0 0.00861170243261
416.01 0.0086050099954
416.02 0.00859087610733
416.03 0.00856933745245
416.04 0.00854044985628
416.05 0.00850428804468
416.06 0.00846094532185
416.07 0.00841053316913
416.08 0.0083531807673
416.09 0.00828903444509
416.1 0.00821825705713
416.11 0.00814102729528
416.12 0.00805753893714
416.13 0.00796800003636
416.14 0.00787263205937
416.15 0.00777166897359
416.16 0.00766535629241
416.17 0.00755395008222
416.18 0.00743771593736
416.19 0.00731692792844
416.2 0.00719186753008
416.21 0.00706282253372
416.22 0.00693008595147
416.23 0.00679395491678
416.24 0.00665472958752
416.25 0.00651271205733
416.26 0.00636820528032
416.27 0.00622151201475
416.28 0.0060729337904
416.29 0.00592276990461
416.3 0.00577131645137
416.31 0.00561886538777
416.32 0.00546570364145
416.33 0.00531211226295
416.34 0.00515836562566
416.35 0.0050047306766
416.36 0.00485146624016
416.37 0.00469882237688
416.38 0.00454703979909
416.39 0.00439634934434
416.4 0.00424697150784
416.41 0.0040991160341
416.42 0.0039529815681
416.43 0.00380875536562
416.44 0.00366661306227
416.45 0.00352671850012
416.46 0.00338922361094
416.47 0.00325426835439
416.48 0.00312198070937
416.49 0.00299247671657
416.5 0.00286586056999
416.51 0.00274222475485
416.52 0.00262165022935
416.53 0.00250420664755
416.54 0.00238995262032
416.55 0.00227893601155
416.56 0.00217119426631
416.57 0.00206675476806
416.58 0.00196563522163
416.59 0.00186784405878
416.6 0.00177338086335
416.61 0.00168223681265
416.62 0.00159439513235
416.63 0.00150983156156
416.64 0.00142851482552
416.65 0.00135040711289
416.66 0.0012754645551
416.67 0.00120363770521
416.68 0.00113487201387
416.69 0.00106910830009
416.7 0.00100628321493
416.71 0.000946329695848
416.72 0.000889177410324
416.73 0.000834753186847
416.74 0.000782981432036
416.75 0.000733784532562
416.76 0.000687083240775
416.77 0.000642797043124
416.78 0.000600844510595
416.79 0.000561143630535
416.8 0.000523612119421
416.81 0.000488167716209
416.82 0.000454728456117
416.83 0.000423212924734
416.84 0.000393540492542
416.85 0.000365631530001
416.86 0.000339407603475
416.87 0.000314791652342
416.88 0.000291708147765
416.89 0.000270083233616
416.9 0.000249844850154
416.91 0.000230922841104
416.92 0.000213249044832
416.93 0.000196757370338
416.94 0.00018138385886
416.95 0.000167066731863
416.96 0.000153746426236
416.97 0.000141365617513
416.98 0.000129869231955
416.99 0.00011920444832
417.0 0.00010932069013
417.01 0.000100169609268
417.02 9.17050616713e-05
417.03 8.38830759246e-05
417.04 7.66618154811e-05
417.05 7.0001535251e-05
417.06 6.3864533247e-05
417.07 5.82150979551e-05
417.08 5.30194520617e-05
417.09 4.82456931371e-05
417.1 4.38637318364e-05
417.11 3.98452281493e-05
417.12 3.61635261858e-05
417.13 3.27935879585e-05
417.14 2.97119265777e-05
417.15 2.68965392459e-05
417.16 2.43268404019e-05
417.17 2.19835953305e-05
417.18 1.98488545222e-05
417.19 1.7905889036e-05
417.2 1.61391270874e-05
417.21 1.45340920559e-05
417.22 1.30773420797e-05
417.23 1.17564113778e-05
417.24 1.05597534182e-05
417.25 9.47668602749e-06
417.26 8.4973385147e-06
417.27 7.612600867e-06
417.28 6.81407505318e-06
417.29 6.09402845783e-06
417.3 5.44534945297e-06
417.31 4.86150510179e-06
417.32 4.33650097682e-06
417.33 3.86484306519e-06
417.34 3.44150172426e-06
417.35 3.06187764313e-06
417.36 2.72176975908e-06
417.37 2.41734507205e-06
417.38 2.14511029604e-06
417.39 1.90188528218e-06
417.4 1.68477814575e-06
417.41 1.49116202687e-06
417.42 1.31865341369e-06
417.43 1.16509195557e-06
417.44 1.02852169398e-06
417.45 9.07173638736e-07
417.46 7.99449618288e-07
417.47 7.0390733342e-07
417.48 6.19246545555e-07
417.49 5.44296332299e-07
417.5 4.78003344905e-07
417.51 4.19421004444e-07
417.52 3.67699575756e-07
417.53 3.22077060663e-07
417.54 2.81870854416e-07
417.55 2.46470111902e-07
417.56 2.1532877271e-07
417.57 1.87959196773e-07
417.58 1.63926364848e-07
417.59 1.42842600683e-07
417.6 1.24362774219e-07
417.61 1.08179947627e-07
417.62 9.4021428377e-08
417.63 8.1645195838e-08
417.64 7.08366701569e-08
417.65 6.14057942865e-08
417.66 5.31844020983e-08
417.67 4.60238474633e-08
417.68 3.97928710479e-08
417.69 3.43756833289e-08
417.7 2.96702440003e-08
417.71 2.55867195097e-08
417.72 2.20461019378e-08
417.73 1.89789738155e-08
417.74 1.63244047631e-08
417.75 1.40289670435e-08
417.76 1.20458582401e-08
417.77 1.03341203119e-08
417.78 8.85794524403e-09
417.79 7.58605840129e-09
417.8 6.49117151796e-09
417.81 5.54949801301e-09
417.82 4.74032401743e-09
417.83 4.04562913909e-09
417.84 3.44975157563e-09
417.85 2.93909272086e-09
417.86 2.50185689806e-09
417.87 2.12782229803e-09
417.88 1.80813960382e-09
417.89 1.53515515112e-09
417.9 1.30225580551e-09
417.91 1.10373303869e-09
417.92 9.34663957525e-10
417.93 7.90807284772e-10
417.94 6.68512510976e-10
417.95 5.64640635599e-10
417.96 4.76495093391e-10
417.97 4.01761621799e-10
417.98 3.38455968107e-10
417.99 2.84878462736e-10
418.0 2.39574599167e-10
418.01 2.01300862545e-10
418.02 1.68995139459e-10
418.03 1.41751121776e-10
418.04 1.18796188703e-10
418.05 9.94723145051e-11
418.06 8.3219605223e-11
418.07 6.95621172165e-11
418.08 5.80956539911e-11
418.09 4.84772762594e-11
418.1 4.04162940616e-11
418.11 3.36665395571e-11
418.12 2.80197452538e-11
418.13 2.32998753775e-11
418.14 1.93582781749e-11
418.15 1.60695445122e-11
418.16 1.33279734865e-11
418.17 1.10445591587e-11
418.18 9.14442419249e-12
418.19 7.56463633837e-12
418.2 6.25235254002e-12
418.21 5.16324310194e-12
418.22 4.26015501059e-12
418.23 3.51197925897e-12
418.24 2.89269200719e-12
418.25 2.38054371649e-12
418.26 1.95737410939e-12
418.27 1.60803401139e-12
418.28 1.31989788655e-12
418.29 1.08245325118e-12
418.3 8.86955186119e-13
418.31 7.26135915811e-13
418.32 5.93960920204e-13
418.33 4.85424326994e-13
418.34 3.96377428112e-13
418.35 3.23385100237e-13
418.36 2.63605707645e-13
418.37 2.14690746079e-13
418.38 1.74701065404e-13
418.39 1.42037001117e-13
418.4 1.15380162848e-13
418.41 9.36449826195e-14
418.42 7.59384260955e-14
418.43 6.15265243672e-14
418.44 4.98065988251e-14
418.45 4.02842332226e-14
418.46 3.2554200199e-14
418.47 2.62846785871e-14
418.48 2.12042064558e-14
418.49 1.70909061724e-14
418.5 1.37635944759e-14
418.51 1.10744549074e-14
418.52 8.90300387687e-15
418.53 7.15112679282e-15
418.54 5.73899844032e-15
418.55 4.60173332844e-15
418.56 3.68663804843e-15
418.57 2.9509596204e-15
418.58 2.36004207264e-15
418.59 1.88581869216e-15
418.6 1.50558000881e-15
418.61 1.20096805456e-15
418.62 9.57156127282e-16
418.63 7.62180484879e-16
418.64 6.06396349495e-16
418.65 4.82035522893e-16
418.66 3.82846977289e-16
418.67 3.0380513732e-16
418.68 2.40873330139e-16
418.69 1.9081215344e-16
418.7 1.51024379937e-16
418.71 1.19429551746e-16
418.72 9.4362677594e-17
418.73 7.44924780586e-17
418.74 5.87554693955e-17
418.75 4.63028679048e-17
418.76 3.64578618264e-17
418.77 2.86812589551e-17
418.78 2.25438942798e-17
418.79 1.77044883391e-17
418.8 1.3891896329e-17
418.81 1.08908907033e-17
418.82 8.53078463727e-18
418.83 6.67633728977e-18
418.84 5.22049005446e-18
418.85 4.07857064152e-18
418.86 3.1836727288e-18
418.87 2.48297620915e-18
418.88 1.93481930459e-18
418.89 1.50637110999e-18
418.9 1.17178317121e-18
418.91 9.10722880273e-19
418.92 7.07210908896e-19
418.93 5.48700514258e-19
418.94 4.2534907806e-19
418.95 3.29442281484e-19
418.96 2.54939359574e-19
418.97 1.9711431113e-19
418.98 1.52273081044e-19
418.99 1.1753083627e-19
419.0 9.06367302716e-20
419.01 6.9836159154e-20
419.02 5.37625890206e-20
419.03 4.13526852449e-20
419.04 3.17797860753e-20
419.05 2.44018040629e-20
419.06 1.87204642327e-20
419.07 1.4349441742e-20
419.08 1.09894791415e-20
419.09 8.40897236459e-21
419.1 6.42883758176e-21
419.11 4.91072591227e-21
419.12 3.7478538654e-21
419.13 2.85787556307e-21
419.14 2.17734723212e-21
419.15 1.65743224923e-21
419.16 1.26057180327e-21
419.17 9.57906465784e-22
419.18 7.27281153272e-22
419.19 5.51702909957e-22
419.2 4.18149833675e-22
419.21 3.16652043158e-22
419.22 2.3958320665e-22
419.23 1.81114893395e-22
419.24 1.36796714952e-22
419.25 1.03233555334e-22
419.26 7.78376675066e-23
419.27 5.86384462988e-23
419.28 4.4136593242e-23
419.29 3.31924167469e-23
419.3 2.49403562918e-23
419.31 1.87236340657e-23
419.32 1.40443404434e-23
419.33 1.05253431756e-23
419.34 7.88124618294e-24
419.35 5.89626826914e-24
419.36 4.4074083356e-24
419.37 3.29164548575e-24
419.38 2.45621587423e-24
419.39 1.83123350243e-24
419.4 1.36409503751e-24
419.41 1.01524122704e-24
419.42 7.54948930437e-25
419.43 5.60905392783e-25
419.44 4.16375693817e-25
419.45 3.0881958551e-25
419.46 2.2884847072e-25
419.47 1.69439595496e-25
419.48 1.25344565681e-25
419.49 9.26445393462e-26
419.5 6.84160277135e-26
419.51 5.048002909e-26
419.52 3.72138883575e-26
419.53 2.74103270117e-26
419.54 2.01719134321e-26
419.55 1.4832135595e-26
419.56 1.08964239234e-26
419.57 7.99812168835e-27
419.58 5.86564447718e-27
419.59 4.29800758748e-27
419.6 3.14660574881e-27
419.61 2.3016601481e-27
419.62 1.68214634848e-27
419.63 1.22831588586e-27
419.64 8.96148686543e-28
419.65 6.53241532611e-28
419.66 4.75763606924e-28
419.67 3.46204221739e-28
419.68 2.51708112793e-28
419.69 1.82846133034e-28
419.7 1.32708291783e-28
419.71 9.6235221553e-29
419.72 6.97258399189e-29
419.73 5.04750980209e-29
419.74 3.65076854519e-29
419.75 2.63824510815e-29
419.76 1.90488909492e-29
419.77 1.37419372822e-29
419.78 9.90489648512e-30
419.79 7.13305598524e-30
419.8 5.13245365809e-30
419.81 3.68976029602e-30
419.82 2.65029966912e-30
419.83 1.90202194725e-30
419.84 1.3638285512e-30
419.85 9.77074647321e-31
419.86 6.99390008441e-31
419.87 5.0018978156e-31
419.88 3.57415941727e-31
419.89 2.55174184745e-31
419.9 1.82021741434e-31
419.91 1.29727935465e-31
419.92 9.23777671455e-32
419.93 6.57241725811e-32
419.94 4.67203950651e-32
419.95 3.31826906365e-32
419.96 2.3547261253e-32
419.97 1.66952496999e-32
419.98 1.18268516165e-32
419.99 8.37084094024e-33
420.0 5.91960521151e-33
420.01 4.18254007184e-33
420.02 2.95264469624e-33
420.03 2.08260056252e-33
420.04 1.46765671361e-33
420.05 1.03339582404e-33
420.06 7.26997021252e-34
420.07 5.11001615474e-34
420.08 3.58868737888e-34
420.09 2.51809838227e-34
420.1 1.76536077732e-34
420.11 1.23656788993e-34
420.12 8.65418488681e-35
420.13 6.05143100256e-35
420.14 4.22779299784e-35
420.15 2.95116204562e-35
420.16 2.05824045996e-35
420.17 1.43424345882e-35
420.18 9.98558141921e-36
420.19 6.94620424174e-36
420.2 4.82775756604e-36
420.21 3.35248674882e-36
420.22 2.32601440076e-36
420.23 1.61243212062e-36
420.24 1.11679688842e-36
420.25 7.72841904492e-37
420.26 5.34356185962e-37
420.27 3.69143081411e-37
420.28 2.54789975749e-37
420.29 1.75708857262e-37
420.3 1.21067809189e-37
420.31 8.33465112018e-38
420.32 5.73284077494e-38
420.33 3.93981697084e-38
420.34 2.70524078242e-38
420.35 1.85592113629e-38
420.36 1.27214560579e-38
420.37 8.71240065497e-39
420.38 5.96159636431e-39
420.39 4.07578259349e-39
420.4 2.78408932176e-39
420.41 1.90011125959e-39
420.42 1.29568255315e-39
420.43 8.82758489275e-40
420.44 6.00909274697e-40
420.45 4.08695281846e-40
420.46 2.7772441041e-40
420.47 1.88561140088e-40
420.48 1.27912812985e-40
420.49 8.66961110632e-41
420.5 5.87095695421e-41
420.51 3.97229860788e-41
420.52 2.6853357429e-41
420.53 1.81375661538e-41
420.54 1.22400485071e-41
420.55 8.25298357671e-42
420.56 5.55984309314e-42
420.57 3.74229312965e-42
420.58 2.51673090248e-42
420.59 1.69106177871e-42
420.6 1.13528755782e-42
420.61 7.61510674095e-43
420.62 5.10352004304e-43
420.63 3.41733352156e-43
420.64 2.28627580953e-43
420.65 1.52824712774e-43
420.66 1.02066275622e-43
420.67 6.81074561986e-44
420.68 4.54078317191e-44
420.69 3.02475763283e-44
420.7 2.01314061528e-44
420.71 1.33869411099e-44
420.72 8.89431092741e-45
420.73 5.90428040179e-45
420.74 3.91602408365e-45
420.75 2.59506025435e-45
420.76 1.71819816426e-45
420.77 1.13663956121e-45
420.78 7.51269914505e-46
420.79 4.9612708771e-46
420.8 3.27350941263e-46
420.81 2.15803240185e-46
420.82 1.42143184438e-46
420.83 9.35444084206e-47
420.84 6.15082452644e-47
420.85 4.04084837384e-47
420.86 2.6523784102e-47
420.87 1.73949076063e-47
420.88 1.13981004741e-47
420.89 7.4621942161e-48
420.9 4.88117443204e-48
420.91 3.1901111857e-48
420.92 2.08310434386e-48
420.93 1.35906410337e-48
420.94 8.85916053212e-49
420.95 5.76990833311e-49
420.96 3.75464575468e-49
420.97 2.44114027193e-49
420.98 1.58577006426e-49
420.99 1.0292275608e-49
421.0 6.67430904161e-50
421.01 4.32439074491e-50
421.02 2.79941482964e-50
421.03 1.81064496425e-50
421.04 1.17010020611e-50
421.05 7.55503573843e-51
421.06 4.87386732536e-51
421.07 3.14148214029e-51
421.08 2.02310861659e-51
421.09 1.30174979224e-51
421.1 8.36872981361e-52
421.11 5.37545572385e-52
421.12 3.44980656098e-52
421.13 2.2120651366e-52
421.14 1.41717926953e-52
421.15 9.07142226041e-53
421.16 5.80162545513e-53
421.17 3.70721441561e-53
421.18 2.36684291401e-53
421.19 1.5097842041e-53
421.2 9.62241386334e-54
421.21 6.12740941344e-54
421.22 3.89846356134e-54
421.23 2.47818527182e-54
421.24 1.57397480569e-54
421.25 9.98816007042e-55
421.26 6.33281678456e-55
421.27 4.01173341564e-55
421.28 2.53916498639e-55
421.29 1.60573357432e-55
421.3 1.01456474736e-55
421.31 6.40486175748e-56
421.32 4.03983349093e-56
421.33 2.54589731252e-56
421.34 1.60303133783e-56
421.35 1.00847899015e-56
421.36 6.33892202846e-57
421.37 3.98095874695e-57
421.38 2.49794951679e-57
421.39 1.56604179878e-57
421.4 9.80949735511e-58
421.41 6.13922954426e-58
421.42 3.83888145943e-58
421.43 2.3983869045e-58
421.44 1.49712305775e-58
421.45 9.33726031169e-59
421.46 5.81842106034e-59
421.47 3.62255125525e-59
421.48 2.25344853496e-59
421.49 1.40056884492e-59
421.5 8.69731082889e-60
421.51 5.39621486378e-60
421.52 3.34516226308e-60
421.53 2.0719003145e-60
421.54 1.2821659412e-60
421.55 7.9276292033e-61
421.56 4.89740628029e-61
421.57 3.02282253592e-61
421.58 1.86415869698e-61
421.59 1.14862118972e-61
421.6 7.07122211108e-62
421.61 4.34946505992e-62
421.62 2.67301211086e-62
421.63 1.64130661179e-62
421.64 1.00693682542e-62
421.65 6.17217799104e-63
421.66 3.78005720005e-63
421.67 2.31303398708e-63
421.68 1.4141301094e-63
421.69 8.63814394616e-64
421.7 5.27199775855e-64
421.71 3.21479814845e-64
421.72 1.95864584059e-64
421.73 1.19228980993e-64
421.74 7.25156029389e-65
421.75 4.40661192023e-65
421.76 2.67548093138e-65
421.77 1.62301535139e-65
421.78 9.83710048687e-66
421.79 5.95710562207e-66
421.8 3.60435206702e-66
421.81 2.1789277161e-66
421.82 1.31607958774e-66
421.83 7.94228004007e-67
421.84 4.78885790799e-67
421.85 2.88497742258e-67
421.86 1.73650724238e-67
421.87 1.04432215519e-67
421.88 6.275034195e-68
421.89 3.76722374198e-68
421.9 2.25969822599e-68
421.91 1.35426354304e-68
421.92 8.10923045145e-69
421.93 4.85154216554e-69
421.94 2.90003801235e-69
421.95 1.73201354157e-69
421.96 1.03352881273e-69
421.97 6.16194199963e-70
421.98 3.67059388158e-70
421.99 2.1846344562e-70
422.0 1.29910703422e-70
422.01 7.71853365389e-71
422.02 4.581929286e-71
422.03 2.71760088376e-71
422.04 1.6104479035e-71
422.05 9.53523493932e-72
422.06 5.64078865763e-72
422.07 3.33404894536e-72
422.08 1.96891889365e-72
422.09 1.16173585749e-72
422.1 6.8487399248e-73
422.11 4.03401647319e-73
422.12 2.3740418618e-73
422.13 1.39592726685e-73
422.14 8.20088875604e-74
422.15 4.81374148724e-74
422.16 2.82311337089e-74
422.17 1.65423645301e-74
422.18 9.68479800517e-75
422.19 5.66509581996e-75
422.2 3.31091220905e-75
422.21 1.93335578909e-75
422.22 1.12797536181e-75
422.23 6.57523314074e-76
422.24 3.82953825075e-76
422.25 2.22846275325e-76
422.26 1.29565107594e-76
422.27 7.52652403636e-77
422.28 4.36842172538e-77
422.29 2.53325189504e-77
422.3 1.46776290195e-77
422.31 8.49683431028e-78
422.32 4.91453129499e-78
422.33 2.84008130354e-78
422.34 1.63984633401e-78
422.35 9.46017665324e-79
422.36 5.45279350752e-79
422.37 3.14023803546e-79
422.38 1.80688203549e-79
422.39 1.03877321565e-79
422.4 5.96671643128e-80
422.41 3.42431545866e-80
422.42 1.96352234027e-80
422.43 1.12492000433e-80
422.44 6.43918859755e-81
422.45 3.68268322301e-81
422.46 2.1043660847e-81
422.47 1.20143958457e-81
422.48 6.8534033467e-82
422.49 3.90601907944e-82
422.5 2.22426301688e-82
422.51 1.26549849746e-82
422.52 7.19384107735e-83
422.53 4.08586259421e-83
422.54 2.31862432578e-83
422.55 1.31462150091e-83
422.56 7.44723033849e-84
422.57 4.21514534679e-84
422.58 2.38371338501e-84
422.59 1.34684999249e-84
422.6 7.6034051698e-85
422.61 4.28865145412e-85
422.62 2.41689109974e-85
422.63 1.36087152043e-85
422.64 7.65598160133e-86
422.65 4.30336664316e-86
422.66 2.4167934196e-86
422.67 1.35610845247e-86
422.68 7.60279058959e-87
422.69 4.25868331913e-87
422.7 2.38342437895e-87
422.71 1.33275745455e-87
422.72 7.44602647382e-88
422.73 4.15644218659e-88
422.74 2.31815582048e-88
422.75 1.29177601911e-88
422.76 7.19209679242e-89
422.77 4.00080645029e-89
422.78 2.22363382843e-89
422.79 1.23481732892e-89
422.8 6.85118778389e-90
422.81 3.79798057709e-90
422.82 2.10360076514e-90
422.83 1.16411963188e-90
422.84 6.43658663297e-91
422.85 3.55580009496e-91
422.86 1.96264959e-91
422.87 1.08236044148e-91
422.88 5.96382329209e-92
422.89 3.28323020904e-92
422.9 1.80593292438e-92
422.91 9.92488787373e-93
422.92 5.44970902566e-93
422.93 2.98981786789e-93
422.94 1.63885248418e-93
422.95 8.97550115253e-94
422.96 4.91135427704e-94
422.97 2.68514369005e-94
422.98 1.4667547787e-94
422.99 8.00518190658e-95
423.0 4.36524487256e-95
423.01 2.37831693974e-95
423.02 1.29465651152e-95
423.03 7.04146627001e-96
423.04 3.82644397589e-96
423.05 2.07754924763e-96
423.06 1.12701840439e-96
423.07 6.10849751483e-97
423.08 3.30796958163e-97
423.09 1.78983223581e-97
423.1 9.67579941321e-98
423.11 5.2261888599e-98
423.12 2.82037629435e-98
423.13 1.52073213793e-98
423.14 8.19260667386e-99
423.15 4.40976248306e-99
423.16 2.37154846412e-99
423.17 1.27430246306e-99
423.18 6.84127035663e-100
423.19 3.6696504416e-100
423.2 1.96669200685e-100
423.21 1.05310511241e-100
423.22 5.63418109431e-101
423.23 3.01171308205e-101
423.24 1.60849642995e-101
423.25 8.58322149212e-102
423.26 4.57619213825e-102
423.27 2.43770918724e-102
423.28 1.29742795149e-102
423.29 6.89935224736e-103
423.3 3.66570151844e-103
423.31 1.94594066101e-103
423.32 1.03210955542e-103
423.33 5.46947595342e-104
423.34 2.89593859065e-104
423.35 1.53199268541e-104
423.36 8.09744016845e-105
423.37 4.27624437776e-105
423.38 2.25632158039e-105
423.39 1.18949656077e-105
423.4 6.26540424058e-106
423.41 3.29730191786e-106
423.42 1.73377224465e-106
423.43 9.10854670839e-107
423.44 4.78112222021e-107
423.45 2.50746173533e-107
423.46 1.31390055264e-107
423.47 6.8788270254e-108
423.48 3.59823890455e-108
423.49 1.88056917613e-108
423.5 9.82001937127e-109
423.51 5.12340972209e-109
423.52 2.67072728983e-109
423.53 1.39098905477e-109
423.54 7.23838358057e-110
423.55 3.7634243223e-110
423.56 1.95500779536e-110
423.57 1.01469965339e-110
423.58 5.26199272271e-111
423.59 2.72638188017e-111
423.6 1.41138937212e-111
423.61 7.30013197321e-112
423.62 3.77257856262e-112
423.63 1.94791313544e-112
423.64 1.00490404026e-112
423.65 5.17968454465e-113
423.66 2.66750807085e-113
423.67 1.37256173032e-113
423.68 7.05637645041e-114
423.69 3.62456014371e-114
423.7 1.86016981043e-114
423.71 9.53835726999e-115
423.72 4.88672940784e-115
423.73 2.50142053186e-115
423.74 1.27931897499e-115
423.75 6.5372438493e-116
423.76 3.33759965089e-116
423.77 1.70254072865e-116
423.78 8.67729757575e-117
423.79 4.41870679703e-117
423.8 2.24817229296e-117
423.81 1.14284599288e-117
423.82 5.80456315936e-118
423.83 2.94560891005e-118
423.84 1.49349695361e-118
423.85 7.56584273675e-119
423.86 3.8294287287e-119
423.87 1.93657528429e-119
423.88 9.78494730282e-120
423.89 4.93976524095e-120
423.9 2.49159724003e-120
423.91 1.25566296417e-120
423.92 6.32254663227e-121
423.93 3.18078789526e-121
423.94 1.59882559194e-121
423.95 8.02954959826e-122
423.96 4.02907165694e-122
423.97 2.01995879402e-122
423.98 1.01182112278e-122
423.99 5.06394156257e-123
424.0 2.53219613544e-123
424.01 1.26511414194e-123
424.02 6.31518084569e-124
424.03 3.14967385658e-124
424.04 1.56952808742e-124
424.05 7.81441210821e-125
424.06 3.88729269504e-125
424.07 1.93206568016e-125
424.08 9.59445350181e-126
424.09 4.76038755684e-126
424.1 2.35987007277e-126
424.11 1.16884678492e-126
424.12 5.78429978196e-127
424.13 2.86001105523e-127
424.14 1.41288997378e-127
424.15 6.97385136894e-128
424.16 3.43922622394e-128
424.17 1.69462072127e-128
424.18 8.34272626214e-129
424.19 4.10362047318e-129
424.2 2.01674084576e-129
424.21 9.90277047706e-130
424.22 4.85833037976e-130
424.23 2.38144792161e-130
424.24 1.16632301357e-130
424.25 5.70716349434e-131
424.26 2.79026528278e-131
424.27 1.36299539801e-131
424.28 6.65222600966e-132
424.29 3.24386905643e-132
424.3 1.58045940946e-132
424.31 7.69355548898e-133
424.32 3.74192041898e-133
424.33 1.81838447972e-133
424.34 8.82877801724e-134
424.35 4.28291239769e-134
424.36 2.07587643069e-134
424.37 1.00528109868e-134
424.38 4.8640412409e-135
424.39 2.35142262496e-135
424.4 1.13576334692e-135
424.41 5.48111252655e-136
424.42 2.6428547777e-136
424.43 1.27321455233e-136
424.44 6.12849167313e-137
424.45 2.94733376476e-137
424.46 1.41621356858e-137
424.47 6.79910730059e-138
424.48 3.26136008494e-138
424.49 1.56303722333e-138
424.5 7.48451395292e-139
424.51 3.58081262826e-139
424.52 1.71168286472e-139
424.53 8.17501808658e-140
424.54 3.90101709785e-140
424.55 1.8599047258e-140
424.56 8.85986806141e-141
424.57 4.21684389197e-141
424.58 2.00526376091e-141
424.59 9.5275053095e-142
424.6 4.52283356094e-142
424.61 2.14518980975e-142
424.62 1.01658701228e-142
424.63 4.81334621848e-143
424.64 2.27705414582e-143
424.65 1.07627518455e-143
424.66 5.08272963143e-144
424.67 2.39824972217e-144
424.68 1.13061699553e-144
424.69 5.32549926061e-145
424.7 2.50627579853e-145
424.71 1.1784769829e-145
424.72 5.53652240008e-146
424.73 2.59882317289e-146
424.74 1.2188215161e-146
424.75 5.71119786418e-147
424.76 2.67385599117e-147
424.77 1.2507558203e-147
424.78 5.84562247729e-148
424.79 2.72968610165e-148
424.8 1.27355693557e-148
424.81 5.93673596965e-149
424.82 2.7650361671e-149
424.83 1.28670091736e-149
424.84 5.98243677331e-150
424.85 2.77908824126e-150
424.86 1.28988284983e-150
424.87 5.98166260079e-151
424.88 2.77151523056e-151
424.89 1.28302860448e-151
424.9 5.93443149243e-152
424.91 2.74249355096e-152
424.92 1.26629771097e-152
424.93 5.84184111753e-153
424.94 2.69269629627e-153
424.95 1.24007718478e-153
424.96 5.70602636716e-154
424.97 2.6232672872e-154
424.98 1.20496664534e-154
424.99 5.53007752642e-155
425.0 2.53577739835e-155
425.01 1.1617555235e-155
425.02 5.31792340553e-156
425.03 2.43216549151e-156
425.04 1.11139356822e-156
425.05 5.07418560043e-157
425.06 2.31466705565e-157
425.07 1.05495619029e-157
425.08 4.80401142687e-158
425.09 2.18573421749e-158
425.1 9.93606406582e-159
425.11 4.51289394488e-159
425.12 2.04795110895e-159
425.13 9.28555258704e-160
425.14 4.20648782087e-160
425.15 1.90394864611e-160
425.16 8.61022572902e-161
425.17 3.89042956265e-161
425.18 1.75632259549e-161
425.19 7.92199808585e-162
425.2 3.57016994902e-162
425.21 1.60755840182e-162
425.22 7.2321652611e-163
425.23 3.25082533757e-163
425.24 1.45996566756e-163
425.25 6.55111710207e-164
425.26 2.93705307448e-164
425.27 1.3156244595e-164
425.28 5.88810839127e-165
425.29 2.63295456971e-165
425.3 1.1763448288e-165
425.31 5.25109218066e-166
425.32 2.34200786526e-166
425.33 1.04364012658e-166
425.34 4.64661725526e-167
425.35 2.06702983611e-167
425.36 9.18713932227e-168
425.37 4.0797877728e-168
425.38 1.81016662831e-168
425.39 8.02459732503e-169
425.4 3.55428014726e-169
425.41 1.57290964446e-169
425.42 6.95471932201e-170
425.43 3.0724098733e-170
425.44 1.35613339031e-170
425.45 5.98066365302e-171
425.46 2.63523931382e-171
425.47 1.1601508312e-171
425.48 5.10308218452e-172
425.49 2.2427165209e-172
425.5 9.84781574899e-173
425.51 4.32045174688e-173
425.52 1.89383490285e-173
425.53 8.29428178747e-174
425.54 3.62943621224e-174
425.55 1.58680391278e-174
425.56 6.93156132471e-175
425.57 3.02525919454e-175
425.58 1.31922180718e-175
425.59 5.74773539294e-176
425.6 2.50206981505e-176
425.61 1.08824277704e-176
425.62 4.72907144818e-177
425.63 2.05328706011e-177
425.64 8.90732251431e-178
425.65 3.86072081555e-178
425.66 1.67191167079e-178
425.67 7.23405779448e-179
425.68 3.12733446719e-179
425.69 1.35079797558e-179
425.7 5.82948492209e-180
425.71 2.51358559077e-180
425.72 1.08288137803e-180
425.73 4.66113632624e-181
425.74 2.00459405196e-181
425.75 8.61360162859e-182
425.76 3.69799942622e-182
425.77 1.58625355796e-182
425.78 6.79832764446e-183
425.79 2.91108768012e-183
425.8 1.24546691021e-183
425.81 5.32393584453e-184
425.82 2.27382556872e-184
425.83 9.70298121418e-185
425.84 4.13691833595e-185
425.85 1.76226987675e-185
425.86 7.50052391358e-186
425.87 3.18958731065e-186
425.88 1.35519285177e-186
425.89 5.75296089626e-187
425.9 2.44008780498e-187
425.91 1.03405395325e-187
425.92 4.37829133661e-188
425.93 1.85220830223e-188
425.94 7.82886328199e-189
425.95 3.306216613e-189
425.96 1.39504305434e-189
425.97 5.88122278452e-190
425.98 2.47725870664e-190
425.99 1.0425545989e-190
426.0 4.38379226253e-191
426.01 1.84172522198e-191
426.02 7.73078184563e-192
426.03 3.24224413298e-192
426.04 1.35860034481e-192
426.05 5.68802426496e-193
426.06 2.37933105399e-193
426.07 9.94424962913e-194
426.08 4.15253092325e-194
426.09 1.73251676255e-194
426.1 7.2221370862e-195
426.11 3.00799924319e-195
426.12 1.25173798119e-195
426.13 5.20442614715e-196
426.14 2.16200145849e-196
426.15 8.97351984479e-197
426.16 3.72128887912e-197
426.17 1.54186963284e-197
426.18 6.38301165742e-198
426.19 2.64014228319e-198
426.2 1.09107031534e-198
426.21 4.50507328512e-199
426.22 1.8585518975e-199
426.23 7.66074908016e-200
426.24 3.15494283981e-200
426.25 1.29818164784e-200
426.26 5.33707305852e-201
426.27 2.19227253446e-201
426.28 8.99724714926e-202
426.29 3.68933821612e-202
426.3 1.51150992459e-202
426.31 6.18724407122e-203
426.32 2.53050503498e-203
426.33 1.03404842118e-203
426.34 4.22180586075e-204
426.35 1.72218322063e-204
426.36 7.01914414482e-205
426.37 2.85833206487e-205
426.38 1.16296036539e-205
426.39 4.72760146985e-206
426.4 1.92017369834e-206
426.41 7.79226810614e-207
426.42 3.15944623589e-207
426.43 1.27991687354e-207
426.44 5.18055480183e-208
426.45 2.0950504831e-208
426.46 8.46518444039e-209
426.47 3.41744922062e-209
426.48 1.3784513017e-209
426.49 5.55526138404e-210
426.5 2.2368727593e-210
426.51 8.99915590728e-211
426.52 3.61731212059e-211
426.53 1.45276010105e-211
426.54 5.8294225481e-212
426.55 2.33711929914e-212
426.56 9.36181251388e-213
426.57 3.74681896341e-213
426.58 1.49826692495e-213
426.59 5.98603687129e-214
426.6 2.38953444541e-214
426.61 9.53039532079e-215
426.62 3.79780138285e-215
426.63 1.51208878936e-215
426.64 6.01514431406e-216
426.65 2.39077398563e-216
426.66 9.49411973093e-217
426.67 3.7669911475e-217
426.68 1.49333831269e-217
426.69 5.9148744092e-218
426.7 2.34075823775e-218
426.71 9.25531716131e-219
426.72 3.65636685624e-219
426.73 1.4432179902e-219
426.74 5.69164516097e-220
426.75 2.24268052626e-220
426.76 8.82918709436e-221
426.77 3.47294367704e-221
426.78 1.36489258051e-221
426.79 5.35948325428e-222
426.8 2.10266979535e-222
426.81 8.24219616387e-223
426.82 3.22803718849e-223
426.83 1.26315842978e-223
426.84 4.93856566381e-224
426.85 1.92915691032e-224
426.86 7.52935867097e-225
426.87 2.93610870884e-225
426.88 1.14395776111e-225
426.89 4.45319342821e-226
426.9 1.73203571242e-226
426.91 6.73078685334e-227
426.92 2.61335582495e-227
426.93 1.01380625429e-227
426.94 3.92948014801e-228
426.95 1.5217347019e-228
426.96 5.88798238945e-229
426.97 2.27623854274e-229
426.98 8.79210276786e-230
426.99 3.39305931092e-230
427.0 1.30831963475e-230
427.01 5.04034170047e-231
427.02 1.94012544969e-231
427.03 7.46145214714e-232
427.04 2.86708531312e-232
427.05 1.10073198537e-232
427.06 4.22227260509e-233
427.07 1.61820919643e-233
427.08 6.19650455066e-234
427.09 2.37073271867e-234
427.1 9.06237702853e-235
427.11 3.4611894557e-235
427.12 1.3207856142e-235
427.13 5.03573653943e-236
427.14 1.91830378438e-236
427.15 7.30122074504e-237
427.16 2.77649750237e-237
427.17 1.05492797112e-237
427.18 4.00471893061e-238
427.19 1.51895527448e-238
427.2 5.75627646619e-239
427.21 2.17952580297e-239
427.22 8.24529309277e-240
427.23 3.1165485269e-240
427.24 1.17697002294e-240
427.25 4.44099845645e-241
427.26 1.67424709986e-241
427.27 6.30640998124e-242
427.28 2.37338699887e-242
427.29 8.92439182342e-243
427.3 3.3528367859e-243
427.31 1.25854836087e-243
427.32 4.72009909576e-244
427.33 1.76870758033e-244
427.34 6.62193129176e-245
427.35 2.47706279247e-245
427.36 9.25791254823e-246
427.37 3.45710718482e-246
427.38 1.28984144603e-246
427.39 4.80821106477e-247
427.4 1.79083029118e-247
427.41 6.66421580702e-248
427.42 2.47780648663e-248
427.43 9.2046956065e-249
427.44 3.41645094596e-249
427.45 1.26696512394e-249
427.46 4.69437569174e-250
427.47 1.737859807e-250
427.48 6.42799229086e-251
427.49 2.37552534278e-251
427.5 8.77137545465e-252
427.51 3.2359324482e-252
427.52 1.19276505017e-252
427.53 4.39272560813e-253
427.54 1.61635577461e-253
427.55 5.94242288901e-254
427.56 2.18279958797e-254
427.57 8.01102125273e-255
427.58 2.93755236534e-255
427.59 1.07623487956e-255
427.6 3.93960083848e-256
427.61 1.44085770084e-256
427.62 5.26518548394e-257
427.63 1.92233897419e-257
427.64 7.0124532567e-258
427.65 2.55584022025e-258
427.66 9.30724472653e-259
427.67 3.38635340134e-259
427.68 1.23102575067e-259
427.69 4.47121659446e-260
427.7 1.62258699869e-260
427.71 5.88320508123e-261
427.72 2.13129563732e-261
427.73 7.71431052895e-262
427.74 2.78980758148e-262
427.75 1.00803380349e-262
427.76 3.63914746521e-263
427.77 1.31264692419e-263
427.78 4.73064009778e-264
427.79 1.70339592717e-264
427.8 6.1282293842e-265
427.81 2.2028155511e-265
427.82 7.9112474224e-266
427.83 2.83880468365e-266
427.84 1.01777029556e-266
427.85 3.64575720211e-267
427.86 1.30481645765e-267
427.87 4.66589350042e-268
427.88 1.66703197559e-268
427.89 5.95081913892e-269
427.9 2.12242955475e-269
427.91 7.5633383721e-270
427.92 2.69288302661e-270
427.93 9.57955113284e-271
427.94 3.4048387062e-271
427.95 1.20912622098e-271
427.96 4.29012995437e-272
427.97 1.52087306595e-272
427.98 5.3869035809e-273
427.99 1.90637857388e-273
428.0 6.74066597468e-274
428.01 2.38133325979e-274
428.02 8.40545565465e-275
428.03 2.96432664196e-275
428.04 1.04451472253e-275
428.05 3.67728073738e-276
428.06 1.29348894209e-276
428.07 4.54592604705e-277
428.08 1.59626769626e-277
428.09 5.60031939155e-278
428.1 1.96310522733e-278
428.11 6.87540167388e-279
428.12 2.40589286449e-279
428.13 8.41159211379e-280
428.14 2.93835212071e-280
428.15 1.02554137108e-280
428.16 3.57623659884e-281
428.17 1.2460142653e-281
428.18 4.33754005263e-282
428.19 1.50864721079e-282
428.2 5.24270719151e-283
428.21 1.8203178336e-283
428.22 6.31484299887e-284
428.23 2.18877743937e-284
428.24 7.5799154658e-285
428.25 2.62271338918e-285
428.26 9.06694574509e-286
428.27 3.13180644228e-286
428.28 1.08081788291e-286
428.29 3.72678074472e-287
428.3 1.28392269781e-287
428.31 4.41944387334e-288
428.32 1.51991773107e-288
428.33 5.2227141013e-289
428.34 1.79306542491e-289
428.35 6.1506318448e-290
428.36 2.1079826942e-290
428.37 7.21835209825e-291
428.38 2.46963514016e-291
428.39 8.44211457925e-292
428.4 2.88332369478e-292
428.41 9.83918830239e-293
428.42 3.35466266943e-293
428.43 1.14277873963e-293
428.44 3.88954822816e-294
428.45 1.32269551852e-294
428.46 4.49411639126e-295
428.47 1.52564138884e-295
428.48 5.17468979987e-296
428.49 1.75363777536e-296
428.5 5.93771264143e-297
428.51 2.00873280485e-297
428.52 6.78967334946e-298
428.53 2.29297490759e-298
428.54 7.73701494916e-299
428.55 2.60838252687e-299
428.56 8.78603322152e-300
428.57 2.95691004324e-300
428.58 9.94276319872e-301
428.59 3.34041013355e-301
428.6 1.12128548773e-301
428.61 3.76059290764e-302
428.62 1.26014394353e-302
428.63 4.21898229448e-303
428.64 1.41129876553e-303
428.65 4.71687028267e-304
428.66 1.57511626755e-304
428.67 5.25526975222e-305
428.68 1.75186696044e-305
428.69 5.83486676161e-306
428.7 1.94171049196e-306
428.71 6.45597327158e-307
428.72 2.14468089256e-307
428.73 7.11848138962e-308
428.74 2.36067248367e-308
428.75 7.82182030174e-309
428.76 2.58942682759e-309
428.77 8.56491711584e-310
428.78 2.83052111196e-310
428.79 9.34616286946e-311
428.8 3.08335836554e-311
428.81 1.01633849496e-311
428.82 3.34715989474e-312
428.83 1.10138271308e-312
428.84 3.62096031123e-313
428.85 1.1894138357e-313
428.86 3.90360548902e-314
428.87 1.28003712739e-314
428.88 4.19375374597e-315
428.89 1.3727991337e-315
428.9 4.48988049861e-316
428.91 1.46718974294e-316
428.92 4.79028659097e-317
428.93 1.56264515257e-317
428.94 5.09311029475e-318
428.95 1.65855366981e-318
428.96 5.39633320357e-319
428.97 1.75427888869e-319
428.98 5.69805909349e-320
428.99 1.84928771238e-320
429.0 5.99301628405e-321
429.01 1.94167798816e-321
429.02 6.27463370218e-322
429.03 2.02566914795e-322
429.04 6.42285339594e-323
429.05 1.97626258336e-323
429.06 4.94065645841e-324
429.07 0.0
429.08 0.0
429.09 0.0
429.1 0.0
429.11 0.0
429.12 0.0
429.13 0.0
429.14 0.0
429.15 0.0
429.16 0.0
429.17 0.0
429.18 0.0
429.19 0.0
429.2 0.0
429.21 0.0
429.22 0.0
429.23 0.0
429.24 0.0
429.25 0.0
429.26 0.0
429.27 0.0
429.28 0.0
429.29 0.0
429.3 0.0
429.31 0.0
429.32 0.0
429.33 0.0
429.34 0.0
429.35 0.0
429.36 0.0
429.37 0.0
429.38 0.0
429.39 0.0
429.4 0.0
429.41 0.0
429.42 0.0
429.43 0.0
429.44 0.0
429.45 0.0
429.46 0.0
429.47 0.0
429.48 0.0
429.49 0.0
429.5 0.0
429.51 0.0
429.52 0.0
429.53 0.0
429.54 0.0
429.55 0.0
429.56 0.0
429.57 0.0
429.58 0.0
429.59 0.0
429.6 0.0
429.61 0.0
429.62 0.0
429.63 0.0
429.64 0.0
429.65 0.0
429.66 0.0
429.67 0.0
429.68 0.0
429.69 0.0
429.7 0.0
429.71 0.0
429.72 0.0
429.73 0.0
429.74 0.0
429.75 0.0
429.76 0.0
429.77 0.0
429.78 0.0
429.79 0.0
429.8 0.0
429.81 0.0
429.82 0.0
429.83 0.0
429.84 0.0
429.85 0.0
429.86 0.0
429.87 0.0
429.88 0.0
429.89 0.0
429.9 0.0
429.91 0.0
429.92 0.0
429.93 0.0
429.94 0.0
429.95 0.0
429.96 0.0
429.97 0.0
429.98 0.0
429.99 0.0
